2.04621 1.4382 200 150.015 2.53712e-05
2.04621 1.4382 200 151.017 4.53153e-05
2.04621 1.4382 200 152.02 4.57185e-05
2.04621 1.4382 200 153.022 4.38214e-05
2.04621 1.4382 200 154.025 4.18138e-05
2.04621 1.4382 200 155.027 3.98945e-05
2.04621 1.4382 200 156.03 3.8076e-05
2.04621 1.4382 200 157.032 3.63534e-05
2.04621 1.4382 200 158.035 3.47208e-05
2.04621 1.4382 200 159.037 3.31725e-05
2.04621 1.4382 200 160.04 3.17034e-05
2.04621 1.4382 200 161.042 3.03086e-05
2.04621 1.4382 200 162.045 2.8984e-05
2.04621 1.4382 200 163.047 2.77252e-05
2.04621 1.4382 200 164.05 2.65287e-05
2.04621 1.4382 200 165.052 2.53908e-05
2.04621 1.4382 200 166.054 2.43082e-05
2.04621 1.4382 200 167.057 2.32779e-05
2.04621 1.4382 200 168.059 2.22969e-05
2.04621 1.4382 200 169.062 2.13626e-05
2.04621 1.4382 200 170.064 2.04725e-05
2.04621 1.4382 200 171.067 1.96241e-05
2.04621 1.4382 200 172.069 1.88152e-05
2.04621 1.4382 200 173.072 1.80437e-05
2.04621 1.4382 200 174.074 1.73078e-05
2.04621 1.4382 200 175.077 1.66054e-05
2.04621 1.4382 200 176.079 1.5935e-05
2.04621 1.4382 200 177.082 1.52948e-05
2.04621 1.4382 200 178.084 1.46833e-05
2.04621 1.4382 200 179.087 1.4099e-05
2.04621 1.4382 200 180.089 1.35406e-05
2.04621 1.4382 200 181.092 1.30069e-05
2.04621 1.4382 200 182.094 1.24965e-05
2.04621 1.4382 200 183.096 1.20083e-05
2.04621 1.4382 200 184.099 1.15413e-05
2.04621 1.4382 200 185.101 1.10944e-05
2.04621 1.4382 200 186.104 1.06667e-05
2.04621 1.4382 200 187.106 1.02572e-05
2.04621 1.4382 200 188.109 9.865e-06
2.04621 1.4382 200 189.111 9.48939e-06
2.04621 1.4382 200 190.114 9.12954e-06
2.04621 1.4382 200 191.116 8.78472e-06
2.04621 1.4382 200 192.119 8.45423e-06
2.04621 1.4382 200 193.121 8.13741e-06
2.04621 1.4382 200 194.124 7.83362e-06
2.04621 1.4382 200 195.126 7.54229e-06
2.04621 1.4382 200 196.129 7.26283e-06
2.04621 1.4382 200 197.131 6.99472e-06
2.04621 1.4382 200 198.133 6.73744e-06
2.04621 1.4382 200 199.136 6.49052e-06
2.04621 1.4382 200 200.138 6.25348e-06
2.04621 1.4382 200 201.141 6.0259e-06
2.04621 1.4382 200 202.143 5.80736e-06
2.04621 1.4382 200 203.146 5.59746e-06
2.04621 1.4382 200 204.148 5.39584e-06
2.04621 1.4382 200 205.151 5.20212e-06
2.04621 1.4382 200 206.153 5.01597e-06
2.04621 1.4382 200 207.156 4.83706e-06
2.04621 1.4382 200 208.158 4.66509e-06
2.04621 1.4382 200 209.161 4.49976e-06
2.04621 1.4382 200 210.163 4.34079e-06
2.04621 1.4382 200 211.166 4.18792e-06
2.04621 1.4382 200 212.168 4.04088e-06
2.04621 1.4382 200 213.171 3.89943e-06
2.04621 1.4382 200 214.173 3.76335e-06
2.04621 1.4382 200 215.175 3.63241e-06
2.04621 1.4382 200 216.178 3.50639e-06
2.04621 1.4382 200 217.18 3.3851e-06
2.04621 1.4382 200 218.183 3.26835e-06
2.04621 1.4382 200 219.185 3.15594e-06
2.04621 1.4382 200 220.188 3.04771e-06
2.04621 1.4382 200 221.19 2.94348e-06
2.04621 1.4382 200 222.193 2.84309e-06
2.04621 1.4382 200 223.195 2.7464e-06
2.04621 1.4382 200 224.198 2.65325e-06
2.04621 1.4382 200 225.2 2.5635e-06
2.04621 1.4382 200 226.203 2.47702e-06
2.04621 1.4382 200 227.205 2.39367e-06
2.04621 1.4382 200 228.208 2.31335e-06
2.04621 1.4382 200 229.21 2.23592e-06
2.04621 1.4382 200 230.212 2.16128e-06
2.04621 1.4382 200 231.215 2.08931e-06
2.04621 1.4382 200 232.217 2.01991e-06
2.04621 1.4382 200 233.22 1.95299e-06
2.04621 1.4382 200 234.222 1.88845e-06
2.04621 1.4382 200 235.225 1.8262e-06
2.04621 1.4382 200 236.227 1.76614e-06
2.04621 1.4382 200 237.23 1.7082e-06
2.04621 1.4382 200 238.232 1.6523e-06
2.04621 1.4382 200 239.235 1.59836e-06
2.04621 1.4382 200 240.237 1.5463e-06
2.04621 1.4382 200 241.24 1.49606e-06
2.04621 1.4382 200 242.242 1.44756e-06
2.04621 1.4382 200 243.245 1.40075e-06
2.04621 1.4382 200 244.247 1.35555e-06
2.04621 1.4382 200 245.25 1.31192e-06
2.04621 1.4382 200 246.252 1.26978e-06
2.04621 1.4382 200 247.254 1.22909e-06
2.04621 1.4382 200 248.257 1.18979e-06
2.04621 1.4382 200 249.259 1.15183e-06
2.04621 1.4382 200 250.262 1.11517e-06
2.04621 1.4382 200 251.264 1.07975e-06
2.04621 1.4382 200 252.267 1.04553e-06
2.04621 1.4382 200 253.269 1.01247e-06
2.04621 1.4382 200 254.272 9.80523e-07
2.04621 1.4382 200 255.274 9.49649e-07
2.04621 1.4382 200 256.277 9.19812e-07
2.04621 1.4382 200 257.279 8.90973e-07
2.04621 1.4382 200 258.282 8.63098e-07
2.04621 1.4382 200 259.284 8.36151e-07
2.04621 1.4382 200 260.287 8.10099e-07
2.04621 1.4382 200 261.289 7.84912e-07
2.04621 1.4382 200 262.291 7.60557e-07
2.04621 1.4382 200 263.294 7.37007e-07
2.04621 1.4382 200 264.296 7.14232e-07
2.04621 1.4382 200 265.299 6.92205e-07
2.04621 1.4382 200 266.301 6.70901e-07
2.04621 1.4382 200 267.304 6.50293e-07
2.04621 1.4382 200 268.306 6.30358e-07
2.04621 1.4382 200 269.309 6.11073e-07
2.04621 1.4382 200 270.311 5.92414e-07
2.04621 1.4382 200 271.314 5.74359e-07
2.04621 1.4382 200 272.316 5.56889e-07
2.04621 1.4382 200 273.319 5.39984e-07
2.04621 1.4382 200 274.321 5.23622e-07
2.04621 1.4382 200 275.324 5.07787e-07
2.04621 1.4382 200 276.326 4.9246e-07
2.04621 1.4382 200 277.329 4.77623e-07
2.04621 1.4382 200 278.331 4.6326e-07
2.04621 1.4382 200 279.333 4.49355e-07
2.04621 1.4382 200 280.336 4.35893e-07
2.04621 1.4382 200 281.338 4.22858e-07
2.04621 1.4382 200 282.341 4.10236e-07
2.04621 1.4382 200 283.343 3.98013e-07
2.04621 1.4382 200 284.346 3.86175e-07
2.04621 1.4382 200 285.348 3.74711e-07
2.04621 1.4382 200 286.351 3.63607e-07
2.04621 1.4382 200 287.353 3.52851e-07
2.04621 1.4382 200 288.356 3.42431e-07
2.04621 1.4382 200 289.358 3.32338e-07
2.04621 1.4382 200 290.361 3.22559e-07
2.04621 1.4382 200 291.363 3.13084e-07
2.04621 1.4382 200 292.366 3.03904e-07
2.04621 1.4382 200 293.368 2.95008e-07
2.04621 1.4382 200 294.37 2.86387e-07
2.04621 1.4382 200 295.373 2.78033e-07
2.04621 1.4382 200 296.375 2.69936e-07
2.04621 1.4382 200 297.378 2.62088e-07
2.04621 1.4382 200 298.38 2.54481e-07
2.04621 1.4382 200 299.383 2.47108e-07
2.04621 1.4382 200 300.385 2.3996e-07
2.04621 1.4382 200 301.388 2.3303e-07
2.04621 1.4382 200 302.39 2.26311e-07
2.04621 1.4382 200 303.393 2.19797e-07
2.04621 1.4382 200 304.395 2.13481e-07
2.04621 1.4382 200 305.398 2.07356e-07
2.04621 1.4382 200 306.4 2.01416e-07
2.04621 1.4382 200 307.403 1.95656e-07
2.04621 1.4382 200 308.405 1.9007e-07
2.04621 1.4382 200 309.408 1.84651e-07
2.04621 1.4382 200 310.41 1.79396e-07
2.04621 1.4382 200 311.412 1.74298e-07
2.04621 1.4382 200 312.415 1.69352e-07
2.04621 1.4382 200 313.417 1.64555e-07
2.04621 1.4382 200 314.42 1.599e-07
2.04621 1.4382 200 315.422 1.55384e-07
2.04621 1.4382 200 316.425 1.51002e-07
2.04621 1.4382 200 317.427 1.46751e-07
2.04621 1.4382 200 318.43 1.42625e-07
2.04621 1.4382 200 319.432 1.38622e-07
2.04621 1.4382 200 320.435 1.34736e-07
2.04621 1.4382 200 321.437 1.30965e-07
2.04621 1.4382 200 322.44 1.27305e-07
2.04621 1.4382 200 323.442 1.23753e-07
2.04621 1.4382 200 324.445 1.20304e-07
2.04621 1.4382 200 325.447 1.16957e-07
2.04621 1.4382 200 326.449 1.13708e-07
2.04621 1.4382 200 327.452 1.10553e-07
2.04621 1.4382 200 328.454 1.0749e-07
2.04621 1.4382 200 329.457 1.04517e-07
2.04621 1.4382 200 330.459 1.01629e-07
2.04621 1.4382 200 331.462 9.88259e-08
2.04621 1.4382 200 332.464 9.61035e-08
2.04621 1.4382 200 333.467 9.34598e-08
2.04621 1.4382 200 334.469 9.08923e-08
2.04621 1.4382 200 335.472 8.83988e-08
2.04621 1.4382 200 336.474 8.59771e-08
2.04621 1.4382 200 337.477 8.36249e-08
2.04621 1.4382 200 338.479 8.13401e-08
2.04621 1.4382 200 339.482 7.91208e-08
2.04621 1.4382 200 340.484 7.69649e-08
2.04621 1.4382 200 341.487 7.48706e-08
2.04621 1.4382 200 342.489 7.28359e-08
2.04621 1.4382 200 343.491 7.08591e-08
2.04621 1.4382 200 344.494 6.89385e-08
2.04621 1.4382 200 345.496 6.70724e-08
2.04621 1.4382 200 346.499 6.52591e-08
2.04621 1.4382 200 347.501 6.34971e-08
2.04621 1.4382 200 348.504 6.17849e-08
2.04621 1.4382 200 349.506 6.0121e-08
2.04621 1.4382 200 350.509 5.85039e-08
2.04621 1.4382 200 351.511 5.69324e-08
2.04621 1.4382 200 352.514 5.54049e-08
2.04621 1.4382 200 353.516 5.39202e-08
2.04621 1.4382 200 354.519 5.24772e-08
2.04621 1.4382 200 355.521 5.10744e-08
2.04621 1.4382 200 356.524 4.97109e-08
2.04621 1.4382 200 357.526 4.83853e-08
2.04621 1.4382 200 358.528 4.70966e-08
2.04621 1.4382 200 359.531 4.58438e-08
2.04621 1.4382 200 360.533 4.46257e-08
2.04621 1.4382 200 361.536 4.34415e-08
2.04621 1.4382 200 362.538 4.22899e-08
2.04621 1.4382 200 363.541 4.11703e-08
2.04621 1.4382 200 364.543 4.00815e-08
2.04621 1.4382 200 365.546 3.90228e-08
2.04621 1.4382 200 366.548 3.79932e-08
2.04621 1.4382 200 367.551 3.69919e-08
2.04621 1.4382 200 368.553 3.60181e-08
2.04621 1.4382 200 369.556 3.5071e-08
2.04621 1.4382 200 370.558 3.41499e-08
2.04621 1.4382 200 371.561 3.32539e-08
2.04621 1.4382 200 372.563 3.23824e-08
2.04621 1.4382 200 373.566 3.15347e-08
2.04621 1.4382 200 374.568 3.07101e-08
2.04621 1.4382 200 375.57 2.99079e-08
2.04621 1.4382 200 376.573 2.91275e-08
2.04621 1.4382 200 377.575 2.83683e-08
2.04621 1.4382 200 378.578 2.76297e-08
2.04621 1.4382 200 379.58 2.69111e-08
2.04621 1.4382 200 380.583 2.62119e-08
2.04621 1.4382 200 381.585 2.55316e-08
2.04621 1.4382 200 382.588 2.48696e-08
2.04621 1.4382 200 383.59 2.42254e-08
2.04621 1.4382 200 384.593 2.35986e-08
2.04621 1.4382 200 385.595 2.29886e-08
2.04621 1.4382 200 386.598 2.2395e-08
2.04621 1.4382 200 387.6 2.18173e-08
2.04621 1.4382 200 388.603 2.12551e-08
2.04621 1.4382 200 389.605 2.07079e-08
2.04621 1.4382 200 390.607 2.01753e-08
2.04621 1.4382 200 391.61 1.9657e-08
2.04621 1.4382 200 392.612 1.91524e-08
2.04621 1.4382 200 393.615 1.86613e-08
2.04621 1.4382 200 394.617 1.81832e-08
2.04621 1.4382 200 395.62 1.77178e-08
2.04621 1.4382 200 396.622 1.72648e-08
2.04621 1.4382 200 397.625 1.68237e-08
2.04621 1.4382 200 398.627 1.63944e-08
2.04621 1.4382 200 399.63 1.59764e-08
2.04621 1.4382 200 400.632 1.55694e-08
2.04621 1.4382 200 401.635 1.51731e-08
2.04621 1.4382 200 402.637 1.47873e-08
2.04621 1.4382 200 403.64 1.44117e-08
2.04621 1.4382 200 404.642 1.40459e-08
2.04621 1.4382 200 405.645 1.36897e-08
2.04621 1.4382 200 406.647 1.33429e-08
2.04621 1.4382 200 407.649 1.30051e-08
2.04621 1.4382 200 408.652 1.26762e-08
2.04621 1.4382 200 409.654 1.23559e-08
2.04621 1.4382 200 410.657 1.2044e-08
2.04621 1.4382 200 411.659 1.17402e-08
2.04621 1.4382 200 412.662 1.14443e-08
2.04621 1.4382 200 413.664 1.11561e-08
2.04621 1.4382 200 414.667 1.08754e-08
2.04621 1.4382 200 415.669 1.0602e-08
2.04621 1.4382 200 416.672 1.03357e-08
2.04621 1.4382 200 417.674 1.00764e-08
2.04621 1.4382 200 418.677 9.82368e-09
2.04621 1.4382 200 419.679 9.57755e-09
2.04621 1.4382 200 420.682 9.33778e-09
2.04621 1.4382 200 421.684 9.1042e-09
2.04621 1.4382 200 422.686 8.87664e-09
2.04621 1.4382 200 423.689 8.65496e-09
2.04621 1.4382 200 424.691 8.43898e-09
2.04621 1.4382 200 425.694 8.22855e-09
2.04621 1.4382 200 426.696 8.02354e-09
2.04621 1.4382 200 427.699 7.82379e-09
2.04621 1.4382 200 428.701 7.62916e-09
2.04621 1.4382 200 429.704 7.43952e-09
2.04621 1.4382 200 430.706 7.25474e-09
2.04621 1.4382 200 431.709 7.07468e-09
2.04621 1.4382 200 432.711 6.89923e-09
2.04621 1.4382 200 433.714 6.72825e-09
2.04621 1.4382 200 434.716 6.56164e-09
2.04621 1.4382 200 435.719 6.39927e-09
2.04621 1.4382 200 436.721 6.24104e-09
2.04621 1.4382 200 437.724 6.08683e-09
2.04621 1.4382 200 438.726 5.93654e-09
2.04621 1.4382 200 439.728 5.79007e-09
2.04621 1.4382 200 440.731 5.64731e-09
2.04621 1.4382 200 441.733 5.50818e-09
2.04621 1.4382 200 442.736 5.37256e-09
2.04621 1.4382 200 443.738 5.24038e-09
2.04621 1.4382 200 444.741 5.11155e-09
2.04621 1.4382 200 445.743 4.98596e-09
2.04621 1.4382 200 446.746 4.86355e-09
2.04621 1.4382 200 447.748 4.74422e-09
2.04621 1.4382 200 448.751 4.6279e-09
2.04621 1.4382 200 449.753 4.51451e-09
2.04621 1.4382 200 450.756 4.40397e-09
2.04621 1.4382 200 451.758 4.29621e-09
2.04621 1.4382 200 452.761 4.19116e-09
2.04621 1.4382 200 453.763 4.08875e-09
2.04621 1.4382 200 454.765 3.9889e-09
2.04621 1.4382 200 455.768 3.89155e-09
2.04621 1.4382 200 456.77 3.79664e-09
2.04621 1.4382 200 457.773 3.70411e-09
2.04621 1.4382 200 458.775 3.61388e-09
2.04621 1.4382 200 459.778 3.52591e-09
2.04621 1.4382 200 460.78 3.44014e-09
2.04621 1.4382 200 461.783 3.35651e-09
2.04621 1.4382 200 462.785 3.27496e-09
2.04621 1.4382 200 463.788 3.19544e-09
2.04621 1.4382 200 464.79 3.11789e-09
2.04621 1.4382 200 465.793 3.04228e-09
2.04621 1.4382 200 466.795 2.96855e-09
2.04621 1.4382 200 467.798 2.89664e-09
2.04621 1.4382 200 468.8 2.82652e-09
2.04621 1.4382 200 469.803 2.75814e-09
2.04621 1.4382 200 470.805 2.69145e-09
2.04621 1.4382 200 471.807 2.62641e-09
2.04621 1.4382 200 472.81 2.56298e-09
2.04621 1.4382 200 473.812 2.50112e-09
2.04621 1.4382 200 474.815 2.44078e-09
2.04621 1.4382 200 475.817 2.38194e-09
2.04621 1.4382 200 476.82 2.32455e-09
2.04621 1.4382 200 477.822 2.26857e-09
2.04621 1.4382 200 478.825 2.21397e-09
2.04621 1.4382 200 479.827 2.16071e-09
2.04621 1.4382 200 480.83 2.10877e-09
2.04621 1.4382 200 481.832 2.0581e-09
2.04621 1.4382 200 482.835 2.00867e-09
2.04621 1.4382 200 483.837 1.96046e-09
2.04621 1.4382 200 484.84 1.91343e-09
2.04621 1.4382 200 485.842 1.86755e-09
2.04621 1.4382 200 486.844 1.8228e-09
2.04621 1.4382 200 487.847 1.77914e-09
2.04621 1.4382 200 488.849 1.73655e-09
2.04621 1.4382 200 489.852 1.69501e-09
2.04621 1.4382 200 490.854 1.65447e-09
2.04621 1.4382 200 491.857 1.61493e-09
2.04621 1.4382 200 492.859 1.57635e-09
2.04621 1.4382 200 493.862 1.53872e-09
2.04621 1.4382 200 494.864 1.502e-09
2.04621 1.4382 200 495.867 1.46617e-09
2.04621 1.4382 200 496.869 1.43122e-09
2.04621 1.4382 200 497.872 1.39712e-09
2.04621 1.4382 200 498.874 1.36384e-09
2.04621 1.4382 200 499.877 1.33138e-09
2.04621 1.4382 200 500.879 1.2997e-09
2.04621 1.4382 200 501.882 1.26879e-09
2.04621 1.4382 200 502.884 1.23863e-09
2.04621 1.4382 200 503.886 1.2092e-09
2.04621 1.4382 200 504.889 1.18049e-09
2.04621 1.4382 200 505.891 1.15247e-09
2.04621 1.4382 200 506.894 1.12513e-09
2.04621 1.4382 200 507.896 1.09845e-09
2.04621 1.4382 200 508.899 1.07241e-09
2.04621 1.4382 200 509.901 1.047e-09
2.04621 1.4382 200 510.904 1.02221e-09
2.04621 1.4382 200 511.906 9.98014e-10
2.04621 1.4382 200 512.909 9.74402e-10
2.04621 1.4382 200 513.911 9.51359e-10
2.04621 1.4382 200 514.914 9.28871e-10
2.04621 1.4382 200 515.916 9.06924e-10
2.04621 1.4382 200 516.919 8.85506e-10
2.04621 1.4382 200 517.921 8.64602e-10
2.04621 1.4382 200 518.923 8.44201e-10
2.04621 1.4382 200 519.926 8.2429e-10
2.04621 1.4382 200 520.928 8.04857e-10
2.04621 1.4382 200 521.931 7.8589e-10
2.04621 1.4382 200 522.933 7.67378e-10
2.04621 1.4382 200 523.936 7.4931e-10
2.04621 1.4382 200 524.938 7.31674e-10
2.04621 1.4382 200 525.941 7.14461e-10
2.04621 1.4382 200 526.943 6.9766e-10
2.04621 1.4382 200 527.946 6.81261e-10
2.04621 1.4382 200 528.948 6.65254e-10
2.04621 1.4382 200 529.951 6.49629e-10
2.04621 1.4382 200 530.953 6.34378e-10
2.04621 1.4382 200 531.956 6.1949e-10
2.04621 1.4382 200 532.958 6.04958e-10
2.04621 1.4382 200 533.961 5.90773e-10
2.04621 1.4382 200 534.963 5.76925e-10
2.04621 1.4382 200 535.965 5.63408e-10
2.04621 1.4382 200 536.968 5.50212e-10
2.04621 1.4382 200 537.97 5.3733e-10
2.04621 1.4382 200 538.973 5.24755e-10
2.04621 1.4382 200 539.975 5.12479e-10
2.04621 1.4382 200 540.978 5.00495e-10
2.04621 1.4382 200 541.98 4.88796e-10
2.04621 1.4382 200 542.983 4.77374e-10
2.04621 1.4382 200 543.985 4.66223e-10
2.04621 1.4382 200 544.988 4.55337e-10
2.04621 1.4382 200 545.99 4.44709e-10
2.04621 1.4382 200 546.993 4.34333e-10
2.04621 1.4382 200 547.995 4.24203e-10
2.04621 1.4382 200 548.998 4.14312e-10
2.04621 1.4382 200 550 4.04656e-10
