2.24014 1.4382 0 150.015 8.91702e-06
2.24014 1.4382 0 151.017 1.5899e-05
2.24014 1.4382 0 152.02 1.593e-05
2.24014 1.4382 0 153.022 1.51258e-05
2.24014 1.4382 0 154.025 1.43249e-05
2.24014 1.4382 0 155.027 1.35748e-05
2.24014 1.4382 0 156.03 1.28731e-05
2.24014 1.4382 0 157.032 1.22152e-05
2.24014 1.4382 0 158.035 1.15977e-05
2.24014 1.4382 0 159.037 1.10172e-05
2.24014 1.4382 0 160.04 1.04712e-05
2.24014 1.4382 0 161.042 9.95721e-06
2.24014 1.4382 0 162.045 9.47294e-06
2.24014 1.4382 0 163.047 9.01643e-06
2.24014 1.4382 0 164.05 8.58582e-06
2.24014 1.4382 0 165.052 8.17942e-06
2.24014 1.4382 0 166.054 7.79566e-06
2.24014 1.4382 0 167.057 7.43309e-06
2.24014 1.4382 0 168.059 7.09038e-06
2.24014 1.4382 0 169.062 6.76626e-06
2.24014 1.4382 0 170.064 6.4596e-06
2.24014 1.4382 0 171.067 6.16931e-06
2.24014 1.4382 0 172.069 5.89438e-06
2.24014 1.4382 0 173.072 5.6339e-06
2.24014 1.4382 0 174.074 5.38698e-06
2.24014 1.4382 0 175.077 5.15281e-06
2.24014 1.4382 0 176.079 4.93064e-06
2.24014 1.4382 0 177.082 4.71977e-06
2.24014 1.4382 0 178.084 4.51952e-06
2.24014 1.4382 0 179.087 4.32929e-06
2.24014 1.4382 0 180.089 4.14849e-06
2.24014 1.4382 0 181.092 3.97659e-06
2.24014 1.4382 0 182.094 3.81308e-06
2.24014 1.4382 0 183.096 3.65749e-06
2.24014 1.4382 0 184.099 3.50938e-06
2.24014 1.4382 0 185.101 3.36832e-06
2.24014 1.4382 0 186.104 3.23393e-06
2.24014 1.4382 0 187.106 3.10584e-06
2.24014 1.4382 0 188.109 2.98371e-06
2.24014 1.4382 0 189.111 2.86722e-06
2.24014 1.4382 0 190.114 2.75607e-06
2.24014 1.4382 0 191.116 2.64997e-06
2.24014 1.4382 0 192.119 2.54866e-06
2.24014 1.4382 0 193.121 2.45188e-06
2.24014 1.4382 0 194.124 2.35939e-06
2.24014 1.4382 0 195.126 2.27099e-06
2.24014 1.4382 0 196.129 2.18645e-06
2.24014 1.4382 0 197.131 2.10558e-06
2.24014 1.4382 0 198.133 2.02819e-06
2.24014 1.4382 0 199.136 1.95412e-06
2.24014 1.4382 0 200.138 1.88319e-06
2.24014 1.4382 0 201.141 1.81525e-06
2.24014 1.4382 0 202.143 1.75015e-06
2.24014 1.4382 0 203.146 1.68775e-06
2.24014 1.4382 0 204.148 1.62793e-06
2.24014 1.4382 0 205.151 1.57056e-06
2.24014 1.4382 0 206.153 1.51552e-06
2.24014 1.4382 0 207.156 1.46271e-06
2.24014 1.4382 0 208.158 1.41201e-06
2.24014 1.4382 0 209.161 1.36334e-06
2.24014 1.4382 0 210.163 1.31659e-06
2.24014 1.4382 0 211.166 1.27167e-06
2.24014 1.4382 0 212.168 1.22851e-06
2.24014 1.4382 0 213.171 1.18703e-06
2.24014 1.4382 0 214.173 1.14715e-06
2.24014 1.4382 0 215.175 1.10879e-06
2.24014 1.4382 0 216.178 1.07189e-06
2.24014 1.4382 0 217.18 1.03639e-06
2.24014 1.4382 0 218.183 1.00223e-06
2.24014 1.4382 0 219.185 9.69338e-07
2.24014 1.4382 0 220.188 9.37672e-07
2.24014 1.4382 0 221.19 9.07174e-07
2.24014 1.4382 0 222.193 8.77797e-07
2.24014 1.4382 0 223.195 8.49493e-07
2.24014 1.4382 0 224.198 8.22216e-07
2.24014 1.4382 0 225.2 7.95923e-07
2.24014 1.4382 0 226.203 7.70575e-07
2.24014 1.4382 0 227.205 7.46132e-07
2.24014 1.4382 0 228.208 7.22557e-07
2.24014 1.4382 0 229.21 6.99815e-07
2.24014 1.4382 0 230.212 6.77872e-07
2.24014 1.4382 0 231.215 6.56696e-07
2.24014 1.4382 0 232.217 6.36258e-07
2.24014 1.4382 0 233.22 6.16526e-07
2.24014 1.4382 0 234.222 5.97475e-07
2.24014 1.4382 0 235.225 5.79076e-07
2.24014 1.4382 0 236.227 5.61305e-07
2.24014 1.4382 0 237.23 5.44138e-07
2.24014 1.4382 0 238.232 5.27551e-07
2.24014 1.4382 0 239.235 5.11521e-07
2.24014 1.4382 0 240.237 4.96029e-07
2.24014 1.4382 0 241.24 4.81053e-07
2.24014 1.4382 0 242.242 4.66575e-07
2.24014 1.4382 0 243.245 4.52575e-07
2.24014 1.4382 0 244.247 4.39036e-07
2.24014 1.4382 0 245.25 4.2594e-07
2.24014 1.4382 0 246.252 4.13273e-07
2.24014 1.4382 0 247.254 4.01017e-07
2.24014 1.4382 0 248.257 3.89157e-07
2.24014 1.4382 0 249.259 3.77681e-07
2.24014 1.4382 0 250.262 3.66573e-07
2.24014 1.4382 0 251.264 3.5582e-07
2.24014 1.4382 0 252.267 3.45411e-07
2.24014 1.4382 0 253.269 3.35332e-07
2.24014 1.4382 0 254.272 3.25572e-07
2.24014 1.4382 0 255.274 3.1612e-07
2.24014 1.4382 0 256.277 3.06965e-07
2.24014 1.4382 0 257.279 2.98097e-07
2.24014 1.4382 0 258.282 2.89505e-07
2.24014 1.4382 0 259.284 2.81181e-07
2.24014 1.4382 0 260.287 2.73115e-07
2.24014 1.4382 0 261.289 2.65297e-07
2.24014 1.4382 0 262.291 2.57721e-07
2.24014 1.4382 0 263.294 2.50377e-07
2.24014 1.4382 0 264.296 2.43258e-07
2.24014 1.4382 0 265.299 2.36357e-07
2.24014 1.4382 0 266.301 2.29665e-07
2.24014 1.4382 0 267.304 2.23176e-07
2.24014 1.4382 0 268.306 2.16883e-07
2.24014 1.4382 0 269.309 2.1078e-07
2.24014 1.4382 0 270.311 2.0486e-07
2.24014 1.4382 0 271.314 1.99118e-07
2.24014 1.4382 0 272.316 1.93547e-07
2.24014 1.4382 0 273.319 1.88143e-07
2.24014 1.4382 0 274.321 1.82899e-07
2.24014 1.4382 0 275.324 1.77811e-07
2.24014 1.4382 0 276.326 1.72873e-07
2.24014 1.4382 0 277.329 1.6808e-07
2.24014 1.4382 0 278.331 1.63429e-07
2.24014 1.4382 0 279.333 1.58914e-07
2.24014 1.4382 0 280.336 1.54531e-07
2.24014 1.4382 0 281.338 1.50277e-07
2.24014 1.4382 0 282.341 1.46146e-07
2.24014 1.4382 0 283.343 1.42135e-07
2.24014 1.4382 0 284.346 1.38241e-07
2.24014 1.4382 0 285.348 1.34459e-07
2.24014 1.4382 0 286.351 1.30786e-07
2.24014 1.4382 0 287.353 1.27219e-07
2.24014 1.4382 0 288.356 1.23754e-07
2.24014 1.4382 0 289.358 1.20389e-07
2.24014 1.4382 0 290.361 1.1712e-07
2.24014 1.4382 0 291.363 1.13945e-07
2.24014 1.4382 0 292.366 1.1086e-07
2.24014 1.4382 0 293.368 1.07862e-07
2.24014 1.4382 0 294.37 1.0495e-07
2.24014 1.4382 0 295.373 1.0212e-07
2.24014 1.4382 0 296.375 9.937e-08
2.24014 1.4382 0 297.378 9.66976e-08
2.24014 1.4382 0 298.38 9.41004e-08
2.24014 1.4382 0 299.383 9.15761e-08
2.24014 1.4382 0 300.385 8.91227e-08
2.24014 1.4382 0 301.388 8.67379e-08
2.24014 1.4382 0 302.39 8.44198e-08
2.24014 1.4382 0 303.393 8.21663e-08
2.24014 1.4382 0 304.395 7.99756e-08
2.24014 1.4382 0 305.398 7.78458e-08
2.24014 1.4382 0 306.4 7.5775e-08
2.24014 1.4382 0 307.403 7.37616e-08
2.24014 1.4382 0 308.405 7.18039e-08
2.24014 1.4382 0 309.408 6.99003e-08
2.24014 1.4382 0 310.41 6.80491e-08
2.24014 1.4382 0 311.412 6.62488e-08
2.24014 1.4382 0 312.415 6.44981e-08
2.24014 1.4382 0 313.417 6.27953e-08
2.24014 1.4382 0 314.42 6.11392e-08
2.24014 1.4382 0 315.422 5.95284e-08
2.24014 1.4382 0 316.425 5.79616e-08
2.24014 1.4382 0 317.427 5.64375e-08
2.24014 1.4382 0 318.43 5.49549e-08
2.24014 1.4382 0 319.432 5.35127e-08
2.24014 1.4382 0 320.435 5.21096e-08
2.24014 1.4382 0 321.437 5.07445e-08
2.24014 1.4382 0 322.44 4.94164e-08
2.24014 1.4382 0 323.442 4.81243e-08
2.24014 1.4382 0 324.445 4.6867e-08
2.24014 1.4382 0 325.447 4.56437e-08
2.24014 1.4382 0 326.449 4.44533e-08
2.24014 1.4382 0 327.452 4.32949e-08
2.24014 1.4382 0 328.454 4.21676e-08
2.24014 1.4382 0 329.457 4.10707e-08
2.24014 1.4382 0 330.459 4.00031e-08
2.24014 1.4382 0 331.462 3.89641e-08
2.24014 1.4382 0 332.464 3.79528e-08
2.24014 1.4382 0 333.467 3.69686e-08
2.24014 1.4382 0 334.469 3.60107e-08
2.24014 1.4382 0 335.472 3.50783e-08
2.24014 1.4382 0 336.474 3.41707e-08
2.24014 1.4382 0 337.477 3.32872e-08
2.24014 1.4382 0 338.479 3.24272e-08
2.24014 1.4382 0 339.482 3.159e-08
2.24014 1.4382 0 340.484 3.0775e-08
2.24014 1.4382 0 341.487 2.99816e-08
2.24014 1.4382 0 342.489 2.92091e-08
2.24014 1.4382 0 343.491 2.84571e-08
2.24014 1.4382 0 344.494 2.77249e-08
2.24014 1.4382 0 345.496 2.70121e-08
2.24014 1.4382 0 346.499 2.6318e-08
2.24014 1.4382 0 347.501 2.56422e-08
2.24014 1.4382 0 348.504 2.49841e-08
2.24014 1.4382 0 349.506 2.43434e-08
2.24014 1.4382 0 350.509 2.37194e-08
2.24014 1.4382 0 351.511 2.31118e-08
2.24014 1.4382 0 352.514 2.25202e-08
2.24014 1.4382 0 353.516 2.1944e-08
2.24014 1.4382 0 354.519 2.13829e-08
2.24014 1.4382 0 355.521 2.08364e-08
2.24014 1.4382 0 356.524 2.03042e-08
2.24014 1.4382 0 357.526 1.97859e-08
2.24014 1.4382 0 358.528 1.92812e-08
2.24014 1.4382 0 359.531 1.87895e-08
2.24014 1.4382 0 360.533 1.83107e-08
2.24014 1.4382 0 361.536 1.78443e-08
2.24014 1.4382 0 362.538 1.739e-08
2.24014 1.4382 0 363.541 1.69475e-08
2.24014 1.4382 0 364.543 1.65165e-08
2.24014 1.4382 0 365.546 1.60966e-08
2.24014 1.4382 0 366.548 1.56877e-08
2.24014 1.4382 0 367.551 1.52893e-08
2.24014 1.4382 0 368.553 1.49012e-08
2.24014 1.4382 0 369.556 1.45232e-08
2.24014 1.4382 0 370.558 1.41549e-08
2.24014 1.4382 0 371.561 1.37961e-08
2.24014 1.4382 0 372.563 1.34466e-08
2.24014 1.4382 0 373.566 1.31061e-08
2.24014 1.4382 0 374.568 1.27743e-08
2.24014 1.4382 0 375.57 1.24511e-08
2.24014 1.4382 0 376.573 1.21363e-08
2.24014 1.4382 0 377.575 1.18295e-08
2.24014 1.4382 0 378.578 1.15306e-08
2.24014 1.4382 0 379.58 1.12393e-08
2.24014 1.4382 0 380.583 1.09556e-08
2.24014 1.4382 0 381.585 1.06791e-08
2.24014 1.4382 0 382.588 1.04097e-08
2.24014 1.4382 0 383.59 1.01472e-08
2.24014 1.4382 0 384.593 9.8914e-09
2.24014 1.4382 0 385.595 9.64217e-09
2.24014 1.4382 0 386.598 9.39931e-09
2.24014 1.4382 0 387.6 9.16265e-09
2.24014 1.4382 0 388.603 8.93204e-09
2.24014 1.4382 0 389.605 8.70732e-09
2.24014 1.4382 0 390.607 8.48833e-09
2.24014 1.4382 0 391.61 8.27493e-09
2.24014 1.4382 0 392.612 8.06696e-09
2.24014 1.4382 0 393.615 7.8643e-09
2.24014 1.4382 0 394.617 7.66679e-09
2.24014 1.4382 0 395.62 7.47431e-09
2.24014 1.4382 0 396.622 7.28672e-09
2.24014 1.4382 0 397.625 7.10391e-09
2.24014 1.4382 0 398.627 6.92574e-09
2.24014 1.4382 0 399.63 6.75209e-09
2.24014 1.4382 0 400.632 6.58286e-09
2.24014 1.4382 0 401.635 6.41792e-09
2.24014 1.4382 0 402.637 6.25716e-09
2.24014 1.4382 0 403.64 6.10047e-09
2.24014 1.4382 0 404.642 5.94776e-09
2.24014 1.4382 0 405.645 5.79892e-09
2.24014 1.4382 0 406.647 5.65384e-09
2.24014 1.4382 0 407.649 5.51244e-09
2.24014 1.4382 0 408.652 5.37461e-09
2.24014 1.4382 0 409.654 5.24027e-09
2.24014 1.4382 0 410.657 5.10932e-09
2.24014 1.4382 0 411.659 4.98168e-09
2.24014 1.4382 0 412.662 4.85727e-09
2.24014 1.4382 0 413.664 4.73599e-09
2.24014 1.4382 0 414.667 4.61778e-09
2.24014 1.4382 0 415.669 4.50255e-09
2.24014 1.4382 0 416.672 4.39022e-09
2.24014 1.4382 0 417.674 4.28073e-09
2.24014 1.4382 0 418.677 4.17399e-09
2.24014 1.4382 0 419.679 4.06994e-09
2.24014 1.4382 0 420.682 3.96851e-09
2.24014 1.4382 0 421.684 3.86964e-09
2.24014 1.4382 0 422.686 3.77325e-09
2.24014 1.4382 0 423.689 3.67928e-09
2.24014 1.4382 0 424.691 3.58768e-09
2.24014 1.4382 0 425.694 3.49838e-09
2.24014 1.4382 0 426.696 3.41133e-09
2.24014 1.4382 0 427.699 3.32646e-09
2.24014 1.4382 0 428.701 3.24372e-09
2.24014 1.4382 0 429.704 3.16306e-09
2.24014 1.4382 0 430.706 3.08442e-09
2.24014 1.4382 0 431.709 3.00775e-09
2.24014 1.4382 0 432.711 2.93301e-09
2.24014 1.4382 0 433.714 2.86014e-09
2.24014 1.4382 0 434.716 2.7891e-09
2.24014 1.4382 0 435.719 2.71983e-09
2.24014 1.4382 0 436.721 2.6523e-09
2.24014 1.4382 0 437.724 2.58646e-09
2.24014 1.4382 0 438.726 2.52227e-09
2.24014 1.4382 0 439.728 2.45969e-09
2.24014 1.4382 0 440.731 2.39867e-09
2.24014 1.4382 0 441.733 2.33917e-09
2.24014 1.4382 0 442.736 2.28117e-09
2.24014 1.4382 0 443.738 2.22461e-09
2.24014 1.4382 0 444.741 2.16947e-09
2.24014 1.4382 0 445.743 2.1157e-09
2.24014 1.4382 0 446.746 2.06328e-09
2.24014 1.4382 0 447.748 2.01216e-09
2.24014 1.4382 0 448.751 1.96232e-09
2.24014 1.4382 0 449.753 1.91373e-09
2.24014 1.4382 0 450.756 1.86634e-09
2.24014 1.4382 0 451.758 1.82014e-09
2.24014 1.4382 0 452.761 1.77509e-09
2.24014 1.4382 0 453.763 1.73117e-09
2.24014 1.4382 0 454.765 1.68834e-09
2.24014 1.4382 0 455.768 1.64657e-09
2.24014 1.4382 0 456.77 1.60585e-09
2.24014 1.4382 0 457.773 1.56614e-09
2.24014 1.4382 0 458.775 1.52741e-09
2.24014 1.4382 0 459.778 1.48966e-09
2.24014 1.4382 0 460.78 1.45284e-09
2.24014 1.4382 0 461.783 1.41693e-09
2.24014 1.4382 0 462.785 1.38193e-09
2.24014 1.4382 0 463.788 1.34779e-09
2.24014 1.4382 0 464.79 1.3145e-09
2.24014 1.4382 0 465.793 1.28203e-09
2.24014 1.4382 0 466.795 1.25038e-09
2.24014 1.4382 0 467.798 1.21951e-09
2.24014 1.4382 0 468.8 1.18941e-09
2.24014 1.4382 0 469.803 1.16005e-09
2.24014 1.4382 0 470.805 1.13143e-09
2.24014 1.4382 0 471.807 1.10351e-09
2.24014 1.4382 0 472.81 1.07629e-09
2.24014 1.4382 0 473.812 1.04974e-09
2.24014 1.4382 0 474.815 1.02385e-09
2.24014 1.4382 0 475.817 9.98606e-10
2.24014 1.4382 0 476.82 9.73985e-10
2.24014 1.4382 0 477.822 9.49976e-10
2.24014 1.4382 0 478.825 9.26561e-10
2.24014 1.4382 0 479.827 9.03727e-10
2.24014 1.4382 0 480.83 8.81459e-10
2.24014 1.4382 0 481.832 8.59742e-10
2.24014 1.4382 0 482.835 8.38564e-10
2.24014 1.4382 0 483.837 8.17909e-10
2.24014 1.4382 0 484.84 7.97767e-10
2.24014 1.4382 0 485.842 7.78123e-10
2.24014 1.4382 0 486.844 7.58965e-10
2.24014 1.4382 0 487.847 7.40282e-10
2.24014 1.4382 0 488.849 7.2206e-10
2.24014 1.4382 0 489.852 7.0429e-10
2.24014 1.4382 0 490.854 6.86959e-10
2.24014 1.4382 0 491.857 6.70057e-10
2.24014 1.4382 0 492.859 6.53573e-10
2.24014 1.4382 0 493.862 6.37496e-10
2.24014 1.4382 0 494.864 6.21816e-10
2.24014 1.4382 0 495.867 6.06525e-10
2.24014 1.4382 0 496.869 5.91611e-10
2.24014 1.4382 0 497.872 5.77065e-10
2.24014 1.4382 0 498.874 5.62879e-10
2.24014 1.4382 0 499.877 5.49044e-10
2.24014 1.4382 0 500.879 5.3555e-10
2.24014 1.4382 0 501.882 5.22389e-10
2.24014 1.4382 0 502.884 5.09553e-10
2.24014 1.4382 0 503.886 4.97034e-10
2.24014 1.4382 0 504.889 4.84824e-10
2.24014 1.4382 0 505.891 4.72915e-10
2.24014 1.4382 0 506.894 4.613e-10
2.24014 1.4382 0 507.896 4.49972e-10
2.24014 1.4382 0 508.899 4.38923e-10
2.24014 1.4382 0 509.901 4.28146e-10
2.24014 1.4382 0 510.904 4.17636e-10
2.24014 1.4382 0 511.906 4.07384e-10
2.24014 1.4382 0 512.909 3.97385e-10
2.24014 1.4382 0 513.911 3.87633e-10
2.24014 1.4382 0 514.914 3.78121e-10
2.24014 1.4382 0 515.916 3.68843e-10
2.24014 1.4382 0 516.919 3.59794e-10
2.24014 1.4382 0 517.921 3.50968e-10
2.24014 1.4382 0 518.923 3.42359e-10
2.24014 1.4382 0 519.926 3.33963e-10
2.24014 1.4382 0 520.928 3.25773e-10
2.24014 1.4382 0 521.931 3.17785e-10
2.24014 1.4382 0 522.933 3.09993e-10
2.24014 1.4382 0 523.936 3.02393e-10
2.24014 1.4382 0 524.938 2.9498e-10
2.24014 1.4382 0 525.941 2.8775e-10
2.24014 1.4382 0 526.943 2.80698e-10
2.24014 1.4382 0 527.946 2.73819e-10
2.24014 1.4382 0 528.948 2.67109e-10
2.24014 1.4382 0 529.951 2.60564e-10
2.24014 1.4382 0 530.953 2.54181e-10
2.24014 1.4382 0 531.956 2.47954e-10
2.24014 1.4382 0 532.958 2.41881e-10
2.24014 1.4382 0 533.961 2.35956e-10
2.24014 1.4382 0 534.963 2.30178e-10
2.24014 1.4382 0 535.965 2.24541e-10
2.24014 1.4382 0 536.968 2.19043e-10
2.24014 1.4382 0 537.97 2.1368e-10
2.24014 1.4382 0 538.973 2.08449e-10
2.24014 1.4382 0 539.975 2.03346e-10
2.24014 1.4382 0 540.978 1.98369e-10
2.24014 1.4382 0 541.98 1.93514e-10
2.24014 1.4382 0 542.983 1.88778e-10
2.24014 1.4382 0 543.985 1.84159e-10
2.24014 1.4382 0 544.988 1.79653e-10
2.24014 1.4382 0 545.99 1.75257e-10
2.24014 1.4382 0 546.993 1.7097e-10
2.24014 1.4382 0 547.995 1.66787e-10
2.24014 1.4382 0 548.998 1.62708e-10
2.24014 1.4382 0 550 1.58728e-10

