3.24969 1.4382 0 100.01 1.66886e-05
3.24969 1.4382 0 101.012 2.93918e-05
3.24969 1.4382 0 102.015 2.75816e-05
3.24969 1.4382 0 103.017 2.50232e-05
3.24969 1.4382 0 104.02 2.2777e-05
3.24969 1.4382 0 105.022 2.08133e-05
3.24969 1.4382 0 106.025 1.90819e-05
3.24969 1.4382 0 107.027 1.75452e-05
3.24969 1.4382 0 108.03 1.61739e-05
3.24969 1.4382 0 109.032 1.49447e-05
3.24969 1.4382 0 110.035 1.38386e-05
3.24969 1.4382 0 111.037 1.28398e-05
3.24969 1.4382 0 112.04 1.1935e-05
3.24969 1.4382 0 113.042 1.11129e-05
3.24969 1.4382 0 114.045 1.0364e-05
3.24969 1.4382 0 115.047 9.68001e-06
3.24969 1.4382 0 116.05 9.05381e-06
3.24969 1.4382 0 117.052 8.47924e-06
3.24969 1.4382 0 118.055 7.95093e-06
3.24969 1.4382 0 119.057 7.46418e-06
3.24969 1.4382 0 120.06 7.01487e-06
3.24969 1.4382 0 121.062 6.5994e-06
3.24969 1.4382 0 122.065 6.21456e-06
3.24969 1.4382 0 123.067 5.85751e-06
3.24969 1.4382 0 124.07 5.52576e-06
3.24969 1.4382 0 125.072 5.21706e-06
3.24969 1.4382 0 126.075 4.92942e-06
3.24969 1.4382 0 127.077 4.66104e-06
3.24969 1.4382 0 128.079 4.41034e-06
3.24969 1.4382 0 129.082 4.17588e-06
3.24969 1.4382 0 130.084 3.95635e-06
3.24969 1.4382 0 131.087 3.75058e-06
3.24969 1.4382 0 132.089 3.55753e-06
3.24969 1.4382 0 133.092 3.37622e-06
3.24969 1.4382 0 134.094 3.20579e-06
3.24969 1.4382 0 135.097 3.04545e-06
3.24969 1.4382 0 136.099 2.89447e-06
3.24969 1.4382 0 137.102 2.75219e-06
3.24969 1.4382 0 138.104 2.61801e-06
3.24969 1.4382 0 139.107 2.49138e-06
3.24969 1.4382 0 140.109 2.37179e-06
3.24969 1.4382 0 141.112 2.25878e-06
3.24969 1.4382 0 142.114 2.15191e-06
3.24969 1.4382 0 143.117 2.05079e-06
3.24969 1.4382 0 144.119 1.95505e-06
3.24969 1.4382 0 145.122 1.86437e-06
3.24969 1.4382 0 146.124 1.77842e-06
3.24969 1.4382 0 147.127 1.69693e-06
3.24969 1.4382 0 148.129 1.61961e-06
3.24969 1.4382 0 149.132 1.54623e-06
3.24969 1.4382 0 150.134 1.47654e-06
3.24969 1.4382 0 151.137 1.41035e-06
3.24969 1.4382 0 152.139 1.34744e-06
3.24969 1.4382 0 153.142 1.28763e-06
3.24969 1.4382 0 154.144 1.23075e-06
3.24969 1.4382 0 155.146 1.17662e-06
3.24969 1.4382 0 156.149 1.12511e-06
3.24969 1.4382 0 157.151 1.07607e-06
3.24969 1.4382 0 158.154 1.02936e-06
3.24969 1.4382 0 159.156 9.84855e-07
3.24969 1.4382 0 160.159 9.42446e-07
3.24969 1.4382 0 161.161 9.02019e-07
3.24969 1.4382 0 162.164 8.6347e-07
3.24969 1.4382 0 163.166 8.26702e-07
3.24969 1.4382 0 164.169 7.91624e-07
3.24969 1.4382 0 165.171 7.58149e-07
3.24969 1.4382 0 166.174 7.26197e-07
3.24969 1.4382 0 167.176 6.9569e-07
3.24969 1.4382 0 168.179 6.66558e-07
3.24969 1.4382 0 169.181 6.38731e-07
3.24969 1.4382 0 170.184 6.12146e-07
3.24969 1.4382 0 171.186 5.86742e-07
3.24969 1.4382 0 172.189 5.62461e-07
3.24969 1.4382 0 173.191 5.3925e-07
3.24969 1.4382 0 174.194 5.17057e-07
3.24969 1.4382 0 175.196 4.95834e-07
3.24969 1.4382 0 176.199 4.75534e-07
3.24969 1.4382 0 177.201 4.56114e-07
3.24969 1.4382 0 178.204 4.37533e-07
3.24969 1.4382 0 179.206 4.19751e-07
3.24969 1.4382 0 180.208 4.02733e-07
3.24969 1.4382 0 181.211 3.86441e-07
3.24969 1.4382 0 182.213 3.70844e-07
3.24969 1.4382 0 183.216 3.55909e-07
3.24969 1.4382 0 184.218 3.41605e-07
3.24969 1.4382 0 185.221 3.27906e-07
3.24969 1.4382 0 186.223 3.14783e-07
3.24969 1.4382 0 187.226 3.0221e-07
3.24969 1.4382 0 188.228 2.90162e-07
3.24969 1.4382 0 189.231 2.78618e-07
3.24969 1.4382 0 190.233 2.67553e-07
3.24969 1.4382 0 191.236 2.56947e-07
3.24969 1.4382 0 192.238 2.4678e-07
3.24969 1.4382 0 193.241 2.37033e-07
3.24969 1.4382 0 194.243 2.27686e-07
3.24969 1.4382 0 195.246 2.18724e-07
3.24969 1.4382 0 196.248 2.10128e-07
3.24969 1.4382 0 197.251 2.01884e-07
3.24969 1.4382 0 198.253 1.93975e-07
3.24969 1.4382 0 199.256 1.86389e-07
3.24969 1.4382 0 200.258 1.7911e-07
3.24969 1.4382 0 201.261 1.72126e-07
3.24969 1.4382 0 202.263 1.65424e-07
3.24969 1.4382 0 203.266 1.58992e-07
3.24969 1.4382 0 204.268 1.52819e-07
3.24969 1.4382 0 205.271 1.46895e-07
3.24969 1.4382 0 206.273 1.41207e-07
3.24969 1.4382 0 207.275 1.35747e-07
3.24969 1.4382 0 208.278 1.30506e-07
3.24969 1.4382 0 209.28 1.25473e-07
3.24969 1.4382 0 210.283 1.2064e-07
3.24969 1.4382 0 211.285 1.15999e-07
3.24969 1.4382 0 212.288 1.11542e-07
3.24969 1.4382 0 213.29 1.07262e-07
3.24969 1.4382 0 214.293 1.03151e-07
3.24969 1.4382 0 215.295 9.92019e-08
3.24969 1.4382 0 216.298 9.54084e-08
3.24969 1.4382 0 217.3 9.17641e-08
3.24969 1.4382 0 218.303 8.82628e-08
3.24969 1.4382 0 219.305 8.48988e-08
3.24969 1.4382 0 220.308 8.16665e-08
3.24969 1.4382 0 221.31 7.85605e-08
3.24969 1.4382 0 222.313 7.55757e-08
3.24969 1.4382 0 223.315 7.27073e-08
3.24969 1.4382 0 224.318 6.99505e-08
3.24969 1.4382 0 225.32 6.73009e-08
3.24969 1.4382 0 226.323 6.47541e-08
3.24969 1.4382 0 227.325 6.2306e-08
3.24969 1.4382 0 228.328 5.99526e-08
3.24969 1.4382 0 229.33 5.76903e-08
3.24969 1.4382 0 230.333 5.55153e-08
3.24969 1.4382 0 231.335 5.34242e-08
3.24969 1.4382 0 232.338 5.14137e-08
3.24969 1.4382 0 233.34 4.94805e-08
3.24969 1.4382 0 234.342 4.76216e-08
3.24969 1.4382 0 235.345 4.5834e-08
3.24969 1.4382 0 236.347 4.4115e-08
3.24969 1.4382 0 237.35 4.24618e-08
3.24969 1.4382 0 238.352 4.08719e-08
3.24969 1.4382 0 239.355 3.93427e-08
3.24969 1.4382 0 240.357 3.78718e-08
3.24969 1.4382 0 241.36 3.64571e-08
3.24969 1.4382 0 242.362 3.50963e-08
3.24969 1.4382 0 243.365 3.37872e-08
3.24969 1.4382 0 244.367 3.25279e-08
3.24969 1.4382 0 245.37 3.13164e-08
3.24969 1.4382 0 246.372 3.01509e-08
3.24969 1.4382 0 247.375 2.90296e-08
3.24969 1.4382 0 248.377 2.79507e-08
3.24969 1.4382 0 249.38 2.69126e-08
3.24969 1.4382 0 250.382 2.59138e-08
3.24969 1.4382 0 251.385 2.49527e-08
3.24969 1.4382 0 252.387 2.40279e-08
3.24969 1.4382 0 253.39 2.31379e-08
3.24969 1.4382 0 254.392 2.22815e-08
3.24969 1.4382 0 255.395 2.14572e-08
3.24969 1.4382 0 256.397 2.0664e-08
3.24969 1.4382 0 257.4 1.99006e-08
3.24969 1.4382 0 258.402 1.91658e-08
3.24969 1.4382 0 259.405 1.84586e-08
3.24969 1.4382 0 260.407 1.77779e-08
3.24969 1.4382 0 261.409 1.71226e-08
3.24969 1.4382 0 262.412 1.64919e-08
3.24969 1.4382 0 263.414 1.58848e-08
3.24969 1.4382 0 264.417 1.53004e-08
3.24969 1.4382 0 265.419 1.47378e-08
3.24969 1.4382 0 266.422 1.41961e-08
3.24969 1.4382 0 267.424 1.36747e-08
3.24969 1.4382 0 268.427 1.31727e-08
3.24969 1.4382 0 269.429 1.26894e-08
3.24969 1.4382 0 270.432 1.2224e-08
3.24969 1.4382 0 271.434 1.1776e-08
3.24969 1.4382 0 272.437 1.13446e-08
3.24969 1.4382 0 273.439 1.09292e-08
3.24969 1.4382 0 274.442 1.05292e-08
3.24969 1.4382 0 275.444 1.01441e-08
3.24969 1.4382 0 276.447 9.77324e-09
3.24969 1.4382 0 277.449 9.4161e-09
3.24969 1.4382 0 278.452 9.07218e-09
3.24969 1.4382 0 279.454 8.74098e-09
3.24969 1.4382 0 280.457 8.42202e-09
3.24969 1.4382 0 281.459 8.11485e-09
3.24969 1.4382 0 282.462 7.81901e-09
3.24969 1.4382 0 283.464 7.53409e-09
3.24969 1.4382 0 284.467 7.25967e-09
3.24969 1.4382 0 285.469 6.99537e-09
3.24969 1.4382 0 286.472 6.7408e-09
3.24969 1.4382 0 287.474 6.4956e-09
3.24969 1.4382 0 288.476 6.25942e-09
3.24969 1.4382 0 289.479 6.03193e-09
3.24969 1.4382 0 290.481 5.8128e-09
3.24969 1.4382 0 291.484 5.60171e-09
3.24969 1.4382 0 292.486 5.39838e-09
3.24969 1.4382 0 293.489 5.2025e-09
3.24969 1.4382 0 294.491 5.01381e-09
3.24969 1.4382 0 295.494 4.83203e-09
3.24969 1.4382 0 296.496 4.65692e-09
3.24969 1.4382 0 297.499 4.48821e-09
3.24969 1.4382 0 298.501 4.32568e-09
3.24969 1.4382 0 299.504 4.1691e-09
3.24969 1.4382 0 300.506 4.01824e-09
3.24969 1.4382 0 301.509 3.87289e-09
3.24969 1.4382 0 302.511 3.73286e-09
3.24969 1.4382 0 303.514 3.59793e-09
3.24969 1.4382 0 304.516 3.46793e-09
3.24969 1.4382 0 305.519 3.34267e-09
3.24969 1.4382 0 306.521 3.22198e-09
3.24969 1.4382 0 307.524 3.10569e-09
3.24969 1.4382 0 308.526 2.99363e-09
3.24969 1.4382 0 309.529 2.88566e-09
3.24969 1.4382 0 310.531 2.78161e-09
3.24969 1.4382 0 311.534 2.68135e-09
3.24969 1.4382 0 312.536 2.58473e-09
3.24969 1.4382 0 313.538 2.49163e-09
3.24969 1.4382 0 314.541 2.40191e-09
3.24969 1.4382 0 315.543 2.31545e-09
3.24969 1.4382 0 316.546 2.23213e-09
3.24969 1.4382 0 317.548 2.15183e-09
3.24969 1.4382 0 318.551 2.07445e-09
3.24969 1.4382 0 319.553 1.99987e-09
3.24969 1.4382 0 320.556 1.92799e-09
3.24969 1.4382 0 321.558 1.85872e-09
3.24969 1.4382 0 322.561 1.79196e-09
3.24969 1.4382 0 323.563 1.72761e-09
3.24969 1.4382 0 324.566 1.6656e-09
3.24969 1.4382 0 325.568 1.60582e-09
3.24969 1.4382 0 326.571 1.54821e-09
3.24969 1.4382 0 327.573 1.49268e-09
3.24969 1.4382 0 328.576 1.43916e-09
3.24969 1.4382 0 329.578 1.38758e-09
3.24969 1.4382 0 330.581 1.33785e-09
3.24969 1.4382 0 331.583 1.28992e-09
3.24969 1.4382 0 332.586 1.24372e-09
3.24969 1.4382 0 333.588 1.19919e-09
3.24969 1.4382 0 334.591 1.15627e-09
3.24969 1.4382 0 335.593 1.11489e-09
3.24969 1.4382 0 336.596 1.075e-09
3.24969 1.4382 0 337.598 1.03655e-09
3.24969 1.4382 0 338.601 9.99484e-10
3.24969 1.4382 0 339.603 9.63753e-10
3.24969 1.4382 0 340.605 9.29308e-10
3.24969 1.4382 0 341.608 8.96103e-10
3.24969 1.4382 0 342.61 8.64093e-10
3.24969 1.4382 0 343.613 8.33233e-10
3.24969 1.4382 0 344.615 8.03483e-10
3.24969 1.4382 0 345.618 7.74802e-10
3.24969 1.4382 0 346.62 7.47152e-10
3.24969 1.4382 0 347.623 7.20495e-10
3.24969 1.4382 0 348.625 6.94795e-10
3.24969 1.4382 0 349.628 6.70018e-10
3.24969 1.4382 0 350.63 6.46129e-10
3.24969 1.4382 0 351.633 6.23098e-10
3.24969 1.4382 0 352.635 6.00893e-10
3.24969 1.4382 0 353.638 5.79484e-10
3.24969 1.4382 0 354.64 5.58842e-10
3.24969 1.4382 0 355.643 5.3894e-10
3.24969 1.4382 0 356.645 5.19752e-10
3.24969 1.4382 0 357.648 5.0125e-10
3.24969 1.4382 0 358.65 4.83411e-10
3.24969 1.4382 0 359.653 4.66211e-10
3.24969 1.4382 0 360.655 4.49626e-10
3.24969 1.4382 0 361.658 4.33634e-10
3.24969 1.4382 0 362.66 4.18215e-10
3.24969 1.4382 0 363.663 4.03347e-10
3.24969 1.4382 0 364.665 3.8901e-10
3.24969 1.4382 0 365.668 3.75186e-10
3.24969 1.4382 0 366.67 3.61856e-10
3.24969 1.4382 0 367.672 3.49002e-10
3.24969 1.4382 0 368.675 3.36607e-10
3.24969 1.4382 0 369.677 3.24655e-10
3.24969 1.4382 0 370.68 3.13129e-10
3.24969 1.4382 0 371.682 3.02015e-10
3.24969 1.4382 0 372.685 2.91297e-10
3.24969 1.4382 0 373.687 2.80962e-10
3.24969 1.4382 0 374.69 2.70995e-10
3.24969 1.4382 0 375.692 2.61384e-10
3.24969 1.4382 0 376.695 2.52115e-10
3.24969 1.4382 0 377.697 2.43177e-10
3.24969 1.4382 0 378.7 2.34557e-10
3.24969 1.4382 0 379.702 2.26244e-10
3.24969 1.4382 0 380.705 2.18227e-10
3.24969 1.4382 0 381.707 2.10496e-10
3.24969 1.4382 0 382.71 2.0304e-10
3.24969 1.4382 0 383.712 1.95849e-10
3.24969 1.4382 0 384.715 1.88915e-10
3.24969 1.4382 0 385.717 1.82226e-10
3.24969 1.4382 0 386.72 1.75776e-10
3.24969 1.4382 0 387.722 1.69555e-10
3.24969 1.4382 0 388.725 1.63556e-10
3.24969 1.4382 0 389.727 1.5777e-10
3.24969 1.4382 0 390.73 1.52189e-10
3.24969 1.4382 0 391.732 1.46806e-10
3.24969 1.4382 0 392.735 1.41615e-10
3.24969 1.4382 0 393.737 1.36608e-10
3.24969 1.4382 0 394.739 1.3178e-10
3.24969 1.4382 0 395.742 1.27122e-10
3.24969 1.4382 0 396.744 1.2263e-10
3.24969 1.4382 0 397.747 1.18297e-10
3.24969 1.4382 0 398.749 1.14118e-10
3.24969 1.4382 0 399.752 1.10087e-10
3.24969 1.4382 0 400.754 1.062e-10
3.24969 1.4382 0 401.757 1.0245e-10
3.24969 1.4382 0 402.759 9.88327e-11
3.24969 1.4382 0 403.762 9.5344e-11
3.24969 1.4382 0 404.764 9.19789e-11
3.24969 1.4382 0 405.767 8.87332e-11
3.24969 1.4382 0 406.769 8.56024e-11
3.24969 1.4382 0 407.772 8.25825e-11
3.24969 1.4382 0 408.774 7.96696e-11
3.24969 1.4382 0 409.777 7.68598e-11
3.24969 1.4382 0 410.779 7.41496e-11
3.24969 1.4382 0 411.782 7.15352e-11
3.24969 1.4382 0 412.784 6.90134e-11
3.24969 1.4382 0 413.787 6.65809e-11
3.24969 1.4382 0 414.789 6.42344e-11
3.24969 1.4382 0 415.792 6.1971e-11
3.24969 1.4382 0 416.794 5.97876e-11
3.24969 1.4382 0 417.797 5.76814e-11
3.24969 1.4382 0 418.799 5.56497e-11
3.24969 1.4382 0 419.802 5.36898e-11
3.24969 1.4382 0 420.804 5.17992e-11
3.24969 1.4382 0 421.806 4.99754e-11
3.24969 1.4382 0 422.809 4.82161e-11
3.24969 1.4382 0 423.811 4.65189e-11
3.24969 1.4382 0 424.814 4.48817e-11
3.24969 1.4382 0 425.816 4.33023e-11
3.24969 1.4382 0 426.819 4.17787e-11
3.24969 1.4382 0 427.821 4.03089e-11
3.24969 1.4382 0 428.824 3.88909e-11
3.24969 1.4382 0 429.826 3.75231e-11
3.24969 1.4382 0 430.829 3.62035e-11
3.24969 1.4382 0 431.831 3.49304e-11
3.24969 1.4382 0 432.834 3.37023e-11
3.24969 1.4382 0 433.836 3.25175e-11
3.24969 1.4382 0 434.839 3.13745e-11
3.24969 1.4382 0 435.841 3.02718e-11
3.24969 1.4382 0 436.844 2.9208e-11
3.24969 1.4382 0 437.846 2.81817e-11
3.24969 1.4382 0 438.849 2.71916e-11
3.24969 1.4382 0 439.851 2.62364e-11
3.24969 1.4382 0 440.854 2.53149e-11
3.24969 1.4382 0 441.856 2.44258e-11
3.24969 1.4382 0 442.859 2.3568e-11
3.24969 1.4382 0 443.861 2.27405e-11
3.24969 1.4382 0 444.864 2.19421e-11
3.24969 1.4382 0 445.866 2.11718e-11
3.24969 1.4382 0 446.868 2.04287e-11
3.24969 1.4382 0 447.871 1.97117e-11
3.24969 1.4382 0 448.873 1.902e-11
3.24969 1.4382 0 449.876 1.83526e-11
3.24969 1.4382 0 450.878 1.77087e-11
3.24969 1.4382 0 451.881 1.70874e-11
3.24969 1.4382 0 452.883 1.6488e-11
3.24969 1.4382 0 453.886 1.59097e-11
3.24969 1.4382 0 454.888 1.53518e-11
3.24969 1.4382 0 455.891 1.48135e-11
3.24969 1.4382 0 456.893 1.42941e-11
3.24969 1.4382 0 457.896 1.37929e-11
3.24969 1.4382 0 458.898 1.33094e-11
3.24969 1.4382 0 459.901 1.28429e-11
3.24969 1.4382 0 460.903 1.23928e-11
3.24969 1.4382 0 461.906 1.19585e-11
3.24969 1.4382 0 462.908 1.15395e-11
3.24969 1.4382 0 463.911 1.11352e-11
3.24969 1.4382 0 464.913 1.07451e-11
3.24969 1.4382 0 465.916 1.03687e-11
3.24969 1.4382 0 466.918 1.00055e-11
3.24969 1.4382 0 467.921 9.65506e-12
3.24969 1.4382 0 468.923 9.31694e-12
3.24969 1.4382 0 469.926 8.9907e-12
3.24969 1.4382 0 470.928 8.67591e-12
3.24969 1.4382 0 471.931 8.37217e-12
3.24969 1.4382 0 472.933 8.0791e-12
3.24969 1.4382 0 473.935 7.79631e-12
3.24969 1.4382 0 474.938 7.52344e-12
3.24969 1.4382 0 475.94 7.26015e-12
3.24969 1.4382 0 476.943 7.0061e-12
3.24969 1.4382 0 477.945 6.76096e-12
3.24969 1.4382 0 478.948 6.52442e-12
3.24969 1.4382 0 479.95 6.29618e-12
3.24969 1.4382 0 480.953 6.07594e-12
3.24969 1.4382 0 481.955 5.86343e-12
3.24969 1.4382 0 482.958 5.65836e-12
3.24969 1.4382 0 483.96 5.46049e-12
3.24969 1.4382 0 484.963 5.26955e-12
3.24969 1.4382 0 485.965 5.08531e-12
3.24969 1.4382 0 486.968 4.90752e-12
3.24969 1.4382 0 487.97 4.73597e-12
3.24969 1.4382 0 488.973 4.57042e-12
3.24969 1.4382 0 489.975 4.41068e-12
3.24969 1.4382 0 490.978 4.25653e-12
3.24969 1.4382 0 491.98 4.10779e-12
3.24969 1.4382 0 492.983 3.96425e-12
3.24969 1.4382 0 493.985 3.82574e-12
3.24969 1.4382 0 494.988 3.69208e-12
3.24969 1.4382 0 495.99 3.5631e-12
3.24969 1.4382 0 496.993 3.43864e-12
3.24969 1.4382 0 497.995 3.31854e-12
3.24969 1.4382 0 498.998 3.20264e-12
3.24969 1.4382 0 500 3.09079e-12

