0.288054 1.82408 0 100.01 3.32102e-07
0.288054 1.82408 0 101.012 5.70065e-07
0.288054 1.82408 0 102.015 5.33786e-07
0.288054 1.82408 0 103.017 4.95482e-07
0.288054 1.82408 0 104.02 4.67294e-07
0.288054 1.82408 0 105.022 4.45288e-07
0.288054 1.82408 0 106.025 4.27225e-07
0.288054 1.82408 0 107.027 4.11887e-07
0.288054 1.82408 0 108.03 3.98547e-07
0.288054 1.82408 0 109.032 3.86735e-07
0.288054 1.82408 0 110.035 3.7613e-07
0.288054 1.82408 0 111.037 3.66504e-07
0.288054 1.82408 0 112.04 3.57688e-07
0.288054 1.82408 0 113.042 3.49552e-07
0.288054 1.82408 0 114.045 3.41998e-07
0.288054 1.82408 0 115.047 3.34946e-07
0.288054 1.82408 0 116.05 3.28332e-07
0.288054 1.82408 0 117.052 3.22103e-07
0.288054 1.82408 0 118.055 3.16217e-07
0.288054 1.82408 0 119.057 3.10637e-07
0.288054 1.82408 0 120.06 3.05332e-07
0.288054 1.82408 0 121.062 3.00275e-07
0.288054 1.82408 0 122.065 2.95445e-07
0.288054 1.82408 0 123.067 2.90821e-07
0.288054 1.82408 0 124.07 2.86386e-07
0.288054 1.82408 0 125.072 2.82126e-07
0.288054 1.82408 0 126.075 2.78026e-07
0.288054 1.82408 0 127.077 2.74076e-07
0.288054 1.82408 0 128.079 2.70264e-07
0.288054 1.82408 0 129.082 2.66581e-07
0.288054 1.82408 0 130.084 2.63018e-07
0.288054 1.82408 0 131.087 2.59569e-07
0.288054 1.82408 0 132.089 2.56225e-07
0.288054 1.82408 0 133.092 2.52981e-07
0.288054 1.82408 0 134.094 2.4983e-07
0.288054 1.82408 0 135.097 2.46769e-07
0.288054 1.82408 0 136.099 2.43791e-07
0.288054 1.82408 0 137.102 2.40892e-07
0.288054 1.82408 0 138.104 2.38069e-07
0.288054 1.82408 0 139.107 2.35317e-07
0.288054 1.82408 0 140.109 2.32633e-07
0.288054 1.82408 0 141.112 2.30014e-07
0.288054 1.82408 0 142.114 2.27456e-07
0.288054 1.82408 0 143.117 2.24958e-07
0.288054 1.82408 0 144.119 2.22516e-07
0.288054 1.82408 0 145.122 2.20127e-07
0.288054 1.82408 0 146.124 2.17791e-07
0.288054 1.82408 0 147.127 2.15504e-07
0.288054 1.82408 0 148.129 2.13264e-07
0.288054 1.82408 0 149.132 2.1107e-07
0.288054 1.82408 0 150.134 2.0892e-07
0.288054 1.82408 0 151.137 2.06812e-07
0.288054 1.82408 0 152.139 2.04744e-07
0.288054 1.82408 0 153.142 2.02716e-07
0.288054 1.82408 0 154.144 2.00726e-07
0.288054 1.82408 0 155.146 1.98772e-07
0.288054 1.82408 0 156.149 1.96853e-07
0.288054 1.82408 0 157.151 1.94968e-07
0.288054 1.82408 0 158.154 1.93116e-07
0.288054 1.82408 0 159.156 1.91296e-07
0.288054 1.82408 0 160.159 1.89506e-07
0.288054 1.82408 0 161.161 1.87746e-07
0.288054 1.82408 0 162.164 1.86016e-07
0.288054 1.82408 0 163.166 1.84313e-07
0.288054 1.82408 0 164.169 1.82637e-07
0.288054 1.82408 0 165.171 1.80987e-07
0.288054 1.82408 0 166.174 1.79364e-07
0.288054 1.82408 0 167.176 1.77765e-07
0.288054 1.82408 0 168.179 1.7619e-07
0.288054 1.82408 0 169.181 1.74639e-07
0.288054 1.82408 0 170.184 1.7311e-07
0.288054 1.82408 0 171.186 1.71604e-07
0.288054 1.82408 0 172.189 1.70119e-07
0.288054 1.82408 0 173.191 1.68656e-07
0.288054 1.82408 0 174.194 1.67213e-07
0.288054 1.82408 0 175.196 1.6579e-07
0.288054 1.82408 0 176.199 1.64386e-07
0.288054 1.82408 0 177.201 1.63002e-07
0.288054 1.82408 0 178.204 1.61636e-07
0.288054 1.82408 0 179.206 1.60288e-07
0.288054 1.82408 0 180.208 1.58958e-07
0.288054 1.82408 0 181.211 1.57645e-07
0.288054 1.82408 0 182.213 1.56349e-07
0.288054 1.82408 0 183.216 1.55069e-07
0.288054 1.82408 0 184.218 1.53806e-07
0.288054 1.82408 0 185.221 1.52558e-07
0.288054 1.82408 0 186.223 1.51326e-07
0.288054 1.82408 0 187.226 1.50109e-07
0.288054 1.82408 0 188.228 1.48907e-07
0.288054 1.82408 0 189.231 1.47719e-07
0.288054 1.82408 0 190.233 1.46545e-07
0.288054 1.82408 0 191.236 1.45385e-07
0.288054 1.82408 0 192.238 1.44238e-07
0.288054 1.82408 0 193.241 1.43105e-07
0.288054 1.82408 0 194.243 1.41985e-07
0.288054 1.82408 0 195.246 1.40878e-07
0.288054 1.82408 0 196.248 1.39783e-07
0.288054 1.82408 0 197.251 1.38701e-07
0.288054 1.82408 0 198.253 1.3763e-07
0.288054 1.82408 0 199.256 1.36571e-07
0.288054 1.82408 0 200.258 1.35524e-07
0.288054 1.82408 0 201.261 1.34489e-07
0.288054 1.82408 0 202.263 1.33464e-07
0.288054 1.82408 0 203.266 1.3245e-07
0.288054 1.82408 0 204.268 1.31448e-07
0.288054 1.82408 0 205.271 1.30455e-07
0.288054 1.82408 0 206.273 1.29474e-07
0.288054 1.82408 0 207.275 1.28502e-07
0.288054 1.82408 0 208.278 1.2754e-07
0.288054 1.82408 0 209.28 1.26589e-07
0.288054 1.82408 0 210.283 1.25647e-07
0.288054 1.82408 0 211.285 1.24714e-07
0.288054 1.82408 0 212.288 1.23791e-07
0.288054 1.82408 0 213.29 1.22877e-07
0.288054 1.82408 0 214.293 1.21973e-07
0.288054 1.82408 0 215.295 1.21077e-07
0.288054 1.82408 0 216.298 1.2019e-07
0.288054 1.82408 0 217.3 1.19311e-07
0.288054 1.82408 0 218.303 1.18441e-07
0.288054 1.82408 0 219.305 1.1758e-07
0.288054 1.82408 0 220.308 1.16727e-07
0.288054 1.82408 0 221.31 1.15882e-07
0.288054 1.82408 0 222.313 1.15045e-07
0.288054 1.82408 0 223.315 1.14215e-07
0.288054 1.82408 0 224.318 1.13394e-07
0.288054 1.82408 0 225.32 1.1258e-07
0.288054 1.82408 0 226.323 1.11774e-07
0.288054 1.82408 0 227.325 1.10975e-07
0.288054 1.82408 0 228.328 1.10184e-07
0.288054 1.82408 0 229.33 1.094e-07
0.288054 1.82408 0 230.333 1.08623e-07
0.288054 1.82408 0 231.335 1.07853e-07
0.288054 1.82408 0 232.338 1.0709e-07
0.288054 1.82408 0 233.34 1.06333e-07
0.288054 1.82408 0 234.342 1.05584e-07
0.288054 1.82408 0 235.345 1.04841e-07
0.288054 1.82408 0 236.347 1.04105e-07
0.288054 1.82408 0 237.35 1.03375e-07
0.288054 1.82408 0 238.352 1.02652e-07
0.288054 1.82408 0 239.355 1.01935e-07
0.288054 1.82408 0 240.357 1.01224e-07
0.288054 1.82408 0 241.36 1.00519e-07
0.288054 1.82408 0 242.362 9.98205e-08
0.288054 1.82408 0 243.365 9.91279e-08
0.288054 1.82408 0 244.367 9.84412e-08
0.288054 1.82408 0 245.37 9.77604e-08
0.288054 1.82408 0 246.372 9.70853e-08
0.288054 1.82408 0 247.375 9.64159e-08
0.288054 1.82408 0 248.377 9.57522e-08
0.288054 1.82408 0 249.38 9.5094e-08
0.288054 1.82408 0 250.382 9.44414e-08
0.288054 1.82408 0 251.385 9.37941e-08
0.288054 1.82408 0 252.387 9.31523e-08
0.288054 1.82408 0 253.39 9.25157e-08
0.288054 1.82408 0 254.392 9.18844e-08
0.288054 1.82408 0 255.395 9.12583e-08
0.288054 1.82408 0 256.397 9.06372e-08
0.288054 1.82408 0 257.4 9.00213e-08
0.288054 1.82408 0 258.402 8.94104e-08
0.288054 1.82408 0 259.405 8.88044e-08
0.288054 1.82408 0 260.407 8.82033e-08
0.288054 1.82408 0 261.409 8.7607e-08
0.288054 1.82408 0 262.412 8.70155e-08
0.288054 1.82408 0 263.414 8.64288e-08
0.288054 1.82408 0 264.417 8.58467e-08
0.288054 1.82408 0 265.419 8.52693e-08
0.288054 1.82408 0 266.422 8.46965e-08
0.288054 1.82408 0 267.424 8.41282e-08
0.288054 1.82408 0 268.427 8.35643e-08
0.288054 1.82408 0 269.429 8.30049e-08
0.288054 1.82408 0 270.432 8.24499e-08
0.288054 1.82408 0 271.434 8.18992e-08
0.288054 1.82408 0 272.437 8.13528e-08
0.288054 1.82408 0 273.439 8.08107e-08
0.288054 1.82408 0 274.442 8.02728e-08
0.288054 1.82408 0 275.444 7.9739e-08
0.288054 1.82408 0 276.447 7.92094e-08
0.288054 1.82408 0 277.449 7.86838e-08
0.288054 1.82408 0 278.452 7.81623e-08
0.288054 1.82408 0 279.454 7.76448e-08
0.288054 1.82408 0 280.457 7.71312e-08
0.288054 1.82408 0 281.459 7.66216e-08
0.288054 1.82408 0 282.462 7.61158e-08
0.288054 1.82408 0 283.464 7.56139e-08
0.288054 1.82408 0 284.467 7.51157e-08
0.288054 1.82408 0 285.469 7.46214e-08
0.288054 1.82408 0 286.472 7.41307e-08
0.288054 1.82408 0 287.474 7.36438e-08
0.288054 1.82408 0 288.476 7.31605e-08
0.288054 1.82408 0 289.479 7.26808e-08
0.288054 1.82408 0 290.481 7.22047e-08
0.288054 1.82408 0 291.484 7.17322e-08
0.288054 1.82408 0 292.486 7.12632e-08
0.288054 1.82408 0 293.489 7.07977e-08
0.288054 1.82408 0 294.491 7.03356e-08
0.288054 1.82408 0 295.494 6.98769e-08
0.288054 1.82408 0 296.496 6.94217e-08
0.288054 1.82408 0 297.499 6.89698e-08
0.288054 1.82408 0 298.501 6.85212e-08
0.288054 1.82408 0 299.504 6.80759e-08
0.288054 1.82408 0 300.506 6.76339e-08
0.288054 1.82408 0 301.509 6.71951e-08
0.288054 1.82408 0 302.511 6.67595e-08
0.288054 1.82408 0 303.514 6.63271e-08
0.288054 1.82408 0 304.516 6.58978e-08
0.288054 1.82408 0 305.519 6.54717e-08
0.288054 1.82408 0 306.521 6.50486e-08
0.288054 1.82408 0 307.524 6.46287e-08
0.288054 1.82408 0 308.526 6.42117e-08
0.288054 1.82408 0 309.529 6.37978e-08
0.288054 1.82408 0 310.531 6.33868e-08
0.288054 1.82408 0 311.534 6.29788e-08
0.288054 1.82408 0 312.536 6.25738e-08
0.288054 1.82408 0 313.538 6.21716e-08
0.288054 1.82408 0 314.541 6.17723e-08
0.288054 1.82408 0 315.543 6.13759e-08
0.288054 1.82408 0 316.546 6.09823e-08
0.288054 1.82408 0 317.548 6.05915e-08
0.288054 1.82408 0 318.551 6.02035e-08
0.288054 1.82408 0 319.553 5.98183e-08
0.288054 1.82408 0 320.556 5.94358e-08
0.288054 1.82408 0 321.558 5.9056e-08
0.288054 1.82408 0 322.561 5.86789e-08
0.288054 1.82408 0 323.563 5.83045e-08
0.288054 1.82408 0 324.566 5.79327e-08
0.288054 1.82408 0 325.568 5.75635e-08
0.288054 1.82408 0 326.571 5.71969e-08
0.288054 1.82408 0 327.573 5.68329e-08
0.288054 1.82408 0 328.576 5.64715e-08
0.288054 1.82408 0 329.578 5.61126e-08
0.288054 1.82408 0 330.581 5.57562e-08
0.288054 1.82408 0 331.583 5.54023e-08
0.288054 1.82408 0 332.586 5.50509e-08
0.288054 1.82408 0 333.588 5.47019e-08
0.288054 1.82408 0 334.591 5.43553e-08
0.288054 1.82408 0 335.593 5.40112e-08
0.288054 1.82408 0 336.596 5.36695e-08
0.288054 1.82408 0 337.598 5.33301e-08
0.288054 1.82408 0 338.601 5.29931e-08
0.288054 1.82408 0 339.603 5.26584e-08
0.288054 1.82408 0 340.605 5.23261e-08
0.288054 1.82408 0 341.608 5.1996e-08
0.288054 1.82408 0 342.61 5.16682e-08
0.288054 1.82408 0 343.613 5.13427e-08
0.288054 1.82408 0 344.615 5.10195e-08
0.288054 1.82408 0 345.618 5.06984e-08
0.288054 1.82408 0 346.62 5.03796e-08
0.288054 1.82408 0 347.623 5.00629e-08
0.288054 1.82408 0 348.625 4.97484e-08
0.288054 1.82408 0 349.628 4.94361e-08
0.288054 1.82408 0 350.63 4.91259e-08
0.288054 1.82408 0 351.633 4.88178e-08
0.288054 1.82408 0 352.635 4.85119e-08
0.288054 1.82408 0 353.638 4.8208e-08
0.288054 1.82408 0 354.64 4.79062e-08
0.288054 1.82408 0 355.643 4.76065e-08
0.288054 1.82408 0 356.645 4.73087e-08
0.288054 1.82408 0 357.648 4.70131e-08
0.288054 1.82408 0 358.65 4.67194e-08
0.288054 1.82408 0 359.653 4.64277e-08
0.288054 1.82408 0 360.655 4.6138e-08
0.288054 1.82408 0 361.658 4.58503e-08
0.288054 1.82408 0 362.66 4.55645e-08
0.288054 1.82408 0 363.663 4.52806e-08
0.288054 1.82408 0 364.665 4.49986e-08
0.288054 1.82408 0 365.668 4.47186e-08
0.288054 1.82408 0 366.67 4.44404e-08
0.288054 1.82408 0 367.672 4.41642e-08
0.288054 1.82408 0 368.675 4.38897e-08
0.288054 1.82408 0 369.677 4.36172e-08
0.288054 1.82408 0 370.68 4.33464e-08
0.288054 1.82408 0 371.682 4.30775e-08
0.288054 1.82408 0 372.685 4.28103e-08
0.288054 1.82408 0 373.687 4.2545e-08
0.288054 1.82408 0 374.69 4.22815e-08
0.288054 1.82408 0 375.692 4.20197e-08
0.288054 1.82408 0 376.695 4.17596e-08
0.288054 1.82408 0 377.697 4.15013e-08
0.288054 1.82408 0 378.7 4.12447e-08
0.288054 1.82408 0 379.702 4.09898e-08
0.288054 1.82408 0 380.705 4.07367e-08
0.288054 1.82408 0 381.707 4.04852e-08
0.288054 1.82408 0 382.71 4.02353e-08
0.288054 1.82408 0 383.712 3.99872e-08
0.288054 1.82408 0 384.715 3.97407e-08
0.288054 1.82408 0 385.717 3.94958e-08
0.288054 1.82408 0 386.72 3.92525e-08
0.288054 1.82408 0 387.722 3.90109e-08
0.288054 1.82408 0 388.725 3.87709e-08
0.288054 1.82408 0 389.727 3.85324e-08
0.288054 1.82408 0 390.73 3.82955e-08
0.288054 1.82408 0 391.732 3.80602e-08
0.288054 1.82408 0 392.735 3.78265e-08
0.288054 1.82408 0 393.737 3.75943e-08
0.288054 1.82408 0 394.739 3.73636e-08
0.288054 1.82408 0 395.742 3.71344e-08
0.288054 1.82408 0 396.744 3.69068e-08
0.288054 1.82408 0 397.747 3.66806e-08
0.288054 1.82408 0 398.749 3.64559e-08
0.288054 1.82408 0 399.752 3.62327e-08
0.288054 1.82408 0 400.754 3.6011e-08
0.288054 1.82408 0 401.757 3.57907e-08
0.288054 1.82408 0 402.759 3.55719e-08
0.288054 1.82408 0 403.762 3.53545e-08
0.288054 1.82408 0 404.764 3.51385e-08
0.288054 1.82408 0 405.767 3.4924e-08
0.288054 1.82408 0 406.769 3.47108e-08
0.288054 1.82408 0 407.772 3.4499e-08
0.288054 1.82408 0 408.774 3.42887e-08
0.288054 1.82408 0 409.777 3.40796e-08
0.288054 1.82408 0 410.779 3.3872e-08
0.288054 1.82408 0 411.782 3.36657e-08
0.288054 1.82408 0 412.784 3.34607e-08
0.288054 1.82408 0 413.787 3.32571e-08
0.288054 1.82408 0 414.789 3.30548e-08
0.288054 1.82408 0 415.792 3.28539e-08
0.288054 1.82408 0 416.794 3.26542e-08
0.288054 1.82408 0 417.797 3.24558e-08
0.288054 1.82408 0 418.799 3.22587e-08
0.288054 1.82408 0 419.802 3.20629e-08
0.288054 1.82408 0 420.804 3.18684e-08
0.288054 1.82408 0 421.806 3.16751e-08
0.288054 1.82408 0 422.809 3.14831e-08
0.288054 1.82408 0 423.811 3.12923e-08
0.288054 1.82408 0 424.814 3.11027e-08
0.288054 1.82408 0 425.816 3.09144e-08
0.288054 1.82408 0 426.819 3.07273e-08
0.288054 1.82408 0 427.821 3.05414e-08
0.288054 1.82408 0 428.824 3.03566e-08
0.288054 1.82408 0 429.826 3.01731e-08
0.288054 1.82408 0 430.829 2.99908e-08
0.288054 1.82408 0 431.831 2.98096e-08
0.288054 1.82408 0 432.834 2.96296e-08
0.288054 1.82408 0 433.836 2.94508e-08
0.288054 1.82408 0 434.839 2.92731e-08
0.288054 1.82408 0 435.841 2.90965e-08
0.288054 1.82408 0 436.844 2.89211e-08
0.288054 1.82408 0 437.846 2.87468e-08
0.288054 1.82408 0 438.849 2.85737e-08
0.288054 1.82408 0 439.851 2.84016e-08
0.288054 1.82408 0 440.854 2.82306e-08
0.288054 1.82408 0 441.856 2.80608e-08
0.288054 1.82408 0 442.859 2.7892e-08
0.288054 1.82408 0 443.861 2.77243e-08
0.288054 1.82408 0 444.864 2.75577e-08
0.288054 1.82408 0 445.866 2.73921e-08
0.288054 1.82408 0 446.868 2.72276e-08
0.288054 1.82408 0 447.871 2.70641e-08
0.288054 1.82408 0 448.873 2.69017e-08
0.288054 1.82408 0 449.876 2.67403e-08
0.288054 1.82408 0 450.878 2.658e-08
0.288054 1.82408 0 451.881 2.64207e-08
0.288054 1.82408 0 452.883 2.62623e-08
0.288054 1.82408 0 453.886 2.6105e-08
0.288054 1.82408 0 454.888 2.59487e-08
0.288054 1.82408 0 455.891 2.57934e-08
0.288054 1.82408 0 456.893 2.56391e-08
0.288054 1.82408 0 457.896 2.54857e-08
0.288054 1.82408 0 458.898 2.53334e-08
0.288054 1.82408 0 459.901 2.51819e-08
0.288054 1.82408 0 460.903 2.50315e-08
0.288054 1.82408 0 461.906 2.4882e-08
0.288054 1.82408 0 462.908 2.47334e-08
0.288054 1.82408 0 463.911 2.45858e-08
0.288054 1.82408 0 464.913 2.44391e-08
0.288054 1.82408 0 465.916 2.42934e-08
0.288054 1.82408 0 466.918 2.41486e-08
0.288054 1.82408 0 467.921 2.40047e-08
0.288054 1.82408 0 468.923 2.38616e-08
0.288054 1.82408 0 469.926 2.37195e-08
0.288054 1.82408 0 470.928 2.35783e-08
0.288054 1.82408 0 471.931 2.3438e-08
0.288054 1.82408 0 472.933 2.32986e-08
0.288054 1.82408 0 473.935 2.316e-08
0.288054 1.82408 0 474.938 2.30223e-08
0.288054 1.82408 0 475.94 2.28855e-08
0.288054 1.82408 0 476.943 2.27496e-08
0.288054 1.82408 0 477.945 2.26145e-08
0.288054 1.82408 0 478.948 2.24802e-08
0.288054 1.82408 0 479.95 2.23468e-08
0.288054 1.82408 0 480.953 2.22142e-08
0.288054 1.82408 0 481.955 2.20825e-08
0.288054 1.82408 0 482.958 2.19516e-08
0.288054 1.82408 0 483.96 2.18215e-08
0.288054 1.82408 0 484.963 2.16922e-08
0.288054 1.82408 0 485.965 2.15637e-08
0.288054 1.82408 0 486.968 2.14361e-08
0.288054 1.82408 0 487.97 2.13092e-08
0.288054 1.82408 0 488.973 2.11831e-08
0.288054 1.82408 0 489.975 2.10578e-08
0.288054 1.82408 0 490.978 2.09333e-08
0.288054 1.82408 0 491.98 2.08096e-08
0.288054 1.82408 0 492.983 2.06867e-08
0.288054 1.82408 0 493.985 2.05645e-08
0.288054 1.82408 0 494.988 2.0443e-08
0.288054 1.82408 0 495.99 2.03224e-08
0.288054 1.82408 0 496.993 2.02025e-08
0.288054 1.82408 0 497.995 2.00833e-08
0.288054 1.82408 0 498.998 1.99649e-08
0.288054 1.82408 0 500 1.98472e-08
0.288054 1.82408 0 100.01 3.32102e-07
0.288054 1.82408 0 101.012 5.70065e-07
0.288054 1.82408 0 102.015 5.33786e-07
0.288054 1.82408 0 103.017 4.95482e-07
0.288054 1.82408 0 104.02 4.67294e-07
0.288054 1.82408 0 105.022 4.45288e-07
0.288054 1.82408 0 106.025 4.27225e-07
0.288054 1.82408 0 107.027 4.11887e-07
0.288054 1.82408 0 108.03 3.98547e-07
0.288054 1.82408 0 109.032 3.86735e-07
0.288054 1.82408 0 110.035 3.7613e-07
0.288054 1.82408 0 111.037 3.66504e-07
0.288054 1.82408 0 112.04 3.57688e-07
0.288054 1.82408 0 113.042 3.49552e-07
0.288054 1.82408 0 114.045 3.41998e-07
0.288054 1.82408 0 115.047 3.34946e-07
0.288054 1.82408 0 116.05 3.28332e-07
0.288054 1.82408 0 117.052 3.22103e-07
0.288054 1.82408 0 118.055 3.16217e-07
0.288054 1.82408 0 119.057 3.10637e-07
0.288054 1.82408 0 120.06 3.05332e-07
0.288054 1.82408 0 121.062 3.00275e-07
0.288054 1.82408 0 122.065 2.95445e-07
0.288054 1.82408 0 123.067 2.90821e-07
0.288054 1.82408 0 124.07 2.86386e-07
0.288054 1.82408 0 125.072 2.82126e-07
0.288054 1.82408 0 126.075 2.78026e-07
0.288054 1.82408 0 127.077 2.74076e-07
0.288054 1.82408 0 128.079 2.70264e-07
0.288054 1.82408 0 129.082 2.66581e-07
0.288054 1.82408 0 130.084 2.63018e-07
0.288054 1.82408 0 131.087 2.59569e-07
0.288054 1.82408 0 132.089 2.56225e-07
0.288054 1.82408 0 133.092 2.52981e-07
0.288054 1.82408 0 134.094 2.4983e-07
0.288054 1.82408 0 135.097 2.46769e-07
0.288054 1.82408 0 136.099 2.43791e-07
0.288054 1.82408 0 137.102 2.40892e-07
0.288054 1.82408 0 138.104 2.38069e-07
0.288054 1.82408 0 139.107 2.35317e-07
0.288054 1.82408 0 140.109 2.32633e-07
0.288054 1.82408 0 141.112 2.30014e-07
0.288054 1.82408 0 142.114 2.27456e-07
0.288054 1.82408 0 143.117 2.24958e-07
0.288054 1.82408 0 144.119 2.22516e-07
0.288054 1.82408 0 145.122 2.20127e-07
0.288054 1.82408 0 146.124 2.17791e-07
0.288054 1.82408 0 147.127 2.15504e-07
0.288054 1.82408 0 148.129 2.13264e-07
0.288054 1.82408 0 149.132 2.1107e-07
0.288054 1.82408 0 150.134 2.0892e-07
0.288054 1.82408 0 151.137 2.06812e-07
0.288054 1.82408 0 152.139 2.04744e-07
0.288054 1.82408 0 153.142 2.02716e-07
0.288054 1.82408 0 154.144 2.00726e-07
0.288054 1.82408 0 155.146 1.98772e-07
0.288054 1.82408 0 156.149 1.96853e-07
0.288054 1.82408 0 157.151 1.94968e-07
0.288054 1.82408 0 158.154 1.93116e-07
0.288054 1.82408 0 159.156 1.91296e-07
0.288054 1.82408 0 160.159 1.89506e-07
0.288054 1.82408 0 161.161 1.87746e-07
0.288054 1.82408 0 162.164 1.86016e-07
0.288054 1.82408 0 163.166 1.84313e-07
0.288054 1.82408 0 164.169 1.82637e-07
0.288054 1.82408 0 165.171 1.80987e-07
0.288054 1.82408 0 166.174 1.79364e-07
0.288054 1.82408 0 167.176 1.77765e-07
0.288054 1.82408 0 168.179 1.7619e-07
0.288054 1.82408 0 169.181 1.74639e-07
0.288054 1.82408 0 170.184 1.7311e-07
0.288054 1.82408 0 171.186 1.71604e-07
0.288054 1.82408 0 172.189 1.70119e-07
0.288054 1.82408 0 173.191 1.68656e-07
0.288054 1.82408 0 174.194 1.67213e-07
0.288054 1.82408 0 175.196 1.6579e-07
0.288054 1.82408 0 176.199 1.64386e-07
0.288054 1.82408 0 177.201 1.63002e-07
0.288054 1.82408 0 178.204 1.61636e-07
0.288054 1.82408 0 179.206 1.60288e-07
0.288054 1.82408 0 180.208 1.58958e-07
0.288054 1.82408 0 181.211 1.57645e-07
0.288054 1.82408 0 182.213 1.56349e-07
0.288054 1.82408 0 183.216 1.55069e-07
0.288054 1.82408 0 184.218 1.53806e-07
0.288054 1.82408 0 185.221 1.52558e-07
0.288054 1.82408 0 186.223 1.51326e-07
0.288054 1.82408 0 187.226 1.50109e-07
0.288054 1.82408 0 188.228 1.48907e-07
0.288054 1.82408 0 189.231 1.47719e-07
0.288054 1.82408 0 190.233 1.46545e-07
0.288054 1.82408 0 191.236 1.45385e-07
0.288054 1.82408 0 192.238 1.44238e-07
0.288054 1.82408 0 193.241 1.43105e-07
0.288054 1.82408 0 194.243 1.41985e-07
0.288054 1.82408 0 195.246 1.40878e-07
0.288054 1.82408 0 196.248 1.39783e-07
0.288054 1.82408 0 197.251 1.38701e-07
0.288054 1.82408 0 198.253 1.3763e-07
0.288054 1.82408 0 199.256 1.36571e-07
0.288054 1.82408 0 200.258 1.35524e-07
0.288054 1.82408 0 201.261 1.34489e-07
0.288054 1.82408 0 202.263 1.33464e-07
0.288054 1.82408 0 203.266 1.3245e-07
0.288054 1.82408 0 204.268 1.31448e-07
0.288054 1.82408 0 205.271 1.30455e-07
0.288054 1.82408 0 206.273 1.29474e-07
0.288054 1.82408 0 207.275 1.28502e-07
0.288054 1.82408 0 208.278 1.2754e-07
0.288054 1.82408 0 209.28 1.26589e-07
0.288054 1.82408 0 210.283 1.25647e-07
0.288054 1.82408 0 211.285 1.24714e-07
0.288054 1.82408 0 212.288 1.23791e-07
0.288054 1.82408 0 213.29 1.22877e-07
0.288054 1.82408 0 214.293 1.21973e-07
0.288054 1.82408 0 215.295 1.21077e-07
0.288054 1.82408 0 216.298 1.2019e-07
0.288054 1.82408 0 217.3 1.19311e-07
0.288054 1.82408 0 218.303 1.18441e-07
0.288054 1.82408 0 219.305 1.1758e-07
0.288054 1.82408 0 220.308 1.16727e-07
0.288054 1.82408 0 221.31 1.15882e-07
0.288054 1.82408 0 222.313 1.15045e-07
0.288054 1.82408 0 223.315 1.14215e-07
0.288054 1.82408 0 224.318 1.13394e-07
0.288054 1.82408 0 225.32 1.1258e-07
0.288054 1.82408 0 226.323 1.11774e-07
0.288054 1.82408 0 227.325 1.10975e-07
0.288054 1.82408 0 228.328 1.10184e-07
0.288054 1.82408 0 229.33 1.094e-07
0.288054 1.82408 0 230.333 1.08623e-07
0.288054 1.82408 0 231.335 1.07853e-07
0.288054 1.82408 0 232.338 1.0709e-07
0.288054 1.82408 0 233.34 1.06333e-07
0.288054 1.82408 0 234.342 1.05584e-07
0.288054 1.82408 0 235.345 1.04841e-07
0.288054 1.82408 0 236.347 1.04105e-07
0.288054 1.82408 0 237.35 1.03375e-07
0.288054 1.82408 0 238.352 1.02652e-07
0.288054 1.82408 0 239.355 1.01935e-07
0.288054 1.82408 0 240.357 1.01224e-07
0.288054 1.82408 0 241.36 1.00519e-07
0.288054 1.82408 0 242.362 9.98205e-08
0.288054 1.82408 0 243.365 9.91279e-08
0.288054 1.82408 0 244.367 9.84412e-08
0.288054 1.82408 0 245.37 9.77604e-08
0.288054 1.82408 0 246.372 9.70853e-08
0.288054 1.82408 0 247.375 9.64159e-08
0.288054 1.82408 0 248.377 9.57522e-08
0.288054 1.82408 0 249.38 9.5094e-08
0.288054 1.82408 0 250.382 9.44414e-08
0.288054 1.82408 0 251.385 9.37941e-08
0.288054 1.82408 0 252.387 9.31523e-08
0.288054 1.82408 0 253.39 9.25157e-08
0.288054 1.82408 0 254.392 9.18844e-08
0.288054 1.82408 0 255.395 9.12583e-08
0.288054 1.82408 0 256.397 9.06372e-08
0.288054 1.82408 0 257.4 9.00213e-08
0.288054 1.82408 0 258.402 8.94104e-08
0.288054 1.82408 0 259.405 8.88044e-08
0.288054 1.82408 0 260.407 8.82033e-08
0.288054 1.82408 0 261.409 8.7607e-08
0.288054 1.82408 0 262.412 8.70155e-08
0.288054 1.82408 0 263.414 8.64288e-08
0.288054 1.82408 0 264.417 8.58467e-08
0.288054 1.82408 0 265.419 8.52693e-08
0.288054 1.82408 0 266.422 8.46965e-08
0.288054 1.82408 0 267.424 8.41282e-08
0.288054 1.82408 0 268.427 8.35643e-08
0.288054 1.82408 0 269.429 8.30049e-08
0.288054 1.82408 0 270.432 8.24499e-08
0.288054 1.82408 0 271.434 8.18992e-08
0.288054 1.82408 0 272.437 8.13528e-08
0.288054 1.82408 0 273.439 8.08107e-08
0.288054 1.82408 0 274.442 8.02728e-08
0.288054 1.82408 0 275.444 7.9739e-08
0.288054 1.82408 0 276.447 7.92094e-08
0.288054 1.82408 0 277.449 7.86838e-08
0.288054 1.82408 0 278.452 7.81623e-08
0.288054 1.82408 0 279.454 7.76448e-08
0.288054 1.82408 0 280.457 7.71312e-08
0.288054 1.82408 0 281.459 7.66216e-08
0.288054 1.82408 0 282.462 7.61158e-08
0.288054 1.82408 0 283.464 7.56139e-08
0.288054 1.82408 0 284.467 7.51157e-08
0.288054 1.82408 0 285.469 7.46214e-08
0.288054 1.82408 0 286.472 7.41307e-08
0.288054 1.82408 0 287.474 7.36438e-08
0.288054 1.82408 0 288.476 7.31605e-08
0.288054 1.82408 0 289.479 7.26808e-08
0.288054 1.82408 0 290.481 7.22047e-08
0.288054 1.82408 0 291.484 7.17322e-08
0.288054 1.82408 0 292.486 7.12632e-08
0.288054 1.82408 0 293.489 7.07977e-08
0.288054 1.82408 0 294.491 7.03356e-08
0.288054 1.82408 0 295.494 6.98769e-08
0.288054 1.82408 0 296.496 6.94217e-08
0.288054 1.82408 0 297.499 6.89698e-08
0.288054 1.82408 0 298.501 6.85212e-08
0.288054 1.82408 0 299.504 6.80759e-08
0.288054 1.82408 0 300.506 6.76339e-08
0.288054 1.82408 0 301.509 6.71951e-08
0.288054 1.82408 0 302.511 6.67595e-08
0.288054 1.82408 0 303.514 6.63271e-08
0.288054 1.82408 0 304.516 6.58978e-08
0.288054 1.82408 0 305.519 6.54717e-08
0.288054 1.82408 0 306.521 6.50486e-08
0.288054 1.82408 0 307.524 6.46287e-08
0.288054 1.82408 0 308.526 6.42117e-08
0.288054 1.82408 0 309.529 6.37978e-08
0.288054 1.82408 0 310.531 6.33868e-08
0.288054 1.82408 0 311.534 6.29788e-08
0.288054 1.82408 0 312.536 6.25738e-08
0.288054 1.82408 0 313.538 6.21716e-08
0.288054 1.82408 0 314.541 6.17723e-08
0.288054 1.82408 0 315.543 6.13759e-08
0.288054 1.82408 0 316.546 6.09823e-08
0.288054 1.82408 0 317.548 6.05915e-08
0.288054 1.82408 0 318.551 6.02035e-08
0.288054 1.82408 0 319.553 5.98183e-08
0.288054 1.82408 0 320.556 5.94358e-08
0.288054 1.82408 0 321.558 5.9056e-08
0.288054 1.82408 0 322.561 5.86789e-08
0.288054 1.82408 0 323.563 5.83045e-08
0.288054 1.82408 0 324.566 5.79327e-08
0.288054 1.82408 0 325.568 5.75635e-08
0.288054 1.82408 0 326.571 5.71969e-08
0.288054 1.82408 0 327.573 5.68329e-08
0.288054 1.82408 0 328.576 5.64715e-08
0.288054 1.82408 0 329.578 5.61126e-08
0.288054 1.82408 0 330.581 5.57562e-08
0.288054 1.82408 0 331.583 5.54023e-08
0.288054 1.82408 0 332.586 5.50509e-08
0.288054 1.82408 0 333.588 5.47019e-08
0.288054 1.82408 0 334.591 5.43553e-08
0.288054 1.82408 0 335.593 5.40112e-08
0.288054 1.82408 0 336.596 5.36695e-08
0.288054 1.82408 0 337.598 5.33301e-08
0.288054 1.82408 0 338.601 5.29931e-08
0.288054 1.82408 0 339.603 5.26584e-08
0.288054 1.82408 0 340.605 5.23261e-08
0.288054 1.82408 0 341.608 5.1996e-08
0.288054 1.82408 0 342.61 5.16682e-08
0.288054 1.82408 0 343.613 5.13427e-08
0.288054 1.82408 0 344.615 5.10195e-08
0.288054 1.82408 0 345.618 5.06984e-08
0.288054 1.82408 0 346.62 5.03796e-08
0.288054 1.82408 0 347.623 5.00629e-08
0.288054 1.82408 0 348.625 4.97484e-08
0.288054 1.82408 0 349.628 4.94361e-08
0.288054 1.82408 0 350.63 4.91259e-08
0.288054 1.82408 0 351.633 4.88178e-08
0.288054 1.82408 0 352.635 4.85119e-08
0.288054 1.82408 0 353.638 4.8208e-08
0.288054 1.82408 0 354.64 4.79062e-08
0.288054 1.82408 0 355.643 4.76065e-08
0.288054 1.82408 0 356.645 4.73087e-08
0.288054 1.82408 0 357.648 4.70131e-08
0.288054 1.82408 0 358.65 4.67194e-08
0.288054 1.82408 0 359.653 4.64277e-08
0.288054 1.82408 0 360.655 4.6138e-08
0.288054 1.82408 0 361.658 4.58503e-08
0.288054 1.82408 0 362.66 4.55645e-08
0.288054 1.82408 0 363.663 4.52806e-08
0.288054 1.82408 0 364.665 4.49986e-08
0.288054 1.82408 0 365.668 4.47186e-08
0.288054 1.82408 0 366.67 4.44404e-08
0.288054 1.82408 0 367.672 4.41642e-08
0.288054 1.82408 0 368.675 4.38897e-08
0.288054 1.82408 0 369.677 4.36172e-08
0.288054 1.82408 0 370.68 4.33464e-08
0.288054 1.82408 0 371.682 4.30775e-08
0.288054 1.82408 0 372.685 4.28103e-08
0.288054 1.82408 0 373.687 4.2545e-08
0.288054 1.82408 0 374.69 4.22815e-08
0.288054 1.82408 0 375.692 4.20197e-08
0.288054 1.82408 0 376.695 4.17596e-08
0.288054 1.82408 0 377.697 4.15013e-08
0.288054 1.82408 0 378.7 4.12447e-08
0.288054 1.82408 0 379.702 4.09898e-08
0.288054 1.82408 0 380.705 4.07367e-08
0.288054 1.82408 0 381.707 4.04852e-08
0.288054 1.82408 0 382.71 4.02353e-08
0.288054 1.82408 0 383.712 3.99872e-08
0.288054 1.82408 0 384.715 3.97407e-08
0.288054 1.82408 0 385.717 3.94958e-08
0.288054 1.82408 0 386.72 3.92525e-08
0.288054 1.82408 0 387.722 3.90109e-08
0.288054 1.82408 0 388.725 3.87709e-08
0.288054 1.82408 0 389.727 3.85324e-08
0.288054 1.82408 0 390.73 3.82955e-08
0.288054 1.82408 0 391.732 3.80602e-08
0.288054 1.82408 0 392.735 3.78265e-08
0.288054 1.82408 0 393.737 3.75943e-08
0.288054 1.82408 0 394.739 3.73636e-08
0.288054 1.82408 0 395.742 3.71344e-08
0.288054 1.82408 0 396.744 3.69068e-08
0.288054 1.82408 0 397.747 3.66806e-08
0.288054 1.82408 0 398.749 3.64559e-08
0.288054 1.82408 0 399.752 3.62327e-08
0.288054 1.82408 0 400.754 3.6011e-08
0.288054 1.82408 0 401.757 3.57907e-08
0.288054 1.82408 0 402.759 3.55719e-08
0.288054 1.82408 0 403.762 3.53545e-08
0.288054 1.82408 0 404.764 3.51385e-08
0.288054 1.82408 0 405.767 3.4924e-08
0.288054 1.82408 0 406.769 3.47108e-08
0.288054 1.82408 0 407.772 3.4499e-08
0.288054 1.82408 0 408.774 3.42887e-08
0.288054 1.82408 0 409.777 3.40796e-08
0.288054 1.82408 0 410.779 3.3872e-08
0.288054 1.82408 0 411.782 3.36657e-08
0.288054 1.82408 0 412.784 3.34607e-08
0.288054 1.82408 0 413.787 3.32571e-08
0.288054 1.82408 0 414.789 3.30548e-08
0.288054 1.82408 0 415.792 3.28539e-08
0.288054 1.82408 0 416.794 3.26542e-08
0.288054 1.82408 0 417.797 3.24558e-08
0.288054 1.82408 0 418.799 3.22587e-08
0.288054 1.82408 0 419.802 3.20629e-08
0.288054 1.82408 0 420.804 3.18684e-08
0.288054 1.82408 0 421.806 3.16751e-08
0.288054 1.82408 0 422.809 3.14831e-08
0.288054 1.82408 0 423.811 3.12923e-08
0.288054 1.82408 0 424.814 3.11027e-08
0.288054 1.82408 0 425.816 3.09144e-08
0.288054 1.82408 0 426.819 3.07273e-08
0.288054 1.82408 0 427.821 3.05414e-08
0.288054 1.82408 0 428.824 3.03566e-08
0.288054 1.82408 0 429.826 3.01731e-08
0.288054 1.82408 0 430.829 2.99908e-08
0.288054 1.82408 0 431.831 2.98096e-08
0.288054 1.82408 0 432.834 2.96296e-08
0.288054 1.82408 0 433.836 2.94508e-08
0.288054 1.82408 0 434.839 2.92731e-08
0.288054 1.82408 0 435.841 2.90965e-08
0.288054 1.82408 0 436.844 2.89211e-08
0.288054 1.82408 0 437.846 2.87468e-08
0.288054 1.82408 0 438.849 2.85737e-08
0.288054 1.82408 0 439.851 2.84016e-08
0.288054 1.82408 0 440.854 2.82306e-08
0.288054 1.82408 0 441.856 2.80608e-08
0.288054 1.82408 0 442.859 2.7892e-08
0.288054 1.82408 0 443.861 2.77243e-08
0.288054 1.82408 0 444.864 2.75577e-08
0.288054 1.82408 0 445.866 2.73921e-08
0.288054 1.82408 0 446.868 2.72276e-08
0.288054 1.82408 0 447.871 2.70641e-08
0.288054 1.82408 0 448.873 2.69017e-08
0.288054 1.82408 0 449.876 2.67403e-08
0.288054 1.82408 0 450.878 2.658e-08
0.288054 1.82408 0 451.881 2.64207e-08
0.288054 1.82408 0 452.883 2.62623e-08
0.288054 1.82408 0 453.886 2.6105e-08
0.288054 1.82408 0 454.888 2.59487e-08
0.288054 1.82408 0 455.891 2.57934e-08
0.288054 1.82408 0 456.893 2.56391e-08
0.288054 1.82408 0 457.896 2.54857e-08
0.288054 1.82408 0 458.898 2.53334e-08
0.288054 1.82408 0 459.901 2.51819e-08
0.288054 1.82408 0 460.903 2.50315e-08
0.288054 1.82408 0 461.906 2.4882e-08
0.288054 1.82408 0 462.908 2.47334e-08
0.288054 1.82408 0 463.911 2.45858e-08
0.288054 1.82408 0 464.913 2.44391e-08
0.288054 1.82408 0 465.916 2.42934e-08
0.288054 1.82408 0 466.918 2.41486e-08
0.288054 1.82408 0 467.921 2.40047e-08
0.288054 1.82408 0 468.923 2.38616e-08
0.288054 1.82408 0 469.926 2.37195e-08
0.288054 1.82408 0 470.928 2.35783e-08
0.288054 1.82408 0 471.931 2.3438e-08
0.288054 1.82408 0 472.933 2.32986e-08
0.288054 1.82408 0 473.935 2.316e-08
0.288054 1.82408 0 474.938 2.30223e-08
0.288054 1.82408 0 475.94 2.28855e-08
0.288054 1.82408 0 476.943 2.27496e-08
0.288054 1.82408 0 477.945 2.26145e-08
0.288054 1.82408 0 478.948 2.24802e-08
0.288054 1.82408 0 479.95 2.23468e-08
0.288054 1.82408 0 480.953 2.22142e-08
0.288054 1.82408 0 481.955 2.20825e-08
0.288054 1.82408 0 482.958 2.19516e-08
0.288054 1.82408 0 483.96 2.18215e-08
0.288054 1.82408 0 484.963 2.16922e-08
0.288054 1.82408 0 485.965 2.15637e-08
0.288054 1.82408 0 486.968 2.14361e-08
0.288054 1.82408 0 487.97 2.13092e-08
0.288054 1.82408 0 488.973 2.11831e-08
0.288054 1.82408 0 489.975 2.10578e-08
0.288054 1.82408 0 490.978 2.09333e-08
0.288054 1.82408 0 491.98 2.08096e-08
0.288054 1.82408 0 492.983 2.06867e-08
0.288054 1.82408 0 493.985 2.05645e-08
0.288054 1.82408 0 494.988 2.0443e-08
0.288054 1.82408 0 495.99 2.03224e-08
0.288054 1.82408 0 496.993 2.02025e-08
0.288054 1.82408 0 497.995 2.00833e-08
0.288054 1.82408 0 498.998 1.99649e-08
0.288054 1.82408 0 500 1.98472e-08
0.288054 1.82408 0 100.01 3.32102e-07
0.288054 1.82408 0 101.012 5.70065e-07
0.288054 1.82408 0 102.015 5.33786e-07
0.288054 1.82408 0 103.017 4.95482e-07
0.288054 1.82408 0 104.02 4.67294e-07
0.288054 1.82408 0 105.022 4.45288e-07
0.288054 1.82408 0 106.025 4.27225e-07
0.288054 1.82408 0 107.027 4.11887e-07
0.288054 1.82408 0 108.03 3.98547e-07
0.288054 1.82408 0 109.032 3.86735e-07
0.288054 1.82408 0 110.035 3.7613e-07
0.288054 1.82408 0 111.037 3.66504e-07
0.288054 1.82408 0 112.04 3.57688e-07
0.288054 1.82408 0 113.042 3.49552e-07
0.288054 1.82408 0 114.045 3.41998e-07
0.288054 1.82408 0 115.047 3.34946e-07
0.288054 1.82408 0 116.05 3.28332e-07
0.288054 1.82408 0 117.052 3.22103e-07
0.288054 1.82408 0 118.055 3.16217e-07
0.288054 1.82408 0 119.057 3.10637e-07
0.288054 1.82408 0 120.06 3.05332e-07
0.288054 1.82408 0 121.062 3.00275e-07
0.288054 1.82408 0 122.065 2.95445e-07
0.288054 1.82408 0 123.067 2.90821e-07
0.288054 1.82408 0 124.07 2.86386e-07
0.288054 1.82408 0 125.072 2.82126e-07
0.288054 1.82408 0 126.075 2.78026e-07
0.288054 1.82408 0 127.077 2.74076e-07
0.288054 1.82408 0 128.079 2.70264e-07
0.288054 1.82408 0 129.082 2.66581e-07
0.288054 1.82408 0 130.084 2.63018e-07
0.288054 1.82408 0 131.087 2.59569e-07
0.288054 1.82408 0 132.089 2.56225e-07
0.288054 1.82408 0 133.092 2.52981e-07
0.288054 1.82408 0 134.094 2.4983e-07
0.288054 1.82408 0 135.097 2.46769e-07
0.288054 1.82408 0 136.099 2.43791e-07
0.288054 1.82408 0 137.102 2.40892e-07
0.288054 1.82408 0 138.104 2.38069e-07
0.288054 1.82408 0 139.107 2.35317e-07
0.288054 1.82408 0 140.109 2.32633e-07
0.288054 1.82408 0 141.112 2.30014e-07
0.288054 1.82408 0 142.114 2.27456e-07
0.288054 1.82408 0 143.117 2.24958e-07
0.288054 1.82408 0 144.119 2.22516e-07
0.288054 1.82408 0 145.122 2.20127e-07
0.288054 1.82408 0 146.124 2.17791e-07
0.288054 1.82408 0 147.127 2.15504e-07
0.288054 1.82408 0 148.129 2.13264e-07
0.288054 1.82408 0 149.132 2.1107e-07
0.288054 1.82408 0 150.134 2.0892e-07
0.288054 1.82408 0 151.137 2.06812e-07
0.288054 1.82408 0 152.139 2.04744e-07
0.288054 1.82408 0 153.142 2.02716e-07
0.288054 1.82408 0 154.144 2.00726e-07
0.288054 1.82408 0 155.146 1.98772e-07
0.288054 1.82408 0 156.149 1.96853e-07
0.288054 1.82408 0 157.151 1.94968e-07
0.288054 1.82408 0 158.154 1.93116e-07
0.288054 1.82408 0 159.156 1.91296e-07
0.288054 1.82408 0 160.159 1.89506e-07
0.288054 1.82408 0 161.161 1.87746e-07
0.288054 1.82408 0 162.164 1.86016e-07
0.288054 1.82408 0 163.166 1.84313e-07
0.288054 1.82408 0 164.169 1.82637e-07
0.288054 1.82408 0 165.171 1.80987e-07
0.288054 1.82408 0 166.174 1.79364e-07
0.288054 1.82408 0 167.176 1.77765e-07
0.288054 1.82408 0 168.179 1.7619e-07
0.288054 1.82408 0 169.181 1.74639e-07
0.288054 1.82408 0 170.184 1.7311e-07
0.288054 1.82408 0 171.186 1.71604e-07
0.288054 1.82408 0 172.189 1.70119e-07
0.288054 1.82408 0 173.191 1.68656e-07
0.288054 1.82408 0 174.194 1.67213e-07
0.288054 1.82408 0 175.196 1.6579e-07
0.288054 1.82408 0 176.199 1.64386e-07
0.288054 1.82408 0 177.201 1.63002e-07
0.288054 1.82408 0 178.204 1.61636e-07
0.288054 1.82408 0 179.206 1.60288e-07
0.288054 1.82408 0 180.208 1.58958e-07
0.288054 1.82408 0 181.211 1.57645e-07
0.288054 1.82408 0 182.213 1.56349e-07
0.288054 1.82408 0 183.216 1.55069e-07
0.288054 1.82408 0 184.218 1.53806e-07
0.288054 1.82408 0 185.221 1.52558e-07
0.288054 1.82408 0 186.223 1.51326e-07
0.288054 1.82408 0 187.226 1.50109e-07
0.288054 1.82408 0 188.228 1.48907e-07
0.288054 1.82408 0 189.231 1.47719e-07
0.288054 1.82408 0 190.233 1.46545e-07
0.288054 1.82408 0 191.236 1.45385e-07
0.288054 1.82408 0 192.238 1.44238e-07
0.288054 1.82408 0 193.241 1.43105e-07
0.288054 1.82408 0 194.243 1.41985e-07
0.288054 1.82408 0 195.246 1.40878e-07
0.288054 1.82408 0 196.248 1.39783e-07
0.288054 1.82408 0 197.251 1.38701e-07
0.288054 1.82408 0 198.253 1.3763e-07
0.288054 1.82408 0 199.256 1.36571e-07
0.288054 1.82408 0 200.258 1.35524e-07
0.288054 1.82408 0 201.261 1.34489e-07
0.288054 1.82408 0 202.263 1.33464e-07
0.288054 1.82408 0 203.266 1.3245e-07
0.288054 1.82408 0 204.268 1.31448e-07
0.288054 1.82408 0 205.271 1.30455e-07
0.288054 1.82408 0 206.273 1.29474e-07
0.288054 1.82408 0 207.275 1.28502e-07
0.288054 1.82408 0 208.278 1.2754e-07
0.288054 1.82408 0 209.28 1.26589e-07
0.288054 1.82408 0 210.283 1.25647e-07
0.288054 1.82408 0 211.285 1.24714e-07
0.288054 1.82408 0 212.288 1.23791e-07
0.288054 1.82408 0 213.29 1.22877e-07
0.288054 1.82408 0 214.293 1.21973e-07
0.288054 1.82408 0 215.295 1.21077e-07
0.288054 1.82408 0 216.298 1.2019e-07
0.288054 1.82408 0 217.3 1.19311e-07
0.288054 1.82408 0 218.303 1.18441e-07
0.288054 1.82408 0 219.305 1.1758e-07
0.288054 1.82408 0 220.308 1.16727e-07
0.288054 1.82408 0 221.31 1.15882e-07
0.288054 1.82408 0 222.313 1.15045e-07
0.288054 1.82408 0 223.315 1.14215e-07
0.288054 1.82408 0 224.318 1.13394e-07
0.288054 1.82408 0 225.32 1.1258e-07
0.288054 1.82408 0 226.323 1.11774e-07
0.288054 1.82408 0 227.325 1.10975e-07
0.288054 1.82408 0 228.328 1.10184e-07
0.288054 1.82408 0 229.33 1.094e-07
0.288054 1.82408 0 230.333 1.08623e-07
0.288054 1.82408 0 231.335 1.07853e-07
0.288054 1.82408 0 232.338 1.0709e-07
0.288054 1.82408 0 233.34 1.06333e-07
0.288054 1.82408 0 234.342 1.05584e-07
0.288054 1.82408 0 235.345 1.04841e-07
0.288054 1.82408 0 236.347 1.04105e-07
0.288054 1.82408 0 237.35 1.03375e-07
0.288054 1.82408 0 238.352 1.02652e-07
0.288054 1.82408 0 239.355 1.01935e-07
0.288054 1.82408 0 240.357 1.01224e-07
0.288054 1.82408 0 241.36 1.00519e-07
0.288054 1.82408 0 242.362 9.98205e-08
0.288054 1.82408 0 243.365 9.91279e-08
0.288054 1.82408 0 244.367 9.84412e-08
0.288054 1.82408 0 245.37 9.77604e-08
0.288054 1.82408 0 246.372 9.70853e-08
0.288054 1.82408 0 247.375 9.64159e-08
0.288054 1.82408 0 248.377 9.57522e-08
0.288054 1.82408 0 249.38 9.5094e-08
0.288054 1.82408 0 250.382 9.44414e-08
0.288054 1.82408 0 251.385 9.37941e-08
0.288054 1.82408 0 252.387 9.31523e-08
0.288054 1.82408 0 253.39 9.25157e-08
0.288054 1.82408 0 254.392 9.18844e-08
0.288054 1.82408 0 255.395 9.12583e-08
0.288054 1.82408 0 256.397 9.06372e-08
0.288054 1.82408 0 257.4 9.00213e-08
0.288054 1.82408 0 258.402 8.94104e-08
0.288054 1.82408 0 259.405 8.88044e-08
0.288054 1.82408 0 260.407 8.82033e-08
0.288054 1.82408 0 261.409 8.7607e-08
0.288054 1.82408 0 262.412 8.70155e-08
0.288054 1.82408 0 263.414 8.64288e-08
0.288054 1.82408 0 264.417 8.58467e-08
0.288054 1.82408 0 265.419 8.52693e-08
0.288054 1.82408 0 266.422 8.46965e-08
0.288054 1.82408 0 267.424 8.41282e-08
0.288054 1.82408 0 268.427 8.35643e-08
0.288054 1.82408 0 269.429 8.30049e-08
0.288054 1.82408 0 270.432 8.24499e-08
0.288054 1.82408 0 271.434 8.18992e-08
0.288054 1.82408 0 272.437 8.13528e-08
0.288054 1.82408 0 273.439 8.08107e-08
0.288054 1.82408 0 274.442 8.02728e-08
0.288054 1.82408 0 275.444 7.9739e-08
0.288054 1.82408 0 276.447 7.92094e-08
0.288054 1.82408 0 277.449 7.86838e-08
0.288054 1.82408 0 278.452 7.81623e-08
0.288054 1.82408 0 279.454 7.76448e-08
0.288054 1.82408 0 280.457 7.71312e-08
0.288054 1.82408 0 281.459 7.66216e-08
0.288054 1.82408 0 282.462 7.61158e-08
0.288054 1.82408 0 283.464 7.56139e-08
0.288054 1.82408 0 284.467 7.51157e-08
0.288054 1.82408 0 285.469 7.46214e-08
0.288054 1.82408 0 286.472 7.41307e-08
0.288054 1.82408 0 287.474 7.36438e-08
0.288054 1.82408 0 288.476 7.31605e-08
0.288054 1.82408 0 289.479 7.26808e-08
0.288054 1.82408 0 290.481 7.22047e-08
0.288054 1.82408 0 291.484 7.17322e-08
0.288054 1.82408 0 292.486 7.12632e-08
0.288054 1.82408 0 293.489 7.07977e-08
0.288054 1.82408 0 294.491 7.03356e-08
0.288054 1.82408 0 295.494 6.98769e-08
0.288054 1.82408 0 296.496 6.94217e-08
0.288054 1.82408 0 297.499 6.89698e-08
0.288054 1.82408 0 298.501 6.85212e-08
0.288054 1.82408 0 299.504 6.80759e-08
0.288054 1.82408 0 300.506 6.76339e-08
0.288054 1.82408 0 301.509 6.71951e-08
0.288054 1.82408 0 302.511 6.67595e-08
0.288054 1.82408 0 303.514 6.63271e-08
0.288054 1.82408 0 304.516 6.58978e-08
0.288054 1.82408 0 305.519 6.54717e-08
0.288054 1.82408 0 306.521 6.50486e-08
0.288054 1.82408 0 307.524 6.46287e-08
0.288054 1.82408 0 308.526 6.42117e-08
0.288054 1.82408 0 309.529 6.37978e-08
0.288054 1.82408 0 310.531 6.33868e-08
0.288054 1.82408 0 311.534 6.29788e-08
0.288054 1.82408 0 312.536 6.25738e-08
0.288054 1.82408 0 313.538 6.21716e-08
0.288054 1.82408 0 314.541 6.17723e-08
0.288054 1.82408 0 315.543 6.13759e-08
0.288054 1.82408 0 316.546 6.09823e-08
0.288054 1.82408 0 317.548 6.05915e-08
0.288054 1.82408 0 318.551 6.02035e-08
0.288054 1.82408 0 319.553 5.98183e-08
0.288054 1.82408 0 320.556 5.94358e-08
0.288054 1.82408 0 321.558 5.9056e-08
0.288054 1.82408 0 322.561 5.86789e-08
0.288054 1.82408 0 323.563 5.83045e-08
0.288054 1.82408 0 324.566 5.79327e-08
0.288054 1.82408 0 325.568 5.75635e-08
0.288054 1.82408 0 326.571 5.71969e-08
0.288054 1.82408 0 327.573 5.68329e-08
0.288054 1.82408 0 328.576 5.64715e-08
0.288054 1.82408 0 329.578 5.61126e-08
0.288054 1.82408 0 330.581 5.57562e-08
0.288054 1.82408 0 331.583 5.54023e-08
0.288054 1.82408 0 332.586 5.50509e-08
0.288054 1.82408 0 333.588 5.47019e-08
0.288054 1.82408 0 334.591 5.43553e-08
0.288054 1.82408 0 335.593 5.40112e-08
0.288054 1.82408 0 336.596 5.36695e-08
0.288054 1.82408 0 337.598 5.33301e-08
0.288054 1.82408 0 338.601 5.29931e-08
0.288054 1.82408 0 339.603 5.26584e-08
0.288054 1.82408 0 340.605 5.23261e-08
0.288054 1.82408 0 341.608 5.1996e-08
0.288054 1.82408 0 342.61 5.16682e-08
0.288054 1.82408 0 343.613 5.13427e-08
0.288054 1.82408 0 344.615 5.10195e-08
0.288054 1.82408 0 345.618 5.06984e-08
0.288054 1.82408 0 346.62 5.03796e-08
0.288054 1.82408 0 347.623 5.00629e-08
0.288054 1.82408 0 348.625 4.97484e-08
0.288054 1.82408 0 349.628 4.94361e-08
0.288054 1.82408 0 350.63 4.91259e-08
0.288054 1.82408 0 351.633 4.88178e-08
0.288054 1.82408 0 352.635 4.85119e-08
0.288054 1.82408 0 353.638 4.8208e-08
0.288054 1.82408 0 354.64 4.79062e-08
0.288054 1.82408 0 355.643 4.76065e-08
0.288054 1.82408 0 356.645 4.73087e-08
0.288054 1.82408 0 357.648 4.70131e-08
0.288054 1.82408 0 358.65 4.67194e-08
0.288054 1.82408 0 359.653 4.64277e-08
0.288054 1.82408 0 360.655 4.6138e-08
0.288054 1.82408 0 361.658 4.58503e-08
0.288054 1.82408 0 362.66 4.55645e-08
0.288054 1.82408 0 363.663 4.52806e-08
0.288054 1.82408 0 364.665 4.49986e-08
0.288054 1.82408 0 365.668 4.47186e-08
0.288054 1.82408 0 366.67 4.44404e-08
0.288054 1.82408 0 367.672 4.41642e-08
0.288054 1.82408 0 368.675 4.38897e-08
0.288054 1.82408 0 369.677 4.36172e-08
0.288054 1.82408 0 370.68 4.33464e-08
0.288054 1.82408 0 371.682 4.30775e-08
0.288054 1.82408 0 372.685 4.28103e-08
0.288054 1.82408 0 373.687 4.2545e-08
0.288054 1.82408 0 374.69 4.22815e-08
0.288054 1.82408 0 375.692 4.20197e-08
0.288054 1.82408 0 376.695 4.17596e-08
0.288054 1.82408 0 377.697 4.15013e-08
0.288054 1.82408 0 378.7 4.12447e-08
0.288054 1.82408 0 379.702 4.09898e-08
0.288054 1.82408 0 380.705 4.07367e-08
0.288054 1.82408 0 381.707 4.04852e-08
0.288054 1.82408 0 382.71 4.02353e-08
0.288054 1.82408 0 383.712 3.99872e-08
0.288054 1.82408 0 384.715 3.97407e-08
0.288054 1.82408 0 385.717 3.94958e-08
0.288054 1.82408 0 386.72 3.92525e-08
0.288054 1.82408 0 387.722 3.90109e-08
0.288054 1.82408 0 388.725 3.87709e-08
0.288054 1.82408 0 389.727 3.85324e-08
0.288054 1.82408 0 390.73 3.82955e-08
0.288054 1.82408 0 391.732 3.80602e-08
0.288054 1.82408 0 392.735 3.78265e-08
0.288054 1.82408 0 393.737 3.75943e-08
0.288054 1.82408 0 394.739 3.73636e-08
0.288054 1.82408 0 395.742 3.71344e-08
0.288054 1.82408 0 396.744 3.69068e-08
0.288054 1.82408 0 397.747 3.66806e-08
0.288054 1.82408 0 398.749 3.64559e-08
0.288054 1.82408 0 399.752 3.62327e-08
0.288054 1.82408 0 400.754 3.6011e-08
0.288054 1.82408 0 401.757 3.57907e-08
0.288054 1.82408 0 402.759 3.55719e-08
0.288054 1.82408 0 403.762 3.53545e-08
0.288054 1.82408 0 404.764 3.51385e-08
0.288054 1.82408 0 405.767 3.4924e-08
0.288054 1.82408 0 406.769 3.47108e-08
0.288054 1.82408 0 407.772 3.4499e-08
0.288054 1.82408 0 408.774 3.42887e-08
0.288054 1.82408 0 409.777 3.40796e-08
0.288054 1.82408 0 410.779 3.3872e-08
0.288054 1.82408 0 411.782 3.36657e-08
0.288054 1.82408 0 412.784 3.34607e-08
0.288054 1.82408 0 413.787 3.32571e-08
0.288054 1.82408 0 414.789 3.30548e-08
0.288054 1.82408 0 415.792 3.28539e-08
0.288054 1.82408 0 416.794 3.26542e-08
0.288054 1.82408 0 417.797 3.24558e-08
0.288054 1.82408 0 418.799 3.22587e-08
0.288054 1.82408 0 419.802 3.20629e-08
0.288054 1.82408 0 420.804 3.18684e-08
0.288054 1.82408 0 421.806 3.16751e-08
0.288054 1.82408 0 422.809 3.14831e-08
0.288054 1.82408 0 423.811 3.12923e-08
0.288054 1.82408 0 424.814 3.11027e-08
0.288054 1.82408 0 425.816 3.09144e-08
0.288054 1.82408 0 426.819 3.07273e-08
0.288054 1.82408 0 427.821 3.05414e-08
0.288054 1.82408 0 428.824 3.03566e-08
0.288054 1.82408 0 429.826 3.01731e-08
0.288054 1.82408 0 430.829 2.99908e-08
0.288054 1.82408 0 431.831 2.98096e-08
0.288054 1.82408 0 432.834 2.96296e-08
0.288054 1.82408 0 433.836 2.94508e-08
0.288054 1.82408 0 434.839 2.92731e-08
0.288054 1.82408 0 435.841 2.90965e-08
0.288054 1.82408 0 436.844 2.89211e-08
0.288054 1.82408 0 437.846 2.87468e-08
0.288054 1.82408 0 438.849 2.85737e-08
0.288054 1.82408 0 439.851 2.84016e-08
0.288054 1.82408 0 440.854 2.82306e-08
0.288054 1.82408 0 441.856 2.80608e-08
0.288054 1.82408 0 442.859 2.7892e-08
0.288054 1.82408 0 443.861 2.77243e-08
0.288054 1.82408 0 444.864 2.75577e-08
0.288054 1.82408 0 445.866 2.73921e-08
0.288054 1.82408 0 446.868 2.72276e-08
0.288054 1.82408 0 447.871 2.70641e-08
0.288054 1.82408 0 448.873 2.69017e-08
0.288054 1.82408 0 449.876 2.67403e-08
0.288054 1.82408 0 450.878 2.658e-08
0.288054 1.82408 0 451.881 2.64207e-08
0.288054 1.82408 0 452.883 2.62623e-08
0.288054 1.82408 0 453.886 2.6105e-08
0.288054 1.82408 0 454.888 2.59487e-08
0.288054 1.82408 0 455.891 2.57934e-08
0.288054 1.82408 0 456.893 2.56391e-08
0.288054 1.82408 0 457.896 2.54857e-08
0.288054 1.82408 0 458.898 2.53334e-08
0.288054 1.82408 0 459.901 2.51819e-08
0.288054 1.82408 0 460.903 2.50315e-08
0.288054 1.82408 0 461.906 2.4882e-08
0.288054 1.82408 0 462.908 2.47334e-08
0.288054 1.82408 0 463.911 2.45858e-08
0.288054 1.82408 0 464.913 2.44391e-08
0.288054 1.82408 0 465.916 2.42934e-08
0.288054 1.82408 0 466.918 2.41486e-08
0.288054 1.82408 0 467.921 2.40047e-08
0.288054 1.82408 0 468.923 2.38616e-08
0.288054 1.82408 0 469.926 2.37195e-08
0.288054 1.82408 0 470.928 2.35783e-08
0.288054 1.82408 0 471.931 2.3438e-08
0.288054 1.82408 0 472.933 2.32986e-08
0.288054 1.82408 0 473.935 2.316e-08
0.288054 1.82408 0 474.938 2.30223e-08
0.288054 1.82408 0 475.94 2.28855e-08
0.288054 1.82408 0 476.943 2.27496e-08
0.288054 1.82408 0 477.945 2.26145e-08
0.288054 1.82408 0 478.948 2.24802e-08
0.288054 1.82408 0 479.95 2.23468e-08
0.288054 1.82408 0 480.953 2.22142e-08
0.288054 1.82408 0 481.955 2.20825e-08
0.288054 1.82408 0 482.958 2.19516e-08
0.288054 1.82408 0 483.96 2.18215e-08
0.288054 1.82408 0 484.963 2.16922e-08
0.288054 1.82408 0 485.965 2.15637e-08
0.288054 1.82408 0 486.968 2.14361e-08
0.288054 1.82408 0 487.97 2.13092e-08
0.288054 1.82408 0 488.973 2.11831e-08
0.288054 1.82408 0 489.975 2.10578e-08
0.288054 1.82408 0 490.978 2.09333e-08
0.288054 1.82408 0 491.98 2.08096e-08
0.288054 1.82408 0 492.983 2.06867e-08
0.288054 1.82408 0 493.985 2.05645e-08
0.288054 1.82408 0 494.988 2.0443e-08
0.288054 1.82408 0 495.99 2.03224e-08
0.288054 1.82408 0 496.993 2.02025e-08
0.288054 1.82408 0 497.995 2.00833e-08
0.288054 1.82408 0 498.998 1.99649e-08
0.288054 1.82408 0 500 1.98472e-08
0.288054 1.82408 0 100.01 3.32102e-07
0.288054 1.82408 0 101.012 5.70065e-07
0.288054 1.82408 0 102.015 5.33786e-07
0.288054 1.82408 0 103.017 4.95482e-07
0.288054 1.82408 0 104.02 4.67294e-07
0.288054 1.82408 0 105.022 4.45288e-07
0.288054 1.82408 0 106.025 4.27225e-07
0.288054 1.82408 0 107.027 4.11887e-07
0.288054 1.82408 0 108.03 3.98547e-07
0.288054 1.82408 0 109.032 3.86735e-07
0.288054 1.82408 0 110.035 3.7613e-07
0.288054 1.82408 0 111.037 3.66504e-07
0.288054 1.82408 0 112.04 3.57688e-07
0.288054 1.82408 0 113.042 3.49552e-07
0.288054 1.82408 0 114.045 3.41998e-07
0.288054 1.82408 0 115.047 3.34946e-07
0.288054 1.82408 0 116.05 3.28332e-07
0.288054 1.82408 0 117.052 3.22103e-07
0.288054 1.82408 0 118.055 3.16217e-07
0.288054 1.82408 0 119.057 3.10637e-07
0.288054 1.82408 0 120.06 3.05332e-07
0.288054 1.82408 0 121.062 3.00275e-07
0.288054 1.82408 0 122.065 2.95445e-07
0.288054 1.82408 0 123.067 2.90821e-07
0.288054 1.82408 0 124.07 2.86386e-07
0.288054 1.82408 0 125.072 2.82126e-07
0.288054 1.82408 0 126.075 2.78026e-07
0.288054 1.82408 0 127.077 2.74076e-07
0.288054 1.82408 0 128.079 2.70264e-07
0.288054 1.82408 0 129.082 2.66581e-07
0.288054 1.82408 0 130.084 2.63018e-07
0.288054 1.82408 0 131.087 2.59569e-07
0.288054 1.82408 0 132.089 2.56225e-07
0.288054 1.82408 0 133.092 2.52981e-07
0.288054 1.82408 0 134.094 2.4983e-07
0.288054 1.82408 0 135.097 2.46769e-07
0.288054 1.82408 0 136.099 2.43791e-07
0.288054 1.82408 0 137.102 2.40892e-07
0.288054 1.82408 0 138.104 2.38069e-07
0.288054 1.82408 0 139.107 2.35317e-07
0.288054 1.82408 0 140.109 2.32633e-07
0.288054 1.82408 0 141.112 2.30014e-07
0.288054 1.82408 0 142.114 2.27456e-07
0.288054 1.82408 0 143.117 2.24958e-07
0.288054 1.82408 0 144.119 2.22516e-07
0.288054 1.82408 0 145.122 2.20127e-07
0.288054 1.82408 0 146.124 2.17791e-07
0.288054 1.82408 0 147.127 2.15504e-07
0.288054 1.82408 0 148.129 2.13264e-07
0.288054 1.82408 0 149.132 2.1107e-07
0.288054 1.82408 0 150.134 2.0892e-07
0.288054 1.82408 0 151.137 2.06812e-07
0.288054 1.82408 0 152.139 2.04744e-07
0.288054 1.82408 0 153.142 2.02716e-07
0.288054 1.82408 0 154.144 2.00726e-07
0.288054 1.82408 0 155.146 1.98772e-07
0.288054 1.82408 0 156.149 1.96853e-07
0.288054 1.82408 0 157.151 1.94968e-07
0.288054 1.82408 0 158.154 1.93116e-07
0.288054 1.82408 0 159.156 1.91296e-07
0.288054 1.82408 0 160.159 1.89506e-07
0.288054 1.82408 0 161.161 1.87746e-07
0.288054 1.82408 0 162.164 1.86016e-07
0.288054 1.82408 0 163.166 1.84313e-07
0.288054 1.82408 0 164.169 1.82637e-07
0.288054 1.82408 0 165.171 1.80987e-07
0.288054 1.82408 0 166.174 1.79364e-07
0.288054 1.82408 0 167.176 1.77765e-07
0.288054 1.82408 0 168.179 1.7619e-07
0.288054 1.82408 0 169.181 1.74639e-07
0.288054 1.82408 0 170.184 1.7311e-07
0.288054 1.82408 0 171.186 1.71604e-07
0.288054 1.82408 0 172.189 1.70119e-07
0.288054 1.82408 0 173.191 1.68656e-07
0.288054 1.82408 0 174.194 1.67213e-07
0.288054 1.82408 0 175.196 1.6579e-07
0.288054 1.82408 0 176.199 1.64386e-07
0.288054 1.82408 0 177.201 1.63002e-07
0.288054 1.82408 0 178.204 1.61636e-07
0.288054 1.82408 0 179.206 1.60288e-07
0.288054 1.82408 0 180.208 1.58958e-07
0.288054 1.82408 0 181.211 1.57645e-07
0.288054 1.82408 0 182.213 1.56349e-07
0.288054 1.82408 0 183.216 1.55069e-07
0.288054 1.82408 0 184.218 1.53806e-07
0.288054 1.82408 0 185.221 1.52558e-07
0.288054 1.82408 0 186.223 1.51326e-07
0.288054 1.82408 0 187.226 1.50109e-07
0.288054 1.82408 0 188.228 1.48907e-07
0.288054 1.82408 0 189.231 1.47719e-07
0.288054 1.82408 0 190.233 1.46545e-07
0.288054 1.82408 0 191.236 1.45385e-07
0.288054 1.82408 0 192.238 1.44238e-07
0.288054 1.82408 0 193.241 1.43105e-07
0.288054 1.82408 0 194.243 1.41985e-07
0.288054 1.82408 0 195.246 1.40878e-07
0.288054 1.82408 0 196.248 1.39783e-07
0.288054 1.82408 0 197.251 1.38701e-07
0.288054 1.82408 0 198.253 1.3763e-07
0.288054 1.82408 0 199.256 1.36571e-07
0.288054 1.82408 0 200.258 1.35524e-07
0.288054 1.82408 0 201.261 1.34489e-07
0.288054 1.82408 0 202.263 1.33464e-07
0.288054 1.82408 0 203.266 1.3245e-07
0.288054 1.82408 0 204.268 1.31448e-07
0.288054 1.82408 0 205.271 1.30455e-07
0.288054 1.82408 0 206.273 1.29474e-07
0.288054 1.82408 0 207.275 1.28502e-07
0.288054 1.82408 0 208.278 1.2754e-07
0.288054 1.82408 0 209.28 1.26589e-07
0.288054 1.82408 0 210.283 1.25647e-07
0.288054 1.82408 0 211.285 1.24714e-07
0.288054 1.82408 0 212.288 1.23791e-07
0.288054 1.82408 0 213.29 1.22877e-07
0.288054 1.82408 0 214.293 1.21973e-07
0.288054 1.82408 0 215.295 1.21077e-07
0.288054 1.82408 0 216.298 1.2019e-07
0.288054 1.82408 0 217.3 1.19311e-07
0.288054 1.82408 0 218.303 1.18441e-07
0.288054 1.82408 0 219.305 1.1758e-07
0.288054 1.82408 0 220.308 1.16727e-07
0.288054 1.82408 0 221.31 1.15882e-07
0.288054 1.82408 0 222.313 1.15045e-07
0.288054 1.82408 0 223.315 1.14215e-07
0.288054 1.82408 0 224.318 1.13394e-07
0.288054 1.82408 0 225.32 1.1258e-07
0.288054 1.82408 0 226.323 1.11774e-07
0.288054 1.82408 0 227.325 1.10975e-07
0.288054 1.82408 0 228.328 1.10184e-07
0.288054 1.82408 0 229.33 1.094e-07
0.288054 1.82408 0 230.333 1.08623e-07
0.288054 1.82408 0 231.335 1.07853e-07
0.288054 1.82408 0 232.338 1.0709e-07
0.288054 1.82408 0 233.34 1.06333e-07
0.288054 1.82408 0 234.342 1.05584e-07
0.288054 1.82408 0 235.345 1.04841e-07
0.288054 1.82408 0 236.347 1.04105e-07
0.288054 1.82408 0 237.35 1.03375e-07
0.288054 1.82408 0 238.352 1.02652e-07
0.288054 1.82408 0 239.355 1.01935e-07
0.288054 1.82408 0 240.357 1.01224e-07
0.288054 1.82408 0 241.36 1.00519e-07
0.288054 1.82408 0 242.362 9.98205e-08
0.288054 1.82408 0 243.365 9.91279e-08
0.288054 1.82408 0 244.367 9.84412e-08
0.288054 1.82408 0 245.37 9.77604e-08
0.288054 1.82408 0 246.372 9.70853e-08
0.288054 1.82408 0 247.375 9.64159e-08
0.288054 1.82408 0 248.377 9.57522e-08
0.288054 1.82408 0 249.38 9.5094e-08
0.288054 1.82408 0 250.382 9.44414e-08
0.288054 1.82408 0 251.385 9.37941e-08
0.288054 1.82408 0 252.387 9.31523e-08
0.288054 1.82408 0 253.39 9.25157e-08
0.288054 1.82408 0 254.392 9.18844e-08
0.288054 1.82408 0 255.395 9.12583e-08
0.288054 1.82408 0 256.397 9.06372e-08
0.288054 1.82408 0 257.4 9.00213e-08
0.288054 1.82408 0 258.402 8.94104e-08
0.288054 1.82408 0 259.405 8.88044e-08
0.288054 1.82408 0 260.407 8.82033e-08
0.288054 1.82408 0 261.409 8.7607e-08
0.288054 1.82408 0 262.412 8.70155e-08
0.288054 1.82408 0 263.414 8.64288e-08
0.288054 1.82408 0 264.417 8.58467e-08
0.288054 1.82408 0 265.419 8.52693e-08
0.288054 1.82408 0 266.422 8.46965e-08
0.288054 1.82408 0 267.424 8.41282e-08
0.288054 1.82408 0 268.427 8.35643e-08
0.288054 1.82408 0 269.429 8.30049e-08
0.288054 1.82408 0 270.432 8.24499e-08
0.288054 1.82408 0 271.434 8.18992e-08
0.288054 1.82408 0 272.437 8.13528e-08
0.288054 1.82408 0 273.439 8.08107e-08
0.288054 1.82408 0 274.442 8.02728e-08
0.288054 1.82408 0 275.444 7.9739e-08
0.288054 1.82408 0 276.447 7.92094e-08
0.288054 1.82408 0 277.449 7.86838e-08
0.288054 1.82408 0 278.452 7.81623e-08
0.288054 1.82408 0 279.454 7.76448e-08
0.288054 1.82408 0 280.457 7.71312e-08
0.288054 1.82408 0 281.459 7.66216e-08
0.288054 1.82408 0 282.462 7.61158e-08
0.288054 1.82408 0 283.464 7.56139e-08
0.288054 1.82408 0 284.467 7.51157e-08
0.288054 1.82408 0 285.469 7.46214e-08
0.288054 1.82408 0 286.472 7.41307e-08
0.288054 1.82408 0 287.474 7.36438e-08
0.288054 1.82408 0 288.476 7.31605e-08
0.288054 1.82408 0 289.479 7.26808e-08
0.288054 1.82408 0 290.481 7.22047e-08
0.288054 1.82408 0 291.484 7.17322e-08
0.288054 1.82408 0 292.486 7.12632e-08
0.288054 1.82408 0 293.489 7.07977e-08
0.288054 1.82408 0 294.491 7.03356e-08
0.288054 1.82408 0 295.494 6.98769e-08
0.288054 1.82408 0 296.496 6.94217e-08
0.288054 1.82408 0 297.499 6.89698e-08
0.288054 1.82408 0 298.501 6.85212e-08
0.288054 1.82408 0 299.504 6.80759e-08
0.288054 1.82408 0 300.506 6.76339e-08
0.288054 1.82408 0 301.509 6.71951e-08
0.288054 1.82408 0 302.511 6.67595e-08
0.288054 1.82408 0 303.514 6.63271e-08
0.288054 1.82408 0 304.516 6.58978e-08
0.288054 1.82408 0 305.519 6.54717e-08
0.288054 1.82408 0 306.521 6.50486e-08
0.288054 1.82408 0 307.524 6.46287e-08
0.288054 1.82408 0 308.526 6.42117e-08
0.288054 1.82408 0 309.529 6.37978e-08
0.288054 1.82408 0 310.531 6.33868e-08
0.288054 1.82408 0 311.534 6.29788e-08
0.288054 1.82408 0 312.536 6.25738e-08
0.288054 1.82408 0 313.538 6.21716e-08
0.288054 1.82408 0 314.541 6.17723e-08
0.288054 1.82408 0 315.543 6.13759e-08
0.288054 1.82408 0 316.546 6.09823e-08
0.288054 1.82408 0 317.548 6.05915e-08
0.288054 1.82408 0 318.551 6.02035e-08
0.288054 1.82408 0 319.553 5.98183e-08
0.288054 1.82408 0 320.556 5.94358e-08
0.288054 1.82408 0 321.558 5.9056e-08
0.288054 1.82408 0 322.561 5.86789e-08
0.288054 1.82408 0 323.563 5.83045e-08
0.288054 1.82408 0 324.566 5.79327e-08
0.288054 1.82408 0 325.568 5.75635e-08
0.288054 1.82408 0 326.571 5.71969e-08
0.288054 1.82408 0 327.573 5.68329e-08
0.288054 1.82408 0 328.576 5.64715e-08
0.288054 1.82408 0 329.578 5.61126e-08
0.288054 1.82408 0 330.581 5.57562e-08
0.288054 1.82408 0 331.583 5.54023e-08
0.288054 1.82408 0 332.586 5.50509e-08
0.288054 1.82408 0 333.588 5.47019e-08
0.288054 1.82408 0 334.591 5.43553e-08
0.288054 1.82408 0 335.593 5.40112e-08
0.288054 1.82408 0 336.596 5.36695e-08
0.288054 1.82408 0 337.598 5.33301e-08
0.288054 1.82408 0 338.601 5.29931e-08
0.288054 1.82408 0 339.603 5.26584e-08
0.288054 1.82408 0 340.605 5.23261e-08
0.288054 1.82408 0 341.608 5.1996e-08
0.288054 1.82408 0 342.61 5.16682e-08
0.288054 1.82408 0 343.613 5.13427e-08
0.288054 1.82408 0 344.615 5.10195e-08
0.288054 1.82408 0 345.618 5.06984e-08
0.288054 1.82408 0 346.62 5.03796e-08
0.288054 1.82408 0 347.623 5.00629e-08
0.288054 1.82408 0 348.625 4.97484e-08
0.288054 1.82408 0 349.628 4.94361e-08
0.288054 1.82408 0 350.63 4.91259e-08
0.288054 1.82408 0 351.633 4.88178e-08
0.288054 1.82408 0 352.635 4.85119e-08
0.288054 1.82408 0 353.638 4.8208e-08
0.288054 1.82408 0 354.64 4.79062e-08
0.288054 1.82408 0 355.643 4.76065e-08
0.288054 1.82408 0 356.645 4.73087e-08
0.288054 1.82408 0 357.648 4.70131e-08
0.288054 1.82408 0 358.65 4.67194e-08
0.288054 1.82408 0 359.653 4.64277e-08
0.288054 1.82408 0 360.655 4.6138e-08
0.288054 1.82408 0 361.658 4.58503e-08
0.288054 1.82408 0 362.66 4.55645e-08
0.288054 1.82408 0 363.663 4.52806e-08
0.288054 1.82408 0 364.665 4.49986e-08
0.288054 1.82408 0 365.668 4.47186e-08
0.288054 1.82408 0 366.67 4.44404e-08
0.288054 1.82408 0 367.672 4.41642e-08
0.288054 1.82408 0 368.675 4.38897e-08
0.288054 1.82408 0 369.677 4.36172e-08
0.288054 1.82408 0 370.68 4.33464e-08
0.288054 1.82408 0 371.682 4.30775e-08
0.288054 1.82408 0 372.685 4.28103e-08
0.288054 1.82408 0 373.687 4.2545e-08
0.288054 1.82408 0 374.69 4.22815e-08
0.288054 1.82408 0 375.692 4.20197e-08
0.288054 1.82408 0 376.695 4.17596e-08
0.288054 1.82408 0 377.697 4.15013e-08
0.288054 1.82408 0 378.7 4.12447e-08
0.288054 1.82408 0 379.702 4.09898e-08
0.288054 1.82408 0 380.705 4.07367e-08
0.288054 1.82408 0 381.707 4.04852e-08
0.288054 1.82408 0 382.71 4.02353e-08
0.288054 1.82408 0 383.712 3.99872e-08
0.288054 1.82408 0 384.715 3.97407e-08
0.288054 1.82408 0 385.717 3.94958e-08
0.288054 1.82408 0 386.72 3.92525e-08
0.288054 1.82408 0 387.722 3.90109e-08
0.288054 1.82408 0 388.725 3.87709e-08
0.288054 1.82408 0 389.727 3.85324e-08
0.288054 1.82408 0 390.73 3.82955e-08
0.288054 1.82408 0 391.732 3.80602e-08
0.288054 1.82408 0 392.735 3.78265e-08
0.288054 1.82408 0 393.737 3.75943e-08
0.288054 1.82408 0 394.739 3.73636e-08
0.288054 1.82408 0 395.742 3.71344e-08
0.288054 1.82408 0 396.744 3.69068e-08
0.288054 1.82408 0 397.747 3.66806e-08
0.288054 1.82408 0 398.749 3.64559e-08
0.288054 1.82408 0 399.752 3.62327e-08
0.288054 1.82408 0 400.754 3.6011e-08
0.288054 1.82408 0 401.757 3.57907e-08
0.288054 1.82408 0 402.759 3.55719e-08
0.288054 1.82408 0 403.762 3.53545e-08
0.288054 1.82408 0 404.764 3.51385e-08
0.288054 1.82408 0 405.767 3.4924e-08
0.288054 1.82408 0 406.769 3.47108e-08
0.288054 1.82408 0 407.772 3.4499e-08
0.288054 1.82408 0 408.774 3.42887e-08
0.288054 1.82408 0 409.777 3.40796e-08
0.288054 1.82408 0 410.779 3.3872e-08
0.288054 1.82408 0 411.782 3.36657e-08
0.288054 1.82408 0 412.784 3.34607e-08
0.288054 1.82408 0 413.787 3.32571e-08
0.288054 1.82408 0 414.789 3.30548e-08
0.288054 1.82408 0 415.792 3.28539e-08
0.288054 1.82408 0 416.794 3.26542e-08
0.288054 1.82408 0 417.797 3.24558e-08
0.288054 1.82408 0 418.799 3.22587e-08
0.288054 1.82408 0 419.802 3.20629e-08
0.288054 1.82408 0 420.804 3.18684e-08
0.288054 1.82408 0 421.806 3.16751e-08
0.288054 1.82408 0 422.809 3.14831e-08
0.288054 1.82408 0 423.811 3.12923e-08
0.288054 1.82408 0 424.814 3.11027e-08
0.288054 1.82408 0 425.816 3.09144e-08
0.288054 1.82408 0 426.819 3.07273e-08
0.288054 1.82408 0 427.821 3.05414e-08
0.288054 1.82408 0 428.824 3.03566e-08
0.288054 1.82408 0 429.826 3.01731e-08
0.288054 1.82408 0 430.829 2.99908e-08
0.288054 1.82408 0 431.831 2.98096e-08
0.288054 1.82408 0 432.834 2.96296e-08
0.288054 1.82408 0 433.836 2.94508e-08
0.288054 1.82408 0 434.839 2.92731e-08
0.288054 1.82408 0 435.841 2.90965e-08
0.288054 1.82408 0 436.844 2.89211e-08
0.288054 1.82408 0 437.846 2.87468e-08
0.288054 1.82408 0 438.849 2.85737e-08
0.288054 1.82408 0 439.851 2.84016e-08
0.288054 1.82408 0 440.854 2.82306e-08
0.288054 1.82408 0 441.856 2.80608e-08
0.288054 1.82408 0 442.859 2.7892e-08
0.288054 1.82408 0 443.861 2.77243e-08
0.288054 1.82408 0 444.864 2.75577e-08
0.288054 1.82408 0 445.866 2.73921e-08
0.288054 1.82408 0 446.868 2.72276e-08
0.288054 1.82408 0 447.871 2.70641e-08
0.288054 1.82408 0 448.873 2.69017e-08
0.288054 1.82408 0 449.876 2.67403e-08
0.288054 1.82408 0 450.878 2.658e-08
0.288054 1.82408 0 451.881 2.64207e-08
0.288054 1.82408 0 452.883 2.62623e-08
0.288054 1.82408 0 453.886 2.6105e-08
0.288054 1.82408 0 454.888 2.59487e-08
0.288054 1.82408 0 455.891 2.57934e-08
0.288054 1.82408 0 456.893 2.56391e-08
0.288054 1.82408 0 457.896 2.54857e-08
0.288054 1.82408 0 458.898 2.53334e-08
0.288054 1.82408 0 459.901 2.51819e-08
0.288054 1.82408 0 460.903 2.50315e-08
0.288054 1.82408 0 461.906 2.4882e-08
0.288054 1.82408 0 462.908 2.47334e-08
0.288054 1.82408 0 463.911 2.45858e-08
0.288054 1.82408 0 464.913 2.44391e-08
0.288054 1.82408 0 465.916 2.42934e-08
0.288054 1.82408 0 466.918 2.41486e-08
0.288054 1.82408 0 467.921 2.40047e-08
0.288054 1.82408 0 468.923 2.38616e-08
0.288054 1.82408 0 469.926 2.37195e-08
0.288054 1.82408 0 470.928 2.35783e-08
0.288054 1.82408 0 471.931 2.3438e-08
0.288054 1.82408 0 472.933 2.32986e-08
0.288054 1.82408 0 473.935 2.316e-08
0.288054 1.82408 0 474.938 2.30223e-08
0.288054 1.82408 0 475.94 2.28855e-08
0.288054 1.82408 0 476.943 2.27496e-08
0.288054 1.82408 0 477.945 2.26145e-08
0.288054 1.82408 0 478.948 2.24802e-08
0.288054 1.82408 0 479.95 2.23468e-08
0.288054 1.82408 0 480.953 2.22142e-08
0.288054 1.82408 0 481.955 2.20825e-08
0.288054 1.82408 0 482.958 2.19516e-08
0.288054 1.82408 0 483.96 2.18215e-08
0.288054 1.82408 0 484.963 2.16922e-08
0.288054 1.82408 0 485.965 2.15637e-08
0.288054 1.82408 0 486.968 2.14361e-08
0.288054 1.82408 0 487.97 2.13092e-08
0.288054 1.82408 0 488.973 2.11831e-08
0.288054 1.82408 0 489.975 2.10578e-08
0.288054 1.82408 0 490.978 2.09333e-08
0.288054 1.82408 0 491.98 2.08096e-08
0.288054 1.82408 0 492.983 2.06867e-08
0.288054 1.82408 0 493.985 2.05645e-08
0.288054 1.82408 0 494.988 2.0443e-08
0.288054 1.82408 0 495.99 2.03224e-08
0.288054 1.82408 0 496.993 2.02025e-08
0.288054 1.82408 0 497.995 2.00833e-08
0.288054 1.82408 0 498.998 1.99649e-08
0.288054 1.82408 0 500 1.98472e-08
