0.876245 1.4382 0 150.015 2.24871e-05
0.876245 1.4382 0 151.017 4.06005e-05
0.876245 1.4382 0 152.02 4.1421e-05
0.876245 1.4382 0 153.022 4.00158e-05
0.876245 1.4382 0 154.025 3.85096e-05
0.876245 1.4382 0 155.027 3.70429e-05
0.876245 1.4382 0 156.03 3.56222e-05
0.876245 1.4382 0 157.032 3.42463e-05
0.876245 1.4382 0 158.035 3.29134e-05
0.876245 1.4382 0 159.037 3.16221e-05
0.876245 1.4382 0 160.04 3.03712e-05
0.876245 1.4382 0 161.042 2.91593e-05
0.876245 1.4382 0 162.045 2.79852e-05
0.876245 1.4382 0 163.047 2.68479e-05
0.876245 1.4382 0 164.05 2.57462e-05
0.876245 1.4382 0 165.052 2.46791e-05
0.876245 1.4382 0 166.054 2.36455e-05
0.876245 1.4382 0 167.057 2.26446e-05
0.876245 1.4382 0 168.059 2.16753e-05
0.876245 1.4382 0 169.062 2.07368e-05
0.876245 1.4382 0 170.064 1.98281e-05
0.876245 1.4382 0 171.067 1.89483e-05
0.876245 1.4382 0 172.069 1.80968e-05
0.876245 1.4382 0 173.072 1.72725e-05
0.876245 1.4382 0 174.074 1.64748e-05
0.876245 1.4382 0 175.077 1.57029e-05
0.876245 1.4382 0 176.079 1.4956e-05
0.876245 1.4382 0 177.082 1.42333e-05
0.876245 1.4382 0 178.084 1.35343e-05
0.876245 1.4382 0 179.087 1.28582e-05
0.876245 1.4382 0 180.089 1.22043e-05
0.876245 1.4382 0 181.092 1.15721e-05
0.876245 1.4382 0 182.094 1.09608e-05
0.876245 1.4382 0 183.096 1.03698e-05
0.876245 1.4382 0 184.099 9.7986e-06
0.876245 1.4382 0 185.101 9.24659e-06
0.876245 1.4382 0 186.104 8.7132e-06
0.876245 1.4382 0 187.106 8.19787e-06
0.876245 1.4382 0 188.109 7.70009e-06
0.876245 1.4382 0 189.111 7.21934e-06
0.876245 1.4382 0 190.114 6.75511e-06
0.876245 1.4382 0 191.116 6.30691e-06
0.876245 1.4382 0 192.119 5.87428e-06
0.876245 1.4382 0 193.121 5.45674e-06
0.876245 1.4382 0 194.124 5.05385e-06
0.876245 1.4382 0 195.126 4.66518e-06
0.876245 1.4382 0 196.129 4.29029e-06
0.876245 1.4382 0 197.131 3.92879e-06
0.876245 1.4382 0 198.133 3.58026e-06
0.876245 1.4382 0 199.136 3.24432e-06
0.876245 1.4382 0 200.138 2.9206e-06
0.876245 1.4382 0 201.141 2.60871e-06
0.876245 1.4382 0 202.143 2.30831e-06
0.876245 1.4382 0 203.146 2.01905e-06
0.876245 1.4382 0 204.148 1.74058e-06
0.876245 1.4382 0 205.151 1.47259e-06
0.876245 1.4382 0 206.153 1.21475e-06
0.876245 1.4382 0 207.156 9.6675e-07
0.876245 1.4382 0 208.158 7.28292e-07
0.876245 1.4382 0 209.161 4.99082e-07
0.876245 1.4382 0 210.163 2.78836e-07
0.876245 1.4382 0 211.166 6.72765e-08
0.876245 1.4382 0 212.168 -1.35864e-07
0.876245 1.4382 0 213.171 -3.30848e-07
0.876245 1.4382 0 214.173 -5.17929e-07
0.876245 1.4382 0 215.175 -6.97352e-07
0.876245 1.4382 0 216.178 -8.69357e-07
0.876245 1.4382 0 217.18 -1.03418e-06
0.876245 1.4382 0 218.183 -1.19204e-06
0.876245 1.4382 0 219.185 -1.34316e-06
0.876245 1.4382 0 220.188 -1.48776e-06
0.876245 1.4382 0 221.19 -1.62603e-06
0.876245 1.4382 0 222.193 -1.75819e-06
0.876245 1.4382 0 223.195 -1.88443e-06
0.876245 1.4382 0 224.198 -2.00493e-06
0.876245 1.4382 0 225.2 -2.11989e-06
0.876245 1.4382 0 226.203 -2.22948e-06
0.876245 1.4382 0 227.205 -2.33387e-06
0.876245 1.4382 0 228.208 -2.43323e-06
0.876245 1.4382 0 229.21 -2.52774e-06
0.876245 1.4382 0 230.212 -2.61754e-06
0.876245 1.4382 0 231.215 -2.70279e-06
0.876245 1.4382 0 232.217 -2.78365e-06
0.876245 1.4382 0 233.22 -2.86025e-06
0.876245 1.4382 0 234.222 -2.93274e-06
0.876245 1.4382 0 235.225 -3.00126e-06
0.876245 1.4382 0 236.227 -3.06593e-06
0.876245 1.4382 0 237.23 -3.1269e-06
0.876245 1.4382 0 238.232 -3.18428e-06
0.876245 1.4382 0 239.235 -3.2382e-06
0.876245 1.4382 0 240.237 -3.28877e-06
0.876245 1.4382 0 241.24 -3.33612e-06
0.876245 1.4382 0 242.242 -3.38034e-06
0.876245 1.4382 0 243.245 -3.42156e-06
0.876245 1.4382 0 244.247 -3.45987e-06
0.876245 1.4382 0 245.25 -3.49538e-06
0.876245 1.4382 0 246.252 -3.52818e-06
0.876245 1.4382 0 247.254 -3.55837e-06
0.876245 1.4382 0 248.257 -3.58605e-06
0.876245 1.4382 0 249.259 -3.6113e-06
0.876245 1.4382 0 250.262 -3.63422e-06
0.876245 1.4382 0 251.264 -3.65488e-06
0.876245 1.4382 0 252.267 -3.67337e-06
0.876245 1.4382 0 253.269 -3.68977e-06
0.876245 1.4382 0 254.272 -3.70415e-06
0.876245 1.4382 0 255.274 -3.7166e-06
0.876245 1.4382 0 256.277 -3.72718e-06
0.876245 1.4382 0 257.279 -3.73597e-06
0.876245 1.4382 0 258.282 -3.74303e-06
0.876245 1.4382 0 259.284 -3.74843e-06
0.876245 1.4382 0 260.287 -3.75223e-06
0.876245 1.4382 0 261.289 -3.7545e-06
0.876245 1.4382 0 262.291 -3.75529e-06
0.876245 1.4382 0 263.294 -3.75467e-06
0.876245 1.4382 0 264.296 -3.75269e-06
0.876245 1.4382 0 265.299 -3.74941e-06
0.876245 1.4382 0 266.301 -3.74488e-06
0.876245 1.4382 0 267.304 -3.73915e-06
0.876245 1.4382 0 268.306 -3.73227e-06
0.876245 1.4382 0 269.309 -3.72428e-06
0.876245 1.4382 0 270.311 -3.71525e-06
0.876245 1.4382 0 271.314 -3.70521e-06
0.876245 1.4382 0 272.316 -3.6942e-06
0.876245 1.4382 0 273.319 -3.68227e-06
0.876245 1.4382 0 274.321 -3.66946e-06
0.876245 1.4382 0 275.324 -3.65581e-06
0.876245 1.4382 0 276.326 -3.64136e-06
0.876245 1.4382 0 277.329 -3.62614e-06
0.876245 1.4382 0 278.331 -3.61019e-06
0.876245 1.4382 0 279.333 -3.59355e-06
0.876245 1.4382 0 280.336 -3.57624e-06
0.876245 1.4382 0 281.338 -3.55832e-06
0.876245 1.4382 0 282.341 -3.53979e-06
0.876245 1.4382 0 283.343 -3.5207e-06
0.876245 1.4382 0 284.346 -3.50107e-06
0.876245 1.4382 0 285.348 -3.48094e-06
0.876245 1.4382 0 286.351 -3.46032e-06
0.876245 1.4382 0 287.353 -3.43925e-06
0.876245 1.4382 0 288.356 -3.41776e-06
0.876245 1.4382 0 289.358 -3.39586e-06
0.876245 1.4382 0 290.361 -3.37358e-06
0.876245 1.4382 0 291.363 -3.35095e-06
0.876245 1.4382 0 292.366 -3.32799e-06
0.876245 1.4382 0 293.368 -3.30471e-06
0.876245 1.4382 0 294.37 -3.28115e-06
0.876245 1.4382 0 295.373 -3.25731e-06
0.876245 1.4382 0 296.375 -3.23323e-06
0.876245 1.4382 0 297.378 -3.20891e-06
0.876245 1.4382 0 298.38 -3.18438e-06
0.876245 1.4382 0 299.383 -3.15965e-06
0.876245 1.4382 0 300.385 -3.13475e-06
0.876245 1.4382 0 301.388 -3.10968e-06
0.876245 1.4382 0 302.39 -3.08446e-06
0.876245 1.4382 0 303.393 -3.05912e-06
0.876245 1.4382 0 304.395 -3.03365e-06
0.876245 1.4382 0 305.398 -3.00808e-06
0.876245 1.4382 0 306.4 -2.98242e-06
0.876245 1.4382 0 307.403 -2.95669e-06
0.876245 1.4382 0 308.405 -2.93089e-06
0.876245 1.4382 0 309.408 -2.90503e-06
0.876245 1.4382 0 310.41 -2.87914e-06
0.876245 1.4382 0 311.412 -2.85322e-06
0.876245 1.4382 0 312.415 -2.82727e-06
0.876245 1.4382 0 313.417 -2.80132e-06
0.876245 1.4382 0 314.42 -2.77537e-06
0.876245 1.4382 0 315.422 -2.74943e-06
0.876245 1.4382 0 316.425 -2.7235e-06
0.876245 1.4382 0 317.427 -2.69761e-06
0.876245 1.4382 0 318.43 -2.67175e-06
0.876245 1.4382 0 319.432 -2.64594e-06
0.876245 1.4382 0 320.435 -2.62018e-06
0.876245 1.4382 0 321.437 -2.59448e-06
0.876245 1.4382 0 322.44 -2.56884e-06
0.876245 1.4382 0 323.442 -2.54328e-06
0.876245 1.4382 0 324.445 -2.5178e-06
0.876245 1.4382 0 325.447 -2.4924e-06
0.876245 1.4382 0 326.449 -2.4671e-06
0.876245 1.4382 0 327.452 -2.44189e-06
0.876245 1.4382 0 328.454 -2.41679e-06
0.876245 1.4382 0 329.457 -2.39179e-06
0.876245 1.4382 0 330.459 -2.36691e-06
0.876245 1.4382 0 331.462 -2.34214e-06
0.876245 1.4382 0 332.464 -2.3175e-06
0.876245 1.4382 0 333.467 -2.29298e-06
0.876245 1.4382 0 334.469 -2.26859e-06
0.876245 1.4382 0 335.472 -2.24433e-06
0.876245 1.4382 0 336.474 -2.22021e-06
0.876245 1.4382 0 337.477 -2.19623e-06
0.876245 1.4382 0 338.479 -2.1724e-06
0.876245 1.4382 0 339.482 -2.14871e-06
0.876245 1.4382 0 340.484 -2.12517e-06
0.876245 1.4382 0 341.487 -2.10178e-06
0.876245 1.4382 0 342.489 -2.07855e-06
0.876245 1.4382 0 343.491 -2.05548e-06
0.876245 1.4382 0 344.494 -2.03256e-06
0.876245 1.4382 0 345.496 -2.0098e-06
0.876245 1.4382 0 346.499 -1.98721e-06
0.876245 1.4382 0 347.501 -1.96478e-06
0.876245 1.4382 0 348.504 -1.94252e-06
0.876245 1.4382 0 349.506 -1.92043e-06
0.876245 1.4382 0 350.509 -1.89851e-06
0.876245 1.4382 0 351.511 -1.87675e-06
0.876245 1.4382 0 352.514 -1.85517e-06
0.876245 1.4382 0 353.516 -1.83377e-06
0.876245 1.4382 0 354.519 -1.81253e-06
0.876245 1.4382 0 355.521 -1.79147e-06
0.876245 1.4382 0 356.524 -1.77059e-06
0.876245 1.4382 0 357.526 -1.74988e-06
0.876245 1.4382 0 358.528 -1.72935e-06
0.876245 1.4382 0 359.531 -1.709e-06
0.876245 1.4382 0 360.533 -1.68882e-06
0.876245 1.4382 0 361.536 -1.66882e-06
0.876245 1.4382 0 362.538 -1.649e-06
0.876245 1.4382 0 363.541 -1.62936e-06
0.876245 1.4382 0 364.543 -1.60989e-06
0.876245 1.4382 0 365.546 -1.59061e-06
0.876245 1.4382 0 366.548 -1.5715e-06
0.876245 1.4382 0 367.551 -1.55257e-06
0.876245 1.4382 0 368.553 -1.53382e-06
0.876245 1.4382 0 369.556 -1.51525e-06
0.876245 1.4382 0 370.558 -1.49685e-06
0.876245 1.4382 0 371.561 -1.47864e-06
0.876245 1.4382 0 372.563 -1.46059e-06
0.876245 1.4382 0 373.566 -1.44273e-06
0.876245 1.4382 0 374.568 -1.42504e-06
0.876245 1.4382 0 375.57 -1.40753e-06
0.876245 1.4382 0 376.573 -1.39019e-06
0.876245 1.4382 0 377.575 -1.37303e-06
0.876245 1.4382 0 378.578 -1.35604e-06
0.876245 1.4382 0 379.58 -1.33922e-06
0.876245 1.4382 0 380.583 -1.32257e-06
0.876245 1.4382 0 381.585 -1.3061e-06
0.876245 1.4382 0 382.588 -1.2898e-06
0.876245 1.4382 0 383.59 -1.27366e-06
0.876245 1.4382 0 384.593 -1.2577e-06
0.876245 1.4382 0 385.595 -1.2419e-06
0.876245 1.4382 0 386.598 -1.22627e-06
0.876245 1.4382 0 387.6 -1.21081e-06
0.876245 1.4382 0 388.603 -1.19551e-06
0.876245 1.4382 0 389.605 -1.18038e-06
0.876245 1.4382 0 390.607 -1.16541e-06
0.876245 1.4382 0 391.61 -1.15061e-06
0.876245 1.4382 0 392.612 -1.13596e-06
0.876245 1.4382 0 393.615 -1.12147e-06
0.876245 1.4382 0 394.617 -1.10715e-06
0.876245 1.4382 0 395.62 -1.09298e-06
0.876245 1.4382 0 396.622 -1.07897e-06
0.876245 1.4382 0 397.625 -1.06512e-06
0.876245 1.4382 0 398.627 -1.05142e-06
0.876245 1.4382 0 399.63 -1.03787e-06
0.876245 1.4382 0 400.632 -1.02448e-06
0.876245 1.4382 0 401.635 -1.01123e-06
0.876245 1.4382 0 402.637 -9.98141e-07
0.876245 1.4382 0 403.64 -9.85199e-07
0.876245 1.4382 0 404.642 -9.72404e-07
0.876245 1.4382 0 405.645 -9.59755e-07
0.876245 1.4382 0 406.647 -9.47253e-07
0.876245 1.4382 0 407.649 -9.34894e-07
0.876245 1.4382 0 408.652 -9.22679e-07
0.876245 1.4382 0 409.654 -9.10605e-07
0.876245 1.4382 0 410.657 -8.98673e-07
0.876245 1.4382 0 411.659 -8.86879e-07
0.876245 1.4382 0 412.662 -8.75224e-07
0.876245 1.4382 0 413.664 -8.63707e-07
0.876245 1.4382 0 414.667 -8.52325e-07
0.876245 1.4382 0 415.669 -8.41077e-07
0.876245 1.4382 0 416.672 -8.29963e-07
0.876245 1.4382 0 417.674 -8.18981e-07
0.876245 1.4382 0 418.677 -8.0813e-07
0.876245 1.4382 0 419.679 -7.97409e-07
0.876245 1.4382 0 420.682 -7.86817e-07
0.876245 1.4382 0 421.684 -7.76351e-07
0.876245 1.4382 0 422.686 -7.66012e-07
0.876245 1.4382 0 423.689 -7.55798e-07
0.876245 1.4382 0 424.691 -7.45707e-07
0.876245 1.4382 0 425.694 -7.35739e-07
0.876245 1.4382 0 426.696 -7.25892e-07
0.876245 1.4382 0 427.699 -7.16165e-07
0.876245 1.4382 0 428.701 -7.06557e-07
0.876245 1.4382 0 429.704 -6.97066e-07
0.876245 1.4382 0 430.706 -6.87692e-07
0.876245 1.4382 0 431.709 -6.78434e-07
0.876245 1.4382 0 432.711 -6.69289e-07
0.876245 1.4382 0 433.714 -6.60258e-07
0.876245 1.4382 0 434.716 -6.51338e-07
0.876245 1.4382 0 435.719 -6.42529e-07
0.876245 1.4382 0 436.721 -6.33829e-07
0.876245 1.4382 0 437.724 -6.25238e-07
0.876245 1.4382 0 438.726 -6.16754e-07
0.876245 1.4382 0 439.728 -6.08376e-07
0.876245 1.4382 0 440.731 -6.00103e-07
0.876245 1.4382 0 441.733 -5.91933e-07
0.876245 1.4382 0 442.736 -5.83866e-07
0.876245 1.4382 0 443.738 -5.75901e-07
0.876245 1.4382 0 444.741 -5.68037e-07
0.876245 1.4382 0 445.743 -5.60271e-07
0.876245 1.4382 0 446.746 -5.52604e-07
0.876245 1.4382 0 447.748 -5.45035e-07
0.876245 1.4382 0 448.751 -5.37561e-07
0.876245 1.4382 0 449.753 -5.30182e-07
0.876245 1.4382 0 450.756 -5.22898e-07
0.876245 1.4382 0 451.758 -5.15706e-07
0.876245 1.4382 0 452.761 -5.08607e-07
0.876245 1.4382 0 453.763 -5.01598e-07
0.876245 1.4382 0 454.765 -4.94679e-07
0.876245 1.4382 0 455.768 -4.87849e-07
0.876245 1.4382 0 456.77 -4.81107e-07
0.876245 1.4382 0 457.773 -4.74451e-07
0.876245 1.4382 0 458.775 -4.67882e-07
0.876245 1.4382 0 459.778 -4.61397e-07
0.876245 1.4382 0 460.78 -4.54996e-07
0.876245 1.4382 0 461.783 -4.48678e-07
0.876245 1.4382 0 462.785 -4.42442e-07
0.876245 1.4382 0 463.788 -4.36287e-07
0.876245 1.4382 0 464.79 -4.30212e-07
0.876245 1.4382 0 465.793 -4.24216e-07
0.876245 1.4382 0 466.795 -4.18298e-07
0.876245 1.4382 0 467.798 -4.12458e-07
0.876245 1.4382 0 468.8 -4.06694e-07
0.876245 1.4382 0 469.803 -4.01005e-07
0.876245 1.4382 0 470.805 -3.95391e-07
0.876245 1.4382 0 471.807 -3.89851e-07
0.876245 1.4382 0 472.81 -3.84383e-07
0.876245 1.4382 0 473.812 -3.78988e-07
0.876245 1.4382 0 474.815 -3.73663e-07
0.876245 1.4382 0 475.817 -3.68409e-07
0.876245 1.4382 0 476.82 -3.63224e-07
0.876245 1.4382 0 477.822 -3.58107e-07
0.876245 1.4382 0 478.825 -3.53058e-07
0.876245 1.4382 0 479.827 -3.48076e-07
0.876245 1.4382 0 480.83 -3.43161e-07
0.876245 1.4382 0 481.832 -3.3831e-07
0.876245 1.4382 0 482.835 -3.33524e-07
0.876245 1.4382 0 483.837 -3.28801e-07
0.876245 1.4382 0 484.84 -3.24142e-07
0.876245 1.4382 0 485.842 -3.19545e-07
0.876245 1.4382 0 486.844 -3.15008e-07
0.876245 1.4382 0 487.847 -3.10533e-07
0.876245 1.4382 0 488.849 -3.06117e-07
0.876245 1.4382 0 489.852 -3.01761e-07
0.876245 1.4382 0 490.854 -2.97463e-07
0.876245 1.4382 0 491.857 -2.93223e-07
0.876245 1.4382 0 492.859 -2.89039e-07
0.876245 1.4382 0 493.862 -2.84912e-07
0.876245 1.4382 0 494.864 -2.8084e-07
0.876245 1.4382 0 495.867 -2.76824e-07
0.876245 1.4382 0 496.869 -2.72861e-07
0.876245 1.4382 0 497.872 -2.68952e-07
0.876245 1.4382 0 498.874 -2.65095e-07
0.876245 1.4382 0 499.877 -2.61291e-07
0.876245 1.4382 0 500.879 -2.57538e-07
0.876245 1.4382 0 501.882 -2.53836e-07
0.876245 1.4382 0 502.884 -2.50185e-07
0.876245 1.4382 0 503.886 -2.46582e-07
0.876245 1.4382 0 504.889 -2.43029e-07
0.876245 1.4382 0 505.891 -2.39524e-07
0.876245 1.4382 0 506.894 -2.36067e-07
0.876245 1.4382 0 507.896 -2.32657e-07
0.876245 1.4382 0 508.899 -2.29293e-07
0.876245 1.4382 0 509.901 -2.25975e-07
0.876245 1.4382 0 510.904 -2.22703e-07
0.876245 1.4382 0 511.906 -2.19475e-07
0.876245 1.4382 0 512.909 -2.16291e-07
0.876245 1.4382 0 513.911 -2.13151e-07
0.876245 1.4382 0 514.914 -2.10054e-07
0.876245 1.4382 0 515.916 -2.07e-07
0.876245 1.4382 0 516.919 -2.03987e-07
0.876245 1.4382 0 517.921 -2.01016e-07
0.876245 1.4382 0 518.923 -1.98086e-07
0.876245 1.4382 0 519.926 -1.95195e-07
0.876245 1.4382 0 520.928 -1.92345e-07
0.876245 1.4382 0 521.931 -1.89534e-07
0.876245 1.4382 0 522.933 -1.86762e-07
0.876245 1.4382 0 523.936 -1.84028e-07
0.876245 1.4382 0 524.938 -1.81331e-07
0.876245 1.4382 0 525.941 -1.78672e-07
0.876245 1.4382 0 526.943 -1.7605e-07
0.876245 1.4382 0 527.946 -1.73464e-07
0.876245 1.4382 0 528.948 -1.70914e-07
0.876245 1.4382 0 529.951 -1.68399e-07
0.876245 1.4382 0 530.953 -1.6592e-07
0.876245 1.4382 0 531.956 -1.63474e-07
0.876245 1.4382 0 532.958 -1.61063e-07
0.876245 1.4382 0 533.961 -1.58685e-07
0.876245 1.4382 0 534.963 -1.5634e-07
0.876245 1.4382 0 535.965 -1.54028e-07
0.876245 1.4382 0 536.968 -1.51748e-07
0.876245 1.4382 0 537.97 -1.495e-07
0.876245 1.4382 0 538.973 -1.47283e-07
0.876245 1.4382 0 539.975 -1.45097e-07
0.876245 1.4382 0 540.978 -1.42942e-07
0.876245 1.4382 0 541.98 -1.40817e-07
0.876245 1.4382 0 542.983 -1.38722e-07
0.876245 1.4382 0 543.985 -1.36656e-07
0.876245 1.4382 0 544.988 -1.34619e-07
0.876245 1.4382 0 545.99 -1.32611e-07
0.876245 1.4382 0 546.993 -1.3063e-07
0.876245 1.4382 0 547.995 -1.28678e-07
0.876245 1.4382 0 548.998 -1.26753e-07
0.876245 1.4382 0 550 -1.24855e-07

