4.49594 1.4382 0 100.01 9.31779e-06
4.49594 1.4382 0 101.012 1.53772e-05
4.49594 1.4382 0 102.015 1.34776e-05
4.49594 1.4382 0 103.017 1.16737e-05
4.49594 1.4382 0 104.02 1.02851e-05
4.49594 1.4382 0 105.022 9.17144e-06
4.49594 1.4382 0 106.025 8.24816e-06
4.49594 1.4382 0 107.027 7.4654e-06
4.49594 1.4382 0 108.03 6.79101e-06
4.49594 1.4382 0 109.032 6.20288e-06
4.49594 1.4382 0 110.035 5.68503e-06
4.49594 1.4382 0 111.037 5.22549e-06
4.49594 1.4382 0 112.04 4.81507e-06
4.49594 1.4382 0 113.042 4.44652e-06
4.49594 1.4382 0 114.045 4.11402e-06
4.49594 1.4382 0 115.047 3.81284e-06
4.49594 1.4382 0 116.05 3.53907e-06
4.49594 1.4382 0 117.052 3.28944e-06
4.49594 1.4382 0 118.055 3.06119e-06
4.49594 1.4382 0 119.057 2.85198e-06
4.49594 1.4382 0 120.06 2.65979e-06
4.49594 1.4382 0 121.062 2.48289e-06
4.49594 1.4382 0 122.065 2.31976e-06
4.49594 1.4382 0 123.067 2.16908e-06
4.49594 1.4382 0 124.07 2.0297e-06
4.49594 1.4382 0 125.072 1.90058e-06
4.49594 1.4382 0 126.075 1.78081e-06
4.49594 1.4382 0 127.077 1.6696e-06
4.49594 1.4382 0 128.079 1.56621e-06
4.49594 1.4382 0 129.082 1.46999e-06
4.49594 1.4382 0 130.084 1.38036e-06
4.49594 1.4382 0 131.087 1.29681e-06
4.49594 1.4382 0 132.089 1.21885e-06
4.49594 1.4382 0 133.092 1.14605e-06
4.49594 1.4382 0 134.094 1.07802e-06
4.49594 1.4382 0 135.097 1.0144e-06
4.49594 1.4382 0 136.099 9.54879e-07
4.49594 1.4382 0 137.102 8.99149e-07
4.49594 1.4382 0 138.104 8.46943e-07
4.49594 1.4382 0 139.107 7.9801e-07
4.49594 1.4382 0 140.109 7.52122e-07
4.49594 1.4382 0 141.112 7.09069e-07
4.49594 1.4382 0 142.114 6.68657e-07
4.49594 1.4382 0 143.117 6.30708e-07
4.49594 1.4382 0 144.119 5.95056e-07
4.49594 1.4382 0 145.122 5.6155e-07
4.49594 1.4382 0 146.124 5.30048e-07
4.49594 1.4382 0 147.127 5.00421e-07
4.49594 1.4382 0 148.129 4.72546e-07
4.49594 1.4382 0 149.132 4.46312e-07
4.49594 1.4382 0 150.134 4.21614e-07
4.49594 1.4382 0 151.137 3.98356e-07
4.49594 1.4382 0 152.139 3.76447e-07
4.49594 1.4382 0 153.142 3.55804e-07
4.49594 1.4382 0 154.144 3.36347e-07
4.49594 1.4382 0 155.146 3.18005e-07
4.49594 1.4382 0 156.149 3.00709e-07
4.49594 1.4382 0 157.151 2.84395e-07
4.49594 1.4382 0 158.154 2.69005e-07
4.49594 1.4382 0 159.156 2.54483e-07
4.49594 1.4382 0 160.159 2.40777e-07
4.49594 1.4382 0 161.161 2.27839e-07
4.49594 1.4382 0 162.164 2.15623e-07
4.49594 1.4382 0 163.166 2.04087e-07
4.49594 1.4382 0 164.169 1.9319e-07
4.49594 1.4382 0 165.171 1.82897e-07
4.49594 1.4382 0 166.174 1.73171e-07
4.49594 1.4382 0 167.176 1.6398e-07
4.49594 1.4382 0 168.179 1.55293e-07
4.49594 1.4382 0 169.181 1.47081e-07
4.49594 1.4382 0 170.184 1.39318e-07
4.49594 1.4382 0 171.186 1.31977e-07
4.49594 1.4382 0 172.189 1.25034e-07
4.49594 1.4382 0 173.191 1.18467e-07
4.49594 1.4382 0 174.194 1.12256e-07
4.49594 1.4382 0 175.196 1.06379e-07
4.49594 1.4382 0 176.199 1.00818e-07
4.49594 1.4382 0 177.201 9.5556e-08
4.49594 1.4382 0 178.204 9.05758e-08
4.49594 1.4382 0 179.206 8.58619e-08
4.49594 1.4382 0 180.208 8.13995e-08
4.49594 1.4382 0 181.211 7.71748e-08
4.49594 1.4382 0 182.213 7.31747e-08
4.49594 1.4382 0 183.216 6.93869e-08
4.49594 1.4382 0 184.218 6.57996e-08
4.49594 1.4382 0 185.221 6.24021e-08
4.49594 1.4382 0 186.223 5.91839e-08
4.49594 1.4382 0 187.226 5.61354e-08
4.49594 1.4382 0 188.228 5.32472e-08
4.49594 1.4382 0 189.231 5.05107e-08
4.49594 1.4382 0 190.233 4.79178e-08
4.49594 1.4382 0 191.236 4.54607e-08
4.49594 1.4382 0 192.238 4.31321e-08
4.49594 1.4382 0 193.241 4.09251e-08
4.49594 1.4382 0 194.243 3.88332e-08
4.49594 1.4382 0 195.246 3.68502e-08
4.49594 1.4382 0 196.248 3.49704e-08
4.49594 1.4382 0 197.251 3.31881e-08
4.49594 1.4382 0 198.253 3.14984e-08
4.49594 1.4382 0 199.256 2.98961e-08
4.49594 1.4382 0 200.258 2.83768e-08
4.49594 1.4382 0 201.261 2.69359e-08
4.49594 1.4382 0 202.263 2.55695e-08
4.49594 1.4382 0 203.266 2.42735e-08
4.49594 1.4382 0 204.268 2.30442e-08
4.49594 1.4382 0 205.271 2.18782e-08
4.49594 1.4382 0 206.273 2.07721e-08
4.49594 1.4382 0 207.275 1.97227e-08
4.49594 1.4382 0 208.278 1.87272e-08
4.49594 1.4382 0 209.28 1.77826e-08
4.49594 1.4382 0 210.283 1.68864e-08
4.49594 1.4382 0 211.285 1.6036e-08
4.49594 1.4382 0 212.288 1.5229e-08
4.49594 1.4382 0 213.29 1.44632e-08
4.49594 1.4382 0 214.293 1.37364e-08
4.49594 1.4382 0 215.295 1.30466e-08
4.49594 1.4382 0 216.298 1.23919e-08
4.49594 1.4382 0 217.3 1.17705e-08
4.49594 1.4382 0 218.303 1.11807e-08
4.49594 1.4382 0 219.305 1.06208e-08
4.49594 1.4382 0 220.308 1.00892e-08
4.49594 1.4382 0 221.31 9.58465e-09
4.49594 1.4382 0 222.313 9.10558e-09
4.49594 1.4382 0 223.315 8.65075e-09
4.49594 1.4382 0 224.318 8.2189e-09
4.49594 1.4382 0 225.32 7.80885e-09
4.49594 1.4382 0 226.323 7.4195e-09
4.49594 1.4382 0 227.325 7.04977e-09
4.49594 1.4382 0 228.328 6.69867e-09
4.49594 1.4382 0 229.33 6.36525e-09
4.49594 1.4382 0 230.333 6.0486e-09
4.49594 1.4382 0 231.335 5.74787e-09
4.49594 1.4382 0 232.338 5.46224e-09
4.49594 1.4382 0 233.34 5.19096e-09
4.49594 1.4382 0 234.342 4.93328e-09
4.49594 1.4382 0 235.345 4.68853e-09
4.49594 1.4382 0 236.347 4.45603e-09
4.49594 1.4382 0 237.35 4.23518e-09
4.49594 1.4382 0 238.352 4.02538e-09
4.49594 1.4382 0 239.355 3.82607e-09
4.49594 1.4382 0 240.357 3.63672e-09
4.49594 1.4382 0 241.36 3.45683e-09
4.49594 1.4382 0 242.362 3.28591e-09
4.49594 1.4382 0 243.365 3.12352e-09
4.49594 1.4382 0 244.367 2.96923e-09
4.49594 1.4382 0 245.37 2.82263e-09
4.49594 1.4382 0 246.372 2.68333e-09
4.49594 1.4382 0 247.375 2.55096e-09
4.49594 1.4382 0 248.377 2.42518e-09
4.49594 1.4382 0 249.38 2.30565e-09
4.49594 1.4382 0 250.382 2.19206e-09
4.49594 1.4382 0 251.385 2.08411e-09
4.49594 1.4382 0 252.387 1.98152e-09
4.49594 1.4382 0 253.39 1.88402e-09
4.49594 1.4382 0 254.392 1.79135e-09
4.49594 1.4382 0 255.395 1.70328e-09
4.49594 1.4382 0 256.397 1.61957e-09
4.49594 1.4382 0 257.4 1.54001e-09
4.49594 1.4382 0 258.402 1.46438e-09
4.49594 1.4382 0 259.405 1.3925e-09
4.49594 1.4382 0 260.407 1.32417e-09
4.49594 1.4382 0 261.409 1.25921e-09
4.49594 1.4382 0 262.412 1.19747e-09
4.49594 1.4382 0 263.414 1.13877e-09
4.49594 1.4382 0 264.417 1.08298e-09
4.49594 1.4382 0 265.419 1.02993e-09
4.49594 1.4382 0 266.422 9.79501e-10
4.49594 1.4382 0 267.424 9.31557e-10
4.49594 1.4382 0 268.427 8.85975e-10
4.49594 1.4382 0 269.429 8.42639e-10
4.49594 1.4382 0 270.432 8.01436e-10
4.49594 1.4382 0 271.434 7.62261e-10
4.49594 1.4382 0 272.437 7.25012e-10
4.49594 1.4382 0 273.439 6.89596e-10
4.49594 1.4382 0 274.442 6.5592e-10
4.49594 1.4382 0 275.444 6.23899e-10
4.49594 1.4382 0 276.447 5.93451e-10
4.49594 1.4382 0 277.449 5.64497e-10
4.49594 1.4382 0 278.452 5.36965e-10
4.49594 1.4382 0 279.454 5.10783e-10
4.49594 1.4382 0 280.457 4.85886e-10
4.49594 1.4382 0 281.459 4.62209e-10
4.49594 1.4382 0 282.462 4.39692e-10
4.49594 1.4382 0 283.464 4.18279e-10
4.49594 1.4382 0 284.467 3.97914e-10
4.49594 1.4382 0 285.469 3.78546e-10
4.49594 1.4382 0 286.472 3.60126e-10
4.49594 1.4382 0 287.474 3.42608e-10
4.49594 1.4382 0 288.476 3.25946e-10
4.49594 1.4382 0 289.479 3.10098e-10
4.49594 1.4382 0 290.481 2.95026e-10
4.49594 1.4382 0 291.484 2.80689e-10
4.49594 1.4382 0 292.486 2.67053e-10
4.49594 1.4382 0 293.489 2.54083e-10
4.49594 1.4382 0 294.491 2.41746e-10
4.49594 1.4382 0 295.494 2.30011e-10
4.49594 1.4382 0 296.496 2.18848e-10
4.49594 1.4382 0 297.499 2.0823e-10
4.49594 1.4382 0 298.501 1.98129e-10
4.49594 1.4382 0 299.504 1.88521e-10
4.49594 1.4382 0 300.506 1.79381e-10
4.49594 1.4382 0 301.509 1.70686e-10
4.49594 1.4382 0 302.511 1.62415e-10
4.49594 1.4382 0 303.514 1.54546e-10
4.49594 1.4382 0 304.516 1.4706e-10
4.49594 1.4382 0 305.519 1.39939e-10
4.49594 1.4382 0 306.521 1.33164e-10
4.49594 1.4382 0 307.524 1.26718e-10
4.49594 1.4382 0 308.526 1.20586e-10
4.49594 1.4382 0 309.529 1.14752e-10
4.49594 1.4382 0 310.531 1.09201e-10
4.49594 1.4382 0 311.534 1.0392e-10
4.49594 1.4382 0 312.536 9.88956e-11
4.49594 1.4382 0 313.538 9.4115e-11
4.49594 1.4382 0 314.541 8.95665e-11
4.49594 1.4382 0 315.543 8.52387e-11
4.49594 1.4382 0 316.546 8.11209e-11
4.49594 1.4382 0 317.548 7.72028e-11
4.49594 1.4382 0 318.551 7.34747e-11
4.49594 1.4382 0 319.553 6.99274e-11
4.49594 1.4382 0 320.556 6.6552e-11
4.49594 1.4382 0 321.558 6.33402e-11
4.49594 1.4382 0 322.561 6.0284e-11
4.49594 1.4382 0 323.563 5.73758e-11
4.49594 1.4382 0 324.566 5.46085e-11
4.49594 1.4382 0 325.568 5.19751e-11
4.49594 1.4382 0 326.571 4.94692e-11
4.49594 1.4382 0 327.573 4.70846e-11
4.49594 1.4382 0 328.576 4.48153e-11
4.49594 1.4382 0 329.578 4.26558e-11
4.49594 1.4382 0 330.581 4.06008e-11
4.49594 1.4382 0 331.583 3.86451e-11
4.49594 1.4382 0 332.586 3.67839e-11
4.49594 1.4382 0 333.588 3.50127e-11
4.49594 1.4382 0 334.591 3.33271e-11
4.49594 1.4382 0 335.593 3.17229e-11
4.49594 1.4382 0 336.596 3.01962e-11
4.49594 1.4382 0 337.598 2.87432e-11
4.49594 1.4382 0 338.601 2.73604e-11
4.49594 1.4382 0 339.603 2.60443e-11
4.49594 1.4382 0 340.605 2.47918e-11
4.49594 1.4382 0 341.608 2.35997e-11
4.49594 1.4382 0 342.61 2.24651e-11
4.49594 1.4382 0 343.613 2.13852e-11
4.49594 1.4382 0 344.615 2.03574e-11
4.49594 1.4382 0 345.618 1.93791e-11
4.49594 1.4382 0 346.62 1.8448e-11
4.49594 1.4382 0 347.623 1.75618e-11
4.49594 1.4382 0 348.625 1.67183e-11
4.49594 1.4382 0 349.628 1.59154e-11
4.49594 1.4382 0 350.63 1.51513e-11
4.49594 1.4382 0 351.633 1.44239e-11
4.49594 1.4382 0 352.635 1.37315e-11
4.49594 1.4382 0 353.638 1.30725e-11
4.49594 1.4382 0 354.64 1.24452e-11
4.49594 1.4382 0 355.643 1.1848e-11
4.49594 1.4382 0 356.645 1.12797e-11
4.49594 1.4382 0 357.648 1.07386e-11
4.49594 1.4382 0 358.65 1.02236e-11
4.49594 1.4382 0 359.653 9.73338e-12
4.49594 1.4382 0 360.655 9.26672e-12
4.49594 1.4382 0 361.658 8.82249e-12
4.49594 1.4382 0 362.66 8.39961e-12
4.49594 1.4382 0 363.663 7.99707e-12
4.49594 1.4382 0 364.665 7.61386e-12
4.49594 1.4382 0 365.668 7.24907e-12
4.49594 1.4382 0 366.67 6.90181e-12
4.49594 1.4382 0 367.672 6.57122e-12
4.49594 1.4382 0 368.675 6.25651e-12
4.49594 1.4382 0 369.677 5.95691e-12
4.49594 1.4382 0 370.68 5.6717e-12
4.49594 1.4382 0 371.682 5.40018e-12
4.49594 1.4382 0 372.685 5.14169e-12
4.49594 1.4382 0 373.687 4.89561e-12
4.49594 1.4382 0 374.69 4.66133e-12
4.49594 1.4382 0 375.692 4.43829e-12
4.49594 1.4382 0 376.695 4.22595e-12
4.49594 1.4382 0 377.697 4.0238e-12
4.49594 1.4382 0 378.7 3.83134e-12
4.49594 1.4382 0 379.702 3.64811e-12
4.49594 1.4382 0 380.705 3.47366e-12
4.49594 1.4382 0 381.707 3.30757e-12
4.49594 1.4382 0 382.71 3.14945e-12
4.49594 1.4382 0 383.712 2.9989e-12
4.49594 1.4382 0 384.715 2.85556e-12
4.49594 1.4382 0 385.717 2.71909e-12
4.49594 1.4382 0 386.72 2.58916e-12
4.49594 1.4382 0 387.722 2.46546e-12
4.49594 1.4382 0 388.725 2.34767e-12
4.49594 1.4382 0 389.727 2.23553e-12
4.49594 1.4382 0 390.73 2.12875e-12
4.49594 1.4382 0 391.732 2.02709e-12
4.49594 1.4382 0 392.735 1.93029e-12
4.49594 1.4382 0 393.737 1.83813e-12
4.49594 1.4382 0 394.739 1.75037e-12
4.49594 1.4382 0 395.742 1.66682e-12
4.49594 1.4382 0 396.744 1.58726e-12
4.49594 1.4382 0 397.747 1.5115e-12
4.49594 1.4382 0 398.749 1.43937e-12
4.49594 1.4382 0 399.752 1.37069e-12
4.49594 1.4382 0 400.754 1.3053e-12
4.49594 1.4382 0 401.757 1.24303e-12
4.49594 1.4382 0 402.759 1.18373e-12
4.49594 1.4382 0 403.762 1.12727e-12
4.49594 1.4382 0 404.764 1.07351e-12
4.49594 1.4382 0 405.767 1.02232e-12
4.49594 1.4382 0 406.769 9.73577e-13
4.49594 1.4382 0 407.772 9.2716e-13
4.49594 1.4382 0 408.774 8.82961e-13
4.49594 1.4382 0 409.777 8.40873e-13
4.49594 1.4382 0 410.779 8.00795e-13
4.49594 1.4382 0 411.782 7.62631e-13
4.49594 1.4382 0 412.784 7.26289e-13
4.49594 1.4382 0 413.787 6.91683e-13
4.49594 1.4382 0 414.789 6.58728e-13
4.49594 1.4382 0 415.792 6.27347e-13
4.49594 1.4382 0 416.794 5.97463e-13
4.49594 1.4382 0 417.797 5.69006e-13
4.49594 1.4382 0 418.799 5.41907e-13
4.49594 1.4382 0 419.802 5.161e-13
4.49594 1.4382 0 420.804 4.91525e-13
4.49594 1.4382 0 421.806 4.68122e-13
4.49594 1.4382 0 422.809 4.45836e-13
4.49594 1.4382 0 423.811 4.24612e-13
4.49594 1.4382 0 424.814 4.044e-13
4.49594 1.4382 0 425.816 3.85153e-13
4.49594 1.4382 0 426.819 3.66823e-13
4.49594 1.4382 0 427.821 3.49366e-13
4.49594 1.4382 0 428.824 3.32742e-13
4.49594 1.4382 0 429.826 3.16911e-13
4.49594 1.4382 0 430.829 3.01834e-13
4.49594 1.4382 0 431.831 2.87475e-13
4.49594 1.4382 0 432.834 2.73801e-13
4.49594 1.4382 0 433.836 2.60778e-13
4.49594 1.4382 0 434.839 2.48376e-13
4.49594 1.4382 0 435.841 2.36564e-13
4.49594 1.4382 0 436.844 2.25315e-13
4.49594 1.4382 0 437.846 2.14602e-13
4.49594 1.4382 0 438.849 2.04399e-13
4.49594 1.4382 0 439.851 1.94682e-13
4.49594 1.4382 0 440.854 1.85428e-13
4.49594 1.4382 0 441.856 1.76614e-13
4.49594 1.4382 0 442.859 1.6822e-13
4.49594 1.4382 0 443.861 1.60226e-13
4.49594 1.4382 0 444.864 1.52612e-13
4.49594 1.4382 0 445.866 1.4536e-13
4.49594 1.4382 0 446.868 1.38453e-13
4.49594 1.4382 0 447.871 1.31875e-13
4.49594 1.4382 0 448.873 1.25611e-13
4.49594 1.4382 0 449.876 1.19644e-13
4.49594 1.4382 0 450.878 1.13961e-13
4.49594 1.4382 0 451.881 1.08548e-13
4.49594 1.4382 0 452.883 1.03393e-13
4.49594 1.4382 0 453.886 9.84832e-14
4.49594 1.4382 0 454.888 9.38067e-14
4.49594 1.4382 0 455.891 8.93527e-14
4.49594 1.4382 0 456.893 8.51104e-14
4.49594 1.4382 0 457.896 8.10698e-14
4.49594 1.4382 0 458.898 7.72214e-14
4.49594 1.4382 0 459.901 7.35559e-14
4.49594 1.4382 0 460.903 7.00646e-14
4.49594 1.4382 0 461.906 6.67393e-14
4.49594 1.4382 0 462.908 6.3572e-14
4.49594 1.4382 0 463.911 6.05552e-14
4.49594 1.4382 0 464.913 5.76818e-14
4.49594 1.4382 0 465.916 5.49449e-14
4.49594 1.4382 0 466.918 5.23381e-14
4.49594 1.4382 0 467.921 4.98551e-14
4.49594 1.4382 0 468.923 4.74901e-14
4.49594 1.4382 0 469.926 4.52374e-14
4.49594 1.4382 0 470.928 4.30917e-14
4.49594 1.4382 0 471.931 4.10479e-14
4.49594 1.4382 0 472.933 3.91012e-14
4.49594 1.4382 0 473.935 3.72469e-14
4.49594 1.4382 0 474.938 3.54807e-14
4.49594 1.4382 0 475.94 3.37984e-14
4.49594 1.4382 0 476.943 3.21959e-14
4.49594 1.4382 0 477.945 3.06695e-14
4.49594 1.4382 0 478.948 2.92155e-14
4.49594 1.4382 0 479.95 2.78306e-14
4.49594 1.4382 0 480.953 2.65114e-14
4.49594 1.4382 0 481.955 2.52548e-14
4.49594 1.4382 0 482.958 2.40578e-14
4.49594 1.4382 0 483.96 2.29177e-14
4.49594 1.4382 0 484.963 2.18316e-14
4.49594 1.4382 0 485.965 2.07971e-14
4.49594 1.4382 0 486.968 1.98117e-14
4.49594 1.4382 0 487.97 1.8873e-14
4.49594 1.4382 0 488.973 1.79788e-14
4.49594 1.4382 0 489.975 1.71271e-14
4.49594 1.4382 0 490.978 1.63157e-14
4.49594 1.4382 0 491.98 1.55428e-14
4.49594 1.4382 0 492.983 1.48066e-14
4.49594 1.4382 0 493.985 1.41053e-14
4.49594 1.4382 0 494.988 1.34373e-14
4.49594 1.4382 0 495.99 1.28009e-14
4.49594 1.4382 0 496.993 1.21947e-14
4.49594 1.4382 0 497.995 1.16173e-14
4.49594 1.4382 0 498.998 1.10672e-14
4.49594 1.4382 0 500 1.05432e-14

