1.3525 1.4382 0 150.015 1.8494e-06
1.3525 1.4382 0 151.017 3.33338e-06
1.3525 1.4382 0 152.02 3.40809e-06
1.3525 1.4382 0 153.022 3.31103e-06
1.3525 1.4382 0 154.025 3.21089e-06
1.3525 1.4382 0 155.027 3.11644e-06
1.3525 1.4382 0 156.03 3.02692e-06
1.3525 1.4382 0 157.032 2.9415e-06
1.3525 1.4382 0 158.035 2.85965e-06
1.3525 1.4382 0 159.037 2.78097e-06
1.3525 1.4382 0 160.04 2.7052e-06
1.3525 1.4382 0 161.042 2.6321e-06
1.3525 1.4382 0 162.045 2.56151e-06
1.3525 1.4382 0 163.047 2.49328e-06
1.3525 1.4382 0 164.05 2.42727e-06
1.3525 1.4382 0 165.052 2.36338e-06
1.3525 1.4382 0 166.054 2.3015e-06
1.3525 1.4382 0 167.057 2.24155e-06
1.3525 1.4382 0 168.059 2.18344e-06
1.3525 1.4382 0 169.062 2.1271e-06
1.3525 1.4382 0 170.064 2.07245e-06
1.3525 1.4382 0 171.067 2.01944e-06
1.3525 1.4382 0 172.069 1.96799e-06
1.3525 1.4382 0 173.072 1.91806e-06
1.3525 1.4382 0 174.074 1.86959e-06
1.3525 1.4382 0 175.077 1.82252e-06
1.3525 1.4382 0 176.079 1.77681e-06
1.3525 1.4382 0 177.082 1.73242e-06
1.3525 1.4382 0 178.084 1.68928e-06
1.3525 1.4382 0 179.087 1.64738e-06
1.3525 1.4382 0 180.089 1.60665e-06
1.3525 1.4382 0 181.092 1.56708e-06
1.3525 1.4382 0 182.094 1.52861e-06
1.3525 1.4382 0 183.096 1.49121e-06
1.3525 1.4382 0 184.099 1.45485e-06
1.3525 1.4382 0 185.101 1.41949e-06
1.3525 1.4382 0 186.104 1.38511e-06
1.3525 1.4382 0 187.106 1.35166e-06
1.3525 1.4382 0 188.109 1.31914e-06
1.3525 1.4382 0 189.111 1.28749e-06
1.3525 1.4382 0 190.114 1.25671e-06
1.3525 1.4382 0 191.116 1.22675e-06
1.3525 1.4382 0 192.119 1.19761e-06
1.3525 1.4382 0 193.121 1.16924e-06
1.3525 1.4382 0 194.124 1.14163e-06
1.3525 1.4382 0 195.126 1.11476e-06
1.3525 1.4382 0 196.129 1.08859e-06
1.3525 1.4382 0 197.131 1.06313e-06
1.3525 1.4382 0 198.133 1.03833e-06
1.3525 1.4382 0 199.136 1.01418e-06
1.3525 1.4382 0 200.138 9.9067e-07
1.3525 1.4382 0 201.141 9.6777e-07
1.3525 1.4382 0 202.143 9.45466e-07
1.3525 1.4382 0 203.146 9.23741e-07
1.3525 1.4382 0 204.148 9.02578e-07
1.3525 1.4382 0 205.151 8.8196e-07
1.3525 1.4382 0 206.153 8.61872e-07
1.3525 1.4382 0 207.156 8.42298e-07
1.3525 1.4382 0 208.158 8.23224e-07
1.3525 1.4382 0 209.161 8.04636e-07
1.3525 1.4382 0 210.163 7.8652e-07
1.3525 1.4382 0 211.166 7.68862e-07
1.3525 1.4382 0 212.168 7.5165e-07
1.3525 1.4382 0 213.171 7.3487e-07
1.3525 1.4382 0 214.173 7.18511e-07
1.3525 1.4382 0 215.175 7.02562e-07
1.3525 1.4382 0 216.178 6.8701e-07
1.3525 1.4382 0 217.18 6.71844e-07
1.3525 1.4382 0 218.183 6.57054e-07
1.3525 1.4382 0 219.185 6.4263e-07
1.3525 1.4382 0 220.188 6.28561e-07
1.3525 1.4382 0 221.19 6.14837e-07
1.3525 1.4382 0 222.193 6.0145e-07
1.3525 1.4382 0 223.195 5.88389e-07
1.3525 1.4382 0 224.198 5.75647e-07
1.3525 1.4382 0 225.2 5.63214e-07
1.3525 1.4382 0 226.203 5.51082e-07
1.3525 1.4382 0 227.205 5.39242e-07
1.3525 1.4382 0 228.208 5.27688e-07
1.3525 1.4382 0 229.21 5.16411e-07
1.3525 1.4382 0 230.212 5.05404e-07
1.3525 1.4382 0 231.215 4.9466e-07
1.3525 1.4382 0 232.217 4.84171e-07
1.3525 1.4382 0 233.22 4.73931e-07
1.3525 1.4382 0 234.222 4.63933e-07
1.3525 1.4382 0 235.225 4.54171e-07
1.3525 1.4382 0 236.227 4.44639e-07
1.3525 1.4382 0 237.23 4.35331e-07
1.3525 1.4382 0 238.232 4.2624e-07
1.3525 1.4382 0 239.235 4.17362e-07
1.3525 1.4382 0 240.237 4.0869e-07
1.3525 1.4382 0 241.24 4.00219e-07
1.3525 1.4382 0 242.242 3.91944e-07
1.3525 1.4382 0 243.245 3.8386e-07
1.3525 1.4382 0 244.247 3.75962e-07
1.3525 1.4382 0 245.25 3.68245e-07
1.3525 1.4382 0 246.252 3.60705e-07
1.3525 1.4382 0 247.254 3.53337e-07
1.3525 1.4382 0 248.257 3.46137e-07
1.3525 1.4382 0 249.259 3.391e-07
1.3525 1.4382 0 250.262 3.32222e-07
1.3525 1.4382 0 251.264 3.255e-07
1.3525 1.4382 0 252.267 3.18928e-07
1.3525 1.4382 0 253.269 3.12505e-07
1.3525 1.4382 0 254.272 3.06225e-07
1.3525 1.4382 0 255.274 3.00086e-07
1.3525 1.4382 0 256.277 2.94083e-07
1.3525 1.4382 0 257.279 2.88213e-07
1.3525 1.4382 0 258.282 2.82474e-07
1.3525 1.4382 0 259.284 2.76861e-07
1.3525 1.4382 0 260.287 2.71372e-07
1.3525 1.4382 0 261.289 2.66004e-07
1.3525 1.4382 0 262.291 2.60754e-07
1.3525 1.4382 0 263.294 2.55618e-07
1.3525 1.4382 0 264.296 2.50594e-07
1.3525 1.4382 0 265.299 2.45679e-07
1.3525 1.4382 0 266.301 2.40872e-07
1.3525 1.4382 0 267.304 2.36168e-07
1.3525 1.4382 0 268.306 2.31565e-07
1.3525 1.4382 0 269.309 2.27062e-07
1.3525 1.4382 0 270.311 2.22656e-07
1.3525 1.4382 0 271.314 2.18344e-07
1.3525 1.4382 0 272.316 2.14124e-07
1.3525 1.4382 0 273.319 2.09993e-07
1.3525 1.4382 0 274.321 2.05951e-07
1.3525 1.4382 0 275.324 2.01995e-07
1.3525 1.4382 0 276.326 1.98122e-07
1.3525 1.4382 0 277.329 1.94331e-07
1.3525 1.4382 0 278.331 1.9062e-07
1.3525 1.4382 0 279.333 1.86986e-07
1.3525 1.4382 0 280.336 1.83429e-07
1.3525 1.4382 0 281.338 1.79946e-07
1.3525 1.4382 0 282.341 1.76536e-07
1.3525 1.4382 0 283.343 1.73197e-07
1.3525 1.4382 0 284.346 1.69927e-07
1.3525 1.4382 0 285.348 1.66724e-07
1.3525 1.4382 0 286.351 1.63588e-07
1.3525 1.4382 0 287.353 1.60516e-07
1.3525 1.4382 0 288.356 1.57508e-07
1.3525 1.4382 0 289.358 1.54561e-07
1.3525 1.4382 0 290.361 1.51675e-07
1.3525 1.4382 0 291.363 1.48847e-07
1.3525 1.4382 0 292.366 1.46077e-07
1.3525 1.4382 0 293.368 1.43363e-07
1.3525 1.4382 0 294.37 1.40705e-07
1.3525 1.4382 0 295.373 1.381e-07
1.3525 1.4382 0 296.375 1.35547e-07
1.3525 1.4382 0 297.378 1.33046e-07
1.3525 1.4382 0 298.38 1.30596e-07
1.3525 1.4382 0 299.383 1.28194e-07
1.3525 1.4382 0 300.385 1.25841e-07
1.3525 1.4382 0 301.388 1.23534e-07
1.3525 1.4382 0 302.39 1.21273e-07
1.3525 1.4382 0 303.393 1.19058e-07
1.3525 1.4382 0 304.395 1.16886e-07
1.3525 1.4382 0 305.398 1.14757e-07
1.3525 1.4382 0 306.4 1.12671e-07
1.3525 1.4382 0 307.403 1.10625e-07
1.3525 1.4382 0 308.405 1.0862e-07
1.3525 1.4382 0 309.408 1.06654e-07
1.3525 1.4382 0 310.41 1.04726e-07
1.3525 1.4382 0 311.412 1.02836e-07
1.3525 1.4382 0 312.415 1.00983e-07
1.3525 1.4382 0 313.417 9.91664e-08
1.3525 1.4382 0 314.42 9.73848e-08
1.3525 1.4382 0 315.422 9.56378e-08
1.3525 1.4382 0 316.425 9.39245e-08
1.3525 1.4382 0 317.427 9.22444e-08
1.3525 1.4382 0 318.43 9.05966e-08
1.3525 1.4382 0 319.432 8.89805e-08
1.3525 1.4382 0 320.435 8.73955e-08
1.3525 1.4382 0 321.437 8.58408e-08
1.3525 1.4382 0 322.44 8.43158e-08
1.3525 1.4382 0 323.442 8.282e-08
1.3525 1.4382 0 324.445 8.13527e-08
1.3525 1.4382 0 325.447 7.99133e-08
1.3525 1.4382 0 326.449 7.85012e-08
1.3525 1.4382 0 327.452 7.71158e-08
1.3525 1.4382 0 328.454 7.57567e-08
1.3525 1.4382 0 329.457 7.44232e-08
1.3525 1.4382 0 330.459 7.31149e-08
1.3525 1.4382 0 331.462 7.18312e-08
1.3525 1.4382 0 332.464 7.05716e-08
1.3525 1.4382 0 333.467 6.93356e-08
1.3525 1.4382 0 334.469 6.81227e-08
1.3525 1.4382 0 335.472 6.69325e-08
1.3525 1.4382 0 336.474 6.57645e-08
1.3525 1.4382 0 337.477 6.46182e-08
1.3525 1.4382 0 338.479 6.34933e-08
1.3525 1.4382 0 339.482 6.23892e-08
1.3525 1.4382 0 340.484 6.13055e-08
1.3525 1.4382 0 341.487 6.0242e-08
1.3525 1.4382 0 342.489 5.9198e-08
1.3525 1.4382 0 343.491 5.81733e-08
1.3525 1.4382 0 344.494 5.71675e-08
1.3525 1.4382 0 345.496 5.61801e-08
1.3525 1.4382 0 346.499 5.52109e-08
1.3525 1.4382 0 347.501 5.42594e-08
1.3525 1.4382 0 348.504 5.33253e-08
1.3525 1.4382 0 349.506 5.24083e-08
1.3525 1.4382 0 350.509 5.15079e-08
1.3525 1.4382 0 351.511 5.0624e-08
1.3525 1.4382 0 352.514 4.97562e-08
1.3525 1.4382 0 353.516 4.89041e-08
1.3525 1.4382 0 354.519 4.80674e-08
1.3525 1.4382 0 355.521 4.72459e-08
1.3525 1.4382 0 356.524 4.64392e-08
1.3525 1.4382 0 357.526 4.56471e-08
1.3525 1.4382 0 358.528 4.48693e-08
1.3525 1.4382 0 359.531 4.41054e-08
1.3525 1.4382 0 360.533 4.33553e-08
1.3525 1.4382 0 361.536 4.26186e-08
1.3525 1.4382 0 362.538 4.18952e-08
1.3525 1.4382 0 363.541 4.11847e-08
1.3525 1.4382 0 364.543 4.04868e-08
1.3525 1.4382 0 365.546 3.98015e-08
1.3525 1.4382 0 366.548 3.91283e-08
1.3525 1.4382 0 367.551 3.84671e-08
1.3525 1.4382 0 368.553 3.78177e-08
1.3525 1.4382 0 369.556 3.71798e-08
1.3525 1.4382 0 370.558 3.65532e-08
1.3525 1.4382 0 371.561 3.59377e-08
1.3525 1.4382 0 372.563 3.53331e-08
1.3525 1.4382 0 373.566 3.47391e-08
1.3525 1.4382 0 374.568 3.41557e-08
1.3525 1.4382 0 375.57 3.35825e-08
1.3525 1.4382 0 376.573 3.30194e-08
1.3525 1.4382 0 377.575 3.24662e-08
1.3525 1.4382 0 378.578 3.19227e-08
1.3525 1.4382 0 379.58 3.13887e-08
1.3525 1.4382 0 380.583 3.08641e-08
1.3525 1.4382 0 381.585 3.03486e-08
1.3525 1.4382 0 382.588 2.98422e-08
1.3525 1.4382 0 383.59 2.93446e-08
1.3525 1.4382 0 384.593 2.88556e-08
1.3525 1.4382 0 385.595 2.83752e-08
1.3525 1.4382 0 386.598 2.79031e-08
1.3525 1.4382 0 387.6 2.74393e-08
1.3525 1.4382 0 388.603 2.69835e-08
1.3525 1.4382 0 389.605 2.65355e-08
1.3525 1.4382 0 390.607 2.60954e-08
1.3525 1.4382 0 391.61 2.56628e-08
1.3525 1.4382 0 392.612 2.52377e-08
1.3525 1.4382 0 393.615 2.482e-08
1.3525 1.4382 0 394.617 2.44094e-08
1.3525 1.4382 0 395.62 2.40059e-08
1.3525 1.4382 0 396.622 2.36094e-08
1.3525 1.4382 0 397.625 2.32197e-08
1.3525 1.4382 0 398.627 2.28366e-08
1.3525 1.4382 0 399.63 2.24602e-08
1.3525 1.4382 0 400.632 2.20902e-08
1.3525 1.4382 0 401.635 2.17265e-08
1.3525 1.4382 0 402.637 2.1369e-08
1.3525 1.4382 0 403.64 2.10177e-08
1.3525 1.4382 0 404.642 2.06723e-08
1.3525 1.4382 0 405.645 2.03329e-08
1.3525 1.4382 0 406.647 1.99992e-08
1.3525 1.4382 0 407.649 1.96712e-08
1.3525 1.4382 0 408.652 1.93487e-08
1.3525 1.4382 0 409.654 1.90318e-08
1.3525 1.4382 0 410.657 1.87202e-08
1.3525 1.4382 0 411.659 1.84139e-08
1.3525 1.4382 0 412.662 1.81128e-08
1.3525 1.4382 0 413.664 1.78168e-08
1.3525 1.4382 0 414.667 1.75258e-08
1.3525 1.4382 0 415.669 1.72397e-08
1.3525 1.4382 0 416.672 1.69585e-08
1.3525 1.4382 0 417.674 1.6682e-08
1.3525 1.4382 0 418.677 1.64101e-08
1.3525 1.4382 0 419.679 1.61429e-08
1.3525 1.4382 0 420.682 1.58801e-08
1.3525 1.4382 0 421.684 1.56218e-08
1.3525 1.4382 0 422.686 1.53678e-08
1.3525 1.4382 0 423.689 1.5118e-08
1.3525 1.4382 0 424.691 1.48724e-08
1.3525 1.4382 0 425.694 1.4631e-08
1.3525 1.4382 0 426.696 1.43936e-08
1.3525 1.4382 0 427.699 1.41602e-08
1.3525 1.4382 0 428.701 1.39307e-08
1.3525 1.4382 0 429.704 1.3705e-08
1.3525 1.4382 0 430.706 1.3483e-08
1.3525 1.4382 0 431.709 1.32648e-08
1.3525 1.4382 0 432.711 1.30502e-08
1.3525 1.4382 0 433.714 1.28392e-08
1.3525 1.4382 0 434.716 1.26317e-08
1.3525 1.4382 0 435.719 1.24277e-08
1.3525 1.4382 0 436.721 1.22271e-08
1.3525 1.4382 0 437.724 1.20297e-08
1.3525 1.4382 0 438.726 1.18357e-08
1.3525 1.4382 0 439.728 1.16449e-08
1.3525 1.4382 0 440.731 1.14572e-08
1.3525 1.4382 0 441.733 1.12727e-08
1.3525 1.4382 0 442.736 1.10912e-08
1.3525 1.4382 0 443.738 1.09127e-08
1.3525 1.4382 0 444.741 1.07371e-08
1.3525 1.4382 0 445.743 1.05645e-08
1.3525 1.4382 0 446.746 1.03947e-08
1.3525 1.4382 0 447.748 1.02277e-08
1.3525 1.4382 0 448.751 1.00634e-08
1.3525 1.4382 0 449.753 9.90191e-09
1.3525 1.4382 0 450.756 9.74303e-09
1.3525 1.4382 0 451.758 9.58678e-09
1.3525 1.4382 0 452.761 9.43309e-09
1.3525 1.4382 0 453.763 9.28192e-09
1.3525 1.4382 0 454.765 9.13324e-09
1.3525 1.4382 0 455.768 8.987e-09
1.3525 1.4382 0 456.77 8.84316e-09
1.3525 1.4382 0 457.773 8.70168e-09
1.3525 1.4382 0 458.775 8.56252e-09
1.3525 1.4382 0 459.778 8.42564e-09
1.3525 1.4382 0 460.78 8.29099e-09
1.3525 1.4382 0 461.783 8.15855e-09
1.3525 1.4382 0 462.785 8.02828e-09
1.3525 1.4382 0 463.788 7.90013e-09
1.3525 1.4382 0 464.79 7.77408e-09
1.3525 1.4382 0 465.793 7.65008e-09
1.3525 1.4382 0 466.795 7.52811e-09
1.3525 1.4382 0 467.798 7.40813e-09
1.3525 1.4382 0 468.8 7.2901e-09
1.3525 1.4382 0 469.803 7.17399e-09
1.3525 1.4382 0 470.805 7.05978e-09
1.3525 1.4382 0 471.807 6.94742e-09
1.3525 1.4382 0 472.81 6.83689e-09
1.3525 1.4382 0 473.812 6.72815e-09
1.3525 1.4382 0 474.815 6.62119e-09
1.3525 1.4382 0 475.817 6.51595e-09
1.3525 1.4382 0 476.82 6.41243e-09
1.3525 1.4382 0 477.822 6.31059e-09
1.3525 1.4382 0 478.825 6.21039e-09
1.3525 1.4382 0 479.827 6.11182e-09
1.3525 1.4382 0 480.83 6.01485e-09
1.3525 1.4382 0 481.832 5.91945e-09
1.3525 1.4382 0 482.835 5.82559e-09
1.3525 1.4382 0 483.837 5.73325e-09
1.3525 1.4382 0 484.84 5.6424e-09
1.3525 1.4382 0 485.842 5.55302e-09
1.3525 1.4382 0 486.844 5.46508e-09
1.3525 1.4382 0 487.847 5.37857e-09
1.3525 1.4382 0 488.849 5.29345e-09
1.3525 1.4382 0 489.852 5.2097e-09
1.3525 1.4382 0 490.854 5.1273e-09
1.3525 1.4382 0 491.857 5.04623e-09
1.3525 1.4382 0 492.859 4.96647e-09
1.3525 1.4382 0 493.862 4.88799e-09
1.3525 1.4382 0 494.864 4.81077e-09
1.3525 1.4382 0 495.867 4.7348e-09
1.3525 1.4382 0 496.869 4.66005e-09
1.3525 1.4382 0 497.872 4.58649e-09
1.3525 1.4382 0 498.874 4.51413e-09
1.3525 1.4382 0 499.877 4.44292e-09
1.3525 1.4382 0 500.879 4.37285e-09
1.3525 1.4382 0 501.882 4.30392e-09
1.3525 1.4382 0 502.884 4.23608e-09
1.3525 1.4382 0 503.886 4.16934e-09
1.3525 1.4382 0 504.889 4.10366e-09
1.3525 1.4382 0 505.891 4.03904e-09
1.3525 1.4382 0 506.894 3.97545e-09
1.3525 1.4382 0 507.896 3.91288e-09
1.3525 1.4382 0 508.899 3.85131e-09
1.3525 1.4382 0 509.901 3.79072e-09
1.3525 1.4382 0 510.904 3.73111e-09
1.3525 1.4382 0 511.906 3.67244e-09
1.3525 1.4382 0 512.909 3.61472e-09
1.3525 1.4382 0 513.911 3.55791e-09
1.3525 1.4382 0 514.914 3.50202e-09
1.3525 1.4382 0 515.916 3.44701e-09
1.3525 1.4382 0 516.919 3.39289e-09
1.3525 1.4382 0 517.921 3.33962e-09
1.3525 1.4382 0 518.923 3.28721e-09
1.3525 1.4382 0 519.926 3.23563e-09
1.3525 1.4382 0 520.928 3.18487e-09
1.3525 1.4382 0 521.931 3.13493e-09
1.3525 1.4382 0 522.933 3.08577e-09
1.3525 1.4382 0 523.936 3.0374e-09
1.3525 1.4382 0 524.938 2.9898e-09
1.3525 1.4382 0 525.941 2.94296e-09
1.3525 1.4382 0 526.943 2.89686e-09
1.3525 1.4382 0 527.946 2.85149e-09
1.3525 1.4382 0 528.948 2.80685e-09
1.3525 1.4382 0 529.951 2.76291e-09
1.3525 1.4382 0 530.953 2.71967e-09
1.3525 1.4382 0 531.956 2.67712e-09
1.3525 1.4382 0 532.958 2.63524e-09
1.3525 1.4382 0 533.961 2.59403e-09
1.3525 1.4382 0 534.963 2.55347e-09
1.3525 1.4382 0 535.965 2.51356e-09
1.3525 1.4382 0 536.968 2.47427e-09
1.3525 1.4382 0 537.97 2.43561e-09
1.3525 1.4382 0 538.973 2.39756e-09
1.3525 1.4382 0 539.975 2.36012e-09
1.3525 1.4382 0 540.978 2.32326e-09
1.3525 1.4382 0 541.98 2.28699e-09
1.3525 1.4382 0 542.983 2.2513e-09
1.3525 1.4382 0 543.985 2.21617e-09
1.3525 1.4382 0 544.988 2.18159e-09
1.3525 1.4382 0 545.99 2.14756e-09
1.3525 1.4382 0 546.993 2.11407e-09
1.3525 1.4382 0 547.995 2.08111e-09
1.3525 1.4382 0 548.998 2.04867e-09
1.3525 1.4382 0 550 2.01674e-09

