3.22045 1.4382 0 150.015 1.67746e-05
3.22045 1.4382 0 151.017 2.90966e-05
3.22045 1.4382 0 152.02 2.79872e-05
3.22045 1.4382 0 153.022 2.55539e-05
3.22045 1.4382 0 154.025 2.33415e-05
3.22045 1.4382 0 155.027 2.13893e-05
3.22045 1.4382 0 156.03 1.96576e-05
3.22045 1.4382 0 157.032 1.81128e-05
3.22045 1.4382 0 158.035 1.67281e-05
3.22045 1.4382 0 159.037 1.54822e-05
3.22045 1.4382 0 160.04 1.43572e-05
3.22045 1.4382 0 161.042 1.33381e-05
3.22045 1.4382 0 162.045 1.24125e-05
3.22045 1.4382 0 163.047 1.15695e-05
3.22045 1.4382 0 164.05 1.07998e-05
3.22045 1.4382 0 165.052 1.00954e-05
3.22045 1.4382 0 166.054 9.44944e-06
3.22045 1.4382 0 167.057 8.8558e-06
3.22045 1.4382 0 168.059 8.30917e-06
3.22045 1.4382 0 169.062 7.80492e-06
3.22045 1.4382 0 170.064 7.33893e-06
3.22045 1.4382 0 171.067 6.90758e-06
3.22045 1.4382 0 172.069 6.50766e-06
3.22045 1.4382 0 173.072 6.13633e-06
3.22045 1.4382 0 174.074 5.79103e-06
3.22045 1.4382 0 175.077 5.46951e-06
3.22045 1.4382 0 176.079 5.16974e-06
3.22045 1.4382 0 177.082 4.88989e-06
3.22045 1.4382 0 178.084 4.62834e-06
3.22045 1.4382 0 179.087 4.3836e-06
3.22045 1.4382 0 180.089 4.15436e-06
3.22045 1.4382 0 181.092 3.93941e-06
3.22045 1.4382 0 182.094 3.73766e-06
3.22045 1.4382 0 183.096 3.54812e-06
3.22045 1.4382 0 184.099 3.36989e-06
3.22045 1.4382 0 185.101 3.20216e-06
3.22045 1.4382 0 186.104 3.04418e-06
3.22045 1.4382 0 187.106 2.89527e-06
3.22045 1.4382 0 188.109 2.7548e-06
3.22045 1.4382 0 189.111 2.62219e-06
3.22045 1.4382 0 190.114 2.49693e-06
3.22045 1.4382 0 191.116 2.37853e-06
3.22045 1.4382 0 192.119 2.26654e-06
3.22045 1.4382 0 193.121 2.16055e-06
3.22045 1.4382 0 194.124 2.06019e-06
3.22045 1.4382 0 195.126 1.9651e-06
3.22045 1.4382 0 196.129 1.87496e-06
3.22045 1.4382 0 197.131 1.78947e-06
3.22045 1.4382 0 198.133 1.70835e-06
3.22045 1.4382 0 199.136 1.63134e-06
3.22045 1.4382 0 200.138 1.5582e-06
3.22045 1.4382 0 201.141 1.4887e-06
3.22045 1.4382 0 202.143 1.42265e-06
3.22045 1.4382 0 203.146 1.35983e-06
3.22045 1.4382 0 204.148 1.30007e-06
3.22045 1.4382 0 205.151 1.24321e-06
3.22045 1.4382 0 206.153 1.18907e-06
3.22045 1.4382 0 207.156 1.13752e-06
3.22045 1.4382 0 208.158 1.08841e-06
3.22045 1.4382 0 209.161 1.04162e-06
3.22045 1.4382 0 210.163 9.97012e-07
3.22045 1.4382 0 211.166 9.54483e-07
3.22045 1.4382 0 212.168 9.13922e-07
3.22045 1.4382 0 213.171 8.75227e-07
3.22045 1.4382 0 214.173 8.38302e-07
3.22045 1.4382 0 215.175 8.03057e-07
3.22045 1.4382 0 216.178 7.69408e-07
3.22045 1.4382 0 217.18 7.37275e-07
3.22045 1.4382 0 218.183 7.06582e-07
3.22045 1.4382 0 219.185 6.77259e-07
3.22045 1.4382 0 220.188 6.49238e-07
3.22045 1.4382 0 221.19 6.22456e-07
3.22045 1.4382 0 222.193 5.96852e-07
3.22045 1.4382 0 223.195 5.72371e-07
3.22045 1.4382 0 224.198 5.48958e-07
3.22045 1.4382 0 225.2 5.26563e-07
3.22045 1.4382 0 226.203 5.05138e-07
3.22045 1.4382 0 227.205 4.84637e-07
3.22045 1.4382 0 228.208 4.65017e-07
3.22045 1.4382 0 229.21 4.46236e-07
3.22045 1.4382 0 230.212 4.28258e-07
3.22045 1.4382 0 231.215 4.11043e-07
3.22045 1.4382 0 232.217 3.94558e-07
3.22045 1.4382 0 233.22 3.78769e-07
3.22045 1.4382 0 234.222 3.63645e-07
3.22045 1.4382 0 235.225 3.49155e-07
3.22045 1.4382 0 236.227 3.35272e-07
3.22045 1.4382 0 237.23 3.21967e-07
3.22045 1.4382 0 238.232 3.09216e-07
3.22045 1.4382 0 239.235 2.96994e-07
3.22045 1.4382 0 240.237 2.85277e-07
3.22045 1.4382 0 241.24 2.74043e-07
3.22045 1.4382 0 242.242 2.63271e-07
3.22045 1.4382 0 243.245 2.52942e-07
3.22045 1.4382 0 244.247 2.43034e-07
3.22045 1.4382 0 245.25 2.33532e-07
3.22045 1.4382 0 246.252 2.24416e-07
3.22045 1.4382 0 247.254 2.1567e-07
3.22045 1.4382 0 248.257 2.07279e-07
3.22045 1.4382 0 249.259 1.99227e-07
3.22045 1.4382 0 250.262 1.91499e-07
3.22045 1.4382 0 251.264 1.84083e-07
3.22045 1.4382 0 252.267 1.76965e-07
3.22045 1.4382 0 253.269 1.70132e-07
3.22045 1.4382 0 254.272 1.63572e-07
3.22045 1.4382 0 255.274 1.57274e-07
3.22045 1.4382 0 256.277 1.51227e-07
3.22045 1.4382 0 257.279 1.4542e-07
3.22045 1.4382 0 258.282 1.39844e-07
3.22045 1.4382 0 259.284 1.34489e-07
3.22045 1.4382 0 260.287 1.29345e-07
3.22045 1.4382 0 261.289 1.24404e-07
3.22045 1.4382 0 262.291 1.19658e-07
3.22045 1.4382 0 263.294 1.15099e-07
3.22045 1.4382 0 264.296 1.10718e-07
3.22045 1.4382 0 265.299 1.0651e-07
3.22045 1.4382 0 266.301 1.02466e-07
3.22045 1.4382 0 267.304 9.85796e-08
3.22045 1.4382 0 268.306 9.48451e-08
3.22045 1.4382 0 269.309 9.12561e-08
3.22045 1.4382 0 270.311 8.78066e-08
3.22045 1.4382 0 271.314 8.44911e-08
3.22045 1.4382 0 272.316 8.13041e-08
3.22045 1.4382 0 273.319 7.82405e-08
3.22045 1.4382 0 274.321 7.52953e-08
3.22045 1.4382 0 275.324 7.24638e-08
3.22045 1.4382 0 276.326 6.97415e-08
3.22045 1.4382 0 277.329 6.7124e-08
3.22045 1.4382 0 278.331 6.46072e-08
3.22045 1.4382 0 279.333 6.2187e-08
3.22045 1.4382 0 280.336 5.98596e-08
3.22045 1.4382 0 281.338 5.76214e-08
3.22045 1.4382 0 282.341 5.54688e-08
3.22045 1.4382 0 283.343 5.33984e-08
3.22045 1.4382 0 284.346 5.14071e-08
3.22045 1.4382 0 285.348 4.94917e-08
3.22045 1.4382 0 286.351 4.76491e-08
3.22045 1.4382 0 287.353 4.58767e-08
3.22045 1.4382 0 288.356 4.41716e-08
3.22045 1.4382 0 289.358 4.25312e-08
3.22045 1.4382 0 290.361 4.0953e-08
3.22045 1.4382 0 291.363 3.94345e-08
3.22045 1.4382 0 292.366 3.79735e-08
3.22045 1.4382 0 293.368 3.65677e-08
3.22045 1.4382 0 294.37 3.52149e-08
3.22045 1.4382 0 295.373 3.39132e-08
3.22045 1.4382 0 296.375 3.26605e-08
3.22045 1.4382 0 297.378 3.14549e-08
3.22045 1.4382 0 298.38 3.02947e-08
3.22045 1.4382 0 299.383 2.91781e-08
3.22045 1.4382 0 300.385 2.81033e-08
3.22045 1.4382 0 301.388 2.70689e-08
3.22045 1.4382 0 302.39 2.60732e-08
3.22045 1.4382 0 303.393 2.51147e-08
3.22045 1.4382 0 304.395 2.41921e-08
3.22045 1.4382 0 305.398 2.3304e-08
3.22045 1.4382 0 306.4 2.2449e-08
3.22045 1.4382 0 307.403 2.1626e-08
3.22045 1.4382 0 308.405 2.08336e-08
3.22045 1.4382 0 309.408 2.00706e-08
3.22045 1.4382 0 310.41 1.93361e-08
3.22045 1.4382 0 311.412 1.86289e-08
3.22045 1.4382 0 312.415 1.7948e-08
3.22045 1.4382 0 313.417 1.72923e-08
3.22045 1.4382 0 314.42 1.6661e-08
3.22045 1.4382 0 315.422 1.6053e-08
3.22045 1.4382 0 316.425 1.54676e-08
3.22045 1.4382 0 317.427 1.49038e-08
3.22045 1.4382 0 318.43 1.43609e-08
3.22045 1.4382 0 319.432 1.3838e-08
3.22045 1.4382 0 320.435 1.33344e-08
3.22045 1.4382 0 321.437 1.28495e-08
3.22045 1.4382 0 322.44 1.23824e-08
3.22045 1.4382 0 323.442 1.19325e-08
3.22045 1.4382 0 324.445 1.14992e-08
3.22045 1.4382 0 325.447 1.10818e-08
3.22045 1.4382 0 326.449 1.06798e-08
3.22045 1.4382 0 327.452 1.02926e-08
3.22045 1.4382 0 328.454 9.91956e-09
3.22045 1.4382 0 329.457 9.56024e-09
3.22045 1.4382 0 330.459 9.2141e-09
3.22045 1.4382 0 331.462 8.88064e-09
3.22045 1.4382 0 332.464 8.55941e-09
3.22045 1.4382 0 333.467 8.24994e-09
3.22045 1.4382 0 334.469 7.95179e-09
3.22045 1.4382 0 335.472 7.66455e-09
3.22045 1.4382 0 336.474 7.3878e-09
3.22045 1.4382 0 337.477 7.12117e-09
3.22045 1.4382 0 338.479 6.86427e-09
3.22045 1.4382 0 339.482 6.61675e-09
3.22045 1.4382 0 340.484 6.37825e-09
3.22045 1.4382 0 341.487 6.14845e-09
3.22045 1.4382 0 342.489 5.92702e-09
3.22045 1.4382 0 343.491 5.71365e-09
3.22045 1.4382 0 344.494 5.50804e-09
3.22045 1.4382 0 345.496 5.30992e-09
3.22045 1.4382 0 346.499 5.119e-09
3.22045 1.4382 0 347.501 4.93501e-09
3.22045 1.4382 0 348.504 4.75771e-09
3.22045 1.4382 0 349.506 4.58684e-09
3.22045 1.4382 0 350.509 4.42218e-09
3.22045 1.4382 0 351.511 4.26348e-09
3.22045 1.4382 0 352.514 4.11054e-09
3.22045 1.4382 0 353.516 3.96314e-09
3.22045 1.4382 0 354.519 3.82107e-09
3.22045 1.4382 0 355.521 3.68415e-09
3.22045 1.4382 0 356.524 3.55219e-09
3.22045 1.4382 0 357.526 3.42499e-09
3.22045 1.4382 0 358.528 3.30239e-09
3.22045 1.4382 0 359.531 3.18422e-09
3.22045 1.4382 0 360.533 3.07032e-09
3.22045 1.4382 0 361.536 2.96054e-09
3.22045 1.4382 0 362.538 2.85471e-09
3.22045 1.4382 0 363.541 2.7527e-09
3.22045 1.4382 0 364.543 2.65437e-09
3.22045 1.4382 0 365.546 2.55958e-09
3.22045 1.4382 0 366.548 2.4682e-09
3.22045 1.4382 0 367.551 2.38012e-09
3.22045 1.4382 0 368.553 2.29521e-09
3.22045 1.4382 0 369.556 2.21335e-09
3.22045 1.4382 0 370.558 2.13444e-09
3.22045 1.4382 0 371.561 2.05836e-09
3.22045 1.4382 0 372.563 1.98502e-09
3.22045 1.4382 0 373.566 1.91431e-09
3.22045 1.4382 0 374.568 1.84614e-09
3.22045 1.4382 0 375.57 1.78042e-09
3.22045 1.4382 0 376.573 1.71706e-09
3.22045 1.4382 0 377.575 1.65597e-09
3.22045 1.4382 0 378.578 1.59707e-09
3.22045 1.4382 0 379.58 1.54028e-09
3.22045 1.4382 0 380.583 1.48552e-09
3.22045 1.4382 0 381.585 1.43273e-09
3.22045 1.4382 0 382.588 1.38183e-09
3.22045 1.4382 0 383.59 1.33275e-09
3.22045 1.4382 0 384.593 1.28543e-09
3.22045 1.4382 0 385.595 1.23979e-09
3.22045 1.4382 0 386.598 1.19579e-09
3.22045 1.4382 0 387.6 1.15337e-09
3.22045 1.4382 0 388.603 1.11246e-09
3.22045 1.4382 0 389.605 1.07301e-09
3.22045 1.4382 0 390.607 1.03497e-09
3.22045 1.4382 0 391.61 9.98285e-10
3.22045 1.4382 0 392.612 9.62912e-10
3.22045 1.4382 0 393.615 9.288e-10
3.22045 1.4382 0 394.617 8.95906e-10
3.22045 1.4382 0 395.62 8.64184e-10
3.22045 1.4382 0 396.622 8.33593e-10
3.22045 1.4382 0 397.625 8.04092e-10
3.22045 1.4382 0 398.627 7.75642e-10
3.22045 1.4382 0 399.63 7.48205e-10
3.22045 1.4382 0 400.632 7.21745e-10
3.22045 1.4382 0 401.635 6.96226e-10
3.22045 1.4382 0 402.637 6.71616e-10
3.22045 1.4382 0 403.64 6.47881e-10
3.22045 1.4382 0 404.642 6.2499e-10
3.22045 1.4382 0 405.645 6.02912e-10
3.22045 1.4382 0 406.647 5.8162e-10
3.22045 1.4382 0 407.649 5.61084e-10
3.22045 1.4382 0 408.652 5.41277e-10
3.22045 1.4382 0 409.654 5.22174e-10
3.22045 1.4382 0 410.657 5.03749e-10
3.22045 1.4382 0 411.659 4.85978e-10
3.22045 1.4382 0 412.662 4.68838e-10
3.22045 1.4382 0 413.664 4.52305e-10
3.22045 1.4382 0 414.667 4.36359e-10
3.22045 1.4382 0 415.669 4.20979e-10
3.22045 1.4382 0 416.672 4.06143e-10
3.22045 1.4382 0 417.674 3.91833e-10
3.22045 1.4382 0 418.677 3.78031e-10
3.22045 1.4382 0 419.679 3.64717e-10
3.22045 1.4382 0 420.682 3.51874e-10
3.22045 1.4382 0 421.684 3.39487e-10
3.22045 1.4382 0 422.686 3.27537e-10
3.22045 1.4382 0 423.689 3.16011e-10
3.22045 1.4382 0 424.691 3.04892e-10
3.22045 1.4382 0 425.694 2.94167e-10
3.22045 1.4382 0 426.696 2.83821e-10
3.22045 1.4382 0 427.699 2.7384e-10
3.22045 1.4382 0 428.701 2.64213e-10
3.22045 1.4382 0 429.704 2.54925e-10
3.22045 1.4382 0 430.706 2.45966e-10
3.22045 1.4382 0 431.709 2.37323e-10
3.22045 1.4382 0 432.711 2.28986e-10
3.22045 1.4382 0 433.714 2.20942e-10
3.22045 1.4382 0 434.716 2.13183e-10
3.22045 1.4382 0 435.719 2.05697e-10
3.22045 1.4382 0 436.721 1.98476e-10
3.22045 1.4382 0 437.724 1.91509e-10
3.22045 1.4382 0 438.726 1.84788e-10
3.22045 1.4382 0 439.728 1.78304e-10
3.22045 1.4382 0 440.731 1.72049e-10
3.22045 1.4382 0 441.733 1.66014e-10
3.22045 1.4382 0 442.736 1.60192e-10
3.22045 1.4382 0 443.738 1.54575e-10
3.22045 1.4382 0 444.741 1.49155e-10
3.22045 1.4382 0 445.743 1.43927e-10
3.22045 1.4382 0 446.746 1.38883e-10
3.22045 1.4382 0 447.748 1.34016e-10
3.22045 1.4382 0 448.751 1.2932e-10
3.22045 1.4382 0 449.753 1.2479e-10
3.22045 1.4382 0 450.756 1.20419e-10
3.22045 1.4382 0 451.758 1.16202e-10
3.22045 1.4382 0 452.761 1.12133e-10
3.22045 1.4382 0 453.763 1.08208e-10
3.22045 1.4382 0 454.765 1.0442e-10
3.22045 1.4382 0 455.768 1.00766e-10
3.22045 1.4382 0 456.77 9.72395e-11
3.22045 1.4382 0 457.773 9.38373e-11
3.22045 1.4382 0 458.775 9.05546e-11
3.22045 1.4382 0 459.778 8.73872e-11
3.22045 1.4382 0 460.78 8.43311e-11
3.22045 1.4382 0 461.783 8.13823e-11
3.22045 1.4382 0 462.785 7.8537e-11
3.22045 1.4382 0 463.788 7.57915e-11
3.22045 1.4382 0 464.79 7.31424e-11
3.22045 1.4382 0 465.793 7.05863e-11
3.22045 1.4382 0 466.795 6.81199e-11
3.22045 1.4382 0 467.798 6.57399e-11
3.22045 1.4382 0 468.8 6.34435e-11
3.22045 1.4382 0 469.803 6.12275e-11
3.22045 1.4382 0 470.805 5.90893e-11
3.22045 1.4382 0 471.807 5.7026e-11
3.22045 1.4382 0 472.81 5.5035e-11
3.22045 1.4382 0 473.812 5.31138e-11
3.22045 1.4382 0 474.815 5.12599e-11
3.22045 1.4382 0 475.817 4.94709e-11
3.22045 1.4382 0 476.82 4.77446e-11
3.22045 1.4382 0 477.822 4.60788e-11
3.22045 1.4382 0 478.825 4.44713e-11
3.22045 1.4382 0 479.827 4.29201e-11
3.22045 1.4382 0 480.83 4.14231e-11
3.22045 1.4382 0 481.832 3.99786e-11
3.22045 1.4382 0 482.835 3.85846e-11
3.22045 1.4382 0 483.837 3.72394e-11
3.22045 1.4382 0 484.84 3.59413e-11
3.22045 1.4382 0 485.842 3.46885e-11
3.22045 1.4382 0 486.844 3.34796e-11
3.22045 1.4382 0 487.847 3.23129e-11
3.22045 1.4382 0 488.849 3.11871e-11
3.22045 1.4382 0 489.852 3.01006e-11
3.22045 1.4382 0 490.854 2.9052e-11
3.22045 1.4382 0 491.857 2.80401e-11
3.22045 1.4382 0 492.859 2.70636e-11
3.22045 1.4382 0 493.862 2.61212e-11
3.22045 1.4382 0 494.864 2.52117e-11
3.22045 1.4382 0 495.867 2.4334e-11
3.22045 1.4382 0 496.869 2.34869e-11
3.22045 1.4382 0 497.872 2.26694e-11
3.22045 1.4382 0 498.874 2.18805e-11
3.22045 1.4382 0 499.877 2.11191e-11
3.22045 1.4382 0 500.879 2.03843e-11
3.22045 1.4382 0 501.882 1.96751e-11
3.22045 1.4382 0 502.884 1.89907e-11
3.22045 1.4382 0 503.886 1.83301e-11
3.22045 1.4382 0 504.889 1.76926e-11
3.22045 1.4382 0 505.891 1.70774e-11
3.22045 1.4382 0 506.894 1.64836e-11
3.22045 1.4382 0 507.896 1.59105e-11
3.22045 1.4382 0 508.899 1.53574e-11
3.22045 1.4382 0 509.901 1.48235e-11
3.22045 1.4382 0 510.904 1.43083e-11
3.22045 1.4382 0 511.906 1.38111e-11
3.22045 1.4382 0 512.909 1.33311e-11
3.22045 1.4382 0 513.911 1.28679e-11
3.22045 1.4382 0 514.914 1.24209e-11
3.22045 1.4382 0 515.916 1.19894e-11
3.22045 1.4382 0 516.919 1.15729e-11
3.22045 1.4382 0 517.921 1.1171e-11
3.22045 1.4382 0 518.923 1.0783e-11
3.22045 1.4382 0 519.926 1.04086e-11
3.22045 1.4382 0 520.928 1.00472e-11
3.22045 1.4382 0 521.931 9.69837e-12
3.22045 1.4382 0 522.933 9.36169e-12
3.22045 1.4382 0 523.936 9.03674e-12
3.22045 1.4382 0 524.938 8.72309e-12
3.22045 1.4382 0 525.941 8.42036e-12
3.22045 1.4382 0 526.943 8.12816e-12
3.22045 1.4382 0 527.946 7.84613e-12
3.22045 1.4382 0 528.948 7.57391e-12
3.22045 1.4382 0 529.951 7.31116e-12
3.22045 1.4382 0 530.953 7.05755e-12
3.22045 1.4382 0 531.956 6.81276e-12
3.22045 1.4382 0 532.958 6.57648e-12
3.22045 1.4382 0 533.961 6.34841e-12
3.22045 1.4382 0 534.963 6.12828e-12
3.22045 1.4382 0 535.965 5.9158e-12
3.22045 1.4382 0 536.968 5.7107e-12
3.22045 1.4382 0 537.97 5.51273e-12
3.22045 1.4382 0 538.973 5.32164e-12
3.22045 1.4382 0 539.975 5.13719e-12
3.22045 1.4382 0 540.978 4.95915e-12
3.22045 1.4382 0 541.98 4.7873e-12
3.22045 1.4382 0 542.983 4.62141e-12
3.22045 1.4382 0 543.985 4.46129e-12
3.22045 1.4382 0 544.988 4.30673e-12
3.22045 1.4382 0 545.99 4.15754e-12
3.22045 1.4382 0 546.993 4.01352e-12
3.22045 1.4382 0 547.995 3.87451e-12
3.22045 1.4382 0 548.998 3.74032e-12
3.22045 1.4382 0 550 3.61079e-12

