0.0299629 1.82408 0 100.01 2.64484e-07
0.0299629 1.82408 0 101.012 4.42515e-07
0.0299629 1.82408 0 102.015 4.01811e-07
0.0299629 1.82408 0 103.017 3.64093e-07
0.0299629 1.82408 0 104.02 3.36777e-07
0.0299629 1.82408 0 105.022 3.15682e-07
0.0299629 1.82408 0 106.025 2.98546e-07
0.0299629 1.82408 0 107.027 2.84141e-07
0.0299629 1.82408 0 108.03 2.71736e-07
0.0299629 1.82408 0 109.032 2.60858e-07
0.0299629 1.82408 0 110.035 2.51183e-07
0.0299629 1.82408 0 111.037 2.42483e-07
0.0299629 1.82408 0 112.04 2.34586e-07
0.0299629 1.82408 0 113.042 2.27365e-07
0.0299629 1.82408 0 114.045 2.20719e-07
0.0299629 1.82408 0 115.047 2.14568e-07
0.0299629 1.82408 0 116.05 2.08849e-07
0.0299629 1.82408 0 117.052 2.03509e-07
0.0299629 1.82408 0 118.055 1.98504e-07
0.0299629 1.82408 0 119.057 1.93798e-07
0.0299629 1.82408 0 120.06 1.89361e-07
0.0299629 1.82408 0 121.062 1.85166e-07
0.0299629 1.82408 0 122.065 1.8119e-07
0.0299629 1.82408 0 123.067 1.77414e-07
0.0299629 1.82408 0 124.07 1.73821e-07
0.0299629 1.82408 0 125.072 1.70395e-07
0.0299629 1.82408 0 126.075 1.67124e-07
0.0299629 1.82408 0 127.077 1.63996e-07
0.0299629 1.82408 0 128.079 1.61e-07
0.0299629 1.82408 0 129.082 1.58127e-07
0.0299629 1.82408 0 130.084 1.55369e-07
0.0299629 1.82408 0 131.087 1.52717e-07
0.0299629 1.82408 0 132.089 1.50166e-07
0.0299629 1.82408 0 133.092 1.47708e-07
0.0299629 1.82408 0 134.094 1.45339e-07
0.0299629 1.82408 0 135.097 1.43052e-07
0.0299629 1.82408 0 136.099 1.40844e-07
0.0299629 1.82408 0 137.102 1.38709e-07
0.0299629 1.82408 0 138.104 1.36645e-07
0.0299629 1.82408 0 139.107 1.34646e-07
0.0299629 1.82408 0 140.109 1.3271e-07
0.0299629 1.82408 0 141.112 1.30834e-07
0.0299629 1.82408 0 142.114 1.29015e-07
0.0299629 1.82408 0 143.117 1.27249e-07
0.0299629 1.82408 0 144.119 1.25535e-07
0.0299629 1.82408 0 145.122 1.23869e-07
0.0299629 1.82408 0 146.124 1.22251e-07
0.0299629 1.82408 0 147.127 1.20677e-07
0.0299629 1.82408 0 148.129 1.19145e-07
0.0299629 1.82408 0 149.132 1.17655e-07
0.0299629 1.82408 0 150.134 1.16204e-07
0.0299629 1.82408 0 151.137 1.14791e-07
0.0299629 1.82408 0 152.139 1.13413e-07
0.0299629 1.82408 0 153.142 1.1207e-07
0.0299629 1.82408 0 154.144 1.10761e-07
0.0299629 1.82408 0 155.146 1.09483e-07
0.0299629 1.82408 0 156.149 1.08237e-07
0.0299629 1.82408 0 157.151 1.07019e-07
0.0299629 1.82408 0 158.154 1.05831e-07
0.0299629 1.82408 0 159.156 1.0467e-07
0.0299629 1.82408 0 160.159 1.03536e-07
0.0299629 1.82408 0 161.161 1.02427e-07
0.0299629 1.82408 0 162.164 1.01343e-07
0.0299629 1.82408 0 163.166 1.00283e-07
0.0299629 1.82408 0 164.169 9.92457e-08
0.0299629 1.82408 0 165.171 9.8231e-08
0.0299629 1.82408 0 166.174 9.72379e-08
0.0299629 1.82408 0 167.176 9.62657e-08
0.0299629 1.82408 0 168.179 9.53138e-08
0.0299629 1.82408 0 169.181 9.43815e-08
0.0299629 1.82408 0 170.184 9.34682e-08
0.0299629 1.82408 0 171.186 9.25733e-08
0.0299629 1.82408 0 172.189 9.16962e-08
0.0299629 1.82408 0 173.191 9.08364e-08
0.0299629 1.82408 0 174.194 8.99935e-08
0.0299629 1.82408 0 175.196 8.91669e-08
0.0299629 1.82408 0 176.199 8.83561e-08
0.0299629 1.82408 0 177.201 8.75607e-08
0.0299629 1.82408 0 178.204 8.67802e-08
0.0299629 1.82408 0 179.206 8.60143e-08
0.0299629 1.82408 0 180.208 8.52625e-08
0.0299629 1.82408 0 181.211 8.45244e-08
0.0299629 1.82408 0 182.213 8.37997e-08
0.0299629 1.82408 0 183.216 8.3088e-08
0.0299629 1.82408 0 184.218 8.2389e-08
0.0299629 1.82408 0 185.221 8.17022e-08
0.0299629 1.82408 0 186.223 8.10275e-08
0.0299629 1.82408 0 187.226 8.03644e-08
0.0299629 1.82408 0 188.228 7.97127e-08
0.0299629 1.82408 0 189.231 7.90721e-08
0.0299629 1.82408 0 190.233 7.84423e-08
0.0299629 1.82408 0 191.236 7.78231e-08
0.0299629 1.82408 0 192.238 7.72141e-08
0.0299629 1.82408 0 193.241 7.66152e-08
0.0299629 1.82408 0 194.243 7.6026e-08
0.0299629 1.82408 0 195.246 7.54463e-08
0.0299629 1.82408 0 196.248 7.4876e-08
0.0299629 1.82408 0 197.251 7.43148e-08
0.0299629 1.82408 0 198.253 7.37624e-08
0.0299629 1.82408 0 199.256 7.32187e-08
0.0299629 1.82408 0 200.258 7.26835e-08
0.0299629 1.82408 0 201.261 7.21565e-08
0.0299629 1.82408 0 202.263 7.16376e-08
0.0299629 1.82408 0 203.266 7.11266e-08
0.0299629 1.82408 0 204.268 7.06233e-08
0.0299629 1.82408 0 205.271 7.01276e-08
0.0299629 1.82408 0 206.273 6.96392e-08
0.0299629 1.82408 0 207.275 6.91581e-08
0.0299629 1.82408 0 208.278 6.86839e-08
0.0299629 1.82408 0 209.28 6.82167e-08
0.0299629 1.82408 0 210.283 6.77563e-08
0.0299629 1.82408 0 211.285 6.73024e-08
0.0299629 1.82408 0 212.288 6.6855e-08
0.0299629 1.82408 0 213.29 6.64139e-08
0.0299629 1.82408 0 214.293 6.5979e-08
0.0299629 1.82408 0 215.295 6.55502e-08
0.0299629 1.82408 0 216.298 6.51272e-08
0.0299629 1.82408 0 217.3 6.47102e-08
0.0299629 1.82408 0 218.303 6.42988e-08
0.0299629 1.82408 0 219.305 6.38929e-08
0.0299629 1.82408 0 220.308 6.34926e-08
0.0299629 1.82408 0 221.31 6.30976e-08
0.0299629 1.82408 0 222.313 6.27078e-08
0.0299629 1.82408 0 223.315 6.23232e-08
0.0299629 1.82408 0 224.318 6.19436e-08
0.0299629 1.82408 0 225.32 6.15689e-08
0.0299629 1.82408 0 226.323 6.11991e-08
0.0299629 1.82408 0 227.325 6.0834e-08
0.0299629 1.82408 0 228.328 6.04736e-08
0.0299629 1.82408 0 229.33 6.01178e-08
0.0299629 1.82408 0 230.333 5.97664e-08
0.0299629 1.82408 0 231.335 5.94195e-08
0.0299629 1.82408 0 232.338 5.90768e-08
0.0299629 1.82408 0 233.34 5.87384e-08
0.0299629 1.82408 0 234.342 5.84041e-08
0.0299629 1.82408 0 235.345 5.80739e-08
0.0299629 1.82408 0 236.347 5.77477e-08
0.0299629 1.82408 0 237.35 5.74254e-08
0.0299629 1.82408 0 238.352 5.7107e-08
0.0299629 1.82408 0 239.355 5.67923e-08
0.0299629 1.82408 0 240.357 5.64814e-08
0.0299629 1.82408 0 241.36 5.61741e-08
0.0299629 1.82408 0 242.362 5.58704e-08
0.0299629 1.82408 0 243.365 5.55702e-08
0.0299629 1.82408 0 244.367 5.52735e-08
0.0299629 1.82408 0 245.37 5.49802e-08
0.0299629 1.82408 0 246.372 5.46902e-08
0.0299629 1.82408 0 247.375 5.44035e-08
0.0299629 1.82408 0 248.377 5.412e-08
0.0299629 1.82408 0 249.38 5.38397e-08
0.0299629 1.82408 0 250.382 5.35625e-08
0.0299629 1.82408 0 251.385 5.32883e-08
0.0299629 1.82408 0 252.387 5.30172e-08
0.0299629 1.82408 0 253.39 5.2749e-08
0.0299629 1.82408 0 254.392 5.24837e-08
0.0299629 1.82408 0 255.395 5.22213e-08
0.0299629 1.82408 0 256.397 5.19617e-08
0.0299629 1.82408 0 257.4 5.17048e-08
0.0299629 1.82408 0 258.402 5.14507e-08
0.0299629 1.82408 0 259.405 5.11993e-08
0.0299629 1.82408 0 260.407 5.09504e-08
0.0299629 1.82408 0 261.409 5.07042e-08
0.0299629 1.82408 0 262.412 5.04605e-08
0.0299629 1.82408 0 263.414 5.02193e-08
0.0299629 1.82408 0 264.417 4.99806e-08
0.0299629 1.82408 0 265.419 4.97443e-08
0.0299629 1.82408 0 266.422 4.95104e-08
0.0299629 1.82408 0 267.424 4.92789e-08
0.0299629 1.82408 0 268.427 4.90497e-08
0.0299629 1.82408 0 269.429 4.88227e-08
0.0299629 1.82408 0 270.432 4.8598e-08
0.0299629 1.82408 0 271.434 4.83755e-08
0.0299629 1.82408 0 272.437 4.81552e-08
0.0299629 1.82408 0 273.439 4.7937e-08
0.0299629 1.82408 0 274.442 4.77209e-08
0.0299629 1.82408 0 275.444 4.75069e-08
0.0299629 1.82408 0 276.447 4.7295e-08
0.0299629 1.82408 0 277.449 4.7085e-08
0.0299629 1.82408 0 278.452 4.68771e-08
0.0299629 1.82408 0 279.454 4.66711e-08
0.0299629 1.82408 0 280.457 4.6467e-08
0.0299629 1.82408 0 281.459 4.62648e-08
0.0299629 1.82408 0 282.462 4.60645e-08
0.0299629 1.82408 0 283.464 4.58661e-08
0.0299629 1.82408 0 284.467 4.56694e-08
0.0299629 1.82408 0 285.469 4.54746e-08
0.0299629 1.82408 0 286.472 4.52815e-08
0.0299629 1.82408 0 287.474 4.50901e-08
0.0299629 1.82408 0 288.476 4.49005e-08
0.0299629 1.82408 0 289.479 4.47126e-08
0.0299629 1.82408 0 290.481 4.45263e-08
0.0299629 1.82408 0 291.484 4.43416e-08
0.0299629 1.82408 0 292.486 4.41586e-08
0.0299629 1.82408 0 293.489 4.39772e-08
0.0299629 1.82408 0 294.491 4.37974e-08
0.0299629 1.82408 0 295.494 4.36191e-08
0.0299629 1.82408 0 296.496 4.34423e-08
0.0299629 1.82408 0 297.499 4.32671e-08
0.0299629 1.82408 0 298.501 4.30934e-08
0.0299629 1.82408 0 299.504 4.29211e-08
0.0299629 1.82408 0 300.506 4.27502e-08
0.0299629 1.82408 0 301.509 4.25809e-08
0.0299629 1.82408 0 302.511 4.24129e-08
0.0299629 1.82408 0 303.514 4.22463e-08
0.0299629 1.82408 0 304.516 4.20811e-08
0.0299629 1.82408 0 305.519 4.19172e-08
0.0299629 1.82408 0 306.521 4.17547e-08
0.0299629 1.82408 0 307.524 4.15935e-08
0.0299629 1.82408 0 308.526 4.14336e-08
0.0299629 1.82408 0 309.529 4.1275e-08
0.0299629 1.82408 0 310.531 4.11177e-08
0.0299629 1.82408 0 311.534 4.09616e-08
0.0299629 1.82408 0 312.536 4.08068e-08
0.0299629 1.82408 0 313.538 4.06532e-08
0.0299629 1.82408 0 314.541 4.05008e-08
0.0299629 1.82408 0 315.543 4.03496e-08
0.0299629 1.82408 0 316.546 4.01995e-08
0.0299629 1.82408 0 317.548 4.00507e-08
0.0299629 1.82408 0 318.551 3.99029e-08
0.0299629 1.82408 0 319.553 3.97564e-08
0.0299629 1.82408 0 320.556 3.96109e-08
0.0299629 1.82408 0 321.558 3.94665e-08
0.0299629 1.82408 0 322.561 3.93233e-08
0.0299629 1.82408 0 323.563 3.91811e-08
0.0299629 1.82408 0 324.566 3.904e-08
0.0299629 1.82408 0 325.568 3.88999e-08
0.0299629 1.82408 0 326.571 3.87609e-08
0.0299629 1.82408 0 327.573 3.86229e-08
0.0299629 1.82408 0 328.576 3.84859e-08
0.0299629 1.82408 0 329.578 3.83499e-08
0.0299629 1.82408 0 330.581 3.8215e-08
0.0299629 1.82408 0 331.583 3.8081e-08
0.0299629 1.82408 0 332.586 3.79479e-08
0.0299629 1.82408 0 333.588 3.78159e-08
0.0299629 1.82408 0 334.591 3.76847e-08
0.0299629 1.82408 0 335.593 3.75546e-08
0.0299629 1.82408 0 336.596 3.74253e-08
0.0299629 1.82408 0 337.598 3.72969e-08
0.0299629 1.82408 0 338.601 3.71695e-08
0.0299629 1.82408 0 339.603 3.7043e-08
0.0299629 1.82408 0 340.605 3.69173e-08
0.0299629 1.82408 0 341.608 3.67925e-08
0.0299629 1.82408 0 342.61 3.66686e-08
0.0299629 1.82408 0 343.613 3.65455e-08
0.0299629 1.82408 0 344.615 3.64233e-08
0.0299629 1.82408 0 345.618 3.63019e-08
0.0299629 1.82408 0 346.62 3.61813e-08
0.0299629 1.82408 0 347.623 3.60616e-08
0.0299629 1.82408 0 348.625 3.59426e-08
0.0299629 1.82408 0 349.628 3.58245e-08
0.0299629 1.82408 0 350.63 3.57071e-08
0.0299629 1.82408 0 351.633 3.55906e-08
0.0299629 1.82408 0 352.635 3.54748e-08
0.0299629 1.82408 0 353.638 3.53597e-08
0.0299629 1.82408 0 354.64 3.52455e-08
0.0299629 1.82408 0 355.643 3.51319e-08
0.0299629 1.82408 0 356.645 3.50192e-08
0.0299629 1.82408 0 357.648 3.49071e-08
0.0299629 1.82408 0 358.65 3.47958e-08
0.0299629 1.82408 0 359.653 3.46852e-08
0.0299629 1.82408 0 360.655 3.45753e-08
0.0299629 1.82408 0 361.658 3.44661e-08
0.0299629 1.82408 0 362.66 3.43576e-08
0.0299629 1.82408 0 363.663 3.42498e-08
0.0299629 1.82408 0 364.665 3.41427e-08
0.0299629 1.82408 0 365.668 3.40362e-08
0.0299629 1.82408 0 366.67 3.39304e-08
0.0299629 1.82408 0 367.672 3.38253e-08
0.0299629 1.82408 0 368.675 3.37209e-08
0.0299629 1.82408 0 369.677 3.3617e-08
0.0299629 1.82408 0 370.68 3.35139e-08
0.0299629 1.82408 0 371.682 3.34113e-08
0.0299629 1.82408 0 372.685 3.33094e-08
0.0299629 1.82408 0 373.687 3.32081e-08
0.0299629 1.82408 0 374.69 3.31074e-08
0.0299629 1.82408 0 375.692 3.30074e-08
0.0299629 1.82408 0 376.695 3.29079e-08
0.0299629 1.82408 0 377.697 3.2809e-08
0.0299629 1.82408 0 378.7 3.27108e-08
0.0299629 1.82408 0 379.702 3.26131e-08
0.0299629 1.82408 0 380.705 3.2516e-08
0.0299629 1.82408 0 381.707 3.24194e-08
0.0299629 1.82408 0 382.71 3.23235e-08
0.0299629 1.82408 0 383.712 3.22281e-08
0.0299629 1.82408 0 384.715 3.21333e-08
0.0299629 1.82408 0 385.717 3.2039e-08
0.0299629 1.82408 0 386.72 3.19452e-08
0.0299629 1.82408 0 387.722 3.1852e-08
0.0299629 1.82408 0 388.725 3.17594e-08
0.0299629 1.82408 0 389.727 3.16673e-08
0.0299629 1.82408 0 390.73 3.15757e-08
0.0299629 1.82408 0 391.732 3.14846e-08
0.0299629 1.82408 0 392.735 3.1394e-08
0.0299629 1.82408 0 393.737 3.1304e-08
0.0299629 1.82408 0 394.739 3.12145e-08
0.0299629 1.82408 0 395.742 3.11255e-08
0.0299629 1.82408 0 396.744 3.10369e-08
0.0299629 1.82408 0 397.747 3.09489e-08
0.0299629 1.82408 0 398.749 3.08614e-08
0.0299629 1.82408 0 399.752 3.07743e-08
0.0299629 1.82408 0 400.754 3.06877e-08
0.0299629 1.82408 0 401.757 3.06016e-08
0.0299629 1.82408 0 402.759 3.0516e-08
0.0299629 1.82408 0 403.762 3.04309e-08
0.0299629 1.82408 0 404.764 3.03462e-08
0.0299629 1.82408 0 405.767 3.02619e-08
0.0299629 1.82408 0 406.769 3.01782e-08
0.0299629 1.82408 0 407.772 3.00949e-08
0.0299629 1.82408 0 408.774 3.0012e-08
0.0299629 1.82408 0 409.777 2.99296e-08
0.0299629 1.82408 0 410.779 2.98476e-08
0.0299629 1.82408 0 411.782 2.9766e-08
0.0299629 1.82408 0 412.784 2.96849e-08
0.0299629 1.82408 0 413.787 2.96042e-08
0.0299629 1.82408 0 414.789 2.9524e-08
0.0299629 1.82408 0 415.792 2.94441e-08
0.0299629 1.82408 0 416.794 2.93647e-08
0.0299629 1.82408 0 417.797 2.92857e-08
0.0299629 1.82408 0 418.799 2.92071e-08
0.0299629 1.82408 0 419.802 2.91289e-08
0.0299629 1.82408 0 420.804 2.90512e-08
0.0299629 1.82408 0 421.806 2.89738e-08
0.0299629 1.82408 0 422.809 2.88968e-08
0.0299629 1.82408 0 423.811 2.88202e-08
0.0299629 1.82408 0 424.814 2.8744e-08
0.0299629 1.82408 0 425.816 2.86682e-08
0.0299629 1.82408 0 426.819 2.85928e-08
0.0299629 1.82408 0 427.821 2.85178e-08
0.0299629 1.82408 0 428.824 2.84431e-08
0.0299629 1.82408 0 429.826 2.83688e-08
0.0299629 1.82408 0 430.829 2.82949e-08
0.0299629 1.82408 0 431.831 2.82214e-08
0.0299629 1.82408 0 432.834 2.81482e-08
0.0299629 1.82408 0 433.836 2.80754e-08
0.0299629 1.82408 0 434.839 2.80029e-08
0.0299629 1.82408 0 435.841 2.79309e-08
0.0299629 1.82408 0 436.844 2.78591e-08
0.0299629 1.82408 0 437.846 2.77877e-08
0.0299629 1.82408 0 438.849 2.77167e-08
0.0299629 1.82408 0 439.851 2.7646e-08
0.0299629 1.82408 0 440.854 2.75757e-08
0.0299629 1.82408 0 441.856 2.75057e-08
0.0299629 1.82408 0 442.859 2.7436e-08
0.0299629 1.82408 0 443.861 2.73667e-08
0.0299629 1.82408 0 444.864 2.72977e-08
0.0299629 1.82408 0 445.866 2.7229e-08
0.0299629 1.82408 0 446.868 2.71607e-08
0.0299629 1.82408 0 447.871 2.70927e-08
0.0299629 1.82408 0 448.873 2.7025e-08
0.0299629 1.82408 0 449.876 2.69576e-08
0.0299629 1.82408 0 450.878 2.68905e-08
0.0299629 1.82408 0 451.881 2.68238e-08
0.0299629 1.82408 0 452.883 2.67574e-08
0.0299629 1.82408 0 453.886 2.66913e-08
0.0299629 1.82408 0 454.888 2.66255e-08
0.0299629 1.82408 0 455.891 2.656e-08
0.0299629 1.82408 0 456.893 2.64948e-08
0.0299629 1.82408 0 457.896 2.64299e-08
0.0299629 1.82408 0 458.898 2.63653e-08
0.0299629 1.82408 0 459.901 2.6301e-08
0.0299629 1.82408 0 460.903 2.6237e-08
0.0299629 1.82408 0 461.906 2.61733e-08
0.0299629 1.82408 0 462.908 2.61099e-08
0.0299629 1.82408 0 463.911 2.60468e-08
0.0299629 1.82408 0 464.913 2.59839e-08
0.0299629 1.82408 0 465.916 2.59214e-08
0.0299629 1.82408 0 466.918 2.58591e-08
0.0299629 1.82408 0 467.921 2.57971e-08
0.0299629 1.82408 0 468.923 2.57354e-08
0.0299629 1.82408 0 469.926 2.5674e-08
0.0299629 1.82408 0 470.928 2.56128e-08
0.0299629 1.82408 0 471.931 2.55519e-08
0.0299629 1.82408 0 472.933 2.54913e-08
0.0299629 1.82408 0 473.935 2.5431e-08
0.0299629 1.82408 0 474.938 2.53709e-08
0.0299629 1.82408 0 475.94 2.53111e-08
0.0299629 1.82408 0 476.943 2.52515e-08
0.0299629 1.82408 0 477.945 2.51922e-08
0.0299629 1.82408 0 478.948 2.51332e-08
0.0299629 1.82408 0 479.95 2.50744e-08
0.0299629 1.82408 0 480.953 2.50159e-08
0.0299629 1.82408 0 481.955 2.49576e-08
0.0299629 1.82408 0 482.958 2.48996e-08
0.0299629 1.82408 0 483.96 2.48418e-08
0.0299629 1.82408 0 484.963 2.47843e-08
0.0299629 1.82408 0 485.965 2.4727e-08
0.0299629 1.82408 0 486.968 2.467e-08
0.0299629 1.82408 0 487.97 2.46132e-08
0.0299629 1.82408 0 488.973 2.45567e-08
0.0299629 1.82408 0 489.975 2.45004e-08
0.0299629 1.82408 0 490.978 2.44443e-08
0.0299629 1.82408 0 491.98 2.43885e-08
0.0299629 1.82408 0 492.983 2.43329e-08
0.0299629 1.82408 0 493.985 2.42776e-08
0.0299629 1.82408 0 494.988 2.42224e-08
0.0299629 1.82408 0 495.99 2.41675e-08
0.0299629 1.82408 0 496.993 2.41129e-08
0.0299629 1.82408 0 497.995 2.40584e-08
0.0299629 1.82408 0 498.998 2.40042e-08
0.0299629 1.82408 0 500 2.39502e-08
0.0299629 1.82408 0 100.01 2.64484e-07
0.0299629 1.82408 0 101.012 4.42515e-07
0.0299629 1.82408 0 102.015 4.01811e-07
0.0299629 1.82408 0 103.017 3.64093e-07
0.0299629 1.82408 0 104.02 3.36777e-07
0.0299629 1.82408 0 105.022 3.15682e-07
0.0299629 1.82408 0 106.025 2.98546e-07
0.0299629 1.82408 0 107.027 2.84141e-07
0.0299629 1.82408 0 108.03 2.71736e-07
0.0299629 1.82408 0 109.032 2.60858e-07
0.0299629 1.82408 0 110.035 2.51183e-07
0.0299629 1.82408 0 111.037 2.42483e-07
0.0299629 1.82408 0 112.04 2.34586e-07
0.0299629 1.82408 0 113.042 2.27365e-07
0.0299629 1.82408 0 114.045 2.20719e-07
0.0299629 1.82408 0 115.047 2.14568e-07
0.0299629 1.82408 0 116.05 2.08849e-07
0.0299629 1.82408 0 117.052 2.03509e-07
0.0299629 1.82408 0 118.055 1.98504e-07
0.0299629 1.82408 0 119.057 1.93798e-07
0.0299629 1.82408 0 120.06 1.89361e-07
0.0299629 1.82408 0 121.062 1.85166e-07
0.0299629 1.82408 0 122.065 1.8119e-07
0.0299629 1.82408 0 123.067 1.77414e-07
0.0299629 1.82408 0 124.07 1.73821e-07
0.0299629 1.82408 0 125.072 1.70395e-07
0.0299629 1.82408 0 126.075 1.67124e-07
0.0299629 1.82408 0 127.077 1.63996e-07
0.0299629 1.82408 0 128.079 1.61e-07
0.0299629 1.82408 0 129.082 1.58127e-07
0.0299629 1.82408 0 130.084 1.55369e-07
0.0299629 1.82408 0 131.087 1.52717e-07
0.0299629 1.82408 0 132.089 1.50166e-07
0.0299629 1.82408 0 133.092 1.47708e-07
0.0299629 1.82408 0 134.094 1.45339e-07
0.0299629 1.82408 0 135.097 1.43052e-07
0.0299629 1.82408 0 136.099 1.40844e-07
0.0299629 1.82408 0 137.102 1.38709e-07
0.0299629 1.82408 0 138.104 1.36645e-07
0.0299629 1.82408 0 139.107 1.34646e-07
0.0299629 1.82408 0 140.109 1.3271e-07
0.0299629 1.82408 0 141.112 1.30834e-07
0.0299629 1.82408 0 142.114 1.29015e-07
0.0299629 1.82408 0 143.117 1.27249e-07
0.0299629 1.82408 0 144.119 1.25535e-07
0.0299629 1.82408 0 145.122 1.23869e-07
0.0299629 1.82408 0 146.124 1.22251e-07
0.0299629 1.82408 0 147.127 1.20677e-07
0.0299629 1.82408 0 148.129 1.19145e-07
0.0299629 1.82408 0 149.132 1.17655e-07
0.0299629 1.82408 0 150.134 1.16204e-07
0.0299629 1.82408 0 151.137 1.14791e-07
0.0299629 1.82408 0 152.139 1.13413e-07
0.0299629 1.82408 0 153.142 1.1207e-07
0.0299629 1.82408 0 154.144 1.10761e-07
0.0299629 1.82408 0 155.146 1.09483e-07
0.0299629 1.82408 0 156.149 1.08237e-07
0.0299629 1.82408 0 157.151 1.07019e-07
0.0299629 1.82408 0 158.154 1.05831e-07
0.0299629 1.82408 0 159.156 1.0467e-07
0.0299629 1.82408 0 160.159 1.03536e-07
0.0299629 1.82408 0 161.161 1.02427e-07
0.0299629 1.82408 0 162.164 1.01343e-07
0.0299629 1.82408 0 163.166 1.00283e-07
0.0299629 1.82408 0 164.169 9.92457e-08
0.0299629 1.82408 0 165.171 9.8231e-08
0.0299629 1.82408 0 166.174 9.72379e-08
0.0299629 1.82408 0 167.176 9.62657e-08
0.0299629 1.82408 0 168.179 9.53138e-08
0.0299629 1.82408 0 169.181 9.43815e-08
0.0299629 1.82408 0 170.184 9.34682e-08
0.0299629 1.82408 0 171.186 9.25733e-08
0.0299629 1.82408 0 172.189 9.16962e-08
0.0299629 1.82408 0 173.191 9.08364e-08
0.0299629 1.82408 0 174.194 8.99935e-08
0.0299629 1.82408 0 175.196 8.91669e-08
0.0299629 1.82408 0 176.199 8.83561e-08
0.0299629 1.82408 0 177.201 8.75607e-08
0.0299629 1.82408 0 178.204 8.67802e-08
0.0299629 1.82408 0 179.206 8.60143e-08
0.0299629 1.82408 0 180.208 8.52625e-08
0.0299629 1.82408 0 181.211 8.45244e-08
0.0299629 1.82408 0 182.213 8.37997e-08
0.0299629 1.82408 0 183.216 8.3088e-08
0.0299629 1.82408 0 184.218 8.2389e-08
0.0299629 1.82408 0 185.221 8.17022e-08
0.0299629 1.82408 0 186.223 8.10275e-08
0.0299629 1.82408 0 187.226 8.03644e-08
0.0299629 1.82408 0 188.228 7.97127e-08
0.0299629 1.82408 0 189.231 7.90721e-08
0.0299629 1.82408 0 190.233 7.84423e-08
0.0299629 1.82408 0 191.236 7.78231e-08
0.0299629 1.82408 0 192.238 7.72141e-08
0.0299629 1.82408 0 193.241 7.66152e-08
0.0299629 1.82408 0 194.243 7.6026e-08
0.0299629 1.82408 0 195.246 7.54463e-08
0.0299629 1.82408 0 196.248 7.4876e-08
0.0299629 1.82408 0 197.251 7.43148e-08
0.0299629 1.82408 0 198.253 7.37624e-08
0.0299629 1.82408 0 199.256 7.32187e-08
0.0299629 1.82408 0 200.258 7.26835e-08
0.0299629 1.82408 0 201.261 7.21565e-08
0.0299629 1.82408 0 202.263 7.16376e-08
0.0299629 1.82408 0 203.266 7.11266e-08
0.0299629 1.82408 0 204.268 7.06233e-08
0.0299629 1.82408 0 205.271 7.01276e-08
0.0299629 1.82408 0 206.273 6.96392e-08
0.0299629 1.82408 0 207.275 6.91581e-08
0.0299629 1.82408 0 208.278 6.86839e-08
0.0299629 1.82408 0 209.28 6.82167e-08
0.0299629 1.82408 0 210.283 6.77563e-08
0.0299629 1.82408 0 211.285 6.73024e-08
0.0299629 1.82408 0 212.288 6.6855e-08
0.0299629 1.82408 0 213.29 6.64139e-08
0.0299629 1.82408 0 214.293 6.5979e-08
0.0299629 1.82408 0 215.295 6.55502e-08
0.0299629 1.82408 0 216.298 6.51272e-08
0.0299629 1.82408 0 217.3 6.47102e-08
0.0299629 1.82408 0 218.303 6.42988e-08
0.0299629 1.82408 0 219.305 6.38929e-08
0.0299629 1.82408 0 220.308 6.34926e-08
0.0299629 1.82408 0 221.31 6.30976e-08
0.0299629 1.82408 0 222.313 6.27078e-08
0.0299629 1.82408 0 223.315 6.23232e-08
0.0299629 1.82408 0 224.318 6.19436e-08
0.0299629 1.82408 0 225.32 6.15689e-08
0.0299629 1.82408 0 226.323 6.11991e-08
0.0299629 1.82408 0 227.325 6.0834e-08
0.0299629 1.82408 0 228.328 6.04736e-08
0.0299629 1.82408 0 229.33 6.01178e-08
0.0299629 1.82408 0 230.333 5.97664e-08
0.0299629 1.82408 0 231.335 5.94195e-08
0.0299629 1.82408 0 232.338 5.90768e-08
0.0299629 1.82408 0 233.34 5.87384e-08
0.0299629 1.82408 0 234.342 5.84041e-08
0.0299629 1.82408 0 235.345 5.80739e-08
0.0299629 1.82408 0 236.347 5.77477e-08
0.0299629 1.82408 0 237.35 5.74254e-08
0.0299629 1.82408 0 238.352 5.7107e-08
0.0299629 1.82408 0 239.355 5.67923e-08
0.0299629 1.82408 0 240.357 5.64814e-08
0.0299629 1.82408 0 241.36 5.61741e-08
0.0299629 1.82408 0 242.362 5.58704e-08
0.0299629 1.82408 0 243.365 5.55702e-08
0.0299629 1.82408 0 244.367 5.52735e-08
0.0299629 1.82408 0 245.37 5.49802e-08
0.0299629 1.82408 0 246.372 5.46902e-08
0.0299629 1.82408 0 247.375 5.44035e-08
0.0299629 1.82408 0 248.377 5.412e-08
0.0299629 1.82408 0 249.38 5.38397e-08
0.0299629 1.82408 0 250.382 5.35625e-08
0.0299629 1.82408 0 251.385 5.32883e-08
0.0299629 1.82408 0 252.387 5.30172e-08
0.0299629 1.82408 0 253.39 5.2749e-08
0.0299629 1.82408 0 254.392 5.24837e-08
0.0299629 1.82408 0 255.395 5.22213e-08
0.0299629 1.82408 0 256.397 5.19617e-08
0.0299629 1.82408 0 257.4 5.17048e-08
0.0299629 1.82408 0 258.402 5.14507e-08
0.0299629 1.82408 0 259.405 5.11993e-08
0.0299629 1.82408 0 260.407 5.09504e-08
0.0299629 1.82408 0 261.409 5.07042e-08
0.0299629 1.82408 0 262.412 5.04605e-08
0.0299629 1.82408 0 263.414 5.02193e-08
0.0299629 1.82408 0 264.417 4.99806e-08
0.0299629 1.82408 0 265.419 4.97443e-08
0.0299629 1.82408 0 266.422 4.95104e-08
0.0299629 1.82408 0 267.424 4.92789e-08
0.0299629 1.82408 0 268.427 4.90497e-08
0.0299629 1.82408 0 269.429 4.88227e-08
0.0299629 1.82408 0 270.432 4.8598e-08
0.0299629 1.82408 0 271.434 4.83755e-08
0.0299629 1.82408 0 272.437 4.81552e-08
0.0299629 1.82408 0 273.439 4.7937e-08
0.0299629 1.82408 0 274.442 4.77209e-08
0.0299629 1.82408 0 275.444 4.75069e-08
0.0299629 1.82408 0 276.447 4.7295e-08
0.0299629 1.82408 0 277.449 4.7085e-08
0.0299629 1.82408 0 278.452 4.68771e-08
0.0299629 1.82408 0 279.454 4.66711e-08
0.0299629 1.82408 0 280.457 4.6467e-08
0.0299629 1.82408 0 281.459 4.62648e-08
0.0299629 1.82408 0 282.462 4.60645e-08
0.0299629 1.82408 0 283.464 4.58661e-08
0.0299629 1.82408 0 284.467 4.56694e-08
0.0299629 1.82408 0 285.469 4.54746e-08
0.0299629 1.82408 0 286.472 4.52815e-08
0.0299629 1.82408 0 287.474 4.50901e-08
0.0299629 1.82408 0 288.476 4.49005e-08
0.0299629 1.82408 0 289.479 4.47126e-08
0.0299629 1.82408 0 290.481 4.45263e-08
0.0299629 1.82408 0 291.484 4.43416e-08
0.0299629 1.82408 0 292.486 4.41586e-08
0.0299629 1.82408 0 293.489 4.39772e-08
0.0299629 1.82408 0 294.491 4.37974e-08
0.0299629 1.82408 0 295.494 4.36191e-08
0.0299629 1.82408 0 296.496 4.34423e-08
0.0299629 1.82408 0 297.499 4.32671e-08
0.0299629 1.82408 0 298.501 4.30934e-08
0.0299629 1.82408 0 299.504 4.29211e-08
0.0299629 1.82408 0 300.506 4.27502e-08
0.0299629 1.82408 0 301.509 4.25809e-08
0.0299629 1.82408 0 302.511 4.24129e-08
0.0299629 1.82408 0 303.514 4.22463e-08
0.0299629 1.82408 0 304.516 4.20811e-08
0.0299629 1.82408 0 305.519 4.19172e-08
0.0299629 1.82408 0 306.521 4.17547e-08
0.0299629 1.82408 0 307.524 4.15935e-08
0.0299629 1.82408 0 308.526 4.14336e-08
0.0299629 1.82408 0 309.529 4.1275e-08
0.0299629 1.82408 0 310.531 4.11177e-08
0.0299629 1.82408 0 311.534 4.09616e-08
0.0299629 1.82408 0 312.536 4.08068e-08
0.0299629 1.82408 0 313.538 4.06532e-08
0.0299629 1.82408 0 314.541 4.05008e-08
0.0299629 1.82408 0 315.543 4.03496e-08
0.0299629 1.82408 0 316.546 4.01995e-08
0.0299629 1.82408 0 317.548 4.00507e-08
0.0299629 1.82408 0 318.551 3.99029e-08
0.0299629 1.82408 0 319.553 3.97564e-08
0.0299629 1.82408 0 320.556 3.96109e-08
0.0299629 1.82408 0 321.558 3.94665e-08
0.0299629 1.82408 0 322.561 3.93233e-08
0.0299629 1.82408 0 323.563 3.91811e-08
0.0299629 1.82408 0 324.566 3.904e-08
0.0299629 1.82408 0 325.568 3.88999e-08
0.0299629 1.82408 0 326.571 3.87609e-08
0.0299629 1.82408 0 327.573 3.86229e-08
0.0299629 1.82408 0 328.576 3.84859e-08
0.0299629 1.82408 0 329.578 3.83499e-08
0.0299629 1.82408 0 330.581 3.8215e-08
0.0299629 1.82408 0 331.583 3.8081e-08
0.0299629 1.82408 0 332.586 3.79479e-08
0.0299629 1.82408 0 333.588 3.78159e-08
0.0299629 1.82408 0 334.591 3.76847e-08
0.0299629 1.82408 0 335.593 3.75546e-08
0.0299629 1.82408 0 336.596 3.74253e-08
0.0299629 1.82408 0 337.598 3.72969e-08
0.0299629 1.82408 0 338.601 3.71695e-08
0.0299629 1.82408 0 339.603 3.7043e-08
0.0299629 1.82408 0 340.605 3.69173e-08
0.0299629 1.82408 0 341.608 3.67925e-08
0.0299629 1.82408 0 342.61 3.66686e-08
0.0299629 1.82408 0 343.613 3.65455e-08
0.0299629 1.82408 0 344.615 3.64233e-08
0.0299629 1.82408 0 345.618 3.63019e-08
0.0299629 1.82408 0 346.62 3.61813e-08
0.0299629 1.82408 0 347.623 3.60616e-08
0.0299629 1.82408 0 348.625 3.59426e-08
0.0299629 1.82408 0 349.628 3.58245e-08
0.0299629 1.82408 0 350.63 3.57071e-08
0.0299629 1.82408 0 351.633 3.55906e-08
0.0299629 1.82408 0 352.635 3.54748e-08
0.0299629 1.82408 0 353.638 3.53597e-08
0.0299629 1.82408 0 354.64 3.52455e-08
0.0299629 1.82408 0 355.643 3.51319e-08
0.0299629 1.82408 0 356.645 3.50192e-08
0.0299629 1.82408 0 357.648 3.49071e-08
0.0299629 1.82408 0 358.65 3.47958e-08
0.0299629 1.82408 0 359.653 3.46852e-08
0.0299629 1.82408 0 360.655 3.45753e-08
0.0299629 1.82408 0 361.658 3.44661e-08
0.0299629 1.82408 0 362.66 3.43576e-08
0.0299629 1.82408 0 363.663 3.42498e-08
0.0299629 1.82408 0 364.665 3.41427e-08
0.0299629 1.82408 0 365.668 3.40362e-08
0.0299629 1.82408 0 366.67 3.39304e-08
0.0299629 1.82408 0 367.672 3.38253e-08
0.0299629 1.82408 0 368.675 3.37209e-08
0.0299629 1.82408 0 369.677 3.3617e-08
0.0299629 1.82408 0 370.68 3.35139e-08
0.0299629 1.82408 0 371.682 3.34113e-08
0.0299629 1.82408 0 372.685 3.33094e-08
0.0299629 1.82408 0 373.687 3.32081e-08
0.0299629 1.82408 0 374.69 3.31074e-08
0.0299629 1.82408 0 375.692 3.30074e-08
0.0299629 1.82408 0 376.695 3.29079e-08
0.0299629 1.82408 0 377.697 3.2809e-08
0.0299629 1.82408 0 378.7 3.27108e-08
0.0299629 1.82408 0 379.702 3.26131e-08
0.0299629 1.82408 0 380.705 3.2516e-08
0.0299629 1.82408 0 381.707 3.24194e-08
0.0299629 1.82408 0 382.71 3.23235e-08
0.0299629 1.82408 0 383.712 3.22281e-08
0.0299629 1.82408 0 384.715 3.21333e-08
0.0299629 1.82408 0 385.717 3.2039e-08
0.0299629 1.82408 0 386.72 3.19452e-08
0.0299629 1.82408 0 387.722 3.1852e-08
0.0299629 1.82408 0 388.725 3.17594e-08
0.0299629 1.82408 0 389.727 3.16673e-08
0.0299629 1.82408 0 390.73 3.15757e-08
0.0299629 1.82408 0 391.732 3.14846e-08
0.0299629 1.82408 0 392.735 3.1394e-08
0.0299629 1.82408 0 393.737 3.1304e-08
0.0299629 1.82408 0 394.739 3.12145e-08
0.0299629 1.82408 0 395.742 3.11255e-08
0.0299629 1.82408 0 396.744 3.10369e-08
0.0299629 1.82408 0 397.747 3.09489e-08
0.0299629 1.82408 0 398.749 3.08614e-08
0.0299629 1.82408 0 399.752 3.07743e-08
0.0299629 1.82408 0 400.754 3.06877e-08
0.0299629 1.82408 0 401.757 3.06016e-08
0.0299629 1.82408 0 402.759 3.0516e-08
0.0299629 1.82408 0 403.762 3.04309e-08
0.0299629 1.82408 0 404.764 3.03462e-08
0.0299629 1.82408 0 405.767 3.02619e-08
0.0299629 1.82408 0 406.769 3.01782e-08
0.0299629 1.82408 0 407.772 3.00949e-08
0.0299629 1.82408 0 408.774 3.0012e-08
0.0299629 1.82408 0 409.777 2.99296e-08
0.0299629 1.82408 0 410.779 2.98476e-08
0.0299629 1.82408 0 411.782 2.9766e-08
0.0299629 1.82408 0 412.784 2.96849e-08
0.0299629 1.82408 0 413.787 2.96042e-08
0.0299629 1.82408 0 414.789 2.9524e-08
0.0299629 1.82408 0 415.792 2.94441e-08
0.0299629 1.82408 0 416.794 2.93647e-08
0.0299629 1.82408 0 417.797 2.92857e-08
0.0299629 1.82408 0 418.799 2.92071e-08
0.0299629 1.82408 0 419.802 2.91289e-08
0.0299629 1.82408 0 420.804 2.90512e-08
0.0299629 1.82408 0 421.806 2.89738e-08
0.0299629 1.82408 0 422.809 2.88968e-08
0.0299629 1.82408 0 423.811 2.88202e-08
0.0299629 1.82408 0 424.814 2.8744e-08
0.0299629 1.82408 0 425.816 2.86682e-08
0.0299629 1.82408 0 426.819 2.85928e-08
0.0299629 1.82408 0 427.821 2.85178e-08
0.0299629 1.82408 0 428.824 2.84431e-08
0.0299629 1.82408 0 429.826 2.83688e-08
0.0299629 1.82408 0 430.829 2.82949e-08
0.0299629 1.82408 0 431.831 2.82214e-08
0.0299629 1.82408 0 432.834 2.81482e-08
0.0299629 1.82408 0 433.836 2.80754e-08
0.0299629 1.82408 0 434.839 2.80029e-08
0.0299629 1.82408 0 435.841 2.79309e-08
0.0299629 1.82408 0 436.844 2.78591e-08
0.0299629 1.82408 0 437.846 2.77877e-08
0.0299629 1.82408 0 438.849 2.77167e-08
0.0299629 1.82408 0 439.851 2.7646e-08
0.0299629 1.82408 0 440.854 2.75757e-08
0.0299629 1.82408 0 441.856 2.75057e-08
0.0299629 1.82408 0 442.859 2.7436e-08
0.0299629 1.82408 0 443.861 2.73667e-08
0.0299629 1.82408 0 444.864 2.72977e-08
0.0299629 1.82408 0 445.866 2.7229e-08
0.0299629 1.82408 0 446.868 2.71607e-08
0.0299629 1.82408 0 447.871 2.70927e-08
0.0299629 1.82408 0 448.873 2.7025e-08
0.0299629 1.82408 0 449.876 2.69576e-08
0.0299629 1.82408 0 450.878 2.68905e-08
0.0299629 1.82408 0 451.881 2.68238e-08
0.0299629 1.82408 0 452.883 2.67574e-08
0.0299629 1.82408 0 453.886 2.66913e-08
0.0299629 1.82408 0 454.888 2.66255e-08
0.0299629 1.82408 0 455.891 2.656e-08
0.0299629 1.82408 0 456.893 2.64948e-08
0.0299629 1.82408 0 457.896 2.64299e-08
0.0299629 1.82408 0 458.898 2.63653e-08
0.0299629 1.82408 0 459.901 2.6301e-08
0.0299629 1.82408 0 460.903 2.6237e-08
0.0299629 1.82408 0 461.906 2.61733e-08
0.0299629 1.82408 0 462.908 2.61099e-08
0.0299629 1.82408 0 463.911 2.60468e-08
0.0299629 1.82408 0 464.913 2.59839e-08
0.0299629 1.82408 0 465.916 2.59214e-08
0.0299629 1.82408 0 466.918 2.58591e-08
0.0299629 1.82408 0 467.921 2.57971e-08
0.0299629 1.82408 0 468.923 2.57354e-08
0.0299629 1.82408 0 469.926 2.5674e-08
0.0299629 1.82408 0 470.928 2.56128e-08
0.0299629 1.82408 0 471.931 2.55519e-08
0.0299629 1.82408 0 472.933 2.54913e-08
0.0299629 1.82408 0 473.935 2.5431e-08
0.0299629 1.82408 0 474.938 2.53709e-08
0.0299629 1.82408 0 475.94 2.53111e-08
0.0299629 1.82408 0 476.943 2.52515e-08
0.0299629 1.82408 0 477.945 2.51922e-08
0.0299629 1.82408 0 478.948 2.51332e-08
0.0299629 1.82408 0 479.95 2.50744e-08
0.0299629 1.82408 0 480.953 2.50159e-08
0.0299629 1.82408 0 481.955 2.49576e-08
0.0299629 1.82408 0 482.958 2.48996e-08
0.0299629 1.82408 0 483.96 2.48418e-08
0.0299629 1.82408 0 484.963 2.47843e-08
0.0299629 1.82408 0 485.965 2.4727e-08
0.0299629 1.82408 0 486.968 2.467e-08
0.0299629 1.82408 0 487.97 2.46132e-08
0.0299629 1.82408 0 488.973 2.45567e-08
0.0299629 1.82408 0 489.975 2.45004e-08
0.0299629 1.82408 0 490.978 2.44443e-08
0.0299629 1.82408 0 491.98 2.43885e-08
0.0299629 1.82408 0 492.983 2.43329e-08
0.0299629 1.82408 0 493.985 2.42776e-08
0.0299629 1.82408 0 494.988 2.42224e-08
0.0299629 1.82408 0 495.99 2.41675e-08
0.0299629 1.82408 0 496.993 2.41129e-08
0.0299629 1.82408 0 497.995 2.40584e-08
0.0299629 1.82408 0 498.998 2.40042e-08
0.0299629 1.82408 0 500 2.39502e-08
0.0299629 1.82408 0 100.01 2.64484e-07
0.0299629 1.82408 0 101.012 4.42515e-07
0.0299629 1.82408 0 102.015 4.01811e-07
0.0299629 1.82408 0 103.017 3.64093e-07
0.0299629 1.82408 0 104.02 3.36777e-07
0.0299629 1.82408 0 105.022 3.15682e-07
0.0299629 1.82408 0 106.025 2.98546e-07
0.0299629 1.82408 0 107.027 2.84141e-07
0.0299629 1.82408 0 108.03 2.71736e-07
0.0299629 1.82408 0 109.032 2.60858e-07
0.0299629 1.82408 0 110.035 2.51183e-07
0.0299629 1.82408 0 111.037 2.42483e-07
0.0299629 1.82408 0 112.04 2.34586e-07
0.0299629 1.82408 0 113.042 2.27365e-07
0.0299629 1.82408 0 114.045 2.20719e-07
0.0299629 1.82408 0 115.047 2.14568e-07
0.0299629 1.82408 0 116.05 2.08849e-07
0.0299629 1.82408 0 117.052 2.03509e-07
0.0299629 1.82408 0 118.055 1.98504e-07
0.0299629 1.82408 0 119.057 1.93798e-07
0.0299629 1.82408 0 120.06 1.89361e-07
0.0299629 1.82408 0 121.062 1.85166e-07
0.0299629 1.82408 0 122.065 1.8119e-07
0.0299629 1.82408 0 123.067 1.77414e-07
0.0299629 1.82408 0 124.07 1.73821e-07
0.0299629 1.82408 0 125.072 1.70395e-07
0.0299629 1.82408 0 126.075 1.67124e-07
0.0299629 1.82408 0 127.077 1.63996e-07
0.0299629 1.82408 0 128.079 1.61e-07
0.0299629 1.82408 0 129.082 1.58127e-07
0.0299629 1.82408 0 130.084 1.55369e-07
0.0299629 1.82408 0 131.087 1.52717e-07
0.0299629 1.82408 0 132.089 1.50166e-07
0.0299629 1.82408 0 133.092 1.47708e-07
0.0299629 1.82408 0 134.094 1.45339e-07
0.0299629 1.82408 0 135.097 1.43052e-07
0.0299629 1.82408 0 136.099 1.40844e-07
0.0299629 1.82408 0 137.102 1.38709e-07
0.0299629 1.82408 0 138.104 1.36645e-07
0.0299629 1.82408 0 139.107 1.34646e-07
0.0299629 1.82408 0 140.109 1.3271e-07
0.0299629 1.82408 0 141.112 1.30834e-07
0.0299629 1.82408 0 142.114 1.29015e-07
0.0299629 1.82408 0 143.117 1.27249e-07
0.0299629 1.82408 0 144.119 1.25535e-07
0.0299629 1.82408 0 145.122 1.23869e-07
0.0299629 1.82408 0 146.124 1.22251e-07
0.0299629 1.82408 0 147.127 1.20677e-07
0.0299629 1.82408 0 148.129 1.19145e-07
0.0299629 1.82408 0 149.132 1.17655e-07
0.0299629 1.82408 0 150.134 1.16204e-07
0.0299629 1.82408 0 151.137 1.14791e-07
0.0299629 1.82408 0 152.139 1.13413e-07
0.0299629 1.82408 0 153.142 1.1207e-07
0.0299629 1.82408 0 154.144 1.10761e-07
0.0299629 1.82408 0 155.146 1.09483e-07
0.0299629 1.82408 0 156.149 1.08237e-07
0.0299629 1.82408 0 157.151 1.07019e-07
0.0299629 1.82408 0 158.154 1.05831e-07
0.0299629 1.82408 0 159.156 1.0467e-07
0.0299629 1.82408 0 160.159 1.03536e-07
0.0299629 1.82408 0 161.161 1.02427e-07
0.0299629 1.82408 0 162.164 1.01343e-07
0.0299629 1.82408 0 163.166 1.00283e-07
0.0299629 1.82408 0 164.169 9.92457e-08
0.0299629 1.82408 0 165.171 9.8231e-08
0.0299629 1.82408 0 166.174 9.72379e-08
0.0299629 1.82408 0 167.176 9.62657e-08
0.0299629 1.82408 0 168.179 9.53138e-08
0.0299629 1.82408 0 169.181 9.43815e-08
0.0299629 1.82408 0 170.184 9.34682e-08
0.0299629 1.82408 0 171.186 9.25733e-08
0.0299629 1.82408 0 172.189 9.16962e-08
0.0299629 1.82408 0 173.191 9.08364e-08
0.0299629 1.82408 0 174.194 8.99935e-08
0.0299629 1.82408 0 175.196 8.91669e-08
0.0299629 1.82408 0 176.199 8.83561e-08
0.0299629 1.82408 0 177.201 8.75607e-08
0.0299629 1.82408 0 178.204 8.67802e-08
0.0299629 1.82408 0 179.206 8.60143e-08
0.0299629 1.82408 0 180.208 8.52625e-08
0.0299629 1.82408 0 181.211 8.45244e-08
0.0299629 1.82408 0 182.213 8.37997e-08
0.0299629 1.82408 0 183.216 8.3088e-08
0.0299629 1.82408 0 184.218 8.2389e-08
0.0299629 1.82408 0 185.221 8.17022e-08
0.0299629 1.82408 0 186.223 8.10275e-08
0.0299629 1.82408 0 187.226 8.03644e-08
0.0299629 1.82408 0 188.228 7.97127e-08
0.0299629 1.82408 0 189.231 7.90721e-08
0.0299629 1.82408 0 190.233 7.84423e-08
0.0299629 1.82408 0 191.236 7.78231e-08
0.0299629 1.82408 0 192.238 7.72141e-08
0.0299629 1.82408 0 193.241 7.66152e-08
0.0299629 1.82408 0 194.243 7.6026e-08
0.0299629 1.82408 0 195.246 7.54463e-08
0.0299629 1.82408 0 196.248 7.4876e-08
0.0299629 1.82408 0 197.251 7.43148e-08
0.0299629 1.82408 0 198.253 7.37624e-08
0.0299629 1.82408 0 199.256 7.32187e-08
0.0299629 1.82408 0 200.258 7.26835e-08
0.0299629 1.82408 0 201.261 7.21565e-08
0.0299629 1.82408 0 202.263 7.16376e-08
0.0299629 1.82408 0 203.266 7.11266e-08
0.0299629 1.82408 0 204.268 7.06233e-08
0.0299629 1.82408 0 205.271 7.01276e-08
0.0299629 1.82408 0 206.273 6.96392e-08
0.0299629 1.82408 0 207.275 6.91581e-08
0.0299629 1.82408 0 208.278 6.86839e-08
0.0299629 1.82408 0 209.28 6.82167e-08
0.0299629 1.82408 0 210.283 6.77563e-08
0.0299629 1.82408 0 211.285 6.73024e-08
0.0299629 1.82408 0 212.288 6.6855e-08
0.0299629 1.82408 0 213.29 6.64139e-08
0.0299629 1.82408 0 214.293 6.5979e-08
0.0299629 1.82408 0 215.295 6.55502e-08
0.0299629 1.82408 0 216.298 6.51272e-08
0.0299629 1.82408 0 217.3 6.47102e-08
0.0299629 1.82408 0 218.303 6.42988e-08
0.0299629 1.82408 0 219.305 6.38929e-08
0.0299629 1.82408 0 220.308 6.34926e-08
0.0299629 1.82408 0 221.31 6.30976e-08
0.0299629 1.82408 0 222.313 6.27078e-08
0.0299629 1.82408 0 223.315 6.23232e-08
0.0299629 1.82408 0 224.318 6.19436e-08
0.0299629 1.82408 0 225.32 6.15689e-08
0.0299629 1.82408 0 226.323 6.11991e-08
0.0299629 1.82408 0 227.325 6.0834e-08
0.0299629 1.82408 0 228.328 6.04736e-08
0.0299629 1.82408 0 229.33 6.01178e-08
0.0299629 1.82408 0 230.333 5.97664e-08
0.0299629 1.82408 0 231.335 5.94195e-08
0.0299629 1.82408 0 232.338 5.90768e-08
0.0299629 1.82408 0 233.34 5.87384e-08
0.0299629 1.82408 0 234.342 5.84041e-08
0.0299629 1.82408 0 235.345 5.80739e-08
0.0299629 1.82408 0 236.347 5.77477e-08
0.0299629 1.82408 0 237.35 5.74254e-08
0.0299629 1.82408 0 238.352 5.7107e-08
0.0299629 1.82408 0 239.355 5.67923e-08
0.0299629 1.82408 0 240.357 5.64814e-08
0.0299629 1.82408 0 241.36 5.61741e-08
0.0299629 1.82408 0 242.362 5.58704e-08
0.0299629 1.82408 0 243.365 5.55702e-08
0.0299629 1.82408 0 244.367 5.52735e-08
0.0299629 1.82408 0 245.37 5.49802e-08
0.0299629 1.82408 0 246.372 5.46902e-08
0.0299629 1.82408 0 247.375 5.44035e-08
0.0299629 1.82408 0 248.377 5.412e-08
0.0299629 1.82408 0 249.38 5.38397e-08
0.0299629 1.82408 0 250.382 5.35625e-08
0.0299629 1.82408 0 251.385 5.32883e-08
0.0299629 1.82408 0 252.387 5.30172e-08
0.0299629 1.82408 0 253.39 5.2749e-08
0.0299629 1.82408 0 254.392 5.24837e-08
0.0299629 1.82408 0 255.395 5.22213e-08
0.0299629 1.82408 0 256.397 5.19617e-08
0.0299629 1.82408 0 257.4 5.17048e-08
0.0299629 1.82408 0 258.402 5.14507e-08
0.0299629 1.82408 0 259.405 5.11993e-08
0.0299629 1.82408 0 260.407 5.09504e-08
0.0299629 1.82408 0 261.409 5.07042e-08
0.0299629 1.82408 0 262.412 5.04605e-08
0.0299629 1.82408 0 263.414 5.02193e-08
0.0299629 1.82408 0 264.417 4.99806e-08
0.0299629 1.82408 0 265.419 4.97443e-08
0.0299629 1.82408 0 266.422 4.95104e-08
0.0299629 1.82408 0 267.424 4.92789e-08
0.0299629 1.82408 0 268.427 4.90497e-08
0.0299629 1.82408 0 269.429 4.88227e-08
0.0299629 1.82408 0 270.432 4.8598e-08
0.0299629 1.82408 0 271.434 4.83755e-08
0.0299629 1.82408 0 272.437 4.81552e-08
0.0299629 1.82408 0 273.439 4.7937e-08
0.0299629 1.82408 0 274.442 4.77209e-08
0.0299629 1.82408 0 275.444 4.75069e-08
0.0299629 1.82408 0 276.447 4.7295e-08
0.0299629 1.82408 0 277.449 4.7085e-08
0.0299629 1.82408 0 278.452 4.68771e-08
0.0299629 1.82408 0 279.454 4.66711e-08
0.0299629 1.82408 0 280.457 4.6467e-08
0.0299629 1.82408 0 281.459 4.62648e-08
0.0299629 1.82408 0 282.462 4.60645e-08
0.0299629 1.82408 0 283.464 4.58661e-08
0.0299629 1.82408 0 284.467 4.56694e-08
0.0299629 1.82408 0 285.469 4.54746e-08
0.0299629 1.82408 0 286.472 4.52815e-08
0.0299629 1.82408 0 287.474 4.50901e-08
0.0299629 1.82408 0 288.476 4.49005e-08
0.0299629 1.82408 0 289.479 4.47126e-08
0.0299629 1.82408 0 290.481 4.45263e-08
0.0299629 1.82408 0 291.484 4.43416e-08
0.0299629 1.82408 0 292.486 4.41586e-08
0.0299629 1.82408 0 293.489 4.39772e-08
0.0299629 1.82408 0 294.491 4.37974e-08
0.0299629 1.82408 0 295.494 4.36191e-08
0.0299629 1.82408 0 296.496 4.34423e-08
0.0299629 1.82408 0 297.499 4.32671e-08
0.0299629 1.82408 0 298.501 4.30934e-08
0.0299629 1.82408 0 299.504 4.29211e-08
0.0299629 1.82408 0 300.506 4.27502e-08
0.0299629 1.82408 0 301.509 4.25809e-08
0.0299629 1.82408 0 302.511 4.24129e-08
0.0299629 1.82408 0 303.514 4.22463e-08
0.0299629 1.82408 0 304.516 4.20811e-08
0.0299629 1.82408 0 305.519 4.19172e-08
0.0299629 1.82408 0 306.521 4.17547e-08
0.0299629 1.82408 0 307.524 4.15935e-08
0.0299629 1.82408 0 308.526 4.14336e-08
0.0299629 1.82408 0 309.529 4.1275e-08
0.0299629 1.82408 0 310.531 4.11177e-08
0.0299629 1.82408 0 311.534 4.09616e-08
0.0299629 1.82408 0 312.536 4.08068e-08
0.0299629 1.82408 0 313.538 4.06532e-08
0.0299629 1.82408 0 314.541 4.05008e-08
0.0299629 1.82408 0 315.543 4.03496e-08
0.0299629 1.82408 0 316.546 4.01995e-08
0.0299629 1.82408 0 317.548 4.00507e-08
0.0299629 1.82408 0 318.551 3.99029e-08
0.0299629 1.82408 0 319.553 3.97564e-08
0.0299629 1.82408 0 320.556 3.96109e-08
0.0299629 1.82408 0 321.558 3.94665e-08
0.0299629 1.82408 0 322.561 3.93233e-08
0.0299629 1.82408 0 323.563 3.91811e-08
0.0299629 1.82408 0 324.566 3.904e-08
0.0299629 1.82408 0 325.568 3.88999e-08
0.0299629 1.82408 0 326.571 3.87609e-08
0.0299629 1.82408 0 327.573 3.86229e-08
0.0299629 1.82408 0 328.576 3.84859e-08
0.0299629 1.82408 0 329.578 3.83499e-08
0.0299629 1.82408 0 330.581 3.8215e-08
0.0299629 1.82408 0 331.583 3.8081e-08
0.0299629 1.82408 0 332.586 3.79479e-08
0.0299629 1.82408 0 333.588 3.78159e-08
0.0299629 1.82408 0 334.591 3.76847e-08
0.0299629 1.82408 0 335.593 3.75546e-08
0.0299629 1.82408 0 336.596 3.74253e-08
0.0299629 1.82408 0 337.598 3.72969e-08
0.0299629 1.82408 0 338.601 3.71695e-08
0.0299629 1.82408 0 339.603 3.7043e-08
0.0299629 1.82408 0 340.605 3.69173e-08
0.0299629 1.82408 0 341.608 3.67925e-08
0.0299629 1.82408 0 342.61 3.66686e-08
0.0299629 1.82408 0 343.613 3.65455e-08
0.0299629 1.82408 0 344.615 3.64233e-08
0.0299629 1.82408 0 345.618 3.63019e-08
0.0299629 1.82408 0 346.62 3.61813e-08
0.0299629 1.82408 0 347.623 3.60616e-08
0.0299629 1.82408 0 348.625 3.59426e-08
0.0299629 1.82408 0 349.628 3.58245e-08
0.0299629 1.82408 0 350.63 3.57071e-08
0.0299629 1.82408 0 351.633 3.55906e-08
0.0299629 1.82408 0 352.635 3.54748e-08
0.0299629 1.82408 0 353.638 3.53597e-08
0.0299629 1.82408 0 354.64 3.52455e-08
0.0299629 1.82408 0 355.643 3.51319e-08
0.0299629 1.82408 0 356.645 3.50192e-08
0.0299629 1.82408 0 357.648 3.49071e-08
0.0299629 1.82408 0 358.65 3.47958e-08
0.0299629 1.82408 0 359.653 3.46852e-08
0.0299629 1.82408 0 360.655 3.45753e-08
0.0299629 1.82408 0 361.658 3.44661e-08
0.0299629 1.82408 0 362.66 3.43576e-08
0.0299629 1.82408 0 363.663 3.42498e-08
0.0299629 1.82408 0 364.665 3.41427e-08
0.0299629 1.82408 0 365.668 3.40362e-08
0.0299629 1.82408 0 366.67 3.39304e-08
0.0299629 1.82408 0 367.672 3.38253e-08
0.0299629 1.82408 0 368.675 3.37209e-08
0.0299629 1.82408 0 369.677 3.3617e-08
0.0299629 1.82408 0 370.68 3.35139e-08
0.0299629 1.82408 0 371.682 3.34113e-08
0.0299629 1.82408 0 372.685 3.33094e-08
0.0299629 1.82408 0 373.687 3.32081e-08
0.0299629 1.82408 0 374.69 3.31074e-08
0.0299629 1.82408 0 375.692 3.30074e-08
0.0299629 1.82408 0 376.695 3.29079e-08
0.0299629 1.82408 0 377.697 3.2809e-08
0.0299629 1.82408 0 378.7 3.27108e-08
0.0299629 1.82408 0 379.702 3.26131e-08
0.0299629 1.82408 0 380.705 3.2516e-08
0.0299629 1.82408 0 381.707 3.24194e-08
0.0299629 1.82408 0 382.71 3.23235e-08
0.0299629 1.82408 0 383.712 3.22281e-08
0.0299629 1.82408 0 384.715 3.21333e-08
0.0299629 1.82408 0 385.717 3.2039e-08
0.0299629 1.82408 0 386.72 3.19452e-08
0.0299629 1.82408 0 387.722 3.1852e-08
0.0299629 1.82408 0 388.725 3.17594e-08
0.0299629 1.82408 0 389.727 3.16673e-08
0.0299629 1.82408 0 390.73 3.15757e-08
0.0299629 1.82408 0 391.732 3.14846e-08
0.0299629 1.82408 0 392.735 3.1394e-08
0.0299629 1.82408 0 393.737 3.1304e-08
0.0299629 1.82408 0 394.739 3.12145e-08
0.0299629 1.82408 0 395.742 3.11255e-08
0.0299629 1.82408 0 396.744 3.10369e-08
0.0299629 1.82408 0 397.747 3.09489e-08
0.0299629 1.82408 0 398.749 3.08614e-08
0.0299629 1.82408 0 399.752 3.07743e-08
0.0299629 1.82408 0 400.754 3.06877e-08
0.0299629 1.82408 0 401.757 3.06016e-08
0.0299629 1.82408 0 402.759 3.0516e-08
0.0299629 1.82408 0 403.762 3.04309e-08
0.0299629 1.82408 0 404.764 3.03462e-08
0.0299629 1.82408 0 405.767 3.02619e-08
0.0299629 1.82408 0 406.769 3.01782e-08
0.0299629 1.82408 0 407.772 3.00949e-08
0.0299629 1.82408 0 408.774 3.0012e-08
0.0299629 1.82408 0 409.777 2.99296e-08
0.0299629 1.82408 0 410.779 2.98476e-08
0.0299629 1.82408 0 411.782 2.9766e-08
0.0299629 1.82408 0 412.784 2.96849e-08
0.0299629 1.82408 0 413.787 2.96042e-08
0.0299629 1.82408 0 414.789 2.9524e-08
0.0299629 1.82408 0 415.792 2.94441e-08
0.0299629 1.82408 0 416.794 2.93647e-08
0.0299629 1.82408 0 417.797 2.92857e-08
0.0299629 1.82408 0 418.799 2.92071e-08
0.0299629 1.82408 0 419.802 2.91289e-08
0.0299629 1.82408 0 420.804 2.90512e-08
0.0299629 1.82408 0 421.806 2.89738e-08
0.0299629 1.82408 0 422.809 2.88968e-08
0.0299629 1.82408 0 423.811 2.88202e-08
0.0299629 1.82408 0 424.814 2.8744e-08
0.0299629 1.82408 0 425.816 2.86682e-08
0.0299629 1.82408 0 426.819 2.85928e-08
0.0299629 1.82408 0 427.821 2.85178e-08
0.0299629 1.82408 0 428.824 2.84431e-08
0.0299629 1.82408 0 429.826 2.83688e-08
0.0299629 1.82408 0 430.829 2.82949e-08
0.0299629 1.82408 0 431.831 2.82214e-08
0.0299629 1.82408 0 432.834 2.81482e-08
0.0299629 1.82408 0 433.836 2.80754e-08
0.0299629 1.82408 0 434.839 2.80029e-08
0.0299629 1.82408 0 435.841 2.79309e-08
0.0299629 1.82408 0 436.844 2.78591e-08
0.0299629 1.82408 0 437.846 2.77877e-08
0.0299629 1.82408 0 438.849 2.77167e-08
0.0299629 1.82408 0 439.851 2.7646e-08
0.0299629 1.82408 0 440.854 2.75757e-08
0.0299629 1.82408 0 441.856 2.75057e-08
0.0299629 1.82408 0 442.859 2.7436e-08
0.0299629 1.82408 0 443.861 2.73667e-08
0.0299629 1.82408 0 444.864 2.72977e-08
0.0299629 1.82408 0 445.866 2.7229e-08
0.0299629 1.82408 0 446.868 2.71607e-08
0.0299629 1.82408 0 447.871 2.70927e-08
0.0299629 1.82408 0 448.873 2.7025e-08
0.0299629 1.82408 0 449.876 2.69576e-08
0.0299629 1.82408 0 450.878 2.68905e-08
0.0299629 1.82408 0 451.881 2.68238e-08
0.0299629 1.82408 0 452.883 2.67574e-08
0.0299629 1.82408 0 453.886 2.66913e-08
0.0299629 1.82408 0 454.888 2.66255e-08
0.0299629 1.82408 0 455.891 2.656e-08
0.0299629 1.82408 0 456.893 2.64948e-08
0.0299629 1.82408 0 457.896 2.64299e-08
0.0299629 1.82408 0 458.898 2.63653e-08
0.0299629 1.82408 0 459.901 2.6301e-08
0.0299629 1.82408 0 460.903 2.6237e-08
0.0299629 1.82408 0 461.906 2.61733e-08
0.0299629 1.82408 0 462.908 2.61099e-08
0.0299629 1.82408 0 463.911 2.60468e-08
0.0299629 1.82408 0 464.913 2.59839e-08
0.0299629 1.82408 0 465.916 2.59214e-08
0.0299629 1.82408 0 466.918 2.58591e-08
0.0299629 1.82408 0 467.921 2.57971e-08
0.0299629 1.82408 0 468.923 2.57354e-08
0.0299629 1.82408 0 469.926 2.5674e-08
0.0299629 1.82408 0 470.928 2.56128e-08
0.0299629 1.82408 0 471.931 2.55519e-08
0.0299629 1.82408 0 472.933 2.54913e-08
0.0299629 1.82408 0 473.935 2.5431e-08
0.0299629 1.82408 0 474.938 2.53709e-08
0.0299629 1.82408 0 475.94 2.53111e-08
0.0299629 1.82408 0 476.943 2.52515e-08
0.0299629 1.82408 0 477.945 2.51922e-08
0.0299629 1.82408 0 478.948 2.51332e-08
0.0299629 1.82408 0 479.95 2.50744e-08
0.0299629 1.82408 0 480.953 2.50159e-08
0.0299629 1.82408 0 481.955 2.49576e-08
0.0299629 1.82408 0 482.958 2.48996e-08
0.0299629 1.82408 0 483.96 2.48418e-08
0.0299629 1.82408 0 484.963 2.47843e-08
0.0299629 1.82408 0 485.965 2.4727e-08
0.0299629 1.82408 0 486.968 2.467e-08
0.0299629 1.82408 0 487.97 2.46132e-08
0.0299629 1.82408 0 488.973 2.45567e-08
0.0299629 1.82408 0 489.975 2.45004e-08
0.0299629 1.82408 0 490.978 2.44443e-08
0.0299629 1.82408 0 491.98 2.43885e-08
0.0299629 1.82408 0 492.983 2.43329e-08
0.0299629 1.82408 0 493.985 2.42776e-08
0.0299629 1.82408 0 494.988 2.42224e-08
0.0299629 1.82408 0 495.99 2.41675e-08
0.0299629 1.82408 0 496.993 2.41129e-08
0.0299629 1.82408 0 497.995 2.40584e-08
0.0299629 1.82408 0 498.998 2.40042e-08
0.0299629 1.82408 0 500 2.39502e-08
0.0299629 1.82408 0 100.01 2.64484e-07
0.0299629 1.82408 0 101.012 4.42515e-07
0.0299629 1.82408 0 102.015 4.01811e-07
0.0299629 1.82408 0 103.017 3.64093e-07
0.0299629 1.82408 0 104.02 3.36777e-07
0.0299629 1.82408 0 105.022 3.15682e-07
0.0299629 1.82408 0 106.025 2.98546e-07
0.0299629 1.82408 0 107.027 2.84141e-07
0.0299629 1.82408 0 108.03 2.71736e-07
0.0299629 1.82408 0 109.032 2.60858e-07
0.0299629 1.82408 0 110.035 2.51183e-07
0.0299629 1.82408 0 111.037 2.42483e-07
0.0299629 1.82408 0 112.04 2.34586e-07
0.0299629 1.82408 0 113.042 2.27365e-07
0.0299629 1.82408 0 114.045 2.20719e-07
0.0299629 1.82408 0 115.047 2.14568e-07
0.0299629 1.82408 0 116.05 2.08849e-07
0.0299629 1.82408 0 117.052 2.03509e-07
0.0299629 1.82408 0 118.055 1.98504e-07
0.0299629 1.82408 0 119.057 1.93798e-07
0.0299629 1.82408 0 120.06 1.89361e-07
0.0299629 1.82408 0 121.062 1.85166e-07
0.0299629 1.82408 0 122.065 1.8119e-07
0.0299629 1.82408 0 123.067 1.77414e-07
0.0299629 1.82408 0 124.07 1.73821e-07
0.0299629 1.82408 0 125.072 1.70395e-07
0.0299629 1.82408 0 126.075 1.67124e-07
0.0299629 1.82408 0 127.077 1.63996e-07
0.0299629 1.82408 0 128.079 1.61e-07
0.0299629 1.82408 0 129.082 1.58127e-07
0.0299629 1.82408 0 130.084 1.55369e-07
0.0299629 1.82408 0 131.087 1.52717e-07
0.0299629 1.82408 0 132.089 1.50166e-07
0.0299629 1.82408 0 133.092 1.47708e-07
0.0299629 1.82408 0 134.094 1.45339e-07
0.0299629 1.82408 0 135.097 1.43052e-07
0.0299629 1.82408 0 136.099 1.40844e-07
0.0299629 1.82408 0 137.102 1.38709e-07
0.0299629 1.82408 0 138.104 1.36645e-07
0.0299629 1.82408 0 139.107 1.34646e-07
0.0299629 1.82408 0 140.109 1.3271e-07
0.0299629 1.82408 0 141.112 1.30834e-07
0.0299629 1.82408 0 142.114 1.29015e-07
0.0299629 1.82408 0 143.117 1.27249e-07
0.0299629 1.82408 0 144.119 1.25535e-07
0.0299629 1.82408 0 145.122 1.23869e-07
0.0299629 1.82408 0 146.124 1.22251e-07
0.0299629 1.82408 0 147.127 1.20677e-07
0.0299629 1.82408 0 148.129 1.19145e-07
0.0299629 1.82408 0 149.132 1.17655e-07
0.0299629 1.82408 0 150.134 1.16204e-07
0.0299629 1.82408 0 151.137 1.14791e-07
0.0299629 1.82408 0 152.139 1.13413e-07
0.0299629 1.82408 0 153.142 1.1207e-07
0.0299629 1.82408 0 154.144 1.10761e-07
0.0299629 1.82408 0 155.146 1.09483e-07
0.0299629 1.82408 0 156.149 1.08237e-07
0.0299629 1.82408 0 157.151 1.07019e-07
0.0299629 1.82408 0 158.154 1.05831e-07
0.0299629 1.82408 0 159.156 1.0467e-07
0.0299629 1.82408 0 160.159 1.03536e-07
0.0299629 1.82408 0 161.161 1.02427e-07
0.0299629 1.82408 0 162.164 1.01343e-07
0.0299629 1.82408 0 163.166 1.00283e-07
0.0299629 1.82408 0 164.169 9.92457e-08
0.0299629 1.82408 0 165.171 9.8231e-08
0.0299629 1.82408 0 166.174 9.72379e-08
0.0299629 1.82408 0 167.176 9.62657e-08
0.0299629 1.82408 0 168.179 9.53138e-08
0.0299629 1.82408 0 169.181 9.43815e-08
0.0299629 1.82408 0 170.184 9.34682e-08
0.0299629 1.82408 0 171.186 9.25733e-08
0.0299629 1.82408 0 172.189 9.16962e-08
0.0299629 1.82408 0 173.191 9.08364e-08
0.0299629 1.82408 0 174.194 8.99935e-08
0.0299629 1.82408 0 175.196 8.91669e-08
0.0299629 1.82408 0 176.199 8.83561e-08
0.0299629 1.82408 0 177.201 8.75607e-08
0.0299629 1.82408 0 178.204 8.67802e-08
0.0299629 1.82408 0 179.206 8.60143e-08
0.0299629 1.82408 0 180.208 8.52625e-08
0.0299629 1.82408 0 181.211 8.45244e-08
0.0299629 1.82408 0 182.213 8.37997e-08
0.0299629 1.82408 0 183.216 8.3088e-08
0.0299629 1.82408 0 184.218 8.2389e-08
0.0299629 1.82408 0 185.221 8.17022e-08
0.0299629 1.82408 0 186.223 8.10275e-08
0.0299629 1.82408 0 187.226 8.03644e-08
0.0299629 1.82408 0 188.228 7.97127e-08
0.0299629 1.82408 0 189.231 7.90721e-08
0.0299629 1.82408 0 190.233 7.84423e-08
0.0299629 1.82408 0 191.236 7.78231e-08
0.0299629 1.82408 0 192.238 7.72141e-08
0.0299629 1.82408 0 193.241 7.66152e-08
0.0299629 1.82408 0 194.243 7.6026e-08
0.0299629 1.82408 0 195.246 7.54463e-08
0.0299629 1.82408 0 196.248 7.4876e-08
0.0299629 1.82408 0 197.251 7.43148e-08
0.0299629 1.82408 0 198.253 7.37624e-08
0.0299629 1.82408 0 199.256 7.32187e-08
0.0299629 1.82408 0 200.258 7.26835e-08
0.0299629 1.82408 0 201.261 7.21565e-08
0.0299629 1.82408 0 202.263 7.16376e-08
0.0299629 1.82408 0 203.266 7.11266e-08
0.0299629 1.82408 0 204.268 7.06233e-08
0.0299629 1.82408 0 205.271 7.01276e-08
0.0299629 1.82408 0 206.273 6.96392e-08
0.0299629 1.82408 0 207.275 6.91581e-08
0.0299629 1.82408 0 208.278 6.86839e-08
0.0299629 1.82408 0 209.28 6.82167e-08
0.0299629 1.82408 0 210.283 6.77563e-08
0.0299629 1.82408 0 211.285 6.73024e-08
0.0299629 1.82408 0 212.288 6.6855e-08
0.0299629 1.82408 0 213.29 6.64139e-08
0.0299629 1.82408 0 214.293 6.5979e-08
0.0299629 1.82408 0 215.295 6.55502e-08
0.0299629 1.82408 0 216.298 6.51272e-08
0.0299629 1.82408 0 217.3 6.47102e-08
0.0299629 1.82408 0 218.303 6.42988e-08
0.0299629 1.82408 0 219.305 6.38929e-08
0.0299629 1.82408 0 220.308 6.34926e-08
0.0299629 1.82408 0 221.31 6.30976e-08
0.0299629 1.82408 0 222.313 6.27078e-08
0.0299629 1.82408 0 223.315 6.23232e-08
0.0299629 1.82408 0 224.318 6.19436e-08
0.0299629 1.82408 0 225.32 6.15689e-08
0.0299629 1.82408 0 226.323 6.11991e-08
0.0299629 1.82408 0 227.325 6.0834e-08
0.0299629 1.82408 0 228.328 6.04736e-08
0.0299629 1.82408 0 229.33 6.01178e-08
0.0299629 1.82408 0 230.333 5.97664e-08
0.0299629 1.82408 0 231.335 5.94195e-08
0.0299629 1.82408 0 232.338 5.90768e-08
0.0299629 1.82408 0 233.34 5.87384e-08
0.0299629 1.82408 0 234.342 5.84041e-08
0.0299629 1.82408 0 235.345 5.80739e-08
0.0299629 1.82408 0 236.347 5.77477e-08
0.0299629 1.82408 0 237.35 5.74254e-08
0.0299629 1.82408 0 238.352 5.7107e-08
0.0299629 1.82408 0 239.355 5.67923e-08
0.0299629 1.82408 0 240.357 5.64814e-08
0.0299629 1.82408 0 241.36 5.61741e-08
0.0299629 1.82408 0 242.362 5.58704e-08
0.0299629 1.82408 0 243.365 5.55702e-08
0.0299629 1.82408 0 244.367 5.52735e-08
0.0299629 1.82408 0 245.37 5.49802e-08
0.0299629 1.82408 0 246.372 5.46902e-08
0.0299629 1.82408 0 247.375 5.44035e-08
0.0299629 1.82408 0 248.377 5.412e-08
0.0299629 1.82408 0 249.38 5.38397e-08
0.0299629 1.82408 0 250.382 5.35625e-08
0.0299629 1.82408 0 251.385 5.32883e-08
0.0299629 1.82408 0 252.387 5.30172e-08
0.0299629 1.82408 0 253.39 5.2749e-08
0.0299629 1.82408 0 254.392 5.24837e-08
0.0299629 1.82408 0 255.395 5.22213e-08
0.0299629 1.82408 0 256.397 5.19617e-08
0.0299629 1.82408 0 257.4 5.17048e-08
0.0299629 1.82408 0 258.402 5.14507e-08
0.0299629 1.82408 0 259.405 5.11993e-08
0.0299629 1.82408 0 260.407 5.09504e-08
0.0299629 1.82408 0 261.409 5.07042e-08
0.0299629 1.82408 0 262.412 5.04605e-08
0.0299629 1.82408 0 263.414 5.02193e-08
0.0299629 1.82408 0 264.417 4.99806e-08
0.0299629 1.82408 0 265.419 4.97443e-08
0.0299629 1.82408 0 266.422 4.95104e-08
0.0299629 1.82408 0 267.424 4.92789e-08
0.0299629 1.82408 0 268.427 4.90497e-08
0.0299629 1.82408 0 269.429 4.88227e-08
0.0299629 1.82408 0 270.432 4.8598e-08
0.0299629 1.82408 0 271.434 4.83755e-08
0.0299629 1.82408 0 272.437 4.81552e-08
0.0299629 1.82408 0 273.439 4.7937e-08
0.0299629 1.82408 0 274.442 4.77209e-08
0.0299629 1.82408 0 275.444 4.75069e-08
0.0299629 1.82408 0 276.447 4.7295e-08
0.0299629 1.82408 0 277.449 4.7085e-08
0.0299629 1.82408 0 278.452 4.68771e-08
0.0299629 1.82408 0 279.454 4.66711e-08
0.0299629 1.82408 0 280.457 4.6467e-08
0.0299629 1.82408 0 281.459 4.62648e-08
0.0299629 1.82408 0 282.462 4.60645e-08
0.0299629 1.82408 0 283.464 4.58661e-08
0.0299629 1.82408 0 284.467 4.56694e-08
0.0299629 1.82408 0 285.469 4.54746e-08
0.0299629 1.82408 0 286.472 4.52815e-08
0.0299629 1.82408 0 287.474 4.50901e-08
0.0299629 1.82408 0 288.476 4.49005e-08
0.0299629 1.82408 0 289.479 4.47126e-08
0.0299629 1.82408 0 290.481 4.45263e-08
0.0299629 1.82408 0 291.484 4.43416e-08
0.0299629 1.82408 0 292.486 4.41586e-08
0.0299629 1.82408 0 293.489 4.39772e-08
0.0299629 1.82408 0 294.491 4.37974e-08
0.0299629 1.82408 0 295.494 4.36191e-08
0.0299629 1.82408 0 296.496 4.34423e-08
0.0299629 1.82408 0 297.499 4.32671e-08
0.0299629 1.82408 0 298.501 4.30934e-08
0.0299629 1.82408 0 299.504 4.29211e-08
0.0299629 1.82408 0 300.506 4.27502e-08
0.0299629 1.82408 0 301.509 4.25809e-08
0.0299629 1.82408 0 302.511 4.24129e-08
0.0299629 1.82408 0 303.514 4.22463e-08
0.0299629 1.82408 0 304.516 4.20811e-08
0.0299629 1.82408 0 305.519 4.19172e-08
0.0299629 1.82408 0 306.521 4.17547e-08
0.0299629 1.82408 0 307.524 4.15935e-08
0.0299629 1.82408 0 308.526 4.14336e-08
0.0299629 1.82408 0 309.529 4.1275e-08
0.0299629 1.82408 0 310.531 4.11177e-08
0.0299629 1.82408 0 311.534 4.09616e-08
0.0299629 1.82408 0 312.536 4.08068e-08
0.0299629 1.82408 0 313.538 4.06532e-08
0.0299629 1.82408 0 314.541 4.05008e-08
0.0299629 1.82408 0 315.543 4.03496e-08
0.0299629 1.82408 0 316.546 4.01995e-08
0.0299629 1.82408 0 317.548 4.00507e-08
0.0299629 1.82408 0 318.551 3.99029e-08
0.0299629 1.82408 0 319.553 3.97564e-08
0.0299629 1.82408 0 320.556 3.96109e-08
0.0299629 1.82408 0 321.558 3.94665e-08
0.0299629 1.82408 0 322.561 3.93233e-08
0.0299629 1.82408 0 323.563 3.91811e-08
0.0299629 1.82408 0 324.566 3.904e-08
0.0299629 1.82408 0 325.568 3.88999e-08
0.0299629 1.82408 0 326.571 3.87609e-08
0.0299629 1.82408 0 327.573 3.86229e-08
0.0299629 1.82408 0 328.576 3.84859e-08
0.0299629 1.82408 0 329.578 3.83499e-08
0.0299629 1.82408 0 330.581 3.8215e-08
0.0299629 1.82408 0 331.583 3.8081e-08
0.0299629 1.82408 0 332.586 3.79479e-08
0.0299629 1.82408 0 333.588 3.78159e-08
0.0299629 1.82408 0 334.591 3.76847e-08
0.0299629 1.82408 0 335.593 3.75546e-08
0.0299629 1.82408 0 336.596 3.74253e-08
0.0299629 1.82408 0 337.598 3.72969e-08
0.0299629 1.82408 0 338.601 3.71695e-08
0.0299629 1.82408 0 339.603 3.7043e-08
0.0299629 1.82408 0 340.605 3.69173e-08
0.0299629 1.82408 0 341.608 3.67925e-08
0.0299629 1.82408 0 342.61 3.66686e-08
0.0299629 1.82408 0 343.613 3.65455e-08
0.0299629 1.82408 0 344.615 3.64233e-08
0.0299629 1.82408 0 345.618 3.63019e-08
0.0299629 1.82408 0 346.62 3.61813e-08
0.0299629 1.82408 0 347.623 3.60616e-08
0.0299629 1.82408 0 348.625 3.59426e-08
0.0299629 1.82408 0 349.628 3.58245e-08
0.0299629 1.82408 0 350.63 3.57071e-08
0.0299629 1.82408 0 351.633 3.55906e-08
0.0299629 1.82408 0 352.635 3.54748e-08
0.0299629 1.82408 0 353.638 3.53597e-08
0.0299629 1.82408 0 354.64 3.52455e-08
0.0299629 1.82408 0 355.643 3.51319e-08
0.0299629 1.82408 0 356.645 3.50192e-08
0.0299629 1.82408 0 357.648 3.49071e-08
0.0299629 1.82408 0 358.65 3.47958e-08
0.0299629 1.82408 0 359.653 3.46852e-08
0.0299629 1.82408 0 360.655 3.45753e-08
0.0299629 1.82408 0 361.658 3.44661e-08
0.0299629 1.82408 0 362.66 3.43576e-08
0.0299629 1.82408 0 363.663 3.42498e-08
0.0299629 1.82408 0 364.665 3.41427e-08
0.0299629 1.82408 0 365.668 3.40362e-08
0.0299629 1.82408 0 366.67 3.39304e-08
0.0299629 1.82408 0 367.672 3.38253e-08
0.0299629 1.82408 0 368.675 3.37209e-08
0.0299629 1.82408 0 369.677 3.3617e-08
0.0299629 1.82408 0 370.68 3.35139e-08
0.0299629 1.82408 0 371.682 3.34113e-08
0.0299629 1.82408 0 372.685 3.33094e-08
0.0299629 1.82408 0 373.687 3.32081e-08
0.0299629 1.82408 0 374.69 3.31074e-08
0.0299629 1.82408 0 375.692 3.30074e-08
0.0299629 1.82408 0 376.695 3.29079e-08
0.0299629 1.82408 0 377.697 3.2809e-08
0.0299629 1.82408 0 378.7 3.27108e-08
0.0299629 1.82408 0 379.702 3.26131e-08
0.0299629 1.82408 0 380.705 3.2516e-08
0.0299629 1.82408 0 381.707 3.24194e-08
0.0299629 1.82408 0 382.71 3.23235e-08
0.0299629 1.82408 0 383.712 3.22281e-08
0.0299629 1.82408 0 384.715 3.21333e-08
0.0299629 1.82408 0 385.717 3.2039e-08
0.0299629 1.82408 0 386.72 3.19452e-08
0.0299629 1.82408 0 387.722 3.1852e-08
0.0299629 1.82408 0 388.725 3.17594e-08
0.0299629 1.82408 0 389.727 3.16673e-08
0.0299629 1.82408 0 390.73 3.15757e-08
0.0299629 1.82408 0 391.732 3.14846e-08
0.0299629 1.82408 0 392.735 3.1394e-08
0.0299629 1.82408 0 393.737 3.1304e-08
0.0299629 1.82408 0 394.739 3.12145e-08
0.0299629 1.82408 0 395.742 3.11255e-08
0.0299629 1.82408 0 396.744 3.10369e-08
0.0299629 1.82408 0 397.747 3.09489e-08
0.0299629 1.82408 0 398.749 3.08614e-08
0.0299629 1.82408 0 399.752 3.07743e-08
0.0299629 1.82408 0 400.754 3.06877e-08
0.0299629 1.82408 0 401.757 3.06016e-08
0.0299629 1.82408 0 402.759 3.0516e-08
0.0299629 1.82408 0 403.762 3.04309e-08
0.0299629 1.82408 0 404.764 3.03462e-08
0.0299629 1.82408 0 405.767 3.02619e-08
0.0299629 1.82408 0 406.769 3.01782e-08
0.0299629 1.82408 0 407.772 3.00949e-08
0.0299629 1.82408 0 408.774 3.0012e-08
0.0299629 1.82408 0 409.777 2.99296e-08
0.0299629 1.82408 0 410.779 2.98476e-08
0.0299629 1.82408 0 411.782 2.9766e-08
0.0299629 1.82408 0 412.784 2.96849e-08
0.0299629 1.82408 0 413.787 2.96042e-08
0.0299629 1.82408 0 414.789 2.9524e-08
0.0299629 1.82408 0 415.792 2.94441e-08
0.0299629 1.82408 0 416.794 2.93647e-08
0.0299629 1.82408 0 417.797 2.92857e-08
0.0299629 1.82408 0 418.799 2.92071e-08
0.0299629 1.82408 0 419.802 2.91289e-08
0.0299629 1.82408 0 420.804 2.90512e-08
0.0299629 1.82408 0 421.806 2.89738e-08
0.0299629 1.82408 0 422.809 2.88968e-08
0.0299629 1.82408 0 423.811 2.88202e-08
0.0299629 1.82408 0 424.814 2.8744e-08
0.0299629 1.82408 0 425.816 2.86682e-08
0.0299629 1.82408 0 426.819 2.85928e-08
0.0299629 1.82408 0 427.821 2.85178e-08
0.0299629 1.82408 0 428.824 2.84431e-08
0.0299629 1.82408 0 429.826 2.83688e-08
0.0299629 1.82408 0 430.829 2.82949e-08
0.0299629 1.82408 0 431.831 2.82214e-08
0.0299629 1.82408 0 432.834 2.81482e-08
0.0299629 1.82408 0 433.836 2.80754e-08
0.0299629 1.82408 0 434.839 2.80029e-08
0.0299629 1.82408 0 435.841 2.79309e-08
0.0299629 1.82408 0 436.844 2.78591e-08
0.0299629 1.82408 0 437.846 2.77877e-08
0.0299629 1.82408 0 438.849 2.77167e-08
0.0299629 1.82408 0 439.851 2.7646e-08
0.0299629 1.82408 0 440.854 2.75757e-08
0.0299629 1.82408 0 441.856 2.75057e-08
0.0299629 1.82408 0 442.859 2.7436e-08
0.0299629 1.82408 0 443.861 2.73667e-08
0.0299629 1.82408 0 444.864 2.72977e-08
0.0299629 1.82408 0 445.866 2.7229e-08
0.0299629 1.82408 0 446.868 2.71607e-08
0.0299629 1.82408 0 447.871 2.70927e-08
0.0299629 1.82408 0 448.873 2.7025e-08
0.0299629 1.82408 0 449.876 2.69576e-08
0.0299629 1.82408 0 450.878 2.68905e-08
0.0299629 1.82408 0 451.881 2.68238e-08
0.0299629 1.82408 0 452.883 2.67574e-08
0.0299629 1.82408 0 453.886 2.66913e-08
0.0299629 1.82408 0 454.888 2.66255e-08
0.0299629 1.82408 0 455.891 2.656e-08
0.0299629 1.82408 0 456.893 2.64948e-08
0.0299629 1.82408 0 457.896 2.64299e-08
0.0299629 1.82408 0 458.898 2.63653e-08
0.0299629 1.82408 0 459.901 2.6301e-08
0.0299629 1.82408 0 460.903 2.6237e-08
0.0299629 1.82408 0 461.906 2.61733e-08
0.0299629 1.82408 0 462.908 2.61099e-08
0.0299629 1.82408 0 463.911 2.60468e-08
0.0299629 1.82408 0 464.913 2.59839e-08
0.0299629 1.82408 0 465.916 2.59214e-08
0.0299629 1.82408 0 466.918 2.58591e-08
0.0299629 1.82408 0 467.921 2.57971e-08
0.0299629 1.82408 0 468.923 2.57354e-08
0.0299629 1.82408 0 469.926 2.5674e-08
0.0299629 1.82408 0 470.928 2.56128e-08
0.0299629 1.82408 0 471.931 2.55519e-08
0.0299629 1.82408 0 472.933 2.54913e-08
0.0299629 1.82408 0 473.935 2.5431e-08
0.0299629 1.82408 0 474.938 2.53709e-08
0.0299629 1.82408 0 475.94 2.53111e-08
0.0299629 1.82408 0 476.943 2.52515e-08
0.0299629 1.82408 0 477.945 2.51922e-08
0.0299629 1.82408 0 478.948 2.51332e-08
0.0299629 1.82408 0 479.95 2.50744e-08
0.0299629 1.82408 0 480.953 2.50159e-08
0.0299629 1.82408 0 481.955 2.49576e-08
0.0299629 1.82408 0 482.958 2.48996e-08
0.0299629 1.82408 0 483.96 2.48418e-08
0.0299629 1.82408 0 484.963 2.47843e-08
0.0299629 1.82408 0 485.965 2.4727e-08
0.0299629 1.82408 0 486.968 2.467e-08
0.0299629 1.82408 0 487.97 2.46132e-08
0.0299629 1.82408 0 488.973 2.45567e-08
0.0299629 1.82408 0 489.975 2.45004e-08
0.0299629 1.82408 0 490.978 2.44443e-08
0.0299629 1.82408 0 491.98 2.43885e-08
0.0299629 1.82408 0 492.983 2.43329e-08
0.0299629 1.82408 0 493.985 2.42776e-08
0.0299629 1.82408 0 494.988 2.42224e-08
0.0299629 1.82408 0 495.99 2.41675e-08
0.0299629 1.82408 0 496.993 2.41129e-08
0.0299629 1.82408 0 497.995 2.40584e-08
0.0299629 1.82408 0 498.998 2.40042e-08
0.0299629 1.82408 0 500 2.39502e-08
