0.0420832 1.4382 200 150.015 1.75836e-07
0.0420832 1.4382 200 151.017 2.89484e-07
0.0420832 1.4382 200 152.02 2.71164e-07
0.0420832 1.4382 200 153.022 2.48714e-07
0.0420832 1.4382 200 154.025 2.31442e-07
0.0420832 1.4382 200 155.027 2.1788e-07
0.0420832 1.4382 200 156.03 2.0677e-07
0.0420832 1.4382 200 157.032 1.97368e-07
0.0420832 1.4382 200 158.035 1.89221e-07
0.0420832 1.4382 200 159.037 1.82036e-07
0.0420832 1.4382 200 160.04 1.7561e-07
0.0420832 1.4382 200 161.042 1.69802e-07
0.0420832 1.4382 200 162.045 1.64505e-07
0.0420832 1.4382 200 163.047 1.59639e-07
0.0420832 1.4382 200 164.05 1.5514e-07
0.0420832 1.4382 200 165.052 1.50959e-07
0.0420832 1.4382 200 166.054 1.47056e-07
0.0420832 1.4382 200 167.057 1.43397e-07
0.0420832 1.4382 200 168.059 1.39956e-07
0.0420832 1.4382 200 169.062 1.36709e-07
0.0420832 1.4382 200 170.064 1.33637e-07
0.0420832 1.4382 200 171.067 1.30723e-07
0.0420832 1.4382 200 172.069 1.27952e-07
0.0420832 1.4382 200 173.072 1.25313e-07
0.0420832 1.4382 200 174.074 1.22794e-07
0.0420832 1.4382 200 175.077 1.20386e-07
0.0420832 1.4382 200 176.079 1.1808e-07
0.0420832 1.4382 200 177.082 1.15869e-07
0.0420832 1.4382 200 178.084 1.13746e-07
0.0420832 1.4382 200 179.087 1.11704e-07
0.0420832 1.4382 200 180.089 1.09739e-07
0.0420832 1.4382 200 181.092 1.07846e-07
0.0420832 1.4382 200 182.094 1.0602e-07
0.0420832 1.4382 200 183.096 1.04257e-07
0.0420832 1.4382 200 184.099 1.02553e-07
0.0420832 1.4382 200 185.101 1.00906e-07
0.0420832 1.4382 200 186.104 9.93109e-08
0.0420832 1.4382 200 187.106 9.77662e-08
0.0420832 1.4382 200 188.109 9.62689e-08
0.0420832 1.4382 200 189.111 9.48167e-08
0.0420832 1.4382 200 190.114 9.34071e-08
0.0420832 1.4382 200 191.116 9.20382e-08
0.0420832 1.4382 200 192.119 9.07081e-08
0.0420832 1.4382 200 193.121 8.94148e-08
0.0420832 1.4382 200 194.124 8.81568e-08
0.0420832 1.4382 200 195.126 8.69325e-08
0.0420832 1.4382 200 196.129 8.57404e-08
0.0420832 1.4382 200 197.131 8.4579e-08
0.0420832 1.4382 200 198.133 8.34472e-08
0.0420832 1.4382 200 199.136 8.23437e-08
0.0420832 1.4382 200 200.138 8.12674e-08
0.0420832 1.4382 200 201.141 8.02172e-08
0.0420832 1.4382 200 202.143 7.9192e-08
0.0420832 1.4382 200 203.146 7.8191e-08
0.0420832 1.4382 200 204.148 7.72132e-08
0.0420832 1.4382 200 205.151 7.62577e-08
0.0420832 1.4382 200 206.153 7.53238e-08
0.0420832 1.4382 200 207.156 7.44106e-08
0.0420832 1.4382 200 208.158 7.35175e-08
0.0420832 1.4382 200 209.161 7.26438e-08
0.0420832 1.4382 200 210.163 7.17887e-08
0.0420832 1.4382 200 211.166 7.09517e-08
0.0420832 1.4382 200 212.168 7.01321e-08
0.0420832 1.4382 200 213.171 6.93295e-08
0.0420832 1.4382 200 214.173 6.85432e-08
0.0420832 1.4382 200 215.175 6.77727e-08
0.0420832 1.4382 200 216.178 6.70176e-08
0.0420832 1.4382 200 217.18 6.62773e-08
0.0420832 1.4382 200 218.183 6.55515e-08
0.0420832 1.4382 200 219.185 6.48396e-08
0.0420832 1.4382 200 220.188 6.41413e-08
0.0420832 1.4382 200 221.19 6.34562e-08
0.0420832 1.4382 200 222.193 6.27838e-08
0.0420832 1.4382 200 223.195 6.21239e-08
0.0420832 1.4382 200 224.198 6.14761e-08
0.0420832 1.4382 200 225.2 6.08399e-08
0.0420832 1.4382 200 226.203 6.02152e-08
0.0420832 1.4382 200 227.205 5.96017e-08
0.0420832 1.4382 200 228.208 5.89989e-08
0.0420832 1.4382 200 229.21 5.84066e-08
0.0420832 1.4382 200 230.212 5.78245e-08
0.0420832 1.4382 200 231.215 5.72525e-08
0.0420832 1.4382 200 232.217 5.66901e-08
0.0420832 1.4382 200 233.22 5.61372e-08
0.0420832 1.4382 200 234.222 5.55936e-08
0.0420832 1.4382 200 235.225 5.50589e-08
0.0420832 1.4382 200 236.227 5.4533e-08
0.0420832 1.4382 200 237.23 5.40157e-08
0.0420832 1.4382 200 238.232 5.35067e-08
0.0420832 1.4382 200 239.235 5.30059e-08
0.0420832 1.4382 200 240.237 5.25131e-08
0.0420832 1.4382 200 241.24 5.2028e-08
0.0420832 1.4382 200 242.242 5.15505e-08
0.0420832 1.4382 200 243.245 5.10804e-08
0.0420832 1.4382 200 244.247 5.06175e-08
0.0420832 1.4382 200 245.25 5.01618e-08
0.0420832 1.4382 200 246.252 4.97129e-08
0.0420832 1.4382 200 247.254 4.92708e-08
0.0420832 1.4382 200 248.257 4.88354e-08
0.0420832 1.4382 200 249.259 4.84064e-08
0.0420832 1.4382 200 250.262 4.79837e-08
0.0420832 1.4382 200 251.264 4.75672e-08
0.0420832 1.4382 200 252.267 4.71568e-08
0.0420832 1.4382 200 253.269 4.67523e-08
0.0420832 1.4382 200 254.272 4.63537e-08
0.0420832 1.4382 200 255.274 4.59607e-08
0.0420832 1.4382 200 256.277 4.55732e-08
0.0420832 1.4382 200 257.279 4.51913e-08
0.0420832 1.4382 200 258.282 4.48147e-08
0.0420832 1.4382 200 259.284 4.44433e-08
0.0420832 1.4382 200 260.287 4.4077e-08
0.0420832 1.4382 200 261.289 4.37158e-08
0.0420832 1.4382 200 262.291 4.33595e-08
0.0420832 1.4382 200 263.294 4.3008e-08
0.0420832 1.4382 200 264.296 4.26613e-08
0.0420832 1.4382 200 265.299 4.23192e-08
0.0420832 1.4382 200 266.301 4.19816e-08
0.0420832 1.4382 200 267.304 4.16486e-08
0.0420832 1.4382 200 268.306 4.13199e-08
0.0420832 1.4382 200 269.309 4.09955e-08
0.0420832 1.4382 200 270.311 4.06753e-08
0.0420832 1.4382 200 271.314 4.03593e-08
0.0420832 1.4382 200 272.316 4.00473e-08
0.0420832 1.4382 200 273.319 3.97394e-08
0.0420832 1.4382 200 274.321 3.94353e-08
0.0420832 1.4382 200 275.324 3.91351e-08
0.0420832 1.4382 200 276.326 3.88387e-08
0.0420832 1.4382 200 277.329 3.8546e-08
0.0420832 1.4382 200 278.331 3.82569e-08
0.0420832 1.4382 200 279.333 3.79715e-08
0.0420832 1.4382 200 280.336 3.76895e-08
0.0420832 1.4382 200 281.338 3.7411e-08
0.0420832 1.4382 200 282.341 3.71359e-08
0.0420832 1.4382 200 283.343 3.68641e-08
0.0420832 1.4382 200 284.346 3.65956e-08
0.0420832 1.4382 200 285.348 3.63303e-08
0.0420832 1.4382 200 286.351 3.60682e-08
0.0420832 1.4382 200 287.353 3.58092e-08
0.0420832 1.4382 200 288.356 3.55533e-08
0.0420832 1.4382 200 289.358 3.53004e-08
0.0420832 1.4382 200 290.361 3.50505e-08
0.0420832 1.4382 200 291.363 3.48034e-08
0.0420832 1.4382 200 292.366 3.45593e-08
0.0420832 1.4382 200 293.368 3.43179e-08
0.0420832 1.4382 200 294.37 3.40794e-08
0.0420832 1.4382 200 295.373 3.38435e-08
0.0420832 1.4382 200 296.375 3.36104e-08
0.0420832 1.4382 200 297.378 3.33799e-08
0.0420832 1.4382 200 298.38 3.3152e-08
0.0420832 1.4382 200 299.383 3.29267e-08
0.0420832 1.4382 200 300.385 3.27038e-08
0.0420832 1.4382 200 301.388 3.24835e-08
0.0420832 1.4382 200 302.39 3.22656e-08
0.0420832 1.4382 200 303.393 3.20501e-08
0.0420832 1.4382 200 304.395 3.1837e-08
0.0420832 1.4382 200 305.398 3.16262e-08
0.0420832 1.4382 200 306.4 3.14177e-08
0.0420832 1.4382 200 307.403 3.12115e-08
0.0420832 1.4382 200 308.405 3.10075e-08
0.0420832 1.4382 200 309.408 3.08057e-08
0.0420832 1.4382 200 310.41 3.0606e-08
0.0420832 1.4382 200 311.412 3.04085e-08
0.0420832 1.4382 200 312.415 3.02131e-08
0.0420832 1.4382 200 313.417 3.00197e-08
0.0420832 1.4382 200 314.42 2.98284e-08
0.0420832 1.4382 200 315.422 2.96391e-08
0.0420832 1.4382 200 316.425 2.94518e-08
0.0420832 1.4382 200 317.427 2.92664e-08
0.0420832 1.4382 200 318.43 2.90829e-08
0.0420832 1.4382 200 319.432 2.89014e-08
0.0420832 1.4382 200 320.435 2.87217e-08
0.0420832 1.4382 200 321.437 2.85438e-08
0.0420832 1.4382 200 322.44 2.83678e-08
0.0420832 1.4382 200 323.442 2.81935e-08
0.0420832 1.4382 200 324.445 2.8021e-08
0.0420832 1.4382 200 325.447 2.78502e-08
0.0420832 1.4382 200 326.449 2.76812e-08
0.0420832 1.4382 200 327.452 2.75139e-08
0.0420832 1.4382 200 328.454 2.73482e-08
0.0420832 1.4382 200 329.457 2.71841e-08
0.0420832 1.4382 200 330.459 2.70217e-08
0.0420832 1.4382 200 331.462 2.68609e-08
0.0420832 1.4382 200 332.464 2.67017e-08
0.0420832 1.4382 200 333.467 2.6544e-08
0.0420832 1.4382 200 334.469 2.63878e-08
0.0420832 1.4382 200 335.472 2.62332e-08
0.0420832 1.4382 200 336.474 2.60801e-08
0.0420832 1.4382 200 337.477 2.59284e-08
0.0420832 1.4382 200 338.479 2.57782e-08
0.0420832 1.4382 200 339.482 2.56294e-08
0.0420832 1.4382 200 340.484 2.54821e-08
0.0420832 1.4382 200 341.487 2.53362e-08
0.0420832 1.4382 200 342.489 2.51916e-08
0.0420832 1.4382 200 343.491 2.50484e-08
0.0420832 1.4382 200 344.494 2.49065e-08
0.0420832 1.4382 200 345.496 2.4766e-08
0.0420832 1.4382 200 346.499 2.46268e-08
0.0420832 1.4382 200 347.501 2.44888e-08
0.0420832 1.4382 200 348.504 2.43522e-08
0.0420832 1.4382 200 349.506 2.42168e-08
0.0420832 1.4382 200 350.509 2.40827e-08
0.0420832 1.4382 200 351.511 2.39498e-08
0.0420832 1.4382 200 352.514 2.38181e-08
0.0420832 1.4382 200 353.516 2.36876e-08
0.0420832 1.4382 200 354.519 2.35582e-08
0.0420832 1.4382 200 355.521 2.34301e-08
0.0420832 1.4382 200 356.524 2.33031e-08
0.0420832 1.4382 200 357.526 2.31773e-08
0.0420832 1.4382 200 358.528 2.30525e-08
0.0420832 1.4382 200 359.531 2.29289e-08
0.0420832 1.4382 200 360.533 2.28064e-08
0.0420832 1.4382 200 361.536 2.2685e-08
0.0420832 1.4382 200 362.538 2.25647e-08
0.0420832 1.4382 200 363.541 2.24454e-08
0.0420832 1.4382 200 364.543 2.23271e-08
0.0420832 1.4382 200 365.546 2.22099e-08
0.0420832 1.4382 200 366.548 2.20937e-08
0.0420832 1.4382 200 367.551 2.19785e-08
0.0420832 1.4382 200 368.553 2.18644e-08
0.0420832 1.4382 200 369.556 2.17512e-08
0.0420832 1.4382 200 370.558 2.16389e-08
0.0420832 1.4382 200 371.561 2.15277e-08
0.0420832 1.4382 200 372.563 2.14174e-08
0.0420832 1.4382 200 373.566 2.1308e-08
0.0420832 1.4382 200 374.568 2.11996e-08
0.0420832 1.4382 200 375.57 2.10921e-08
0.0420832 1.4382 200 376.573 2.09855e-08
0.0420832 1.4382 200 377.575 2.08797e-08
0.0420832 1.4382 200 378.578 2.07749e-08
0.0420832 1.4382 200 379.58 2.0671e-08
0.0420832 1.4382 200 380.583 2.05679e-08
0.0420832 1.4382 200 381.585 2.04657e-08
0.0420832 1.4382 200 382.588 2.03643e-08
0.0420832 1.4382 200 383.59 2.02637e-08
0.0420832 1.4382 200 384.593 2.0164e-08
0.0420832 1.4382 200 385.595 2.00651e-08
0.0420832 1.4382 200 386.598 1.9967e-08
0.0420832 1.4382 200 387.6 1.98698e-08
0.0420832 1.4382 200 388.603 1.97733e-08
0.0420832 1.4382 200 389.605 1.96776e-08
0.0420832 1.4382 200 390.607 1.95826e-08
0.0420832 1.4382 200 391.61 1.94885e-08
0.0420832 1.4382 200 392.612 1.9395e-08
0.0420832 1.4382 200 393.615 1.93024e-08
0.0420832 1.4382 200 394.617 1.92104e-08
0.0420832 1.4382 200 395.62 1.91193e-08
0.0420832 1.4382 200 396.622 1.90288e-08
0.0420832 1.4382 200 397.625 1.8939e-08
0.0420832 1.4382 200 398.627 1.885e-08
0.0420832 1.4382 200 399.63 1.87616e-08
0.0420832 1.4382 200 400.632 1.8674e-08
0.0420832 1.4382 200 401.635 1.8587e-08
0.0420832 1.4382 200 402.637 1.85008e-08
0.0420832 1.4382 200 403.64 1.84151e-08
0.0420832 1.4382 200 404.642 1.83302e-08
0.0420832 1.4382 200 405.645 1.82459e-08
0.0420832 1.4382 200 406.647 1.81623e-08
0.0420832 1.4382 200 407.649 1.80793e-08
0.0420832 1.4382 200 408.652 1.79969e-08
0.0420832 1.4382 200 409.654 1.79152e-08
0.0420832 1.4382 200 410.657 1.7834e-08
0.0420832 1.4382 200 411.659 1.77536e-08
0.0420832 1.4382 200 412.662 1.76737e-08
0.0420832 1.4382 200 413.664 1.75944e-08
0.0420832 1.4382 200 414.667 1.75157e-08
0.0420832 1.4382 200 415.669 1.74376e-08
0.0420832 1.4382 200 416.672 1.73601e-08
0.0420832 1.4382 200 417.674 1.72832e-08
0.0420832 1.4382 200 418.677 1.72068e-08
0.0420832 1.4382 200 419.679 1.7131e-08
0.0420832 1.4382 200 420.682 1.70558e-08
0.0420832 1.4382 200 421.684 1.69811e-08
0.0420832 1.4382 200 422.686 1.6907e-08
0.0420832 1.4382 200 423.689 1.68335e-08
0.0420832 1.4382 200 424.691 1.67604e-08
0.0420832 1.4382 200 425.694 1.66879e-08
0.0420832 1.4382 200 426.696 1.66159e-08
0.0420832 1.4382 200 427.699 1.65445e-08
0.0420832 1.4382 200 428.701 1.64736e-08
0.0420832 1.4382 200 429.704 1.64031e-08
0.0420832 1.4382 200 430.706 1.63332e-08
0.0420832 1.4382 200 431.709 1.62638e-08
0.0420832 1.4382 200 432.711 1.61949e-08
0.0420832 1.4382 200 433.714 1.61265e-08
0.0420832 1.4382 200 434.716 1.60585e-08
0.0420832 1.4382 200 435.719 1.59911e-08
0.0420832 1.4382 200 436.721 1.59241e-08
0.0420832 1.4382 200 437.724 1.58576e-08
0.0420832 1.4382 200 438.726 1.57916e-08
0.0420832 1.4382 200 439.728 1.5726e-08
0.0420832 1.4382 200 440.731 1.56609e-08
0.0420832 1.4382 200 441.733 1.55963e-08
0.0420832 1.4382 200 442.736 1.55321e-08
0.0420832 1.4382 200 443.738 1.54683e-08
0.0420832 1.4382 200 444.741 1.5405e-08
0.0420832 1.4382 200 445.743 1.53421e-08
0.0420832 1.4382 200 446.746 1.52797e-08
0.0420832 1.4382 200 447.748 1.52177e-08
0.0420832 1.4382 200 448.751 1.51561e-08
0.0420832 1.4382 200 449.753 1.50949e-08
0.0420832 1.4382 200 450.756 1.50342e-08
0.0420832 1.4382 200 451.758 1.49739e-08
0.0420832 1.4382 200 452.761 1.49139e-08
0.0420832 1.4382 200 453.763 1.48544e-08
0.0420832 1.4382 200 454.765 1.47953e-08
0.0420832 1.4382 200 455.768 1.47366e-08
0.0420832 1.4382 200 456.77 1.46783e-08
0.0420832 1.4382 200 457.773 1.46204e-08
0.0420832 1.4382 200 458.775 1.45628e-08
0.0420832 1.4382 200 459.778 1.45057e-08
0.0420832 1.4382 200 460.78 1.44489e-08
0.0420832 1.4382 200 461.783 1.43925e-08
0.0420832 1.4382 200 462.785 1.43364e-08
0.0420832 1.4382 200 463.788 1.42808e-08
0.0420832 1.4382 200 464.79 1.42255e-08
0.0420832 1.4382 200 465.793 1.41706e-08
0.0420832 1.4382 200 466.795 1.4116e-08
0.0420832 1.4382 200 467.798 1.40618e-08
0.0420832 1.4382 200 468.8 1.40079e-08
0.0420832 1.4382 200 469.803 1.39544e-08
0.0420832 1.4382 200 470.805 1.39012e-08
0.0420832 1.4382 200 471.807 1.38484e-08
0.0420832 1.4382 200 472.81 1.37959e-08
0.0420832 1.4382 200 473.812 1.37438e-08
0.0420832 1.4382 200 474.815 1.3692e-08
0.0420832 1.4382 200 475.817 1.36405e-08
0.0420832 1.4382 200 476.82 1.35894e-08
0.0420832 1.4382 200 477.822 1.35385e-08
0.0420832 1.4382 200 478.825 1.3488e-08
0.0420832 1.4382 200 479.827 1.34379e-08
0.0420832 1.4382 200 480.83 1.3388e-08
0.0420832 1.4382 200 481.832 1.33385e-08
0.0420832 1.4382 200 482.835 1.32892e-08
0.0420832 1.4382 200 483.837 1.32403e-08
0.0420832 1.4382 200 484.84 1.31917e-08
0.0420832 1.4382 200 485.842 1.31434e-08
0.0420832 1.4382 200 486.844 1.30953e-08
0.0420832 1.4382 200 487.847 1.30476e-08
0.0420832 1.4382 200 488.849 1.30002e-08
0.0420832 1.4382 200 489.852 1.29531e-08
0.0420832 1.4382 200 490.854 1.29062e-08
0.0420832 1.4382 200 491.857 1.28597e-08
0.0420832 1.4382 200 492.859 1.28134e-08
0.0420832 1.4382 200 493.862 1.27674e-08
0.0420832 1.4382 200 494.864 1.27217e-08
0.0420832 1.4382 200 495.867 1.26763e-08
0.0420832 1.4382 200 496.869 1.26311e-08
0.0420832 1.4382 200 497.872 1.25863e-08
0.0420832 1.4382 200 498.874 1.25417e-08
0.0420832 1.4382 200 499.877 1.24973e-08
0.0420832 1.4382 200 500.879 1.24533e-08
0.0420832 1.4382 200 501.882 1.24095e-08
0.0420832 1.4382 200 502.884 1.23659e-08
0.0420832 1.4382 200 503.886 1.23226e-08
0.0420832 1.4382 200 504.889 1.22796e-08
0.0420832 1.4382 200 505.891 1.22368e-08
0.0420832 1.4382 200 506.894 1.21943e-08
0.0420832 1.4382 200 507.896 1.21521e-08
0.0420832 1.4382 200 508.899 1.211e-08
0.0420832 1.4382 200 509.901 1.20683e-08
0.0420832 1.4382 200 510.904 1.20268e-08
0.0420832 1.4382 200 511.906 1.19855e-08
0.0420832 1.4382 200 512.909 1.19444e-08
0.0420832 1.4382 200 513.911 1.19036e-08
0.0420832 1.4382 200 514.914 1.18631e-08
0.0420832 1.4382 200 515.916 1.18228e-08
0.0420832 1.4382 200 516.919 1.17827e-08
0.0420832 1.4382 200 517.921 1.17428e-08
0.0420832 1.4382 200 518.923 1.17032e-08
0.0420832 1.4382 200 519.926 1.16638e-08
0.0420832 1.4382 200 520.928 1.16246e-08
0.0420832 1.4382 200 521.931 1.15856e-08
0.0420832 1.4382 200 522.933 1.15469e-08
0.0420832 1.4382 200 523.936 1.15084e-08
0.0420832 1.4382 200 524.938 1.14701e-08
0.0420832 1.4382 200 525.941 1.1432e-08
0.0420832 1.4382 200 526.943 1.13942e-08
0.0420832 1.4382 200 527.946 1.13565e-08
0.0420832 1.4382 200 528.948 1.13191e-08
0.0420832 1.4382 200 529.951 1.12818e-08
0.0420832 1.4382 200 530.953 1.12448e-08
0.0420832 1.4382 200 531.956 1.1208e-08
0.0420832 1.4382 200 532.958 1.11714e-08
0.0420832 1.4382 200 533.961 1.1135e-08
0.0420832 1.4382 200 534.963 1.10988e-08
0.0420832 1.4382 200 535.965 1.10628e-08
0.0420832 1.4382 200 536.968 1.1027e-08
0.0420832 1.4382 200 537.97 1.09914e-08
0.0420832 1.4382 200 538.973 1.0956e-08
0.0420832 1.4382 200 539.975 1.09208e-08
0.0420832 1.4382 200 540.978 1.08858e-08
0.0420832 1.4382 200 541.98 1.08509e-08
0.0420832 1.4382 200 542.983 1.08163e-08
0.0420832 1.4382 200 543.985 1.07819e-08
0.0420832 1.4382 200 544.988 1.07476e-08
0.0420832 1.4382 200 545.99 1.07135e-08
0.0420832 1.4382 200 546.993 1.06796e-08
0.0420832 1.4382 200 547.995 1.06459e-08
0.0420832 1.4382 200 548.998 1.06124e-08
0.0420832 1.4382 200 550 1.0579e-08
