4.59219 1.4382 0 150.015 9.29832e-06
4.59219 1.4382 0 151.017 1.51647e-05
4.59219 1.4382 0 152.02 1.35947e-05
4.59219 1.4382 0 153.022 1.18021e-05
4.59219 1.4382 0 154.025 1.03997e-05
4.59219 1.4382 0 155.027 9.27532e-06
4.59219 1.4382 0 156.03 8.34389e-06
4.59219 1.4382 0 157.032 7.55425e-06
4.59219 1.4382 0 158.035 6.87365e-06
4.59219 1.4382 0 159.037 6.27971e-06
4.59219 1.4382 0 160.04 5.75634e-06
4.59219 1.4382 0 161.042 5.29153e-06
4.59219 1.4382 0 162.045 4.87609e-06
4.59219 1.4382 0 163.047 4.50275e-06
4.59219 1.4382 0 164.05 4.1657e-06
4.59219 1.4382 0 165.052 3.86022e-06
4.59219 1.4382 0 166.054 3.58239e-06
4.59219 1.4382 0 167.057 3.32894e-06
4.59219 1.4382 0 168.059 3.09711e-06
4.59219 1.4382 0 169.062 2.88454e-06
4.59219 1.4382 0 170.064 2.68922e-06
4.59219 1.4382 0 171.067 2.5094e-06
4.59219 1.4382 0 172.069 2.34356e-06
4.59219 1.4382 0 173.072 2.19036e-06
4.59219 1.4382 0 174.074 2.04864e-06
4.59219 1.4382 0 175.077 1.91737e-06
4.59219 1.4382 0 176.079 1.79561e-06
4.59219 1.4382 0 177.082 1.68255e-06
4.59219 1.4382 0 178.084 1.57747e-06
4.59219 1.4382 0 179.087 1.4797e-06
4.59219 1.4382 0 180.089 1.38864e-06
4.59219 1.4382 0 181.092 1.30378e-06
4.59219 1.4382 0 182.094 1.22462e-06
4.59219 1.4382 0 183.096 1.15073e-06
4.59219 1.4382 0 184.099 1.0817e-06
4.59219 1.4382 0 185.101 1.01718e-06
4.59219 1.4382 0 186.104 9.56831e-07
4.59219 1.4382 0 187.106 9.00355e-07
4.59219 1.4382 0 188.109 8.47474e-07
4.59219 1.4382 0 189.111 7.97932e-07
4.59219 1.4382 0 190.114 7.51496e-07
4.59219 1.4382 0 191.116 7.07952e-07
4.59219 1.4382 0 192.119 6.67101e-07
4.59219 1.4382 0 193.121 6.28761e-07
4.59219 1.4382 0 194.124 5.92762e-07
4.59219 1.4382 0 195.126 5.5895e-07
4.59219 1.4382 0 196.129 5.2718e-07
4.59219 1.4382 0 197.131 4.97319e-07
4.59219 1.4382 0 198.133 4.69242e-07
4.59219 1.4382 0 199.136 4.42834e-07
4.59219 1.4382 0 200.138 4.1799e-07
4.59219 1.4382 0 201.141 3.94609e-07
4.59219 1.4382 0 202.143 3.72599e-07
4.59219 1.4382 0 203.146 3.51875e-07
4.59219 1.4382 0 204.148 3.32356e-07
4.59219 1.4382 0 205.151 3.13968e-07
4.59219 1.4382 0 206.153 2.96641e-07
4.59219 1.4382 0 207.156 2.80311e-07
4.59219 1.4382 0 208.158 2.64916e-07
4.59219 1.4382 0 209.161 2.504e-07
4.59219 1.4382 0 210.163 2.3671e-07
4.59219 1.4382 0 211.166 2.23797e-07
4.59219 1.4382 0 212.168 2.11614e-07
4.59219 1.4382 0 213.171 2.00118e-07
4.59219 1.4382 0 214.173 1.89268e-07
4.59219 1.4382 0 215.175 1.79026e-07
4.59219 1.4382 0 216.178 1.69356e-07
4.59219 1.4382 0 217.18 1.60226e-07
4.59219 1.4382 0 218.183 1.51604e-07
4.59219 1.4382 0 219.185 1.43459e-07
4.59219 1.4382 0 220.188 1.35765e-07
4.59219 1.4382 0 221.19 1.28496e-07
4.59219 1.4382 0 222.193 1.21627e-07
4.59219 1.4382 0 223.195 1.15136e-07
4.59219 1.4382 0 224.198 1.09e-07
4.59219 1.4382 0 225.2 1.03201e-07
4.59219 1.4382 0 226.203 9.77173e-08
4.59219 1.4382 0 227.205 9.25329e-08
4.59219 1.4382 0 228.208 8.76303e-08
4.59219 1.4382 0 229.21 8.29938e-08
4.59219 1.4382 0 230.212 7.86084e-08
4.59219 1.4382 0 231.215 7.44602e-08
4.59219 1.4382 0 232.217 7.05359e-08
4.59219 1.4382 0 233.22 6.6823e-08
4.59219 1.4382 0 234.222 6.33099e-08
4.59219 1.4382 0 235.225 5.99854e-08
4.59219 1.4382 0 236.227 5.68392e-08
4.59219 1.4382 0 237.23 5.38614e-08
4.59219 1.4382 0 238.232 5.10427e-08
4.59219 1.4382 0 239.235 4.83745e-08
4.59219 1.4382 0 240.237 4.58485e-08
4.59219 1.4382 0 241.24 4.34569e-08
4.59219 1.4382 0 242.242 4.11924e-08
4.59219 1.4382 0 243.245 3.9048e-08
4.59219 1.4382 0 244.247 3.70173e-08
4.59219 1.4382 0 245.25 3.50941e-08
4.59219 1.4382 0 246.252 3.32725e-08
4.59219 1.4382 0 247.254 3.15471e-08
4.59219 1.4382 0 248.257 2.99126e-08
4.59219 1.4382 0 249.259 2.83643e-08
4.59219 1.4382 0 250.262 2.68973e-08
4.59219 1.4382 0 251.264 2.55075e-08
4.59219 1.4382 0 252.267 2.41906e-08
4.59219 1.4382 0 253.269 2.29427e-08
4.59219 1.4382 0 254.272 2.17602e-08
4.59219 1.4382 0 255.274 2.06395e-08
4.59219 1.4382 0 256.277 1.95773e-08
4.59219 1.4382 0 257.279 1.85707e-08
4.59219 1.4382 0 258.282 1.76165e-08
4.59219 1.4382 0 259.284 1.6712e-08
4.59219 1.4382 0 260.287 1.58546e-08
4.59219 1.4382 0 261.289 1.50417e-08
4.59219 1.4382 0 262.291 1.42711e-08
4.59219 1.4382 0 263.294 1.35405e-08
4.59219 1.4382 0 264.296 1.28478e-08
4.59219 1.4382 0 265.299 1.21909e-08
4.59219 1.4382 0 266.301 1.15681e-08
4.59219 1.4382 0 267.304 1.09775e-08
4.59219 1.4382 0 268.306 1.04173e-08
4.59219 1.4382 0 269.309 9.88614e-09
4.59219 1.4382 0 270.311 9.38235e-09
4.59219 1.4382 0 271.314 8.90452e-09
4.59219 1.4382 0 272.316 8.4513e-09
4.59219 1.4382 0 273.319 8.02141e-09
4.59219 1.4382 0 274.321 7.61363e-09
4.59219 1.4382 0 275.324 7.2268e-09
4.59219 1.4382 0 276.326 6.85983e-09
4.59219 1.4382 0 277.329 6.5117e-09
4.59219 1.4382 0 278.331 6.18141e-09
4.59219 1.4382 0 279.333 5.86805e-09
4.59219 1.4382 0 280.336 5.57074e-09
4.59219 1.4382 0 281.338 5.28864e-09
4.59219 1.4382 0 282.341 5.02097e-09
4.59219 1.4382 0 283.343 4.76697e-09
4.59219 1.4382 0 284.346 4.52595e-09
4.59219 1.4382 0 285.348 4.29723e-09
4.59219 1.4382 0 286.351 4.08017e-09
4.59219 1.4382 0 287.353 3.87418e-09
4.59219 1.4382 0 288.356 3.67868e-09
4.59219 1.4382 0 289.358 3.49314e-09
4.59219 1.4382 0 290.361 3.31703e-09
4.59219 1.4382 0 291.363 3.14989e-09
4.59219 1.4382 0 292.366 2.99123e-09
4.59219 1.4382 0 293.368 2.84064e-09
4.59219 1.4382 0 294.37 2.69769e-09
4.59219 1.4382 0 295.373 2.56199e-09
4.59219 1.4382 0 296.375 2.43318e-09
4.59219 1.4382 0 297.378 2.31089e-09
4.59219 1.4382 0 298.38 2.1948e-09
4.59219 1.4382 0 299.383 2.08459e-09
4.59219 1.4382 0 300.385 1.97996e-09
4.59219 1.4382 0 301.388 1.88061e-09
4.59219 1.4382 0 302.39 1.78629e-09
4.59219 1.4382 0 303.393 1.69674e-09
4.59219 1.4382 0 304.395 1.61171e-09
4.59219 1.4382 0 305.398 1.53097e-09
4.59219 1.4382 0 306.4 1.4543e-09
4.59219 1.4382 0 307.403 1.3815e-09
4.59219 1.4382 0 308.405 1.31237e-09
4.59219 1.4382 0 309.408 1.24673e-09
4.59219 1.4382 0 310.41 1.18439e-09
4.59219 1.4382 0 311.412 1.12519e-09
4.59219 1.4382 0 312.415 1.06897e-09
4.59219 1.4382 0 313.417 1.01557e-09
4.59219 1.4382 0 314.42 9.64862e-10
4.59219 1.4382 0 315.422 9.16701e-10
4.59219 1.4382 0 316.425 8.70959e-10
4.59219 1.4382 0 317.427 8.27515e-10
4.59219 1.4382 0 318.43 7.86251e-10
4.59219 1.4382 0 319.432 7.47058e-10
4.59219 1.4382 0 320.435 7.0983e-10
4.59219 1.4382 0 321.437 6.74469e-10
4.59219 1.4382 0 322.44 6.4088e-10
4.59219 1.4382 0 323.442 6.08974e-10
4.59219 1.4382 0 324.445 5.78665e-10
4.59219 1.4382 0 325.447 5.49874e-10
4.59219 1.4382 0 326.449 5.22523e-10
4.59219 1.4382 0 327.452 4.96541e-10
4.59219 1.4382 0 328.454 4.71858e-10
4.59219 1.4382 0 329.457 4.48409e-10
4.59219 1.4382 0 330.459 4.26131e-10
4.59219 1.4382 0 331.462 4.04967e-10
4.59219 1.4382 0 332.464 3.84859e-10
4.59219 1.4382 0 333.467 3.65755e-10
4.59219 1.4382 0 334.469 3.47605e-10
4.59219 1.4382 0 335.472 3.30359e-10
4.59219 1.4382 0 336.474 3.13974e-10
4.59219 1.4382 0 337.477 2.98406e-10
4.59219 1.4382 0 338.479 2.83613e-10
4.59219 1.4382 0 339.482 2.69558e-10
4.59219 1.4382 0 340.484 2.56203e-10
4.59219 1.4382 0 341.487 2.43512e-10
4.59219 1.4382 0 342.489 2.31453e-10
4.59219 1.4382 0 343.491 2.19995e-10
4.59219 1.4382 0 344.494 2.09106e-10
4.59219 1.4382 0 345.496 1.98759e-10
4.59219 1.4382 0 346.499 1.88926e-10
4.59219 1.4382 0 347.501 1.79582e-10
4.59219 1.4382 0 348.504 1.70702e-10
4.59219 1.4382 0 349.506 1.62263e-10
4.59219 1.4382 0 350.509 1.54244e-10
4.59219 1.4382 0 351.511 1.46622e-10
4.59219 1.4382 0 352.514 1.39379e-10
4.59219 1.4382 0 353.516 1.32495e-10
4.59219 1.4382 0 354.519 1.25953e-10
4.59219 1.4382 0 355.521 1.19735e-10
4.59219 1.4382 0 356.524 1.13825e-10
4.59219 1.4382 0 357.526 1.08208e-10
4.59219 1.4382 0 358.528 1.0287e-10
4.59219 1.4382 0 359.531 9.7796e-11
4.59219 1.4382 0 360.533 9.29734e-11
4.59219 1.4382 0 361.536 8.83895e-11
4.59219 1.4382 0 362.538 8.40326e-11
4.59219 1.4382 0 363.541 7.98912e-11
4.59219 1.4382 0 364.543 7.59548e-11
4.59219 1.4382 0 365.546 7.22131e-11
4.59219 1.4382 0 366.548 6.86564e-11
4.59219 1.4382 0 367.551 6.52756e-11
4.59219 1.4382 0 368.553 6.20619e-11
4.59219 1.4382 0 369.556 5.90071e-11
4.59219 1.4382 0 370.558 5.61031e-11
4.59219 1.4382 0 371.561 5.33427e-11
4.59219 1.4382 0 372.563 5.07185e-11
4.59219 1.4382 0 373.566 4.82239e-11
4.59219 1.4382 0 374.568 4.58524e-11
4.59219 1.4382 0 375.57 4.3598e-11
4.59219 1.4382 0 376.573 4.14549e-11
4.59219 1.4382 0 377.575 3.94174e-11
4.59219 1.4382 0 378.578 3.74805e-11
4.59219 1.4382 0 379.58 3.5639e-11
4.59219 1.4382 0 380.583 3.38883e-11
4.59219 1.4382 0 381.585 3.2224e-11
4.59219 1.4382 0 382.588 3.06416e-11
4.59219 1.4382 0 383.59 2.91372e-11
4.59219 1.4382 0 384.593 2.77069e-11
4.59219 1.4382 0 385.595 2.63471e-11
4.59219 1.4382 0 386.598 2.50542e-11
4.59219 1.4382 0 387.6 2.3825e-11
4.59219 1.4382 0 388.603 2.26563e-11
4.59219 1.4382 0 389.605 2.1545e-11
4.59219 1.4382 0 390.607 2.04885e-11
4.59219 1.4382 0 391.61 1.94839e-11
4.59219 1.4382 0 392.612 1.85288e-11
4.59219 1.4382 0 393.615 1.76206e-11
4.59219 1.4382 0 394.617 1.6757e-11
4.59219 1.4382 0 395.62 1.5936e-11
4.59219 1.4382 0 396.622 1.51552e-11
4.59219 1.4382 0 397.625 1.44129e-11
4.59219 1.4382 0 398.627 1.3707e-11
4.59219 1.4382 0 399.63 1.30357e-11
4.59219 1.4382 0 400.632 1.23975e-11
4.59219 1.4382 0 401.635 1.17906e-11
4.59219 1.4382 0 402.637 1.12134e-11
4.59219 1.4382 0 403.64 1.06646e-11
4.59219 1.4382 0 404.642 1.01428e-11
4.59219 1.4382 0 405.645 9.64654e-12
4.59219 1.4382 0 406.647 9.17464e-12
4.59219 1.4382 0 407.649 8.72589e-12
4.59219 1.4382 0 408.652 8.29915e-12
4.59219 1.4382 0 409.654 7.89333e-12
4.59219 1.4382 0 410.657 7.50741e-12
4.59219 1.4382 0 411.659 7.14041e-12
4.59219 1.4382 0 412.662 6.7914e-12
4.59219 1.4382 0 413.664 6.45949e-12
4.59219 1.4382 0 414.667 6.14385e-12
4.59219 1.4382 0 415.669 5.84367e-12
4.59219 1.4382 0 416.672 5.55819e-12
4.59219 1.4382 0 417.674 5.2867e-12
4.59219 1.4382 0 418.677 5.0285e-12
4.59219 1.4382 0 419.679 4.78294e-12
4.59219 1.4382 0 420.682 4.5494e-12
4.59219 1.4382 0 421.684 4.3273e-12
4.59219 1.4382 0 422.686 4.11607e-12
4.59219 1.4382 0 423.689 3.91517e-12
4.59219 1.4382 0 424.691 3.7241e-12
4.59219 1.4382 0 425.694 3.54238e-12
4.59219 1.4382 0 426.696 3.36954e-12
4.59219 1.4382 0 427.699 3.20516e-12
4.59219 1.4382 0 428.701 3.04882e-12
4.59219 1.4382 0 429.704 2.90012e-12
4.59219 1.4382 0 430.706 2.75869e-12
4.59219 1.4382 0 431.709 2.62417e-12
4.59219 1.4382 0 432.711 2.49623e-12
4.59219 1.4382 0 433.714 2.37454e-12
4.59219 1.4382 0 434.716 2.2588e-12
4.59219 1.4382 0 435.719 2.14871e-12
4.59219 1.4382 0 436.721 2.04399e-12
4.59219 1.4382 0 437.724 1.94439e-12
4.59219 1.4382 0 438.726 1.84966e-12
4.59219 1.4382 0 439.728 1.75955e-12
4.59219 1.4382 0 440.731 1.67384e-12
4.59219 1.4382 0 441.733 1.59231e-12
4.59219 1.4382 0 442.736 1.51477e-12
4.59219 1.4382 0 443.738 1.44101e-12
4.59219 1.4382 0 444.741 1.37084e-12
4.59219 1.4382 0 445.743 1.3041e-12
4.59219 1.4382 0 446.746 1.24062e-12
4.59219 1.4382 0 447.748 1.18023e-12
4.59219 1.4382 0 448.751 1.12279e-12
4.59219 1.4382 0 449.753 1.06815e-12
4.59219 1.4382 0 450.756 1.01618e-12
4.59219 1.4382 0 451.758 9.66734e-13
4.59219 1.4382 0 452.761 9.19703e-13
4.59219 1.4382 0 453.763 8.74964e-13
4.59219 1.4382 0 454.765 8.32406e-13
4.59219 1.4382 0 455.768 7.91922e-13
4.59219 1.4382 0 456.77 7.5341e-13
4.59219 1.4382 0 457.773 7.16775e-13
4.59219 1.4382 0 458.775 6.81925e-13
4.59219 1.4382 0 459.778 6.48772e-13
4.59219 1.4382 0 460.78 6.17235e-13
4.59219 1.4382 0 461.783 5.87233e-13
4.59219 1.4382 0 462.785 5.58692e-13
4.59219 1.4382 0 463.788 5.31541e-13
4.59219 1.4382 0 464.79 5.05711e-13
4.59219 1.4382 0 465.793 4.8114e-13
4.59219 1.4382 0 466.795 4.57764e-13
4.59219 1.4382 0 467.798 4.35526e-13
4.59219 1.4382 0 468.8 4.1437e-13
4.59219 1.4382 0 469.803 3.94243e-13
4.59219 1.4382 0 470.805 3.75096e-13
4.59219 1.4382 0 471.807 3.56881e-13
4.59219 1.4382 0 472.81 3.39551e-13
4.59219 1.4382 0 473.812 3.23065e-13
4.59219 1.4382 0 474.815 3.0738e-13
4.59219 1.4382 0 475.817 2.92458e-13
4.59219 1.4382 0 476.82 2.78262e-13
4.59219 1.4382 0 477.822 2.64756e-13
4.59219 1.4382 0 478.825 2.51906e-13
4.59219 1.4382 0 479.827 2.39681e-13
4.59219 1.4382 0 480.83 2.28051e-13
4.59219 1.4382 0 481.832 2.16986e-13
4.59219 1.4382 0 482.835 2.06458e-13
4.59219 1.4382 0 483.837 1.96442e-13
4.59219 1.4382 0 484.84 1.86913e-13
4.59219 1.4382 0 485.842 1.77847e-13
4.59219 1.4382 0 486.844 1.69221e-13
4.59219 1.4382 0 487.847 1.61014e-13
4.59219 1.4382 0 488.849 1.53206e-13
4.59219 1.4382 0 489.852 1.45777e-13
4.59219 1.4382 0 490.854 1.38709e-13
4.59219 1.4382 0 491.857 1.31984e-13
4.59219 1.4382 0 492.859 1.25586e-13
4.59219 1.4382 0 493.862 1.19498e-13
4.59219 1.4382 0 494.864 1.13706e-13
4.59219 1.4382 0 495.867 1.08195e-13
4.59219 1.4382 0 496.869 1.02951e-13
4.59219 1.4382 0 497.872 9.79624e-14
4.59219 1.4382 0 498.874 9.32155e-14
4.59219 1.4382 0 499.877 8.86989e-14
4.59219 1.4382 0 500.879 8.44015e-14
4.59219 1.4382 0 501.882 8.03126e-14
4.59219 1.4382 0 502.884 7.64221e-14
4.59219 1.4382 0 503.886 7.27203e-14
4.59219 1.4382 0 504.889 6.91981e-14
4.59219 1.4382 0 505.891 6.58467e-14
4.59219 1.4382 0 506.894 6.26579e-14
4.59219 1.4382 0 507.896 5.96237e-14
4.59219 1.4382 0 508.899 5.67366e-14
4.59219 1.4382 0 509.901 5.39895e-14
4.59219 1.4382 0 510.904 5.13756e-14
4.59219 1.4382 0 511.906 4.88885e-14
4.59219 1.4382 0 512.909 4.65219e-14
4.59219 1.4382 0 513.911 4.427e-14
4.59219 1.4382 0 514.914 4.21272e-14
4.59219 1.4382 0 515.916 4.00883e-14
4.59219 1.4382 0 516.919 3.81482e-14
4.59219 1.4382 0 517.921 3.63022e-14
4.59219 1.4382 0 518.923 3.45456e-14
4.59219 1.4382 0 519.926 3.2874e-14
4.59219 1.4382 0 520.928 3.12835e-14
4.59219 1.4382 0 521.931 2.977e-14
4.59219 1.4382 0 522.933 2.83299e-14
4.59219 1.4382 0 523.936 2.69595e-14
4.59219 1.4382 0 524.938 2.56554e-14
4.59219 1.4382 0 525.941 2.44146e-14
4.59219 1.4382 0 526.943 2.32338e-14
4.59219 1.4382 0 527.946 2.21102e-14
4.59219 1.4382 0 528.948 2.1041e-14
4.59219 1.4382 0 529.951 2.00235e-14
4.59219 1.4382 0 530.953 1.90553e-14
4.59219 1.4382 0 531.956 1.8134e-14
4.59219 1.4382 0 532.958 1.72573e-14
4.59219 1.4382 0 533.961 1.6423e-14
4.59219 1.4382 0 534.963 1.56291e-14
4.59219 1.4382 0 535.965 1.48737e-14
4.59219 1.4382 0 536.968 1.41547e-14
4.59219 1.4382 0 537.97 1.34706e-14
4.59219 1.4382 0 538.973 1.28196e-14
4.59219 1.4382 0 539.975 1.22001e-14
4.59219 1.4382 0 540.978 1.16105e-14
4.59219 1.4382 0 541.98 1.10495e-14
4.59219 1.4382 0 542.983 1.05156e-14
4.59219 1.4382 0 543.985 1.00075e-14
4.59219 1.4382 0 544.988 9.52406e-15
4.59219 1.4382 0 545.99 9.06395e-15
4.59219 1.4382 0 546.993 8.6261e-15
4.59219 1.4382 0 547.995 8.20942e-15
4.59219 1.4382 0 548.998 7.81289e-15
4.59219 1.4382 0 550 7.43554e-15

