1.40669 1.4382 0 100.01 1.22578e-06
1.40669 1.4382 0 101.012 2.24034e-06
1.40669 1.4382 0 102.015 2.22765e-06
1.40669 1.4382 0 103.017 2.1424e-06
1.40669 1.4382 0 104.02 2.06275e-06
1.40669 1.4382 0 105.022 1.98918e-06
1.40669 1.4382 0 106.025 1.92028e-06
1.40669 1.4382 0 107.027 1.85516e-06
1.40669 1.4382 0 108.03 1.79329e-06
1.40669 1.4382 0 109.032 1.73427e-06
1.40669 1.4382 0 110.035 1.67782e-06
1.40669 1.4382 0 111.037 1.62373e-06
1.40669 1.4382 0 112.04 1.57182e-06
1.40669 1.4382 0 113.042 1.52194e-06
1.40669 1.4382 0 114.045 1.47397e-06
1.40669 1.4382 0 115.047 1.4278e-06
1.40669 1.4382 0 116.05 1.38333e-06
1.40669 1.4382 0 117.052 1.34047e-06
1.40669 1.4382 0 118.055 1.29915e-06
1.40669 1.4382 0 119.057 1.2593e-06
1.40669 1.4382 0 120.06 1.22084e-06
1.40669 1.4382 0 121.062 1.18372e-06
1.40669 1.4382 0 122.065 1.14788e-06
1.40669 1.4382 0 123.067 1.11327e-06
1.40669 1.4382 0 124.07 1.07983e-06
1.40669 1.4382 0 125.072 1.04752e-06
1.40669 1.4382 0 126.075 1.01629e-06
1.40669 1.4382 0 127.077 9.86109e-07
1.40669 1.4382 0 128.079 9.56926e-07
1.40669 1.4382 0 129.082 9.28706e-07
1.40669 1.4382 0 130.084 9.01413e-07
1.40669 1.4382 0 131.087 8.75013e-07
1.40669 1.4382 0 132.089 8.49472e-07
1.40669 1.4382 0 133.092 8.24758e-07
1.40669 1.4382 0 134.094 8.00843e-07
1.40669 1.4382 0 135.097 7.77696e-07
1.40669 1.4382 0 136.099 7.55291e-07
1.40669 1.4382 0 137.102 7.336e-07
1.40669 1.4382 0 138.104 7.12599e-07
1.40669 1.4382 0 139.107 6.92264e-07
1.40669 1.4382 0 140.109 6.7257e-07
1.40669 1.4382 0 141.112 6.53496e-07
1.40669 1.4382 0 142.114 6.35021e-07
1.40669 1.4382 0 143.117 6.17123e-07
1.40669 1.4382 0 144.119 5.99782e-07
1.40669 1.4382 0 145.122 5.8298e-07
1.40669 1.4382 0 146.124 5.66698e-07
1.40669 1.4382 0 147.127 5.50919e-07
1.40669 1.4382 0 148.129 5.35626e-07
1.40669 1.4382 0 149.132 5.20802e-07
1.40669 1.4382 0 150.134 5.06431e-07
1.40669 1.4382 0 151.137 4.92499e-07
1.40669 1.4382 0 152.139 4.78991e-07
1.40669 1.4382 0 153.142 4.65892e-07
1.40669 1.4382 0 154.144 4.53189e-07
1.40669 1.4382 0 155.146 4.4087e-07
1.40669 1.4382 0 156.149 4.28921e-07
1.40669 1.4382 0 157.151 4.1733e-07
1.40669 1.4382 0 158.154 4.06086e-07
1.40669 1.4382 0 159.156 3.95177e-07
1.40669 1.4382 0 160.159 3.84593e-07
1.40669 1.4382 0 161.161 3.74322e-07
1.40669 1.4382 0 162.164 3.64355e-07
1.40669 1.4382 0 163.166 3.54683e-07
1.40669 1.4382 0 164.169 3.45295e-07
1.40669 1.4382 0 165.171 3.36182e-07
1.40669 1.4382 0 166.174 3.27336e-07
1.40669 1.4382 0 167.176 3.18748e-07
1.40669 1.4382 0 168.179 3.1041e-07
1.40669 1.4382 0 169.181 3.02314e-07
1.40669 1.4382 0 170.184 2.94453e-07
1.40669 1.4382 0 171.186 2.86818e-07
1.40669 1.4382 0 172.189 2.79404e-07
1.40669 1.4382 0 173.191 2.72202e-07
1.40669 1.4382 0 174.194 2.65206e-07
1.40669 1.4382 0 175.196 2.58411e-07
1.40669 1.4382 0 176.199 2.51808e-07
1.40669 1.4382 0 177.201 2.45394e-07
1.40669 1.4382 0 178.204 2.39161e-07
1.40669 1.4382 0 179.206 2.33105e-07
1.40669 1.4382 0 180.208 2.27219e-07
1.40669 1.4382 0 181.211 2.21498e-07
1.40669 1.4382 0 182.213 2.15938e-07
1.40669 1.4382 0 183.216 2.10534e-07
1.40669 1.4382 0 184.218 2.0528e-07
1.40669 1.4382 0 185.221 2.00172e-07
1.40669 1.4382 0 186.223 1.95206e-07
1.40669 1.4382 0 187.226 1.90378e-07
1.40669 1.4382 0 188.228 1.85682e-07
1.40669 1.4382 0 189.231 1.81116e-07
1.40669 1.4382 0 190.233 1.76675e-07
1.40669 1.4382 0 191.236 1.72356e-07
1.40669 1.4382 0 192.238 1.68154e-07
1.40669 1.4382 0 193.241 1.64067e-07
1.40669 1.4382 0 194.243 1.60091e-07
1.40669 1.4382 0 195.246 1.56223e-07
1.40669 1.4382 0 196.248 1.52459e-07
1.40669 1.4382 0 197.251 1.48797e-07
1.40669 1.4382 0 198.253 1.45232e-07
1.40669 1.4382 0 199.256 1.41764e-07
1.40669 1.4382 0 200.258 1.38388e-07
1.40669 1.4382 0 201.261 1.35102e-07
1.40669 1.4382 0 202.263 1.31903e-07
1.40669 1.4382 0 203.266 1.28789e-07
1.40669 1.4382 0 204.268 1.25757e-07
1.40669 1.4382 0 205.271 1.22805e-07
1.40669 1.4382 0 206.273 1.19931e-07
1.40669 1.4382 0 207.275 1.17132e-07
1.40669 1.4382 0 208.278 1.14407e-07
1.40669 1.4382 0 209.28 1.11752e-07
1.40669 1.4382 0 210.283 1.09166e-07
1.40669 1.4382 0 211.285 1.06648e-07
1.40669 1.4382 0 212.288 1.04194e-07
1.40669 1.4382 0 213.29 1.01804e-07
1.40669 1.4382 0 214.293 9.9475e-08
1.40669 1.4382 0 215.295 9.72059e-08
1.40669 1.4382 0 216.298 9.49948e-08
1.40669 1.4382 0 217.3 9.28401e-08
1.40669 1.4382 0 218.303 9.07402e-08
1.40669 1.4382 0 219.305 8.86936e-08
1.40669 1.4382 0 220.308 8.66987e-08
1.40669 1.4382 0 221.31 8.47541e-08
1.40669 1.4382 0 222.313 8.28584e-08
1.40669 1.4382 0 223.315 8.10103e-08
1.40669 1.4382 0 224.318 7.92084e-08
1.40669 1.4382 0 225.32 7.74514e-08
1.40669 1.4382 0 226.323 7.57381e-08
1.40669 1.4382 0 227.325 7.40674e-08
1.40669 1.4382 0 228.328 7.24379e-08
1.40669 1.4382 0 229.33 7.08486e-08
1.40669 1.4382 0 230.333 6.92985e-08
1.40669 1.4382 0 231.335 6.77863e-08
1.40669 1.4382 0 232.338 6.63111e-08
1.40669 1.4382 0 233.34 6.4872e-08
1.40669 1.4382 0 234.342 6.34678e-08
1.40669 1.4382 0 235.345 6.20977e-08
1.40669 1.4382 0 236.347 6.07607e-08
1.40669 1.4382 0 237.35 5.9456e-08
1.40669 1.4382 0 238.352 5.81826e-08
1.40669 1.4382 0 239.355 5.69398e-08
1.40669 1.4382 0 240.357 5.57268e-08
1.40669 1.4382 0 241.36 5.45426e-08
1.40669 1.4382 0 242.362 5.33867e-08
1.40669 1.4382 0 243.365 5.22581e-08
1.40669 1.4382 0 244.367 5.11563e-08
1.40669 1.4382 0 245.37 5.00804e-08
1.40669 1.4382 0 246.372 4.90299e-08
1.40669 1.4382 0 247.375 4.8004e-08
1.40669 1.4382 0 248.377 4.70021e-08
1.40669 1.4382 0 249.38 4.60236e-08
1.40669 1.4382 0 250.382 4.50679e-08
1.40669 1.4382 0 251.385 4.41343e-08
1.40669 1.4382 0 252.387 4.32224e-08
1.40669 1.4382 0 253.39 4.23314e-08
1.40669 1.4382 0 254.392 4.1461e-08
1.40669 1.4382 0 255.395 4.06106e-08
1.40669 1.4382 0 256.397 3.97796e-08
1.40669 1.4382 0 257.4 3.89676e-08
1.40669 1.4382 0 258.402 3.81741e-08
1.40669 1.4382 0 259.405 3.73986e-08
1.40669 1.4382 0 260.407 3.66406e-08
1.40669 1.4382 0 261.409 3.58998e-08
1.40669 1.4382 0 262.412 3.51756e-08
1.40669 1.4382 0 263.414 3.44677e-08
1.40669 1.4382 0 264.417 3.37757e-08
1.40669 1.4382 0 265.419 3.30991e-08
1.40669 1.4382 0 266.422 3.24376e-08
1.40669 1.4382 0 267.424 3.17908e-08
1.40669 1.4382 0 268.427 3.11583e-08
1.40669 1.4382 0 269.429 3.05398e-08
1.40669 1.4382 0 270.432 2.99349e-08
1.40669 1.4382 0 271.434 2.93433e-08
1.40669 1.4382 0 272.437 2.87647e-08
1.40669 1.4382 0 273.439 2.81988e-08
1.40669 1.4382 0 274.442 2.76452e-08
1.40669 1.4382 0 275.444 2.71036e-08
1.40669 1.4382 0 276.447 2.65738e-08
1.40669 1.4382 0 277.449 2.60554e-08
1.40669 1.4382 0 278.452 2.55483e-08
1.40669 1.4382 0 279.454 2.5052e-08
1.40669 1.4382 0 280.457 2.45664e-08
1.40669 1.4382 0 281.459 2.40913e-08
1.40669 1.4382 0 282.462 2.36262e-08
1.40669 1.4382 0 283.464 2.31711e-08
1.40669 1.4382 0 284.467 2.27256e-08
1.40669 1.4382 0 285.469 2.22896e-08
1.40669 1.4382 0 286.472 2.18628e-08
1.40669 1.4382 0 287.474 2.14451e-08
1.40669 1.4382 0 288.476 2.10361e-08
1.40669 1.4382 0 289.479 2.06357e-08
1.40669 1.4382 0 290.481 2.02436e-08
1.40669 1.4382 0 291.484 1.98598e-08
1.40669 1.4382 0 292.486 1.9484e-08
1.40669 1.4382 0 293.489 1.91159e-08
1.40669 1.4382 0 294.491 1.87555e-08
1.40669 1.4382 0 295.494 1.84026e-08
1.40669 1.4382 0 296.496 1.8057e-08
1.40669 1.4382 0 297.499 1.77184e-08
1.40669 1.4382 0 298.501 1.73868e-08
1.40669 1.4382 0 299.504 1.7062e-08
1.40669 1.4382 0 300.506 1.67439e-08
1.40669 1.4382 0 301.509 1.64322e-08
1.40669 1.4382 0 302.511 1.61269e-08
1.40669 1.4382 0 303.514 1.58278e-08
1.40669 1.4382 0 304.516 1.55347e-08
1.40669 1.4382 0 305.519 1.52476e-08
1.40669 1.4382 0 306.521 1.49662e-08
1.40669 1.4382 0 307.524 1.46905e-08
1.40669 1.4382 0 308.526 1.44204e-08
1.40669 1.4382 0 309.529 1.41556e-08
1.40669 1.4382 0 310.531 1.38961e-08
1.40669 1.4382 0 311.534 1.36418e-08
1.40669 1.4382 0 312.536 1.33926e-08
1.40669 1.4382 0 313.538 1.31483e-08
1.40669 1.4382 0 314.541 1.29089e-08
1.40669 1.4382 0 315.543 1.26742e-08
1.40669 1.4382 0 316.546 1.24441e-08
1.40669 1.4382 0 317.548 1.22185e-08
1.40669 1.4382 0 318.551 1.19974e-08
1.40669 1.4382 0 319.553 1.17806e-08
1.40669 1.4382 0 320.556 1.1568e-08
1.40669 1.4382 0 321.558 1.13596e-08
1.40669 1.4382 0 322.561 1.11552e-08
1.40669 1.4382 0 323.563 1.09549e-08
1.40669 1.4382 0 324.566 1.07584e-08
1.40669 1.4382 0 325.568 1.05657e-08
1.40669 1.4382 0 326.571 1.03767e-08
1.40669 1.4382 0 327.573 1.01914e-08
1.40669 1.4382 0 328.576 1.00096e-08
1.40669 1.4382 0 329.578 9.83131e-09
1.40669 1.4382 0 330.581 9.65645e-09
1.40669 1.4382 0 331.583 9.48493e-09
1.40669 1.4382 0 332.586 9.31669e-09
1.40669 1.4382 0 333.588 9.15165e-09
1.40669 1.4382 0 334.591 8.98975e-09
1.40669 1.4382 0 335.593 8.83093e-09
1.40669 1.4382 0 336.596 8.67511e-09
1.40669 1.4382 0 337.598 8.52224e-09
1.40669 1.4382 0 338.601 8.37225e-09
1.40669 1.4382 0 339.603 8.22509e-09
1.40669 1.4382 0 340.605 8.0807e-09
1.40669 1.4382 0 341.608 7.93901e-09
1.40669 1.4382 0 342.61 7.79999e-09
1.40669 1.4382 0 343.613 7.66356e-09
1.40669 1.4382 0 344.615 7.52968e-09
1.40669 1.4382 0 345.618 7.39829e-09
1.40669 1.4382 0 346.62 7.26935e-09
1.40669 1.4382 0 347.623 7.1428e-09
1.40669 1.4382 0 348.625 7.0186e-09
1.40669 1.4382 0 349.628 6.8967e-09
1.40669 1.4382 0 350.63 6.77706e-09
1.40669 1.4382 0 351.633 6.65961e-09
1.40669 1.4382 0 352.635 6.54434e-09
1.40669 1.4382 0 353.638 6.43118e-09
1.40669 1.4382 0 354.64 6.3201e-09
1.40669 1.4382 0 355.643 6.21106e-09
1.40669 1.4382 0 356.645 6.10401e-09
1.40669 1.4382 0 357.648 5.99891e-09
1.40669 1.4382 0 358.65 5.89574e-09
1.40669 1.4382 0 359.653 5.79444e-09
1.40669 1.4382 0 360.655 5.69499e-09
1.40669 1.4382 0 361.658 5.59734e-09
1.40669 1.4382 0 362.66 5.50146e-09
1.40669 1.4382 0 363.663 5.40732e-09
1.40669 1.4382 0 364.665 5.31488e-09
1.40669 1.4382 0 365.668 5.2241e-09
1.40669 1.4382 0 366.67 5.13497e-09
1.40669 1.4382 0 367.672 5.04744e-09
1.40669 1.4382 0 368.675 4.96148e-09
1.40669 1.4382 0 369.677 4.87706e-09
1.40669 1.4382 0 370.68 4.79416e-09
1.40669 1.4382 0 371.682 4.71274e-09
1.40669 1.4382 0 372.685 4.63277e-09
1.40669 1.4382 0 373.687 4.55423e-09
1.40669 1.4382 0 374.69 4.4771e-09
1.40669 1.4382 0 375.692 4.40133e-09
1.40669 1.4382 0 376.695 4.32691e-09
1.40669 1.4382 0 377.697 4.25381e-09
1.40669 1.4382 0 378.7 4.18201e-09
1.40669 1.4382 0 379.702 4.11148e-09
1.40669 1.4382 0 380.705 4.0422e-09
1.40669 1.4382 0 381.707 3.97414e-09
1.40669 1.4382 0 382.71 3.90728e-09
1.40669 1.4382 0 383.712 3.8416e-09
1.40669 1.4382 0 384.715 3.77707e-09
1.40669 1.4382 0 385.717 3.71368e-09
1.40669 1.4382 0 386.72 3.6514e-09
1.40669 1.4382 0 387.722 3.59021e-09
1.40669 1.4382 0 388.725 3.53009e-09
1.40669 1.4382 0 389.727 3.47102e-09
1.40669 1.4382 0 390.73 3.41299e-09
1.40669 1.4382 0 391.732 3.35597e-09
1.40669 1.4382 0 392.735 3.29994e-09
1.40669 1.4382 0 393.737 3.24488e-09
1.40669 1.4382 0 394.739 3.19079e-09
1.40669 1.4382 0 395.742 3.13763e-09
1.40669 1.4382 0 396.744 3.0854e-09
1.40669 1.4382 0 397.747 3.03407e-09
1.40669 1.4382 0 398.749 2.98363e-09
1.40669 1.4382 0 399.752 2.93406e-09
1.40669 1.4382 0 400.754 2.88535e-09
1.40669 1.4382 0 401.757 2.83748e-09
1.40669 1.4382 0 402.759 2.79043e-09
1.40669 1.4382 0 403.762 2.74419e-09
1.40669 1.4382 0 404.764 2.69875e-09
1.40669 1.4382 0 405.767 2.65409e-09
1.40669 1.4382 0 406.769 2.6102e-09
1.40669 1.4382 0 407.772 2.56706e-09
1.40669 1.4382 0 408.774 2.52466e-09
1.40669 1.4382 0 409.777 2.48298e-09
1.40669 1.4382 0 410.779 2.44202e-09
1.40669 1.4382 0 411.782 2.40175e-09
1.40669 1.4382 0 412.784 2.36218e-09
1.40669 1.4382 0 413.787 2.32328e-09
1.40669 1.4382 0 414.789 2.28504e-09
1.40669 1.4382 0 415.792 2.24745e-09
1.40669 1.4382 0 416.794 2.2105e-09
1.40669 1.4382 0 417.797 2.17418e-09
1.40669 1.4382 0 418.799 2.13848e-09
1.40669 1.4382 0 419.802 2.10338e-09
1.40669 1.4382 0 420.804 2.06888e-09
1.40669 1.4382 0 421.806 2.03496e-09
1.40669 1.4382 0 422.809 2.00161e-09
1.40669 1.4382 0 423.811 1.96883e-09
1.40669 1.4382 0 424.814 1.9366e-09
1.40669 1.4382 0 425.816 1.90492e-09
1.40669 1.4382 0 426.819 1.87377e-09
1.40669 1.4382 0 427.821 1.84314e-09
1.40669 1.4382 0 428.824 1.81303e-09
1.40669 1.4382 0 429.826 1.78343e-09
1.40669 1.4382 0 430.829 1.75432e-09
1.40669 1.4382 0 431.831 1.72571e-09
1.40669 1.4382 0 432.834 1.69757e-09
1.40669 1.4382 0 433.836 1.66991e-09
1.40669 1.4382 0 434.839 1.64271e-09
1.40669 1.4382 0 435.841 1.61596e-09
1.40669 1.4382 0 436.844 1.58966e-09
1.40669 1.4382 0 437.846 1.5638e-09
1.40669 1.4382 0 438.849 1.53838e-09
1.40669 1.4382 0 439.851 1.51337e-09
1.40669 1.4382 0 440.854 1.48879e-09
1.40669 1.4382 0 441.856 1.46461e-09
1.40669 1.4382 0 442.859 1.44084e-09
1.40669 1.4382 0 443.861 1.41747e-09
1.40669 1.4382 0 444.864 1.39448e-09
1.40669 1.4382 0 445.866 1.37187e-09
1.40669 1.4382 0 446.868 1.34964e-09
1.40669 1.4382 0 447.871 1.32778e-09
1.40669 1.4382 0 448.873 1.30629e-09
1.40669 1.4382 0 449.876 1.28514e-09
1.40669 1.4382 0 450.878 1.26435e-09
1.40669 1.4382 0 451.881 1.24391e-09
1.40669 1.4382 0 452.883 1.2238e-09
1.40669 1.4382 0 453.886 1.20402e-09
1.40669 1.4382 0 454.888 1.18458e-09
1.40669 1.4382 0 455.891 1.16545e-09
1.40669 1.4382 0 456.893 1.14664e-09
1.40669 1.4382 0 457.896 1.12814e-09
1.40669 1.4382 0 458.898 1.10994e-09
1.40669 1.4382 0 459.901 1.09204e-09
1.40669 1.4382 0 460.903 1.07444e-09
1.40669 1.4382 0 461.906 1.05713e-09
1.40669 1.4382 0 462.908 1.04011e-09
1.40669 1.4382 0 463.911 1.02336e-09
1.40669 1.4382 0 464.913 1.00689e-09
1.40669 1.4382 0 465.916 9.90688e-10
1.40669 1.4382 0 466.918 9.74754e-10
1.40669 1.4382 0 467.921 9.59081e-10
1.40669 1.4382 0 468.923 9.43665e-10
1.40669 1.4382 0 469.926 9.28502e-10
1.40669 1.4382 0 470.928 9.13587e-10
1.40669 1.4382 0 471.931 8.98917e-10
1.40669 1.4382 0 472.933 8.84487e-10
1.40669 1.4382 0 473.935 8.70293e-10
1.40669 1.4382 0 474.938 8.56331e-10
1.40669 1.4382 0 475.94 8.42597e-10
1.40669 1.4382 0 476.943 8.29087e-10
1.40669 1.4382 0 477.945 8.15798e-10
1.40669 1.4382 0 478.948 8.02726e-10
1.40669 1.4382 0 479.95 7.89867e-10
1.40669 1.4382 0 480.953 7.77218e-10
1.40669 1.4382 0 481.955 7.64775e-10
1.40669 1.4382 0 482.958 7.52535e-10
1.40669 1.4382 0 483.96 7.40494e-10
1.40669 1.4382 0 484.963 7.28649e-10
1.40669 1.4382 0 485.965 7.16997e-10
1.40669 1.4382 0 486.968 7.05534e-10
1.40669 1.4382 0 487.97 6.94258e-10
1.40669 1.4382 0 488.973 6.83165e-10
1.40669 1.4382 0 489.975 6.72252e-10
1.40669 1.4382 0 490.978 6.61516e-10
1.40669 1.4382 0 491.98 6.50954e-10
1.40669 1.4382 0 492.983 6.40564e-10
1.40669 1.4382 0 493.985 6.30342e-10
1.40669 1.4382 0 494.988 6.20286e-10
1.40669 1.4382 0 495.99 6.10392e-10
1.40669 1.4382 0 496.993 6.00659e-10
1.40669 1.4382 0 497.995 5.91084e-10
1.40669 1.4382 0 498.998 5.81663e-10
1.40669 1.4382 0 500 5.72395e-10

