1.85229 1.4382 200 150.015 3.82407e-05
1.85229 1.4382 200 151.017 6.83809e-05
1.85229 1.4382 200 152.02 6.90817e-05
1.85229 1.4382 200 153.022 6.62892e-05
1.85229 1.4382 200 154.025 6.33116e-05
1.85229 1.4382 200 155.027 6.04533e-05
1.85229 1.4382 200 156.03 5.77361e-05
1.85229 1.4382 200 157.032 5.51549e-05
1.85229 1.4382 200 158.035 5.27019e-05
1.85229 1.4382 200 159.037 5.03701e-05
1.85229 1.4382 200 160.04 4.81527e-05
1.85229 1.4382 200 161.042 4.60434e-05
1.85229 1.4382 200 162.045 4.40364e-05
1.85229 1.4382 200 163.047 4.21261e-05
1.85229 1.4382 200 164.05 4.03073e-05
1.85229 1.4382 200 165.052 3.85753e-05
1.85229 1.4382 200 166.054 3.69254e-05
1.85229 1.4382 200 167.057 3.53534e-05
1.85229 1.4382 200 168.059 3.38551e-05
1.85229 1.4382 200 169.062 3.24269e-05
1.85229 1.4382 200 170.064 3.1065e-05
1.85229 1.4382 200 171.067 2.9766e-05
1.85229 1.4382 200 172.069 2.85269e-05
1.85229 1.4382 200 173.072 2.73446e-05
1.85229 1.4382 200 174.074 2.62161e-05
1.85229 1.4382 200 175.077 2.51389e-05
1.85229 1.4382 200 176.079 2.41103e-05
1.85229 1.4382 200 177.082 2.31281e-05
1.85229 1.4382 200 178.084 2.21898e-05
1.85229 1.4382 200 179.087 2.12933e-05
1.85229 1.4382 200 180.089 2.04366e-05
1.85229 1.4382 200 181.092 1.96178e-05
1.85229 1.4382 200 182.094 1.88351e-05
1.85229 1.4382 200 183.096 1.80866e-05
1.85229 1.4382 200 184.099 1.73708e-05
1.85229 1.4382 200 185.101 1.66862e-05
1.85229 1.4382 200 186.104 1.60311e-05
1.85229 1.4382 200 187.106 1.54043e-05
1.85229 1.4382 200 188.109 1.48045e-05
1.85229 1.4382 200 189.111 1.42302e-05
1.85229 1.4382 200 190.114 1.36805e-05
1.85229 1.4382 200 191.116 1.3154e-05
1.85229 1.4382 200 192.119 1.26498e-05
1.85229 1.4382 200 193.121 1.21669e-05
1.85229 1.4382 200 194.124 1.17041e-05
1.85229 1.4382 200 195.126 1.12607e-05
1.85229 1.4382 200 196.129 1.08358e-05
1.85229 1.4382 200 197.131 1.04285e-05
1.85229 1.4382 200 198.133 1.00379e-05
1.85229 1.4382 200 199.136 9.66349e-06
1.85229 1.4382 200 200.138 9.30438e-06
1.85229 1.4382 200 201.141 8.95994e-06
1.85229 1.4382 200 202.143 8.6295e-06
1.85229 1.4382 200 203.146 8.31244e-06
1.85229 1.4382 200 204.148 8.00819e-06
1.85229 1.4382 200 205.151 7.71617e-06
1.85229 1.4382 200 206.153 7.43586e-06
1.85229 1.4382 200 207.156 7.16673e-06
1.85229 1.4382 200 208.158 6.90831e-06
1.85229 1.4382 200 209.161 6.66013e-06
1.85229 1.4382 200 210.163 6.42174e-06
1.85229 1.4382 200 211.166 6.19274e-06
1.85229 1.4382 200 212.168 5.97271e-06
1.85229 1.4382 200 213.171 5.76127e-06
1.85229 1.4382 200 214.173 5.55806e-06
1.85229 1.4382 200 215.175 5.36273e-06
1.85229 1.4382 200 216.178 5.17495e-06
1.85229 1.4382 200 217.18 4.99439e-06
1.85229 1.4382 200 218.183 4.82076e-06
1.85229 1.4382 200 219.185 4.65377e-06
1.85229 1.4382 200 220.188 4.49313e-06
1.85229 1.4382 200 221.19 4.33859e-06
1.85229 1.4382 200 222.193 4.18989e-06
1.85229 1.4382 200 223.195 4.04679e-06
1.85229 1.4382 200 224.198 3.90907e-06
1.85229 1.4382 200 225.2 3.7765e-06
1.85229 1.4382 200 226.203 3.64887e-06
1.85229 1.4382 200 227.205 3.52598e-06
1.85229 1.4382 200 228.208 3.40764e-06
1.85229 1.4382 200 229.21 3.29367e-06
1.85229 1.4382 200 230.212 3.18388e-06
1.85229 1.4382 200 231.215 3.07812e-06
1.85229 1.4382 200 232.217 2.97621e-06
1.85229 1.4382 200 233.22 2.87801e-06
1.85229 1.4382 200 234.222 2.78337e-06
1.85229 1.4382 200 235.225 2.69215e-06
1.85229 1.4382 200 236.227 2.60422e-06
1.85229 1.4382 200 237.23 2.51943e-06
1.85229 1.4382 200 238.232 2.43768e-06
1.85229 1.4382 200 239.235 2.35884e-06
1.85229 1.4382 200 240.237 2.2828e-06
1.85229 1.4382 200 241.24 2.20945e-06
1.85229 1.4382 200 242.242 2.13869e-06
1.85229 1.4382 200 243.245 2.07041e-06
1.85229 1.4382 200 244.247 2.00453e-06
1.85229 1.4382 200 245.25 1.94094e-06
1.85229 1.4382 200 246.252 1.87957e-06
1.85229 1.4382 200 247.254 1.82032e-06
1.85229 1.4382 200 248.257 1.76312e-06
1.85229 1.4382 200 249.259 1.70789e-06
1.85229 1.4382 200 250.262 1.65456e-06
1.85229 1.4382 200 251.264 1.60305e-06
1.85229 1.4382 200 252.267 1.55329e-06
1.85229 1.4382 200 253.269 1.50523e-06
1.85229 1.4382 200 254.272 1.4588e-06
1.85229 1.4382 200 255.274 1.41393e-06
1.85229 1.4382 200 256.277 1.37057e-06
1.85229 1.4382 200 257.279 1.32867e-06
1.85229 1.4382 200 258.282 1.28816e-06
1.85229 1.4382 200 259.284 1.24901e-06
1.85229 1.4382 200 260.287 1.21116e-06
1.85229 1.4382 200 261.289 1.17456e-06
1.85229 1.4382 200 262.291 1.13917e-06
1.85229 1.4382 200 263.294 1.10494e-06
1.85229 1.4382 200 264.296 1.07183e-06
1.85229 1.4382 200 265.299 1.03981e-06
1.85229 1.4382 200 266.301 1.00883e-06
1.85229 1.4382 200 267.304 9.78855e-07
1.85229 1.4382 200 268.306 9.49851e-07
1.85229 1.4382 200 269.309 9.21784e-07
1.85229 1.4382 200 270.311 8.9462e-07
1.85229 1.4382 200 271.314 8.68328e-07
1.85229 1.4382 200 272.316 8.42876e-07
1.85229 1.4382 200 273.319 8.18236e-07
1.85229 1.4382 200 274.321 7.9438e-07
1.85229 1.4382 200 275.324 7.71279e-07
1.85229 1.4382 200 276.326 7.48908e-07
1.85229 1.4382 200 277.329 7.27242e-07
1.85229 1.4382 200 278.331 7.06256e-07
1.85229 1.4382 200 279.333 6.85928e-07
1.85229 1.4382 200 280.336 6.66234e-07
1.85229 1.4382 200 281.338 6.47153e-07
1.85229 1.4382 200 282.341 6.28665e-07
1.85229 1.4382 200 283.343 6.10749e-07
1.85229 1.4382 200 284.346 5.93386e-07
1.85229 1.4382 200 285.348 5.76557e-07
1.85229 1.4382 200 286.351 5.60244e-07
1.85229 1.4382 200 287.353 5.44431e-07
1.85229 1.4382 200 288.356 5.291e-07
1.85229 1.4382 200 289.358 5.14236e-07
1.85229 1.4382 200 290.361 4.99822e-07
1.85229 1.4382 200 291.363 4.85845e-07
1.85229 1.4382 200 292.366 4.7229e-07
1.85229 1.4382 200 293.368 4.59142e-07
1.85229 1.4382 200 294.37 4.46389e-07
1.85229 1.4382 200 295.373 4.34018e-07
1.85229 1.4382 200 296.375 4.22016e-07
1.85229 1.4382 200 297.378 4.10372e-07
1.85229 1.4382 200 298.38 3.99073e-07
1.85229 1.4382 200 299.383 3.88109e-07
1.85229 1.4382 200 300.385 3.77468e-07
1.85229 1.4382 200 301.388 3.67141e-07
1.85229 1.4382 200 302.39 3.57118e-07
1.85229 1.4382 200 303.393 3.47388e-07
1.85229 1.4382 200 304.395 3.37943e-07
1.85229 1.4382 200 305.398 3.28773e-07
1.85229 1.4382 200 306.4 3.19871e-07
1.85229 1.4382 200 307.403 3.11226e-07
1.85229 1.4382 200 308.405 3.02832e-07
1.85229 1.4382 200 309.408 2.9468e-07
1.85229 1.4382 200 310.41 2.86763e-07
1.85229 1.4382 200 311.412 2.79073e-07
1.85229 1.4382 200 312.415 2.71604e-07
1.85229 1.4382 200 313.417 2.64348e-07
1.85229 1.4382 200 314.42 2.573e-07
1.85229 1.4382 200 315.422 2.50452e-07
1.85229 1.4382 200 316.425 2.43798e-07
1.85229 1.4382 200 317.427 2.37333e-07
1.85229 1.4382 200 318.43 2.31051e-07
1.85229 1.4382 200 319.432 2.24946e-07
1.85229 1.4382 200 320.435 2.19013e-07
1.85229 1.4382 200 321.437 2.13247e-07
1.85229 1.4382 200 322.44 2.07642e-07
1.85229 1.4382 200 323.442 2.02194e-07
1.85229 1.4382 200 324.445 1.96897e-07
1.85229 1.4382 200 325.447 1.91749e-07
1.85229 1.4382 200 326.449 1.86743e-07
1.85229 1.4382 200 327.452 1.81876e-07
1.85229 1.4382 200 328.454 1.77143e-07
1.85229 1.4382 200 329.457 1.72541e-07
1.85229 1.4382 200 330.459 1.68066e-07
1.85229 1.4382 200 331.462 1.63714e-07
1.85229 1.4382 200 332.464 1.59481e-07
1.85229 1.4382 200 333.467 1.55365e-07
1.85229 1.4382 200 334.469 1.5136e-07
1.85229 1.4382 200 335.472 1.47465e-07
1.85229 1.4382 200 336.474 1.43676e-07
1.85229 1.4382 200 337.477 1.3999e-07
1.85229 1.4382 200 338.479 1.36403e-07
1.85229 1.4382 200 339.482 1.32914e-07
1.85229 1.4382 200 340.484 1.29519e-07
1.85229 1.4382 200 341.487 1.26215e-07
1.85229 1.4382 200 342.489 1.23001e-07
1.85229 1.4382 200 343.491 1.19872e-07
1.85229 1.4382 200 344.494 1.16828e-07
1.85229 1.4382 200 345.496 1.13865e-07
1.85229 1.4382 200 346.499 1.10981e-07
1.85229 1.4382 200 347.501 1.08174e-07
1.85229 1.4382 200 348.504 1.05442e-07
1.85229 1.4382 200 349.506 1.02782e-07
1.85229 1.4382 200 350.509 1.00193e-07
1.85229 1.4382 200 351.511 9.7672e-08
1.85229 1.4382 200 352.514 9.52179e-08
1.85229 1.4382 200 353.516 9.28286e-08
1.85229 1.4382 200 354.519 9.05022e-08
1.85229 1.4382 200 355.521 8.8237e-08
1.85229 1.4382 200 356.524 8.60312e-08
1.85229 1.4382 200 357.526 8.38833e-08
1.85229 1.4382 200 358.528 8.17916e-08
1.85229 1.4382 200 359.531 7.97545e-08
1.85229 1.4382 200 360.533 7.77705e-08
1.85229 1.4382 200 361.536 7.58382e-08
1.85229 1.4382 200 362.538 7.39562e-08
1.85229 1.4382 200 363.541 7.2123e-08
1.85229 1.4382 200 364.543 7.03373e-08
1.85229 1.4382 200 365.546 6.85978e-08
1.85229 1.4382 200 366.548 6.69033e-08
1.85229 1.4382 200 367.551 6.52525e-08
1.85229 1.4382 200 368.553 6.36442e-08
1.85229 1.4382 200 369.556 6.20773e-08
1.85229 1.4382 200 370.558 6.05507e-08
1.85229 1.4382 200 371.561 5.90632e-08
1.85229 1.4382 200 372.563 5.76139e-08
1.85229 1.4382 200 373.566 5.62016e-08
1.85229 1.4382 200 374.568 5.48254e-08
1.85229 1.4382 200 375.57 5.34842e-08
1.85229 1.4382 200 376.573 5.21773e-08
1.85229 1.4382 200 377.575 5.09036e-08
1.85229 1.4382 200 378.578 4.96622e-08
1.85229 1.4382 200 379.58 4.84524e-08
1.85229 1.4382 200 380.583 4.72732e-08
1.85229 1.4382 200 381.585 4.61238e-08
1.85229 1.4382 200 382.588 4.50035e-08
1.85229 1.4382 200 383.59 4.39114e-08
1.85229 1.4382 200 384.593 4.28469e-08
1.85229 1.4382 200 385.595 4.18092e-08
1.85229 1.4382 200 386.598 4.07975e-08
1.85229 1.4382 200 387.6 3.98113e-08
1.85229 1.4382 200 388.603 3.88498e-08
1.85229 1.4382 200 389.605 3.79124e-08
1.85229 1.4382 200 390.607 3.69984e-08
1.85229 1.4382 200 391.61 3.61073e-08
1.85229 1.4382 200 392.612 3.52384e-08
1.85229 1.4382 200 393.615 3.43912e-08
1.85229 1.4382 200 394.617 3.35651e-08
1.85229 1.4382 200 395.62 3.27595e-08
1.85229 1.4382 200 396.622 3.19739e-08
1.85229 1.4382 200 397.625 3.12078e-08
1.85229 1.4382 200 398.627 3.04607e-08
1.85229 1.4382 200 399.63 2.97321e-08
1.85229 1.4382 200 400.632 2.90216e-08
1.85229 1.4382 200 401.635 2.83286e-08
1.85229 1.4382 200 402.637 2.76526e-08
1.85229 1.4382 200 403.64 2.69934e-08
1.85229 1.4382 200 404.642 2.63504e-08
1.85229 1.4382 200 405.645 2.57232e-08
1.85229 1.4382 200 406.647 2.51114e-08
1.85229 1.4382 200 407.649 2.45146e-08
1.85229 1.4382 200 408.652 2.39324e-08
1.85229 1.4382 200 409.654 2.33646e-08
1.85229 1.4382 200 410.657 2.28106e-08
1.85229 1.4382 200 411.659 2.22701e-08
1.85229 1.4382 200 412.662 2.17429e-08
1.85229 1.4382 200 413.664 2.12285e-08
1.85229 1.4382 200 414.667 2.07267e-08
1.85229 1.4382 200 415.669 2.02371e-08
1.85229 1.4382 200 416.672 1.97594e-08
1.85229 1.4382 200 417.674 1.92933e-08
1.85229 1.4382 200 418.677 1.88385e-08
1.85229 1.4382 200 419.679 1.83947e-08
1.85229 1.4382 200 420.682 1.79618e-08
1.85229 1.4382 200 421.684 1.75392e-08
1.85229 1.4382 200 422.686 1.7127e-08
1.85229 1.4382 200 423.689 1.67246e-08
1.85229 1.4382 200 424.691 1.6332e-08
1.85229 1.4382 200 425.694 1.59489e-08
1.85229 1.4382 200 426.696 1.5575e-08
1.85229 1.4382 200 427.699 1.52101e-08
1.85229 1.4382 200 428.701 1.4854e-08
1.85229 1.4382 200 429.704 1.45065e-08
1.85229 1.4382 200 430.706 1.41673e-08
1.85229 1.4382 200 431.709 1.38362e-08
1.85229 1.4382 200 432.711 1.35131e-08
1.85229 1.4382 200 433.714 1.31978e-08
1.85229 1.4382 200 434.716 1.28899e-08
1.85229 1.4382 200 435.719 1.25895e-08
1.85229 1.4382 200 436.721 1.22962e-08
1.85229 1.4382 200 437.724 1.201e-08
1.85229 1.4382 200 438.726 1.17305e-08
1.85229 1.4382 200 439.728 1.14578e-08
1.85229 1.4382 200 440.731 1.11915e-08
1.85229 1.4382 200 441.733 1.09316e-08
1.85229 1.4382 200 442.736 1.06778e-08
1.85229 1.4382 200 443.738 1.04301e-08
1.85229 1.4382 200 444.741 1.01883e-08
1.85229 1.4382 200 445.743 9.9522e-09
1.85229 1.4382 200 446.746 9.72171e-09
1.85229 1.4382 200 447.748 9.49669e-09
1.85229 1.4382 200 448.751 9.27701e-09
1.85229 1.4382 200 449.753 9.06252e-09
1.85229 1.4382 200 450.756 8.8531e-09
1.85229 1.4382 200 451.758 8.64864e-09
1.85229 1.4382 200 452.761 8.449e-09
1.85229 1.4382 200 453.763 8.25408e-09
1.85229 1.4382 200 454.765 8.06375e-09
1.85229 1.4382 200 455.768 7.87792e-09
1.85229 1.4382 200 456.77 7.69645e-09
1.85229 1.4382 200 457.773 7.51926e-09
1.85229 1.4382 200 458.775 7.34624e-09
1.85229 1.4382 200 459.778 7.17729e-09
1.85229 1.4382 200 460.78 7.0123e-09
1.85229 1.4382 200 461.783 6.85119e-09
1.85229 1.4382 200 462.785 6.69386e-09
1.85229 1.4382 200 463.788 6.54022e-09
1.85229 1.4382 200 464.79 6.39018e-09
1.85229 1.4382 200 465.793 6.24365e-09
1.85229 1.4382 200 466.795 6.10055e-09
1.85229 1.4382 200 467.798 5.9608e-09
1.85229 1.4382 200 468.8 5.82431e-09
1.85229 1.4382 200 469.803 5.69101e-09
1.85229 1.4382 200 470.805 5.56083e-09
1.85229 1.4382 200 471.807 5.43368e-09
1.85229 1.4382 200 472.81 5.3095e-09
1.85229 1.4382 200 473.812 5.18821e-09
1.85229 1.4382 200 474.815 5.06974e-09
1.85229 1.4382 200 475.817 4.95403e-09
1.85229 1.4382 200 476.82 4.84102e-09
1.85229 1.4382 200 477.822 4.73063e-09
1.85229 1.4382 200 478.825 4.62281e-09
1.85229 1.4382 200 479.827 4.51749e-09
1.85229 1.4382 200 480.83 4.41461e-09
1.85229 1.4382 200 481.832 4.31412e-09
1.85229 1.4382 200 482.835 4.21597e-09
1.85229 1.4382 200 483.837 4.12008e-09
1.85229 1.4382 200 484.84 4.02642e-09
1.85229 1.4382 200 485.842 3.93492e-09
1.85229 1.4382 200 486.844 3.84554e-09
1.85229 1.4382 200 487.847 3.75823e-09
1.85229 1.4382 200 488.849 3.67293e-09
1.85229 1.4382 200 489.852 3.58961e-09
1.85229 1.4382 200 490.854 3.50821e-09
1.85229 1.4382 200 491.857 3.42868e-09
1.85229 1.4382 200 492.859 3.35099e-09
1.85229 1.4382 200 493.862 3.27509e-09
1.85229 1.4382 200 494.864 3.20094e-09
1.85229 1.4382 200 495.867 3.1285e-09
1.85229 1.4382 200 496.869 3.05773e-09
1.85229 1.4382 200 497.872 2.98858e-09
1.85229 1.4382 200 498.874 2.92102e-09
1.85229 1.4382 200 499.877 2.85501e-09
1.85229 1.4382 200 500.879 2.79053e-09
1.85229 1.4382 200 501.882 2.72752e-09
1.85229 1.4382 200 502.884 2.66595e-09
1.85229 1.4382 200 503.886 2.6058e-09
1.85229 1.4382 200 504.889 2.54703e-09
1.85229 1.4382 200 505.891 2.48961e-09
1.85229 1.4382 200 506.894 2.4335e-09
1.85229 1.4382 200 507.896 2.37867e-09
1.85229 1.4382 200 508.899 2.3251e-09
1.85229 1.4382 200 509.901 2.27275e-09
1.85229 1.4382 200 510.904 2.22161e-09
1.85229 1.4382 200 511.906 2.17163e-09
1.85229 1.4382 200 512.909 2.12279e-09
1.85229 1.4382 200 513.911 2.07507e-09
1.85229 1.4382 200 514.914 2.02843e-09
1.85229 1.4382 200 515.916 1.98286e-09
1.85229 1.4382 200 516.919 1.93833e-09
1.85229 1.4382 200 517.921 1.89481e-09
1.85229 1.4382 200 518.923 1.85229e-09
1.85229 1.4382 200 519.926 1.81073e-09
1.85229 1.4382 200 520.928 1.77012e-09
1.85229 1.4382 200 521.931 1.73044e-09
1.85229 1.4382 200 522.933 1.69165e-09
1.85229 1.4382 200 523.936 1.65375e-09
1.85229 1.4382 200 524.938 1.61671e-09
1.85229 1.4382 200 525.941 1.58051e-09
1.85229 1.4382 200 526.943 1.54513e-09
1.85229 1.4382 200 527.946 1.51056e-09
1.85229 1.4382 200 528.948 1.47677e-09
1.85229 1.4382 200 529.951 1.44375e-09
1.85229 1.4382 200 530.953 1.41147e-09
1.85229 1.4382 200 531.956 1.37993e-09
1.85229 1.4382 200 532.958 1.3491e-09
1.85229 1.4382 200 533.961 1.31897e-09
1.85229 1.4382 200 534.963 1.28952e-09
1.85229 1.4382 200 535.965 1.26074e-09
1.85229 1.4382 200 536.968 1.23261e-09
1.85229 1.4382 200 537.97 1.20511e-09
1.85229 1.4382 200 538.973 1.17824e-09
1.85229 1.4382 200 539.975 1.15197e-09
1.85229 1.4382 200 540.978 1.1263e-09
1.85229 1.4382 200 541.98 1.10121e-09
1.85229 1.4382 200 542.983 1.07668e-09
1.85229 1.4382 200 543.985 1.05271e-09
1.85229 1.4382 200 544.988 1.02927e-09
1.85229 1.4382 200 545.99 1.00637e-09
1.85229 1.4382 200 546.993 9.83979e-10
1.85229 1.4382 200 547.995 9.62094e-10
1.85229 1.4382 200 548.998 9.40703e-10
1.85229 1.4382 200 550 9.19793e-10
