4.9672 1.4382 0 100.01 1.35308e-05
4.9672 1.4382 0 101.012 2.20058e-05
4.9672 1.4382 0 102.015 1.90358e-05
4.9672 1.4382 0 103.017 1.63719e-05
4.9672 1.4382 0 104.02 1.43664e-05
4.9672 1.4382 0 105.022 1.27761e-05
4.9672 1.4382 0 106.025 1.14655e-05
4.9672 1.4382 0 107.027 1.03577e-05
4.9672 1.4382 0 108.03 9.40458e-06
4.9672 1.4382 0 109.032 8.57383e-06
4.9672 1.4382 0 110.035 7.84244e-06
4.9672 1.4382 0 111.037 7.19337e-06
4.9672 1.4382 0 112.04 6.61362e-06
4.9672 1.4382 0 113.042 6.09301e-06
4.9672 1.4382 0 114.045 5.62339e-06
4.9672 1.4382 0 115.047 5.19812e-06
4.9672 1.4382 0 116.05 4.81172e-06
4.9672 1.4382 0 117.052 4.45963e-06
4.9672 1.4382 0 118.055 4.13797e-06
4.9672 1.4382 0 119.057 3.84343e-06
4.9672 1.4382 0 120.06 3.57319e-06
4.9672 1.4382 0 121.062 3.32479e-06
4.9672 1.4382 0 122.065 3.09608e-06
4.9672 1.4382 0 123.067 2.88519e-06
4.9672 1.4382 0 124.07 2.69047e-06
4.9672 1.4382 0 125.072 2.51044e-06
4.9672 1.4382 0 126.075 2.34382e-06
4.9672 1.4382 0 127.077 2.18944e-06
4.9672 1.4382 0 128.079 2.04626e-06
4.9672 1.4382 0 129.082 1.91335e-06
4.9672 1.4382 0 130.084 1.78988e-06
4.9672 1.4382 0 131.087 1.67507e-06
4.9672 1.4382 0 132.089 1.56825e-06
4.9672 1.4382 0 133.092 1.46878e-06
4.9672 1.4382 0 134.094 1.37612e-06
4.9672 1.4382 0 135.097 1.28973e-06
4.9672 1.4382 0 136.099 1.20915e-06
4.9672 1.4382 0 137.102 1.13395e-06
4.9672 1.4382 0 138.104 1.06373e-06
4.9672 1.4382 0 139.107 9.98129e-07
4.9672 1.4382 0 140.109 9.36823e-07
4.9672 1.4382 0 141.112 8.79502e-07
4.9672 1.4382 0 142.114 8.25885e-07
4.9672 1.4382 0 143.117 7.75715e-07
4.9672 1.4382 0 144.119 7.28752e-07
4.9672 1.4382 0 145.122 6.84776e-07
4.9672 1.4382 0 146.124 6.43584e-07
4.9672 1.4382 0 147.127 6.04987e-07
4.9672 1.4382 0 148.129 5.6881e-07
4.9672 1.4382 0 149.132 5.34893e-07
4.9672 1.4382 0 150.134 5.03085e-07
4.9672 1.4382 0 151.137 4.73247e-07
4.9672 1.4382 0 152.139 4.4525e-07
4.9672 1.4382 0 153.142 4.18974e-07
4.9672 1.4382 0 154.144 3.94308e-07
4.9672 1.4382 0 155.146 3.71147e-07
4.9672 1.4382 0 156.149 3.49395e-07
4.9672 1.4382 0 157.151 3.28963e-07
4.9672 1.4382 0 158.154 3.09765e-07
4.9672 1.4382 0 159.156 2.91725e-07
4.9672 1.4382 0 160.159 2.74769e-07
4.9672 1.4382 0 161.161 2.5883e-07
4.9672 1.4382 0 162.164 2.43843e-07
4.9672 1.4382 0 163.166 2.29749e-07
4.9672 1.4382 0 164.169 2.16493e-07
4.9672 1.4382 0 165.171 2.04024e-07
4.9672 1.4382 0 166.174 1.92292e-07
4.9672 1.4382 0 167.176 1.81253e-07
4.9672 1.4382 0 168.179 1.70865e-07
4.9672 1.4382 0 169.181 1.61086e-07
4.9672 1.4382 0 170.184 1.51881e-07
4.9672 1.4382 0 171.186 1.43215e-07
4.9672 1.4382 0 172.189 1.35055e-07
4.9672 1.4382 0 173.191 1.27371e-07
4.9672 1.4382 0 174.194 1.20134e-07
4.9672 1.4382 0 175.196 1.13317e-07
4.9672 1.4382 0 176.199 1.06895e-07
4.9672 1.4382 0 177.201 1.00845e-07
4.9672 1.4382 0 178.204 9.51442e-08
4.9672 1.4382 0 179.206 8.97722e-08
4.9672 1.4382 0 180.208 8.47096e-08
4.9672 1.4382 0 181.211 7.9938e-08
4.9672 1.4382 0 182.213 7.54402e-08
4.9672 1.4382 0 183.216 7.12002e-08
4.9672 1.4382 0 184.218 6.72028e-08
4.9672 1.4382 0 185.221 6.34339e-08
4.9672 1.4382 0 186.223 5.988e-08
4.9672 1.4382 0 187.226 5.65286e-08
4.9672 1.4382 0 188.228 5.33679e-08
4.9672 1.4382 0 189.231 5.03869e-08
4.9672 1.4382 0 190.233 4.7575e-08
4.9672 1.4382 0 191.236 4.49226e-08
4.9672 1.4382 0 192.238 4.24203e-08
4.9672 1.4382 0 193.241 4.00595e-08
4.9672 1.4382 0 194.243 3.78321e-08
4.9672 1.4382 0 195.246 3.57303e-08
4.9672 1.4382 0 196.248 3.3747e-08
4.9672 1.4382 0 197.251 3.18753e-08
4.9672 1.4382 0 198.253 3.01089e-08
4.9672 1.4382 0 199.256 2.84417e-08
4.9672 1.4382 0 200.258 2.68681e-08
4.9672 1.4382 0 201.261 2.53826e-08
4.9672 1.4382 0 202.263 2.39804e-08
4.9672 1.4382 0 203.266 2.26566e-08
4.9672 1.4382 0 204.268 2.14068e-08
4.9672 1.4382 0 205.271 2.02268e-08
4.9672 1.4382 0 206.273 1.91126e-08
4.9672 1.4382 0 207.275 1.80605e-08
4.9672 1.4382 0 208.278 1.7067e-08
4.9672 1.4382 0 209.28 1.61288e-08
4.9672 1.4382 0 210.283 1.52428e-08
4.9672 1.4382 0 211.285 1.4406e-08
4.9672 1.4382 0 212.288 1.36156e-08
4.9672 1.4382 0 213.29 1.2869e-08
4.9672 1.4382 0 214.293 1.21638e-08
4.9672 1.4382 0 215.295 1.14977e-08
4.9672 1.4382 0 216.298 1.08684e-08
4.9672 1.4382 0 217.3 1.02739e-08
4.9672 1.4382 0 218.303 9.71229e-09
4.9672 1.4382 0 219.305 9.18165e-09
4.9672 1.4382 0 220.308 8.68028e-09
4.9672 1.4382 0 221.31 8.20655e-09
4.9672 1.4382 0 222.313 7.75892e-09
4.9672 1.4382 0 223.315 7.33593e-09
4.9672 1.4382 0 224.318 6.93622e-09
4.9672 1.4382 0 225.32 6.55847e-09
4.9672 1.4382 0 226.323 6.20148e-09
4.9672 1.4382 0 227.325 5.8641e-09
4.9672 1.4382 0 228.328 5.54523e-09
4.9672 1.4382 0 229.33 5.24384e-09
4.9672 1.4382 0 230.333 4.95897e-09
4.9672 1.4382 0 231.335 4.68971e-09
4.9672 1.4382 0 232.338 4.43518e-09
4.9672 1.4382 0 233.34 4.19458e-09
4.9672 1.4382 0 234.342 3.96714e-09
4.9672 1.4382 0 235.345 3.75213e-09
4.9672 1.4382 0 236.347 3.54886e-09
4.9672 1.4382 0 237.35 3.35668e-09
4.9672 1.4382 0 238.352 3.17499e-09
4.9672 1.4382 0 239.355 3.00321e-09
4.9672 1.4382 0 240.357 2.84079e-09
4.9672 1.4382 0 241.36 2.68722e-09
4.9672 1.4382 0 242.362 2.54201e-09
4.9672 1.4382 0 243.365 2.4047e-09
4.9672 1.4382 0 244.367 2.27486e-09
4.9672 1.4382 0 245.37 2.15208e-09
4.9672 1.4382 0 246.372 2.03597e-09
4.9672 1.4382 0 247.375 1.92617e-09
4.9672 1.4382 0 248.377 1.82233e-09
4.9672 1.4382 0 249.38 1.72412e-09
4.9672 1.4382 0 250.382 1.63124e-09
4.9672 1.4382 0 251.385 1.5434e-09
4.9672 1.4382 0 252.387 1.46032e-09
4.9672 1.4382 0 253.39 1.38173e-09
4.9672 1.4382 0 254.392 1.3074e-09
4.9672 1.4382 0 255.395 1.2371e-09
4.9672 1.4382 0 256.397 1.1706e-09
4.9672 1.4382 0 257.4 1.10769e-09
4.9672 1.4382 0 258.402 1.04818e-09
4.9672 1.4382 0 259.405 9.91894e-10
4.9672 1.4382 0 260.407 9.38644e-10
4.9672 1.4382 0 261.409 8.88269e-10
4.9672 1.4382 0 262.412 8.40612e-10
4.9672 1.4382 0 263.414 7.95527e-10
4.9672 1.4382 0 264.417 7.52873e-10
4.9672 1.4382 0 265.419 7.12519e-10
4.9672 1.4382 0 266.422 6.74339e-10
4.9672 1.4382 0 267.424 6.38216e-10
4.9672 1.4382 0 268.427 6.04038e-10
4.9672 1.4382 0 269.429 5.717e-10
4.9672 1.4382 0 270.432 5.41102e-10
4.9672 1.4382 0 271.434 5.1215e-10
4.9672 1.4382 0 272.437 4.84755e-10
4.9672 1.4382 0 273.439 4.58832e-10
4.9672 1.4382 0 274.442 4.34303e-10
4.9672 1.4382 0 275.444 4.11091e-10
4.9672 1.4382 0 276.447 3.89126e-10
4.9672 1.4382 0 277.449 3.6834e-10
4.9672 1.4382 0 278.452 3.4867e-10
4.9672 1.4382 0 279.454 3.30055e-10
4.9672 1.4382 0 280.457 3.12439e-10
4.9672 1.4382 0 281.459 2.95767e-10
4.9672 1.4382 0 282.462 2.79988e-10
4.9672 1.4382 0 283.464 2.65056e-10
4.9672 1.4382 0 284.467 2.50923e-10
4.9672 1.4382 0 285.469 2.37547e-10
4.9672 1.4382 0 286.472 2.24887e-10
4.9672 1.4382 0 287.474 2.12905e-10
4.9672 1.4382 0 288.476 2.01564e-10
4.9672 1.4382 0 289.479 1.90829e-10
4.9672 1.4382 0 290.481 1.80669e-10
4.9672 1.4382 0 291.484 1.71052e-10
4.9672 1.4382 0 292.486 1.61949e-10
4.9672 1.4382 0 293.489 1.53332e-10
4.9672 1.4382 0 294.491 1.45176e-10
4.9672 1.4382 0 295.494 1.37455e-10
4.9672 1.4382 0 296.496 1.30146e-10
4.9672 1.4382 0 297.499 1.23228e-10
4.9672 1.4382 0 298.501 1.16679e-10
4.9672 1.4382 0 299.504 1.10479e-10
4.9672 1.4382 0 300.506 1.0461e-10
4.9672 1.4382 0 301.509 9.90535e-11
4.9672 1.4382 0 302.511 9.37935e-11
4.9672 1.4382 0 303.514 8.88139e-11
4.9672 1.4382 0 304.516 8.40996e-11
4.9672 1.4382 0 305.519 7.96365e-11
4.9672 1.4382 0 306.521 7.5411e-11
4.9672 1.4382 0 307.524 7.14106e-11
4.9672 1.4382 0 308.526 6.76231e-11
4.9672 1.4382 0 309.529 6.40372e-11
4.9672 1.4382 0 310.531 6.06422e-11
4.9672 1.4382 0 311.534 5.74277e-11
4.9672 1.4382 0 312.536 5.43842e-11
4.9672 1.4382 0 313.538 5.15025e-11
4.9672 1.4382 0 314.541 4.87741e-11
4.9672 1.4382 0 315.543 4.61906e-11
4.9672 1.4382 0 316.546 4.37445e-11
4.9672 1.4382 0 317.548 4.14283e-11
4.9672 1.4382 0 318.551 3.92351e-11
4.9672 1.4382 0 319.553 3.71585e-11
4.9672 1.4382 0 320.556 3.5192e-11
4.9672 1.4382 0 321.558 3.333e-11
4.9672 1.4382 0 322.561 3.15668e-11
4.9672 1.4382 0 323.563 2.98972e-11
4.9672 1.4382 0 324.566 2.83161e-11
4.9672 1.4382 0 325.568 2.68189e-11
4.9672 1.4382 0 326.571 2.54011e-11
4.9672 1.4382 0 327.573 2.40585e-11
4.9672 1.4382 0 328.576 2.27871e-11
4.9672 1.4382 0 329.578 2.1583e-11
4.9672 1.4382 0 330.581 2.04428e-11
4.9672 1.4382 0 331.583 1.93629e-11
4.9672 1.4382 0 332.586 1.83403e-11
4.9672 1.4382 0 333.588 1.73718e-11
4.9672 1.4382 0 334.591 1.64547e-11
4.9672 1.4382 0 335.593 1.5586e-11
4.9672 1.4382 0 336.596 1.47634e-11
4.9672 1.4382 0 337.598 1.39843e-11
4.9672 1.4382 0 338.601 1.32464e-11
4.9672 1.4382 0 339.603 1.25476e-11
4.9672 1.4382 0 340.605 1.18857e-11
4.9672 1.4382 0 341.608 1.12588e-11
4.9672 1.4382 0 342.61 1.06651e-11
4.9672 1.4382 0 343.613 1.01028e-11
4.9672 1.4382 0 344.615 9.57019e-12
4.9672 1.4382 0 345.618 9.06573e-12
4.9672 1.4382 0 346.62 8.58794e-12
4.9672 1.4382 0 347.623 8.13539e-12
4.9672 1.4382 0 348.625 7.70675e-12
4.9672 1.4382 0 349.628 7.30075e-12
4.9672 1.4382 0 350.63 6.91619e-12
4.9672 1.4382 0 351.633 6.55193e-12
4.9672 1.4382 0 352.635 6.20691e-12
4.9672 1.4382 0 353.638 5.8801e-12
4.9672 1.4382 0 354.64 5.57054e-12
4.9672 1.4382 0 355.643 5.27731e-12
4.9672 1.4382 0 356.645 4.99956e-12
4.9672 1.4382 0 357.648 4.73645e-12
4.9672 1.4382 0 358.65 4.48723e-12
4.9672 1.4382 0 359.653 4.25115e-12
4.9672 1.4382 0 360.655 4.02752e-12
4.9672 1.4382 0 361.658 3.81568e-12
4.9672 1.4382 0 362.66 3.615e-12
4.9672 1.4382 0 363.663 3.42491e-12
4.9672 1.4382 0 364.665 3.24483e-12
4.9672 1.4382 0 365.668 3.07424e-12
4.9672 1.4382 0 366.67 2.91264e-12
4.9672 1.4382 0 367.672 2.75955e-12
4.9672 1.4382 0 368.675 2.61453e-12
4.9672 1.4382 0 369.677 2.47714e-12
4.9672 1.4382 0 370.68 2.34699e-12
4.9672 1.4382 0 371.682 2.22369e-12
4.9672 1.4382 0 372.685 2.10688e-12
4.9672 1.4382 0 373.687 1.99622e-12
4.9672 1.4382 0 374.69 1.89139e-12
4.9672 1.4382 0 375.692 1.79207e-12
4.9672 1.4382 0 376.695 1.69798e-12
4.9672 1.4382 0 377.697 1.60883e-12
4.9672 1.4382 0 378.7 1.52438e-12
4.9672 1.4382 0 379.702 1.44437e-12
4.9672 1.4382 0 380.705 1.36857e-12
4.9672 1.4382 0 381.707 1.29675e-12
4.9672 1.4382 0 382.71 1.22871e-12
4.9672 1.4382 0 383.712 1.16424e-12
4.9672 1.4382 0 384.715 1.10317e-12
4.9672 1.4382 0 385.717 1.0453e-12
4.9672 1.4382 0 386.72 9.90477e-13
4.9672 1.4382 0 387.722 9.38533e-13
4.9672 1.4382 0 388.725 8.89318e-13
4.9672 1.4382 0 389.727 8.42689e-13
4.9672 1.4382 0 390.73 7.98509e-13
4.9672 1.4382 0 391.732 7.5665e-13
4.9672 1.4382 0 392.735 7.16989e-13
4.9672 1.4382 0 393.737 6.7941e-13
4.9672 1.4382 0 394.739 6.43805e-13
4.9672 1.4382 0 395.742 6.10069e-13
4.9672 1.4382 0 396.744 5.78103e-13
4.9672 1.4382 0 397.747 5.47816e-13
4.9672 1.4382 0 398.749 5.19118e-13
4.9672 1.4382 0 399.752 4.91926e-13
4.9672 1.4382 0 400.754 4.66161e-13
4.9672 1.4382 0 401.757 4.41747e-13
4.9672 1.4382 0 402.759 4.18614e-13
4.9672 1.4382 0 403.762 3.96695e-13
4.9672 1.4382 0 404.764 3.75925e-13
4.9672 1.4382 0 405.767 3.56245e-13
4.9672 1.4382 0 406.769 3.37596e-13
4.9672 1.4382 0 407.772 3.19926e-13
4.9672 1.4382 0 408.774 3.03181e-13
4.9672 1.4382 0 409.777 2.87315e-13
4.9672 1.4382 0 410.779 2.7228e-13
4.9672 1.4382 0 411.782 2.58033e-13
4.9672 1.4382 0 412.784 2.44533e-13
4.9672 1.4382 0 413.787 2.3174e-13
4.9672 1.4382 0 414.789 2.19618e-13
4.9672 1.4382 0 415.792 2.0813e-13
4.9672 1.4382 0 416.794 1.97245e-13
4.9672 1.4382 0 417.797 1.86929e-13
4.9672 1.4382 0 418.799 1.77154e-13
4.9672 1.4382 0 419.802 1.67891e-13
4.9672 1.4382 0 420.804 1.59113e-13
4.9672 1.4382 0 421.806 1.50795e-13
4.9672 1.4382 0 422.809 1.42912e-13
4.9672 1.4382 0 423.811 1.35441e-13
4.9672 1.4382 0 424.814 1.28362e-13
4.9672 1.4382 0 425.816 1.21654e-13
4.9672 1.4382 0 426.819 1.15296e-13
4.9672 1.4382 0 427.821 1.09271e-13
4.9672 1.4382 0 428.824 1.03562e-13
4.9672 1.4382 0 429.826 9.81509e-14
4.9672 1.4382 0 430.829 9.30232e-14
4.9672 1.4382 0 431.831 8.81637e-14
4.9672 1.4382 0 432.834 8.35585e-14
4.9672 1.4382 0 433.836 7.91941e-14
4.9672 1.4382 0 434.839 7.5058e-14
4.9672 1.4382 0 435.841 7.11382e-14
4.9672 1.4382 0 436.844 6.74234e-14
4.9672 1.4382 0 437.846 6.39029e-14
4.9672 1.4382 0 438.849 6.05664e-14
4.9672 1.4382 0 439.851 5.74043e-14
4.9672 1.4382 0 440.854 5.44076e-14
4.9672 1.4382 0 441.856 5.15675e-14
4.9672 1.4382 0 442.859 4.88758e-14
4.9672 1.4382 0 443.861 4.63248e-14
4.9672 1.4382 0 444.864 4.39072e-14
4.9672 1.4382 0 445.866 4.16158e-14
4.9672 1.4382 0 446.868 3.94442e-14
4.9672 1.4382 0 447.871 3.73861e-14
4.9672 1.4382 0 448.873 3.54355e-14
4.9672 1.4382 0 449.876 3.35867e-14
4.9672 1.4382 0 450.878 3.18346e-14
4.9672 1.4382 0 451.881 3.0174e-14
4.9672 1.4382 0 452.883 2.86001e-14
4.9672 1.4382 0 453.886 2.71084e-14
4.9672 1.4382 0 454.888 2.56945e-14
4.9672 1.4382 0 455.891 2.43546e-14
4.9672 1.4382 0 456.893 2.30845e-14
4.9672 1.4382 0 457.896 2.18808e-14
4.9672 1.4382 0 458.898 2.07399e-14
4.9672 1.4382 0 459.901 1.96586e-14
4.9672 1.4382 0 460.903 1.86337e-14
4.9672 1.4382 0 461.906 1.76624e-14
4.9672 1.4382 0 462.908 1.67417e-14
4.9672 1.4382 0 463.911 1.5869e-14
4.9672 1.4382 0 464.913 1.50419e-14
4.9672 1.4382 0 465.916 1.4258e-14
4.9672 1.4382 0 466.918 1.35149e-14
4.9672 1.4382 0 467.921 1.28106e-14
4.9672 1.4382 0 468.923 1.21431e-14
4.9672 1.4382 0 469.926 1.15104e-14
4.9672 1.4382 0 470.928 1.09107e-14
4.9672 1.4382 0 471.931 1.03423e-14
4.9672 1.4382 0 472.933 9.80347e-15
4.9672 1.4382 0 473.935 9.29278e-15
4.9672 1.4382 0 474.938 8.80873e-15
4.9672 1.4382 0 475.94 8.34991e-15
4.9672 1.4382 0 476.943 7.91502e-15
4.9672 1.4382 0 477.945 7.5028e-15
4.9672 1.4382 0 478.948 7.11208e-15
4.9672 1.4382 0 479.95 6.74172e-15
4.9672 1.4382 0 480.953 6.39067e-15
4.9672 1.4382 0 481.955 6.05792e-15
4.9672 1.4382 0 482.958 5.74251e-15
4.9672 1.4382 0 483.96 5.44354e-15
4.9672 1.4382 0 484.963 5.16015e-15
4.9672 1.4382 0 485.965 4.89152e-15
4.9672 1.4382 0 486.968 4.6369e-15
4.9672 1.4382 0 487.97 4.39554e-15
4.9672 1.4382 0 488.973 4.16676e-15
4.9672 1.4382 0 489.975 3.9499e-15
4.9672 1.4382 0 490.978 3.74433e-15
4.9672 1.4382 0 491.98 3.54948e-15
4.9672 1.4382 0 492.983 3.36477e-15
4.9672 1.4382 0 493.985 3.18969e-15
4.9672 1.4382 0 494.988 3.02372e-15
4.9672 1.4382 0 495.99 2.8664e-15
4.9672 1.4382 0 496.993 2.71727e-15
4.9672 1.4382 0 497.995 2.57591e-15
4.9672 1.4382 0 498.998 2.4419e-15
4.9672 1.4382 0 500 2.31488e-15

