2.7442 1.4382 0 100.01 2.02769e-05
2.7442 1.4382 0 101.012 3.69805e-05
2.7442 1.4382 0 102.015 3.64417e-05
2.7442 1.4382 0 103.017 3.46028e-05
2.7442 1.4382 0 104.02 3.28457e-05
2.7442 1.4382 0 105.022 3.12087e-05
2.7442 1.4382 0 106.025 2.96798e-05
2.7442 1.4382 0 107.027 2.82479e-05
2.7442 1.4382 0 108.03 2.69043e-05
2.7442 1.4382 0 109.032 2.56415e-05
2.7442 1.4382 0 110.035 2.4453e-05
2.7442 1.4382 0 111.037 2.33333e-05
2.7442 1.4382 0 112.04 2.2277e-05
2.7442 1.4382 0 113.042 2.12797e-05
2.7442 1.4382 0 114.045 2.03373e-05
2.7442 1.4382 0 115.047 1.94458e-05
2.7442 1.4382 0 116.05 1.86019e-05
2.7442 1.4382 0 117.052 1.78024e-05
2.7442 1.4382 0 118.055 1.70445e-05
2.7442 1.4382 0 119.057 1.63253e-05
2.7442 1.4382 0 120.06 1.56426e-05
2.7442 1.4382 0 121.062 1.49939e-05
2.7442 1.4382 0 122.065 1.43773e-05
2.7442 1.4382 0 123.067 1.37908e-05
2.7442 1.4382 0 124.07 1.32325e-05
2.7442 1.4382 0 125.072 1.27009e-05
2.7442 1.4382 0 126.075 1.21944e-05
2.7442 1.4382 0 127.077 1.17115e-05
2.7442 1.4382 0 128.079 1.12509e-05
2.7442 1.4382 0 129.082 1.08114e-05
2.7442 1.4382 0 130.084 1.03918e-05
2.7442 1.4382 0 131.087 9.99096e-06
2.7442 1.4382 0 132.089 9.60796e-06
2.7442 1.4382 0 133.092 9.24182e-06
2.7442 1.4382 0 134.094 8.89164e-06
2.7442 1.4382 0 135.097 8.55661e-06
2.7442 1.4382 0 136.099 8.23595e-06
2.7442 1.4382 0 137.102 7.92891e-06
2.7442 1.4382 0 138.104 7.63483e-06
2.7442 1.4382 0 139.107 7.35305e-06
2.7442 1.4382 0 140.109 7.08296e-06
2.7442 1.4382 0 141.112 6.82401e-06
2.7442 1.4382 0 142.114 6.57565e-06
2.7442 1.4382 0 143.117 6.33737e-06
2.7442 1.4382 0 144.119 6.10871e-06
2.7442 1.4382 0 145.122 5.8892e-06
2.7442 1.4382 0 146.124 5.67843e-06
2.7442 1.4382 0 147.127 5.476e-06
2.7442 1.4382 0 148.129 5.28152e-06
2.7442 1.4382 0 149.132 5.09463e-06
2.7442 1.4382 0 150.134 4.915e-06
2.7442 1.4382 0 151.137 4.7423e-06
2.7442 1.4382 0 152.139 4.57623e-06
2.7442 1.4382 0 153.142 4.4165e-06
2.7442 1.4382 0 154.144 4.26284e-06
2.7442 1.4382 0 155.146 4.11498e-06
2.7442 1.4382 0 156.149 3.97268e-06
2.7442 1.4382 0 157.151 3.83569e-06
2.7442 1.4382 0 158.154 3.70381e-06
2.7442 1.4382 0 159.156 3.57681e-06
2.7442 1.4382 0 160.159 3.4545e-06
2.7442 1.4382 0 161.161 3.33668e-06
2.7442 1.4382 0 162.164 3.22316e-06
2.7442 1.4382 0 163.166 3.11378e-06
2.7442 1.4382 0 164.169 3.00836e-06
2.7442 1.4382 0 165.171 2.90675e-06
2.7442 1.4382 0 166.174 2.80879e-06
2.7442 1.4382 0 167.176 2.71435e-06
2.7442 1.4382 0 168.179 2.62328e-06
2.7442 1.4382 0 169.181 2.53544e-06
2.7442 1.4382 0 170.184 2.45072e-06
2.7442 1.4382 0 171.186 2.369e-06
2.7442 1.4382 0 172.189 2.29015e-06
2.7442 1.4382 0 173.191 2.21408e-06
2.7442 1.4382 0 174.194 2.14066e-06
2.7442 1.4382 0 175.196 2.06981e-06
2.7442 1.4382 0 176.199 2.00142e-06
2.7442 1.4382 0 177.201 1.9354e-06
2.7442 1.4382 0 178.204 1.87166e-06
2.7442 1.4382 0 179.206 1.81013e-06
2.7442 1.4382 0 180.208 1.75071e-06
2.7442 1.4382 0 181.211 1.69333e-06
2.7442 1.4382 0 182.213 1.63791e-06
2.7442 1.4382 0 183.216 1.58439e-06
2.7442 1.4382 0 184.218 1.53269e-06
2.7442 1.4382 0 185.221 1.48275e-06
2.7442 1.4382 0 186.223 1.43449e-06
2.7442 1.4382 0 187.226 1.38788e-06
2.7442 1.4382 0 188.228 1.34283e-06
2.7442 1.4382 0 189.231 1.2993e-06
2.7442 1.4382 0 190.233 1.25724e-06
2.7442 1.4382 0 191.236 1.21658e-06
2.7442 1.4382 0 192.238 1.17729e-06
2.7442 1.4382 0 193.241 1.13931e-06
2.7442 1.4382 0 194.243 1.10259e-06
2.7442 1.4382 0 195.246 1.0671e-06
2.7442 1.4382 0 196.248 1.03279e-06
2.7442 1.4382 0 197.251 9.99614e-07
2.7442 1.4382 0 198.253 9.67538e-07
2.7442 1.4382 0 199.256 9.36522e-07
2.7442 1.4382 0 200.258 9.0653e-07
2.7442 1.4382 0 201.261 8.77526e-07
2.7442 1.4382 0 202.263 8.49477e-07
2.7442 1.4382 0 203.266 8.22349e-07
2.7442 1.4382 0 204.268 7.96111e-07
2.7442 1.4382 0 205.271 7.70733e-07
2.7442 1.4382 0 206.273 7.46184e-07
2.7442 1.4382 0 207.275 7.22438e-07
2.7442 1.4382 0 208.278 6.99466e-07
2.7442 1.4382 0 209.28 6.77242e-07
2.7442 1.4382 0 210.283 6.55742e-07
2.7442 1.4382 0 211.285 6.3494e-07
2.7442 1.4382 0 212.288 6.14814e-07
2.7442 1.4382 0 213.29 5.9534e-07
2.7442 1.4382 0 214.293 5.76496e-07
2.7442 1.4382 0 215.295 5.58262e-07
2.7442 1.4382 0 216.298 5.40617e-07
2.7442 1.4382 0 217.3 5.23541e-07
2.7442 1.4382 0 218.303 5.07016e-07
2.7442 1.4382 0 219.305 4.91023e-07
2.7442 1.4382 0 220.308 4.75544e-07
2.7442 1.4382 0 221.31 4.60563e-07
2.7442 1.4382 0 222.313 4.46063e-07
2.7442 1.4382 0 223.315 4.32028e-07
2.7442 1.4382 0 224.318 4.18443e-07
2.7442 1.4382 0 225.32 4.05292e-07
2.7442 1.4382 0 226.323 3.92563e-07
2.7442 1.4382 0 227.325 3.8024e-07
2.7442 1.4382 0 228.328 3.6831e-07
2.7442 1.4382 0 229.33 3.56761e-07
2.7442 1.4382 0 230.333 3.4558e-07
2.7442 1.4382 0 231.335 3.34756e-07
2.7442 1.4382 0 232.338 3.24275e-07
2.7442 1.4382 0 233.34 3.14128e-07
2.7442 1.4382 0 234.342 3.04304e-07
2.7442 1.4382 0 235.345 2.94791e-07
2.7442 1.4382 0 236.347 2.8558e-07
2.7442 1.4382 0 237.35 2.76662e-07
2.7442 1.4382 0 238.352 2.68025e-07
2.7442 1.4382 0 239.355 2.59663e-07
2.7442 1.4382 0 240.357 2.51564e-07
2.7442 1.4382 0 241.36 2.43722e-07
2.7442 1.4382 0 242.362 2.36128e-07
2.7442 1.4382 0 243.365 2.28773e-07
2.7442 1.4382 0 244.367 2.21651e-07
2.7442 1.4382 0 245.37 2.14753e-07
2.7442 1.4382 0 246.372 2.08073e-07
2.7442 1.4382 0 247.375 2.01603e-07
2.7442 1.4382 0 248.377 1.95336e-07
2.7442 1.4382 0 249.38 1.89267e-07
2.7442 1.4382 0 250.382 1.83389e-07
2.7442 1.4382 0 251.385 1.77695e-07
2.7442 1.4382 0 252.387 1.7218e-07
2.7442 1.4382 0 253.39 1.66839e-07
2.7442 1.4382 0 254.392 1.61664e-07
2.7442 1.4382 0 255.395 1.56653e-07
2.7442 1.4382 0 256.397 1.51798e-07
2.7442 1.4382 0 257.4 1.47095e-07
2.7442 1.4382 0 258.402 1.4254e-07
2.7442 1.4382 0 259.405 1.38127e-07
2.7442 1.4382 0 260.407 1.33852e-07
2.7442 1.4382 0 261.409 1.29711e-07
2.7442 1.4382 0 262.412 1.25699e-07
2.7442 1.4382 0 263.414 1.21813e-07
2.7442 1.4382 0 264.417 1.18048e-07
2.7442 1.4382 0 265.419 1.144e-07
2.7442 1.4382 0 266.422 1.10867e-07
2.7442 1.4382 0 267.424 1.07443e-07
2.7442 1.4382 0 268.427 1.04126e-07
2.7442 1.4382 0 269.429 1.00913e-07
2.7442 1.4382 0 270.432 9.77993e-08
2.7442 1.4382 0 271.434 9.47828e-08
2.7442 1.4382 0 272.437 9.18602e-08
2.7442 1.4382 0 273.439 8.90285e-08
2.7442 1.4382 0 274.442 8.62849e-08
2.7442 1.4382 0 275.444 8.36265e-08
2.7442 1.4382 0 276.447 8.10508e-08
2.7442 1.4382 0 277.449 7.8555e-08
2.7442 1.4382 0 278.452 7.61368e-08
2.7442 1.4382 0 279.454 7.37936e-08
2.7442 1.4382 0 280.457 7.15231e-08
2.7442 1.4382 0 281.459 6.9323e-08
2.7442 1.4382 0 282.462 6.71911e-08
2.7442 1.4382 0 283.464 6.51253e-08
2.7442 1.4382 0 284.467 6.31236e-08
2.7442 1.4382 0 285.469 6.11838e-08
2.7442 1.4382 0 286.472 5.93041e-08
2.7442 1.4382 0 287.474 5.74826e-08
2.7442 1.4382 0 288.476 5.57174e-08
2.7442 1.4382 0 289.479 5.40069e-08
2.7442 1.4382 0 290.481 5.23493e-08
2.7442 1.4382 0 291.484 5.07429e-08
2.7442 1.4382 0 292.486 4.91861e-08
2.7442 1.4382 0 293.489 4.76775e-08
2.7442 1.4382 0 294.491 4.62154e-08
2.7442 1.4382 0 295.494 4.47985e-08
2.7442 1.4382 0 296.496 4.34254e-08
2.7442 1.4382 0 297.499 4.20946e-08
2.7442 1.4382 0 298.501 4.08049e-08
2.7442 1.4382 0 299.504 3.95549e-08
2.7442 1.4382 0 300.506 3.83435e-08
2.7442 1.4382 0 301.509 3.71695e-08
2.7442 1.4382 0 302.511 3.60316e-08
2.7442 1.4382 0 303.514 3.49288e-08
2.7442 1.4382 0 304.516 3.386e-08
2.7442 1.4382 0 305.519 3.2824e-08
2.7442 1.4382 0 306.521 3.182e-08
2.7442 1.4382 0 307.524 3.08469e-08
2.7442 1.4382 0 308.526 2.99037e-08
2.7442 1.4382 0 309.529 2.89895e-08
2.7442 1.4382 0 310.531 2.81035e-08
2.7442 1.4382 0 311.534 2.72447e-08
2.7442 1.4382 0 312.536 2.64123e-08
2.7442 1.4382 0 313.538 2.56055e-08
2.7442 1.4382 0 314.541 2.48234e-08
2.7442 1.4382 0 315.543 2.40654e-08
2.7442 1.4382 0 316.546 2.33307e-08
2.7442 1.4382 0 317.548 2.26186e-08
2.7442 1.4382 0 318.551 2.19283e-08
2.7442 1.4382 0 319.553 2.12592e-08
2.7442 1.4382 0 320.556 2.06106e-08
2.7442 1.4382 0 321.558 1.99819e-08
2.7442 1.4382 0 322.561 1.93725e-08
2.7442 1.4382 0 323.563 1.87818e-08
2.7442 1.4382 0 324.566 1.82092e-08
2.7442 1.4382 0 325.568 1.76541e-08
2.7442 1.4382 0 326.571 1.71161e-08
2.7442 1.4382 0 327.573 1.65945e-08
2.7442 1.4382 0 328.576 1.6089e-08
2.7442 1.4382 0 329.578 1.55989e-08
2.7442 1.4382 0 330.581 1.51238e-08
2.7442 1.4382 0 331.583 1.46633e-08
2.7442 1.4382 0 332.586 1.42168e-08
2.7442 1.4382 0 333.588 1.3784e-08
2.7442 1.4382 0 334.591 1.33645e-08
2.7442 1.4382 0 335.593 1.29578e-08
2.7442 1.4382 0 336.596 1.25635e-08
2.7442 1.4382 0 337.598 1.21813e-08
2.7442 1.4382 0 338.601 1.18108e-08
2.7442 1.4382 0 339.603 1.14516e-08
2.7442 1.4382 0 340.605 1.11034e-08
2.7442 1.4382 0 341.608 1.07658e-08
2.7442 1.4382 0 342.61 1.04385e-08
2.7442 1.4382 0 343.613 1.01212e-08
2.7442 1.4382 0 344.615 9.81366e-09
2.7442 1.4382 0 345.618 9.51547e-09
2.7442 1.4382 0 346.62 9.22638e-09
2.7442 1.4382 0 347.623 8.94612e-09
2.7442 1.4382 0 348.625 8.67441e-09
2.7442 1.4382 0 349.628 8.41099e-09
2.7442 1.4382 0 350.63 8.1556e-09
2.7442 1.4382 0 351.633 7.90801e-09
2.7442 1.4382 0 352.635 7.66797e-09
2.7442 1.4382 0 353.638 7.43524e-09
2.7442 1.4382 0 354.64 7.20961e-09
2.7442 1.4382 0 355.643 6.99086e-09
2.7442 1.4382 0 356.645 6.77878e-09
2.7442 1.4382 0 357.648 6.57316e-09
2.7442 1.4382 0 358.65 6.3738e-09
2.7442 1.4382 0 359.653 6.18051e-09
2.7442 1.4382 0 360.655 5.99311e-09
2.7442 1.4382 0 361.658 5.81142e-09
2.7442 1.4382 0 362.66 5.63526e-09
2.7442 1.4382 0 363.663 5.46447e-09
2.7442 1.4382 0 364.665 5.29887e-09
2.7442 1.4382 0 365.668 5.13831e-09
2.7442 1.4382 0 366.67 4.98264e-09
2.7442 1.4382 0 367.672 4.8317e-09
2.7442 1.4382 0 368.675 4.68535e-09
2.7442 1.4382 0 369.677 4.54346e-09
2.7442 1.4382 0 370.68 4.40588e-09
2.7442 1.4382 0 371.682 4.27248e-09
2.7442 1.4382 0 372.685 4.14314e-09
2.7442 1.4382 0 373.687 4.01773e-09
2.7442 1.4382 0 374.69 3.89613e-09
2.7442 1.4382 0 375.692 3.77823e-09
2.7442 1.4382 0 376.695 3.6639e-09
2.7442 1.4382 0 377.697 3.55306e-09
2.7442 1.4382 0 378.7 3.44557e-09
2.7442 1.4382 0 379.702 3.34136e-09
2.7442 1.4382 0 380.705 3.2403e-09
2.7442 1.4382 0 381.707 3.14232e-09
2.7442 1.4382 0 382.71 3.04731e-09
2.7442 1.4382 0 383.712 2.95518e-09
2.7442 1.4382 0 384.715 2.86585e-09
2.7442 1.4382 0 385.717 2.77923e-09
2.7442 1.4382 0 386.72 2.69524e-09
2.7442 1.4382 0 387.722 2.61379e-09
2.7442 1.4382 0 388.725 2.53482e-09
2.7442 1.4382 0 389.727 2.45824e-09
2.7442 1.4382 0 390.73 2.38398e-09
2.7442 1.4382 0 391.732 2.31198e-09
2.7442 1.4382 0 392.735 2.24216e-09
2.7442 1.4382 0 393.737 2.17445e-09
2.7442 1.4382 0 394.739 2.1088e-09
2.7442 1.4382 0 395.742 2.04513e-09
2.7442 1.4382 0 396.744 1.9834e-09
2.7442 1.4382 0 397.747 1.92353e-09
2.7442 1.4382 0 398.749 1.86548e-09
2.7442 1.4382 0 399.752 1.80919e-09
2.7442 1.4382 0 400.754 1.7546e-09
2.7442 1.4382 0 401.757 1.70166e-09
2.7442 1.4382 0 402.759 1.65033e-09
2.7442 1.4382 0 403.762 1.60055e-09
2.7442 1.4382 0 404.764 1.55228e-09
2.7442 1.4382 0 405.767 1.50547e-09
2.7442 1.4382 0 406.769 1.46007e-09
2.7442 1.4382 0 407.772 1.41605e-09
2.7442 1.4382 0 408.774 1.37336e-09
2.7442 1.4382 0 409.777 1.33196e-09
2.7442 1.4382 0 410.779 1.29182e-09
2.7442 1.4382 0 411.782 1.25289e-09
2.7442 1.4382 0 412.784 1.21513e-09
2.7442 1.4382 0 413.787 1.17852e-09
2.7442 1.4382 0 414.789 1.14301e-09
2.7442 1.4382 0 415.792 1.10858e-09
2.7442 1.4382 0 416.794 1.07519e-09
2.7442 1.4382 0 417.797 1.0428e-09
2.7442 1.4382 0 418.799 1.0114e-09
2.7442 1.4382 0 419.802 9.80944e-10
2.7442 1.4382 0 420.804 9.51409e-10
2.7442 1.4382 0 421.806 9.22765e-10
2.7442 1.4382 0 422.809 8.94987e-10
2.7442 1.4382 0 423.811 8.68048e-10
2.7442 1.4382 0 424.814 8.41923e-10
2.7442 1.4382 0 425.816 8.16586e-10
2.7442 1.4382 0 426.819 7.92014e-10
2.7442 1.4382 0 427.821 7.68184e-10
2.7442 1.4382 0 428.824 7.45073e-10
2.7442 1.4382 0 429.826 7.22659e-10
2.7442 1.4382 0 430.829 7.00922e-10
2.7442 1.4382 0 431.831 6.79841e-10
2.7442 1.4382 0 432.834 6.59396e-10
2.7442 1.4382 0 433.836 6.39568e-10
2.7442 1.4382 0 434.839 6.20338e-10
2.7442 1.4382 0 435.841 6.01687e-10
2.7442 1.4382 0 436.844 5.836e-10
2.7442 1.4382 0 437.846 5.66057e-10
2.7442 1.4382 0 438.849 5.49044e-10
2.7442 1.4382 0 439.851 5.32543e-10
2.7442 1.4382 0 440.854 5.1654e-10
2.7442 1.4382 0 441.856 5.01019e-10
2.7442 1.4382 0 442.859 4.85966e-10
2.7442 1.4382 0 443.861 4.71367e-10
2.7442 1.4382 0 444.864 4.57207e-10
2.7442 1.4382 0 445.866 4.43475e-10
2.7442 1.4382 0 446.868 4.30155e-10
2.7442 1.4382 0 447.871 4.17237e-10
2.7442 1.4382 0 448.873 4.04709e-10
2.7442 1.4382 0 449.876 3.92557e-10
2.7442 1.4382 0 450.878 3.80771e-10
2.7442 1.4382 0 451.881 3.69341e-10
2.7442 1.4382 0 452.883 3.58254e-10
2.7442 1.4382 0 453.886 3.47501e-10
2.7442 1.4382 0 454.888 3.37072e-10
2.7442 1.4382 0 455.891 3.26957e-10
2.7442 1.4382 0 456.893 3.17146e-10
2.7442 1.4382 0 457.896 3.0763e-10
2.7442 1.4382 0 458.898 2.98401e-10
2.7442 1.4382 0 459.901 2.89449e-10
2.7442 1.4382 0 460.903 2.80767e-10
2.7442 1.4382 0 461.906 2.72346e-10
2.7442 1.4382 0 462.908 2.64178e-10
2.7442 1.4382 0 463.911 2.56256e-10
2.7442 1.4382 0 464.913 2.48572e-10
2.7442 1.4382 0 465.916 2.41119e-10
2.7442 1.4382 0 466.918 2.3389e-10
2.7442 1.4382 0 467.921 2.26878e-10
2.7442 1.4382 0 468.923 2.20078e-10
2.7442 1.4382 0 469.926 2.13481e-10
2.7442 1.4382 0 470.928 2.07083e-10
2.7442 1.4382 0 471.931 2.00877e-10
2.7442 1.4382 0 472.933 1.94858e-10
2.7442 1.4382 0 473.935 1.8902e-10
2.7442 1.4382 0 474.938 1.83356e-10
2.7442 1.4382 0 475.94 1.77863e-10
2.7442 1.4382 0 476.943 1.72536e-10
2.7442 1.4382 0 477.945 1.67368e-10
2.7442 1.4382 0 478.948 1.62355e-10
2.7442 1.4382 0 479.95 1.57493e-10
2.7442 1.4382 0 480.953 1.52777e-10
2.7442 1.4382 0 481.955 1.48202e-10
2.7442 1.4382 0 482.958 1.43765e-10
2.7442 1.4382 0 483.96 1.39461e-10
2.7442 1.4382 0 484.963 1.35286e-10
2.7442 1.4382 0 485.965 1.31236e-10
2.7442 1.4382 0 486.968 1.27308e-10
2.7442 1.4382 0 487.97 1.23498e-10
2.7442 1.4382 0 488.973 1.19802e-10
2.7442 1.4382 0 489.975 1.16217e-10
2.7442 1.4382 0 490.978 1.1274e-10
2.7442 1.4382 0 491.98 1.09367e-10
2.7442 1.4382 0 492.983 1.06095e-10
2.7442 1.4382 0 493.985 1.02921e-10
2.7442 1.4382 0 494.988 9.98425e-11
2.7442 1.4382 0 495.99 9.68563e-11
2.7442 1.4382 0 496.993 9.39595e-11
2.7442 1.4382 0 497.995 9.11497e-11
2.7442 1.4382 0 498.998 8.8424e-11
2.7442 1.4382 0 500 8.57801e-11

