0.499803 1.4382 0 100.01 3.56852e-07
0.499803 1.4382 0 101.012 6.37133e-07
0.499803 1.4382 0 102.015 6.22994e-07
0.499803 1.4382 0 103.017 5.96607e-07
0.499803 1.4382 0 104.02 5.75976e-07
0.499803 1.4382 0 105.022 5.59161e-07
0.499803 1.4382 0 106.025 5.44814e-07
0.499803 1.4382 0 107.027 5.32187e-07
0.499803 1.4382 0 108.03 5.20834e-07
0.499803 1.4382 0 109.032 5.10466e-07
0.499803 1.4382 0 110.035 5.00885e-07
0.499803 1.4382 0 111.037 4.9195e-07
0.499803 1.4382 0 112.04 4.83556e-07
0.499803 1.4382 0 113.042 4.75623e-07
0.499803 1.4382 0 114.045 4.6809e-07
0.499803 1.4382 0 115.047 4.60907e-07
0.499803 1.4382 0 116.05 4.54033e-07
0.499803 1.4382 0 117.052 4.47436e-07
0.499803 1.4382 0 118.055 4.41087e-07
0.499803 1.4382 0 119.057 4.34965e-07
0.499803 1.4382 0 120.06 4.29049e-07
0.499803 1.4382 0 121.062 4.23323e-07
0.499803 1.4382 0 122.065 4.17771e-07
0.499803 1.4382 0 123.067 4.12381e-07
0.499803 1.4382 0 124.07 4.07141e-07
0.499803 1.4382 0 125.072 4.02043e-07
0.499803 1.4382 0 126.075 3.97077e-07
0.499803 1.4382 0 127.077 3.92234e-07
0.499803 1.4382 0 128.079 3.87509e-07
0.499803 1.4382 0 129.082 3.82894e-07
0.499803 1.4382 0 130.084 3.78385e-07
0.499803 1.4382 0 131.087 3.73974e-07
0.499803 1.4382 0 132.089 3.69659e-07
0.499803 1.4382 0 133.092 3.65434e-07
0.499803 1.4382 0 134.094 3.61295e-07
0.499803 1.4382 0 135.097 3.57239e-07
0.499803 1.4382 0 136.099 3.53262e-07
0.499803 1.4382 0 137.102 3.49361e-07
0.499803 1.4382 0 138.104 3.45533e-07
0.499803 1.4382 0 139.107 3.41775e-07
0.499803 1.4382 0 140.109 3.38085e-07
0.499803 1.4382 0 141.112 3.34461e-07
0.499803 1.4382 0 142.114 3.30899e-07
0.499803 1.4382 0 143.117 3.27398e-07
0.499803 1.4382 0 144.119 3.23956e-07
0.499803 1.4382 0 145.122 3.2057e-07
0.499803 1.4382 0 146.124 3.1724e-07
0.499803 1.4382 0 147.127 3.13964e-07
0.499803 1.4382 0 148.129 3.10739e-07
0.499803 1.4382 0 149.132 3.07565e-07
0.499803 1.4382 0 150.134 3.0444e-07
0.499803 1.4382 0 151.137 3.01363e-07
0.499803 1.4382 0 152.139 2.98331e-07
0.499803 1.4382 0 153.142 2.95345e-07
0.499803 1.4382 0 154.144 2.92403e-07
0.499803 1.4382 0 155.146 2.89504e-07
0.499803 1.4382 0 156.149 2.86646e-07
0.499803 1.4382 0 157.151 2.83829e-07
0.499803 1.4382 0 158.154 2.81051e-07
0.499803 1.4382 0 159.156 2.78313e-07
0.499803 1.4382 0 160.159 2.75612e-07
0.499803 1.4382 0 161.161 2.72948e-07
0.499803 1.4382 0 162.164 2.7032e-07
0.499803 1.4382 0 163.166 2.67728e-07
0.499803 1.4382 0 164.169 2.6517e-07
0.499803 1.4382 0 165.171 2.62646e-07
0.499803 1.4382 0 166.174 2.60155e-07
0.499803 1.4382 0 167.176 2.57696e-07
0.499803 1.4382 0 168.179 2.55269e-07
0.499803 1.4382 0 169.181 2.52873e-07
0.499803 1.4382 0 170.184 2.50508e-07
0.499803 1.4382 0 171.186 2.48172e-07
0.499803 1.4382 0 172.189 2.45865e-07
0.499803 1.4382 0 173.191 2.43588e-07
0.499803 1.4382 0 174.194 2.41338e-07
0.499803 1.4382 0 175.196 2.39116e-07
0.499803 1.4382 0 176.199 2.36921e-07
0.499803 1.4382 0 177.201 2.34752e-07
0.499803 1.4382 0 178.204 2.3261e-07
0.499803 1.4382 0 179.206 2.30493e-07
0.499803 1.4382 0 180.208 2.28401e-07
0.499803 1.4382 0 181.211 2.26334e-07
0.499803 1.4382 0 182.213 2.24291e-07
0.499803 1.4382 0 183.216 2.22272e-07
0.499803 1.4382 0 184.218 2.20277e-07
0.499803 1.4382 0 185.221 2.18305e-07
0.499803 1.4382 0 186.223 2.16355e-07
0.499803 1.4382 0 187.226 2.14427e-07
0.499803 1.4382 0 188.228 2.12521e-07
0.499803 1.4382 0 189.231 2.10637e-07
0.499803 1.4382 0 190.233 2.08774e-07
0.499803 1.4382 0 191.236 2.06932e-07
0.499803 1.4382 0 192.238 2.05111e-07
0.499803 1.4382 0 193.241 2.03309e-07
0.499803 1.4382 0 194.243 2.01528e-07
0.499803 1.4382 0 195.246 1.99766e-07
0.499803 1.4382 0 196.248 1.98023e-07
0.499803 1.4382 0 197.251 1.96299e-07
0.499803 1.4382 0 198.253 1.94594e-07
0.499803 1.4382 0 199.256 1.92907e-07
0.499803 1.4382 0 200.258 1.91238e-07
0.499803 1.4382 0 201.261 1.89588e-07
0.499803 1.4382 0 202.263 1.87954e-07
0.499803 1.4382 0 203.266 1.86338e-07
0.499803 1.4382 0 204.268 1.8474e-07
0.499803 1.4382 0 205.271 1.83158e-07
0.499803 1.4382 0 206.273 1.81592e-07
0.499803 1.4382 0 207.275 1.80043e-07
0.499803 1.4382 0 208.278 1.7851e-07
0.499803 1.4382 0 209.28 1.76993e-07
0.499803 1.4382 0 210.283 1.75491e-07
0.499803 1.4382 0 211.285 1.74005e-07
0.499803 1.4382 0 212.288 1.72535e-07
0.499803 1.4382 0 213.29 1.71079e-07
0.499803 1.4382 0 214.293 1.69638e-07
0.499803 1.4382 0 215.295 1.68212e-07
0.499803 1.4382 0 216.298 1.668e-07
0.499803 1.4382 0 217.3 1.65402e-07
0.499803 1.4382 0 218.303 1.64018e-07
0.499803 1.4382 0 219.305 1.62649e-07
0.499803 1.4382 0 220.308 1.61292e-07
0.499803 1.4382 0 221.31 1.5995e-07
0.499803 1.4382 0 222.313 1.58621e-07
0.499803 1.4382 0 223.315 1.57304e-07
0.499803 1.4382 0 224.318 1.56001e-07
0.499803 1.4382 0 225.32 1.54711e-07
0.499803 1.4382 0 226.323 1.53433e-07
0.499803 1.4382 0 227.325 1.52168e-07
0.499803 1.4382 0 228.328 1.50915e-07
0.499803 1.4382 0 229.33 1.49674e-07
0.499803 1.4382 0 230.333 1.48445e-07
0.499803 1.4382 0 231.335 1.47228e-07
0.499803 1.4382 0 232.338 1.46023e-07
0.499803 1.4382 0 233.34 1.44829e-07
0.499803 1.4382 0 234.342 1.43647e-07
0.499803 1.4382 0 235.345 1.42476e-07
0.499803 1.4382 0 236.347 1.41316e-07
0.499803 1.4382 0 237.35 1.40168e-07
0.499803 1.4382 0 238.352 1.3903e-07
0.499803 1.4382 0 239.355 1.37903e-07
0.499803 1.4382 0 240.357 1.36786e-07
0.499803 1.4382 0 241.36 1.35681e-07
0.499803 1.4382 0 242.362 1.34585e-07
0.499803 1.4382 0 243.365 1.335e-07
0.499803 1.4382 0 244.367 1.32425e-07
0.499803 1.4382 0 245.37 1.31359e-07
0.499803 1.4382 0 246.372 1.30304e-07
0.499803 1.4382 0 247.375 1.29259e-07
0.499803 1.4382 0 248.377 1.28223e-07
0.499803 1.4382 0 249.38 1.27197e-07
0.499803 1.4382 0 250.382 1.2618e-07
0.499803 1.4382 0 251.385 1.25173e-07
0.499803 1.4382 0 252.387 1.24174e-07
0.499803 1.4382 0 253.39 1.23185e-07
0.499803 1.4382 0 254.392 1.22205e-07
0.499803 1.4382 0 255.395 1.21234e-07
0.499803 1.4382 0 256.397 1.20272e-07
0.499803 1.4382 0 257.4 1.19319e-07
0.499803 1.4382 0 258.402 1.18374e-07
0.499803 1.4382 0 259.405 1.17437e-07
0.499803 1.4382 0 260.407 1.1651e-07
0.499803 1.4382 0 261.409 1.1559e-07
0.499803 1.4382 0 262.412 1.14679e-07
0.499803 1.4382 0 263.414 1.13776e-07
0.499803 1.4382 0 264.417 1.12881e-07
0.499803 1.4382 0 265.419 1.11994e-07
0.499803 1.4382 0 266.422 1.11115e-07
0.499803 1.4382 0 267.424 1.10243e-07
0.499803 1.4382 0 268.427 1.0938e-07
0.499803 1.4382 0 269.429 1.08524e-07
0.499803 1.4382 0 270.432 1.07676e-07
0.499803 1.4382 0 271.434 1.06835e-07
0.499803 1.4382 0 272.437 1.06001e-07
0.499803 1.4382 0 273.439 1.05175e-07
0.499803 1.4382 0 274.442 1.04357e-07
0.499803 1.4382 0 275.444 1.03545e-07
0.499803 1.4382 0 276.447 1.0274e-07
0.499803 1.4382 0 277.449 1.01943e-07
0.499803 1.4382 0 278.452 1.01153e-07
0.499803 1.4382 0 279.454 1.00369e-07
0.499803 1.4382 0 280.457 9.95921e-08
0.499803 1.4382 0 281.459 9.8822e-08
0.499803 1.4382 0 282.462 9.80587e-08
0.499803 1.4382 0 283.464 9.73019e-08
0.499803 1.4382 0 284.467 9.65517e-08
0.499803 1.4382 0 285.469 9.58079e-08
0.499803 1.4382 0 286.472 9.50706e-08
0.499803 1.4382 0 287.474 9.43396e-08
0.499803 1.4382 0 288.476 9.36149e-08
0.499803 1.4382 0 289.479 9.28964e-08
0.499803 1.4382 0 290.481 9.2184e-08
0.499803 1.4382 0 291.484 9.14778e-08
0.499803 1.4382 0 292.486 9.07775e-08
0.499803 1.4382 0 293.489 9.00833e-08
0.499803 1.4382 0 294.491 8.93949e-08
0.499803 1.4382 0 295.494 8.87124e-08
0.499803 1.4382 0 296.496 8.80357e-08
0.499803 1.4382 0 297.499 8.73647e-08
0.499803 1.4382 0 298.501 8.66995e-08
0.499803 1.4382 0 299.504 8.60398e-08
0.499803 1.4382 0 300.506 8.53857e-08
0.499803 1.4382 0 301.509 8.47371e-08
0.499803 1.4382 0 302.511 8.4094e-08
0.499803 1.4382 0 303.514 8.34563e-08
0.499803 1.4382 0 304.516 8.28239e-08
0.499803 1.4382 0 305.519 8.21968e-08
0.499803 1.4382 0 306.521 8.1575e-08
0.499803 1.4382 0 307.524 8.09584e-08
0.499803 1.4382 0 308.526 8.03469e-08
0.499803 1.4382 0 309.529 7.97406e-08
0.499803 1.4382 0 310.531 7.91393e-08
0.499803 1.4382 0 311.534 7.8543e-08
0.499803 1.4382 0 312.536 7.79516e-08
0.499803 1.4382 0 313.538 7.73651e-08
0.499803 1.4382 0 314.541 7.67835e-08
0.499803 1.4382 0 315.543 7.62068e-08
0.499803 1.4382 0 316.546 7.56348e-08
0.499803 1.4382 0 317.548 7.50675e-08
0.499803 1.4382 0 318.551 7.45049e-08
0.499803 1.4382 0 319.553 7.39469e-08
0.499803 1.4382 0 320.556 7.33935e-08
0.499803 1.4382 0 321.558 7.28447e-08
0.499803 1.4382 0 322.561 7.23003e-08
0.499803 1.4382 0 323.563 7.17605e-08
0.499803 1.4382 0 324.566 7.1225e-08
0.499803 1.4382 0 325.568 7.0694e-08
0.499803 1.4382 0 326.571 7.01672e-08
0.499803 1.4382 0 327.573 6.96448e-08
0.499803 1.4382 0 328.576 6.91266e-08
0.499803 1.4382 0 329.578 6.86127e-08
0.499803 1.4382 0 330.581 6.81029e-08
0.499803 1.4382 0 331.583 6.75973e-08
0.499803 1.4382 0 332.586 6.70957e-08
0.499803 1.4382 0 333.588 6.65983e-08
0.499803 1.4382 0 334.591 6.61048e-08
0.499803 1.4382 0 335.593 6.56154e-08
0.499803 1.4382 0 336.596 6.51299e-08
0.499803 1.4382 0 337.598 6.46484e-08
0.499803 1.4382 0 338.601 6.41707e-08
0.499803 1.4382 0 339.603 6.36968e-08
0.499803 1.4382 0 340.605 6.32268e-08
0.499803 1.4382 0 341.608 6.27606e-08
0.499803 1.4382 0 342.61 6.22981e-08
0.499803 1.4382 0 343.613 6.18393e-08
0.499803 1.4382 0 344.615 6.13842e-08
0.499803 1.4382 0 345.618 6.09327e-08
0.499803 1.4382 0 346.62 6.04848e-08
0.499803 1.4382 0 347.623 6.00406e-08
0.499803 1.4382 0 348.625 5.95998e-08
0.499803 1.4382 0 349.628 5.91626e-08
0.499803 1.4382 0 350.63 5.87289e-08
0.499803 1.4382 0 351.633 5.82986e-08
0.499803 1.4382 0 352.635 5.78717e-08
0.499803 1.4382 0 353.638 5.74483e-08
0.499803 1.4382 0 354.64 5.70281e-08
0.499803 1.4382 0 355.643 5.66114e-08
0.499803 1.4382 0 356.645 5.61979e-08
0.499803 1.4382 0 357.648 5.57877e-08
0.499803 1.4382 0 358.65 5.53807e-08
0.499803 1.4382 0 359.653 5.4977e-08
0.499803 1.4382 0 360.655 5.45764e-08
0.499803 1.4382 0 361.658 5.4179e-08
0.499803 1.4382 0 362.66 5.37847e-08
0.499803 1.4382 0 363.663 5.33936e-08
0.499803 1.4382 0 364.665 5.30055e-08
0.499803 1.4382 0 365.668 5.26204e-08
0.499803 1.4382 0 366.67 5.22384e-08
0.499803 1.4382 0 367.672 5.18594e-08
0.499803 1.4382 0 368.675 5.14833e-08
0.499803 1.4382 0 369.677 5.11102e-08
0.499803 1.4382 0 370.68 5.07401e-08
0.499803 1.4382 0 371.682 5.03728e-08
0.499803 1.4382 0 372.685 5.00083e-08
0.499803 1.4382 0 373.687 4.96467e-08
0.499803 1.4382 0 374.69 4.9288e-08
0.499803 1.4382 0 375.692 4.8932e-08
0.499803 1.4382 0 376.695 4.85788e-08
0.499803 1.4382 0 377.697 4.82284e-08
0.499803 1.4382 0 378.7 4.78806e-08
0.499803 1.4382 0 379.702 4.75356e-08
0.499803 1.4382 0 380.705 4.71932e-08
0.499803 1.4382 0 381.707 4.68535e-08
0.499803 1.4382 0 382.71 4.65165e-08
0.499803 1.4382 0 383.712 4.6182e-08
0.499803 1.4382 0 384.715 4.58501e-08
0.499803 1.4382 0 385.717 4.55208e-08
0.499803 1.4382 0 386.72 4.51941e-08
0.499803 1.4382 0 387.722 4.48698e-08
0.499803 1.4382 0 388.725 4.45481e-08
0.499803 1.4382 0 389.727 4.42288e-08
0.499803 1.4382 0 390.73 4.3912e-08
0.499803 1.4382 0 391.732 4.35976e-08
0.499803 1.4382 0 392.735 4.32856e-08
0.499803 1.4382 0 393.737 4.29761e-08
0.499803 1.4382 0 394.739 4.26689e-08
0.499803 1.4382 0 395.742 4.23641e-08
0.499803 1.4382 0 396.744 4.20616e-08
0.499803 1.4382 0 397.747 4.17614e-08
0.499803 1.4382 0 398.749 4.14635e-08
0.499803 1.4382 0 399.752 4.11679e-08
0.499803 1.4382 0 400.754 4.08745e-08
0.499803 1.4382 0 401.757 4.05834e-08
0.499803 1.4382 0 402.759 4.02945e-08
0.499803 1.4382 0 403.762 4.00078e-08
0.499803 1.4382 0 404.764 3.97233e-08
0.499803 1.4382 0 405.767 3.9441e-08
0.499803 1.4382 0 406.769 3.91608e-08
0.499803 1.4382 0 407.772 3.88827e-08
0.499803 1.4382 0 408.774 3.86068e-08
0.499803 1.4382 0 409.777 3.83329e-08
0.499803 1.4382 0 410.779 3.80611e-08
0.499803 1.4382 0 411.782 3.77914e-08
0.499803 1.4382 0 412.784 3.75237e-08
0.499803 1.4382 0 413.787 3.72581e-08
0.499803 1.4382 0 414.789 3.69944e-08
0.499803 1.4382 0 415.792 3.67328e-08
0.499803 1.4382 0 416.794 3.64731e-08
0.499803 1.4382 0 417.797 3.62154e-08
0.499803 1.4382 0 418.799 3.59596e-08
0.499803 1.4382 0 419.802 3.57057e-08
0.499803 1.4382 0 420.804 3.54538e-08
0.499803 1.4382 0 421.806 3.52038e-08
0.499803 1.4382 0 422.809 3.49556e-08
0.499803 1.4382 0 423.811 3.47093e-08
0.499803 1.4382 0 424.814 3.44649e-08
0.499803 1.4382 0 425.816 3.42223e-08
0.499803 1.4382 0 426.819 3.39815e-08
0.499803 1.4382 0 427.821 3.37425e-08
0.499803 1.4382 0 428.824 3.35053e-08
0.499803 1.4382 0 429.826 3.32699e-08
0.499803 1.4382 0 430.829 3.30362e-08
0.499803 1.4382 0 431.831 3.28043e-08
0.499803 1.4382 0 432.834 3.25741e-08
0.499803 1.4382 0 433.836 3.23457e-08
0.499803 1.4382 0 434.839 3.21189e-08
0.499803 1.4382 0 435.841 3.18939e-08
0.499803 1.4382 0 436.844 3.16705e-08
0.499803 1.4382 0 437.846 3.14488e-08
0.499803 1.4382 0 438.849 3.12287e-08
0.499803 1.4382 0 439.851 3.10103e-08
0.499803 1.4382 0 440.854 3.07934e-08
0.499803 1.4382 0 441.856 3.05782e-08
0.499803 1.4382 0 442.859 3.03646e-08
0.499803 1.4382 0 443.861 3.01526e-08
0.499803 1.4382 0 444.864 2.99422e-08
0.499803 1.4382 0 445.866 2.97333e-08
0.499803 1.4382 0 446.868 2.9526e-08
0.499803 1.4382 0 447.871 2.93202e-08
0.499803 1.4382 0 448.873 2.91159e-08
0.499803 1.4382 0 449.876 2.89131e-08
0.499803 1.4382 0 450.878 2.87119e-08
0.499803 1.4382 0 451.881 2.85121e-08
0.499803 1.4382 0 452.883 2.83138e-08
0.499803 1.4382 0 453.886 2.81169e-08
0.499803 1.4382 0 454.888 2.79215e-08
0.499803 1.4382 0 455.891 2.77276e-08
0.499803 1.4382 0 456.893 2.75351e-08
0.499803 1.4382 0 457.896 2.7344e-08
0.499803 1.4382 0 458.898 2.71543e-08
0.499803 1.4382 0 459.901 2.6966e-08
0.499803 1.4382 0 460.903 2.6779e-08
0.499803 1.4382 0 461.906 2.65935e-08
0.499803 1.4382 0 462.908 2.64093e-08
0.499803 1.4382 0 463.911 2.62264e-08
0.499803 1.4382 0 464.913 2.6045e-08
0.499803 1.4382 0 465.916 2.58648e-08
0.499803 1.4382 0 466.918 2.56859e-08
0.499803 1.4382 0 467.921 2.55084e-08
0.499803 1.4382 0 468.923 2.53322e-08
0.499803 1.4382 0 469.926 2.51572e-08
0.499803 1.4382 0 470.928 2.49835e-08
0.499803 1.4382 0 471.931 2.48111e-08
0.499803 1.4382 0 472.933 2.464e-08
0.499803 1.4382 0 473.935 2.44701e-08
0.499803 1.4382 0 474.938 2.43014e-08
0.499803 1.4382 0 475.94 2.4134e-08
0.499803 1.4382 0 476.943 2.39678e-08
0.499803 1.4382 0 477.945 2.38028e-08
0.499803 1.4382 0 478.948 2.36389e-08
0.499803 1.4382 0 479.95 2.34763e-08
0.499803 1.4382 0 480.953 2.33149e-08
0.499803 1.4382 0 481.955 2.31546e-08
0.499803 1.4382 0 482.958 2.29956e-08
0.499803 1.4382 0 483.96 2.28376e-08
0.499803 1.4382 0 484.963 2.26808e-08
0.499803 1.4382 0 485.965 2.25252e-08
0.499803 1.4382 0 486.968 2.23706e-08
0.499803 1.4382 0 487.97 2.22172e-08
0.499803 1.4382 0 488.973 2.20649e-08
0.499803 1.4382 0 489.975 2.19137e-08
0.499803 1.4382 0 490.978 2.17636e-08
0.499803 1.4382 0 491.98 2.16146e-08
0.499803 1.4382 0 492.983 2.14666e-08
0.499803 1.4382 0 493.985 2.13197e-08
0.499803 1.4382 0 494.988 2.11739e-08
0.499803 1.4382 0 495.99 2.10292e-08
0.499803 1.4382 0 496.993 2.08854e-08
0.499803 1.4382 0 497.995 2.07427e-08
0.499803 1.4382 0 498.998 2.06011e-08
0.499803 1.4382 0 500 2.04604e-08
