0.65095 1.4382 200 150.015 6.8589e-06
0.65095 1.4382 200 151.017 1.25061e-05
0.65095 1.4382 200 152.02 1.30253e-05
0.65095 1.4382 200 153.022 1.29115e-05
0.65095 1.4382 200 154.025 1.27448e-05
0.65095 1.4382 200 155.027 1.25788e-05
0.65095 1.4382 200 156.03 1.24176e-05
0.65095 1.4382 200 157.032 1.2261e-05
0.65095 1.4382 200 158.035 1.21085e-05
0.65095 1.4382 200 159.037 1.19599e-05
0.65095 1.4382 200 160.04 1.18147e-05
0.65095 1.4382 200 161.042 1.16727e-05
0.65095 1.4382 200 162.045 1.15338e-05
0.65095 1.4382 200 163.047 1.13978e-05
0.65095 1.4382 200 164.05 1.12646e-05
0.65095 1.4382 200 165.052 1.11339e-05
0.65095 1.4382 200 166.054 1.10058e-05
0.65095 1.4382 200 167.057 1.08801e-05
0.65095 1.4382 200 168.059 1.07567e-05
0.65095 1.4382 200 169.062 1.06355e-05
0.65095 1.4382 200 170.064 1.05165e-05
0.65095 1.4382 200 171.067 1.03995e-05
0.65095 1.4382 200 172.069 1.02846e-05
0.65095 1.4382 200 173.072 1.01716e-05
0.65095 1.4382 200 174.074 1.00604e-05
0.65095 1.4382 200 175.077 9.95114e-06
0.65095 1.4382 200 176.079 9.8436e-06
0.65095 1.4382 200 177.082 9.73778e-06
0.65095 1.4382 200 178.084 9.63361e-06
0.65095 1.4382 200 179.087 9.53107e-06
0.65095 1.4382 200 180.089 9.43011e-06
0.65095 1.4382 200 181.092 9.33067e-06
0.65095 1.4382 200 182.094 9.23272e-06
0.65095 1.4382 200 183.096 9.13623e-06
0.65095 1.4382 200 184.099 9.04115e-06
0.65095 1.4382 200 185.101 8.94745e-06
0.65095 1.4382 200 186.104 8.8551e-06
0.65095 1.4382 200 187.106 8.76406e-06
0.65095 1.4382 200 188.109 8.6743e-06
0.65095 1.4382 200 189.111 8.58579e-06
0.65095 1.4382 200 190.114 8.49851e-06
0.65095 1.4382 200 191.116 8.41242e-06
0.65095 1.4382 200 192.119 8.3275e-06
0.65095 1.4382 200 193.121 8.24372e-06
0.65095 1.4382 200 194.124 8.16105e-06
0.65095 1.4382 200 195.126 8.07949e-06
0.65095 1.4382 200 196.129 7.99899e-06
0.65095 1.4382 200 197.131 7.91954e-06
0.65095 1.4382 200 198.133 7.84111e-06
0.65095 1.4382 200 199.136 7.76369e-06
0.65095 1.4382 200 200.138 7.68726e-06
0.65095 1.4382 200 201.141 7.61179e-06
0.65095 1.4382 200 202.143 7.53727e-06
0.65095 1.4382 200 203.146 7.46367e-06
0.65095 1.4382 200 204.148 7.39099e-06
0.65095 1.4382 200 205.151 7.3192e-06
0.65095 1.4382 200 206.153 7.24829e-06
0.65095 1.4382 200 207.156 7.17824e-06
0.65095 1.4382 200 208.158 7.10903e-06
0.65095 1.4382 200 209.161 7.04066e-06
0.65095 1.4382 200 210.163 6.97309e-06
0.65095 1.4382 200 211.166 6.90633e-06
0.65095 1.4382 200 212.168 6.84036e-06
0.65095 1.4382 200 213.171 6.77515e-06
0.65095 1.4382 200 214.173 6.71071e-06
0.65095 1.4382 200 215.175 6.64702e-06
0.65095 1.4382 200 216.178 6.58405e-06
0.65095 1.4382 200 217.18 6.52182e-06
0.65095 1.4382 200 218.183 6.46029e-06
0.65095 1.4382 200 219.185 6.39946e-06
0.65095 1.4382 200 220.188 6.33931e-06
0.65095 1.4382 200 221.19 6.27985e-06
0.65095 1.4382 200 222.193 6.22105e-06
0.65095 1.4382 200 223.195 6.1629e-06
0.65095 1.4382 200 224.198 6.1054e-06
0.65095 1.4382 200 225.2 6.04853e-06
0.65095 1.4382 200 226.203 5.99229e-06
0.65095 1.4382 200 227.205 5.93667e-06
0.65095 1.4382 200 228.208 5.88165e-06
0.65095 1.4382 200 229.21 5.82723e-06
0.65095 1.4382 200 230.212 5.7734e-06
0.65095 1.4382 200 231.215 5.72015e-06
0.65095 1.4382 200 232.217 5.66747e-06
0.65095 1.4382 200 233.22 5.61535e-06
0.65095 1.4382 200 234.222 5.56379e-06
0.65095 1.4382 200 235.225 5.51278e-06
0.65095 1.4382 200 236.227 5.4623e-06
0.65095 1.4382 200 237.23 5.41236e-06
0.65095 1.4382 200 238.232 5.36294e-06
0.65095 1.4382 200 239.235 5.31404e-06
0.65095 1.4382 200 240.237 5.26565e-06
0.65095 1.4382 200 241.24 5.21776e-06
0.65095 1.4382 200 242.242 5.17037e-06
0.65095 1.4382 200 243.245 5.12347e-06
0.65095 1.4382 200 244.247 5.07706e-06
0.65095 1.4382 200 245.25 5.03112e-06
0.65095 1.4382 200 246.252 4.98565e-06
0.65095 1.4382 200 247.254 4.94064e-06
0.65095 1.4382 200 248.257 4.89609e-06
0.65095 1.4382 200 249.259 4.852e-06
0.65095 1.4382 200 250.262 4.80835e-06
0.65095 1.4382 200 251.264 4.76514e-06
0.65095 1.4382 200 252.267 4.72237e-06
0.65095 1.4382 200 253.269 4.68003e-06
0.65095 1.4382 200 254.272 4.63811e-06
0.65095 1.4382 200 255.274 4.59661e-06
0.65095 1.4382 200 256.277 4.55552e-06
0.65095 1.4382 200 257.279 4.51485e-06
0.65095 1.4382 200 258.282 4.47457e-06
0.65095 1.4382 200 259.284 4.4347e-06
0.65095 1.4382 200 260.287 4.39522e-06
0.65095 1.4382 200 261.289 4.35612e-06
0.65095 1.4382 200 262.291 4.31741e-06
0.65095 1.4382 200 263.294 4.27909e-06
0.65095 1.4382 200 264.296 4.24113e-06
0.65095 1.4382 200 265.299 4.20355e-06
0.65095 1.4382 200 266.301 4.16633e-06
0.65095 1.4382 200 267.304 4.12948e-06
0.65095 1.4382 200 268.306 4.09298e-06
0.65095 1.4382 200 269.309 4.05683e-06
0.65095 1.4382 200 270.311 4.02104e-06
0.65095 1.4382 200 271.314 3.98559e-06
0.65095 1.4382 200 272.316 3.95048e-06
0.65095 1.4382 200 273.319 3.91571e-06
0.65095 1.4382 200 274.321 3.88127e-06
0.65095 1.4382 200 275.324 3.84716e-06
0.65095 1.4382 200 276.326 3.81338e-06
0.65095 1.4382 200 277.329 3.77992e-06
0.65095 1.4382 200 278.331 3.74678e-06
0.65095 1.4382 200 279.333 3.71395e-06
0.65095 1.4382 200 280.336 3.68144e-06
0.65095 1.4382 200 281.338 3.64923e-06
0.65095 1.4382 200 282.341 3.61733e-06
0.65095 1.4382 200 283.343 3.58573e-06
0.65095 1.4382 200 284.346 3.55443e-06
0.65095 1.4382 200 285.348 3.52342e-06
0.65095 1.4382 200 286.351 3.4927e-06
0.65095 1.4382 200 287.353 3.46228e-06
0.65095 1.4382 200 288.356 3.43213e-06
0.65095 1.4382 200 289.358 3.40227e-06
0.65095 1.4382 200 290.361 3.37269e-06
0.65095 1.4382 200 291.363 3.34338e-06
0.65095 1.4382 200 292.366 3.31435e-06
0.65095 1.4382 200 293.368 3.28559e-06
0.65095 1.4382 200 294.37 3.25709e-06
0.65095 1.4382 200 295.373 3.22886e-06
0.65095 1.4382 200 296.375 3.20089e-06
0.65095 1.4382 200 297.378 3.17318e-06
0.65095 1.4382 200 298.38 3.14572e-06
0.65095 1.4382 200 299.383 3.11852e-06
0.65095 1.4382 200 300.385 3.09157e-06
0.65095 1.4382 200 301.388 3.06487e-06
0.65095 1.4382 200 302.39 3.03841e-06
0.65095 1.4382 200 303.393 3.0122e-06
0.65095 1.4382 200 304.395 2.98622e-06
0.65095 1.4382 200 305.398 2.96049e-06
0.65095 1.4382 200 306.4 2.93499e-06
0.65095 1.4382 200 307.403 2.90972e-06
0.65095 1.4382 200 308.405 2.88468e-06
0.65095 1.4382 200 309.408 2.85987e-06
0.65095 1.4382 200 310.41 2.83529e-06
0.65095 1.4382 200 311.412 2.81093e-06
0.65095 1.4382 200 312.415 2.7868e-06
0.65095 1.4382 200 313.417 2.76288e-06
0.65095 1.4382 200 314.42 2.73918e-06
0.65095 1.4382 200 315.422 2.71569e-06
0.65095 1.4382 200 316.425 2.69242e-06
0.65095 1.4382 200 317.427 2.66936e-06
0.65095 1.4382 200 318.43 2.6465e-06
0.65095 1.4382 200 319.432 2.62385e-06
0.65095 1.4382 200 320.435 2.60141e-06
0.65095 1.4382 200 321.437 2.57917e-06
0.65095 1.4382 200 322.44 2.55713e-06
0.65095 1.4382 200 323.442 2.53528e-06
0.65095 1.4382 200 324.445 2.51364e-06
0.65095 1.4382 200 325.447 2.49218e-06
0.65095 1.4382 200 326.449 2.47092e-06
0.65095 1.4382 200 327.452 2.44985e-06
0.65095 1.4382 200 328.454 2.42897e-06
0.65095 1.4382 200 329.457 2.40828e-06
0.65095 1.4382 200 330.459 2.38777e-06
0.65095 1.4382 200 331.462 2.36744e-06
0.65095 1.4382 200 332.464 2.3473e-06
0.65095 1.4382 200 333.467 2.32733e-06
0.65095 1.4382 200 334.469 2.30754e-06
0.65095 1.4382 200 335.472 2.28793e-06
0.65095 1.4382 200 336.474 2.2685e-06
0.65095 1.4382 200 337.477 2.24923e-06
0.65095 1.4382 200 338.479 2.23014e-06
0.65095 1.4382 200 339.482 2.21121e-06
0.65095 1.4382 200 340.484 2.19246e-06
0.65095 1.4382 200 341.487 2.17387e-06
0.65095 1.4382 200 342.489 2.15544e-06
0.65095 1.4382 200 343.491 2.13718e-06
0.65095 1.4382 200 344.494 2.11908e-06
0.65095 1.4382 200 345.496 2.10114e-06
0.65095 1.4382 200 346.499 2.08336e-06
0.65095 1.4382 200 347.501 2.06573e-06
0.65095 1.4382 200 348.504 2.04826e-06
0.65095 1.4382 200 349.506 2.03095e-06
0.65095 1.4382 200 350.509 2.01378e-06
0.65095 1.4382 200 351.511 1.99677e-06
0.65095 1.4382 200 352.514 1.97991e-06
0.65095 1.4382 200 353.516 1.96319e-06
0.65095 1.4382 200 354.519 1.94662e-06
0.65095 1.4382 200 355.521 1.9302e-06
0.65095 1.4382 200 356.524 1.91392e-06
0.65095 1.4382 200 357.526 1.89779e-06
0.65095 1.4382 200 358.528 1.88179e-06
0.65095 1.4382 200 359.531 1.86594e-06
0.65095 1.4382 200 360.533 1.85022e-06
0.65095 1.4382 200 361.536 1.83464e-06
0.65095 1.4382 200 362.538 1.8192e-06
0.65095 1.4382 200 363.541 1.80389e-06
0.65095 1.4382 200 364.543 1.78872e-06
0.65095 1.4382 200 365.546 1.77368e-06
0.65095 1.4382 200 366.548 1.75877e-06
0.65095 1.4382 200 367.551 1.74399e-06
0.65095 1.4382 200 368.553 1.72934e-06
0.65095 1.4382 200 369.556 1.71481e-06
0.65095 1.4382 200 370.558 1.70041e-06
0.65095 1.4382 200 371.561 1.68614e-06
0.65095 1.4382 200 372.563 1.67199e-06
0.65095 1.4382 200 373.566 1.65797e-06
0.65095 1.4382 200 374.568 1.64406e-06
0.65095 1.4382 200 375.57 1.63028e-06
0.65095 1.4382 200 376.573 1.61662e-06
0.65095 1.4382 200 377.575 1.60307e-06
0.65095 1.4382 200 378.578 1.58964e-06
0.65095 1.4382 200 379.58 1.57633e-06
0.65095 1.4382 200 380.583 1.56314e-06
0.65095 1.4382 200 381.585 1.55005e-06
0.65095 1.4382 200 382.588 1.53708e-06
0.65095 1.4382 200 383.59 1.52423e-06
0.65095 1.4382 200 384.593 1.51148e-06
0.65095 1.4382 200 385.595 1.49885e-06
0.65095 1.4382 200 386.598 1.48632e-06
0.65095 1.4382 200 387.6 1.4739e-06
0.65095 1.4382 200 388.603 1.46159e-06
0.65095 1.4382 200 389.605 1.44938e-06
0.65095 1.4382 200 390.607 1.43728e-06
0.65095 1.4382 200 391.61 1.42529e-06
0.65095 1.4382 200 392.612 1.41339e-06
0.65095 1.4382 200 393.615 1.4016e-06
0.65095 1.4382 200 394.617 1.38991e-06
0.65095 1.4382 200 395.62 1.37833e-06
0.65095 1.4382 200 396.622 1.36684e-06
0.65095 1.4382 200 397.625 1.35545e-06
0.65095 1.4382 200 398.627 1.34415e-06
0.65095 1.4382 200 399.63 1.33296e-06
0.65095 1.4382 200 400.632 1.32186e-06
0.65095 1.4382 200 401.635 1.31085e-06
0.65095 1.4382 200 402.637 1.29994e-06
0.65095 1.4382 200 403.64 1.28913e-06
0.65095 1.4382 200 404.642 1.2784e-06
0.65095 1.4382 200 405.645 1.26777e-06
0.65095 1.4382 200 406.647 1.25723e-06
0.65095 1.4382 200 407.649 1.24678e-06
0.65095 1.4382 200 408.652 1.23642e-06
0.65095 1.4382 200 409.654 1.22614e-06
0.65095 1.4382 200 410.657 1.21596e-06
0.65095 1.4382 200 411.659 1.20586e-06
0.65095 1.4382 200 412.662 1.19585e-06
0.65095 1.4382 200 413.664 1.18592e-06
0.65095 1.4382 200 414.667 1.17608e-06
0.65095 1.4382 200 415.669 1.16632e-06
0.65095 1.4382 200 416.672 1.15665e-06
0.65095 1.4382 200 417.674 1.14706e-06
0.65095 1.4382 200 418.677 1.13755e-06
0.65095 1.4382 200 419.679 1.12812e-06
0.65095 1.4382 200 420.682 1.11877e-06
0.65095 1.4382 200 421.684 1.1095e-06
0.65095 1.4382 200 422.686 1.10031e-06
0.65095 1.4382 200 423.689 1.09119e-06
0.65095 1.4382 200 424.691 1.08216e-06
0.65095 1.4382 200 425.694 1.0732e-06
0.65095 1.4382 200 426.696 1.06432e-06
0.65095 1.4382 200 427.699 1.05551e-06
0.65095 1.4382 200 428.701 1.04678e-06
0.65095 1.4382 200 429.704 1.03812e-06
0.65095 1.4382 200 430.706 1.02954e-06
0.65095 1.4382 200 431.709 1.02103e-06
0.65095 1.4382 200 432.711 1.01259e-06
0.65095 1.4382 200 433.714 1.00422e-06
0.65095 1.4382 200 434.716 9.95924e-07
0.65095 1.4382 200 435.719 9.87697e-07
0.65095 1.4382 200 436.721 9.7954e-07
0.65095 1.4382 200 437.724 9.71453e-07
0.65095 1.4382 200 438.726 9.63433e-07
0.65095 1.4382 200 439.728 9.55482e-07
0.65095 1.4382 200 440.731 9.47598e-07
0.65095 1.4382 200 441.733 9.3978e-07
0.65095 1.4382 200 442.736 9.32029e-07
0.65095 1.4382 200 443.738 9.24343e-07
0.65095 1.4382 200 444.741 9.16722e-07
0.65095 1.4382 200 445.743 9.09166e-07
0.65095 1.4382 200 446.746 9.01673e-07
0.65095 1.4382 200 447.748 8.94244e-07
0.65095 1.4382 200 448.751 8.86877e-07
0.65095 1.4382 200 449.753 8.79572e-07
0.65095 1.4382 200 450.756 8.72329e-07
0.65095 1.4382 200 451.758 8.65148e-07
0.65095 1.4382 200 452.761 8.58026e-07
0.65095 1.4382 200 453.763 8.50965e-07
0.65095 1.4382 200 454.765 8.43963e-07
0.65095 1.4382 200 455.768 8.3702e-07
0.65095 1.4382 200 456.77 8.30136e-07
0.65095 1.4382 200 457.773 8.23309e-07
0.65095 1.4382 200 458.775 8.1654e-07
0.65095 1.4382 200 459.778 8.09828e-07
0.65095 1.4382 200 460.78 8.03173e-07
0.65095 1.4382 200 461.783 7.96573e-07
0.65095 1.4382 200 462.785 7.90029e-07
0.65095 1.4382 200 463.788 7.8354e-07
0.65095 1.4382 200 464.79 7.77106e-07
0.65095 1.4382 200 465.793 7.70725e-07
0.65095 1.4382 200 466.795 7.64398e-07
0.65095 1.4382 200 467.798 7.58124e-07
0.65095 1.4382 200 468.8 7.51903e-07
0.65095 1.4382 200 469.803 7.45734e-07
0.65095 1.4382 200 470.805 7.39617e-07
0.65095 1.4382 200 471.807 7.33551e-07
0.65095 1.4382 200 472.81 7.27537e-07
0.65095 1.4382 200 473.812 7.21572e-07
0.65095 1.4382 200 474.815 7.15657e-07
0.65095 1.4382 200 475.817 7.09792e-07
0.65095 1.4382 200 476.82 7.03977e-07
0.65095 1.4382 200 477.822 6.98209e-07
0.65095 1.4382 200 478.825 6.92491e-07
0.65095 1.4382 200 479.827 6.8682e-07
0.65095 1.4382 200 480.83 6.81196e-07
0.65095 1.4382 200 481.832 6.7562e-07
0.65095 1.4382 200 482.835 6.7009e-07
0.65095 1.4382 200 483.837 6.64606e-07
0.65095 1.4382 200 484.84 6.59169e-07
0.65095 1.4382 200 485.842 6.53776e-07
0.65095 1.4382 200 486.844 6.48429e-07
0.65095 1.4382 200 487.847 6.43127e-07
0.65095 1.4382 200 488.849 6.37868e-07
0.65095 1.4382 200 489.852 6.32654e-07
0.65095 1.4382 200 490.854 6.27483e-07
0.65095 1.4382 200 491.857 6.22356e-07
0.65095 1.4382 200 492.859 6.17271e-07
0.65095 1.4382 200 493.862 6.12229e-07
0.65095 1.4382 200 494.864 6.07228e-07
0.65095 1.4382 200 495.867 6.0227e-07
0.65095 1.4382 200 496.869 5.97353e-07
0.65095 1.4382 200 497.872 5.92476e-07
0.65095 1.4382 200 498.874 5.87641e-07
0.65095 1.4382 200 499.877 5.82845e-07
0.65095 1.4382 200 500.879 5.7809e-07
0.65095 1.4382 200 501.882 5.73374e-07
0.65095 1.4382 200 502.884 5.68698e-07
0.65095 1.4382 200 503.886 5.6406e-07
0.65095 1.4382 200 504.889 5.59461e-07
0.65095 1.4382 200 505.891 5.549e-07
0.65095 1.4382 200 506.894 5.50378e-07
0.65095 1.4382 200 507.896 5.45893e-07
0.65095 1.4382 200 508.899 5.41445e-07
0.65095 1.4382 200 509.901 5.37034e-07
0.65095 1.4382 200 510.904 5.3266e-07
0.65095 1.4382 200 511.906 5.28322e-07
0.65095 1.4382 200 512.909 5.2402e-07
0.65095 1.4382 200 513.911 5.19754e-07
0.65095 1.4382 200 514.914 5.15524e-07
0.65095 1.4382 200 515.916 5.11328e-07
0.65095 1.4382 200 516.919 5.07167e-07
0.65095 1.4382 200 517.921 5.03041e-07
0.65095 1.4382 200 518.923 4.98949e-07
0.65095 1.4382 200 519.926 4.94892e-07
0.65095 1.4382 200 520.928 4.90867e-07
0.65095 1.4382 200 521.931 4.86876e-07
0.65095 1.4382 200 522.933 4.82919e-07
0.65095 1.4382 200 523.936 4.78994e-07
0.65095 1.4382 200 524.938 4.75101e-07
0.65095 1.4382 200 525.941 4.71241e-07
0.65095 1.4382 200 526.943 4.67413e-07
0.65095 1.4382 200 527.946 4.63616e-07
0.65095 1.4382 200 528.948 4.59851e-07
0.65095 1.4382 200 529.951 4.56118e-07
0.65095 1.4382 200 530.953 4.52415e-07
0.65095 1.4382 200 531.956 4.48742e-07
0.65095 1.4382 200 532.958 4.451e-07
0.65095 1.4382 200 533.961 4.41489e-07
0.65095 1.4382 200 534.963 4.37907e-07
0.65095 1.4382 200 535.965 4.34354e-07
0.65095 1.4382 200 536.968 4.30832e-07
0.65095 1.4382 200 537.97 4.27338e-07
0.65095 1.4382 200 538.973 4.23873e-07
0.65095 1.4382 200 539.975 4.20437e-07
0.65095 1.4382 200 540.978 4.17029e-07
0.65095 1.4382 200 541.98 4.13649e-07
0.65095 1.4382 200 542.983 4.10297e-07
0.65095 1.4382 200 543.985 4.06973e-07
0.65095 1.4382 200 544.988 4.03677e-07
0.65095 1.4382 200 545.99 4.00407e-07
0.65095 1.4382 200 546.993 3.97165e-07
0.65095 1.4382 200 547.995 3.93949e-07
0.65095 1.4382 200 548.998 3.9076e-07
0.65095 1.4382 200 550 3.87597e-07
