1.12578 1.4382 200 150.015 1.52674e-06
1.12578 1.4382 200 151.017 2.73619e-06
1.12578 1.4382 200 152.02 2.79171e-06
1.12578 1.4382 200 153.022 2.71625e-06
1.12578 1.4382 200 154.025 2.63544e-06
1.12578 1.4382 200 155.027 2.55905e-06
1.12578 1.4382 200 156.03 2.48697e-06
1.12578 1.4382 200 157.032 2.41853e-06
1.12578 1.4382 200 158.035 2.35324e-06
1.12578 1.4382 200 159.037 2.29074e-06
1.12578 1.4382 200 160.04 2.23076e-06
1.12578 1.4382 200 161.042 2.17309e-06
1.12578 1.4382 200 162.045 2.11756e-06
1.12578 1.4382 200 163.047 2.06402e-06
1.12578 1.4382 200 164.05 2.01236e-06
1.12578 1.4382 200 165.052 1.96246e-06
1.12578 1.4382 200 166.054 1.91423e-06
1.12578 1.4382 200 167.057 1.86758e-06
1.12578 1.4382 200 168.059 1.82243e-06
1.12578 1.4382 200 169.062 1.77872e-06
1.12578 1.4382 200 170.064 1.73637e-06
1.12578 1.4382 200 171.067 1.69533e-06
1.12578 1.4382 200 172.069 1.65554e-06
1.12578 1.4382 200 173.072 1.61694e-06
1.12578 1.4382 200 174.074 1.57949e-06
1.12578 1.4382 200 175.077 1.54315e-06
1.12578 1.4382 200 176.079 1.50786e-06
1.12578 1.4382 200 177.082 1.47358e-06
1.12578 1.4382 200 178.084 1.44029e-06
1.12578 1.4382 200 179.087 1.40793e-06
1.12578 1.4382 200 180.089 1.37648e-06
1.12578 1.4382 200 181.092 1.34591e-06
1.12578 1.4382 200 182.094 1.31617e-06
1.12578 1.4382 200 183.096 1.28725e-06
1.12578 1.4382 200 184.099 1.25911e-06
1.12578 1.4382 200 185.101 1.23173e-06
1.12578 1.4382 200 186.104 1.20507e-06
1.12578 1.4382 200 187.106 1.17912e-06
1.12578 1.4382 200 188.109 1.15386e-06
1.12578 1.4382 200 189.111 1.12925e-06
1.12578 1.4382 200 190.114 1.10528e-06
1.12578 1.4382 200 191.116 1.08192e-06
1.12578 1.4382 200 192.119 1.05917e-06
1.12578 1.4382 200 193.121 1.03699e-06
1.12578 1.4382 200 194.124 1.01537e-06
1.12578 1.4382 200 195.126 9.9429e-07
1.12578 1.4382 200 196.129 9.73737e-07
1.12578 1.4382 200 197.131 9.53694e-07
1.12578 1.4382 200 198.133 9.34143e-07
1.12578 1.4382 200 199.136 9.15071e-07
1.12578 1.4382 200 200.138 8.96464e-07
1.12578 1.4382 200 201.141 8.78306e-07
1.12578 1.4382 200 202.143 8.60585e-07
1.12578 1.4382 200 203.146 8.43288e-07
1.12578 1.4382 200 204.148 8.26403e-07
1.12578 1.4382 200 205.151 8.09918e-07
1.12578 1.4382 200 206.153 7.93821e-07
1.12578 1.4382 200 207.156 7.781e-07
1.12578 1.4382 200 208.158 7.62746e-07
1.12578 1.4382 200 209.161 7.47749e-07
1.12578 1.4382 200 210.163 7.33097e-07
1.12578 1.4382 200 211.166 7.18782e-07
1.12578 1.4382 200 212.168 7.04794e-07
1.12578 1.4382 200 213.171 6.91124e-07
1.12578 1.4382 200 214.173 6.77763e-07
1.12578 1.4382 200 215.175 6.64704e-07
1.12578 1.4382 200 216.178 6.51937e-07
1.12578 1.4382 200 217.18 6.39456e-07
1.12578 1.4382 200 218.183 6.27252e-07
1.12578 1.4382 200 219.185 6.15318e-07
1.12578 1.4382 200 220.188 6.03647e-07
1.12578 1.4382 200 221.19 5.92232e-07
1.12578 1.4382 200 222.193 5.81067e-07
1.12578 1.4382 200 223.195 5.70144e-07
1.12578 1.4382 200 224.198 5.59459e-07
1.12578 1.4382 200 225.2 5.49003e-07
1.12578 1.4382 200 226.203 5.38773e-07
1.12578 1.4382 200 227.205 5.28762e-07
1.12578 1.4382 200 228.208 5.18964e-07
1.12578 1.4382 200 229.21 5.09374e-07
1.12578 1.4382 200 230.212 4.99987e-07
1.12578 1.4382 200 231.215 4.90798e-07
1.12578 1.4382 200 232.217 4.81802e-07
1.12578 1.4382 200 233.22 4.72995e-07
1.12578 1.4382 200 234.222 4.64371e-07
1.12578 1.4382 200 235.225 4.55926e-07
1.12578 1.4382 200 236.227 4.47656e-07
1.12578 1.4382 200 237.23 4.39556e-07
1.12578 1.4382 200 238.232 4.31623e-07
1.12578 1.4382 200 239.235 4.23852e-07
1.12578 1.4382 200 240.237 4.1624e-07
1.12578 1.4382 200 241.24 4.08783e-07
1.12578 1.4382 200 242.242 4.01477e-07
1.12578 1.4382 200 243.245 3.94318e-07
1.12578 1.4382 200 244.247 3.87304e-07
1.12578 1.4382 200 245.25 3.8043e-07
1.12578 1.4382 200 246.252 3.73694e-07
1.12578 1.4382 200 247.254 3.67093e-07
1.12578 1.4382 200 248.257 3.60622e-07
1.12578 1.4382 200 249.259 3.5428e-07
1.12578 1.4382 200 250.262 3.48063e-07
1.12578 1.4382 200 251.264 3.41969e-07
1.12578 1.4382 200 252.267 3.35994e-07
1.12578 1.4382 200 253.269 3.30136e-07
1.12578 1.4382 200 254.272 3.24393e-07
1.12578 1.4382 200 255.274 3.18761e-07
1.12578 1.4382 200 256.277 3.13238e-07
1.12578 1.4382 200 257.279 3.07823e-07
1.12578 1.4382 200 258.282 3.02512e-07
1.12578 1.4382 200 259.284 2.97303e-07
1.12578 1.4382 200 260.287 2.92194e-07
1.12578 1.4382 200 261.289 2.87183e-07
1.12578 1.4382 200 262.291 2.82267e-07
1.12578 1.4382 200 263.294 2.77445e-07
1.12578 1.4382 200 264.296 2.72715e-07
1.12578 1.4382 200 265.299 2.68074e-07
1.12578 1.4382 200 266.301 2.6352e-07
1.12578 1.4382 200 267.304 2.59053e-07
1.12578 1.4382 200 268.306 2.54669e-07
1.12578 1.4382 200 269.309 2.50367e-07
1.12578 1.4382 200 270.311 2.46146e-07
1.12578 1.4382 200 271.314 2.42003e-07
1.12578 1.4382 200 272.316 2.37937e-07
1.12578 1.4382 200 273.319 2.33947e-07
1.12578 1.4382 200 274.321 2.3003e-07
1.12578 1.4382 200 275.324 2.26186e-07
1.12578 1.4382 200 276.326 2.22413e-07
1.12578 1.4382 200 277.329 2.18709e-07
1.12578 1.4382 200 278.331 2.15072e-07
1.12578 1.4382 200 279.333 2.11502e-07
1.12578 1.4382 200 280.336 2.07998e-07
1.12578 1.4382 200 281.338 2.04556e-07
1.12578 1.4382 200 282.341 2.01178e-07
1.12578 1.4382 200 283.343 1.9786e-07
1.12578 1.4382 200 284.346 1.94603e-07
1.12578 1.4382 200 285.348 1.91404e-07
1.12578 1.4382 200 286.351 1.88263e-07
1.12578 1.4382 200 287.353 1.85178e-07
1.12578 1.4382 200 288.356 1.82149e-07
1.12578 1.4382 200 289.358 1.79173e-07
1.12578 1.4382 200 290.361 1.76251e-07
1.12578 1.4382 200 291.363 1.7338e-07
1.12578 1.4382 200 292.366 1.70561e-07
1.12578 1.4382 200 293.368 1.67792e-07
1.12578 1.4382 200 294.37 1.65071e-07
1.12578 1.4382 200 295.373 1.62399e-07
1.12578 1.4382 200 296.375 1.59773e-07
1.12578 1.4382 200 297.378 1.57194e-07
1.12578 1.4382 200 298.38 1.5466e-07
1.12578 1.4382 200 299.383 1.5217e-07
1.12578 1.4382 200 300.385 1.49724e-07
1.12578 1.4382 200 301.388 1.47321e-07
1.12578 1.4382 200 302.39 1.44959e-07
1.12578 1.4382 200 303.393 1.42639e-07
1.12578 1.4382 200 304.395 1.40358e-07
1.12578 1.4382 200 305.398 1.38117e-07
1.12578 1.4382 200 306.4 1.35915e-07
1.12578 1.4382 200 307.403 1.33751e-07
1.12578 1.4382 200 308.405 1.31624e-07
1.12578 1.4382 200 309.408 1.29533e-07
1.12578 1.4382 200 310.41 1.27479e-07
1.12578 1.4382 200 311.412 1.25459e-07
1.12578 1.4382 200 312.415 1.23475e-07
1.12578 1.4382 200 313.417 1.21524e-07
1.12578 1.4382 200 314.42 1.19606e-07
1.12578 1.4382 200 315.422 1.17721e-07
1.12578 1.4382 200 316.425 1.15867e-07
1.12578 1.4382 200 317.427 1.14046e-07
1.12578 1.4382 200 318.43 1.12255e-07
1.12578 1.4382 200 319.432 1.10494e-07
1.12578 1.4382 200 320.435 1.08763e-07
1.12578 1.4382 200 321.437 1.07061e-07
1.12578 1.4382 200 322.44 1.05387e-07
1.12578 1.4382 200 323.442 1.03742e-07
1.12578 1.4382 200 324.445 1.02124e-07
1.12578 1.4382 200 325.447 1.00534e-07
1.12578 1.4382 200 326.449 9.89696e-08
1.12578 1.4382 200 327.452 9.74316e-08
1.12578 1.4382 200 328.454 9.59191e-08
1.12578 1.4382 200 329.457 9.44318e-08
1.12578 1.4382 200 330.459 9.29692e-08
1.12578 1.4382 200 331.462 9.15308e-08
1.12578 1.4382 200 332.464 9.01161e-08
1.12578 1.4382 200 333.467 8.87249e-08
1.12578 1.4382 200 334.469 8.73566e-08
1.12578 1.4382 200 335.472 8.60108e-08
1.12578 1.4382 200 336.474 8.46871e-08
1.12578 1.4382 200 337.477 8.33852e-08
1.12578 1.4382 200 338.479 8.21047e-08
1.12578 1.4382 200 339.482 8.0845e-08
1.12578 1.4382 200 340.484 7.9606e-08
1.12578 1.4382 200 341.487 7.83872e-08
1.12578 1.4382 200 342.489 7.71883e-08
1.12578 1.4382 200 343.491 7.60089e-08
1.12578 1.4382 200 344.494 7.48487e-08
1.12578 1.4382 200 345.496 7.37073e-08
1.12578 1.4382 200 346.499 7.25844e-08
1.12578 1.4382 200 347.501 7.14797e-08
1.12578 1.4382 200 348.504 7.03929e-08
1.12578 1.4382 200 349.506 6.93236e-08
1.12578 1.4382 200 350.509 6.82716e-08
1.12578 1.4382 200 351.511 6.72365e-08
1.12578 1.4382 200 352.514 6.62181e-08
1.12578 1.4382 200 353.516 6.5216e-08
1.12578 1.4382 200 354.519 6.423e-08
1.12578 1.4382 200 355.521 6.32598e-08
1.12578 1.4382 200 356.524 6.23051e-08
1.12578 1.4382 200 357.526 6.13657e-08
1.12578 1.4382 200 358.528 6.04412e-08
1.12578 1.4382 200 359.531 5.95315e-08
1.12578 1.4382 200 360.533 5.86364e-08
1.12578 1.4382 200 361.536 5.77554e-08
1.12578 1.4382 200 362.538 5.68884e-08
1.12578 1.4382 200 363.541 5.60352e-08
1.12578 1.4382 200 364.543 5.51955e-08
1.12578 1.4382 200 365.546 5.43691e-08
1.12578 1.4382 200 366.548 5.35558e-08
1.12578 1.4382 200 367.551 5.27553e-08
1.12578 1.4382 200 368.553 5.19675e-08
1.12578 1.4382 200 369.556 5.1192e-08
1.12578 1.4382 200 370.558 5.04288e-08
1.12578 1.4382 200 371.561 4.96775e-08
1.12578 1.4382 200 372.563 4.89381e-08
1.12578 1.4382 200 373.566 4.82103e-08
1.12578 1.4382 200 374.568 4.74938e-08
1.12578 1.4382 200 375.57 4.67886e-08
1.12578 1.4382 200 376.573 4.60944e-08
1.12578 1.4382 200 377.575 4.5411e-08
1.12578 1.4382 200 378.578 4.47383e-08
1.12578 1.4382 200 379.58 4.40761e-08
1.12578 1.4382 200 380.583 4.34242e-08
1.12578 1.4382 200 381.585 4.27824e-08
1.12578 1.4382 200 382.588 4.21506e-08
1.12578 1.4382 200 383.59 4.15286e-08
1.12578 1.4382 200 384.593 4.09162e-08
1.12578 1.4382 200 385.595 4.03134e-08
1.12578 1.4382 200 386.598 3.97198e-08
1.12578 1.4382 200 387.6 3.91354e-08
1.12578 1.4382 200 388.603 3.85601e-08
1.12578 1.4382 200 389.605 3.79936e-08
1.12578 1.4382 200 390.607 3.74358e-08
1.12578 1.4382 200 391.61 3.68867e-08
1.12578 1.4382 200 392.612 3.63459e-08
1.12578 1.4382 200 393.615 3.58135e-08
1.12578 1.4382 200 394.617 3.52893e-08
1.12578 1.4382 200 395.62 3.47731e-08
1.12578 1.4382 200 396.622 3.42648e-08
1.12578 1.4382 200 397.625 3.37642e-08
1.12578 1.4382 200 398.627 3.32714e-08
1.12578 1.4382 200 399.63 3.2786e-08
1.12578 1.4382 200 400.632 3.23081e-08
1.12578 1.4382 200 401.635 3.18374e-08
1.12578 1.4382 200 402.637 3.1374e-08
1.12578 1.4382 200 403.64 3.09175e-08
1.12578 1.4382 200 404.642 3.04681e-08
1.12578 1.4382 200 405.645 3.00254e-08
1.12578 1.4382 200 406.647 2.95895e-08
1.12578 1.4382 200 407.649 2.91601e-08
1.12578 1.4382 200 408.652 2.87373e-08
1.12578 1.4382 200 409.654 2.83209e-08
1.12578 1.4382 200 410.657 2.79108e-08
1.12578 1.4382 200 411.659 2.75068e-08
1.12578 1.4382 200 412.662 2.7109e-08
1.12578 1.4382 200 413.664 2.67172e-08
1.12578 1.4382 200 414.667 2.63313e-08
1.12578 1.4382 200 415.669 2.59512e-08
1.12578 1.4382 200 416.672 2.55768e-08
1.12578 1.4382 200 417.674 2.5208e-08
1.12578 1.4382 200 418.677 2.48448e-08
1.12578 1.4382 200 419.679 2.4487e-08
1.12578 1.4382 200 420.682 2.41346e-08
1.12578 1.4382 200 421.684 2.37875e-08
1.12578 1.4382 200 422.686 2.34456e-08
1.12578 1.4382 200 423.689 2.31088e-08
1.12578 1.4382 200 424.691 2.2777e-08
1.12578 1.4382 200 425.694 2.24502e-08
1.12578 1.4382 200 426.696 2.21282e-08
1.12578 1.4382 200 427.699 2.18111e-08
1.12578 1.4382 200 428.701 2.14987e-08
1.12578 1.4382 200 429.704 2.11909e-08
1.12578 1.4382 200 430.706 2.08877e-08
1.12578 1.4382 200 431.709 2.05891e-08
1.12578 1.4382 200 432.711 2.02948e-08
1.12578 1.4382 200 433.714 2.0005e-08
1.12578 1.4382 200 434.716 1.97194e-08
1.12578 1.4382 200 435.719 1.94381e-08
1.12578 1.4382 200 436.721 1.91609e-08
1.12578 1.4382 200 437.724 1.88878e-08
1.12578 1.4382 200 438.726 1.86188e-08
1.12578 1.4382 200 439.728 1.83537e-08
1.12578 1.4382 200 440.731 1.80926e-08
1.12578 1.4382 200 441.733 1.78353e-08
1.12578 1.4382 200 442.736 1.75818e-08
1.12578 1.4382 200 443.738 1.73321e-08
1.12578 1.4382 200 444.741 1.7086e-08
1.12578 1.4382 200 445.743 1.68436e-08
1.12578 1.4382 200 446.746 1.66047e-08
1.12578 1.4382 200 447.748 1.63693e-08
1.12578 1.4382 200 448.751 1.61374e-08
1.12578 1.4382 200 449.753 1.59089e-08
1.12578 1.4382 200 450.756 1.56837e-08
1.12578 1.4382 200 451.758 1.54618e-08
1.12578 1.4382 200 452.761 1.52432e-08
1.12578 1.4382 200 453.763 1.50278e-08
1.12578 1.4382 200 454.765 1.48155e-08
1.12578 1.4382 200 455.768 1.46064e-08
1.12578 1.4382 200 456.77 1.44003e-08
1.12578 1.4382 200 457.773 1.41972e-08
1.12578 1.4382 200 458.775 1.3997e-08
1.12578 1.4382 200 459.778 1.37998e-08
1.12578 1.4382 200 460.78 1.36055e-08
1.12578 1.4382 200 461.783 1.34139e-08
1.12578 1.4382 200 462.785 1.32252e-08
1.12578 1.4382 200 463.788 1.30392e-08
1.12578 1.4382 200 464.79 1.28559e-08
1.12578 1.4382 200 465.793 1.26753e-08
1.12578 1.4382 200 466.795 1.24973e-08
1.12578 1.4382 200 467.798 1.23219e-08
1.12578 1.4382 200 468.8 1.2149e-08
1.12578 1.4382 200 469.803 1.19787e-08
1.12578 1.4382 200 470.805 1.18108e-08
1.12578 1.4382 200 471.807 1.16453e-08
1.12578 1.4382 200 472.81 1.14822e-08
1.12578 1.4382 200 473.812 1.13215e-08
1.12578 1.4382 200 474.815 1.11631e-08
1.12578 1.4382 200 475.817 1.1007e-08
1.12578 1.4382 200 476.82 1.08531e-08
1.12578 1.4382 200 477.822 1.07014e-08
1.12578 1.4382 200 478.825 1.0552e-08
1.12578 1.4382 200 479.827 1.04047e-08
1.12578 1.4382 200 480.83 1.02595e-08
1.12578 1.4382 200 481.832 1.01164e-08
1.12578 1.4382 200 482.835 9.97534e-09
1.12578 1.4382 200 483.837 9.83633e-09
1.12578 1.4382 200 484.84 9.6993e-09
1.12578 1.4382 200 485.842 9.56425e-09
1.12578 1.4382 200 486.844 9.43113e-09
1.12578 1.4382 200 487.847 9.29992e-09
1.12578 1.4382 200 488.849 9.1706e-09
1.12578 1.4382 200 489.852 9.04312e-09
1.12578 1.4382 200 490.854 8.91747e-09
1.12578 1.4382 200 491.857 8.79361e-09
1.12578 1.4382 200 492.859 8.67153e-09
1.12578 1.4382 200 493.862 8.55119e-09
1.12578 1.4382 200 494.864 8.43256e-09
1.12578 1.4382 200 495.867 8.31564e-09
1.12578 1.4382 200 496.869 8.20038e-09
1.12578 1.4382 200 497.872 8.08676e-09
1.12578 1.4382 200 498.874 7.97476e-09
1.12578 1.4382 200 499.877 7.86436e-09
1.12578 1.4382 200 500.879 7.75553e-09
1.12578 1.4382 200 501.882 7.64824e-09
1.12578 1.4382 200 502.884 7.54249e-09
1.12578 1.4382 200 503.886 7.43823e-09
1.12578 1.4382 200 504.889 7.33546e-09
1.12578 1.4382 200 505.891 7.23415e-09
1.12578 1.4382 200 506.894 7.13427e-09
1.12578 1.4382 200 507.896 7.03581e-09
1.12578 1.4382 200 508.899 6.93875e-09
1.12578 1.4382 200 509.901 6.84306e-09
1.12578 1.4382 200 510.904 6.74873e-09
1.12578 1.4382 200 511.906 6.65573e-09
1.12578 1.4382 200 512.909 6.56405e-09
1.12578 1.4382 200 513.911 6.47367e-09
1.12578 1.4382 200 514.914 6.38456e-09
1.12578 1.4382 200 515.916 6.29672e-09
1.12578 1.4382 200 516.919 6.21011e-09
1.12578 1.4382 200 517.921 6.12472e-09
1.12578 1.4382 200 518.923 6.04055e-09
1.12578 1.4382 200 519.926 5.95755e-09
1.12578 1.4382 200 520.928 5.87573e-09
1.12578 1.4382 200 521.931 5.79506e-09
1.12578 1.4382 200 522.933 5.71553e-09
1.12578 1.4382 200 523.936 5.63711e-09
1.12578 1.4382 200 524.938 5.5598e-09
1.12578 1.4382 200 525.941 5.48358e-09
1.12578 1.4382 200 526.943 5.40843e-09
1.12578 1.4382 200 527.946 5.33433e-09
1.12578 1.4382 200 528.948 5.26127e-09
1.12578 1.4382 200 529.951 5.18924e-09
1.12578 1.4382 200 530.953 5.11822e-09
1.12578 1.4382 200 531.956 5.0482e-09
1.12578 1.4382 200 532.958 4.97916e-09
1.12578 1.4382 200 533.961 4.91108e-09
1.12578 1.4382 200 534.963 4.84396e-09
1.12578 1.4382 200 535.965 4.77778e-09
1.12578 1.4382 200 536.968 4.71253e-09
1.12578 1.4382 200 537.97 4.64818e-09
1.12578 1.4382 200 538.973 4.58474e-09
1.12578 1.4382 200 539.975 4.52219e-09
1.12578 1.4382 200 540.978 4.4605e-09
1.12578 1.4382 200 541.98 4.39968e-09
1.12578 1.4382 200 542.983 4.33971e-09
1.12578 1.4382 200 543.985 4.28058e-09
1.12578 1.4382 200 544.988 4.22227e-09
1.12578 1.4382 200 545.99 4.16477e-09
1.12578 1.4382 200 546.993 4.10807e-09
1.12578 1.4382 200 547.995 4.05217e-09
1.12578 1.4382 200 548.998 3.99704e-09
1.12578 1.4382 200 550 3.94268e-09
