1.26695 1.4382 0 100.01 7.90418e-06
1.26695 1.4382 0 101.012 1.44725e-05
1.26695 1.4382 0 102.015 1.43292e-05
1.26695 1.4382 0 103.017 1.36516e-05
1.26695 1.4382 0 104.02 1.29855e-05
1.26695 1.4382 0 105.022 1.23509e-05
1.26695 1.4382 0 106.025 1.17462e-05
1.26695 1.4382 0 107.027 1.11696e-05
1.26695 1.4382 0 108.03 1.06195e-05
1.26695 1.4382 0 109.032 1.00947e-05
1.26695 1.4382 0 110.035 9.59394e-06
1.26695 1.4382 0 111.037 9.11612e-06
1.26695 1.4382 0 112.04 8.66023e-06
1.26695 1.4382 0 113.042 8.2253e-06
1.26695 1.4382 0 114.045 7.81043e-06
1.26695 1.4382 0 115.047 7.41475e-06
1.26695 1.4382 0 116.05 7.03743e-06
1.26695 1.4382 0 117.052 6.6777e-06
1.26695 1.4382 0 118.055 6.3348e-06
1.26695 1.4382 0 119.057 6.00802e-06
1.26695 1.4382 0 120.06 5.69665e-06
1.26695 1.4382 0 121.062 5.40006e-06
1.26695 1.4382 0 122.065 5.11759e-06
1.26695 1.4382 0 123.067 4.84866e-06
1.26695 1.4382 0 124.07 4.59268e-06
1.26695 1.4382 0 125.072 4.34908e-06
1.26695 1.4382 0 126.075 4.11735e-06
1.26695 1.4382 0 127.077 3.89696e-06
1.26695 1.4382 0 128.079 3.68742e-06
1.26695 1.4382 0 129.082 3.48827e-06
1.26695 1.4382 0 130.084 3.29904e-06
1.26695 1.4382 0 131.087 3.11931e-06
1.26695 1.4382 0 132.089 2.94866e-06
1.26695 1.4382 0 133.092 2.78669e-06
1.26695 1.4382 0 134.094 2.63302e-06
1.26695 1.4382 0 135.097 2.48727e-06
1.26695 1.4382 0 136.099 2.34909e-06
1.26695 1.4382 0 137.102 2.21815e-06
1.26695 1.4382 0 138.104 2.09412e-06
1.26695 1.4382 0 139.107 1.97669e-06
1.26695 1.4382 0 140.109 1.86556e-06
1.26695 1.4382 0 141.112 1.76044e-06
1.26695 1.4382 0 142.114 1.66106e-06
1.26695 1.4382 0 143.117 1.56715e-06
1.26695 1.4382 0 144.119 1.47847e-06
1.26695 1.4382 0 145.122 1.39477e-06
1.26695 1.4382 0 146.124 1.31582e-06
1.26695 1.4382 0 147.127 1.24139e-06
1.26695 1.4382 0 148.129 1.17127e-06
1.26695 1.4382 0 149.132 1.10526e-06
1.26695 1.4382 0 150.134 1.04316e-06
1.26695 1.4382 0 151.137 9.84793e-07
1.26695 1.4382 0 152.139 9.29965e-07
1.26695 1.4382 0 153.142 8.78511e-07
1.26695 1.4382 0 154.144 8.30264e-07
1.26695 1.4382 0 155.146 7.85068e-07
1.26695 1.4382 0 156.149 7.42771e-07
1.26695 1.4382 0 157.151 7.03229e-07
1.26695 1.4382 0 158.154 6.66304e-07
1.26695 1.4382 0 159.156 6.31863e-07
1.26695 1.4382 0 160.159 5.99779e-07
1.26695 1.4382 0 161.161 5.69931e-07
1.26695 1.4382 0 162.164 5.42205e-07
1.26695 1.4382 0 163.166 5.16488e-07
1.26695 1.4382 0 164.169 4.92675e-07
1.26695 1.4382 0 165.171 4.70665e-07
1.26695 1.4382 0 166.174 4.5036e-07
1.26695 1.4382 0 167.176 4.3167e-07
1.26695 1.4382 0 168.179 4.14505e-07
1.26695 1.4382 0 169.181 3.9878e-07
1.26695 1.4382 0 170.184 3.84416e-07
1.26695 1.4382 0 171.186 3.71336e-07
1.26695 1.4382 0 172.189 3.59466e-07
1.26695 1.4382 0 173.191 3.48737e-07
1.26695 1.4382 0 174.194 3.3908e-07
1.26695 1.4382 0 175.196 3.30434e-07
1.26695 1.4382 0 176.199 3.22737e-07
1.26695 1.4382 0 177.201 3.15931e-07
1.26695 1.4382 0 178.204 3.0996e-07
1.26695 1.4382 0 179.206 3.04774e-07
1.26695 1.4382 0 180.208 3.00321e-07
1.26695 1.4382 0 181.211 2.96553e-07
1.26695 1.4382 0 182.213 2.93427e-07
1.26695 1.4382 0 183.216 2.90897e-07
1.26695 1.4382 0 184.218 2.88924e-07
1.26695 1.4382 0 185.221 2.87468e-07
1.26695 1.4382 0 186.223 2.86492e-07
1.26695 1.4382 0 187.226 2.85962e-07
1.26695 1.4382 0 188.228 2.85842e-07
1.26695 1.4382 0 189.231 2.86103e-07
1.26695 1.4382 0 190.233 2.86713e-07
1.26695 1.4382 0 191.236 2.87644e-07
1.26695 1.4382 0 192.238 2.88869e-07
1.26695 1.4382 0 193.241 2.90362e-07
1.26695 1.4382 0 194.243 2.92099e-07
1.26695 1.4382 0 195.246 2.94057e-07
1.26695 1.4382 0 196.248 2.96215e-07
1.26695 1.4382 0 197.251 2.9855e-07
1.26695 1.4382 0 198.253 3.01045e-07
1.26695 1.4382 0 199.256 3.03681e-07
1.26695 1.4382 0 200.258 3.0644e-07
1.26695 1.4382 0 201.261 3.09306e-07
1.26695 1.4382 0 202.263 3.12263e-07
1.26695 1.4382 0 203.266 3.15298e-07
1.26695 1.4382 0 204.268 3.18397e-07
1.26695 1.4382 0 205.271 3.21546e-07
1.26695 1.4382 0 206.273 3.24734e-07
1.26695 1.4382 0 207.275 3.27949e-07
1.26695 1.4382 0 208.278 3.31181e-07
1.26695 1.4382 0 209.28 3.3442e-07
1.26695 1.4382 0 210.283 3.37657e-07
1.26695 1.4382 0 211.285 3.40883e-07
1.26695 1.4382 0 212.288 3.4409e-07
1.26695 1.4382 0 213.29 3.4727e-07
1.26695 1.4382 0 214.293 3.50418e-07
1.26695 1.4382 0 215.295 3.53525e-07
1.26695 1.4382 0 216.298 3.56586e-07
1.26695 1.4382 0 217.3 3.59597e-07
1.26695 1.4382 0 218.303 3.6255e-07
1.26695 1.4382 0 219.305 3.65443e-07
1.26695 1.4382 0 220.308 3.68271e-07
1.26695 1.4382 0 221.31 3.71029e-07
1.26695 1.4382 0 222.313 3.73714e-07
1.26695 1.4382 0 223.315 3.76324e-07
1.26695 1.4382 0 224.318 3.78854e-07
1.26695 1.4382 0 225.32 3.81304e-07
1.26695 1.4382 0 226.323 3.83669e-07
1.26695 1.4382 0 227.325 3.85948e-07
1.26695 1.4382 0 228.328 3.8814e-07
1.26695 1.4382 0 229.33 3.90243e-07
1.26695 1.4382 0 230.333 3.92255e-07
1.26695 1.4382 0 231.335 3.94176e-07
1.26695 1.4382 0 232.338 3.96003e-07
1.26695 1.4382 0 233.34 3.97738e-07
1.26695 1.4382 0 234.342 3.99379e-07
1.26695 1.4382 0 235.345 4.00926e-07
1.26695 1.4382 0 236.347 4.02378e-07
1.26695 1.4382 0 237.35 4.03736e-07
1.26695 1.4382 0 238.352 4.04999e-07
1.26695 1.4382 0 239.355 4.06168e-07
1.26695 1.4382 0 240.357 4.07243e-07
1.26695 1.4382 0 241.36 4.08225e-07
1.26695 1.4382 0 242.362 4.09114e-07
1.26695 1.4382 0 243.365 4.09911e-07
1.26695 1.4382 0 244.367 4.10616e-07
1.26695 1.4382 0 245.37 4.1123e-07
1.26695 1.4382 0 246.372 4.11754e-07
1.26695 1.4382 0 247.375 4.1219e-07
1.26695 1.4382 0 248.377 4.12537e-07
1.26695 1.4382 0 249.38 4.12798e-07
1.26695 1.4382 0 250.382 4.12974e-07
1.26695 1.4382 0 251.385 4.13064e-07
1.26695 1.4382 0 252.387 4.13072e-07
1.26695 1.4382 0 253.39 4.12998e-07
1.26695 1.4382 0 254.392 4.12843e-07
1.26695 1.4382 0 255.395 4.1261e-07
1.26695 1.4382 0 256.397 4.12298e-07
1.26695 1.4382 0 257.4 4.1191e-07
1.26695 1.4382 0 258.402 4.11447e-07
1.26695 1.4382 0 259.405 4.10911e-07
1.26695 1.4382 0 260.407 4.10303e-07
1.26695 1.4382 0 261.409 4.09625e-07
1.26695 1.4382 0 262.412 4.08877e-07
1.26695 1.4382 0 263.414 4.08062e-07
1.26695 1.4382 0 264.417 4.07182e-07
1.26695 1.4382 0 265.419 4.06237e-07
1.26695 1.4382 0 266.422 4.05229e-07
1.26695 1.4382 0 267.424 4.0416e-07
1.26695 1.4382 0 268.427 4.03032e-07
1.26695 1.4382 0 269.429 4.01845e-07
1.26695 1.4382 0 270.432 4.00602e-07
1.26695 1.4382 0 271.434 3.99304e-07
1.26695 1.4382 0 272.437 3.97952e-07
1.26695 1.4382 0 273.439 3.96548e-07
1.26695 1.4382 0 274.442 3.95094e-07
1.26695 1.4382 0 275.444 3.93591e-07
1.26695 1.4382 0 276.447 3.9204e-07
1.26695 1.4382 0 277.449 3.90444e-07
1.26695 1.4382 0 278.452 3.88802e-07
1.26695 1.4382 0 279.454 3.87118e-07
1.26695 1.4382 0 280.457 3.85392e-07
1.26695 1.4382 0 281.459 3.83626e-07
1.26695 1.4382 0 282.462 3.8182e-07
1.26695 1.4382 0 283.464 3.79978e-07
1.26695 1.4382 0 284.467 3.78099e-07
1.26695 1.4382 0 285.469 3.76185e-07
1.26695 1.4382 0 286.472 3.74238e-07
1.26695 1.4382 0 287.474 3.72259e-07
1.26695 1.4382 0 288.476 3.70249e-07
1.26695 1.4382 0 289.479 3.6821e-07
1.26695 1.4382 0 290.481 3.66142e-07
1.26695 1.4382 0 291.484 3.64047e-07
1.26695 1.4382 0 292.486 3.61926e-07
1.26695 1.4382 0 293.489 3.5978e-07
1.26695 1.4382 0 294.491 3.57611e-07
1.26695 1.4382 0 295.494 3.55419e-07
1.26695 1.4382 0 296.496 3.53206e-07
1.26695 1.4382 0 297.499 3.50973e-07
1.26695 1.4382 0 298.501 3.48721e-07
1.26695 1.4382 0 299.504 3.46451e-07
1.26695 1.4382 0 300.506 3.44163e-07
1.26695 1.4382 0 301.509 3.4186e-07
1.26695 1.4382 0 302.511 3.39542e-07
1.26695 1.4382 0 303.514 3.3721e-07
1.26695 1.4382 0 304.516 3.34864e-07
1.26695 1.4382 0 305.519 3.32507e-07
1.26695 1.4382 0 306.521 3.30138e-07
1.26695 1.4382 0 307.524 3.27759e-07
1.26695 1.4382 0 308.526 3.25371e-07
1.26695 1.4382 0 309.529 3.22974e-07
1.26695 1.4382 0 310.531 3.20569e-07
1.26695 1.4382 0 311.534 3.18157e-07
1.26695 1.4382 0 312.536 3.15739e-07
1.26695 1.4382 0 313.538 3.13316e-07
1.26695 1.4382 0 314.541 3.10888e-07
1.26695 1.4382 0 315.543 3.08456e-07
1.26695 1.4382 0 316.546 3.06021e-07
1.26695 1.4382 0 317.548 3.03584e-07
1.26695 1.4382 0 318.551 3.01145e-07
1.26695 1.4382 0 319.553 2.98704e-07
1.26695 1.4382 0 320.556 2.96263e-07
1.26695 1.4382 0 321.558 2.93823e-07
1.26695 1.4382 0 322.561 2.91382e-07
1.26695 1.4382 0 323.563 2.88944e-07
1.26695 1.4382 0 324.566 2.86507e-07
1.26695 1.4382 0 325.568 2.84073e-07
1.26695 1.4382 0 326.571 2.81641e-07
1.26695 1.4382 0 327.573 2.79213e-07
1.26695 1.4382 0 328.576 2.7679e-07
1.26695 1.4382 0 329.578 2.7437e-07
1.26695 1.4382 0 330.581 2.71956e-07
1.26695 1.4382 0 331.583 2.69547e-07
1.26695 1.4382 0 332.586 2.67144e-07
1.26695 1.4382 0 333.588 2.64748e-07
1.26695 1.4382 0 334.591 2.62358e-07
1.26695 1.4382 0 335.593 2.59975e-07
1.26695 1.4382 0 336.596 2.576e-07
1.26695 1.4382 0 337.598 2.55233e-07
1.26695 1.4382 0 338.601 2.52874e-07
1.26695 1.4382 0 339.603 2.50524e-07
1.26695 1.4382 0 340.605 2.48183e-07
1.26695 1.4382 0 341.608 2.45851e-07
1.26695 1.4382 0 342.61 2.43529e-07
1.26695 1.4382 0 343.613 2.41217e-07
1.26695 1.4382 0 344.615 2.38915e-07
1.26695 1.4382 0 345.618 2.36624e-07
1.26695 1.4382 0 346.62 2.34343e-07
1.26695 1.4382 0 347.623 2.32074e-07
1.26695 1.4382 0 348.625 2.29816e-07
1.26695 1.4382 0 349.628 2.27569e-07
1.26695 1.4382 0 350.63 2.25334e-07
1.26695 1.4382 0 351.633 2.23111e-07
1.26695 1.4382 0 352.635 2.209e-07
1.26695 1.4382 0 353.638 2.18702e-07
1.26695 1.4382 0 354.64 2.16516e-07
1.26695 1.4382 0 355.643 2.14343e-07
1.26695 1.4382 0 356.645 2.12183e-07
1.26695 1.4382 0 357.648 2.10036e-07
1.26695 1.4382 0 358.65 2.07902e-07
1.26695 1.4382 0 359.653 2.05782e-07
1.26695 1.4382 0 360.655 2.03675e-07
1.26695 1.4382 0 361.658 2.01582e-07
1.26695 1.4382 0 362.66 1.99503e-07
1.26695 1.4382 0 363.663 1.97437e-07
1.26695 1.4382 0 364.665 1.95386e-07
1.26695 1.4382 0 365.668 1.93348e-07
1.26695 1.4382 0 366.67 1.91325e-07
1.26695 1.4382 0 367.672 1.89316e-07
1.26695 1.4382 0 368.675 1.87322e-07
1.26695 1.4382 0 369.677 1.85342e-07
1.26695 1.4382 0 370.68 1.83376e-07
1.26695 1.4382 0 371.682 1.81425e-07
1.26695 1.4382 0 372.685 1.79489e-07
1.26695 1.4382 0 373.687 1.77567e-07
1.26695 1.4382 0 374.69 1.7566e-07
1.26695 1.4382 0 375.692 1.73768e-07
1.26695 1.4382 0 376.695 1.7189e-07
1.26695 1.4382 0 377.697 1.70028e-07
1.26695 1.4382 0 378.7 1.6818e-07
1.26695 1.4382 0 379.702 1.66347e-07
1.26695 1.4382 0 380.705 1.64529e-07
1.26695 1.4382 0 381.707 1.62726e-07
1.26695 1.4382 0 382.71 1.60937e-07
1.26695 1.4382 0 383.712 1.59164e-07
1.26695 1.4382 0 384.715 1.57405e-07
1.26695 1.4382 0 385.717 1.55662e-07
1.26695 1.4382 0 386.72 1.53933e-07
1.26695 1.4382 0 387.722 1.52219e-07
1.26695 1.4382 0 388.725 1.5052e-07
1.26695 1.4382 0 389.727 1.48836e-07
1.26695 1.4382 0 390.73 1.47166e-07
1.26695 1.4382 0 391.732 1.45512e-07
1.26695 1.4382 0 392.735 1.43872e-07
1.26695 1.4382 0 393.737 1.42247e-07
1.26695 1.4382 0 394.739 1.40636e-07
1.26695 1.4382 0 395.742 1.3904e-07
1.26695 1.4382 0 396.744 1.37459e-07
1.26695 1.4382 0 397.747 1.35892e-07
1.26695 1.4382 0 398.749 1.3434e-07
1.26695 1.4382 0 399.752 1.32802e-07
1.26695 1.4382 0 400.754 1.31278e-07
1.26695 1.4382 0 401.757 1.29769e-07
1.26695 1.4382 0 402.759 1.28274e-07
1.26695 1.4382 0 403.762 1.26794e-07
1.26695 1.4382 0 404.764 1.25327e-07
1.26695 1.4382 0 405.767 1.23875e-07
1.26695 1.4382 0 406.769 1.22436e-07
1.26695 1.4382 0 407.772 1.21012e-07
1.26695 1.4382 0 408.774 1.19601e-07
1.26695 1.4382 0 409.777 1.18205e-07
1.26695 1.4382 0 410.779 1.16822e-07
1.26695 1.4382 0 411.782 1.15452e-07
1.26695 1.4382 0 412.784 1.14097e-07
1.26695 1.4382 0 413.787 1.12755e-07
1.26695 1.4382 0 414.789 1.11426e-07
1.26695 1.4382 0 415.792 1.10111e-07
1.26695 1.4382 0 416.794 1.08809e-07
1.26695 1.4382 0 417.797 1.0752e-07
1.26695 1.4382 0 418.799 1.06245e-07
1.26695 1.4382 0 419.802 1.04982e-07
1.26695 1.4382 0 420.804 1.03732e-07
1.26695 1.4382 0 421.806 1.02496e-07
1.26695 1.4382 0 422.809 1.01272e-07
1.26695 1.4382 0 423.811 1.00061e-07
1.26695 1.4382 0 424.814 9.88621e-08
1.26695 1.4382 0 425.816 9.76762e-08
1.26695 1.4382 0 426.819 9.65026e-08
1.26695 1.4382 0 427.821 9.53415e-08
1.26695 1.4382 0 428.824 9.41926e-08
1.26695 1.4382 0 429.826 9.30559e-08
1.26695 1.4382 0 430.829 9.19314e-08
1.26695 1.4382 0 431.831 9.08188e-08
1.26695 1.4382 0 432.834 8.97182e-08
1.26695 1.4382 0 433.836 8.86294e-08
1.26695 1.4382 0 434.839 8.75523e-08
1.26695 1.4382 0 435.841 8.64869e-08
1.26695 1.4382 0 436.844 8.54331e-08
1.26695 1.4382 0 437.846 8.43907e-08
1.26695 1.4382 0 438.849 8.33597e-08
1.26695 1.4382 0 439.851 8.23399e-08
1.26695 1.4382 0 440.854 8.13314e-08
1.26695 1.4382 0 441.856 8.0334e-08
1.26695 1.4382 0 442.859 7.93476e-08
1.26695 1.4382 0 443.861 7.8372e-08
1.26695 1.4382 0 444.864 7.74073e-08
1.26695 1.4382 0 445.866 7.64534e-08
1.26695 1.4382 0 446.868 7.55101e-08
1.26695 1.4382 0 447.871 7.45773e-08
1.26695 1.4382 0 448.873 7.3655e-08
1.26695 1.4382 0 449.876 7.2743e-08
1.26695 1.4382 0 450.878 7.18413e-08
1.26695 1.4382 0 451.881 7.09498e-08
1.26695 1.4382 0 452.883 7.00684e-08
1.26695 1.4382 0 453.886 6.9197e-08
1.26695 1.4382 0 454.888 6.83355e-08
1.26695 1.4382 0 455.891 6.74838e-08
1.26695 1.4382 0 456.893 6.66418e-08
1.26695 1.4382 0 457.896 6.58094e-08
1.26695 1.4382 0 458.898 6.49867e-08
1.26695 1.4382 0 459.901 6.41733e-08
1.26695 1.4382 0 460.903 6.33693e-08
1.26695 1.4382 0 461.906 6.25747e-08
1.26695 1.4382 0 462.908 6.17892e-08
1.26695 1.4382 0 463.911 6.10128e-08
1.26695 1.4382 0 464.913 6.02454e-08
1.26695 1.4382 0 465.916 5.94869e-08
1.26695 1.4382 0 466.918 5.87373e-08
1.26695 1.4382 0 467.921 5.79964e-08
1.26695 1.4382 0 468.923 5.72642e-08
1.26695 1.4382 0 469.926 5.65406e-08
1.26695 1.4382 0 470.928 5.58255e-08
1.26695 1.4382 0 471.931 5.51188e-08
1.26695 1.4382 0 472.933 5.44204e-08
1.26695 1.4382 0 473.935 5.37303e-08
1.26695 1.4382 0 474.938 5.30483e-08
1.26695 1.4382 0 475.94 5.23744e-08
1.26695 1.4382 0 476.943 5.17085e-08
1.26695 1.4382 0 477.945 5.10505e-08
1.26695 1.4382 0 478.948 5.04004e-08
1.26695 1.4382 0 479.95 4.9758e-08
1.26695 1.4382 0 480.953 4.91233e-08
1.26695 1.4382 0 481.955 4.84962e-08
1.26695 1.4382 0 482.958 4.78765e-08
1.26695 1.4382 0 483.96 4.72644e-08
1.26695 1.4382 0 484.963 4.66595e-08
1.26695 1.4382 0 485.965 4.6062e-08
1.26695 1.4382 0 486.968 4.54717e-08
1.26695 1.4382 0 487.97 4.48884e-08
1.26695 1.4382 0 488.973 4.43123e-08
1.26695 1.4382 0 489.975 4.37431e-08
1.26695 1.4382 0 490.978 4.31808e-08
1.26695 1.4382 0 491.98 4.26254e-08
1.26695 1.4382 0 492.983 4.20766e-08
1.26695 1.4382 0 493.985 4.15346e-08
1.26695 1.4382 0 494.988 4.09992e-08
1.26695 1.4382 0 495.99 4.04703e-08
1.26695 1.4382 0 496.993 3.99479e-08
1.26695 1.4382 0 497.995 3.94319e-08
1.26695 1.4382 0 498.998 3.89222e-08
1.26695 1.4382 0 500 3.84187e-08

