4.54014 1.4382 0 150.015 9.1966e-06
4.54014 1.4382 0 151.017 1.50239e-05
4.54014 1.4382 0 152.02 1.34879e-05
4.54014 1.4382 0 153.022 1.17162e-05
4.54014 1.4382 0 154.025 1.03254e-05
4.54014 1.4382 0 155.027 9.20846e-06
4.54014 1.4382 0 156.03 8.28264e-06
4.54014 1.4382 0 157.032 7.49767e-06
4.54014 1.4382 0 158.035 6.82122e-06
4.54014 1.4382 0 159.037 6.23108e-06
4.54014 1.4382 0 160.04 5.71127e-06
4.54014 1.4382 0 161.042 5.24982e-06
4.54014 1.4382 0 162.045 4.83753e-06
4.54014 1.4382 0 163.047 4.46718e-06
4.54014 1.4382 0 164.05 4.13296e-06
4.54014 1.4382 0 165.052 3.83013e-06
4.54014 1.4382 0 166.054 3.55479e-06
4.54014 1.4382 0 167.057 3.30368e-06
4.54014 1.4382 0 168.059 3.07403e-06
4.54014 1.4382 0 169.062 2.86351e-06
4.54014 1.4382 0 170.064 2.6701e-06
4.54014 1.4382 0 171.067 2.49206e-06
4.54014 1.4382 0 172.069 2.32787e-06
4.54014 1.4382 0 173.072 2.1762e-06
4.54014 1.4382 0 174.074 2.03591e-06
4.54014 1.4382 0 175.077 1.90594e-06
4.54014 1.4382 0 176.079 1.7854e-06
4.54014 1.4382 0 177.082 1.67347e-06
4.54014 1.4382 0 178.084 1.56942e-06
4.54014 1.4382 0 179.087 1.4726e-06
4.54014 1.4382 0 180.089 1.38243e-06
4.54014 1.4382 0 181.092 1.29837e-06
4.54014 1.4382 0 182.094 1.21995e-06
4.54014 1.4382 0 183.096 1.14674e-06
4.54014 1.4382 0 184.099 1.07833e-06
4.54014 1.4382 0 185.101 1.01438e-06
4.54014 1.4382 0 186.104 9.54549e-07
4.54014 1.4382 0 187.106 8.98545e-07
4.54014 1.4382 0 188.109 8.46092e-07
4.54014 1.4382 0 189.111 7.96939e-07
4.54014 1.4382 0 190.114 7.50856e-07
4.54014 1.4382 0 191.116 7.07631e-07
4.54014 1.4382 0 192.119 6.67067e-07
4.54014 1.4382 0 193.121 6.28985e-07
4.54014 1.4382 0 194.124 5.93219e-07
4.54014 1.4382 0 195.126 5.59614e-07
4.54014 1.4382 0 196.129 5.28028e-07
4.54014 1.4382 0 197.131 4.9833e-07
4.54014 1.4382 0 198.133 4.70397e-07
4.54014 1.4382 0 199.136 4.44117e-07
4.54014 1.4382 0 200.138 4.19383e-07
4.54014 1.4382 0 201.141 3.96098e-07
4.54014 1.4382 0 202.143 3.7417e-07
4.54014 1.4382 0 203.146 3.53516e-07
4.54014 1.4382 0 204.148 3.34055e-07
4.54014 1.4382 0 205.151 3.15716e-07
4.54014 1.4382 0 206.153 2.98427e-07
4.54014 1.4382 0 207.156 2.82127e-07
4.54014 1.4382 0 208.158 2.66755e-07
4.54014 1.4382 0 209.161 2.52254e-07
4.54014 1.4382 0 210.163 2.38573e-07
4.54014 1.4382 0 211.166 2.25663e-07
4.54014 1.4382 0 212.168 2.13478e-07
4.54014 1.4382 0 213.171 2.01975e-07
4.54014 1.4382 0 214.173 1.91114e-07
4.54014 1.4382 0 215.175 1.80858e-07
4.54014 1.4382 0 216.178 1.71171e-07
4.54014 1.4382 0 217.18 1.6202e-07
4.54014 1.4382 0 218.183 1.53374e-07
4.54014 1.4382 0 219.185 1.45204e-07
4.54014 1.4382 0 220.188 1.37483e-07
4.54014 1.4382 0 221.19 1.30184e-07
4.54014 1.4382 0 222.193 1.23285e-07
4.54014 1.4382 0 223.195 1.16762e-07
4.54014 1.4382 0 224.198 1.10593e-07
4.54014 1.4382 0 225.2 1.0476e-07
4.54014 1.4382 0 226.203 9.92422e-08
4.54014 1.4382 0 227.205 9.40229e-08
4.54014 1.4382 0 228.208 8.90851e-08
4.54014 1.4382 0 229.21 8.44132e-08
4.54014 1.4382 0 230.212 7.99923e-08
4.54014 1.4382 0 231.215 7.58086e-08
4.54014 1.4382 0 232.217 7.18488e-08
4.54014 1.4382 0 233.22 6.81006e-08
4.54014 1.4382 0 234.222 6.45524e-08
4.54014 1.4382 0 235.225 6.11932e-08
4.54014 1.4382 0 236.227 5.80126e-08
4.54014 1.4382 0 237.23 5.50008e-08
4.54014 1.4382 0 238.232 5.21487e-08
4.54014 1.4382 0 239.235 4.94475e-08
4.54014 1.4382 0 240.237 4.6889e-08
4.54014 1.4382 0 241.24 4.44655e-08
4.54014 1.4382 0 242.242 4.21697e-08
4.54014 1.4382 0 243.245 3.99947e-08
4.54014 1.4382 0 244.247 3.79339e-08
4.54014 1.4382 0 245.25 3.59813e-08
4.54014 1.4382 0 246.252 3.4131e-08
4.54014 1.4382 0 247.254 3.23775e-08
4.54014 1.4382 0 248.257 3.07156e-08
4.54014 1.4382 0 249.259 2.91405e-08
4.54014 1.4382 0 250.262 2.76476e-08
4.54014 1.4382 0 251.264 2.62323e-08
4.54014 1.4382 0 252.267 2.48907e-08
4.54014 1.4382 0 253.269 2.36188e-08
4.54014 1.4382 0 254.272 2.24129e-08
4.54014 1.4382 0 255.274 2.12695e-08
4.54014 1.4382 0 256.277 2.01853e-08
4.54014 1.4382 0 257.279 1.91572e-08
4.54014 1.4382 0 258.282 1.81822e-08
4.54014 1.4382 0 259.284 1.72576e-08
4.54014 1.4382 0 260.287 1.63806e-08
4.54014 1.4382 0 261.289 1.55488e-08
4.54014 1.4382 0 262.291 1.47599e-08
4.54014 1.4382 0 263.294 1.40115e-08
4.54014 1.4382 0 264.296 1.33015e-08
4.54014 1.4382 0 265.299 1.2628e-08
4.54014 1.4382 0 266.301 1.1989e-08
4.54014 1.4382 0 267.304 1.13828e-08
4.54014 1.4382 0 268.306 1.08076e-08
4.54014 1.4382 0 269.309 1.02618e-08
4.54014 1.4382 0 270.311 9.74396e-09
4.54014 1.4382 0 271.314 9.25252e-09
4.54014 1.4382 0 272.316 8.78616e-09
4.54014 1.4382 0 273.319 8.34358e-09
4.54014 1.4382 0 274.321 7.92355e-09
4.54014 1.4382 0 275.324 7.52489e-09
4.54014 1.4382 0 276.326 7.14652e-09
4.54014 1.4382 0 277.329 6.78738e-09
4.54014 1.4382 0 278.331 6.44648e-09
4.54014 1.4382 0 279.333 6.12288e-09
4.54014 1.4382 0 280.336 5.8157e-09
4.54014 1.4382 0 281.338 5.52408e-09
4.54014 1.4382 0 282.341 5.24724e-09
4.54014 1.4382 0 283.343 4.98441e-09
4.54014 1.4382 0 284.346 4.73487e-09
4.54014 1.4382 0 285.348 4.49795e-09
4.54014 1.4382 0 286.351 4.273e-09
4.54014 1.4382 0 287.353 4.0594e-09
4.54014 1.4382 0 288.356 3.85658e-09
4.54014 1.4382 0 289.358 3.66399e-09
4.54014 1.4382 0 290.361 3.4811e-09
4.54014 1.4382 0 291.363 3.30743e-09
4.54014 1.4382 0 292.366 3.14249e-09
4.54014 1.4382 0 293.368 2.98586e-09
4.54014 1.4382 0 294.37 2.83709e-09
4.54014 1.4382 0 295.373 2.69581e-09
4.54014 1.4382 0 296.375 2.56161e-09
4.54014 1.4382 0 297.378 2.43416e-09
4.54014 1.4382 0 298.38 2.31309e-09
4.54014 1.4382 0 299.383 2.1981e-09
4.54014 1.4382 0 300.385 2.08887e-09
4.54014 1.4382 0 301.388 1.98511e-09
4.54014 1.4382 0 302.39 1.88655e-09
4.54014 1.4382 0 303.393 1.79291e-09
4.54014 1.4382 0 304.395 1.70396e-09
4.54014 1.4382 0 305.398 1.61946e-09
4.54014 1.4382 0 306.4 1.53917e-09
4.54014 1.4382 0 307.403 1.4629e-09
4.54014 1.4382 0 308.405 1.39044e-09
4.54014 1.4382 0 309.408 1.32158e-09
4.54014 1.4382 0 310.41 1.25617e-09
4.54014 1.4382 0 311.412 1.19401e-09
4.54014 1.4382 0 312.415 1.13495e-09
4.54014 1.4382 0 313.417 1.07883e-09
4.54014 1.4382 0 314.42 1.02551e-09
4.54014 1.4382 0 315.422 9.74839e-10
4.54014 1.4382 0 316.425 9.26688e-10
4.54014 1.4382 0 317.427 8.80932e-10
4.54014 1.4382 0 318.43 8.37449e-10
4.54014 1.4382 0 319.432 7.96126e-10
4.54014 1.4382 0 320.435 7.56855e-10
4.54014 1.4382 0 321.437 7.19534e-10
4.54014 1.4382 0 322.44 6.84064e-10
4.54014 1.4382 0 323.442 6.50354e-10
4.54014 1.4382 0 324.445 6.18315e-10
4.54014 1.4382 0 325.447 5.87864e-10
4.54014 1.4382 0 326.449 5.58921e-10
4.54014 1.4382 0 327.452 5.31412e-10
4.54014 1.4382 0 328.454 5.05264e-10
4.54014 1.4382 0 329.457 4.80411e-10
4.54014 1.4382 0 330.459 4.56787e-10
4.54014 1.4382 0 331.462 4.34331e-10
4.54014 1.4382 0 332.464 4.12985e-10
4.54014 1.4382 0 333.467 3.92694e-10
4.54014 1.4382 0 334.469 3.73406e-10
4.54014 1.4382 0 335.472 3.5507e-10
4.54014 1.4382 0 336.474 3.37639e-10
4.54014 1.4382 0 337.477 3.21069e-10
4.54014 1.4382 0 338.479 3.05316e-10
4.54014 1.4382 0 339.482 2.9034e-10
4.54014 1.4382 0 340.484 2.76102e-10
4.54014 1.4382 0 341.487 2.62566e-10
4.54014 1.4382 0 342.489 2.49697e-10
4.54014 1.4382 0 343.491 2.37462e-10
4.54014 1.4382 0 344.494 2.25829e-10
4.54014 1.4382 0 345.496 2.14769e-10
4.54014 1.4382 0 346.499 2.04253e-10
4.54014 1.4382 0 347.501 1.94255e-10
4.54014 1.4382 0 348.504 1.84748e-10
4.54014 1.4382 0 349.506 1.75709e-10
4.54014 1.4382 0 350.509 1.67114e-10
4.54014 1.4382 0 351.511 1.58942e-10
4.54014 1.4382 0 352.514 1.51171e-10
4.54014 1.4382 0 353.516 1.43782e-10
4.54014 1.4382 0 354.519 1.36755e-10
4.54014 1.4382 0 355.521 1.30073e-10
4.54014 1.4382 0 356.524 1.2372e-10
4.54014 1.4382 0 357.526 1.17678e-10
4.54014 1.4382 0 358.528 1.11932e-10
4.54014 1.4382 0 359.531 1.06468e-10
4.54014 1.4382 0 360.533 1.01272e-10
4.54014 1.4382 0 361.536 9.63305e-11
4.54014 1.4382 0 362.538 9.16312e-11
4.54014 1.4382 0 363.541 8.71621e-11
4.54014 1.4382 0 364.543 8.29118e-11
4.54014 1.4382 0 365.546 7.88697e-11
4.54014 1.4382 0 366.548 7.50254e-11
4.54014 1.4382 0 367.551 7.13692e-11
4.54014 1.4382 0 368.553 6.78919e-11
4.54014 1.4382 0 369.556 6.45846e-11
4.54014 1.4382 0 370.558 6.14392e-11
4.54014 1.4382 0 371.561 5.84474e-11
4.54014 1.4382 0 372.563 5.5602e-11
4.54014 1.4382 0 373.566 5.28955e-11
4.54014 1.4382 0 374.568 5.03214e-11
4.54014 1.4382 0 375.57 4.78729e-11
4.54014 1.4382 0 376.573 4.5544e-11
4.54014 1.4382 0 377.575 4.33288e-11
4.54014 1.4382 0 378.578 4.12218e-11
4.54014 1.4382 0 379.58 3.92176e-11
4.54014 1.4382 0 380.583 3.73111e-11
4.54014 1.4382 0 381.585 3.54977e-11
4.54014 1.4382 0 382.588 3.37727e-11
4.54014 1.4382 0 383.59 3.21319e-11
4.54014 1.4382 0 384.593 3.0571e-11
4.54014 1.4382 0 385.595 2.90862e-11
4.54014 1.4382 0 386.598 2.76738e-11
4.54014 1.4382 0 387.6 2.63301e-11
4.54014 1.4382 0 388.603 2.5052e-11
4.54014 1.4382 0 389.605 2.38361e-11
4.54014 1.4382 0 390.607 2.26793e-11
4.54014 1.4382 0 391.61 2.1579e-11
4.54014 1.4382 0 392.612 2.05321e-11
4.54014 1.4382 0 393.615 1.95362e-11
4.54014 1.4382 0 394.617 1.85888e-11
4.54014 1.4382 0 395.62 1.76875e-11
4.54014 1.4382 0 396.622 1.683e-11
4.54014 1.4382 0 397.625 1.60142e-11
4.54014 1.4382 0 398.627 1.5238e-11
4.54014 1.4382 0 399.63 1.44996e-11
4.54014 1.4382 0 400.632 1.37971e-11
4.54014 1.4382 0 401.635 1.31287e-11
4.54014 1.4382 0 402.637 1.24928e-11
4.54014 1.4382 0 403.64 1.18878e-11
4.54014 1.4382 0 404.642 1.13122e-11
4.54014 1.4382 0 405.645 1.07645e-11
4.54014 1.4382 0 406.647 1.02434e-11
4.54014 1.4382 0 407.649 9.74764e-12
4.54014 1.4382 0 408.652 9.27592e-12
4.54014 1.4382 0 409.654 8.82708e-12
4.54014 1.4382 0 410.657 8.40003e-12
4.54014 1.4382 0 411.659 7.9937e-12
4.54014 1.4382 0 412.662 7.60707e-12
4.54014 1.4382 0 413.664 7.23919e-12
4.54014 1.4382 0 414.667 6.88916e-12
4.54014 1.4382 0 415.669 6.55609e-12
4.54014 1.4382 0 416.672 6.23917e-12
4.54014 1.4382 0 417.674 5.9376e-12
4.54014 1.4382 0 418.677 5.65066e-12
4.54014 1.4382 0 419.679 5.37761e-12
4.54014 1.4382 0 420.682 5.11779e-12
4.54014 1.4382 0 421.684 4.87056e-12
4.54014 1.4382 0 422.686 4.6353e-12
4.54014 1.4382 0 423.689 4.41144e-12
4.54014 1.4382 0 424.691 4.19841e-12
4.54014 1.4382 0 425.694 3.99569e-12
4.54014 1.4382 0 426.696 3.80279e-12
4.54014 1.4382 0 427.699 3.61922e-12
4.54014 1.4382 0 428.701 3.44454e-12
4.54014 1.4382 0 429.704 3.2783e-12
4.54014 1.4382 0 430.706 3.12011e-12
4.54014 1.4382 0 431.709 2.96957e-12
4.54014 1.4382 0 432.711 2.82631e-12
4.54014 1.4382 0 433.714 2.68998e-12
4.54014 1.4382 0 434.716 2.56023e-12
4.54014 1.4382 0 435.719 2.43677e-12
4.54014 1.4382 0 436.721 2.31926e-12
4.54014 1.4382 0 437.724 2.20744e-12
4.54014 1.4382 0 438.726 2.10102e-12
4.54014 1.4382 0 439.728 1.99974e-12
4.54014 1.4382 0 440.731 1.90336e-12
4.54014 1.4382 0 441.733 1.81163e-12
4.54014 1.4382 0 442.736 1.72433e-12
4.54014 1.4382 0 443.738 1.64125e-12
4.54014 1.4382 0 444.741 1.56218e-12
4.54014 1.4382 0 445.743 1.48693e-12
4.54014 1.4382 0 446.746 1.41531e-12
4.54014 1.4382 0 447.748 1.34714e-12
4.54014 1.4382 0 448.751 1.28227e-12
4.54014 1.4382 0 449.753 1.22052e-12
4.54014 1.4382 0 450.756 1.16176e-12
4.54014 1.4382 0 451.758 1.10583e-12
4.54014 1.4382 0 452.761 1.0526e-12
4.54014 1.4382 0 453.763 1.00194e-12
4.54014 1.4382 0 454.765 9.53717e-13
4.54014 1.4382 0 455.768 9.07822e-13
4.54014 1.4382 0 456.77 8.6414e-13
4.54014 1.4382 0 457.773 8.22564e-13
4.54014 1.4382 0 458.775 7.82993e-13
4.54014 1.4382 0 459.778 7.45328e-13
4.54014 1.4382 0 460.78 7.09479e-13
4.54014 1.4382 0 461.783 6.75358e-13
4.54014 1.4382 0 462.785 6.42881e-13
4.54014 1.4382 0 463.788 6.11968e-13
4.54014 1.4382 0 464.79 5.82545e-13
4.54014 1.4382 0 465.793 5.54538e-13
4.54014 1.4382 0 466.795 5.27881e-13
4.54014 1.4382 0 467.798 5.02508e-13
4.54014 1.4382 0 468.8 4.78356e-13
4.54014 1.4382 0 469.803 4.55368e-13
4.54014 1.4382 0 470.805 4.33486e-13
4.54014 1.4382 0 471.807 4.12657e-13
4.54014 1.4382 0 472.81 3.92831e-13
4.54014 1.4382 0 473.812 3.73959e-13
4.54014 1.4382 0 474.815 3.55996e-13
4.54014 1.4382 0 475.817 3.38896e-13
4.54014 1.4382 0 476.82 3.2262e-13
4.54014 1.4382 0 477.822 3.07127e-13
4.54014 1.4382 0 478.825 2.92378e-13
4.54014 1.4382 0 479.827 2.7834e-13
4.54014 1.4382 0 480.83 2.64976e-13
4.54014 1.4382 0 481.832 2.52255e-13
4.54014 1.4382 0 482.835 2.40146e-13
4.54014 1.4382 0 483.837 2.2862e-13
4.54014 1.4382 0 484.84 2.17647e-13
4.54014 1.4382 0 485.842 2.07202e-13
4.54014 1.4382 0 486.844 1.97259e-13
4.54014 1.4382 0 487.847 1.87793e-13
4.54014 1.4382 0 488.849 1.78783e-13
4.54014 1.4382 0 489.852 1.70206e-13
4.54014 1.4382 0 490.854 1.62041e-13
4.54014 1.4382 0 491.857 1.54268e-13
4.54014 1.4382 0 492.859 1.46868e-13
4.54014 1.4382 0 493.862 1.39824e-13
4.54014 1.4382 0 494.864 1.33119e-13
4.54014 1.4382 0 495.867 1.26735e-13
4.54014 1.4382 0 496.869 1.20658e-13
4.54014 1.4382 0 497.872 1.14873e-13
4.54014 1.4382 0 498.874 1.09366e-13
4.54014 1.4382 0 499.877 1.04123e-13
4.54014 1.4382 0 500.879 9.91319e-14
4.54014 1.4382 0 501.882 9.43804e-14
4.54014 1.4382 0 502.884 8.98569e-14
4.54014 1.4382 0 503.886 8.55505e-14
4.54014 1.4382 0 504.889 8.14508e-14
4.54014 1.4382 0 505.891 7.75479e-14
4.54014 1.4382 0 506.894 7.38322e-14
4.54014 1.4382 0 507.896 7.02948e-14
4.54014 1.4382 0 508.899 6.69272e-14
4.54014 1.4382 0 509.901 6.37211e-14
4.54014 1.4382 0 510.904 6.06688e-14
4.54014 1.4382 0 511.906 5.77629e-14
4.54014 1.4382 0 512.909 5.49964e-14
4.54014 1.4382 0 513.911 5.23626e-14
4.54014 1.4382 0 514.914 4.9855e-14
4.54014 1.4382 0 515.916 4.74678e-14
4.54014 1.4382 0 516.919 4.51949e-14
4.54014 1.4382 0 517.921 4.30311e-14
4.54014 1.4382 0 518.923 4.0971e-14
4.54014 1.4382 0 519.926 3.90096e-14
4.54014 1.4382 0 520.928 3.71423e-14
4.54014 1.4382 0 521.931 3.53645e-14
4.54014 1.4382 0 522.933 3.36719e-14
4.54014 1.4382 0 523.936 3.20604e-14
4.54014 1.4382 0 524.938 3.05261e-14
4.54014 1.4382 0 525.941 2.90653e-14
4.54014 1.4382 0 526.943 2.76745e-14
4.54014 1.4382 0 527.946 2.63504e-14
4.54014 1.4382 0 528.948 2.50897e-14
4.54014 1.4382 0 529.951 2.38894e-14
4.54014 1.4382 0 530.953 2.27466e-14
4.54014 1.4382 0 531.956 2.16585e-14
4.54014 1.4382 0 532.958 2.06225e-14
4.54014 1.4382 0 533.961 1.96362e-14
4.54014 1.4382 0 534.963 1.8697e-14
4.54014 1.4382 0 535.965 1.78029e-14
4.54014 1.4382 0 536.968 1.69515e-14
4.54014 1.4382 0 537.97 1.61409e-14
4.54014 1.4382 0 538.973 1.53692e-14
4.54014 1.4382 0 539.975 1.46343e-14
4.54014 1.4382 0 540.978 1.39347e-14
4.54014 1.4382 0 541.98 1.32685e-14
4.54014 1.4382 0 542.983 1.26342e-14
4.54014 1.4382 0 543.985 1.20303e-14
4.54014 1.4382 0 544.988 1.14553e-14
4.54014 1.4382 0 545.99 1.09078e-14
4.54014 1.4382 0 546.993 1.03865e-14
4.54014 1.4382 0 547.995 9.89009e-15
4.54014 1.4382 0 548.998 9.41747e-15
4.54014 1.4382 0 550 8.96746e-15

