2.5681 1.4382 0 100.01 1.04873e-05
2.5681 1.4382 0 101.012 1.90403e-05
2.5681 1.4382 0 102.015 1.86396e-05
2.5681 1.4382 0 103.017 1.75858e-05
2.5681 1.4382 0 104.02 1.65886e-05
2.5681 1.4382 0 105.022 1.56645e-05
2.5681 1.4382 0 106.025 1.48054e-05
2.5681 1.4382 0 107.027 1.40045e-05
2.5681 1.4382 0 108.03 1.32562e-05
2.5681 1.4382 0 109.032 1.25561e-05
2.5681 1.4382 0 110.035 1.19003e-05
2.5681 1.4382 0 111.037 1.12852e-05
2.5681 1.4382 0 112.04 1.07077e-05
2.5681 1.4382 0 113.042 1.01652e-05
2.5681 1.4382 0 114.045 9.65494e-06
2.5681 1.4382 0 115.047 9.17478e-06
2.5681 1.4382 0 116.05 8.72257e-06
2.5681 1.4382 0 117.052 8.29639e-06
2.5681 1.4382 0 118.055 7.89448e-06
2.5681 1.4382 0 119.057 7.5152e-06
2.5681 1.4382 0 120.06 7.15707e-06
2.5681 1.4382 0 121.062 6.81871e-06
2.5681 1.4382 0 122.065 6.49882e-06
2.5681 1.4382 0 123.067 6.19624e-06
2.5681 1.4382 0 124.07 5.90988e-06
2.5681 1.4382 0 125.072 5.63871e-06
2.5681 1.4382 0 126.075 5.3818e-06
2.5681 1.4382 0 127.077 5.13827e-06
2.5681 1.4382 0 128.079 4.90732e-06
2.5681 1.4382 0 129.082 4.6882e-06
2.5681 1.4382 0 130.084 4.48019e-06
2.5681 1.4382 0 131.087 4.28265e-06
2.5681 1.4382 0 132.089 4.09496e-06
2.5681 1.4382 0 133.092 3.91656e-06
2.5681 1.4382 0 134.094 3.74692e-06
2.5681 1.4382 0 135.097 3.58554e-06
2.5681 1.4382 0 136.099 3.43196e-06
2.5681 1.4382 0 137.102 3.28574e-06
2.5681 1.4382 0 138.104 3.14649e-06
2.5681 1.4382 0 139.107 3.01381e-06
2.5681 1.4382 0 140.109 2.88736e-06
2.5681 1.4382 0 141.112 2.7668e-06
2.5681 1.4382 0 142.114 2.65182e-06
2.5681 1.4382 0 143.117 2.54213e-06
2.5681 1.4382 0 144.119 2.43744e-06
2.5681 1.4382 0 145.122 2.33751e-06
2.5681 1.4382 0 146.124 2.24207e-06
2.5681 1.4382 0 147.127 2.15092e-06
2.5681 1.4382 0 148.129 2.06382e-06
2.5681 1.4382 0 149.132 1.98058e-06
2.5681 1.4382 0 150.134 1.90101e-06
2.5681 1.4382 0 151.137 1.82491e-06
2.5681 1.4382 0 152.139 1.75213e-06
2.5681 1.4382 0 153.142 1.68251e-06
2.5681 1.4382 0 154.144 1.61588e-06
2.5681 1.4382 0 155.146 1.55211e-06
2.5681 1.4382 0 156.149 1.49105e-06
2.5681 1.4382 0 157.151 1.43259e-06
2.5681 1.4382 0 158.154 1.3766e-06
2.5681 1.4382 0 159.156 1.32296e-06
2.5681 1.4382 0 160.159 1.27157e-06
2.5681 1.4382 0 161.161 1.22232e-06
2.5681 1.4382 0 162.164 1.17511e-06
2.5681 1.4382 0 163.166 1.12986e-06
2.5681 1.4382 0 164.169 1.08646e-06
2.5681 1.4382 0 165.171 1.04485e-06
2.5681 1.4382 0 166.174 1.00493e-06
2.5681 1.4382 0 167.176 9.66636e-07
2.5681 1.4382 0 168.179 9.29896e-07
2.5681 1.4382 0 169.181 8.94638e-07
2.5681 1.4382 0 170.184 8.60799e-07
2.5681 1.4382 0 171.186 8.28318e-07
2.5681 1.4382 0 172.189 7.97134e-07
2.5681 1.4382 0 173.191 7.67192e-07
2.5681 1.4382 0 174.194 7.3844e-07
2.5681 1.4382 0 175.196 7.10825e-07
2.5681 1.4382 0 176.199 6.843e-07
2.5681 1.4382 0 177.201 6.58819e-07
2.5681 1.4382 0 178.204 6.34338e-07
2.5681 1.4382 0 179.206 6.10814e-07
2.5681 1.4382 0 180.208 5.88207e-07
2.5681 1.4382 0 181.211 5.6648e-07
2.5681 1.4382 0 182.213 5.45597e-07
2.5681 1.4382 0 183.216 5.25521e-07
2.5681 1.4382 0 184.218 5.0622e-07
2.5681 1.4382 0 185.221 4.87662e-07
2.5681 1.4382 0 186.223 4.69818e-07
2.5681 1.4382 0 187.226 4.52656e-07
2.5681 1.4382 0 188.228 4.36151e-07
2.5681 1.4382 0 189.231 4.20276e-07
2.5681 1.4382 0 190.233 4.05004e-07
2.5681 1.4382 0 191.236 3.90313e-07
2.5681 1.4382 0 192.238 3.76178e-07
2.5681 1.4382 0 193.241 3.62577e-07
2.5681 1.4382 0 194.243 3.4949e-07
2.5681 1.4382 0 195.246 3.36895e-07
2.5681 1.4382 0 196.248 3.24774e-07
2.5681 1.4382 0 197.251 3.13107e-07
2.5681 1.4382 0 198.253 3.01876e-07
2.5681 1.4382 0 199.256 2.91066e-07
2.5681 1.4382 0 200.258 2.80658e-07
2.5681 1.4382 0 201.261 2.70638e-07
2.5681 1.4382 0 202.263 2.60989e-07
2.5681 1.4382 0 203.266 2.51699e-07
2.5681 1.4382 0 204.268 2.42752e-07
2.5681 1.4382 0 205.271 2.34137e-07
2.5681 1.4382 0 206.273 2.25838e-07
2.5681 1.4382 0 207.275 2.17846e-07
2.5681 1.4382 0 208.278 2.10147e-07
2.5681 1.4382 0 209.28 2.02731e-07
2.5681 1.4382 0 210.283 1.95587e-07
2.5681 1.4382 0 211.285 1.88703e-07
2.5681 1.4382 0 212.288 1.82072e-07
2.5681 1.4382 0 213.29 1.75682e-07
2.5681 1.4382 0 214.293 1.69525e-07
2.5681 1.4382 0 215.295 1.63591e-07
2.5681 1.4382 0 216.298 1.57873e-07
2.5681 1.4382 0 217.3 1.52363e-07
2.5681 1.4382 0 218.303 1.47051e-07
2.5681 1.4382 0 219.305 1.41932e-07
2.5681 1.4382 0 220.308 1.36997e-07
2.5681 1.4382 0 221.31 1.3224e-07
2.5681 1.4382 0 222.313 1.27654e-07
2.5681 1.4382 0 223.315 1.23233e-07
2.5681 1.4382 0 224.318 1.18971e-07
2.5681 1.4382 0 225.32 1.14861e-07
2.5681 1.4382 0 226.323 1.10899e-07
2.5681 1.4382 0 227.325 1.07077e-07
2.5681 1.4382 0 228.328 1.03393e-07
2.5681 1.4382 0 229.33 9.98391e-08
2.5681 1.4382 0 230.333 9.6412e-08
2.5681 1.4382 0 231.335 9.31067e-08
2.5681 1.4382 0 232.338 8.99187e-08
2.5681 1.4382 0 233.34 8.68436e-08
2.5681 1.4382 0 234.342 8.38774e-08
2.5681 1.4382 0 235.345 8.1016e-08
2.5681 1.4382 0 236.347 7.82556e-08
2.5681 1.4382 0 237.35 7.55925e-08
2.5681 1.4382 0 238.352 7.30232e-08
2.5681 1.4382 0 239.355 7.05442e-08
2.5681 1.4382 0 240.357 6.81523e-08
2.5681 1.4382 0 241.36 6.58443e-08
2.5681 1.4382 0 242.362 6.3617e-08
2.5681 1.4382 0 243.365 6.14678e-08
2.5681 1.4382 0 244.367 5.93936e-08
2.5681 1.4382 0 245.37 5.73917e-08
2.5681 1.4382 0 246.372 5.54597e-08
2.5681 1.4382 0 247.375 5.35949e-08
2.5681 1.4382 0 248.377 5.17949e-08
2.5681 1.4382 0 249.38 5.00574e-08
2.5681 1.4382 0 250.382 4.83802e-08
2.5681 1.4382 0 251.385 4.67611e-08
2.5681 1.4382 0 252.387 4.5198e-08
2.5681 1.4382 0 253.39 4.36889e-08
2.5681 1.4382 0 254.392 4.22318e-08
2.5681 1.4382 0 255.395 4.0825e-08
2.5681 1.4382 0 256.397 3.94667e-08
2.5681 1.4382 0 257.4 3.8155e-08
2.5681 1.4382 0 258.402 3.68884e-08
2.5681 1.4382 0 259.405 3.56652e-08
2.5681 1.4382 0 260.407 3.44839e-08
2.5681 1.4382 0 261.409 3.33431e-08
2.5681 1.4382 0 262.412 3.22413e-08
2.5681 1.4382 0 263.414 3.1177e-08
2.5681 1.4382 0 264.417 3.01491e-08
2.5681 1.4382 0 265.419 2.91562e-08
2.5681 1.4382 0 266.422 2.8197e-08
2.5681 1.4382 0 267.424 2.72705e-08
2.5681 1.4382 0 268.427 2.63754e-08
2.5681 1.4382 0 269.429 2.55106e-08
2.5681 1.4382 0 270.432 2.46751e-08
2.5681 1.4382 0 271.434 2.38679e-08
2.5681 1.4382 0 272.437 2.30879e-08
2.5681 1.4382 0 273.439 2.23343e-08
2.5681 1.4382 0 274.442 2.16061e-08
2.5681 1.4382 0 275.444 2.09023e-08
2.5681 1.4382 0 276.447 2.02223e-08
2.5681 1.4382 0 277.449 1.95651e-08
2.5681 1.4382 0 278.452 1.89299e-08
2.5681 1.4382 0 279.454 1.8316e-08
2.5681 1.4382 0 280.457 1.77227e-08
2.5681 1.4382 0 281.459 1.71492e-08
2.5681 1.4382 0 282.462 1.65948e-08
2.5681 1.4382 0 283.464 1.6059e-08
2.5681 1.4382 0 284.467 1.5541e-08
2.5681 1.4382 0 285.469 1.50402e-08
2.5681 1.4382 0 286.472 1.45561e-08
2.5681 1.4382 0 287.474 1.40881e-08
2.5681 1.4382 0 288.476 1.36356e-08
2.5681 1.4382 0 289.479 1.31981e-08
2.5681 1.4382 0 290.481 1.27751e-08
2.5681 1.4382 0 291.484 1.2366e-08
2.5681 1.4382 0 292.486 1.19705e-08
2.5681 1.4382 0 293.489 1.1588e-08
2.5681 1.4382 0 294.491 1.12181e-08
2.5681 1.4382 0 295.494 1.08604e-08
2.5681 1.4382 0 296.496 1.05144e-08
2.5681 1.4382 0 297.499 1.01798e-08
2.5681 1.4382 0 298.501 9.85623e-09
2.5681 1.4382 0 299.504 9.54322e-09
2.5681 1.4382 0 300.506 9.24046e-09
2.5681 1.4382 0 301.509 8.94759e-09
2.5681 1.4382 0 302.511 8.6643e-09
2.5681 1.4382 0 303.514 8.39024e-09
2.5681 1.4382 0 304.516 8.12512e-09
2.5681 1.4382 0 305.519 7.86863e-09
2.5681 1.4382 0 306.521 7.62048e-09
2.5681 1.4382 0 307.524 7.38039e-09
2.5681 1.4382 0 308.526 7.1481e-09
2.5681 1.4382 0 309.529 6.92333e-09
2.5681 1.4382 0 310.531 6.70584e-09
2.5681 1.4382 0 311.534 6.49539e-09
2.5681 1.4382 0 312.536 6.29174e-09
2.5681 1.4382 0 313.538 6.09467e-09
2.5681 1.4382 0 314.541 5.90394e-09
2.5681 1.4382 0 315.543 5.71937e-09
2.5681 1.4382 0 316.546 5.54073e-09
2.5681 1.4382 0 317.548 5.36783e-09
2.5681 1.4382 0 318.551 5.20049e-09
2.5681 1.4382 0 319.553 5.03852e-09
2.5681 1.4382 0 320.556 4.88173e-09
2.5681 1.4382 0 321.558 4.72997e-09
2.5681 1.4382 0 322.561 4.58305e-09
2.5681 1.4382 0 323.563 4.44084e-09
2.5681 1.4382 0 324.566 4.30316e-09
2.5681 1.4382 0 325.568 4.16987e-09
2.5681 1.4382 0 326.571 4.04082e-09
2.5681 1.4382 0 327.573 3.91588e-09
2.5681 1.4382 0 328.576 3.79492e-09
2.5681 1.4382 0 329.578 3.67779e-09
2.5681 1.4382 0 330.581 3.56438e-09
2.5681 1.4382 0 331.583 3.45457e-09
2.5681 1.4382 0 332.586 3.34823e-09
2.5681 1.4382 0 333.588 3.24525e-09
2.5681 1.4382 0 334.591 3.14553e-09
2.5681 1.4382 0 335.593 3.04895e-09
2.5681 1.4382 0 336.596 2.95543e-09
2.5681 1.4382 0 337.598 2.86484e-09
2.5681 1.4382 0 338.601 2.77711e-09
2.5681 1.4382 0 339.603 2.69214e-09
2.5681 1.4382 0 340.605 2.60984e-09
2.5681 1.4382 0 341.608 2.53012e-09
2.5681 1.4382 0 342.61 2.4529e-09
2.5681 1.4382 0 343.613 2.3781e-09
2.5681 1.4382 0 344.615 2.30563e-09
2.5681 1.4382 0 345.618 2.23544e-09
2.5681 1.4382 0 346.62 2.16744e-09
2.5681 1.4382 0 347.623 2.10156e-09
2.5681 1.4382 0 348.625 2.03773e-09
2.5681 1.4382 0 349.628 1.97589e-09
2.5681 1.4382 0 350.63 1.91598e-09
2.5681 1.4382 0 351.633 1.85793e-09
2.5681 1.4382 0 352.635 1.80168e-09
2.5681 1.4382 0 353.638 1.74718e-09
2.5681 1.4382 0 354.64 1.69436e-09
2.5681 1.4382 0 355.643 1.64319e-09
2.5681 1.4382 0 356.645 1.5936e-09
2.5681 1.4382 0 357.648 1.54554e-09
2.5681 1.4382 0 358.65 1.49896e-09
2.5681 1.4382 0 359.653 1.45383e-09
2.5681 1.4382 0 360.655 1.41008e-09
2.5681 1.4382 0 361.658 1.36769e-09
2.5681 1.4382 0 362.66 1.3266e-09
2.5681 1.4382 0 363.663 1.28677e-09
2.5681 1.4382 0 364.665 1.24817e-09
2.5681 1.4382 0 365.668 1.21075e-09
2.5681 1.4382 0 366.67 1.17448e-09
2.5681 1.4382 0 367.672 1.13932e-09
2.5681 1.4382 0 368.675 1.10524e-09
2.5681 1.4382 0 369.677 1.0722e-09
2.5681 1.4382 0 370.68 1.04017e-09
2.5681 1.4382 0 371.682 1.00913e-09
2.5681 1.4382 0 372.685 9.79025e-10
2.5681 1.4382 0 373.687 9.49842e-10
2.5681 1.4382 0 374.69 9.21548e-10
2.5681 1.4382 0 375.692 8.94116e-10
2.5681 1.4382 0 376.695 8.67519e-10
2.5681 1.4382 0 377.697 8.41731e-10
2.5681 1.4382 0 378.7 8.16725e-10
2.5681 1.4382 0 379.702 7.92479e-10
2.5681 1.4382 0 380.705 7.68969e-10
2.5681 1.4382 0 381.707 7.4617e-10
2.5681 1.4382 0 382.71 7.24062e-10
2.5681 1.4382 0 383.712 7.02624e-10
2.5681 1.4382 0 384.715 6.81833e-10
2.5681 1.4382 0 385.717 6.6167e-10
2.5681 1.4382 0 386.72 6.42117e-10
2.5681 1.4382 0 387.722 6.23153e-10
2.5681 1.4382 0 388.725 6.0476e-10
2.5681 1.4382 0 389.727 5.86922e-10
2.5681 1.4382 0 390.73 5.69621e-10
2.5681 1.4382 0 391.732 5.5284e-10
2.5681 1.4382 0 392.735 5.36563e-10
2.5681 1.4382 0 393.737 5.20775e-10
2.5681 1.4382 0 394.739 5.05461e-10
2.5681 1.4382 0 395.742 4.90606e-10
2.5681 1.4382 0 396.744 4.76196e-10
2.5681 1.4382 0 397.747 4.62218e-10
2.5681 1.4382 0 398.749 4.48658e-10
2.5681 1.4382 0 399.752 4.35503e-10
2.5681 1.4382 0 400.754 4.22742e-10
2.5681 1.4382 0 401.757 4.10362e-10
2.5681 1.4382 0 402.759 3.98351e-10
2.5681 1.4382 0 403.762 3.86698e-10
2.5681 1.4382 0 404.764 3.75392e-10
2.5681 1.4382 0 405.767 3.64423e-10
2.5681 1.4382 0 406.769 3.53781e-10
2.5681 1.4382 0 407.772 3.43455e-10
2.5681 1.4382 0 408.774 3.33435e-10
2.5681 1.4382 0 409.777 3.23714e-10
2.5681 1.4382 0 410.779 3.14281e-10
2.5681 1.4382 0 411.782 3.05127e-10
2.5681 1.4382 0 412.784 2.96245e-10
2.5681 1.4382 0 413.787 2.87626e-10
2.5681 1.4382 0 414.789 2.79262e-10
2.5681 1.4382 0 415.792 2.71146e-10
2.5681 1.4382 0 416.794 2.63269e-10
2.5681 1.4382 0 417.797 2.55626e-10
2.5681 1.4382 0 418.799 2.48208e-10
2.5681 1.4382 0 419.802 2.41008e-10
2.5681 1.4382 0 420.804 2.34021e-10
2.5681 1.4382 0 421.806 2.2724e-10
2.5681 1.4382 0 422.809 2.20659e-10
2.5681 1.4382 0 423.811 2.14272e-10
2.5681 1.4382 0 424.814 2.08072e-10
2.5681 1.4382 0 425.816 2.02055e-10
2.5681 1.4382 0 426.819 1.96214e-10
2.5681 1.4382 0 427.821 1.90545e-10
2.5681 1.4382 0 428.824 1.85042e-10
2.5681 1.4382 0 429.826 1.79701e-10
2.5681 1.4382 0 430.829 1.74516e-10
2.5681 1.4382 0 431.831 1.69484e-10
2.5681 1.4382 0 432.834 1.64598e-10
2.5681 1.4382 0 433.836 1.59856e-10
2.5681 1.4382 0 434.839 1.55252e-10
2.5681 1.4382 0 435.841 1.50783e-10
2.5681 1.4382 0 436.844 1.46444e-10
2.5681 1.4382 0 437.846 1.42232e-10
2.5681 1.4382 0 438.849 1.38143e-10
2.5681 1.4382 0 439.851 1.34174e-10
2.5681 1.4382 0 440.854 1.3032e-10
2.5681 1.4382 0 441.856 1.26578e-10
2.5681 1.4382 0 442.859 1.22945e-10
2.5681 1.4382 0 443.861 1.19418e-10
2.5681 1.4382 0 444.864 1.15994e-10
2.5681 1.4382 0 445.866 1.12669e-10
2.5681 1.4382 0 446.868 1.09441e-10
2.5681 1.4382 0 447.871 1.06306e-10
2.5681 1.4382 0 448.873 1.03263e-10
2.5681 1.4382 0 449.876 1.00308e-10
2.5681 1.4382 0 450.878 9.74381e-11
2.5681 1.4382 0 451.881 9.46518e-11
2.5681 1.4382 0 452.883 9.19462e-11
2.5681 1.4382 0 453.886 8.9319e-11
2.5681 1.4382 0 454.888 8.67679e-11
2.5681 1.4382 0 455.891 8.42906e-11
2.5681 1.4382 0 456.893 8.18849e-11
2.5681 1.4382 0 457.896 7.95487e-11
2.5681 1.4382 0 458.898 7.728e-11
2.5681 1.4382 0 459.901 7.50769e-11
2.5681 1.4382 0 460.903 7.29373e-11
2.5681 1.4382 0 461.906 7.08594e-11
2.5681 1.4382 0 462.908 6.88415e-11
2.5681 1.4382 0 463.911 6.68818e-11
2.5681 1.4382 0 464.913 6.49785e-11
2.5681 1.4382 0 465.916 6.313e-11
2.5681 1.4382 0 466.918 6.13347e-11
2.5681 1.4382 0 467.921 5.95911e-11
2.5681 1.4382 0 468.923 5.78976e-11
2.5681 1.4382 0 469.926 5.62528e-11
2.5681 1.4382 0 470.928 5.46553e-11
2.5681 1.4382 0 471.931 5.31036e-11
2.5681 1.4382 0 472.933 5.15966e-11
2.5681 1.4382 0 473.935 5.01327e-11
2.5681 1.4382 0 474.938 4.87109e-11
2.5681 1.4382 0 475.94 4.73298e-11
2.5681 1.4382 0 476.943 4.59883e-11
2.5681 1.4382 0 477.945 4.46853e-11
2.5681 1.4382 0 478.948 4.34196e-11
2.5681 1.4382 0 479.95 4.21901e-11
2.5681 1.4382 0 480.953 4.09958e-11
2.5681 1.4382 0 481.955 3.98356e-11
2.5681 1.4382 0 482.958 3.87087e-11
2.5681 1.4382 0 483.96 3.76139e-11
2.5681 1.4382 0 484.963 3.65504e-11
2.5681 1.4382 0 485.965 3.55173e-11
2.5681 1.4382 0 486.968 3.45137e-11
2.5681 1.4382 0 487.97 3.35388e-11
2.5681 1.4382 0 488.973 3.25917e-11
2.5681 1.4382 0 489.975 3.16715e-11
2.5681 1.4382 0 490.978 3.07776e-11
2.5681 1.4382 0 491.98 2.99092e-11
2.5681 1.4382 0 492.983 2.90655e-11
2.5681 1.4382 0 493.985 2.82459e-11
2.5681 1.4382 0 494.988 2.74496e-11
2.5681 1.4382 0 495.99 2.66759e-11
2.5681 1.4382 0 496.993 2.59243e-11
2.5681 1.4382 0 497.995 2.5194e-11
2.5681 1.4382 0 498.998 2.44845e-11
2.5681 1.4382 0 500 2.37952e-11

