2.78341 1.4382 0 100.01 1.68118e-05
2.78341 1.4382 0 101.012 3.05151e-05
2.78341 1.4382 0 102.015 2.98629e-05
2.78341 1.4382 0 103.017 2.81659e-05
2.78341 1.4382 0 104.02 2.65638e-05
2.78341 1.4382 0 105.022 2.50834e-05
2.78341 1.4382 0 106.025 2.37107e-05
2.78341 1.4382 0 107.027 2.24343e-05
2.78341 1.4382 0 108.03 2.12446e-05
2.78341 1.4382 0 109.032 2.01339e-05
2.78341 1.4382 0 110.035 1.90954e-05
2.78341 1.4382 0 111.037 1.8123e-05
2.78341 1.4382 0 112.04 1.72113e-05
2.78341 1.4382 0 113.042 1.63558e-05
2.78341 1.4382 0 114.045 1.5552e-05
2.78341 1.4382 0 115.047 1.47961e-05
2.78341 1.4382 0 116.05 1.40846e-05
2.78341 1.4382 0 117.052 1.34143e-05
2.78341 1.4382 0 118.055 1.27823e-05
2.78341 1.4382 0 119.057 1.21859e-05
2.78341 1.4382 0 120.06 1.16226e-05
2.78341 1.4382 0 121.062 1.10903e-05
2.78341 1.4382 0 122.065 1.05868e-05
2.78341 1.4382 0 123.067 1.01103e-05
2.78341 1.4382 0 124.07 9.65908e-06
2.78341 1.4382 0 125.072 9.23145e-06
2.78341 1.4382 0 126.075 8.82596e-06
2.78341 1.4382 0 127.077 8.44123e-06
2.78341 1.4382 0 128.079 8.07599e-06
2.78341 1.4382 0 129.082 7.72907e-06
2.78341 1.4382 0 130.084 7.39937e-06
2.78341 1.4382 0 131.087 7.08588e-06
2.78341 1.4382 0 132.089 6.78764e-06
2.78341 1.4382 0 133.092 6.50379e-06
2.78341 1.4382 0 134.094 6.2335e-06
2.78341 1.4382 0 135.097 5.97601e-06
2.78341 1.4382 0 136.099 5.73062e-06
2.78341 1.4382 0 137.102 5.49664e-06
2.78341 1.4382 0 138.104 5.27347e-06
2.78341 1.4382 0 139.107 5.06052e-06
2.78341 1.4382 0 140.109 4.85724e-06
2.78341 1.4382 0 141.112 4.66314e-06
2.78341 1.4382 0 142.114 4.47771e-06
2.78341 1.4382 0 143.117 4.30053e-06
2.78341 1.4382 0 144.119 4.13117e-06
2.78341 1.4382 0 145.122 3.96923e-06
2.78341 1.4382 0 146.124 3.81433e-06
2.78341 1.4382 0 147.127 3.66613e-06
2.78341 1.4382 0 148.129 3.5243e-06
2.78341 1.4382 0 149.132 3.38852e-06
2.78341 1.4382 0 150.134 3.25851e-06
2.78341 1.4382 0 151.137 3.13398e-06
2.78341 1.4382 0 152.139 3.01467e-06
2.78341 1.4382 0 153.142 2.90034e-06
2.78341 1.4382 0 154.144 2.79074e-06
2.78341 1.4382 0 155.146 2.68567e-06
2.78341 1.4382 0 156.149 2.58492e-06
2.78341 1.4382 0 157.151 2.48827e-06
2.78341 1.4382 0 158.154 2.39555e-06
2.78341 1.4382 0 159.156 2.30658e-06
2.78341 1.4382 0 160.159 2.22119e-06
2.78341 1.4382 0 161.161 2.13922e-06
2.78341 1.4382 0 162.164 2.06051e-06
2.78341 1.4382 0 163.166 1.98493e-06
2.78341 1.4382 0 164.169 1.91233e-06
2.78341 1.4382 0 165.171 1.8426e-06
2.78341 1.4382 0 166.174 1.77559e-06
2.78341 1.4382 0 167.176 1.7112e-06
2.78341 1.4382 0 168.179 1.64931e-06
2.78341 1.4382 0 169.181 1.58982e-06
2.78341 1.4382 0 170.184 1.53262e-06
2.78341 1.4382 0 171.186 1.47762e-06
2.78341 1.4382 0 172.189 1.42473e-06
2.78341 1.4382 0 173.191 1.37386e-06
2.78341 1.4382 0 174.194 1.32491e-06
2.78341 1.4382 0 175.196 1.27783e-06
2.78341 1.4382 0 176.199 1.23252e-06
2.78341 1.4382 0 177.201 1.18892e-06
2.78341 1.4382 0 178.204 1.14695e-06
2.78341 1.4382 0 179.206 1.10655e-06
2.78341 1.4382 0 180.208 1.06766e-06
2.78341 1.4382 0 181.211 1.03022e-06
2.78341 1.4382 0 182.213 9.9416e-07
2.78341 1.4382 0 183.216 9.59435e-07
2.78341 1.4382 0 184.218 9.2599e-07
2.78341 1.4382 0 185.221 8.93773e-07
2.78341 1.4382 0 186.223 8.62738e-07
2.78341 1.4382 0 187.226 8.32836e-07
2.78341 1.4382 0 188.228 8.04025e-07
2.78341 1.4382 0 189.231 7.76261e-07
2.78341 1.4382 0 190.233 7.49504e-07
2.78341 1.4382 0 191.236 7.23714e-07
2.78341 1.4382 0 192.238 6.98855e-07
2.78341 1.4382 0 193.241 6.74891e-07
2.78341 1.4382 0 194.243 6.51788e-07
2.78341 1.4382 0 195.246 6.29512e-07
2.78341 1.4382 0 196.248 6.08032e-07
2.78341 1.4382 0 197.251 5.87319e-07
2.78341 1.4382 0 198.253 5.67342e-07
2.78341 1.4382 0 199.256 5.48075e-07
2.78341 1.4382 0 200.258 5.2949e-07
2.78341 1.4382 0 201.261 5.11563e-07
2.78341 1.4382 0 202.263 4.94268e-07
2.78341 1.4382 0 203.266 4.77582e-07
2.78341 1.4382 0 204.268 4.61482e-07
2.78341 1.4382 0 205.271 4.45947e-07
2.78341 1.4382 0 206.273 4.30955e-07
2.78341 1.4382 0 207.275 4.16488e-07
2.78341 1.4382 0 208.278 4.02525e-07
2.78341 1.4382 0 209.28 3.89047e-07
2.78341 1.4382 0 210.283 3.76038e-07
2.78341 1.4382 0 211.285 3.6348e-07
2.78341 1.4382 0 212.288 3.51357e-07
2.78341 1.4382 0 213.29 3.39653e-07
2.78341 1.4382 0 214.293 3.28352e-07
2.78341 1.4382 0 215.295 3.17441e-07
2.78341 1.4382 0 216.298 3.06905e-07
2.78341 1.4382 0 217.3 2.9673e-07
2.78341 1.4382 0 218.303 2.86904e-07
2.78341 1.4382 0 219.305 2.77415e-07
2.78341 1.4382 0 220.308 2.68249e-07
2.78341 1.4382 0 221.31 2.59396e-07
2.78341 1.4382 0 222.313 2.50845e-07
2.78341 1.4382 0 223.315 2.42585e-07
2.78341 1.4382 0 224.318 2.34604e-07
2.78341 1.4382 0 225.32 2.26895e-07
2.78341 1.4382 0 226.323 2.19447e-07
2.78341 1.4382 0 227.325 2.1225e-07
2.78341 1.4382 0 228.328 2.05296e-07
2.78341 1.4382 0 229.33 1.98577e-07
2.78341 1.4382 0 230.333 1.92084e-07
2.78341 1.4382 0 231.335 1.8581e-07
2.78341 1.4382 0 232.338 1.79746e-07
2.78341 1.4382 0 233.34 1.73885e-07
2.78341 1.4382 0 234.342 1.68221e-07
2.78341 1.4382 0 235.345 1.62746e-07
2.78341 1.4382 0 236.347 1.57455e-07
2.78341 1.4382 0 237.35 1.52339e-07
2.78341 1.4382 0 238.352 1.47395e-07
2.78341 1.4382 0 239.355 1.42615e-07
2.78341 1.4382 0 240.357 1.37994e-07
2.78341 1.4382 0 241.36 1.33526e-07
2.78341 1.4382 0 242.362 1.29207e-07
2.78341 1.4382 0 243.365 1.2503e-07
2.78341 1.4382 0 244.367 1.20992e-07
2.78341 1.4382 0 245.37 1.17088e-07
2.78341 1.4382 0 246.372 1.13312e-07
2.78341 1.4382 0 247.375 1.09661e-07
2.78341 1.4382 0 248.377 1.0613e-07
2.78341 1.4382 0 249.38 1.02716e-07
2.78341 1.4382 0 250.382 9.9414e-08
2.78341 1.4382 0 251.385 9.62204e-08
2.78341 1.4382 0 252.387 9.31316e-08
2.78341 1.4382 0 253.39 9.01441e-08
2.78341 1.4382 0 254.392 8.72545e-08
2.78341 1.4382 0 255.395 8.44595e-08
2.78341 1.4382 0 256.397 8.17559e-08
2.78341 1.4382 0 257.4 7.91406e-08
2.78341 1.4382 0 258.402 7.66106e-08
2.78341 1.4382 0 259.405 7.41632e-08
2.78341 1.4382 0 260.407 7.17955e-08
2.78341 1.4382 0 261.409 6.95048e-08
2.78341 1.4382 0 262.412 6.72887e-08
2.78341 1.4382 0 263.414 6.51446e-08
2.78341 1.4382 0 264.417 6.307e-08
2.78341 1.4382 0 265.419 6.10628e-08
2.78341 1.4382 0 266.422 5.91206e-08
2.78341 1.4382 0 267.424 5.72414e-08
2.78341 1.4382 0 268.427 5.54229e-08
2.78341 1.4382 0 269.429 5.36633e-08
2.78341 1.4382 0 270.432 5.19605e-08
2.78341 1.4382 0 271.434 5.03126e-08
2.78341 1.4382 0 272.437 4.87179e-08
2.78341 1.4382 0 273.439 4.71747e-08
2.78341 1.4382 0 274.442 4.56811e-08
2.78341 1.4382 0 275.444 4.42356e-08
2.78341 1.4382 0 276.447 4.28366e-08
2.78341 1.4382 0 277.449 4.14825e-08
2.78341 1.4382 0 278.452 4.0172e-08
2.78341 1.4382 0 279.454 3.89035e-08
2.78341 1.4382 0 280.457 3.76757e-08
2.78341 1.4382 0 281.459 3.64872e-08
2.78341 1.4382 0 282.462 3.53368e-08
2.78341 1.4382 0 283.464 3.42232e-08
2.78341 1.4382 0 284.467 3.31452e-08
2.78341 1.4382 0 285.469 3.21017e-08
2.78341 1.4382 0 286.472 3.10915e-08
2.78341 1.4382 0 287.474 3.01136e-08
2.78341 1.4382 0 288.476 2.91669e-08
2.78341 1.4382 0 289.479 2.82503e-08
2.78341 1.4382 0 290.481 2.7363e-08
2.78341 1.4382 0 291.484 2.65039e-08
2.78341 1.4382 0 292.486 2.56722e-08
2.78341 1.4382 0 293.489 2.48669e-08
2.78341 1.4382 0 294.491 2.40872e-08
2.78341 1.4382 0 295.494 2.33323e-08
2.78341 1.4382 0 296.496 2.26013e-08
2.78341 1.4382 0 297.499 2.18936e-08
2.78341 1.4382 0 298.501 2.12082e-08
2.78341 1.4382 0 299.504 2.05447e-08
2.78341 1.4382 0 300.506 1.99021e-08
2.78341 1.4382 0 301.509 1.92799e-08
2.78341 1.4382 0 302.511 1.86773e-08
2.78341 1.4382 0 303.514 1.80939e-08
2.78341 1.4382 0 304.516 1.75288e-08
2.78341 1.4382 0 305.519 1.69817e-08
2.78341 1.4382 0 306.521 1.64518e-08
2.78341 1.4382 0 307.524 1.59386e-08
2.78341 1.4382 0 308.526 1.54416e-08
2.78341 1.4382 0 309.529 1.49603e-08
2.78341 1.4382 0 310.531 1.44942e-08
2.78341 1.4382 0 311.534 1.40428e-08
2.78341 1.4382 0 312.536 1.36055e-08
2.78341 1.4382 0 313.538 1.31821e-08
2.78341 1.4382 0 314.541 1.27719e-08
2.78341 1.4382 0 315.543 1.23747e-08
2.78341 1.4382 0 316.546 1.19899e-08
2.78341 1.4382 0 317.548 1.16172e-08
2.78341 1.4382 0 318.551 1.12563e-08
2.78341 1.4382 0 319.553 1.09066e-08
2.78341 1.4382 0 320.556 1.05679e-08
2.78341 1.4382 0 321.558 1.02399e-08
2.78341 1.4382 0 322.561 9.92213e-09
2.78341 1.4382 0 323.563 9.61432e-09
2.78341 1.4382 0 324.566 9.31615e-09
2.78341 1.4382 0 325.568 9.02732e-09
2.78341 1.4382 0 326.571 8.74753e-09
2.78341 1.4382 0 327.573 8.47649e-09
2.78341 1.4382 0 328.576 8.21393e-09
2.78341 1.4382 0 329.578 7.95958e-09
2.78341 1.4382 0 330.581 7.71317e-09
2.78341 1.4382 0 331.583 7.47447e-09
2.78341 1.4382 0 332.586 7.24321e-09
2.78341 1.4382 0 333.588 7.01918e-09
2.78341 1.4382 0 334.591 6.80213e-09
2.78341 1.4382 0 335.593 6.59186e-09
2.78341 1.4382 0 336.596 6.38814e-09
2.78341 1.4382 0 337.598 6.19077e-09
2.78341 1.4382 0 338.601 5.99955e-09
2.78341 1.4382 0 339.603 5.81428e-09
2.78341 1.4382 0 340.605 5.63478e-09
2.78341 1.4382 0 341.608 5.46087e-09
2.78341 1.4382 0 342.61 5.29238e-09
2.78341 1.4382 0 343.613 5.12912e-09
2.78341 1.4382 0 344.615 4.97094e-09
2.78341 1.4382 0 345.618 4.81767e-09
2.78341 1.4382 0 346.62 4.66917e-09
2.78341 1.4382 0 347.623 4.52528e-09
2.78341 1.4382 0 348.625 4.38586e-09
2.78341 1.4382 0 349.628 4.25077e-09
2.78341 1.4382 0 350.63 4.11987e-09
2.78341 1.4382 0 351.633 3.99303e-09
2.78341 1.4382 0 352.635 3.87012e-09
2.78341 1.4382 0 353.638 3.75103e-09
2.78341 1.4382 0 354.64 3.63562e-09
2.78341 1.4382 0 355.643 3.52379e-09
2.78341 1.4382 0 356.645 3.41543e-09
2.78341 1.4382 0 357.648 3.31042e-09
2.78341 1.4382 0 358.65 3.20867e-09
2.78341 1.4382 0 359.653 3.11006e-09
2.78341 1.4382 0 360.655 3.0145e-09
2.78341 1.4382 0 361.658 2.9219e-09
2.78341 1.4382 0 362.66 2.83217e-09
2.78341 1.4382 0 363.663 2.74521e-09
2.78341 1.4382 0 364.665 2.66093e-09
2.78341 1.4382 0 365.668 2.57926e-09
2.78341 1.4382 0 366.67 2.50011e-09
2.78341 1.4382 0 367.672 2.42341e-09
2.78341 1.4382 0 368.675 2.34908e-09
2.78341 1.4382 0 369.677 2.27704e-09
2.78341 1.4382 0 370.68 2.20722e-09
2.78341 1.4382 0 371.682 2.13956e-09
2.78341 1.4382 0 372.685 2.07398e-09
2.78341 1.4382 0 373.687 2.01043e-09
2.78341 1.4382 0 374.69 1.94883e-09
2.78341 1.4382 0 375.692 1.88914e-09
2.78341 1.4382 0 376.695 1.83128e-09
2.78341 1.4382 0 377.697 1.77521e-09
2.78341 1.4382 0 378.7 1.72086e-09
2.78341 1.4382 0 379.702 1.66819e-09
2.78341 1.4382 0 380.705 1.61713e-09
2.78341 1.4382 0 381.707 1.56765e-09
2.78341 1.4382 0 382.71 1.51969e-09
2.78341 1.4382 0 383.712 1.47321e-09
2.78341 1.4382 0 384.715 1.42816e-09
2.78341 1.4382 0 385.717 1.38449e-09
2.78341 1.4382 0 386.72 1.34217e-09
2.78341 1.4382 0 387.722 1.30114e-09
2.78341 1.4382 0 388.725 1.26138e-09
2.78341 1.4382 0 389.727 1.22284e-09
2.78341 1.4382 0 390.73 1.18548e-09
2.78341 1.4382 0 391.732 1.14927e-09
2.78341 1.4382 0 392.735 1.11417e-09
2.78341 1.4382 0 393.737 1.08015e-09
2.78341 1.4382 0 394.739 1.04717e-09
2.78341 1.4382 0 395.742 1.0152e-09
2.78341 1.4382 0 396.744 9.8422e-10
2.78341 1.4382 0 397.747 9.54186e-10
2.78341 1.4382 0 398.749 9.25072e-10
2.78341 1.4382 0 399.752 8.96852e-10
2.78341 1.4382 0 400.754 8.69497e-10
2.78341 1.4382 0 401.757 8.4298e-10
2.78341 1.4382 0 402.759 8.17275e-10
2.78341 1.4382 0 403.762 7.92359e-10
2.78341 1.4382 0 404.764 7.68205e-10
2.78341 1.4382 0 405.767 7.44791e-10
2.78341 1.4382 0 406.769 7.22094e-10
2.78341 1.4382 0 407.772 7.00092e-10
2.78341 1.4382 0 408.774 6.78764e-10
2.78341 1.4382 0 409.777 6.58088e-10
2.78341 1.4382 0 410.779 6.38045e-10
2.78341 1.4382 0 411.782 6.18615e-10
2.78341 1.4382 0 412.784 5.9978e-10
2.78341 1.4382 0 413.787 5.8152e-10
2.78341 1.4382 0 414.789 5.63819e-10
2.78341 1.4382 0 415.792 5.46659e-10
2.78341 1.4382 0 416.794 5.30023e-10
2.78341 1.4382 0 417.797 5.13896e-10
2.78341 1.4382 0 418.799 4.98262e-10
2.78341 1.4382 0 419.802 4.83105e-10
2.78341 1.4382 0 420.804 4.68412e-10
2.78341 1.4382 0 421.806 4.54167e-10
2.78341 1.4382 0 422.809 4.40357e-10
2.78341 1.4382 0 423.811 4.26969e-10
2.78341 1.4382 0 424.814 4.13989e-10
2.78341 1.4382 0 425.816 4.01406e-10
2.78341 1.4382 0 426.819 3.89207e-10
2.78341 1.4382 0 427.821 3.7738e-10
2.78341 1.4382 0 428.824 3.65913e-10
2.78341 1.4382 0 429.826 3.54797e-10
2.78341 1.4382 0 430.829 3.4402e-10
2.78341 1.4382 0 431.831 3.33571e-10
2.78341 1.4382 0 432.834 3.23441e-10
2.78341 1.4382 0 433.836 3.13619e-10
2.78341 1.4382 0 434.839 3.04097e-10
2.78341 1.4382 0 435.841 2.94865e-10
2.78341 1.4382 0 436.844 2.85915e-10
2.78341 1.4382 0 437.846 2.77237e-10
2.78341 1.4382 0 438.849 2.68824e-10
2.78341 1.4382 0 439.851 2.60667e-10
2.78341 1.4382 0 440.854 2.52758e-10
2.78341 1.4382 0 441.856 2.4509e-10
2.78341 1.4382 0 442.859 2.37656e-10
2.78341 1.4382 0 443.861 2.30447e-10
2.78341 1.4382 0 444.864 2.23459e-10
2.78341 1.4382 0 445.866 2.16683e-10
2.78341 1.4382 0 446.868 2.10113e-10
2.78341 1.4382 0 447.871 2.03743e-10
2.78341 1.4382 0 448.873 1.97567e-10
2.78341 1.4382 0 449.876 1.91579e-10
2.78341 1.4382 0 450.878 1.85772e-10
2.78341 1.4382 0 451.881 1.80143e-10
2.78341 1.4382 0 452.883 1.74685e-10
2.78341 1.4382 0 453.886 1.69392e-10
2.78341 1.4382 0 454.888 1.64261e-10
2.78341 1.4382 0 455.891 1.59285e-10
2.78341 1.4382 0 456.893 1.54461e-10
2.78341 1.4382 0 457.896 1.49783e-10
2.78341 1.4382 0 458.898 1.45247e-10
2.78341 1.4382 0 459.901 1.40849e-10
2.78341 1.4382 0 460.903 1.36585e-10
2.78341 1.4382 0 461.906 1.3245e-10
2.78341 1.4382 0 462.908 1.28441e-10
2.78341 1.4382 0 463.911 1.24554e-10
2.78341 1.4382 0 464.913 1.20784e-10
2.78341 1.4382 0 465.916 1.17129e-10
2.78341 1.4382 0 466.918 1.13585e-10
2.78341 1.4382 0 467.921 1.10149e-10
2.78341 1.4382 0 468.923 1.06817e-10
2.78341 1.4382 0 469.926 1.03586e-10
2.78341 1.4382 0 470.928 1.00453e-10
2.78341 1.4382 0 471.931 9.74146e-11
2.78341 1.4382 0 472.933 9.44687e-11
2.78341 1.4382 0 473.935 9.16122e-11
2.78341 1.4382 0 474.938 8.88424e-11
2.78341 1.4382 0 475.94 8.61565e-11
2.78341 1.4382 0 476.943 8.35521e-11
2.78341 1.4382 0 477.945 8.10267e-11
2.78341 1.4382 0 478.948 7.85777e-11
2.78341 1.4382 0 479.95 7.62031e-11
2.78341 1.4382 0 480.953 7.39004e-11
2.78341 1.4382 0 481.955 7.16674e-11
2.78341 1.4382 0 482.958 6.95022e-11
2.78341 1.4382 0 483.96 6.74025e-11
2.78341 1.4382 0 484.963 6.53665e-11
2.78341 1.4382 0 485.965 6.33921e-11
2.78341 1.4382 0 486.968 6.14775e-11
2.78341 1.4382 0 487.97 5.96209e-11
2.78341 1.4382 0 488.973 5.78206e-11
2.78341 1.4382 0 489.975 5.60747e-11
2.78341 1.4382 0 490.978 5.43817e-11
2.78341 1.4382 0 491.98 5.274e-11
2.78341 1.4382 0 492.983 5.11479e-11
2.78341 1.4382 0 493.985 4.96041e-11
2.78341 1.4382 0 494.988 4.81069e-11
2.78341 1.4382 0 495.99 4.66551e-11
2.78341 1.4382 0 496.993 4.52472e-11
2.78341 1.4382 0 497.995 4.38819e-11
2.78341 1.4382 0 498.998 4.25579e-11
2.78341 1.4382 0 500 4.1274e-11

