0.546145 1.4382 0 100.01 2.9064e-07
0.546145 1.4382 0 101.012 5.12601e-07
0.546145 1.4382 0 102.015 4.94319e-07
0.546145 1.4382 0 103.017 4.68475e-07
0.546145 1.4382 0 104.02 4.48572e-07
0.546145 1.4382 0 105.022 4.32483e-07
0.546145 1.4382 0 106.025 4.18856e-07
0.546145 1.4382 0 107.027 4.06948e-07
0.546145 1.4382 0 108.03 3.96312e-07
0.546145 1.4382 0 109.032 3.8666e-07
0.546145 1.4382 0 110.035 3.77797e-07
0.546145 1.4382 0 111.037 3.69579e-07
0.546145 1.4382 0 112.04 3.61903e-07
0.546145 1.4382 0 113.042 3.54689e-07
0.546145 1.4382 0 114.045 3.47873e-07
0.546145 1.4382 0 115.047 3.41408e-07
0.546145 1.4382 0 116.05 3.35252e-07
0.546145 1.4382 0 117.052 3.29372e-07
0.546145 1.4382 0 118.055 3.2374e-07
0.546145 1.4382 0 119.057 3.18334e-07
0.546145 1.4382 0 120.06 3.13133e-07
0.546145 1.4382 0 121.062 3.0812e-07
0.546145 1.4382 0 122.065 3.03281e-07
0.546145 1.4382 0 123.067 2.98602e-07
0.546145 1.4382 0 124.07 2.94072e-07
0.546145 1.4382 0 125.072 2.89682e-07
0.546145 1.4382 0 126.075 2.85422e-07
0.546145 1.4382 0 127.077 2.81284e-07
0.546145 1.4382 0 128.079 2.77261e-07
0.546145 1.4382 0 129.082 2.73347e-07
0.546145 1.4382 0 130.084 2.69535e-07
0.546145 1.4382 0 131.087 2.6582e-07
0.546145 1.4382 0 132.089 2.62198e-07
0.546145 1.4382 0 133.092 2.58664e-07
0.546145 1.4382 0 134.094 2.55213e-07
0.546145 1.4382 0 135.097 2.51842e-07
0.546145 1.4382 0 136.099 2.48548e-07
0.546145 1.4382 0 137.102 2.45327e-07
0.546145 1.4382 0 138.104 2.42176e-07
0.546145 1.4382 0 139.107 2.39093e-07
0.546145 1.4382 0 140.109 2.36074e-07
0.546145 1.4382 0 141.112 2.33117e-07
0.546145 1.4382 0 142.114 2.3022e-07
0.546145 1.4382 0 143.117 2.27381e-07
0.546145 1.4382 0 144.119 2.24598e-07
0.546145 1.4382 0 145.122 2.21868e-07
0.546145 1.4382 0 146.124 2.19191e-07
0.546145 1.4382 0 147.127 2.16564e-07
0.546145 1.4382 0 148.129 2.13985e-07
0.546145 1.4382 0 149.132 2.11454e-07
0.546145 1.4382 0 150.134 2.08968e-07
0.546145 1.4382 0 151.137 2.06526e-07
0.546145 1.4382 0 152.139 2.04127e-07
0.546145 1.4382 0 153.142 2.0177e-07
0.546145 1.4382 0 154.144 1.99454e-07
0.546145 1.4382 0 155.146 1.97177e-07
0.546145 1.4382 0 156.149 1.94938e-07
0.546145 1.4382 0 157.151 1.92736e-07
0.546145 1.4382 0 158.154 1.9057e-07
0.546145 1.4382 0 159.156 1.8844e-07
0.546145 1.4382 0 160.159 1.86344e-07
0.546145 1.4382 0 161.161 1.84282e-07
0.546145 1.4382 0 162.164 1.82252e-07
0.546145 1.4382 0 163.166 1.80254e-07
0.546145 1.4382 0 164.169 1.78286e-07
0.546145 1.4382 0 165.171 1.7635e-07
0.546145 1.4382 0 166.174 1.74442e-07
0.546145 1.4382 0 167.176 1.72564e-07
0.546145 1.4382 0 168.179 1.70714e-07
0.546145 1.4382 0 169.181 1.68891e-07
0.546145 1.4382 0 170.184 1.67095e-07
0.546145 1.4382 0 171.186 1.65326e-07
0.546145 1.4382 0 172.189 1.63582e-07
0.546145 1.4382 0 173.191 1.61863e-07
0.546145 1.4382 0 174.194 1.60169e-07
0.546145 1.4382 0 175.196 1.58499e-07
0.546145 1.4382 0 176.199 1.56853e-07
0.546145 1.4382 0 177.201 1.5523e-07
0.546145 1.4382 0 178.204 1.53629e-07
0.546145 1.4382 0 179.206 1.5205e-07
0.546145 1.4382 0 180.208 1.50493e-07
0.546145 1.4382 0 181.211 1.48958e-07
0.546145 1.4382 0 182.213 1.47443e-07
0.546145 1.4382 0 183.216 1.45948e-07
0.546145 1.4382 0 184.218 1.44474e-07
0.546145 1.4382 0 185.221 1.43019e-07
0.546145 1.4382 0 186.223 1.41583e-07
0.546145 1.4382 0 187.226 1.40167e-07
0.546145 1.4382 0 188.228 1.38769e-07
0.546145 1.4382 0 189.231 1.37389e-07
0.546145 1.4382 0 190.233 1.36026e-07
0.546145 1.4382 0 191.236 1.34682e-07
0.546145 1.4382 0 192.238 1.33354e-07
0.546145 1.4382 0 193.241 1.32044e-07
0.546145 1.4382 0 194.243 1.3075e-07
0.546145 1.4382 0 195.246 1.29472e-07
0.546145 1.4382 0 196.248 1.2821e-07
0.546145 1.4382 0 197.251 1.26964e-07
0.546145 1.4382 0 198.253 1.25734e-07
0.546145 1.4382 0 199.256 1.24518e-07
0.546145 1.4382 0 200.258 1.23318e-07
0.546145 1.4382 0 201.261 1.22132e-07
0.546145 1.4382 0 202.263 1.2096e-07
0.546145 1.4382 0 203.266 1.19803e-07
0.546145 1.4382 0 204.268 1.1866e-07
0.546145 1.4382 0 205.271 1.1753e-07
0.546145 1.4382 0 206.273 1.16414e-07
0.546145 1.4382 0 207.275 1.15311e-07
0.546145 1.4382 0 208.278 1.14221e-07
0.546145 1.4382 0 209.28 1.13144e-07
0.546145 1.4382 0 210.283 1.1208e-07
0.546145 1.4382 0 211.285 1.11028e-07
0.546145 1.4382 0 212.288 1.09988e-07
0.546145 1.4382 0 213.29 1.0896e-07
0.546145 1.4382 0 214.293 1.07944e-07
0.546145 1.4382 0 215.295 1.0694e-07
0.546145 1.4382 0 216.298 1.05947e-07
0.546145 1.4382 0 217.3 1.04966e-07
0.546145 1.4382 0 218.303 1.03995e-07
0.546145 1.4382 0 219.305 1.03036e-07
0.546145 1.4382 0 220.308 1.02087e-07
0.546145 1.4382 0 221.31 1.0115e-07
0.546145 1.4382 0 222.313 1.00222e-07
0.546145 1.4382 0 223.315 9.9305e-08
0.546145 1.4382 0 224.318 9.83981e-08
0.546145 1.4382 0 225.32 9.75012e-08
0.546145 1.4382 0 226.323 9.66142e-08
0.546145 1.4382 0 227.325 9.57369e-08
0.546145 1.4382 0 228.328 9.48692e-08
0.546145 1.4382 0 229.33 9.4011e-08
0.546145 1.4382 0 230.333 9.31621e-08
0.546145 1.4382 0 231.335 9.23224e-08
0.546145 1.4382 0 232.338 9.14918e-08
0.546145 1.4382 0 233.34 9.06701e-08
0.546145 1.4382 0 234.342 8.98572e-08
0.546145 1.4382 0 235.345 8.9053e-08
0.546145 1.4382 0 236.347 8.82573e-08
0.546145 1.4382 0 237.35 8.74701e-08
0.546145 1.4382 0 238.352 8.66913e-08
0.546145 1.4382 0 239.355 8.59206e-08
0.546145 1.4382 0 240.357 8.51581e-08
0.546145 1.4382 0 241.36 8.44036e-08
0.546145 1.4382 0 242.362 8.3657e-08
0.546145 1.4382 0 243.365 8.29181e-08
0.546145 1.4382 0 244.367 8.2187e-08
0.546145 1.4382 0 245.37 8.14634e-08
0.546145 1.4382 0 246.372 8.07473e-08
0.546145 1.4382 0 247.375 8.00386e-08
0.546145 1.4382 0 248.377 7.93372e-08
0.546145 1.4382 0 249.38 7.8643e-08
0.546145 1.4382 0 250.382 7.79559e-08
0.546145 1.4382 0 251.385 7.72758e-08
0.546145 1.4382 0 252.387 7.66026e-08
0.546145 1.4382 0 253.39 7.59362e-08
0.546145 1.4382 0 254.392 7.52766e-08
0.546145 1.4382 0 255.395 7.46236e-08
0.546145 1.4382 0 256.397 7.39773e-08
0.546145 1.4382 0 257.4 7.33374e-08
0.546145 1.4382 0 258.402 7.27039e-08
0.546145 1.4382 0 259.405 7.20767e-08
0.546145 1.4382 0 260.407 7.14558e-08
0.546145 1.4382 0 261.409 7.08411e-08
0.546145 1.4382 0 262.412 7.02325e-08
0.546145 1.4382 0 263.414 6.96299e-08
0.546145 1.4382 0 264.417 6.90332e-08
0.546145 1.4382 0 265.419 6.84424e-08
0.546145 1.4382 0 266.422 6.78575e-08
0.546145 1.4382 0 267.424 6.72782e-08
0.546145 1.4382 0 268.427 6.67047e-08
0.546145 1.4382 0 269.429 6.61367e-08
0.546145 1.4382 0 270.432 6.55743e-08
0.546145 1.4382 0 271.434 6.50173e-08
0.546145 1.4382 0 272.437 6.44657e-08
0.546145 1.4382 0 273.439 6.39195e-08
0.546145 1.4382 0 274.442 6.33786e-08
0.546145 1.4382 0 275.444 6.28428e-08
0.546145 1.4382 0 276.447 6.23122e-08
0.546145 1.4382 0 277.449 6.17867e-08
0.546145 1.4382 0 278.452 6.12663e-08
0.546145 1.4382 0 279.454 6.07508e-08
0.546145 1.4382 0 280.457 6.02402e-08
0.546145 1.4382 0 281.459 5.97345e-08
0.546145 1.4382 0 282.462 5.92336e-08
0.546145 1.4382 0 283.464 5.87374e-08
0.546145 1.4382 0 284.467 5.82459e-08
0.546145 1.4382 0 285.469 5.77591e-08
0.546145 1.4382 0 286.472 5.72769e-08
0.546145 1.4382 0 287.474 5.67992e-08
0.546145 1.4382 0 288.476 5.6326e-08
0.546145 1.4382 0 289.479 5.58572e-08
0.546145 1.4382 0 290.481 5.53928e-08
0.546145 1.4382 0 291.484 5.49328e-08
0.546145 1.4382 0 292.486 5.4477e-08
0.546145 1.4382 0 293.489 5.40255e-08
0.546145 1.4382 0 294.491 5.35782e-08
0.546145 1.4382 0 295.494 5.3135e-08
0.546145 1.4382 0 296.496 5.26959e-08
0.546145 1.4382 0 297.499 5.22609e-08
0.546145 1.4382 0 298.501 5.18299e-08
0.546145 1.4382 0 299.504 5.14029e-08
0.546145 1.4382 0 300.506 5.09798e-08
0.546145 1.4382 0 301.509 5.05605e-08
0.546145 1.4382 0 302.511 5.01452e-08
0.546145 1.4382 0 303.514 4.97336e-08
0.546145 1.4382 0 304.516 4.93258e-08
0.546145 1.4382 0 305.519 4.89217e-08
0.546145 1.4382 0 306.521 4.85213e-08
0.546145 1.4382 0 307.524 4.81245e-08
0.546145 1.4382 0 308.526 4.77313e-08
0.546145 1.4382 0 309.529 4.73417e-08
0.546145 1.4382 0 310.531 4.69557e-08
0.546145 1.4382 0 311.534 4.65731e-08
0.546145 1.4382 0 312.536 4.61939e-08
0.546145 1.4382 0 313.538 4.58182e-08
0.546145 1.4382 0 314.541 4.54459e-08
0.546145 1.4382 0 315.543 4.50769e-08
0.546145 1.4382 0 316.546 4.47112e-08
0.546145 1.4382 0 317.548 4.43488e-08
0.546145 1.4382 0 318.551 4.39896e-08
0.546145 1.4382 0 319.553 4.36337e-08
0.546145 1.4382 0 320.556 4.32809e-08
0.546145 1.4382 0 321.558 4.29312e-08
0.546145 1.4382 0 322.561 4.25847e-08
0.546145 1.4382 0 323.563 4.22413e-08
0.546145 1.4382 0 324.566 4.19009e-08
0.546145 1.4382 0 325.568 4.15635e-08
0.546145 1.4382 0 326.571 4.12291e-08
0.546145 1.4382 0 327.573 4.08976e-08
0.546145 1.4382 0 328.576 4.05691e-08
0.546145 1.4382 0 329.578 4.02435e-08
0.546145 1.4382 0 330.581 3.99207e-08
0.546145 1.4382 0 331.583 3.96008e-08
0.546145 1.4382 0 332.586 3.92837e-08
0.546145 1.4382 0 333.588 3.89693e-08
0.546145 1.4382 0 334.591 3.86577e-08
0.546145 1.4382 0 335.593 3.83489e-08
0.546145 1.4382 0 336.596 3.80427e-08
0.546145 1.4382 0 337.598 3.77392e-08
0.546145 1.4382 0 338.601 3.74384e-08
0.546145 1.4382 0 339.603 3.71402e-08
0.546145 1.4382 0 340.605 3.68445e-08
0.546145 1.4382 0 341.608 3.65515e-08
0.546145 1.4382 0 342.61 3.62609e-08
0.546145 1.4382 0 343.613 3.59729e-08
0.546145 1.4382 0 344.615 3.56874e-08
0.546145 1.4382 0 345.618 3.54044e-08
0.546145 1.4382 0 346.62 3.51238e-08
0.546145 1.4382 0 347.623 3.48456e-08
0.546145 1.4382 0 348.625 3.45698e-08
0.546145 1.4382 0 349.628 3.42964e-08
0.546145 1.4382 0 350.63 3.40253e-08
0.546145 1.4382 0 351.633 3.37566e-08
0.546145 1.4382 0 352.635 3.34901e-08
0.546145 1.4382 0 353.638 3.3226e-08
0.546145 1.4382 0 354.64 3.29641e-08
0.546145 1.4382 0 355.643 3.27044e-08
0.546145 1.4382 0 356.645 3.2447e-08
0.546145 1.4382 0 357.648 3.21918e-08
0.546145 1.4382 0 358.65 3.19387e-08
0.546145 1.4382 0 359.653 3.16878e-08
0.546145 1.4382 0 360.655 3.1439e-08
0.546145 1.4382 0 361.658 3.11923e-08
0.546145 1.4382 0 362.66 3.09478e-08
0.546145 1.4382 0 363.663 3.07053e-08
0.546145 1.4382 0 364.665 3.04648e-08
0.546145 1.4382 0 365.668 3.02264e-08
0.546145 1.4382 0 366.67 2.999e-08
0.546145 1.4382 0 367.672 2.97556e-08
0.546145 1.4382 0 368.675 2.95232e-08
0.546145 1.4382 0 369.677 2.92927e-08
0.546145 1.4382 0 370.68 2.90642e-08
0.546145 1.4382 0 371.682 2.88376e-08
0.546145 1.4382 0 372.685 2.86129e-08
0.546145 1.4382 0 373.687 2.83901e-08
0.546145 1.4382 0 374.69 2.81692e-08
0.546145 1.4382 0 375.692 2.79501e-08
0.546145 1.4382 0 376.695 2.77328e-08
0.546145 1.4382 0 377.697 2.75174e-08
0.546145 1.4382 0 378.7 2.73037e-08
0.546145 1.4382 0 379.702 2.70919e-08
0.546145 1.4382 0 380.705 2.68818e-08
0.546145 1.4382 0 381.707 2.66735e-08
0.546145 1.4382 0 382.71 2.64669e-08
0.546145 1.4382 0 383.712 2.6262e-08
0.546145 1.4382 0 384.715 2.60588e-08
0.546145 1.4382 0 385.717 2.58573e-08
0.546145 1.4382 0 386.72 2.56575e-08
0.546145 1.4382 0 387.722 2.54593e-08
0.546145 1.4382 0 388.725 2.52628e-08
0.546145 1.4382 0 389.727 2.50679e-08
0.546145 1.4382 0 390.73 2.48746e-08
0.546145 1.4382 0 391.732 2.46829e-08
0.546145 1.4382 0 392.735 2.44928e-08
0.546145 1.4382 0 393.737 2.43043e-08
0.546145 1.4382 0 394.739 2.41173e-08
0.546145 1.4382 0 395.742 2.39318e-08
0.546145 1.4382 0 396.744 2.37479e-08
0.546145 1.4382 0 397.747 2.35655e-08
0.546145 1.4382 0 398.749 2.33846e-08
0.546145 1.4382 0 399.752 2.32052e-08
0.546145 1.4382 0 400.754 2.30272e-08
0.546145 1.4382 0 401.757 2.28507e-08
0.546145 1.4382 0 402.759 2.26757e-08
0.546145 1.4382 0 403.762 2.25021e-08
0.546145 1.4382 0 404.764 2.23299e-08
0.546145 1.4382 0 405.767 2.21591e-08
0.546145 1.4382 0 406.769 2.19897e-08
0.546145 1.4382 0 407.772 2.18217e-08
0.546145 1.4382 0 408.774 2.1655e-08
0.546145 1.4382 0 409.777 2.14897e-08
0.546145 1.4382 0 410.779 2.13258e-08
0.546145 1.4382 0 411.782 2.11632e-08
0.546145 1.4382 0 412.784 2.10019e-08
0.546145 1.4382 0 413.787 2.08419e-08
0.546145 1.4382 0 414.789 2.06832e-08
0.546145 1.4382 0 415.792 2.05258e-08
0.546145 1.4382 0 416.794 2.03697e-08
0.546145 1.4382 0 417.797 2.02148e-08
0.546145 1.4382 0 418.799 2.00612e-08
0.546145 1.4382 0 419.802 1.99089e-08
0.546145 1.4382 0 420.804 1.97578e-08
0.546145 1.4382 0 421.806 1.96078e-08
0.546145 1.4382 0 422.809 1.94591e-08
0.546145 1.4382 0 423.811 1.93116e-08
0.546145 1.4382 0 424.814 1.91653e-08
0.546145 1.4382 0 425.816 1.90202e-08
0.546145 1.4382 0 426.819 1.88762e-08
0.546145 1.4382 0 427.821 1.87334e-08
0.546145 1.4382 0 428.824 1.85917e-08
0.546145 1.4382 0 429.826 1.84512e-08
0.546145 1.4382 0 430.829 1.83118e-08
0.546145 1.4382 0 431.831 1.81735e-08
0.546145 1.4382 0 432.834 1.80364e-08
0.546145 1.4382 0 433.836 1.79003e-08
0.546145 1.4382 0 434.839 1.77653e-08
0.546145 1.4382 0 435.841 1.76314e-08
0.546145 1.4382 0 436.844 1.74985e-08
0.546145 1.4382 0 437.846 1.73668e-08
0.546145 1.4382 0 438.849 1.7236e-08
0.546145 1.4382 0 439.851 1.71064e-08
0.546145 1.4382 0 440.854 1.69777e-08
0.546145 1.4382 0 441.856 1.68501e-08
0.546145 1.4382 0 442.859 1.67235e-08
0.546145 1.4382 0 443.861 1.65979e-08
0.546145 1.4382 0 444.864 1.64733e-08
0.546145 1.4382 0 445.866 1.63497e-08
0.546145 1.4382 0 446.868 1.6227e-08
0.546145 1.4382 0 447.871 1.61054e-08
0.546145 1.4382 0 448.873 1.59847e-08
0.546145 1.4382 0 449.876 1.58649e-08
0.546145 1.4382 0 450.878 1.57461e-08
0.546145 1.4382 0 451.881 1.56283e-08
0.546145 1.4382 0 452.883 1.55114e-08
0.546145 1.4382 0 453.886 1.53954e-08
0.546145 1.4382 0 454.888 1.52803e-08
0.546145 1.4382 0 455.891 1.51661e-08
0.546145 1.4382 0 456.893 1.50529e-08
0.546145 1.4382 0 457.896 1.49405e-08
0.546145 1.4382 0 458.898 1.4829e-08
0.546145 1.4382 0 459.901 1.47184e-08
0.546145 1.4382 0 460.903 1.46087e-08
0.546145 1.4382 0 461.906 1.44998e-08
0.546145 1.4382 0 462.908 1.43918e-08
0.546145 1.4382 0 463.911 1.42846e-08
0.546145 1.4382 0 464.913 1.41783e-08
0.546145 1.4382 0 465.916 1.40728e-08
0.546145 1.4382 0 466.918 1.39681e-08
0.546145 1.4382 0 467.921 1.38643e-08
0.546145 1.4382 0 468.923 1.37612e-08
0.546145 1.4382 0 469.926 1.3659e-08
0.546145 1.4382 0 470.928 1.35576e-08
0.546145 1.4382 0 471.931 1.34569e-08
0.546145 1.4382 0 472.933 1.33571e-08
0.546145 1.4382 0 473.935 1.3258e-08
0.546145 1.4382 0 474.938 1.31597e-08
0.546145 1.4382 0 475.94 1.30622e-08
0.546145 1.4382 0 476.943 1.29655e-08
0.546145 1.4382 0 477.945 1.28694e-08
0.546145 1.4382 0 478.948 1.27742e-08
0.546145 1.4382 0 479.95 1.26797e-08
0.546145 1.4382 0 480.953 1.25859e-08
0.546145 1.4382 0 481.955 1.24928e-08
0.546145 1.4382 0 482.958 1.24005e-08
0.546145 1.4382 0 483.96 1.23089e-08
0.546145 1.4382 0 484.963 1.2218e-08
0.546145 1.4382 0 485.965 1.21278e-08
0.546145 1.4382 0 486.968 1.20383e-08
0.546145 1.4382 0 487.97 1.19495e-08
0.546145 1.4382 0 488.973 1.18614e-08
0.546145 1.4382 0 489.975 1.1774e-08
0.546145 1.4382 0 490.978 1.16872e-08
0.546145 1.4382 0 491.98 1.16011e-08
0.546145 1.4382 0 492.983 1.15157e-08
0.546145 1.4382 0 493.985 1.14309e-08
0.546145 1.4382 0 494.988 1.13468e-08
0.546145 1.4382 0 495.99 1.12634e-08
0.546145 1.4382 0 496.993 1.11806e-08
0.546145 1.4382 0 497.995 1.10984e-08
0.546145 1.4382 0 498.998 1.10169e-08
0.546145 1.4382 0 500 1.0936e-08
