3.62969 1.4382 0 150.015 1.51275e-05
3.62969 1.4382 0 151.017 2.54916e-05
3.62969 1.4382 0 152.02 2.37309e-05
3.62969 1.4382 0 153.022 2.1172e-05
3.62969 1.4382 0 154.025 1.90294e-05
3.62969 1.4382 0 155.027 1.72349e-05
3.62969 1.4382 0 156.03 1.57013e-05
3.62969 1.4382 0 157.032 1.43708e-05
3.62969 1.4382 0 158.035 1.32034e-05
3.62969 1.4382 0 159.037 1.21701e-05
3.62969 1.4382 0 160.04 1.1249e-05
3.62969 1.4382 0 161.042 1.04231e-05
3.62969 1.4382 0 162.045 9.67885e-06
3.62969 1.4382 0 163.047 9.00516e-06
3.62969 1.4382 0 164.05 8.393e-06
3.62969 1.4382 0 165.052 7.83485e-06
3.62969 1.4382 0 166.054 7.32438e-06
3.62969 1.4382 0 167.057 6.85621e-06
3.62969 1.4382 0 168.059 6.42577e-06
3.62969 1.4382 0 169.062 6.02909e-06
3.62969 1.4382 0 170.064 5.66276e-06
3.62969 1.4382 0 171.067 5.3238e-06
3.62969 1.4382 0 172.069 5.0096e-06
3.62969 1.4382 0 173.072 4.71788e-06
3.62969 1.4382 0 174.074 4.4466e-06
3.62969 1.4382 0 175.077 4.19398e-06
3.62969 1.4382 0 176.079 3.95842e-06
3.62969 1.4382 0 177.082 3.73849e-06
3.62969 1.4382 0 178.084 3.53291e-06
3.62969 1.4382 0 179.087 3.34055e-06
3.62969 1.4382 0 180.089 3.16036e-06
3.62969 1.4382 0 181.092 2.99141e-06
3.62969 1.4382 0 182.094 2.83286e-06
3.62969 1.4382 0 183.096 2.68394e-06
3.62969 1.4382 0 184.099 2.54395e-06
3.62969 1.4382 0 185.101 2.41226e-06
3.62969 1.4382 0 186.104 2.28828e-06
3.62969 1.4382 0 187.106 2.17149e-06
3.62969 1.4382 0 188.109 2.06139e-06
3.62969 1.4382 0 189.111 1.95754e-06
3.62969 1.4382 0 190.114 1.85952e-06
3.62969 1.4382 0 191.116 1.76696e-06
3.62969 1.4382 0 192.119 1.67951e-06
3.62969 1.4382 0 193.121 1.59683e-06
3.62969 1.4382 0 194.124 1.51865e-06
3.62969 1.4382 0 195.126 1.44466e-06
3.62969 1.4382 0 196.129 1.37463e-06
3.62969 1.4382 0 197.131 1.3083e-06
3.62969 1.4382 0 198.133 1.24547e-06
3.62969 1.4382 0 199.136 1.18592e-06
3.62969 1.4382 0 200.138 1.12945e-06
3.62969 1.4382 0 201.141 1.0759e-06
3.62969 1.4382 0 202.143 1.02509e-06
3.62969 1.4382 0 203.146 9.76869e-07
3.62969 1.4382 0 204.148 9.31087e-07
3.62969 1.4382 0 205.151 8.8761e-07
3.62969 1.4382 0 206.153 8.4631e-07
3.62969 1.4382 0 207.156 8.07066e-07
3.62969 1.4382 0 208.158 7.69765e-07
3.62969 1.4382 0 209.161 7.34304e-07
3.62969 1.4382 0 210.163 7.00582e-07
3.62969 1.4382 0 211.166 6.68507e-07
3.62969 1.4382 0 212.168 6.3799e-07
3.62969 1.4382 0 213.171 6.08951e-07
3.62969 1.4382 0 214.173 5.8131e-07
3.62969 1.4382 0 215.175 5.54997e-07
3.62969 1.4382 0 216.178 5.2994e-07
3.62969 1.4382 0 217.18 5.06077e-07
3.62969 1.4382 0 218.183 4.83346e-07
3.62969 1.4382 0 219.185 4.61688e-07
3.62969 1.4382 0 220.188 4.41051e-07
3.62969 1.4382 0 221.19 4.21382e-07
3.62969 1.4382 0 222.193 4.02632e-07
3.62969 1.4382 0 223.195 3.84756e-07
3.62969 1.4382 0 224.198 3.67711e-07
3.62969 1.4382 0 225.2 3.51456e-07
3.62969 1.4382 0 226.203 3.3595e-07
3.62969 1.4382 0 227.205 3.21159e-07
3.62969 1.4382 0 228.208 3.07047e-07
3.62969 1.4382 0 229.21 2.9358e-07
3.62969 1.4382 0 230.212 2.80729e-07
3.62969 1.4382 0 231.215 2.68462e-07
3.62969 1.4382 0 232.217 2.56752e-07
3.62969 1.4382 0 233.22 2.45573e-07
3.62969 1.4382 0 234.222 2.34899e-07
3.62969 1.4382 0 235.225 2.24705e-07
3.62969 1.4382 0 236.227 2.1497e-07
3.62969 1.4382 0 237.23 2.05672e-07
3.62969 1.4382 0 238.232 1.9679e-07
3.62969 1.4382 0 239.235 1.88305e-07
3.62969 1.4382 0 240.237 1.80197e-07
3.62969 1.4382 0 241.24 1.7245e-07
3.62969 1.4382 0 242.242 1.65047e-07
3.62969 1.4382 0 243.245 1.57972e-07
3.62969 1.4382 0 244.247 1.51209e-07
3.62969 1.4382 0 245.25 1.44745e-07
3.62969 1.4382 0 246.252 1.38566e-07
3.62969 1.4382 0 247.254 1.32657e-07
3.62969 1.4382 0 248.257 1.27009e-07
3.62969 1.4382 0 249.259 1.21607e-07
3.62969 1.4382 0 250.262 1.16442e-07
3.62969 1.4382 0 251.264 1.11501e-07
3.62969 1.4382 0 252.267 1.06777e-07
3.62969 1.4382 0 253.269 1.02257e-07
3.62969 1.4382 0 254.272 9.79342e-08
3.62969 1.4382 0 255.274 9.37985e-08
3.62969 1.4382 0 256.277 8.98419e-08
3.62969 1.4382 0 257.279 8.60562e-08
3.62969 1.4382 0 258.282 8.2434e-08
3.62969 1.4382 0 259.284 7.89679e-08
3.62969 1.4382 0 260.287 7.56509e-08
3.62969 1.4382 0 261.289 7.24765e-08
3.62969 1.4382 0 262.291 6.94383e-08
3.62969 1.4382 0 263.294 6.65303e-08
3.62969 1.4382 0 264.296 6.37468e-08
3.62969 1.4382 0 265.299 6.10822e-08
3.62969 1.4382 0 266.301 5.85314e-08
3.62969 1.4382 0 267.304 5.60894e-08
3.62969 1.4382 0 268.306 5.37514e-08
3.62969 1.4382 0 269.309 5.15128e-08
3.62969 1.4382 0 270.311 4.93693e-08
3.62969 1.4382 0 271.314 4.73168e-08
3.62969 1.4382 0 272.316 4.53512e-08
3.62969 1.4382 0 273.319 4.34689e-08
3.62969 1.4382 0 274.321 4.16662e-08
3.62969 1.4382 0 275.324 3.99397e-08
3.62969 1.4382 0 276.326 3.8286e-08
3.62969 1.4382 0 277.329 3.6702e-08
3.62969 1.4382 0 278.331 3.51847e-08
3.62969 1.4382 0 279.333 3.37312e-08
3.62969 1.4382 0 280.336 3.23388e-08
3.62969 1.4382 0 281.338 3.10049e-08
3.62969 1.4382 0 282.341 2.9727e-08
3.62969 1.4382 0 283.343 2.85025e-08
3.62969 1.4382 0 284.346 2.73294e-08
3.62969 1.4382 0 285.348 2.62053e-08
3.62969 1.4382 0 286.351 2.51282e-08
3.62969 1.4382 0 287.353 2.4096e-08
3.62969 1.4382 0 288.356 2.31069e-08
3.62969 1.4382 0 289.358 2.21591e-08
3.62969 1.4382 0 290.361 2.12507e-08
3.62969 1.4382 0 291.363 2.03801e-08
3.62969 1.4382 0 292.366 1.95457e-08
3.62969 1.4382 0 293.368 1.87459e-08
3.62969 1.4382 0 294.37 1.79793e-08
3.62969 1.4382 0 295.373 1.72446e-08
3.62969 1.4382 0 296.375 1.65403e-08
3.62969 1.4382 0 297.378 1.58651e-08
3.62969 1.4382 0 298.38 1.52179e-08
3.62969 1.4382 0 299.383 1.45974e-08
3.62969 1.4382 0 300.385 1.40026e-08
3.62969 1.4382 0 301.388 1.34323e-08
3.62969 1.4382 0 302.39 1.28856e-08
3.62969 1.4382 0 303.393 1.23614e-08
3.62969 1.4382 0 304.395 1.18587e-08
3.62969 1.4382 0 305.398 1.13768e-08
3.62969 1.4382 0 306.4 1.09147e-08
3.62969 1.4382 0 307.403 1.04716e-08
3.62969 1.4382 0 308.405 1.00467e-08
3.62969 1.4382 0 309.408 9.6393e-09
3.62969 1.4382 0 310.41 9.24857e-09
3.62969 1.4382 0 311.412 8.87387e-09
3.62969 1.4382 0 312.415 8.51452e-09
3.62969 1.4382 0 313.417 8.16988e-09
3.62969 1.4382 0 314.42 7.83936e-09
3.62969 1.4382 0 315.422 7.52235e-09
3.62969 1.4382 0 316.425 7.2183e-09
3.62969 1.4382 0 317.427 6.92668e-09
3.62969 1.4382 0 318.43 6.64696e-09
3.62969 1.4382 0 319.432 6.37866e-09
3.62969 1.4382 0 320.435 6.1213e-09
3.62969 1.4382 0 321.437 5.87444e-09
3.62969 1.4382 0 322.44 5.63763e-09
3.62969 1.4382 0 323.442 5.41046e-09
3.62969 1.4382 0 324.445 5.19254e-09
3.62969 1.4382 0 325.447 4.98349e-09
3.62969 1.4382 0 326.449 4.78293e-09
3.62969 1.4382 0 327.452 4.59052e-09
3.62969 1.4382 0 328.454 4.40593e-09
3.62969 1.4382 0 329.457 4.22883e-09
3.62969 1.4382 0 330.459 4.05891e-09
3.62969 1.4382 0 331.462 3.89589e-09
3.62969 1.4382 0 332.464 3.73947e-09
3.62969 1.4382 0 333.467 3.58939e-09
3.62969 1.4382 0 334.469 3.44539e-09
3.62969 1.4382 0 335.472 3.30722e-09
3.62969 1.4382 0 336.474 3.17463e-09
3.62969 1.4382 0 337.477 3.04741e-09
3.62969 1.4382 0 338.479 2.92533e-09
3.62969 1.4382 0 339.482 2.80818e-09
3.62969 1.4382 0 340.484 2.69577e-09
3.62969 1.4382 0 341.487 2.58789e-09
3.62969 1.4382 0 342.489 2.48436e-09
3.62969 1.4382 0 343.491 2.38501e-09
3.62969 1.4382 0 344.494 2.28967e-09
3.62969 1.4382 0 345.496 2.19816e-09
3.62969 1.4382 0 346.499 2.11035e-09
3.62969 1.4382 0 347.501 2.02606e-09
3.62969 1.4382 0 348.504 1.94518e-09
3.62969 1.4382 0 349.506 1.86754e-09
3.62969 1.4382 0 350.509 1.79303e-09
3.62969 1.4382 0 351.511 1.72151e-09
3.62969 1.4382 0 352.514 1.65287e-09
3.62969 1.4382 0 353.516 1.58698e-09
3.62969 1.4382 0 354.519 1.52374e-09
3.62969 1.4382 0 355.521 1.46304e-09
3.62969 1.4382 0 356.524 1.40477e-09
3.62969 1.4382 0 357.526 1.34884e-09
3.62969 1.4382 0 358.528 1.29515e-09
3.62969 1.4382 0 359.531 1.24362e-09
3.62969 1.4382 0 360.533 1.19415e-09
3.62969 1.4382 0 361.536 1.14666e-09
3.62969 1.4382 0 362.538 1.10107e-09
3.62969 1.4382 0 363.541 1.05731e-09
3.62969 1.4382 0 364.543 1.0153e-09
3.62969 1.4382 0 365.546 9.74965e-10
3.62969 1.4382 0 366.548 9.36245e-10
3.62969 1.4382 0 367.551 8.99074e-10
3.62969 1.4382 0 368.553 8.63388e-10
3.62969 1.4382 0 369.556 8.29127e-10
3.62969 1.4382 0 370.558 7.96234e-10
3.62969 1.4382 0 371.561 7.64654e-10
3.62969 1.4382 0 372.563 7.34335e-10
3.62969 1.4382 0 373.566 7.05225e-10
3.62969 1.4382 0 374.568 6.77276e-10
3.62969 1.4382 0 375.57 6.50442e-10
3.62969 1.4382 0 376.573 6.24677e-10
3.62969 1.4382 0 377.575 5.99938e-10
3.62969 1.4382 0 378.578 5.76185e-10
3.62969 1.4382 0 379.58 5.53378e-10
3.62969 1.4382 0 380.583 5.31479e-10
3.62969 1.4382 0 381.585 5.10451e-10
3.62969 1.4382 0 382.588 4.9026e-10
3.62969 1.4382 0 383.59 4.70873e-10
3.62969 1.4382 0 384.593 4.52256e-10
3.62969 1.4382 0 385.595 4.34379e-10
3.62969 1.4382 0 386.598 4.17213e-10
3.62969 1.4382 0 387.6 4.00729e-10
3.62969 1.4382 0 388.603 3.84899e-10
3.62969 1.4382 0 389.605 3.69698e-10
3.62969 1.4382 0 390.607 3.55101e-10
3.62969 1.4382 0 391.61 3.41083e-10
3.62969 1.4382 0 392.612 3.27621e-10
3.62969 1.4382 0 393.615 3.14694e-10
3.62969 1.4382 0 394.617 3.02279e-10
3.62969 1.4382 0 395.62 2.90356e-10
3.62969 1.4382 0 396.622 2.78906e-10
3.62969 1.4382 0 397.625 2.6791e-10
3.62969 1.4382 0 398.627 2.57349e-10
3.62969 1.4382 0 399.63 2.47207e-10
3.62969 1.4382 0 400.632 2.37466e-10
3.62969 1.4382 0 401.635 2.28111e-10
3.62969 1.4382 0 402.637 2.19126e-10
3.62969 1.4382 0 403.64 2.10497e-10
3.62969 1.4382 0 404.642 2.02209e-10
3.62969 1.4382 0 405.645 1.94249e-10
3.62969 1.4382 0 406.647 1.86604e-10
3.62969 1.4382 0 407.649 1.79261e-10
3.62969 1.4382 0 408.652 1.72209e-10
3.62969 1.4382 0 409.654 1.65435e-10
3.62969 1.4382 0 410.657 1.58929e-10
3.62969 1.4382 0 411.659 1.52679e-10
3.62969 1.4382 0 412.662 1.46677e-10
3.62969 1.4382 0 413.664 1.40911e-10
3.62969 1.4382 0 414.667 1.35374e-10
3.62969 1.4382 0 415.669 1.30054e-10
3.62969 1.4382 0 416.672 1.24945e-10
3.62969 1.4382 0 417.674 1.20037e-10
3.62969 1.4382 0 418.677 1.15323e-10
3.62969 1.4382 0 419.679 1.10795e-10
3.62969 1.4382 0 420.682 1.06445e-10
3.62969 1.4382 0 421.684 1.02267e-10
3.62969 1.4382 0 422.686 9.82529e-11
3.62969 1.4382 0 423.689 9.43974e-11
3.62969 1.4382 0 424.691 9.06939e-11
3.62969 1.4382 0 425.694 8.71362e-11
3.62969 1.4382 0 426.696 8.37186e-11
3.62969 1.4382 0 427.699 8.04356e-11
3.62969 1.4382 0 428.701 7.72818e-11
3.62969 1.4382 0 429.704 7.42521e-11
3.62969 1.4382 0 430.706 7.13417e-11
3.62969 1.4382 0 431.709 6.85458e-11
3.62969 1.4382 0 432.711 6.58598e-11
3.62969 1.4382 0 433.714 6.32795e-11
3.62969 1.4382 0 434.716 6.08007e-11
3.62969 1.4382 0 435.719 5.84193e-11
3.62969 1.4382 0 436.721 5.61316e-11
3.62969 1.4382 0 437.724 5.39337e-11
3.62969 1.4382 0 438.726 5.18222e-11
3.62969 1.4382 0 439.728 4.97937e-11
3.62969 1.4382 0 440.731 4.78449e-11
3.62969 1.4382 0 441.733 4.59726e-11
3.62969 1.4382 0 442.736 4.41738e-11
3.62969 1.4382 0 443.738 4.24457e-11
3.62969 1.4382 0 444.741 4.07853e-11
3.62969 1.4382 0 445.743 3.91902e-11
3.62969 1.4382 0 446.746 3.76577e-11
3.62969 1.4382 0 447.748 3.61852e-11
3.62969 1.4382 0 448.751 3.47706e-11
3.62969 1.4382 0 449.753 3.34114e-11
3.62969 1.4382 0 450.756 3.21056e-11
3.62969 1.4382 0 451.758 3.08509e-11
3.62969 1.4382 0 452.761 2.96454e-11
3.62969 1.4382 0 453.763 2.84872e-11
3.62969 1.4382 0 454.765 2.73744e-11
3.62969 1.4382 0 455.768 2.63052e-11
3.62969 1.4382 0 456.77 2.52779e-11
3.62969 1.4382 0 457.773 2.42908e-11
3.62969 1.4382 0 458.775 2.33424e-11
3.62969 1.4382 0 459.778 2.24311e-11
3.62969 1.4382 0 460.78 2.15556e-11
3.62969 1.4382 0 461.783 2.07143e-11
3.62969 1.4382 0 462.785 1.99059e-11
3.62969 1.4382 0 463.788 1.91292e-11
3.62969 1.4382 0 464.79 1.83829e-11
3.62969 1.4382 0 465.793 1.76657e-11
3.62969 1.4382 0 466.795 1.69767e-11
3.62969 1.4382 0 467.798 1.63146e-11
3.62969 1.4382 0 468.8 1.56783e-11
3.62969 1.4382 0 469.803 1.5067e-11
3.62969 1.4382 0 470.805 1.44796e-11
3.62969 1.4382 0 471.807 1.39151e-11
3.62969 1.4382 0 472.81 1.33727e-11
3.62969 1.4382 0 473.812 1.28515e-11
3.62969 1.4382 0 474.815 1.23507e-11
3.62969 1.4382 0 475.817 1.18695e-11
3.62969 1.4382 0 476.82 1.1407e-11
3.62969 1.4382 0 477.822 1.09626e-11
3.62969 1.4382 0 478.825 1.05356e-11
3.62969 1.4382 0 479.827 1.01253e-11
3.62969 1.4382 0 480.83 9.73096e-12
3.62969 1.4382 0 481.832 9.35204e-12
3.62969 1.4382 0 482.835 8.98791e-12
3.62969 1.4382 0 483.837 8.638e-12
3.62969 1.4382 0 484.84 8.30174e-12
3.62969 1.4382 0 485.842 7.97861e-12
3.62969 1.4382 0 486.844 7.66809e-12
3.62969 1.4382 0 487.847 7.36968e-12
3.62969 1.4382 0 488.849 7.08291e-12
3.62969 1.4382 0 489.852 6.80734e-12
3.62969 1.4382 0 490.854 6.54251e-12
3.62969 1.4382 0 491.857 6.28801e-12
3.62969 1.4382 0 492.859 6.04343e-12
3.62969 1.4382 0 493.862 5.80839e-12
3.62969 1.4382 0 494.864 5.58251e-12
3.62969 1.4382 0 495.867 5.36544e-12
3.62969 1.4382 0 496.869 5.15683e-12
3.62969 1.4382 0 497.872 4.95635e-12
3.62969 1.4382 0 498.874 4.76368e-12
3.62969 1.4382 0 499.877 4.57852e-12
3.62969 1.4382 0 500.879 4.40057e-12
3.62969 1.4382 0 501.882 4.22956e-12
3.62969 1.4382 0 502.884 4.06521e-12
3.62969 1.4382 0 503.886 3.90725e-12
3.62969 1.4382 0 504.889 3.75545e-12
3.62969 1.4382 0 505.891 3.60956e-12
3.62969 1.4382 0 506.894 3.46935e-12
3.62969 1.4382 0 507.896 3.3346e-12
3.62969 1.4382 0 508.899 3.2051e-12
3.62969 1.4382 0 509.901 3.08063e-12
3.62969 1.4382 0 510.904 2.96101e-12
3.62969 1.4382 0 511.906 2.84604e-12
3.62969 1.4382 0 512.909 2.73555e-12
3.62969 1.4382 0 513.911 2.62936e-12
3.62969 1.4382 0 514.914 2.5273e-12
3.62969 1.4382 0 515.916 2.4292e-12
3.62969 1.4382 0 516.919 2.33493e-12
3.62969 1.4382 0 517.921 2.24432e-12
3.62969 1.4382 0 518.923 2.15723e-12
3.62969 1.4382 0 519.926 2.07353e-12
3.62969 1.4382 0 520.928 1.99309e-12
3.62969 1.4382 0 521.931 1.91577e-12
3.62969 1.4382 0 522.933 1.84145e-12
3.62969 1.4382 0 523.936 1.77003e-12
3.62969 1.4382 0 524.938 1.70138e-12
3.62969 1.4382 0 525.941 1.6354e-12
3.62969 1.4382 0 526.943 1.57198e-12
3.62969 1.4382 0 527.946 1.51103e-12
3.62969 1.4382 0 528.948 1.45245e-12
3.62969 1.4382 0 529.951 1.39614e-12
3.62969 1.4382 0 530.953 1.34202e-12
3.62969 1.4382 0 531.956 1.29e-12
3.62969 1.4382 0 532.958 1.24e-12
3.62969 1.4382 0 533.961 1.19194e-12
3.62969 1.4382 0 534.963 1.14575e-12
3.62969 1.4382 0 535.965 1.10135e-12
3.62969 1.4382 0 536.968 1.05868e-12
3.62969 1.4382 0 537.97 1.01766e-12
3.62969 1.4382 0 538.973 9.78234e-13
3.62969 1.4382 0 539.975 9.40339e-13
3.62969 1.4382 0 540.978 9.03914e-13
3.62969 1.4382 0 541.98 8.68903e-13
3.62969 1.4382 0 542.983 8.35251e-13
3.62969 1.4382 0 543.985 8.02904e-13
3.62969 1.4382 0 544.988 7.71812e-13
3.62969 1.4382 0 545.99 7.41927e-13
3.62969 1.4382 0 546.993 7.132e-13
3.62969 1.4382 0 547.995 6.85588e-13
3.62969 1.4382 0 548.998 6.59047e-13
3.62969 1.4382 0 550 6.33535e-13

