0.0192685 1.4382 200 150.015 1.66453e-07
0.0192685 1.4382 200 151.017 2.72226e-07
0.0192685 1.4382 200 152.02 2.52978e-07
0.0192685 1.4382 200 153.022 2.30493e-07
0.0192685 1.4382 200 154.025 2.13278e-07
0.0192685 1.4382 200 155.027 1.99784e-07
0.0192685 1.4382 200 156.03 1.88745e-07
0.0192685 1.4382 200 157.032 1.79415e-07
0.0192685 1.4382 200 158.035 1.7134e-07
0.0192685 1.4382 200 159.037 1.64226e-07
0.0192685 1.4382 200 160.04 1.57871e-07
0.0192685 1.4382 200 161.042 1.52133e-07
0.0192685 1.4382 200 162.045 1.46906e-07
0.0192685 1.4382 200 163.047 1.42109e-07
0.0192685 1.4382 200 164.05 1.37678e-07
0.0192685 1.4382 200 165.052 1.33565e-07
0.0192685 1.4382 200 166.054 1.29728e-07
0.0192685 1.4382 200 167.057 1.26135e-07
0.0192685 1.4382 200 168.059 1.22759e-07
0.0192685 1.4382 200 169.062 1.19576e-07
0.0192685 1.4382 200 170.064 1.16567e-07
0.0192685 1.4382 200 171.067 1.13715e-07
0.0192685 1.4382 200 172.069 1.11006e-07
0.0192685 1.4382 200 173.072 1.08428e-07
0.0192685 1.4382 200 174.074 1.05969e-07
0.0192685 1.4382 200 175.077 1.0362e-07
0.0192685 1.4382 200 176.079 1.01373e-07
0.0192685 1.4382 200 177.082 9.9219e-08
0.0192685 1.4382 200 178.084 9.71527e-08
0.0192685 1.4382 200 179.087 9.51677e-08
0.0192685 1.4382 200 180.089 9.32584e-08
0.0192685 1.4382 200 181.092 9.142e-08
0.0192685 1.4382 200 182.094 8.96481e-08
0.0192685 1.4382 200 183.096 8.79386e-08
0.0192685 1.4382 200 184.099 8.62879e-08
0.0192685 1.4382 200 185.101 8.46925e-08
0.0192685 1.4382 200 186.104 8.31494e-08
0.0192685 1.4382 200 187.106 8.16557e-08
0.0192685 1.4382 200 188.109 8.02089e-08
0.0192685 1.4382 200 189.111 7.88065e-08
0.0192685 1.4382 200 190.114 7.74462e-08
0.0192685 1.4382 200 191.116 7.61261e-08
0.0192685 1.4382 200 192.119 7.48442e-08
0.0192685 1.4382 200 193.121 7.35987e-08
0.0192685 1.4382 200 194.124 7.23878e-08
0.0192685 1.4382 200 195.126 7.12102e-08
0.0192685 1.4382 200 196.129 7.00642e-08
0.0192685 1.4382 200 197.131 6.89485e-08
0.0192685 1.4382 200 198.133 6.7862e-08
0.0192685 1.4382 200 199.136 6.68032e-08
0.0192685 1.4382 200 200.138 6.57712e-08
0.0192685 1.4382 200 201.141 6.47648e-08
0.0192685 1.4382 200 202.143 6.3783e-08
0.0192685 1.4382 200 203.146 6.28249e-08
0.0192685 1.4382 200 204.148 6.18896e-08
0.0192685 1.4382 200 205.151 6.09763e-08
0.0192685 1.4382 200 206.153 6.00841e-08
0.0192685 1.4382 200 207.156 5.92122e-08
0.0192685 1.4382 200 208.158 5.836e-08
0.0192685 1.4382 200 209.161 5.75268e-08
0.0192685 1.4382 200 210.163 5.67119e-08
0.0192685 1.4382 200 211.166 5.59146e-08
0.0192685 1.4382 200 212.168 5.51345e-08
0.0192685 1.4382 200 213.171 5.43709e-08
0.0192685 1.4382 200 214.173 5.36234e-08
0.0192685 1.4382 200 215.175 5.28913e-08
0.0192685 1.4382 200 216.178 5.21742e-08
0.0192685 1.4382 200 217.18 5.14716e-08
0.0192685 1.4382 200 218.183 5.07831e-08
0.0192685 1.4382 200 219.185 5.01083e-08
0.0192685 1.4382 200 220.188 4.94468e-08
0.0192685 1.4382 200 221.19 4.87981e-08
0.0192685 1.4382 200 222.193 4.81619e-08
0.0192685 1.4382 200 223.195 4.75378e-08
0.0192685 1.4382 200 224.198 4.69255e-08
0.0192685 1.4382 200 225.2 4.63246e-08
0.0192685 1.4382 200 226.203 4.57349e-08
0.0192685 1.4382 200 227.205 4.5156e-08
0.0192685 1.4382 200 228.208 4.45876e-08
0.0192685 1.4382 200 229.21 4.40295e-08
0.0192685 1.4382 200 230.212 4.34814e-08
0.0192685 1.4382 200 231.215 4.29429e-08
0.0192685 1.4382 200 232.217 4.24139e-08
0.0192685 1.4382 200 233.22 4.18942e-08
0.0192685 1.4382 200 234.222 4.13834e-08
0.0192685 1.4382 200 235.225 4.08813e-08
0.0192685 1.4382 200 236.227 4.03878e-08
0.0192685 1.4382 200 237.23 3.99026e-08
0.0192685 1.4382 200 238.232 3.94256e-08
0.0192685 1.4382 200 239.235 3.89564e-08
0.0192685 1.4382 200 240.237 3.8495e-08
0.0192685 1.4382 200 241.24 3.80412e-08
0.0192685 1.4382 200 242.242 3.75947e-08
0.0192685 1.4382 200 243.245 3.71554e-08
0.0192685 1.4382 200 244.247 3.67231e-08
0.0192685 1.4382 200 245.25 3.62977e-08
0.0192685 1.4382 200 246.252 3.5879e-08
0.0192685 1.4382 200 247.254 3.54669e-08
0.0192685 1.4382 200 248.257 3.50612e-08
0.0192685 1.4382 200 249.259 3.46617e-08
0.0192685 1.4382 200 250.262 3.42684e-08
0.0192685 1.4382 200 251.264 3.38811e-08
0.0192685 1.4382 200 252.267 3.34997e-08
0.0192685 1.4382 200 253.269 3.3124e-08
0.0192685 1.4382 200 254.272 3.2754e-08
0.0192685 1.4382 200 255.274 3.23894e-08
0.0192685 1.4382 200 256.277 3.20302e-08
0.0192685 1.4382 200 257.279 3.16763e-08
0.0192685 1.4382 200 258.282 3.13276e-08
0.0192685 1.4382 200 259.284 3.09839e-08
0.0192685 1.4382 200 260.287 3.06452e-08
0.0192685 1.4382 200 261.289 3.03114e-08
0.0192685 1.4382 200 262.291 2.99823e-08
0.0192685 1.4382 200 263.294 2.96579e-08
0.0192685 1.4382 200 264.296 2.93381e-08
0.0192685 1.4382 200 265.299 2.90227e-08
0.0192685 1.4382 200 266.301 2.87117e-08
0.0192685 1.4382 200 267.304 2.84051e-08
0.0192685 1.4382 200 268.306 2.81027e-08
0.0192685 1.4382 200 269.309 2.78044e-08
0.0192685 1.4382 200 270.311 2.75102e-08
0.0192685 1.4382 200 271.314 2.722e-08
0.0192685 1.4382 200 272.316 2.69337e-08
0.0192685 1.4382 200 273.319 2.66513e-08
0.0192685 1.4382 200 274.321 2.63727e-08
0.0192685 1.4382 200 275.324 2.60977e-08
0.0192685 1.4382 200 276.326 2.58264e-08
0.0192685 1.4382 200 277.329 2.55587e-08
0.0192685 1.4382 200 278.331 2.52944e-08
0.0192685 1.4382 200 279.333 2.50337e-08
0.0192685 1.4382 200 280.336 2.47763e-08
0.0192685 1.4382 200 281.338 2.45222e-08
0.0192685 1.4382 200 282.341 2.42714e-08
0.0192685 1.4382 200 283.343 2.40238e-08
0.0192685 1.4382 200 284.346 2.37794e-08
0.0192685 1.4382 200 285.348 2.35381e-08
0.0192685 1.4382 200 286.351 2.32998e-08
0.0192685 1.4382 200 287.353 2.30645e-08
0.0192685 1.4382 200 288.356 2.28321e-08
0.0192685 1.4382 200 289.358 2.26027e-08
0.0192685 1.4382 200 290.361 2.23761e-08
0.0192685 1.4382 200 291.363 2.21523e-08
0.0192685 1.4382 200 292.366 2.19312e-08
0.0192685 1.4382 200 293.368 2.17129e-08
0.0192685 1.4382 200 294.37 2.14972e-08
0.0192685 1.4382 200 295.373 2.12841e-08
0.0192685 1.4382 200 296.375 2.10736e-08
0.0192685 1.4382 200 297.378 2.08657e-08
0.0192685 1.4382 200 298.38 2.06602e-08
0.0192685 1.4382 200 299.383 2.04572e-08
0.0192685 1.4382 200 300.385 2.02566e-08
0.0192685 1.4382 200 301.388 2.00584e-08
0.0192685 1.4382 200 302.39 1.98625e-08
0.0192685 1.4382 200 303.393 1.96689e-08
0.0192685 1.4382 200 304.395 1.94776e-08
0.0192685 1.4382 200 305.398 1.92885e-08
0.0192685 1.4382 200 306.4 1.91017e-08
0.0192685 1.4382 200 307.403 1.8917e-08
0.0192685 1.4382 200 308.405 1.87344e-08
0.0192685 1.4382 200 309.408 1.85539e-08
0.0192685 1.4382 200 310.41 1.83755e-08
0.0192685 1.4382 200 311.412 1.81991e-08
0.0192685 1.4382 200 312.415 1.80247e-08
0.0192685 1.4382 200 313.417 1.78523e-08
0.0192685 1.4382 200 314.42 1.76818e-08
0.0192685 1.4382 200 315.422 1.75133e-08
0.0192685 1.4382 200 316.425 1.73466e-08
0.0192685 1.4382 200 317.427 1.71818e-08
0.0192685 1.4382 200 318.43 1.70189e-08
0.0192685 1.4382 200 319.432 1.68577e-08
0.0192685 1.4382 200 320.435 1.66983e-08
0.0192685 1.4382 200 321.437 1.65407e-08
0.0192685 1.4382 200 322.44 1.63848e-08
0.0192685 1.4382 200 323.442 1.62306e-08
0.0192685 1.4382 200 324.445 1.60781e-08
0.0192685 1.4382 200 325.447 1.59273e-08
0.0192685 1.4382 200 326.449 1.57781e-08
0.0192685 1.4382 200 327.452 1.56305e-08
0.0192685 1.4382 200 328.454 1.54844e-08
0.0192685 1.4382 200 329.457 1.534e-08
0.0192685 1.4382 200 330.459 1.51971e-08
0.0192685 1.4382 200 331.462 1.50557e-08
0.0192685 1.4382 200 332.464 1.49158e-08
0.0192685 1.4382 200 333.467 1.47774e-08
0.0192685 1.4382 200 334.469 1.46404e-08
0.0192685 1.4382 200 335.472 1.45049e-08
0.0192685 1.4382 200 336.474 1.43708e-08
0.0192685 1.4382 200 337.477 1.42382e-08
0.0192685 1.4382 200 338.479 1.41069e-08
0.0192685 1.4382 200 339.482 1.39769e-08
0.0192685 1.4382 200 340.484 1.38483e-08
0.0192685 1.4382 200 341.487 1.37211e-08
0.0192685 1.4382 200 342.489 1.35951e-08
0.0192685 1.4382 200 343.491 1.34704e-08
0.0192685 1.4382 200 344.494 1.33471e-08
0.0192685 1.4382 200 345.496 1.32249e-08
0.0192685 1.4382 200 346.499 1.3104e-08
0.0192685 1.4382 200 347.501 1.29844e-08
0.0192685 1.4382 200 348.504 1.28659e-08
0.0192685 1.4382 200 349.506 1.27487e-08
0.0192685 1.4382 200 350.509 1.26326e-08
0.0192685 1.4382 200 351.511 1.25177e-08
0.0192685 1.4382 200 352.514 1.24039e-08
0.0192685 1.4382 200 353.516 1.22913e-08
0.0192685 1.4382 200 354.519 1.21798e-08
0.0192685 1.4382 200 355.521 1.20694e-08
0.0192685 1.4382 200 356.524 1.19601e-08
0.0192685 1.4382 200 357.526 1.18518e-08
0.0192685 1.4382 200 358.528 1.17447e-08
0.0192685 1.4382 200 359.531 1.16386e-08
0.0192685 1.4382 200 360.533 1.15335e-08
0.0192685 1.4382 200 361.536 1.14294e-08
0.0192685 1.4382 200 362.538 1.13264e-08
0.0192685 1.4382 200 363.541 1.12244e-08
0.0192685 1.4382 200 364.543 1.11233e-08
0.0192685 1.4382 200 365.546 1.10232e-08
0.0192685 1.4382 200 366.548 1.09241e-08
0.0192685 1.4382 200 367.551 1.08259e-08
0.0192685 1.4382 200 368.553 1.07287e-08
0.0192685 1.4382 200 369.556 1.06324e-08
0.0192685 1.4382 200 370.558 1.0537e-08
0.0192685 1.4382 200 371.561 1.04426e-08
0.0192685 1.4382 200 372.563 1.0349e-08
0.0192685 1.4382 200 373.566 1.02563e-08
0.0192685 1.4382 200 374.568 1.01645e-08
0.0192685 1.4382 200 375.57 1.00735e-08
0.0192685 1.4382 200 376.573 9.98344e-09
0.0192685 1.4382 200 377.575 9.89418e-09
0.0192685 1.4382 200 378.578 9.80576e-09
0.0192685 1.4382 200 379.58 9.71816e-09
0.0192685 1.4382 200 380.583 9.63137e-09
0.0192685 1.4382 200 381.585 9.54539e-09
0.0192685 1.4382 200 382.588 9.4602e-09
0.0192685 1.4382 200 383.59 9.3758e-09
0.0192685 1.4382 200 384.593 9.29218e-09
0.0192685 1.4382 200 385.595 9.20932e-09
0.0192685 1.4382 200 386.598 9.12723e-09
0.0192685 1.4382 200 387.6 9.04588e-09
0.0192685 1.4382 200 388.603 8.96527e-09
0.0192685 1.4382 200 389.605 8.8854e-09
0.0192685 1.4382 200 390.607 8.80625e-09
0.0192685 1.4382 200 391.61 8.72782e-09
0.0192685 1.4382 200 392.612 8.65009e-09
0.0192685 1.4382 200 393.615 8.57307e-09
0.0192685 1.4382 200 394.617 8.49674e-09
0.0192685 1.4382 200 395.62 8.42109e-09
0.0192685 1.4382 200 396.622 8.34612e-09
0.0192685 1.4382 200 397.625 8.27182e-09
0.0192685 1.4382 200 398.627 8.19818e-09
0.0192685 1.4382 200 399.63 8.12519e-09
0.0192685 1.4382 200 400.632 8.05286e-09
0.0192685 1.4382 200 401.635 7.98116e-09
0.0192685 1.4382 200 402.637 7.91009e-09
0.0192685 1.4382 200 403.64 7.83965e-09
0.0192685 1.4382 200 404.642 7.76983e-09
0.0192685 1.4382 200 405.645 7.70062e-09
0.0192685 1.4382 200 406.647 7.63202e-09
0.0192685 1.4382 200 407.649 7.56402e-09
0.0192685 1.4382 200 408.652 7.4966e-09
0.0192685 1.4382 200 409.654 7.42978e-09
0.0192685 1.4382 200 410.657 7.36353e-09
0.0192685 1.4382 200 411.659 7.29786e-09
0.0192685 1.4382 200 412.662 7.23275e-09
0.0192685 1.4382 200 413.664 7.16821e-09
0.0192685 1.4382 200 414.667 7.10422e-09
0.0192685 1.4382 200 415.669 7.04078e-09
0.0192685 1.4382 200 416.672 6.97788e-09
0.0192685 1.4382 200 417.674 6.91552e-09
0.0192685 1.4382 200 418.677 6.85369e-09
0.0192685 1.4382 200 419.679 6.79239e-09
0.0192685 1.4382 200 420.682 6.73161e-09
0.0192685 1.4382 200 421.684 6.67134e-09
0.0192685 1.4382 200 422.686 6.61158e-09
0.0192685 1.4382 200 423.689 6.55233e-09
0.0192685 1.4382 200 424.691 6.49358e-09
0.0192685 1.4382 200 425.694 6.43532e-09
0.0192685 1.4382 200 426.696 6.37755e-09
0.0192685 1.4382 200 427.699 6.32026e-09
0.0192685 1.4382 200 428.701 6.26345e-09
0.0192685 1.4382 200 429.704 6.20712e-09
0.0192685 1.4382 200 430.706 6.15125e-09
0.0192685 1.4382 200 431.709 6.09585e-09
0.0192685 1.4382 200 432.711 6.04091e-09
0.0192685 1.4382 200 433.714 5.98642e-09
0.0192685 1.4382 200 434.716 5.93238e-09
0.0192685 1.4382 200 435.719 5.87878e-09
0.0192685 1.4382 200 436.721 5.82563e-09
0.0192685 1.4382 200 437.724 5.77291e-09
0.0192685 1.4382 200 438.726 5.72063e-09
0.0192685 1.4382 200 439.728 5.66877e-09
0.0192685 1.4382 200 440.731 5.61734e-09
0.0192685 1.4382 200 441.733 5.56632e-09
0.0192685 1.4382 200 442.736 5.51572e-09
0.0192685 1.4382 200 443.738 5.46553e-09
0.0192685 1.4382 200 444.741 5.41575e-09
0.0192685 1.4382 200 445.743 5.36636e-09
0.0192685 1.4382 200 446.746 5.31738e-09
0.0192685 1.4382 200 447.748 5.26879e-09
0.0192685 1.4382 200 448.751 5.22059e-09
0.0192685 1.4382 200 449.753 5.17278e-09
0.0192685 1.4382 200 450.756 5.12535e-09
0.0192685 1.4382 200 451.758 5.0783e-09
0.0192685 1.4382 200 452.761 5.03163e-09
0.0192685 1.4382 200 453.763 4.98533e-09
0.0192685 1.4382 200 454.765 4.93939e-09
0.0192685 1.4382 200 455.768 4.89382e-09
0.0192685 1.4382 200 456.77 4.84861e-09
0.0192685 1.4382 200 457.773 4.80376e-09
0.0192685 1.4382 200 458.775 4.75926e-09
0.0192685 1.4382 200 459.778 4.71511e-09
0.0192685 1.4382 200 460.78 4.67131e-09
0.0192685 1.4382 200 461.783 4.62786e-09
0.0192685 1.4382 200 462.785 4.58474e-09
0.0192685 1.4382 200 463.788 4.54196e-09
0.0192685 1.4382 200 464.79 4.49951e-09
0.0192685 1.4382 200 465.793 4.4574e-09
0.0192685 1.4382 200 466.795 4.41561e-09
0.0192685 1.4382 200 467.798 4.37415e-09
0.0192685 1.4382 200 468.8 4.33301e-09
0.0192685 1.4382 200 469.803 4.29218e-09
0.0192685 1.4382 200 470.805 4.25168e-09
0.0192685 1.4382 200 471.807 4.21148e-09
0.0192685 1.4382 200 472.81 4.1716e-09
0.0192685 1.4382 200 473.812 4.13202e-09
0.0192685 1.4382 200 474.815 4.09274e-09
0.0192685 1.4382 200 475.817 4.05377e-09
0.0192685 1.4382 200 476.82 4.01509e-09
0.0192685 1.4382 200 477.822 3.97671e-09
0.0192685 1.4382 200 478.825 3.93862e-09
0.0192685 1.4382 200 479.827 3.90082e-09
0.0192685 1.4382 200 480.83 3.8633e-09
0.0192685 1.4382 200 481.832 3.82608e-09
0.0192685 1.4382 200 482.835 3.78913e-09
0.0192685 1.4382 200 483.837 3.75246e-09
0.0192685 1.4382 200 484.84 3.71607e-09
0.0192685 1.4382 200 485.842 3.67996e-09
0.0192685 1.4382 200 486.844 3.64411e-09
0.0192685 1.4382 200 487.847 3.60853e-09
0.0192685 1.4382 200 488.849 3.57323e-09
0.0192685 1.4382 200 489.852 3.53818e-09
0.0192685 1.4382 200 490.854 3.5034e-09
0.0192685 1.4382 200 491.857 3.46887e-09
0.0192685 1.4382 200 492.859 3.43461e-09
0.0192685 1.4382 200 493.862 3.40059e-09
0.0192685 1.4382 200 494.864 3.36683e-09
0.0192685 1.4382 200 495.867 3.33332e-09
0.0192685 1.4382 200 496.869 3.30006e-09
0.0192685 1.4382 200 497.872 3.26705e-09
0.0192685 1.4382 200 498.874 3.23427e-09
0.0192685 1.4382 200 499.877 3.20174e-09
0.0192685 1.4382 200 500.879 3.16945e-09
0.0192685 1.4382 200 501.882 3.13739e-09
0.0192685 1.4382 200 502.884 3.10557e-09
0.0192685 1.4382 200 503.886 3.07399e-09
0.0192685 1.4382 200 504.889 3.04263e-09
0.0192685 1.4382 200 505.891 3.0115e-09
0.0192685 1.4382 200 506.894 2.9806e-09
0.0192685 1.4382 200 507.896 2.94992e-09
0.0192685 1.4382 200 508.899 2.91947e-09
0.0192685 1.4382 200 509.901 2.88924e-09
0.0192685 1.4382 200 510.904 2.85922e-09
0.0192685 1.4382 200 511.906 2.82943e-09
0.0192685 1.4382 200 512.909 2.79984e-09
0.0192685 1.4382 200 513.911 2.77047e-09
0.0192685 1.4382 200 514.914 2.74132e-09
0.0192685 1.4382 200 515.916 2.71237e-09
0.0192685 1.4382 200 516.919 2.68363e-09
0.0192685 1.4382 200 517.921 2.65509e-09
0.0192685 1.4382 200 518.923 2.62676e-09
0.0192685 1.4382 200 519.926 2.59863e-09
0.0192685 1.4382 200 520.928 2.57071e-09
0.0192685 1.4382 200 521.931 2.54298e-09
0.0192685 1.4382 200 522.933 2.51545e-09
0.0192685 1.4382 200 523.936 2.48811e-09
0.0192685 1.4382 200 524.938 2.46097e-09
0.0192685 1.4382 200 525.941 2.43402e-09
0.0192685 1.4382 200 526.943 2.40726e-09
0.0192685 1.4382 200 527.946 2.38069e-09
0.0192685 1.4382 200 528.948 2.3543e-09
0.0192685 1.4382 200 529.951 2.32811e-09
0.0192685 1.4382 200 530.953 2.30209e-09
0.0192685 1.4382 200 531.956 2.27626e-09
0.0192685 1.4382 200 532.958 2.25061e-09
0.0192685 1.4382 200 533.961 2.22514e-09
0.0192685 1.4382 200 534.963 2.19985e-09
0.0192685 1.4382 200 535.965 2.17473e-09
0.0192685 1.4382 200 536.968 2.14979e-09
0.0192685 1.4382 200 537.97 2.12503e-09
0.0192685 1.4382 200 538.973 2.10043e-09
0.0192685 1.4382 200 539.975 2.07601e-09
0.0192685 1.4382 200 540.978 2.05175e-09
0.0192685 1.4382 200 541.98 2.02767e-09
0.0192685 1.4382 200 542.983 2.00375e-09
0.0192685 1.4382 200 543.985 1.97999e-09
0.0192685 1.4382 200 544.988 1.9564e-09
0.0192685 1.4382 200 545.99 1.93297e-09
0.0192685 1.4382 200 546.993 1.9097e-09
0.0192685 1.4382 200 547.995 1.8866e-09
0.0192685 1.4382 200 548.998 1.86365e-09
0.0192685 1.4382 200 550 1.84085e-09
