3.98617 1.4382 0 150.015 1.42278e-05
3.98617 1.4382 0 151.017 2.37504e-05
3.98617 1.4382 0 152.02 2.18347e-05
3.98617 1.4382 0 153.022 1.92734e-05
3.98617 1.4382 0 154.025 1.7169e-05
3.98617 1.4382 0 155.027 1.54307e-05
3.98617 1.4382 0 156.03 1.39621e-05
3.98617 1.4382 0 157.032 1.27003e-05
3.98617 1.4382 0 158.035 1.16026e-05
3.98617 1.4382 0 159.037 1.06384e-05
3.98617 1.4382 0 160.04 9.78456e-06
3.98617 1.4382 0 161.042 9.0236e-06
3.98617 1.4382 0 162.045 8.34159e-06
3.98617 1.4382 0 163.047 7.72738e-06
3.98617 1.4382 0 164.05 7.17191e-06
3.98617 1.4382 0 165.052 6.66767e-06
3.98617 1.4382 0 166.054 6.20842e-06
3.98617 1.4382 0 167.057 5.78889e-06
3.98617 1.4382 0 168.059 5.40463e-06
3.98617 1.4382 0 169.062 5.05179e-06
3.98617 1.4382 0 170.064 4.72709e-06
3.98617 1.4382 0 171.067 4.42769e-06
3.98617 1.4382 0 172.069 4.15108e-06
3.98617 1.4382 0 173.072 3.8951e-06
3.98617 1.4382 0 174.074 3.65783e-06
3.98617 1.4382 0 175.077 3.43758e-06
3.98617 1.4382 0 176.079 3.23284e-06
3.98617 1.4382 0 177.082 3.0423e-06
3.98617 1.4382 0 178.084 2.86474e-06
3.98617 1.4382 0 179.087 2.6991e-06
3.98617 1.4382 0 180.089 2.54443e-06
3.98617 1.4382 0 181.092 2.39985e-06
3.98617 1.4382 0 182.094 2.26459e-06
3.98617 1.4382 0 183.096 2.13793e-06
3.98617 1.4382 0 184.099 2.01924e-06
3.98617 1.4382 0 185.101 1.90792e-06
3.98617 1.4382 0 186.104 1.80345e-06
3.98617 1.4382 0 187.106 1.70533e-06
3.98617 1.4382 0 188.109 1.61313e-06
3.98617 1.4382 0 189.111 1.52643e-06
3.98617 1.4382 0 190.114 1.44485e-06
3.98617 1.4382 0 191.116 1.36805e-06
3.98617 1.4382 0 192.119 1.29572e-06
3.98617 1.4382 0 193.121 1.22756e-06
3.98617 1.4382 0 194.124 1.1633e-06
3.98617 1.4382 0 195.126 1.10269e-06
3.98617 1.4382 0 196.129 1.0455e-06
3.98617 1.4382 0 197.131 9.91508e-07
3.98617 1.4382 0 198.133 9.40521e-07
3.98617 1.4382 0 199.136 8.92353e-07
3.98617 1.4382 0 200.138 8.4683e-07
3.98617 1.4382 0 201.141 8.03794e-07
3.98617 1.4382 0 202.143 7.63095e-07
3.98617 1.4382 0 203.146 7.24593e-07
3.98617 1.4382 0 204.148 6.8816e-07
3.98617 1.4382 0 205.151 6.53674e-07
3.98617 1.4382 0 206.153 6.21022e-07
3.98617 1.4382 0 207.156 5.90098e-07
3.98617 1.4382 0 208.158 5.60803e-07
3.98617 1.4382 0 209.161 5.33044e-07
3.98617 1.4382 0 210.163 5.06735e-07
3.98617 1.4382 0 211.166 4.81793e-07
3.98617 1.4382 0 212.168 4.58143e-07
3.98617 1.4382 0 213.171 4.35713e-07
3.98617 1.4382 0 214.173 4.14435e-07
3.98617 1.4382 0 215.175 3.94246e-07
3.98617 1.4382 0 216.178 3.75088e-07
3.98617 1.4382 0 217.18 3.56903e-07
3.98617 1.4382 0 218.183 3.39639e-07
3.98617 1.4382 0 219.185 3.23246e-07
3.98617 1.4382 0 220.188 3.07679e-07
3.98617 1.4382 0 221.19 2.92893e-07
3.98617 1.4382 0 222.193 2.78846e-07
3.98617 1.4382 0 223.195 2.65499e-07
3.98617 1.4382 0 224.198 2.52817e-07
3.98617 1.4382 0 225.2 2.40763e-07
3.98617 1.4382 0 226.203 2.29305e-07
3.98617 1.4382 0 227.205 2.18412e-07
3.98617 1.4382 0 228.208 2.08056e-07
3.98617 1.4382 0 229.21 1.98207e-07
3.98617 1.4382 0 230.212 1.88841e-07
3.98617 1.4382 0 231.215 1.79932e-07
3.98617 1.4382 0 232.217 1.71457e-07
3.98617 1.4382 0 233.22 1.63394e-07
3.98617 1.4382 0 234.222 1.55722e-07
3.98617 1.4382 0 235.225 1.48421e-07
3.98617 1.4382 0 236.227 1.41473e-07
3.98617 1.4382 0 237.23 1.3486e-07
3.98617 1.4382 0 238.232 1.28564e-07
3.98617 1.4382 0 239.235 1.22571e-07
3.98617 1.4382 0 240.237 1.16866e-07
3.98617 1.4382 0 241.24 1.11433e-07
3.98617 1.4382 0 242.242 1.06259e-07
3.98617 1.4382 0 243.245 1.01332e-07
3.98617 1.4382 0 244.247 9.66391e-08
3.98617 1.4382 0 245.25 9.21691e-08
3.98617 1.4382 0 246.252 8.7911e-08
3.98617 1.4382 0 247.254 8.38545e-08
3.98617 1.4382 0 248.257 7.99896e-08
3.98617 1.4382 0 249.259 7.63071e-08
3.98617 1.4382 0 250.262 7.27979e-08
3.98617 1.4382 0 251.264 6.94539e-08
3.98617 1.4382 0 252.267 6.62668e-08
3.98617 1.4382 0 253.269 6.32293e-08
3.98617 1.4382 0 254.272 6.03339e-08
3.98617 1.4382 0 255.274 5.75739e-08
3.98617 1.4382 0 256.277 5.49429e-08
3.98617 1.4382 0 257.279 5.24345e-08
3.98617 1.4382 0 258.282 5.00429e-08
3.98617 1.4382 0 259.284 4.77626e-08
3.98617 1.4382 0 260.287 4.55882e-08
3.98617 1.4382 0 261.289 4.35147e-08
3.98617 1.4382 0 262.291 4.15373e-08
3.98617 1.4382 0 263.294 3.96514e-08
3.98617 1.4382 0 264.296 3.78527e-08
3.98617 1.4382 0 265.299 3.61371e-08
3.98617 1.4382 0 266.301 3.45006e-08
3.98617 1.4382 0 267.304 3.29395e-08
3.98617 1.4382 0 268.306 3.14502e-08
3.98617 1.4382 0 269.309 3.00294e-08
3.98617 1.4382 0 270.311 2.86739e-08
3.98617 1.4382 0 271.314 2.73805e-08
3.98617 1.4382 0 272.316 2.61465e-08
3.98617 1.4382 0 273.319 2.49689e-08
3.98617 1.4382 0 274.321 2.38452e-08
3.98617 1.4382 0 275.324 2.27729e-08
3.98617 1.4382 0 276.326 2.17495e-08
3.98617 1.4382 0 277.329 2.07728e-08
3.98617 1.4382 0 278.331 1.98405e-08
3.98617 1.4382 0 279.333 1.89508e-08
3.98617 1.4382 0 280.336 1.81015e-08
3.98617 1.4382 0 281.338 1.72908e-08
3.98617 1.4382 0 282.341 1.65169e-08
3.98617 1.4382 0 283.343 1.57782e-08
3.98617 1.4382 0 284.346 1.50729e-08
3.98617 1.4382 0 285.348 1.43996e-08
3.98617 1.4382 0 286.351 1.37567e-08
3.98617 1.4382 0 287.353 1.3143e-08
3.98617 1.4382 0 288.356 1.25569e-08
3.98617 1.4382 0 289.358 1.19973e-08
3.98617 1.4382 0 290.361 1.1463e-08
3.98617 1.4382 0 291.363 1.09528e-08
3.98617 1.4382 0 292.366 1.04655e-08
3.98617 1.4382 0 293.368 1.00002e-08
3.98617 1.4382 0 294.37 9.55584e-09
3.98617 1.4382 0 295.373 9.13144e-09
3.98617 1.4382 0 296.375 8.7261e-09
3.98617 1.4382 0 297.378 8.33897e-09
3.98617 1.4382 0 298.38 7.9692e-09
3.98617 1.4382 0 299.383 7.61601e-09
3.98617 1.4382 0 300.385 7.27864e-09
3.98617 1.4382 0 301.388 6.95639e-09
3.98617 1.4382 0 302.39 6.64855e-09
3.98617 1.4382 0 303.393 6.35448e-09
3.98617 1.4382 0 304.395 6.07355e-09
3.98617 1.4382 0 305.398 5.80517e-09
3.98617 1.4382 0 306.4 5.54877e-09
3.98617 1.4382 0 307.403 5.30381e-09
3.98617 1.4382 0 308.405 5.06977e-09
3.98617 1.4382 0 309.408 4.84616e-09
3.98617 1.4382 0 310.41 4.63251e-09
3.98617 1.4382 0 311.412 4.42837e-09
3.98617 1.4382 0 312.415 4.23331e-09
3.98617 1.4382 0 313.417 4.04692e-09
3.98617 1.4382 0 314.42 3.86881e-09
3.98617 1.4382 0 315.422 3.69862e-09
3.98617 1.4382 0 316.425 3.53598e-09
3.98617 1.4382 0 317.427 3.38055e-09
3.98617 1.4382 0 318.43 3.23202e-09
3.98617 1.4382 0 319.432 3.09007e-09
3.98617 1.4382 0 320.435 2.95441e-09
3.98617 1.4382 0 321.437 2.82476e-09
3.98617 1.4382 0 322.44 2.70084e-09
3.98617 1.4382 0 323.442 2.58241e-09
3.98617 1.4382 0 324.445 2.46921e-09
3.98617 1.4382 0 325.447 2.36102e-09
3.98617 1.4382 0 326.449 2.2576e-09
3.98617 1.4382 0 327.452 2.15875e-09
3.98617 1.4382 0 328.454 2.06426e-09
3.98617 1.4382 0 329.457 1.97394e-09
3.98617 1.4382 0 330.459 1.88761e-09
3.98617 1.4382 0 331.462 1.80507e-09
3.98617 1.4382 0 332.464 1.72618e-09
3.98617 1.4382 0 333.467 1.65076e-09
3.98617 1.4382 0 334.469 1.57865e-09
3.98617 1.4382 0 335.472 1.50972e-09
3.98617 1.4382 0 336.474 1.44383e-09
3.98617 1.4382 0 337.477 1.38083e-09
3.98617 1.4382 0 338.479 1.32059e-09
3.98617 1.4382 0 339.482 1.26301e-09
3.98617 1.4382 0 340.484 1.20795e-09
3.98617 1.4382 0 341.487 1.15531e-09
3.98617 1.4382 0 342.489 1.10498e-09
3.98617 1.4382 0 343.491 1.05685e-09
3.98617 1.4382 0 344.494 1.01084e-09
3.98617 1.4382 0 345.496 9.66844e-10
3.98617 1.4382 0 346.499 9.24774e-10
3.98617 1.4382 0 347.501 8.84547e-10
3.98617 1.4382 0 348.504 8.46081e-10
3.98617 1.4382 0 349.506 8.09298e-10
3.98617 1.4382 0 350.509 7.74125e-10
3.98617 1.4382 0 351.511 7.4049e-10
3.98617 1.4382 0 352.514 7.08325e-10
3.98617 1.4382 0 353.516 6.77566e-10
3.98617 1.4382 0 354.519 6.48151e-10
3.98617 1.4382 0 355.521 6.2002e-10
3.98617 1.4382 0 356.524 5.93118e-10
3.98617 1.4382 0 357.526 5.6739e-10
3.98617 1.4382 0 358.528 5.42784e-10
3.98617 1.4382 0 359.531 5.19252e-10
3.98617 1.4382 0 360.533 4.96745e-10
3.98617 1.4382 0 361.536 4.7522e-10
3.98617 1.4382 0 362.538 4.54633e-10
3.98617 1.4382 0 363.541 4.34942e-10
3.98617 1.4382 0 364.543 4.16109e-10
3.98617 1.4382 0 365.546 3.98096e-10
3.98617 1.4382 0 366.548 3.80867e-10
3.98617 1.4382 0 367.551 3.64388e-10
3.98617 1.4382 0 368.553 3.48625e-10
3.98617 1.4382 0 369.556 3.33548e-10
3.98617 1.4382 0 370.558 3.19126e-10
3.98617 1.4382 0 371.561 3.05331e-10
3.98617 1.4382 0 372.563 2.92136e-10
3.98617 1.4382 0 373.566 2.79513e-10
3.98617 1.4382 0 374.568 2.67439e-10
3.98617 1.4382 0 375.57 2.55889e-10
3.98617 1.4382 0 376.573 2.4484e-10
3.98617 1.4382 0 377.575 2.34271e-10
3.98617 1.4382 0 378.578 2.2416e-10
3.98617 1.4382 0 379.58 2.14488e-10
3.98617 1.4382 0 380.583 2.05234e-10
3.98617 1.4382 0 381.585 1.96382e-10
3.98617 1.4382 0 382.588 1.87914e-10
3.98617 1.4382 0 383.59 1.79812e-10
3.98617 1.4382 0 384.593 1.72062e-10
3.98617 1.4382 0 385.595 1.64647e-10
3.98617 1.4382 0 386.598 1.57553e-10
3.98617 1.4382 0 387.6 1.50766e-10
3.98617 1.4382 0 388.603 1.44272e-10
3.98617 1.4382 0 389.605 1.3806e-10
3.98617 1.4382 0 390.607 1.32116e-10
3.98617 1.4382 0 391.61 1.26429e-10
3.98617 1.4382 0 392.612 1.20988e-10
3.98617 1.4382 0 393.615 1.15783e-10
3.98617 1.4382 0 394.617 1.10802e-10
3.98617 1.4382 0 395.62 1.06036e-10
3.98617 1.4382 0 396.622 1.01476e-10
3.98617 1.4382 0 397.625 9.71131e-11
3.98617 1.4382 0 398.627 9.29385e-11
3.98617 1.4382 0 399.63 8.89441e-11
3.98617 1.4382 0 400.632 8.5122e-11
3.98617 1.4382 0 401.635 8.14649e-11
3.98617 1.4382 0 402.637 7.79654e-11
3.98617 1.4382 0 403.64 7.46169e-11
3.98617 1.4382 0 404.642 7.14128e-11
3.98617 1.4382 0 405.645 6.83468e-11
3.98617 1.4382 0 406.647 6.54129e-11
3.98617 1.4382 0 407.649 6.26054e-11
3.98617 1.4382 0 408.652 5.99189e-11
3.98617 1.4382 0 409.654 5.73481e-11
3.98617 1.4382 0 410.657 5.4888e-11
3.98617 1.4382 0 411.659 5.25339e-11
3.98617 1.4382 0 412.662 5.0281e-11
3.98617 1.4382 0 413.664 4.81251e-11
3.98617 1.4382 0 414.667 4.6062e-11
3.98617 1.4382 0 415.669 4.40877e-11
3.98617 1.4382 0 416.672 4.21983e-11
3.98617 1.4382 0 417.674 4.03901e-11
3.98617 1.4382 0 418.677 3.86597e-11
3.98617 1.4382 0 419.679 3.70037e-11
3.98617 1.4382 0 420.682 3.54188e-11
3.98617 1.4382 0 421.684 3.39021e-11
3.98617 1.4382 0 422.686 3.24505e-11
3.98617 1.4382 0 423.689 3.10613e-11
3.98617 1.4382 0 424.691 2.97318e-11
3.98617 1.4382 0 425.694 2.84593e-11
3.98617 1.4382 0 426.696 2.72415e-11
3.98617 1.4382 0 427.699 2.6076e-11
3.98617 1.4382 0 428.701 2.49605e-11
3.98617 1.4382 0 429.704 2.38928e-11
3.98617 1.4382 0 430.706 2.2871e-11
3.98617 1.4382 0 431.709 2.1893e-11
3.98617 1.4382 0 432.711 2.0957e-11
3.98617 1.4382 0 433.714 2.00611e-11
3.98617 1.4382 0 434.716 1.92037e-11
3.98617 1.4382 0 435.719 1.83829e-11
3.98617 1.4382 0 436.721 1.75974e-11
3.98617 1.4382 0 437.724 1.68456e-11
3.98617 1.4382 0 438.726 1.61259e-11
3.98617 1.4382 0 439.728 1.54371e-11
3.98617 1.4382 0 440.731 1.47778e-11
3.98617 1.4382 0 441.733 1.41467e-11
3.98617 1.4382 0 442.736 1.35427e-11
3.98617 1.4382 0 443.738 1.29645e-11
3.98617 1.4382 0 444.741 1.24111e-11
3.98617 1.4382 0 445.743 1.18814e-11
3.98617 1.4382 0 446.746 1.13744e-11
3.98617 1.4382 0 447.748 1.0889e-11
3.98617 1.4382 0 448.751 1.04244e-11
3.98617 1.4382 0 449.753 9.97972e-12
3.98617 1.4382 0 450.756 9.55403e-12
3.98617 1.4382 0 451.758 9.14656e-12
3.98617 1.4382 0 452.761 8.7565e-12
3.98617 1.4382 0 453.763 8.38313e-12
3.98617 1.4382 0 454.765 8.02572e-12
3.98617 1.4382 0 455.768 7.68359e-12
3.98617 1.4382 0 456.77 7.35608e-12
3.98617 1.4382 0 457.773 7.04256e-12
3.98617 1.4382 0 458.775 6.74245e-12
3.98617 1.4382 0 459.778 6.45515e-12
3.98617 1.4382 0 460.78 6.18013e-12
3.98617 1.4382 0 461.783 5.91685e-12
3.98617 1.4382 0 462.785 5.66482e-12
3.98617 1.4382 0 463.788 5.42355e-12
3.98617 1.4382 0 464.79 5.19259e-12
3.98617 1.4382 0 465.793 4.97148e-12
3.98617 1.4382 0 466.795 4.75981e-12
3.98617 1.4382 0 467.798 4.55717e-12
3.98617 1.4382 0 468.8 4.36319e-12
3.98617 1.4382 0 469.803 4.17748e-12
3.98617 1.4382 0 470.805 3.99969e-12
3.98617 1.4382 0 471.807 3.82949e-12
3.98617 1.4382 0 472.81 3.66654e-12
3.98617 1.4382 0 473.812 3.51055e-12
3.98617 1.4382 0 474.815 3.36121e-12
3.98617 1.4382 0 475.817 3.21823e-12
3.98617 1.4382 0 476.82 3.08135e-12
3.98617 1.4382 0 477.822 2.95031e-12
3.98617 1.4382 0 478.825 2.82485e-12
3.98617 1.4382 0 479.827 2.70474e-12
3.98617 1.4382 0 480.83 2.58975e-12
3.98617 1.4382 0 481.832 2.47965e-12
3.98617 1.4382 0 482.835 2.37425e-12
3.98617 1.4382 0 483.837 2.27334e-12
3.98617 1.4382 0 484.84 2.17673e-12
3.98617 1.4382 0 485.842 2.08423e-12
3.98617 1.4382 0 486.844 1.99567e-12
3.98617 1.4382 0 487.847 1.91088e-12
3.98617 1.4382 0 488.849 1.8297e-12
3.98617 1.4382 0 489.852 1.75197e-12
3.98617 1.4382 0 490.854 1.67756e-12
3.98617 1.4382 0 491.857 1.60631e-12
3.98617 1.4382 0 492.859 1.5381e-12
3.98617 1.4382 0 493.862 1.47278e-12
3.98617 1.4382 0 494.864 1.41025e-12
3.98617 1.4382 0 495.867 1.35038e-12
3.98617 1.4382 0 496.869 1.29305e-12
3.98617 1.4382 0 497.872 1.23816e-12
3.98617 1.4382 0 498.874 1.18561e-12
3.98617 1.4382 0 499.877 1.13529e-12
3.98617 1.4382 0 500.879 1.08711e-12
3.98617 1.4382 0 501.882 1.04098e-12
3.98617 1.4382 0 502.884 9.96816e-13
3.98617 1.4382 0 503.886 9.54525e-13
3.98617 1.4382 0 504.889 9.14032e-13
3.98617 1.4382 0 505.891 8.7526e-13
3.98617 1.4382 0 506.894 8.38135e-13
3.98617 1.4382 0 507.896 8.02588e-13
3.98617 1.4382 0 508.899 7.68552e-13
3.98617 1.4382 0 509.901 7.35961e-13
3.98617 1.4382 0 510.904 7.04756e-13
3.98617 1.4382 0 511.906 6.74875e-13
3.98617 1.4382 0 512.909 6.46264e-13
3.98617 1.4382 0 513.911 6.18868e-13
3.98617 1.4382 0 514.914 5.92636e-13
3.98617 1.4382 0 515.916 5.67517e-13
3.98617 1.4382 0 516.919 5.43465e-13
3.98617 1.4382 0 517.921 5.20434e-13
3.98617 1.4382 0 518.923 4.98381e-13
3.98617 1.4382 0 519.926 4.77264e-13
3.98617 1.4382 0 520.928 4.57043e-13
3.98617 1.4382 0 521.931 4.37681e-13
3.98617 1.4382 0 522.933 4.1914e-13
3.98617 1.4382 0 523.936 4.01386e-13
3.98617 1.4382 0 524.938 3.84385e-13
3.98617 1.4382 0 525.941 3.68105e-13
3.98617 1.4382 0 526.943 3.52516e-13
3.98617 1.4382 0 527.946 3.37589e-13
3.98617 1.4382 0 528.948 3.23294e-13
3.98617 1.4382 0 529.951 3.09606e-13
3.98617 1.4382 0 530.953 2.96498e-13
3.98617 1.4382 0 531.956 2.83947e-13
3.98617 1.4382 0 532.958 2.71927e-13
3.98617 1.4382 0 533.961 2.60417e-13
3.98617 1.4382 0 534.963 2.49395e-13
3.98617 1.4382 0 535.965 2.3884e-13
3.98617 1.4382 0 536.968 2.28733e-13
3.98617 1.4382 0 537.97 2.19054e-13
3.98617 1.4382 0 538.973 2.09785e-13
3.98617 1.4382 0 539.975 2.00909e-13
3.98617 1.4382 0 540.978 1.92409e-13
3.98617 1.4382 0 541.98 1.84269e-13
3.98617 1.4382 0 542.983 1.76474e-13
3.98617 1.4382 0 543.985 1.6901e-13
3.98617 1.4382 0 544.988 1.61861e-13
3.98617 1.4382 0 545.99 1.55016e-13
3.98617 1.4382 0 546.993 1.4846e-13
3.98617 1.4382 0 547.995 1.42182e-13
3.98617 1.4382 0 548.998 1.3617e-13
3.98617 1.4382 0 550 1.30412e-13

