0.67733 1.4382 0 100.01 3.44037e-07
0.67733 1.4382 0 101.012 6.12703e-07
0.67733 1.4382 0 102.015 5.96446e-07
0.67733 1.4382 0 103.017 5.68597e-07
0.67733 1.4382 0 104.02 5.46478e-07
0.67733 1.4382 0 105.022 5.28172e-07
0.67733 1.4382 0 106.025 5.12351e-07
0.67733 1.4382 0 107.027 4.98282e-07
0.67733 1.4382 0 108.03 4.85525e-07
0.67733 1.4382 0 109.032 4.73793e-07
0.67733 1.4382 0 110.035 4.6289e-07
0.67733 1.4382 0 111.037 4.52676e-07
0.67733 1.4382 0 112.04 4.43046e-07
0.67733 1.4382 0 113.042 4.3392e-07
0.67733 1.4382 0 114.045 4.25234e-07
0.67733 1.4382 0 115.047 4.16939e-07
0.67733 1.4382 0 116.05 4.08993e-07
0.67733 1.4382 0 117.052 4.01362e-07
0.67733 1.4382 0 118.055 3.94019e-07
0.67733 1.4382 0 119.057 3.86938e-07
0.67733 1.4382 0 120.06 3.801e-07
0.67733 1.4382 0 121.062 3.73486e-07
0.67733 1.4382 0 122.065 3.67081e-07
0.67733 1.4382 0 123.067 3.6087e-07
0.67733 1.4382 0 124.07 3.54843e-07
0.67733 1.4382 0 125.072 3.48987e-07
0.67733 1.4382 0 126.075 3.43294e-07
0.67733 1.4382 0 127.077 3.37754e-07
0.67733 1.4382 0 128.079 3.3236e-07
0.67733 1.4382 0 129.082 3.27104e-07
0.67733 1.4382 0 130.084 3.2198e-07
0.67733 1.4382 0 131.087 3.16982e-07
0.67733 1.4382 0 132.089 3.12104e-07
0.67733 1.4382 0 133.092 3.07341e-07
0.67733 1.4382 0 134.094 3.02688e-07
0.67733 1.4382 0 135.097 2.98141e-07
0.67733 1.4382 0 136.099 2.93696e-07
0.67733 1.4382 0 137.102 2.89349e-07
0.67733 1.4382 0 138.104 2.85096e-07
0.67733 1.4382 0 139.107 2.80935e-07
0.67733 1.4382 0 140.109 2.7686e-07
0.67733 1.4382 0 141.112 2.72871e-07
0.67733 1.4382 0 142.114 2.68964e-07
0.67733 1.4382 0 143.117 2.65136e-07
0.67733 1.4382 0 144.119 2.61385e-07
0.67733 1.4382 0 145.122 2.57708e-07
0.67733 1.4382 0 146.124 2.54103e-07
0.67733 1.4382 0 147.127 2.50568e-07
0.67733 1.4382 0 148.129 2.47101e-07
0.67733 1.4382 0 149.132 2.437e-07
0.67733 1.4382 0 150.134 2.40362e-07
0.67733 1.4382 0 151.137 2.37087e-07
0.67733 1.4382 0 152.139 2.33873e-07
0.67733 1.4382 0 153.142 2.30717e-07
0.67733 1.4382 0 154.144 2.27619e-07
0.67733 1.4382 0 155.146 2.24576e-07
0.67733 1.4382 0 156.149 2.21588e-07
0.67733 1.4382 0 157.151 2.18652e-07
0.67733 1.4382 0 158.154 2.15768e-07
0.67733 1.4382 0 159.156 2.12935e-07
0.67733 1.4382 0 160.159 2.1015e-07
0.67733 1.4382 0 161.161 2.07413e-07
0.67733 1.4382 0 162.164 2.04723e-07
0.67733 1.4382 0 163.166 2.02079e-07
0.67733 1.4382 0 164.169 1.99479e-07
0.67733 1.4382 0 165.171 1.96922e-07
0.67733 1.4382 0 166.174 1.94408e-07
0.67733 1.4382 0 167.176 1.91935e-07
0.67733 1.4382 0 168.179 1.89503e-07
0.67733 1.4382 0 169.181 1.8711e-07
0.67733 1.4382 0 170.184 1.84756e-07
0.67733 1.4382 0 171.186 1.8244e-07
0.67733 1.4382 0 172.189 1.80161e-07
0.67733 1.4382 0 173.191 1.77918e-07
0.67733 1.4382 0 174.194 1.75711e-07
0.67733 1.4382 0 175.196 1.73538e-07
0.67733 1.4382 0 176.199 1.714e-07
0.67733 1.4382 0 177.201 1.69294e-07
0.67733 1.4382 0 178.204 1.67222e-07
0.67733 1.4382 0 179.206 1.65181e-07
0.67733 1.4382 0 180.208 1.63171e-07
0.67733 1.4382 0 181.211 1.61192e-07
0.67733 1.4382 0 182.213 1.59243e-07
0.67733 1.4382 0 183.216 1.57323e-07
0.67733 1.4382 0 184.218 1.55432e-07
0.67733 1.4382 0 185.221 1.53569e-07
0.67733 1.4382 0 186.223 1.51734e-07
0.67733 1.4382 0 187.226 1.49926e-07
0.67733 1.4382 0 188.228 1.48145e-07
0.67733 1.4382 0 189.231 1.4639e-07
0.67733 1.4382 0 190.233 1.4466e-07
0.67733 1.4382 0 191.236 1.42956e-07
0.67733 1.4382 0 192.238 1.41276e-07
0.67733 1.4382 0 193.241 1.39621e-07
0.67733 1.4382 0 194.243 1.37989e-07
0.67733 1.4382 0 195.246 1.3638e-07
0.67733 1.4382 0 196.248 1.34794e-07
0.67733 1.4382 0 197.251 1.33231e-07
0.67733 1.4382 0 198.253 1.3169e-07
0.67733 1.4382 0 199.256 1.3017e-07
0.67733 1.4382 0 200.258 1.28672e-07
0.67733 1.4382 0 201.261 1.27194e-07
0.67733 1.4382 0 202.263 1.25737e-07
0.67733 1.4382 0 203.266 1.243e-07
0.67733 1.4382 0 204.268 1.22883e-07
0.67733 1.4382 0 205.271 1.21485e-07
0.67733 1.4382 0 206.273 1.20107e-07
0.67733 1.4382 0 207.275 1.18747e-07
0.67733 1.4382 0 208.278 1.17405e-07
0.67733 1.4382 0 209.28 1.16082e-07
0.67733 1.4382 0 210.283 1.14777e-07
0.67733 1.4382 0 211.285 1.13489e-07
0.67733 1.4382 0 212.288 1.12218e-07
0.67733 1.4382 0 213.29 1.10964e-07
0.67733 1.4382 0 214.293 1.09727e-07
0.67733 1.4382 0 215.295 1.08506e-07
0.67733 1.4382 0 216.298 1.07301e-07
0.67733 1.4382 0 217.3 1.06112e-07
0.67733 1.4382 0 218.303 1.04939e-07
0.67733 1.4382 0 219.305 1.03781e-07
0.67733 1.4382 0 220.308 1.02638e-07
0.67733 1.4382 0 221.31 1.0151e-07
0.67733 1.4382 0 222.313 1.00396e-07
0.67733 1.4382 0 223.315 9.92969e-08
0.67733 1.4382 0 224.318 9.82117e-08
0.67733 1.4382 0 225.32 9.71405e-08
0.67733 1.4382 0 226.323 9.6083e-08
0.67733 1.4382 0 227.325 9.50389e-08
0.67733 1.4382 0 228.328 9.4008e-08
0.67733 1.4382 0 229.33 9.29902e-08
0.67733 1.4382 0 230.333 9.19852e-08
0.67733 1.4382 0 231.335 9.09928e-08
0.67733 1.4382 0 232.338 9.00129e-08
0.67733 1.4382 0 233.34 8.90453e-08
0.67733 1.4382 0 234.342 8.80897e-08
0.67733 1.4382 0 235.345 8.7146e-08
0.67733 1.4382 0 236.347 8.62139e-08
0.67733 1.4382 0 237.35 8.52934e-08
0.67733 1.4382 0 238.352 8.43843e-08
0.67733 1.4382 0 239.355 8.34863e-08
0.67733 1.4382 0 240.357 8.25994e-08
0.67733 1.4382 0 241.36 8.17232e-08
0.67733 1.4382 0 242.362 8.08578e-08
0.67733 1.4382 0 243.365 8.00029e-08
0.67733 1.4382 0 244.367 7.91584e-08
0.67733 1.4382 0 245.37 7.8324e-08
0.67733 1.4382 0 246.372 7.74998e-08
0.67733 1.4382 0 247.375 7.66855e-08
0.67733 1.4382 0 248.377 7.58809e-08
0.67733 1.4382 0 249.38 7.5086e-08
0.67733 1.4382 0 250.382 7.43006e-08
0.67733 1.4382 0 251.385 7.35246e-08
0.67733 1.4382 0 252.387 7.27577e-08
0.67733 1.4382 0 253.39 7.2e-08
0.67733 1.4382 0 254.392 7.12513e-08
0.67733 1.4382 0 255.395 7.05114e-08
0.67733 1.4382 0 256.397 6.97802e-08
0.67733 1.4382 0 257.4 6.90576e-08
0.67733 1.4382 0 258.402 6.83434e-08
0.67733 1.4382 0 259.405 6.76377e-08
0.67733 1.4382 0 260.407 6.69401e-08
0.67733 1.4382 0 261.409 6.62507e-08
0.67733 1.4382 0 262.412 6.55693e-08
0.67733 1.4382 0 263.414 6.48958e-08
0.67733 1.4382 0 264.417 6.42301e-08
0.67733 1.4382 0 265.419 6.35721e-08
0.67733 1.4382 0 266.422 6.29217e-08
0.67733 1.4382 0 267.424 6.22787e-08
0.67733 1.4382 0 268.427 6.16432e-08
0.67733 1.4382 0 269.429 6.10149e-08
0.67733 1.4382 0 270.432 6.03937e-08
0.67733 1.4382 0 271.434 5.97797e-08
0.67733 1.4382 0 272.437 5.91727e-08
0.67733 1.4382 0 273.439 5.85725e-08
0.67733 1.4382 0 274.442 5.79791e-08
0.67733 1.4382 0 275.444 5.73925e-08
0.67733 1.4382 0 276.447 5.68125e-08
0.67733 1.4382 0 277.449 5.6239e-08
0.67733 1.4382 0 278.452 5.5672e-08
0.67733 1.4382 0 279.454 5.51113e-08
0.67733 1.4382 0 280.457 5.45569e-08
0.67733 1.4382 0 281.459 5.40088e-08
0.67733 1.4382 0 282.462 5.34667e-08
0.67733 1.4382 0 283.464 5.29307e-08
0.67733 1.4382 0 284.467 5.24006e-08
0.67733 1.4382 0 285.469 5.18764e-08
0.67733 1.4382 0 286.472 5.13581e-08
0.67733 1.4382 0 287.474 5.08455e-08
0.67733 1.4382 0 288.476 5.03385e-08
0.67733 1.4382 0 289.479 4.98371e-08
0.67733 1.4382 0 290.481 4.93412e-08
0.67733 1.4382 0 291.484 4.88508e-08
0.67733 1.4382 0 292.486 4.83658e-08
0.67733 1.4382 0 293.489 4.78861e-08
0.67733 1.4382 0 294.491 4.74116e-08
0.67733 1.4382 0 295.494 4.69423e-08
0.67733 1.4382 0 296.496 4.64781e-08
0.67733 1.4382 0 297.499 4.6019e-08
0.67733 1.4382 0 298.501 4.55648e-08
0.67733 1.4382 0 299.504 4.51156e-08
0.67733 1.4382 0 300.506 4.46712e-08
0.67733 1.4382 0 301.509 4.42317e-08
0.67733 1.4382 0 302.511 4.37969e-08
0.67733 1.4382 0 303.514 4.33667e-08
0.67733 1.4382 0 304.516 4.29412e-08
0.67733 1.4382 0 305.519 4.25203e-08
0.67733 1.4382 0 306.521 4.21039e-08
0.67733 1.4382 0 307.524 4.16919e-08
0.67733 1.4382 0 308.526 4.12844e-08
0.67733 1.4382 0 309.529 4.08812e-08
0.67733 1.4382 0 310.531 4.04823e-08
0.67733 1.4382 0 311.534 4.00876e-08
0.67733 1.4382 0 312.536 3.96972e-08
0.67733 1.4382 0 313.538 3.93109e-08
0.67733 1.4382 0 314.541 3.89287e-08
0.67733 1.4382 0 315.543 3.85505e-08
0.67733 1.4382 0 316.546 3.81763e-08
0.67733 1.4382 0 317.548 3.78061e-08
0.67733 1.4382 0 318.551 3.74398e-08
0.67733 1.4382 0 319.553 3.70774e-08
0.67733 1.4382 0 320.556 3.67187e-08
0.67733 1.4382 0 321.558 3.63638e-08
0.67733 1.4382 0 322.561 3.60127e-08
0.67733 1.4382 0 323.563 3.56652e-08
0.67733 1.4382 0 324.566 3.53214e-08
0.67733 1.4382 0 325.568 3.49811e-08
0.67733 1.4382 0 326.571 3.46444e-08
0.67733 1.4382 0 327.573 3.43112e-08
0.67733 1.4382 0 328.576 3.39815e-08
0.67733 1.4382 0 329.578 3.36552e-08
0.67733 1.4382 0 330.581 3.33323e-08
0.67733 1.4382 0 331.583 3.30127e-08
0.67733 1.4382 0 332.586 3.26965e-08
0.67733 1.4382 0 333.588 3.23835e-08
0.67733 1.4382 0 334.591 3.20737e-08
0.67733 1.4382 0 335.593 3.17672e-08
0.67733 1.4382 0 336.596 3.14638e-08
0.67733 1.4382 0 337.598 3.11635e-08
0.67733 1.4382 0 338.601 3.08663e-08
0.67733 1.4382 0 339.603 3.05722e-08
0.67733 1.4382 0 340.605 3.02811e-08
0.67733 1.4382 0 341.608 2.9993e-08
0.67733 1.4382 0 342.61 2.97078e-08
0.67733 1.4382 0 343.613 2.94255e-08
0.67733 1.4382 0 344.615 2.91461e-08
0.67733 1.4382 0 345.618 2.88696e-08
0.67733 1.4382 0 346.62 2.85959e-08
0.67733 1.4382 0 347.623 2.8325e-08
0.67733 1.4382 0 348.625 2.80568e-08
0.67733 1.4382 0 349.628 2.77913e-08
0.67733 1.4382 0 350.63 2.75286e-08
0.67733 1.4382 0 351.633 2.72685e-08
0.67733 1.4382 0 352.635 2.7011e-08
0.67733 1.4382 0 353.638 2.67562e-08
0.67733 1.4382 0 354.64 2.65039e-08
0.67733 1.4382 0 355.643 2.62541e-08
0.67733 1.4382 0 356.645 2.60069e-08
0.67733 1.4382 0 357.648 2.57622e-08
0.67733 1.4382 0 358.65 2.55199e-08
0.67733 1.4382 0 359.653 2.52801e-08
0.67733 1.4382 0 360.655 2.50427e-08
0.67733 1.4382 0 361.658 2.48076e-08
0.67733 1.4382 0 362.66 2.45749e-08
0.67733 1.4382 0 363.663 2.43446e-08
0.67733 1.4382 0 364.665 2.41165e-08
0.67733 1.4382 0 365.668 2.38908e-08
0.67733 1.4382 0 366.67 2.36672e-08
0.67733 1.4382 0 367.672 2.34459e-08
0.67733 1.4382 0 368.675 2.32269e-08
0.67733 1.4382 0 369.677 2.301e-08
0.67733 1.4382 0 370.68 2.27952e-08
0.67733 1.4382 0 371.682 2.25826e-08
0.67733 1.4382 0 372.685 2.23721e-08
0.67733 1.4382 0 373.687 2.21637e-08
0.67733 1.4382 0 374.69 2.19573e-08
0.67733 1.4382 0 375.692 2.1753e-08
0.67733 1.4382 0 376.695 2.15507e-08
0.67733 1.4382 0 377.697 2.13504e-08
0.67733 1.4382 0 378.7 2.11521e-08
0.67733 1.4382 0 379.702 2.09558e-08
0.67733 1.4382 0 380.705 2.07614e-08
0.67733 1.4382 0 381.707 2.05689e-08
0.67733 1.4382 0 382.71 2.03783e-08
0.67733 1.4382 0 383.712 2.01895e-08
0.67733 1.4382 0 384.715 2.00026e-08
0.67733 1.4382 0 385.717 1.98176e-08
0.67733 1.4382 0 386.72 1.96344e-08
0.67733 1.4382 0 387.722 1.94529e-08
0.67733 1.4382 0 388.725 1.92733e-08
0.67733 1.4382 0 389.727 1.90954e-08
0.67733 1.4382 0 390.73 1.89192e-08
0.67733 1.4382 0 391.732 1.87448e-08
0.67733 1.4382 0 392.735 1.8572e-08
0.67733 1.4382 0 393.737 1.8401e-08
0.67733 1.4382 0 394.739 1.82316e-08
0.67733 1.4382 0 395.742 1.80638e-08
0.67733 1.4382 0 396.744 1.78977e-08
0.67733 1.4382 0 397.747 1.77332e-08
0.67733 1.4382 0 398.749 1.75703e-08
0.67733 1.4382 0 399.752 1.7409e-08
0.67733 1.4382 0 400.754 1.72493e-08
0.67733 1.4382 0 401.757 1.70911e-08
0.67733 1.4382 0 402.759 1.69344e-08
0.67733 1.4382 0 403.762 1.67793e-08
0.67733 1.4382 0 404.764 1.66256e-08
0.67733 1.4382 0 405.767 1.64734e-08
0.67733 1.4382 0 406.769 1.63227e-08
0.67733 1.4382 0 407.772 1.61735e-08
0.67733 1.4382 0 408.774 1.60257e-08
0.67733 1.4382 0 409.777 1.58793e-08
0.67733 1.4382 0 410.779 1.57343e-08
0.67733 1.4382 0 411.782 1.55907e-08
0.67733 1.4382 0 412.784 1.54485e-08
0.67733 1.4382 0 413.787 1.53077e-08
0.67733 1.4382 0 414.789 1.51682e-08
0.67733 1.4382 0 415.792 1.50301e-08
0.67733 1.4382 0 416.794 1.48933e-08
0.67733 1.4382 0 417.797 1.47577e-08
0.67733 1.4382 0 418.799 1.46235e-08
0.67733 1.4382 0 419.802 1.44906e-08
0.67733 1.4382 0 420.804 1.43589e-08
0.67733 1.4382 0 421.806 1.42285e-08
0.67733 1.4382 0 422.809 1.40994e-08
0.67733 1.4382 0 423.811 1.39715e-08
0.67733 1.4382 0 424.814 1.38448e-08
0.67733 1.4382 0 425.816 1.37193e-08
0.67733 1.4382 0 426.819 1.3595e-08
0.67733 1.4382 0 427.821 1.34718e-08
0.67733 1.4382 0 428.824 1.33499e-08
0.67733 1.4382 0 429.826 1.32291e-08
0.67733 1.4382 0 430.829 1.31095e-08
0.67733 1.4382 0 431.831 1.2991e-08
0.67733 1.4382 0 432.834 1.28736e-08
0.67733 1.4382 0 433.836 1.27573e-08
0.67733 1.4382 0 434.839 1.26421e-08
0.67733 1.4382 0 435.841 1.25281e-08
0.67733 1.4382 0 436.844 1.24151e-08
0.67733 1.4382 0 437.846 1.23031e-08
0.67733 1.4382 0 438.849 1.21922e-08
0.67733 1.4382 0 439.851 1.20824e-08
0.67733 1.4382 0 440.854 1.19736e-08
0.67733 1.4382 0 441.856 1.18659e-08
0.67733 1.4382 0 442.859 1.17591e-08
0.67733 1.4382 0 443.861 1.16534e-08
0.67733 1.4382 0 444.864 1.15486e-08
0.67733 1.4382 0 445.866 1.14449e-08
0.67733 1.4382 0 446.868 1.13421e-08
0.67733 1.4382 0 447.871 1.12402e-08
0.67733 1.4382 0 448.873 1.11394e-08
0.67733 1.4382 0 449.876 1.10395e-08
0.67733 1.4382 0 450.878 1.09405e-08
0.67733 1.4382 0 451.881 1.08424e-08
0.67733 1.4382 0 452.883 1.07453e-08
0.67733 1.4382 0 453.886 1.06491e-08
0.67733 1.4382 0 454.888 1.05537e-08
0.67733 1.4382 0 455.891 1.04593e-08
0.67733 1.4382 0 456.893 1.03658e-08
0.67733 1.4382 0 457.896 1.02731e-08
0.67733 1.4382 0 458.898 1.01813e-08
0.67733 1.4382 0 459.901 1.00903e-08
0.67733 1.4382 0 460.903 1.00002e-08
0.67733 1.4382 0 461.906 9.91096e-09
0.67733 1.4382 0 462.908 9.82253e-09
0.67733 1.4382 0 463.911 9.73492e-09
0.67733 1.4382 0 464.913 9.64812e-09
0.67733 1.4382 0 465.916 9.56213e-09
0.67733 1.4382 0 466.918 9.47695e-09
0.67733 1.4382 0 467.921 9.39255e-09
0.67733 1.4382 0 468.923 9.30894e-09
0.67733 1.4382 0 469.926 9.2261e-09
0.67733 1.4382 0 470.928 9.14404e-09
0.67733 1.4382 0 471.931 9.06273e-09
0.67733 1.4382 0 472.933 8.98218e-09
0.67733 1.4382 0 473.935 8.90237e-09
0.67733 1.4382 0 474.938 8.8233e-09
0.67733 1.4382 0 475.94 8.74497e-09
0.67733 1.4382 0 476.943 8.66735e-09
0.67733 1.4382 0 477.945 8.59046e-09
0.67733 1.4382 0 478.948 8.51428e-09
0.67733 1.4382 0 479.95 8.43879e-09
0.67733 1.4382 0 480.953 8.36401e-09
0.67733 1.4382 0 481.955 8.28992e-09
0.67733 1.4382 0 482.958 8.21651e-09
0.67733 1.4382 0 483.96 8.14377e-09
0.67733 1.4382 0 484.963 8.07171e-09
0.67733 1.4382 0 485.965 8.00031e-09
0.67733 1.4382 0 486.968 7.92956e-09
0.67733 1.4382 0 487.97 7.85947e-09
0.67733 1.4382 0 488.973 7.79002e-09
0.67733 1.4382 0 489.975 7.72121e-09
0.67733 1.4382 0 490.978 7.65303e-09
0.67733 1.4382 0 491.98 7.58548e-09
0.67733 1.4382 0 492.983 7.51855e-09
0.67733 1.4382 0 493.985 7.45223e-09
0.67733 1.4382 0 494.988 7.38652e-09
0.67733 1.4382 0 495.99 7.32141e-09
0.67733 1.4382 0 496.993 7.2569e-09
0.67733 1.4382 0 497.995 7.19298e-09
0.67733 1.4382 0 498.998 7.12964e-09
0.67733 1.4382 0 500 7.06688e-09

