3.44575 1.4382 0 100.01 1.51885e-05
3.44575 1.4382 0 101.012 2.61473e-05
3.44575 1.4382 0 102.015 2.39499e-05
3.44575 1.4382 0 103.017 2.13693e-05
3.44575 1.4382 0 104.02 1.92255e-05
3.44575 1.4382 0 105.022 1.74192e-05
3.44575 1.4382 0 106.025 1.58692e-05
3.44575 1.4382 0 107.027 1.45216e-05
3.44575 1.4382 0 108.03 1.33382e-05
3.44575 1.4382 0 109.032 1.22908e-05
3.44575 1.4382 0 110.035 1.13576e-05
3.44575 1.4382 0 111.037 1.05215e-05
3.44575 1.4382 0 112.04 9.76885e-06
3.44575 1.4382 0 113.042 9.08833e-06
3.44575 1.4382 0 114.045 8.47069e-06
3.44575 1.4382 0 115.047 7.90819e-06
3.44575 1.4382 0 116.05 7.39432e-06
3.44575 1.4382 0 117.052 6.92353e-06
3.44575 1.4382 0 118.055 6.49111e-06
3.44575 1.4382 0 119.057 6.09297e-06
3.44575 1.4382 0 120.06 5.72558e-06
3.44575 1.4382 0 121.062 5.38589e-06
3.44575 1.4382 0 122.065 5.07122e-06
3.44575 1.4382 0 123.067 4.7792e-06
3.44575 1.4382 0 124.07 4.50777e-06
3.44575 1.4382 0 125.072 4.25509e-06
3.44575 1.4382 0 126.075 4.01953e-06
3.44575 1.4382 0 127.077 3.79964e-06
3.44575 1.4382 0 128.079 3.59411e-06
3.44575 1.4382 0 129.082 3.40179e-06
3.44575 1.4382 0 130.084 3.22163e-06
3.44575 1.4382 0 131.087 3.05268e-06
3.44575 1.4382 0 132.089 2.8941e-06
3.44575 1.4382 0 133.092 2.7451e-06
3.44575 1.4382 0 134.094 2.60498e-06
3.44575 1.4382 0 135.097 2.47311e-06
3.44575 1.4382 0 136.099 2.34891e-06
3.44575 1.4382 0 137.102 2.23184e-06
3.44575 1.4382 0 138.104 2.12141e-06
3.44575 1.4382 0 139.107 2.01719e-06
3.44575 1.4382 0 140.109 1.91875e-06
3.44575 1.4382 0 141.112 1.82572e-06
3.44575 1.4382 0 142.114 1.73775e-06
3.44575 1.4382 0 143.117 1.65453e-06
3.44575 1.4382 0 144.119 1.57574e-06
3.44575 1.4382 0 145.122 1.50113e-06
3.44575 1.4382 0 146.124 1.43044e-06
3.44575 1.4382 0 147.127 1.36342e-06
3.44575 1.4382 0 148.129 1.29987e-06
3.44575 1.4382 0 149.132 1.23957e-06
3.44575 1.4382 0 150.134 1.18234e-06
3.44575 1.4382 0 151.137 1.128e-06
3.44575 1.4382 0 152.139 1.07639e-06
3.44575 1.4382 0 153.142 1.02735e-06
3.44575 1.4382 0 154.144 9.80729e-07
3.44575 1.4382 0 155.146 9.36407e-07
3.44575 1.4382 0 156.149 8.94251e-07
3.44575 1.4382 0 157.151 8.54144e-07
3.44575 1.4382 0 158.154 8.15976e-07
3.44575 1.4382 0 159.156 7.79643e-07
3.44575 1.4382 0 160.159 7.45046e-07
3.44575 1.4382 0 161.161 7.12095e-07
3.44575 1.4382 0 162.164 6.80704e-07
3.44575 1.4382 0 163.166 6.50791e-07
3.44575 1.4382 0 164.169 6.2228e-07
3.44575 1.4382 0 165.171 5.951e-07
3.44575 1.4382 0 166.174 5.69182e-07
3.44575 1.4382 0 167.176 5.44463e-07
3.44575 1.4382 0 168.179 5.20882e-07
3.44575 1.4382 0 169.181 4.98383e-07
3.44575 1.4382 0 170.184 4.76913e-07
3.44575 1.4382 0 171.186 4.56419e-07
3.44575 1.4382 0 172.189 4.36855e-07
3.44575 1.4382 0 173.191 4.18175e-07
3.44575 1.4382 0 174.194 4.00335e-07
3.44575 1.4382 0 175.196 3.83296e-07
3.44575 1.4382 0 176.199 3.67019e-07
3.44575 1.4382 0 177.201 3.51467e-07
3.44575 1.4382 0 178.204 3.36606e-07
3.44575 1.4382 0 179.206 3.22404e-07
3.44575 1.4382 0 180.208 3.08828e-07
3.44575 1.4382 0 181.211 2.9585e-07
3.44575 1.4382 0 182.213 2.83442e-07
3.44575 1.4382 0 183.216 2.71576e-07
3.44575 1.4382 0 184.218 2.60229e-07
3.44575 1.4382 0 185.221 2.49376e-07
3.44575 1.4382 0 186.223 2.38994e-07
3.44575 1.4382 0 187.226 2.29061e-07
3.44575 1.4382 0 188.228 2.19558e-07
3.44575 1.4382 0 189.231 2.10464e-07
3.44575 1.4382 0 190.233 2.01761e-07
3.44575 1.4382 0 191.236 1.93431e-07
3.44575 1.4382 0 192.238 1.85458e-07
3.44575 1.4382 0 193.241 1.77825e-07
3.44575 1.4382 0 194.243 1.70518e-07
3.44575 1.4382 0 195.246 1.63521e-07
3.44575 1.4382 0 196.248 1.56821e-07
3.44575 1.4382 0 197.251 1.50405e-07
3.44575 1.4382 0 198.253 1.4426e-07
3.44575 1.4382 0 199.256 1.38373e-07
3.44575 1.4382 0 200.258 1.32735e-07
3.44575 1.4382 0 201.261 1.27334e-07
3.44575 1.4382 0 202.263 1.22159e-07
3.44575 1.4382 0 203.266 1.172e-07
3.44575 1.4382 0 204.268 1.12449e-07
3.44575 1.4382 0 205.271 1.07896e-07
3.44575 1.4382 0 206.273 1.03533e-07
3.44575 1.4382 0 207.275 9.93511e-08
3.44575 1.4382 0 208.278 9.53427e-08
3.44575 1.4382 0 209.28 9.15004e-08
3.44575 1.4382 0 210.283 8.78171e-08
3.44575 1.4382 0 211.285 8.4286e-08
3.44575 1.4382 0 212.288 8.09005e-08
3.44575 1.4382 0 213.29 7.76544e-08
3.44575 1.4382 0 214.293 7.45418e-08
3.44575 1.4382 0 215.295 7.15571e-08
3.44575 1.4382 0 216.298 6.86948e-08
3.44575 1.4382 0 217.3 6.59497e-08
3.44575 1.4382 0 218.303 6.33169e-08
3.44575 1.4382 0 219.305 6.07916e-08
3.44575 1.4382 0 220.308 5.83693e-08
3.44575 1.4382 0 221.31 5.60457e-08
3.44575 1.4382 0 222.313 5.38166e-08
3.44575 1.4382 0 223.315 5.16782e-08
3.44575 1.4382 0 224.318 4.96265e-08
3.44575 1.4382 0 225.32 4.7658e-08
3.44575 1.4382 0 226.323 4.57692e-08
3.44575 1.4382 0 227.325 4.39568e-08
3.44575 1.4382 0 228.328 4.22176e-08
3.44575 1.4382 0 229.33 4.05486e-08
3.44575 1.4382 0 230.333 3.89469e-08
3.44575 1.4382 0 231.335 3.74097e-08
3.44575 1.4382 0 232.338 3.59343e-08
3.44575 1.4382 0 233.34 3.45182e-08
3.44575 1.4382 0 234.342 3.3159e-08
3.44575 1.4382 0 235.345 3.18542e-08
3.44575 1.4382 0 236.347 3.06017e-08
3.44575 1.4382 0 237.35 2.93993e-08
3.44575 1.4382 0 238.352 2.82451e-08
3.44575 1.4382 0 239.355 2.71369e-08
3.44575 1.4382 0 240.357 2.60729e-08
3.44575 1.4382 0 241.36 2.50514e-08
3.44575 1.4382 0 242.362 2.40705e-08
3.44575 1.4382 0 243.365 2.31287e-08
3.44575 1.4382 0 244.367 2.22244e-08
3.44575 1.4382 0 245.37 2.13559e-08
3.44575 1.4382 0 246.372 2.0522e-08
3.44575 1.4382 0 247.375 1.97211e-08
3.44575 1.4382 0 248.377 1.89519e-08
3.44575 1.4382 0 249.38 1.82132e-08
3.44575 1.4382 0 250.382 1.75038e-08
3.44575 1.4382 0 251.385 1.68223e-08
3.44575 1.4382 0 252.387 1.61678e-08
3.44575 1.4382 0 253.39 1.55392e-08
3.44575 1.4382 0 254.392 1.49353e-08
3.44575 1.4382 0 255.395 1.43552e-08
3.44575 1.4382 0 256.397 1.3798e-08
3.44575 1.4382 0 257.4 1.32627e-08
3.44575 1.4382 0 258.402 1.27484e-08
3.44575 1.4382 0 259.405 1.22544e-08
3.44575 1.4382 0 260.407 1.17797e-08
3.44575 1.4382 0 261.409 1.13237e-08
3.44575 1.4382 0 262.412 1.08856e-08
3.44575 1.4382 0 263.414 1.04646e-08
3.44575 1.4382 0 264.417 1.00601e-08
3.44575 1.4382 0 265.419 9.67146e-09
3.44575 1.4382 0 266.422 9.29801e-09
3.44575 1.4382 0 267.424 8.93916e-09
3.44575 1.4382 0 268.427 8.59432e-09
3.44575 1.4382 0 269.429 8.26295e-09
3.44575 1.4382 0 270.432 7.9445e-09
3.44575 1.4382 0 271.434 7.63847e-09
3.44575 1.4382 0 272.437 7.34437e-09
3.44575 1.4382 0 273.439 7.06172e-09
3.44575 1.4382 0 274.442 6.79007e-09
3.44575 1.4382 0 275.444 6.52898e-09
3.44575 1.4382 0 276.447 6.27805e-09
3.44575 1.4382 0 277.449 6.03686e-09
3.44575 1.4382 0 278.452 5.80504e-09
3.44575 1.4382 0 279.454 5.58222e-09
3.44575 1.4382 0 280.457 5.36805e-09
3.44575 1.4382 0 281.459 5.16217e-09
3.44575 1.4382 0 282.462 4.96427e-09
3.44575 1.4382 0 283.464 4.77404e-09
3.44575 1.4382 0 284.467 4.59117e-09
3.44575 1.4382 0 285.469 4.41538e-09
3.44575 1.4382 0 286.472 4.24638e-09
3.44575 1.4382 0 287.474 4.08392e-09
3.44575 1.4382 0 288.476 3.92773e-09
3.44575 1.4382 0 289.479 3.77757e-09
3.44575 1.4382 0 290.481 3.63321e-09
3.44575 1.4382 0 291.484 3.49442e-09
3.44575 1.4382 0 292.486 3.36097e-09
3.44575 1.4382 0 293.489 3.23268e-09
3.44575 1.4382 0 294.491 3.10932e-09
3.44575 1.4382 0 295.494 2.99071e-09
3.44575 1.4382 0 296.496 2.87667e-09
3.44575 1.4382 0 297.499 2.76701e-09
3.44575 1.4382 0 298.501 2.66158e-09
3.44575 1.4382 0 299.504 2.56019e-09
3.44575 1.4382 0 300.506 2.4627e-09
3.44575 1.4382 0 301.509 2.36895e-09
3.44575 1.4382 0 302.511 2.2788e-09
3.44575 1.4382 0 303.514 2.19212e-09
3.44575 1.4382 0 304.516 2.10875e-09
3.44575 1.4382 0 305.519 2.02858e-09
3.44575 1.4382 0 306.521 1.95149e-09
3.44575 1.4382 0 307.524 1.87735e-09
3.44575 1.4382 0 308.526 1.80604e-09
3.44575 1.4382 0 309.529 1.73747e-09
3.44575 1.4382 0 310.531 1.67152e-09
3.44575 1.4382 0 311.534 1.60809e-09
3.44575 1.4382 0 312.536 1.54709e-09
3.44575 1.4382 0 313.538 1.48842e-09
3.44575 1.4382 0 314.541 1.43199e-09
3.44575 1.4382 0 315.543 1.37772e-09
3.44575 1.4382 0 316.546 1.32552e-09
3.44575 1.4382 0 317.548 1.27531e-09
3.44575 1.4382 0 318.551 1.22702e-09
3.44575 1.4382 0 319.553 1.18056e-09
3.44575 1.4382 0 320.556 1.13588e-09
3.44575 1.4382 0 321.558 1.09291e-09
3.44575 1.4382 0 322.561 1.05157e-09
3.44575 1.4382 0 323.563 1.0118e-09
3.44575 1.4382 0 324.566 9.73548e-10
3.44575 1.4382 0 325.568 9.36752e-10
3.44575 1.4382 0 326.571 9.01356e-10
3.44575 1.4382 0 327.573 8.67307e-10
3.44575 1.4382 0 328.576 8.34552e-10
3.44575 1.4382 0 329.578 8.03042e-10
3.44575 1.4382 0 330.581 7.7273e-10
3.44575 1.4382 0 331.583 7.43569e-10
3.44575 1.4382 0 332.586 7.15516e-10
3.44575 1.4382 0 333.588 6.88527e-10
3.44575 1.4382 0 334.591 6.62563e-10
3.44575 1.4382 0 335.593 6.37585e-10
3.44575 1.4382 0 336.596 6.13553e-10
3.44575 1.4382 0 337.598 5.90433e-10
3.44575 1.4382 0 338.601 5.6819e-10
3.44575 1.4382 0 339.603 5.46789e-10
3.44575 1.4382 0 340.605 5.26199e-10
3.44575 1.4382 0 341.608 5.06389e-10
3.44575 1.4382 0 342.61 4.87329e-10
3.44575 1.4382 0 343.613 4.68991e-10
3.44575 1.4382 0 344.615 4.51347e-10
3.44575 1.4382 0 345.618 4.3437e-10
3.44575 1.4382 0 346.62 4.18036e-10
3.44575 1.4382 0 347.623 4.02319e-10
3.44575 1.4382 0 348.625 3.87196e-10
3.44575 1.4382 0 349.628 3.72645e-10
3.44575 1.4382 0 350.63 3.58643e-10
3.44575 1.4382 0 351.633 3.45171e-10
3.44575 1.4382 0 352.635 3.32207e-10
3.44575 1.4382 0 353.638 3.19733e-10
3.44575 1.4382 0 354.64 3.0773e-10
3.44575 1.4382 0 355.643 2.96179e-10
3.44575 1.4382 0 356.645 2.85065e-10
3.44575 1.4382 0 357.648 2.7437e-10
3.44575 1.4382 0 358.65 2.64078e-10
3.44575 1.4382 0 359.653 2.54173e-10
3.44575 1.4382 0 360.655 2.44643e-10
3.44575 1.4382 0 361.658 2.35471e-10
3.44575 1.4382 0 362.66 2.26645e-10
3.44575 1.4382 0 363.663 2.18152e-10
3.44575 1.4382 0 364.665 2.09978e-10
3.44575 1.4382 0 365.668 2.02112e-10
3.44575 1.4382 0 366.67 1.94542e-10
3.44575 1.4382 0 367.672 1.87257e-10
3.44575 1.4382 0 368.675 1.80246e-10
3.44575 1.4382 0 369.677 1.73498e-10
3.44575 1.4382 0 370.68 1.67005e-10
3.44575 1.4382 0 371.682 1.60755e-10
3.44575 1.4382 0 372.685 1.54741e-10
3.44575 1.4382 0 373.687 1.48952e-10
3.44575 1.4382 0 374.69 1.43381e-10
3.44575 1.4382 0 375.692 1.3802e-10
3.44575 1.4382 0 376.695 1.3286e-10
3.44575 1.4382 0 377.697 1.27893e-10
3.44575 1.4382 0 378.7 1.23113e-10
3.44575 1.4382 0 379.702 1.18512e-10
3.44575 1.4382 0 380.705 1.14084e-10
3.44575 1.4382 0 381.707 1.09822e-10
3.44575 1.4382 0 382.71 1.05721e-10
3.44575 1.4382 0 383.712 1.01772e-10
3.44575 1.4382 0 384.715 9.79724e-11
3.44575 1.4382 0 385.717 9.43148e-11
3.44575 1.4382 0 386.72 9.07943e-11
3.44575 1.4382 0 387.722 8.74058e-11
3.44575 1.4382 0 388.725 8.41442e-11
3.44575 1.4382 0 389.727 8.10048e-11
3.44575 1.4382 0 390.73 7.79831e-11
3.44575 1.4382 0 391.732 7.50744e-11
3.44575 1.4382 0 392.735 7.22747e-11
3.44575 1.4382 0 393.737 6.95798e-11
3.44575 1.4382 0 394.739 6.69858e-11
3.44575 1.4382 0 395.742 6.44889e-11
3.44575 1.4382 0 396.744 6.20853e-11
3.44575 1.4382 0 397.747 5.97717e-11
3.44575 1.4382 0 398.749 5.75447e-11
3.44575 1.4382 0 399.752 5.54009e-11
3.44575 1.4382 0 400.754 5.33373e-11
3.44575 1.4382 0 401.757 5.13508e-11
3.44575 1.4382 0 402.759 4.94386e-11
3.44575 1.4382 0 403.762 4.75978e-11
3.44575 1.4382 0 404.764 4.58258e-11
3.44575 1.4382 0 405.767 4.412e-11
3.44575 1.4382 0 406.769 4.2478e-11
3.44575 1.4382 0 407.772 4.08973e-11
3.44575 1.4382 0 408.774 3.93755e-11
3.44575 1.4382 0 409.777 3.79107e-11
3.44575 1.4382 0 410.779 3.65005e-11
3.44575 1.4382 0 411.782 3.51429e-11
3.44575 1.4382 0 412.784 3.3836e-11
3.44575 1.4382 0 413.787 3.25778e-11
3.44575 1.4382 0 414.789 3.13666e-11
3.44575 1.4382 0 415.792 3.02006e-11
3.44575 1.4382 0 416.794 2.90781e-11
3.44575 1.4382 0 417.797 2.79974e-11
3.44575 1.4382 0 418.799 2.6957e-11
3.44575 1.4382 0 419.802 2.59554e-11
3.44575 1.4382 0 420.804 2.49911e-11
3.44575 1.4382 0 421.806 2.40628e-11
3.44575 1.4382 0 422.809 2.31691e-11
3.44575 1.4382 0 423.811 2.23086e-11
3.44575 1.4382 0 424.814 2.14803e-11
3.44575 1.4382 0 425.816 2.06827e-11
3.44575 1.4382 0 426.819 1.99149e-11
3.44575 1.4382 0 427.821 1.91757e-11
3.44575 1.4382 0 428.824 1.8464e-11
3.44575 1.4382 0 429.826 1.77787e-11
3.44575 1.4382 0 430.829 1.7119e-11
3.44575 1.4382 0 431.831 1.64839e-11
3.44575 1.4382 0 432.834 1.58723e-11
3.44575 1.4382 0 433.836 1.52836e-11
3.44575 1.4382 0 434.839 1.47167e-11
3.44575 1.4382 0 435.841 1.41709e-11
3.44575 1.4382 0 436.844 1.36454e-11
3.44575 1.4382 0 437.846 1.31395e-11
3.44575 1.4382 0 438.849 1.26524e-11
3.44575 1.4382 0 439.851 1.21833e-11
3.44575 1.4382 0 440.854 1.17318e-11
3.44575 1.4382 0 441.856 1.1297e-11
3.44575 1.4382 0 442.859 1.08783e-11
3.44575 1.4382 0 443.861 1.04752e-11
3.44575 1.4382 0 444.864 1.00871e-11
3.44575 1.4382 0 445.866 9.71344e-12
3.44575 1.4382 0 446.868 9.35363e-12
3.44575 1.4382 0 447.871 9.00719e-12
3.44575 1.4382 0 448.873 8.67361e-12
3.44575 1.4382 0 449.876 8.35241e-12
3.44575 1.4382 0 450.878 8.04315e-12
3.44575 1.4382 0 451.881 7.74536e-12
3.44575 1.4382 0 452.883 7.45863e-12
3.44575 1.4382 0 453.886 7.18254e-12
3.44575 1.4382 0 454.888 6.91669e-12
3.44575 1.4382 0 455.891 6.66071e-12
3.44575 1.4382 0 456.893 6.41423e-12
3.44575 1.4382 0 457.896 6.17689e-12
3.44575 1.4382 0 458.898 5.94836e-12
3.44575 1.4382 0 459.901 5.7283e-12
3.44575 1.4382 0 460.903 5.5164e-12
3.44575 1.4382 0 461.906 5.31236e-12
3.44575 1.4382 0 462.908 5.11589e-12
3.44575 1.4382 0 463.911 4.9267e-12
3.44575 1.4382 0 464.913 4.74452e-12
3.44575 1.4382 0 465.916 4.5691e-12
3.44575 1.4382 0 466.918 4.40018e-12
3.44575 1.4382 0 467.921 4.23751e-12
3.44575 1.4382 0 468.923 4.08088e-12
3.44575 1.4382 0 469.926 3.93004e-12
3.44575 1.4382 0 470.928 3.7848e-12
3.44575 1.4382 0 471.931 3.64494e-12
3.44575 1.4382 0 472.933 3.51025e-12
3.44575 1.4382 0 473.935 3.38056e-12
3.44575 1.4382 0 474.938 3.25566e-12
3.44575 1.4382 0 475.94 3.13539e-12
3.44575 1.4382 0 476.943 3.01958e-12
3.44575 1.4382 0 477.945 2.90805e-12
3.44575 1.4382 0 478.948 2.80065e-12
3.44575 1.4382 0 479.95 2.69723e-12
3.44575 1.4382 0 480.953 2.59763e-12
3.44575 1.4382 0 481.955 2.50172e-12
3.44575 1.4382 0 482.958 2.40936e-12
3.44575 1.4382 0 483.96 2.32041e-12
3.44575 1.4382 0 484.963 2.23476e-12
3.44575 1.4382 0 485.965 2.15227e-12
3.44575 1.4382 0 486.968 2.07284e-12
3.44575 1.4382 0 487.97 1.99634e-12
3.44575 1.4382 0 488.973 1.92267e-12
3.44575 1.4382 0 489.975 1.85173e-12
3.44575 1.4382 0 490.978 1.78341e-12
3.44575 1.4382 0 491.98 1.71761e-12
3.44575 1.4382 0 492.983 1.65425e-12
3.44575 1.4382 0 493.985 1.59323e-12
3.44575 1.4382 0 494.988 1.53447e-12
3.44575 1.4382 0 495.99 1.47787e-12
3.44575 1.4382 0 496.993 1.42337e-12
3.44575 1.4382 0 497.995 1.37088e-12
3.44575 1.4382 0 498.998 1.32033e-12
3.44575 1.4382 0 500 1.27165e-12

