4.38899 1.4382 0 150.015 9.64992e-06
4.38899 1.4382 0 151.017 1.58367e-05
4.38899 1.4382 0 152.02 1.42705e-05
4.38899 1.4382 0 153.022 1.24123e-05
4.38899 1.4382 0 154.025 1.09395e-05
4.38899 1.4382 0 155.027 9.75177e-06
4.38899 1.4382 0 156.03 8.76583e-06
4.38899 1.4382 0 157.032 7.92995e-06
4.38899 1.4382 0 158.035 7.21023e-06
4.38899 1.4382 0 159.037 6.58311e-06
4.38899 1.4382 0 160.04 6.0315e-06
4.38899 1.4382 0 161.042 5.54253e-06
4.38899 1.4382 0 162.045 5.10629e-06
4.38899 1.4382 0 163.047 4.71495e-06
4.38899 1.4382 0 164.05 4.36222e-06
4.38899 1.4382 0 165.052 4.04299e-06
4.38899 1.4382 0 166.054 3.75304e-06
4.38899 1.4382 0 167.057 3.48883e-06
4.38899 1.4382 0 168.059 3.24741e-06
4.38899 1.4382 0 169.062 3.02623e-06
4.38899 1.4382 0 170.064 2.82314e-06
4.38899 1.4382 0 171.067 2.63628e-06
4.38899 1.4382 0 172.069 2.46401e-06
4.38899 1.4382 0 173.072 2.30493e-06
4.38899 1.4382 0 174.074 2.15779e-06
4.38899 1.4382 0 175.077 2.0215e-06
4.38899 1.4382 0 176.079 1.89509e-06
4.38899 1.4382 0 177.082 1.77771e-06
4.38899 1.4382 0 178.084 1.66857e-06
4.38899 1.4382 0 179.087 1.56699e-06
4.38899 1.4382 0 180.089 1.47236e-06
4.38899 1.4382 0 181.092 1.38412e-06
4.38899 1.4382 0 182.094 1.30176e-06
4.38899 1.4382 0 183.096 1.22484e-06
4.38899 1.4382 0 184.099 1.15293e-06
4.38899 1.4382 0 185.101 1.08567e-06
4.38899 1.4382 0 186.104 1.02271e-06
4.38899 1.4382 0 187.106 9.63735e-07
4.38899 1.4382 0 188.109 9.08466e-07
4.38899 1.4382 0 189.111 8.56638e-07
4.38899 1.4382 0 190.114 8.0801e-07
4.38899 1.4382 0 191.116 7.62363e-07
4.38899 1.4382 0 192.119 7.19494e-07
4.38899 1.4382 0 193.121 6.79213e-07
4.38899 1.4382 0 194.124 6.4135e-07
4.38899 1.4382 0 195.126 6.05744e-07
4.38899 1.4382 0 196.129 5.72247e-07
4.38899 1.4382 0 197.131 5.40722e-07
4.38899 1.4382 0 198.133 5.11043e-07
4.38899 1.4382 0 199.136 4.83093e-07
4.38899 1.4382 0 200.138 4.56761e-07
4.38899 1.4382 0 201.141 4.31946e-07
4.38899 1.4382 0 202.143 4.08555e-07
4.38899 1.4382 0 203.146 3.86498e-07
4.38899 1.4382 0 204.148 3.65694e-07
4.38899 1.4382 0 205.151 3.46067e-07
4.38899 1.4382 0 206.153 3.27545e-07
4.38899 1.4382 0 207.156 3.10062e-07
4.38899 1.4382 0 208.158 2.93556e-07
4.38899 1.4382 0 209.161 2.77968e-07
4.38899 1.4382 0 210.163 2.63244e-07
4.38899 1.4382 0 211.166 2.49334e-07
4.38899 1.4382 0 212.168 2.36189e-07
4.38899 1.4382 0 213.171 2.23766e-07
4.38899 1.4382 0 214.173 2.12022e-07
4.38899 1.4382 0 215.175 2.00918e-07
4.38899 1.4382 0 216.178 1.90418e-07
4.38899 1.4382 0 217.18 1.80486e-07
4.38899 1.4382 0 218.183 1.71091e-07
4.38899 1.4382 0 219.185 1.62202e-07
4.38899 1.4382 0 220.188 1.53791e-07
4.38899 1.4382 0 221.19 1.45831e-07
4.38899 1.4382 0 222.193 1.38295e-07
4.38899 1.4382 0 223.195 1.31162e-07
4.38899 1.4382 0 224.198 1.24408e-07
4.38899 1.4382 0 225.2 1.18012e-07
4.38899 1.4382 0 226.203 1.11955e-07
4.38899 1.4382 0 227.205 1.06218e-07
4.38899 1.4382 0 228.208 1.00783e-07
4.38899 1.4382 0 229.21 9.56343e-08
4.38899 1.4382 0 230.212 9.07555e-08
4.38899 1.4382 0 231.215 8.61322e-08
4.38899 1.4382 0 232.217 8.17505e-08
4.38899 1.4382 0 233.22 7.75975e-08
4.38899 1.4382 0 234.222 7.36606e-08
4.38899 1.4382 0 235.225 6.99284e-08
4.38899 1.4382 0 236.227 6.63899e-08
4.38899 1.4382 0 237.23 6.30346e-08
4.38899 1.4382 0 238.232 5.98528e-08
4.38899 1.4382 0 239.235 5.68352e-08
4.38899 1.4382 0 240.237 5.39731e-08
4.38899 1.4382 0 241.24 5.12583e-08
4.38899 1.4382 0 242.242 4.8683e-08
4.38899 1.4382 0 243.245 4.62397e-08
4.38899 1.4382 0 244.247 4.39216e-08
4.38899 1.4382 0 245.25 4.1722e-08
4.38899 1.4382 0 246.252 3.96348e-08
4.38899 1.4382 0 247.254 3.7654e-08
4.38899 1.4382 0 248.257 3.5774e-08
4.38899 1.4382 0 249.259 3.39897e-08
4.38899 1.4382 0 250.262 3.22961e-08
4.38899 1.4382 0 251.264 3.06883e-08
4.38899 1.4382 0 252.267 2.9162e-08
4.38899 1.4382 0 253.269 2.77129e-08
4.38899 1.4382 0 254.272 2.63371e-08
4.38899 1.4382 0 255.274 2.50307e-08
4.38899 1.4382 0 256.277 2.37902e-08
4.38899 1.4382 0 257.279 2.26122e-08
4.38899 1.4382 0 258.282 2.14934e-08
4.38899 1.4382 0 259.284 2.04309e-08
4.38899 1.4382 0 260.287 1.94217e-08
4.38899 1.4382 0 261.289 1.84631e-08
4.38899 1.4382 0 262.291 1.75526e-08
4.38899 1.4382 0 263.294 1.66876e-08
4.38899 1.4382 0 264.296 1.58658e-08
4.38899 1.4382 0 265.299 1.50851e-08
4.38899 1.4382 0 266.301 1.43434e-08
4.38899 1.4382 0 267.304 1.36386e-08
4.38899 1.4382 0 268.306 1.29689e-08
4.38899 1.4382 0 269.309 1.23326e-08
4.38899 1.4382 0 270.311 1.17279e-08
4.38899 1.4382 0 271.314 1.11532e-08
4.38899 1.4382 0 272.316 1.06071e-08
4.38899 1.4382 0 273.319 1.0088e-08
4.38899 1.4382 0 274.321 9.59464e-09
4.38899 1.4382 0 275.324 9.12571e-09
4.38899 1.4382 0 276.326 8.67998e-09
4.38899 1.4382 0 277.329 8.25628e-09
4.38899 1.4382 0 278.331 7.8535e-09
4.38899 1.4382 0 279.333 7.47061e-09
4.38899 1.4382 0 280.336 7.10659e-09
4.38899 1.4382 0 281.338 6.76051e-09
4.38899 1.4382 0 282.341 6.43147e-09
4.38899 1.4382 0 283.343 6.11862e-09
4.38899 1.4382 0 284.346 5.82115e-09
4.38899 1.4382 0 285.348 5.5383e-09
4.38899 1.4382 0 286.351 5.26934e-09
4.38899 1.4382 0 287.353 5.01358e-09
4.38899 1.4382 0 288.356 4.77035e-09
4.38899 1.4382 0 289.358 4.53905e-09
4.38899 1.4382 0 290.361 4.31907e-09
4.38899 1.4382 0 291.363 4.10986e-09
4.38899 1.4382 0 292.366 3.91088e-09
4.38899 1.4382 0 293.368 3.72163e-09
4.38899 1.4382 0 294.37 3.54162e-09
4.38899 1.4382 0 295.373 3.3704e-09
4.38899 1.4382 0 296.375 3.20753e-09
4.38899 1.4382 0 297.378 3.05261e-09
4.38899 1.4382 0 298.38 2.90523e-09
4.38899 1.4382 0 299.383 2.76503e-09
4.38899 1.4382 0 300.385 2.63166e-09
4.38899 1.4382 0 301.388 2.50478e-09
4.38899 1.4382 0 302.39 2.38407e-09
4.38899 1.4382 0 303.393 2.26922e-09
4.38899 1.4382 0 304.395 2.15995e-09
4.38899 1.4382 0 305.398 2.05599e-09
4.38899 1.4382 0 306.4 1.95707e-09
4.38899 1.4382 0 307.403 1.86295e-09
4.38899 1.4382 0 308.405 1.77339e-09
4.38899 1.4382 0 309.408 1.68817e-09
4.38899 1.4382 0 310.41 1.60708e-09
4.38899 1.4382 0 311.412 1.52992e-09
4.38899 1.4382 0 312.415 1.45648e-09
4.38899 1.4382 0 313.417 1.3866e-09
4.38899 1.4382 0 314.42 1.3201e-09
4.38899 1.4382 0 315.422 1.2568e-09
4.38899 1.4382 0 316.425 1.19657e-09
4.38899 1.4382 0 317.427 1.13924e-09
4.38899 1.4382 0 318.43 1.08468e-09
4.38899 1.4382 0 319.432 1.03275e-09
4.38899 1.4382 0 320.435 9.83324e-10
4.38899 1.4382 0 321.437 9.3628e-10
4.38899 1.4382 0 322.44 8.91501e-10
4.38899 1.4382 0 323.442 8.48878e-10
4.38899 1.4382 0 324.445 8.08306e-10
4.38899 1.4382 0 325.447 7.69687e-10
4.38899 1.4382 0 326.449 7.32924e-10
4.38899 1.4382 0 327.452 6.97929e-10
4.38899 1.4382 0 328.454 6.64615e-10
4.38899 1.4382 0 329.457 6.32901e-10
4.38899 1.4382 0 330.459 6.0271e-10
4.38899 1.4382 0 331.462 5.73968e-10
4.38899 1.4382 0 332.464 5.46605e-10
4.38899 1.4382 0 333.467 5.20554e-10
4.38899 1.4382 0 334.469 4.95753e-10
4.38899 1.4382 0 335.472 4.7214e-10
4.38899 1.4382 0 336.474 4.49658e-10
4.38899 1.4382 0 337.477 4.28253e-10
4.38899 1.4382 0 338.479 4.07872e-10
4.38899 1.4382 0 339.482 3.88467e-10
4.38899 1.4382 0 340.484 3.69991e-10
4.38899 1.4382 0 341.487 3.52398e-10
4.38899 1.4382 0 342.489 3.35646e-10
4.38899 1.4382 0 343.491 3.19695e-10
4.38899 1.4382 0 344.494 3.04506e-10
4.38899 1.4382 0 345.496 2.90043e-10
4.38899 1.4382 0 346.499 2.7627e-10
4.38899 1.4382 0 347.501 2.63154e-10
4.38899 1.4382 0 348.504 2.50665e-10
4.38899 1.4382 0 349.506 2.38771e-10
4.38899 1.4382 0 350.509 2.27444e-10
4.38899 1.4382 0 351.511 2.16658e-10
4.38899 1.4382 0 352.514 2.06385e-10
4.38899 1.4382 0 353.516 1.96602e-10
4.38899 1.4382 0 354.519 1.87285e-10
4.38899 1.4382 0 355.521 1.78412e-10
4.38899 1.4382 0 356.524 1.69961e-10
4.38899 1.4382 0 357.526 1.61912e-10
4.38899 1.4382 0 358.528 1.54246e-10
4.38899 1.4382 0 359.531 1.46945e-10
4.38899 1.4382 0 360.533 1.39991e-10
4.38899 1.4382 0 361.536 1.33368e-10
4.38899 1.4382 0 362.538 1.27059e-10
4.38899 1.4382 0 363.541 1.2105e-10
4.38899 1.4382 0 364.543 1.15327e-10
4.38899 1.4382 0 365.546 1.09875e-10
4.38899 1.4382 0 366.548 1.04682e-10
4.38899 1.4382 0 367.551 9.97361e-11
4.38899 1.4382 0 368.553 9.50245e-11
4.38899 1.4382 0 369.556 9.05364e-11
4.38899 1.4382 0 370.558 8.62612e-11
4.38899 1.4382 0 371.561 8.21887e-11
4.38899 1.4382 0 372.563 7.83093e-11
4.38899 1.4382 0 373.566 7.46137e-11
4.38899 1.4382 0 374.568 7.10933e-11
4.38899 1.4382 0 375.57 6.77396e-11
4.38899 1.4382 0 376.573 6.45448e-11
4.38899 1.4382 0 377.575 6.15012e-11
4.38899 1.4382 0 378.578 5.86017e-11
4.38899 1.4382 0 379.58 5.58394e-11
4.38899 1.4382 0 380.583 5.32079e-11
4.38899 1.4382 0 381.585 5.07008e-11
4.38899 1.4382 0 382.588 4.83123e-11
4.38899 1.4382 0 383.59 4.60368e-11
4.38899 1.4382 0 384.593 4.38688e-11
4.38899 1.4382 0 385.595 4.18033e-11
4.38899 1.4382 0 386.598 3.98354e-11
4.38899 1.4382 0 387.6 3.79605e-11
4.38899 1.4382 0 388.603 3.61741e-11
4.38899 1.4382 0 389.605 3.44721e-11
4.38899 1.4382 0 390.607 3.28505e-11
4.38899 1.4382 0 391.61 3.13054e-11
4.38899 1.4382 0 392.612 2.98333e-11
4.38899 1.4382 0 393.615 2.84306e-11
4.38899 1.4382 0 394.617 2.70941e-11
4.38899 1.4382 0 395.62 2.58206e-11
4.38899 1.4382 0 396.622 2.46072e-11
4.38899 1.4382 0 397.625 2.3451e-11
4.38899 1.4382 0 398.627 2.23493e-11
4.38899 1.4382 0 399.63 2.12995e-11
4.38899 1.4382 0 400.632 2.02992e-11
4.38899 1.4382 0 401.635 1.93461e-11
4.38899 1.4382 0 402.637 1.84378e-11
4.38899 1.4382 0 403.64 1.75723e-11
4.38899 1.4382 0 404.642 1.67476e-11
4.38899 1.4382 0 405.645 1.59616e-11
4.38899 1.4382 0 406.647 1.52127e-11
4.38899 1.4382 0 407.649 1.44991e-11
4.38899 1.4382 0 408.652 1.3819e-11
4.38899 1.4382 0 409.654 1.31709e-11
4.38899 1.4382 0 410.657 1.25533e-11
4.38899 1.4382 0 411.659 1.19647e-11
4.38899 1.4382 0 412.662 1.14038e-11
4.38899 1.4382 0 413.664 1.08693e-11
4.38899 1.4382 0 414.667 1.036e-11
4.38899 1.4382 0 415.669 9.87451e-12
4.38899 1.4382 0 416.672 9.41187e-12
4.38899 1.4382 0 417.674 8.97098e-12
4.38899 1.4382 0 418.677 8.55079e-12
4.38899 1.4382 0 419.679 8.15035e-12
4.38899 1.4382 0 420.682 7.7687e-12
4.38899 1.4382 0 421.684 7.40498e-12
4.38899 1.4382 0 422.686 7.05834e-12
4.38899 1.4382 0 423.689 6.72796e-12
4.38899 1.4382 0 424.691 6.41309e-12
4.38899 1.4382 0 425.694 6.11299e-12
4.38899 1.4382 0 426.696 5.82698e-12
4.38899 1.4382 0 427.699 5.55438e-12
4.38899 1.4382 0 428.701 5.29457e-12
4.38899 1.4382 0 429.704 5.04694e-12
4.38899 1.4382 0 430.706 4.81093e-12
4.38899 1.4382 0 431.709 4.58598e-12
4.38899 1.4382 0 432.711 4.37157e-12
4.38899 1.4382 0 433.714 4.16722e-12
4.38899 1.4382 0 434.716 3.97244e-12
4.38899 1.4382 0 435.719 3.78678e-12
4.38899 1.4382 0 436.721 3.60983e-12
4.38899 1.4382 0 437.724 3.44116e-12
4.38899 1.4382 0 438.726 3.2804e-12
4.38899 1.4382 0 439.728 3.12716e-12
4.38899 1.4382 0 440.731 2.9811e-12
4.38899 1.4382 0 441.733 2.84188e-12
4.38899 1.4382 0 442.736 2.70917e-12
4.38899 1.4382 0 443.738 2.58268e-12
4.38899 1.4382 0 444.741 2.4621e-12
4.38899 1.4382 0 445.743 2.34717e-12
4.38899 1.4382 0 446.746 2.23761e-12
4.38899 1.4382 0 447.748 2.13318e-12
4.38899 1.4382 0 448.751 2.03364e-12
4.38899 1.4382 0 449.753 1.93875e-12
4.38899 1.4382 0 450.756 1.8483e-12
4.38899 1.4382 0 451.758 1.76207e-12
4.38899 1.4382 0 452.761 1.67988e-12
4.38899 1.4382 0 453.763 1.60153e-12
4.38899 1.4382 0 454.765 1.52685e-12
4.38899 1.4382 0 455.768 1.45565e-12
4.38899 1.4382 0 456.77 1.38778e-12
4.38899 1.4382 0 457.773 1.32308e-12
4.38899 1.4382 0 458.775 1.2614e-12
4.38899 1.4382 0 459.778 1.20261e-12
4.38899 1.4382 0 460.78 1.14656e-12
4.38899 1.4382 0 461.783 1.09313e-12
4.38899 1.4382 0 462.785 1.04219e-12
4.38899 1.4382 0 463.788 9.93635e-13
4.38899 1.4382 0 464.79 9.47344e-13
4.38899 1.4382 0 465.793 9.03214e-13
4.38899 1.4382 0 466.795 8.61144e-13
4.38899 1.4382 0 467.798 8.21037e-13
4.38899 1.4382 0 468.8 7.82802e-13
4.38899 1.4382 0 469.803 7.46351e-13
4.38899 1.4382 0 470.805 7.116e-13
4.38899 1.4382 0 471.807 6.78471e-13
4.38899 1.4382 0 472.81 6.46887e-13
4.38899 1.4382 0 473.812 6.16776e-13
4.38899 1.4382 0 474.815 5.88069e-13
4.38899 1.4382 0 475.817 5.60701e-13
4.38899 1.4382 0 476.82 5.34609e-13
4.38899 1.4382 0 477.822 5.09733e-13
4.38899 1.4382 0 478.825 4.86017e-13
4.38899 1.4382 0 479.827 4.63407e-13
4.38899 1.4382 0 480.83 4.4185e-13
4.38899 1.4382 0 481.832 4.21298e-13
4.38899 1.4382 0 482.835 4.01703e-13
4.38899 1.4382 0 483.837 3.83022e-13
4.38899 1.4382 0 484.84 3.6521e-13
4.38899 1.4382 0 485.842 3.48229e-13
4.38899 1.4382 0 486.844 3.32038e-13
4.38899 1.4382 0 487.847 3.16602e-13
4.38899 1.4382 0 488.849 3.01884e-13
4.38899 1.4382 0 489.852 2.87852e-13
4.38899 1.4382 0 490.854 2.74473e-13
4.38899 1.4382 0 491.857 2.61717e-13
4.38899 1.4382 0 492.859 2.49555e-13
4.38899 1.4382 0 493.862 2.37959e-13
4.38899 1.4382 0 494.864 2.26903e-13
4.38899 1.4382 0 495.867 2.16361e-13
4.38899 1.4382 0 496.869 2.0631e-13
4.38899 1.4382 0 497.872 1.96726e-13
4.38899 1.4382 0 498.874 1.87588e-13
4.38899 1.4382 0 499.877 1.78876e-13
4.38899 1.4382 0 500.879 1.70569e-13
4.38899 1.4382 0 501.882 1.62648e-13
4.38899 1.4382 0 502.884 1.55096e-13
4.38899 1.4382 0 503.886 1.47894e-13
4.38899 1.4382 0 504.889 1.41028e-13
4.38899 1.4382 0 505.891 1.34481e-13
4.38899 1.4382 0 506.894 1.28238e-13
4.38899 1.4382 0 507.896 1.22286e-13
4.38899 1.4382 0 508.899 1.1661e-13
4.38899 1.4382 0 509.901 1.11199e-13
4.38899 1.4382 0 510.904 1.06038e-13
4.38899 1.4382 0 511.906 1.01118e-13
4.38899 1.4382 0 512.909 9.64259e-14
4.38899 1.4382 0 513.911 9.19521e-14
4.38899 1.4382 0 514.914 8.76862e-14
4.38899 1.4382 0 515.916 8.36185e-14
4.38899 1.4382 0 516.919 7.97397e-14
4.38899 1.4382 0 517.921 7.60411e-14
4.38899 1.4382 0 518.923 7.25143e-14
4.38899 1.4382 0 519.926 6.91514e-14
4.38899 1.4382 0 520.928 6.59446e-14
4.38899 1.4382 0 521.931 6.28867e-14
4.38899 1.4382 0 522.933 5.99708e-14
4.38899 1.4382 0 523.936 5.71903e-14
4.38899 1.4382 0 524.938 5.45389e-14
4.38899 1.4382 0 525.941 5.20106e-14
4.38899 1.4382 0 526.943 4.95997e-14
4.38899 1.4382 0 527.946 4.73006e-14
4.38899 1.4382 0 528.948 4.51083e-14
4.38899 1.4382 0 529.951 4.30177e-14
4.38899 1.4382 0 530.953 4.10242e-14
4.38899 1.4382 0 531.956 3.91231e-14
4.38899 1.4382 0 532.958 3.73103e-14
4.38899 1.4382 0 533.961 3.55816e-14
4.38899 1.4382 0 534.963 3.3933e-14
4.38899 1.4382 0 535.965 3.2361e-14
4.38899 1.4382 0 536.968 3.08619e-14
4.38899 1.4382 0 537.97 2.94323e-14
4.38899 1.4382 0 538.973 2.8069e-14
4.38899 1.4382 0 539.975 2.67689e-14
4.38899 1.4382 0 540.978 2.55292e-14
4.38899 1.4382 0 541.98 2.43469e-14
4.38899 1.4382 0 542.983 2.32194e-14
4.38899 1.4382 0 543.985 2.21442e-14
4.38899 1.4382 0 544.988 2.11189e-14
4.38899 1.4382 0 545.99 2.01411e-14
4.38899 1.4382 0 546.993 1.92086e-14
4.38899 1.4382 0 547.995 1.83194e-14
4.38899 1.4382 0 548.998 1.74714e-14
4.38899 1.4382 0 550 1.66626e-14

