1.89221 1.4382 200 150.015 1.53846e-05
1.89221 1.4382 200 151.017 2.76844e-05
1.89221 1.4382 200 152.02 2.82287e-05
1.89221 1.4382 200 153.022 2.73574e-05
1.89221 1.4382 200 154.025 2.63982e-05
1.89221 1.4382 200 155.027 2.54719e-05
1.89221 1.4382 200 156.03 2.45868e-05
1.89221 1.4382 200 157.032 2.37409e-05
1.89221 1.4382 200 158.035 2.29316e-05
1.89221 1.4382 200 159.037 2.21566e-05
1.89221 1.4382 200 160.04 2.14138e-05
1.89221 1.4382 200 161.042 2.07015e-05
1.89221 1.4382 200 162.045 2.00178e-05
1.89221 1.4382 200 163.047 1.93614e-05
1.89221 1.4382 200 164.05 1.87308e-05
1.89221 1.4382 200 165.052 1.81246e-05
1.89221 1.4382 200 166.054 1.75417e-05
1.89221 1.4382 200 167.057 1.6981e-05
1.89221 1.4382 200 168.059 1.64413e-05
1.89221 1.4382 200 169.062 1.59217e-05
1.89221 1.4382 200 170.064 1.54212e-05
1.89221 1.4382 200 171.067 1.4939e-05
1.89221 1.4382 200 172.069 1.44743e-05
1.89221 1.4382 200 173.072 1.40262e-05
1.89221 1.4382 200 174.074 1.3594e-05
1.89221 1.4382 200 175.077 1.31772e-05
1.89221 1.4382 200 176.079 1.27749e-05
1.89221 1.4382 200 177.082 1.23866e-05
1.89221 1.4382 200 178.084 1.20117e-05
1.89221 1.4382 200 179.087 1.16496e-05
1.89221 1.4382 200 180.089 1.12999e-05
1.89221 1.4382 200 181.092 1.0962e-05
1.89221 1.4382 200 182.094 1.06354e-05
1.89221 1.4382 200 183.096 1.03198e-05
1.89221 1.4382 200 184.099 1.00146e-05
1.89221 1.4382 200 185.101 9.71946e-06
1.89221 1.4382 200 186.104 9.43402e-06
1.89221 1.4382 200 187.106 9.15788e-06
1.89221 1.4382 200 188.109 8.8907e-06
1.89221 1.4382 200 189.111 8.63215e-06
1.89221 1.4382 200 190.114 8.38188e-06
1.89221 1.4382 200 191.116 8.13961e-06
1.89221 1.4382 200 192.119 7.90504e-06
1.89221 1.4382 200 193.121 7.67789e-06
1.89221 1.4382 200 194.124 7.45788e-06
1.89221 1.4382 200 195.126 7.24477e-06
1.89221 1.4382 200 196.129 7.03831e-06
1.89221 1.4382 200 197.131 6.83826e-06
1.89221 1.4382 200 198.133 6.6444e-06
1.89221 1.4382 200 199.136 6.4565e-06
1.89221 1.4382 200 200.138 6.27438e-06
1.89221 1.4382 200 201.141 6.09781e-06
1.89221 1.4382 200 202.143 5.92663e-06
1.89221 1.4382 200 203.146 5.76063e-06
1.89221 1.4382 200 204.148 5.59965e-06
1.89221 1.4382 200 205.151 5.44351e-06
1.89221 1.4382 200 206.153 5.29206e-06
1.89221 1.4382 200 207.156 5.14514e-06
1.89221 1.4382 200 208.158 5.0026e-06
1.89221 1.4382 200 209.161 4.86429e-06
1.89221 1.4382 200 210.163 4.73007e-06
1.89221 1.4382 200 211.166 4.59982e-06
1.89221 1.4382 200 212.168 4.4734e-06
1.89221 1.4382 200 213.171 4.35069e-06
1.89221 1.4382 200 214.173 4.23156e-06
1.89221 1.4382 200 215.175 4.11591e-06
1.89221 1.4382 200 216.178 4.00363e-06
1.89221 1.4382 200 217.18 3.8946e-06
1.89221 1.4382 200 218.183 3.78872e-06
1.89221 1.4382 200 219.185 3.6859e-06
1.89221 1.4382 200 220.188 3.58604e-06
1.89221 1.4382 200 221.19 3.48904e-06
1.89221 1.4382 200 222.193 3.39482e-06
1.89221 1.4382 200 223.195 3.30329e-06
1.89221 1.4382 200 224.198 3.21437e-06
1.89221 1.4382 200 225.2 3.12798e-06
1.89221 1.4382 200 226.203 3.04403e-06
1.89221 1.4382 200 227.205 2.96246e-06
1.89221 1.4382 200 228.208 2.8832e-06
1.89221 1.4382 200 229.21 2.80616e-06
1.89221 1.4382 200 230.212 2.73129e-06
1.89221 1.4382 200 231.215 2.65852e-06
1.89221 1.4382 200 232.217 2.58779e-06
1.89221 1.4382 200 233.22 2.51904e-06
1.89221 1.4382 200 234.222 2.4522e-06
1.89221 1.4382 200 235.225 2.38721e-06
1.89221 1.4382 200 236.227 2.32404e-06
1.89221 1.4382 200 237.23 2.26261e-06
1.89221 1.4382 200 238.232 2.20289e-06
1.89221 1.4382 200 239.235 2.14481e-06
1.89221 1.4382 200 240.237 2.08834e-06
1.89221 1.4382 200 241.24 2.03341e-06
1.89221 1.4382 200 242.242 1.98e-06
1.89221 1.4382 200 243.245 1.92805e-06
1.89221 1.4382 200 244.247 1.87752e-06
1.89221 1.4382 200 245.25 1.82838e-06
1.89221 1.4382 200 246.252 1.78057e-06
1.89221 1.4382 200 247.254 1.73407e-06
1.89221 1.4382 200 248.257 1.68883e-06
1.89221 1.4382 200 249.259 1.64482e-06
1.89221 1.4382 200 250.262 1.602e-06
1.89221 1.4382 200 251.264 1.56035e-06
1.89221 1.4382 200 252.267 1.51981e-06
1.89221 1.4382 200 253.269 1.48038e-06
1.89221 1.4382 200 254.272 1.442e-06
1.89221 1.4382 200 255.274 1.40466e-06
1.89221 1.4382 200 256.277 1.36832e-06
1.89221 1.4382 200 257.279 1.33296e-06
1.89221 1.4382 200 258.282 1.29854e-06
1.89221 1.4382 200 259.284 1.26505e-06
1.89221 1.4382 200 260.287 1.23245e-06
1.89221 1.4382 200 261.289 1.20072e-06
1.89221 1.4382 200 262.291 1.16983e-06
1.89221 1.4382 200 263.294 1.13977e-06
1.89221 1.4382 200 264.296 1.11051e-06
1.89221 1.4382 200 265.299 1.08203e-06
1.89221 1.4382 200 266.301 1.0543e-06
1.89221 1.4382 200 267.304 1.0273e-06
1.89221 1.4382 200 268.306 1.00102e-06
1.89221 1.4382 200 269.309 9.75436e-07
1.89221 1.4382 200 270.311 9.50526e-07
1.89221 1.4382 200 271.314 9.26272e-07
1.89221 1.4382 200 272.316 9.02658e-07
1.89221 1.4382 200 273.319 8.79665e-07
1.89221 1.4382 200 274.321 8.57276e-07
1.89221 1.4382 200 275.324 8.35475e-07
1.89221 1.4382 200 276.326 8.14245e-07
1.89221 1.4382 200 277.329 7.93572e-07
1.89221 1.4382 200 278.331 7.73439e-07
1.89221 1.4382 200 279.333 7.53833e-07
1.89221 1.4382 200 280.336 7.34739e-07
1.89221 1.4382 200 281.338 7.16143e-07
1.89221 1.4382 200 282.341 6.98031e-07
1.89221 1.4382 200 283.343 6.80391e-07
1.89221 1.4382 200 284.346 6.6321e-07
1.89221 1.4382 200 285.348 6.46475e-07
1.89221 1.4382 200 286.351 6.30175e-07
1.89221 1.4382 200 287.353 6.14297e-07
1.89221 1.4382 200 288.356 5.98831e-07
1.89221 1.4382 200 289.358 5.83765e-07
1.89221 1.4382 200 290.361 5.69088e-07
1.89221 1.4382 200 291.363 5.54791e-07
1.89221 1.4382 200 292.366 5.40863e-07
1.89221 1.4382 200 293.368 5.27294e-07
1.89221 1.4382 200 294.37 5.14074e-07
1.89221 1.4382 200 295.373 5.01195e-07
1.89221 1.4382 200 296.375 4.88647e-07
1.89221 1.4382 200 297.378 4.76422e-07
1.89221 1.4382 200 298.38 4.6451e-07
1.89221 1.4382 200 299.383 4.52905e-07
1.89221 1.4382 200 300.385 4.41596e-07
1.89221 1.4382 200 301.388 4.30577e-07
1.89221 1.4382 200 302.39 4.19841e-07
1.89221 1.4382 200 303.393 4.09378e-07
1.89221 1.4382 200 304.395 3.99183e-07
1.89221 1.4382 200 305.398 3.89249e-07
1.89221 1.4382 200 306.4 3.79567e-07
1.89221 1.4382 200 307.403 3.70133e-07
1.89221 1.4382 200 308.405 3.60939e-07
1.89221 1.4382 200 309.408 3.51978e-07
1.89221 1.4382 200 310.41 3.43246e-07
1.89221 1.4382 200 311.412 3.34735e-07
1.89221 1.4382 200 312.415 3.26441e-07
1.89221 1.4382 200 313.417 3.18357e-07
1.89221 1.4382 200 314.42 3.10478e-07
1.89221 1.4382 200 315.422 3.02798e-07
1.89221 1.4382 200 316.425 2.95313e-07
1.89221 1.4382 200 317.427 2.88018e-07
1.89221 1.4382 200 318.43 2.80906e-07
1.89221 1.4382 200 319.432 2.73975e-07
1.89221 1.4382 200 320.435 2.67218e-07
1.89221 1.4382 200 321.437 2.60632e-07
1.89221 1.4382 200 322.44 2.54212e-07
1.89221 1.4382 200 323.442 2.47953e-07
1.89221 1.4382 200 324.445 2.41852e-07
1.89221 1.4382 200 325.447 2.35905e-07
1.89221 1.4382 200 326.449 2.30107e-07
1.89221 1.4382 200 327.452 2.24454e-07
1.89221 1.4382 200 328.454 2.18944e-07
1.89221 1.4382 200 329.457 2.13572e-07
1.89221 1.4382 200 330.459 2.08334e-07
1.89221 1.4382 200 331.462 2.03228e-07
1.89221 1.4382 200 332.464 1.9825e-07
1.89221 1.4382 200 333.467 1.93396e-07
1.89221 1.4382 200 334.469 1.88663e-07
1.89221 1.4382 200 335.472 1.84049e-07
1.89221 1.4382 200 336.474 1.7955e-07
1.89221 1.4382 200 337.477 1.75164e-07
1.89221 1.4382 200 338.479 1.70886e-07
1.89221 1.4382 200 339.482 1.66716e-07
1.89221 1.4382 200 340.484 1.62649e-07
1.89221 1.4382 200 341.487 1.58684e-07
1.89221 1.4382 200 342.489 1.54817e-07
1.89221 1.4382 200 343.491 1.51046e-07
1.89221 1.4382 200 344.494 1.47369e-07
1.89221 1.4382 200 345.496 1.43784e-07
1.89221 1.4382 200 346.499 1.40287e-07
1.89221 1.4382 200 347.501 1.36877e-07
1.89221 1.4382 200 348.504 1.33552e-07
1.89221 1.4382 200 349.506 1.30309e-07
1.89221 1.4382 200 350.509 1.27146e-07
1.89221 1.4382 200 351.511 1.24062e-07
1.89221 1.4382 200 352.514 1.21054e-07
1.89221 1.4382 200 353.516 1.18121e-07
1.89221 1.4382 200 354.519 1.15259e-07
1.89221 1.4382 200 355.521 1.12469e-07
1.89221 1.4382 200 356.524 1.09747e-07
1.89221 1.4382 200 357.526 1.07093e-07
1.89221 1.4382 200 358.528 1.04504e-07
1.89221 1.4382 200 359.531 1.01978e-07
1.89221 1.4382 200 360.533 9.95154e-08
1.89221 1.4382 200 361.536 9.7113e-08
1.89221 1.4382 200 362.538 9.47696e-08
1.89221 1.4382 200 363.541 9.24839e-08
1.89221 1.4382 200 364.543 9.02544e-08
1.89221 1.4382 200 365.546 8.80796e-08
1.89221 1.4382 200 366.548 8.59581e-08
1.89221 1.4382 200 367.551 8.38888e-08
1.89221 1.4382 200 368.553 8.18702e-08
1.89221 1.4382 200 369.556 7.9901e-08
1.89221 1.4382 200 370.558 7.79801e-08
1.89221 1.4382 200 371.561 7.61062e-08
1.89221 1.4382 200 372.563 7.42782e-08
1.89221 1.4382 200 373.566 7.24949e-08
1.89221 1.4382 200 374.568 7.07552e-08
1.89221 1.4382 200 375.57 6.90579e-08
1.89221 1.4382 200 376.573 6.74022e-08
1.89221 1.4382 200 377.575 6.57868e-08
1.89221 1.4382 200 378.578 6.42109e-08
1.89221 1.4382 200 379.58 6.26734e-08
1.89221 1.4382 200 380.583 6.11733e-08
1.89221 1.4382 200 381.585 5.97098e-08
1.89221 1.4382 200 382.588 5.8282e-08
1.89221 1.4382 200 383.59 5.68888e-08
1.89221 1.4382 200 384.593 5.55296e-08
1.89221 1.4382 200 385.595 5.42034e-08
1.89221 1.4382 200 386.598 5.29095e-08
1.89221 1.4382 200 387.6 5.16469e-08
1.89221 1.4382 200 388.603 5.04151e-08
1.89221 1.4382 200 389.605 4.92131e-08
1.89221 1.4382 200 390.607 4.80402e-08
1.89221 1.4382 200 391.61 4.68958e-08
1.89221 1.4382 200 392.612 4.57792e-08
1.89221 1.4382 200 393.615 4.46895e-08
1.89221 1.4382 200 394.617 4.36263e-08
1.89221 1.4382 200 395.62 4.25888e-08
1.89221 1.4382 200 396.622 4.15764e-08
1.89221 1.4382 200 397.625 4.05884e-08
1.89221 1.4382 200 398.627 3.96243e-08
1.89221 1.4382 200 399.63 3.86835e-08
1.89221 1.4382 200 400.632 3.77655e-08
1.89221 1.4382 200 401.635 3.68695e-08
1.89221 1.4382 200 402.637 3.59952e-08
1.89221 1.4382 200 403.64 3.5142e-08
1.89221 1.4382 200 404.642 3.43093e-08
1.89221 1.4382 200 405.645 3.34967e-08
1.89221 1.4382 200 406.647 3.27036e-08
1.89221 1.4382 200 407.649 3.19297e-08
1.89221 1.4382 200 408.652 3.11743e-08
1.89221 1.4382 200 409.654 3.04371e-08
1.89221 1.4382 200 410.657 2.97176e-08
1.89221 1.4382 200 411.659 2.90155e-08
1.89221 1.4382 200 412.662 2.83301e-08
1.89221 1.4382 200 413.664 2.76613e-08
1.89221 1.4382 200 414.667 2.70084e-08
1.89221 1.4382 200 415.669 2.63713e-08
1.89221 1.4382 200 416.672 2.57494e-08
1.89221 1.4382 200 417.674 2.51424e-08
1.89221 1.4382 200 418.677 2.45499e-08
1.89221 1.4382 200 419.679 2.39716e-08
1.89221 1.4382 200 420.682 2.34072e-08
1.89221 1.4382 200 421.684 2.28562e-08
1.89221 1.4382 200 422.686 2.23185e-08
1.89221 1.4382 200 423.689 2.17936e-08
1.89221 1.4382 200 424.691 2.12812e-08
1.89221 1.4382 200 425.694 2.07811e-08
1.89221 1.4382 200 426.696 2.02929e-08
1.89221 1.4382 200 427.699 1.98163e-08
1.89221 1.4382 200 428.701 1.93511e-08
1.89221 1.4382 200 429.704 1.8897e-08
1.89221 1.4382 200 430.706 1.84538e-08
1.89221 1.4382 200 431.709 1.80211e-08
1.89221 1.4382 200 432.711 1.75987e-08
1.89221 1.4382 200 433.714 1.71863e-08
1.89221 1.4382 200 434.716 1.67838e-08
1.89221 1.4382 200 435.719 1.63908e-08
1.89221 1.4382 200 436.721 1.60072e-08
1.89221 1.4382 200 437.724 1.56326e-08
1.89221 1.4382 200 438.726 1.5267e-08
1.89221 1.4382 200 439.728 1.49101e-08
1.89221 1.4382 200 440.731 1.45616e-08
1.89221 1.4382 200 441.733 1.42214e-08
1.89221 1.4382 200 442.736 1.38893e-08
1.89221 1.4382 200 443.738 1.3565e-08
1.89221 1.4382 200 444.741 1.32485e-08
1.89221 1.4382 200 445.743 1.29394e-08
1.89221 1.4382 200 446.746 1.26376e-08
1.89221 1.4382 200 447.748 1.2343e-08
1.89221 1.4382 200 448.751 1.20554e-08
1.89221 1.4382 200 449.753 1.17745e-08
1.89221 1.4382 200 450.756 1.15003e-08
1.89221 1.4382 200 451.758 1.12326e-08
1.89221 1.4382 200 452.761 1.09712e-08
1.89221 1.4382 200 453.763 1.0716e-08
1.89221 1.4382 200 454.765 1.04668e-08
1.89221 1.4382 200 455.768 1.02235e-08
1.89221 1.4382 200 456.77 9.98591e-09
1.89221 1.4382 200 457.773 9.75393e-09
1.89221 1.4382 200 458.775 9.52742e-09
1.89221 1.4382 200 459.778 9.30625e-09
1.89221 1.4382 200 460.78 9.09028e-09
1.89221 1.4382 200 461.783 8.8794e-09
1.89221 1.4382 200 462.785 8.67348e-09
1.89221 1.4382 200 463.788 8.47241e-09
1.89221 1.4382 200 464.79 8.27607e-09
1.89221 1.4382 200 465.793 8.08434e-09
1.89221 1.4382 200 466.795 7.89711e-09
1.89221 1.4382 200 467.798 7.71428e-09
1.89221 1.4382 200 468.8 7.53575e-09
1.89221 1.4382 200 469.803 7.36141e-09
1.89221 1.4382 200 470.805 7.19116e-09
1.89221 1.4382 200 471.807 7.0249e-09
1.89221 1.4382 200 472.81 6.86254e-09
1.89221 1.4382 200 473.812 6.70398e-09
1.89221 1.4382 200 474.815 6.54914e-09
1.89221 1.4382 200 475.817 6.39793e-09
1.89221 1.4382 200 476.82 6.25025e-09
1.89221 1.4382 200 477.822 6.10604e-09
1.89221 1.4382 200 478.825 5.96519e-09
1.89221 1.4382 200 479.827 5.82764e-09
1.89221 1.4382 200 480.83 5.69331e-09
1.89221 1.4382 200 481.832 5.56212e-09
1.89221 1.4382 200 482.835 5.43399e-09
1.89221 1.4382 200 483.837 5.30885e-09
1.89221 1.4382 200 484.84 5.18664e-09
1.89221 1.4382 200 485.842 5.06727e-09
1.89221 1.4382 200 486.844 4.9507e-09
1.89221 1.4382 200 487.847 4.83684e-09
1.89221 1.4382 200 488.849 4.72563e-09
1.89221 1.4382 200 489.852 4.61702e-09
1.89221 1.4382 200 490.854 4.51093e-09
1.89221 1.4382 200 491.857 4.40732e-09
1.89221 1.4382 200 492.859 4.30612e-09
1.89221 1.4382 200 493.862 4.20728e-09
1.89221 1.4382 200 494.864 4.11073e-09
1.89221 1.4382 200 495.867 4.01643e-09
1.89221 1.4382 200 496.869 3.92432e-09
1.89221 1.4382 200 497.872 3.83435e-09
1.89221 1.4382 200 498.874 3.74648e-09
1.89221 1.4382 200 499.877 3.66064e-09
1.89221 1.4382 200 500.879 3.5768e-09
1.89221 1.4382 200 501.882 3.4949e-09
1.89221 1.4382 200 502.884 3.4149e-09
1.89221 1.4382 200 503.886 3.33676e-09
1.89221 1.4382 200 504.889 3.26043e-09
1.89221 1.4382 200 505.891 3.18587e-09
1.89221 1.4382 200 506.894 3.11303e-09
1.89221 1.4382 200 507.896 3.04189e-09
1.89221 1.4382 200 508.899 2.97239e-09
1.89221 1.4382 200 509.901 2.9045e-09
1.89221 1.4382 200 510.904 2.83818e-09
1.89221 1.4382 200 511.906 2.77339e-09
1.89221 1.4382 200 512.909 2.71011e-09
1.89221 1.4382 200 513.911 2.64828e-09
1.89221 1.4382 200 514.914 2.58788e-09
1.89221 1.4382 200 515.916 2.52888e-09
1.89221 1.4382 200 516.919 2.47125e-09
1.89221 1.4382 200 517.921 2.41494e-09
1.89221 1.4382 200 518.923 2.35993e-09
1.89221 1.4382 200 519.926 2.30619e-09
1.89221 1.4382 200 520.928 2.25369e-09
1.89221 1.4382 200 521.931 2.2024e-09
1.89221 1.4382 200 522.933 2.15229e-09
1.89221 1.4382 200 523.936 2.10334e-09
1.89221 1.4382 200 524.938 2.05552e-09
1.89221 1.4382 200 525.941 2.00879e-09
1.89221 1.4382 200 526.943 1.96314e-09
1.89221 1.4382 200 527.946 1.91855e-09
1.89221 1.4382 200 528.948 1.87497e-09
1.89221 1.4382 200 529.951 1.8324e-09
1.89221 1.4382 200 530.953 1.79081e-09
1.89221 1.4382 200 531.956 1.75018e-09
1.89221 1.4382 200 532.958 1.71047e-09
1.89221 1.4382 200 533.961 1.67168e-09
1.89221 1.4382 200 534.963 1.63379e-09
1.89221 1.4382 200 535.965 1.59676e-09
1.89221 1.4382 200 536.968 1.56058e-09
1.89221 1.4382 200 537.97 1.52523e-09
1.89221 1.4382 200 538.973 1.49069e-09
1.89221 1.4382 200 539.975 1.45694e-09
1.89221 1.4382 200 540.978 1.42396e-09
1.89221 1.4382 200 541.98 1.39175e-09
1.89221 1.4382 200 542.983 1.36027e-09
1.89221 1.4382 200 543.985 1.32951e-09
1.89221 1.4382 200 544.988 1.29945e-09
1.89221 1.4382 200 545.99 1.27008e-09
1.89221 1.4382 200 546.993 1.24138e-09
1.89221 1.4382 200 547.995 1.21334e-09
1.89221 1.4382 200 548.998 1.18595e-09
1.89221 1.4382 200 550 1.15917e-09
