4.91944 1.4382 0 150.015 1.26575e-05
4.91944 1.4382 0 151.017 2.04809e-05
4.91944 1.4382 0 152.02 1.82116e-05
4.91944 1.4382 0 153.022 1.57302e-05
4.91944 1.4382 0 154.025 1.38167e-05
4.91944 1.4382 0 155.027 1.22943e-05
4.91944 1.4382 0 156.03 1.10386e-05
4.91944 1.4382 0 157.032 9.97668e-06
4.91944 1.4382 0 158.035 9.06269e-06
4.91944 1.4382 0 159.037 8.26575e-06
4.91944 1.4382 0 160.04 7.56389e-06
4.91944 1.4382 0 161.042 6.94084e-06
4.91944 1.4382 0 162.045 6.38417e-06
4.91944 1.4382 0 163.047 5.88414e-06
4.91944 1.4382 0 164.05 5.43295e-06
4.91944 1.4382 0 165.052 5.02424e-06
4.91944 1.4382 0 166.054 4.65279e-06
4.91944 1.4382 0 167.057 4.3142e-06
4.91944 1.4382 0 168.059 4.00478e-06
4.91944 1.4382 0 169.062 3.72136e-06
4.91944 1.4382 0 170.064 3.46123e-06
4.91944 1.4382 0 171.067 3.22204e-06
4.91944 1.4382 0 172.069 3.00174e-06
4.91944 1.4382 0 173.072 2.79853e-06
4.91944 1.4382 0 174.074 2.61083e-06
4.91944 1.4382 0 175.077 2.43724e-06
4.91944 1.4382 0 176.079 2.27651e-06
4.91944 1.4382 0 177.082 2.12753e-06
4.91944 1.4382 0 178.084 1.98932e-06
4.91944 1.4382 0 179.087 1.86096e-06
4.91944 1.4382 0 180.089 1.74167e-06
4.91944 1.4382 0 181.092 1.6307e-06
4.91944 1.4382 0 182.094 1.52742e-06
4.91944 1.4382 0 183.096 1.43121e-06
4.91944 1.4382 0 184.099 1.34154e-06
4.91944 1.4382 0 185.101 1.25791e-06
4.91944 1.4382 0 186.104 1.17987e-06
4.91944 1.4382 0 187.106 1.10701e-06
4.91944 1.4382 0 188.109 1.03895e-06
4.91944 1.4382 0 189.111 9.7534e-07
4.91944 1.4382 0 190.114 9.15867e-07
4.91944 1.4382 0 191.116 8.60235e-07
4.91944 1.4382 0 192.119 8.08177e-07
4.91944 1.4382 0 193.121 7.59444e-07
4.91944 1.4382 0 194.124 7.13806e-07
4.91944 1.4382 0 195.126 6.71052e-07
4.91944 1.4382 0 196.129 6.30987e-07
4.91944 1.4382 0 197.131 5.9343e-07
4.91944 1.4382 0 198.133 5.58212e-07
4.91944 1.4382 0 199.136 5.25178e-07
4.91944 1.4382 0 200.138 4.94185e-07
4.91944 1.4382 0 201.141 4.65099e-07
4.91944 1.4382 0 202.143 4.37795e-07
4.91944 1.4382 0 203.146 4.12158e-07
4.91944 1.4382 0 204.148 3.8808e-07
4.91944 1.4382 0 205.151 3.65462e-07
4.91944 1.4382 0 206.153 3.4421e-07
4.91944 1.4382 0 207.156 3.24237e-07
4.91944 1.4382 0 208.158 3.05464e-07
4.91944 1.4382 0 209.161 2.87814e-07
4.91944 1.4382 0 210.163 2.71217e-07
4.91944 1.4382 0 211.166 2.55608e-07
4.91944 1.4382 0 212.168 2.40924e-07
4.91944 1.4382 0 213.171 2.2711e-07
4.91944 1.4382 0 214.173 2.14111e-07
4.91944 1.4382 0 215.175 2.01877e-07
4.91944 1.4382 0 216.178 1.90362e-07
4.91944 1.4382 0 217.18 1.79521e-07
4.91944 1.4382 0 218.183 1.69314e-07
4.91944 1.4382 0 219.185 1.59703e-07
4.91944 1.4382 0 220.188 1.50651e-07
4.91944 1.4382 0 221.19 1.42125e-07
4.91944 1.4382 0 222.193 1.34092e-07
4.91944 1.4382 0 223.195 1.26525e-07
4.91944 1.4382 0 224.198 1.19394e-07
4.91944 1.4382 0 225.2 1.12675e-07
4.91944 1.4382 0 226.203 1.06341e-07
4.91944 1.4382 0 227.205 1.00372e-07
4.91944 1.4382 0 228.208 9.47443e-08
4.91944 1.4382 0 229.21 8.94389e-08
4.91944 1.4382 0 230.212 8.44366e-08
4.91944 1.4382 0 231.215 7.97195e-08
4.91944 1.4382 0 232.217 7.52711e-08
4.91944 1.4382 0 233.22 7.10756e-08
4.91944 1.4382 0 234.222 6.71183e-08
4.91944 1.4382 0 235.225 6.33853e-08
4.91944 1.4382 0 236.227 5.98636e-08
4.91944 1.4382 0 237.23 5.6541e-08
4.91944 1.4382 0 238.232 5.3406e-08
4.91944 1.4382 0 239.235 5.04477e-08
4.91944 1.4382 0 240.237 4.7656e-08
4.91944 1.4382 0 241.24 4.50212e-08
4.91944 1.4382 0 242.242 4.25345e-08
4.91944 1.4382 0 243.245 4.01872e-08
4.91944 1.4382 0 244.247 3.79714e-08
4.91944 1.4382 0 245.25 3.58797e-08
4.91944 1.4382 0 246.252 3.39048e-08
4.91944 1.4382 0 247.254 3.20402e-08
4.91944 1.4382 0 248.257 3.02797e-08
4.91944 1.4382 0 249.259 2.86172e-08
4.91944 1.4382 0 250.262 2.70472e-08
4.91944 1.4382 0 251.264 2.55645e-08
4.91944 1.4382 0 252.267 2.41642e-08
4.91944 1.4382 0 253.269 2.28416e-08
4.91944 1.4382 0 254.272 2.15923e-08
4.91944 1.4382 0 255.274 2.04121e-08
4.91944 1.4382 0 256.277 1.92973e-08
4.91944 1.4382 0 257.279 1.82441e-08
4.91944 1.4382 0 258.282 1.72491e-08
4.91944 1.4382 0 259.284 1.6309e-08
4.91944 1.4382 0 260.287 1.54207e-08
4.91944 1.4382 0 261.289 1.45813e-08
4.91944 1.4382 0 262.291 1.37882e-08
4.91944 1.4382 0 263.294 1.30386e-08
4.91944 1.4382 0 264.296 1.23303e-08
4.91944 1.4382 0 265.299 1.16608e-08
4.91944 1.4382 0 266.301 1.10281e-08
4.91944 1.4382 0 267.304 1.043e-08
4.91944 1.4382 0 268.306 9.86475e-09
4.91944 1.4382 0 269.309 9.33042e-09
4.91944 1.4382 0 270.311 8.82531e-09
4.91944 1.4382 0 271.314 8.34782e-09
4.91944 1.4382 0 272.316 7.89641e-09
4.91944 1.4382 0 273.319 7.46964e-09
4.91944 1.4382 0 274.321 7.06615e-09
4.91944 1.4382 0 275.324 6.68465e-09
4.91944 1.4382 0 276.326 6.32394e-09
4.91944 1.4382 0 277.329 5.98287e-09
4.91944 1.4382 0 278.331 5.66036e-09
4.91944 1.4382 0 279.333 5.35538e-09
4.91944 1.4382 0 280.336 5.06697e-09
4.91944 1.4382 0 281.338 4.79423e-09
4.91944 1.4382 0 282.341 4.53629e-09
4.91944 1.4382 0 283.343 4.29235e-09
4.91944 1.4382 0 284.346 4.06162e-09
4.91944 1.4382 0 285.348 3.8434e-09
4.91944 1.4382 0 286.351 3.637e-09
4.91944 1.4382 0 287.353 3.44177e-09
4.91944 1.4382 0 288.356 3.2571e-09
4.91944 1.4382 0 289.358 3.08241e-09
4.91944 1.4382 0 290.361 2.91716e-09
4.91944 1.4382 0 291.363 2.76084e-09
4.91944 1.4382 0 292.366 2.61295e-09
4.91944 1.4382 0 293.368 2.47304e-09
4.91944 1.4382 0 294.37 2.34068e-09
4.91944 1.4382 0 295.373 2.21545e-09
4.91944 1.4382 0 296.375 2.09697e-09
4.91944 1.4382 0 297.378 1.98487e-09
4.91944 1.4382 0 298.38 1.8788e-09
4.91944 1.4382 0 299.383 1.77844e-09
4.91944 1.4382 0 300.385 1.68347e-09
4.91944 1.4382 0 301.388 1.59361e-09
4.91944 1.4382 0 302.39 1.50857e-09
4.91944 1.4382 0 303.393 1.42811e-09
4.91944 1.4382 0 304.395 1.35196e-09
4.91944 1.4382 0 305.398 1.2799e-09
4.91944 1.4382 0 306.4 1.2117e-09
4.91944 1.4382 0 307.403 1.14716e-09
4.91944 1.4382 0 308.405 1.08607e-09
4.91944 1.4382 0 309.408 1.02826e-09
4.91944 1.4382 0 310.41 9.73543e-10
4.91944 1.4382 0 311.412 9.21756e-10
4.91944 1.4382 0 312.415 8.72738e-10
4.91944 1.4382 0 313.417 8.26343e-10
4.91944 1.4382 0 314.42 7.82427e-10
4.91944 1.4382 0 315.422 7.40859e-10
4.91944 1.4382 0 316.425 7.01511e-10
4.91944 1.4382 0 317.427 6.64264e-10
4.91944 1.4382 0 318.43 6.29005e-10
4.91944 1.4382 0 319.432 5.95628e-10
4.91944 1.4382 0 320.435 5.64031e-10
4.91944 1.4382 0 321.437 5.34119e-10
4.91944 1.4382 0 322.44 5.05802e-10
4.91944 1.4382 0 323.442 4.78993e-10
4.91944 1.4382 0 324.445 4.53613e-10
4.91944 1.4382 0 325.447 4.29584e-10
4.91944 1.4382 0 326.449 4.06834e-10
4.91944 1.4382 0 327.452 3.85295e-10
4.91944 1.4382 0 328.454 3.64901e-10
4.91944 1.4382 0 329.457 3.45593e-10
4.91944 1.4382 0 330.459 3.27311e-10
4.91944 1.4382 0 331.462 3.1e-10
4.91944 1.4382 0 332.464 2.93609e-10
4.91944 1.4382 0 333.467 2.78089e-10
4.91944 1.4382 0 334.469 2.63393e-10
4.91944 1.4382 0 335.472 2.49477e-10
4.91944 1.4382 0 336.474 2.36299e-10
4.91944 1.4382 0 337.477 2.23821e-10
4.91944 1.4382 0 338.479 2.12005e-10
4.91944 1.4382 0 339.482 2.00815e-10
4.91944 1.4382 0 340.484 1.90218e-10
4.91944 1.4382 0 341.487 1.80182e-10
4.91944 1.4382 0 342.489 1.70679e-10
4.91944 1.4382 0 343.491 1.61678e-10
4.91944 1.4382 0 344.494 1.53155e-10
4.91944 1.4382 0 345.496 1.45082e-10
4.91944 1.4382 0 346.499 1.37437e-10
4.91944 1.4382 0 347.501 1.30196e-10
4.91944 1.4382 0 348.504 1.23338e-10
4.91944 1.4382 0 349.506 1.16843e-10
4.91944 1.4382 0 350.509 1.10691e-10
4.91944 1.4382 0 351.511 1.04864e-10
4.91944 1.4382 0 352.514 9.93454e-11
4.91944 1.4382 0 353.516 9.41181e-11
4.91944 1.4382 0 354.519 8.91669e-11
4.91944 1.4382 0 355.521 8.44771e-11
4.91944 1.4382 0 356.524 8.00349e-11
4.91944 1.4382 0 357.526 7.58271e-11
4.91944 1.4382 0 358.528 7.18413e-11
4.91944 1.4382 0 359.531 6.80658e-11
4.91944 1.4382 0 360.533 6.44894e-11
4.91944 1.4382 0 361.536 6.11016e-11
4.91944 1.4382 0 362.538 5.78924e-11
4.91944 1.4382 0 363.541 5.48523e-11
4.91944 1.4382 0 364.543 5.19724e-11
4.91944 1.4382 0 365.546 4.92442e-11
4.91944 1.4382 0 366.548 4.66597e-11
4.91944 1.4382 0 367.551 4.42113e-11
4.91944 1.4382 0 368.553 4.18918e-11
4.91944 1.4382 0 369.556 3.96943e-11
4.91944 1.4382 0 370.558 3.76125e-11
4.91944 1.4382 0 371.561 3.56403e-11
4.91944 1.4382 0 372.563 3.37718e-11
4.91944 1.4382 0 373.566 3.20015e-11
4.91944 1.4382 0 374.568 3.03244e-11
4.91944 1.4382 0 375.57 2.87354e-11
4.91944 1.4382 0 376.573 2.72299e-11
4.91944 1.4382 0 377.575 2.58036e-11
4.91944 1.4382 0 378.578 2.44521e-11
4.91944 1.4382 0 379.58 2.31717e-11
4.91944 1.4382 0 380.583 2.19585e-11
4.91944 1.4382 0 381.585 2.0809e-11
4.91944 1.4382 0 382.588 1.97199e-11
4.91944 1.4382 0 383.59 1.8688e-11
4.91944 1.4382 0 384.593 1.77102e-11
4.91944 1.4382 0 385.595 1.67837e-11
4.91944 1.4382 0 386.598 1.59058e-11
4.91944 1.4382 0 387.6 1.50739e-11
4.91944 1.4382 0 388.603 1.42857e-11
4.91944 1.4382 0 389.605 1.35388e-11
4.91944 1.4382 0 390.607 1.28311e-11
4.91944 1.4382 0 391.61 1.21604e-11
4.91944 1.4382 0 392.612 1.1525e-11
4.91944 1.4382 0 393.615 1.09228e-11
4.91944 1.4382 0 394.617 1.03521e-11
4.91944 1.4382 0 395.62 9.81136e-12
4.91944 1.4382 0 396.622 9.29893e-12
4.91944 1.4382 0 397.625 8.81333e-12
4.91944 1.4382 0 398.627 8.35315e-12
4.91944 1.4382 0 399.63 7.91706e-12
4.91944 1.4382 0 400.632 7.50379e-12
4.91944 1.4382 0 401.635 7.11215e-12
4.91944 1.4382 0 402.637 6.74101e-12
4.91944 1.4382 0 403.64 6.38927e-12
4.91944 1.4382 0 404.642 6.05594e-12
4.91944 1.4382 0 405.645 5.74004e-12
4.91944 1.4382 0 406.647 5.44065e-12
4.91944 1.4382 0 407.649 5.15692e-12
4.91944 1.4382 0 408.652 4.88802e-12
4.91944 1.4382 0 409.654 4.63318e-12
4.91944 1.4382 0 410.657 4.39165e-12
4.91944 1.4382 0 411.659 4.16274e-12
4.91944 1.4382 0 412.662 3.94579e-12
4.91944 1.4382 0 413.664 3.74017e-12
4.91944 1.4382 0 414.667 3.54529e-12
4.91944 1.4382 0 415.669 3.36059e-12
4.91944 1.4382 0 416.672 3.18554e-12
4.91944 1.4382 0 417.674 3.01962e-12
4.91944 1.4382 0 418.677 2.86236e-12
4.91944 1.4382 0 419.679 2.71331e-12
4.91944 1.4382 0 420.682 2.57204e-12
4.91944 1.4382 0 421.684 2.43814e-12
4.91944 1.4382 0 422.686 2.31122e-12
4.91944 1.4382 0 423.689 2.19093e-12
4.91944 1.4382 0 424.691 2.07691e-12
4.91944 1.4382 0 425.694 1.96883e-12
4.91944 1.4382 0 426.696 1.86639e-12
4.91944 1.4382 0 427.699 1.7693e-12
4.91944 1.4382 0 428.701 1.67726e-12
4.91944 1.4382 0 429.704 1.59002e-12
4.91944 1.4382 0 430.706 1.50733e-12
4.91944 1.4382 0 431.709 1.42895e-12
4.91944 1.4382 0 432.711 1.35465e-12
4.91944 1.4382 0 433.714 1.28422e-12
4.91944 1.4382 0 434.716 1.21746e-12
4.91944 1.4382 0 435.719 1.15418e-12
4.91944 1.4382 0 436.721 1.09419e-12
4.91944 1.4382 0 437.724 1.03733e-12
4.91944 1.4382 0 438.726 9.83423e-13
4.91944 1.4382 0 439.728 9.32327e-13
4.91944 1.4382 0 440.731 8.8389e-13
4.91944 1.4382 0 441.733 8.37975e-13
4.91944 1.4382 0 442.736 7.94449e-13
4.91944 1.4382 0 443.738 7.53188e-13
4.91944 1.4382 0 444.741 7.14074e-13
4.91944 1.4382 0 445.743 6.76995e-13
4.91944 1.4382 0 446.746 6.41844e-13
4.91944 1.4382 0 447.748 6.08522e-13
4.91944 1.4382 0 448.751 5.76933e-13
4.91944 1.4382 0 449.753 5.46987e-13
4.91944 1.4382 0 450.756 5.18597e-13
4.91944 1.4382 0 451.758 4.91684e-13
4.91944 1.4382 0 452.761 4.6617e-13
4.91944 1.4382 0 453.763 4.41982e-13
4.91944 1.4382 0 454.765 4.19051e-13
4.91944 1.4382 0 455.768 3.97312e-13
4.91944 1.4382 0 456.77 3.76702e-13
4.91944 1.4382 0 457.773 3.57164e-13
4.91944 1.4382 0 458.775 3.3864e-13
4.91944 1.4382 0 459.778 3.21079e-13
4.91944 1.4382 0 460.78 3.0443e-13
4.91944 1.4382 0 461.783 2.88645e-13
4.91944 1.4382 0 462.785 2.7368e-13
4.91944 1.4382 0 463.788 2.59493e-13
4.91944 1.4382 0 464.79 2.46042e-13
4.91944 1.4382 0 465.793 2.33289e-13
4.91944 1.4382 0 466.795 2.21198e-13
4.91944 1.4382 0 467.798 2.09735e-13
4.91944 1.4382 0 468.8 1.98867e-13
4.91944 1.4382 0 469.803 1.88563e-13
4.91944 1.4382 0 470.805 1.78794e-13
4.91944 1.4382 0 471.807 1.69531e-13
4.91944 1.4382 0 472.81 1.6075e-13
4.91944 1.4382 0 473.812 1.52423e-13
4.91944 1.4382 0 474.815 1.44529e-13
4.91944 1.4382 0 475.817 1.37044e-13
4.91944 1.4382 0 476.82 1.29947e-13
4.91944 1.4382 0 477.822 1.23219e-13
4.91944 1.4382 0 478.825 1.16839e-13
4.91944 1.4382 0 479.827 1.1079e-13
4.91944 1.4382 0 480.83 1.05054e-13
4.91944 1.4382 0 481.832 9.96164e-14
4.91944 1.4382 0 482.835 9.44602e-14
4.91944 1.4382 0 483.837 8.95713e-14
4.91944 1.4382 0 484.84 8.49358e-14
4.91944 1.4382 0 485.842 8.05405e-14
4.91944 1.4382 0 486.844 7.6373e-14
4.91944 1.4382 0 487.847 7.24214e-14
4.91944 1.4382 0 488.849 6.86746e-14
4.91944 1.4382 0 489.852 6.51218e-14
4.91944 1.4382 0 490.854 6.17531e-14
4.91944 1.4382 0 491.857 5.85589e-14
4.91944 1.4382 0 492.859 5.55301e-14
4.91944 1.4382 0 493.862 5.26582e-14
4.91944 1.4382 0 494.864 4.9935e-14
4.91944 1.4382 0 495.867 4.73528e-14
4.91944 1.4382 0 496.869 4.49044e-14
4.91944 1.4382 0 497.872 4.25826e-14
4.91944 1.4382 0 498.874 4.03811e-14
4.91944 1.4382 0 499.877 3.82936e-14
4.91944 1.4382 0 500.879 3.6314e-14
4.91944 1.4382 0 501.882 3.4437e-14
4.91944 1.4382 0 502.884 3.26571e-14
4.91944 1.4382 0 503.886 3.09693e-14
4.91944 1.4382 0 504.889 2.93688e-14
4.91944 1.4382 0 505.891 2.78512e-14
4.91944 1.4382 0 506.894 2.6412e-14
4.91944 1.4382 0 507.896 2.50474e-14
4.91944 1.4382 0 508.899 2.37533e-14
4.91944 1.4382 0 509.901 2.25261e-14
4.91944 1.4382 0 510.904 2.13625e-14
4.91944 1.4382 0 511.906 2.0259e-14
4.91944 1.4382 0 512.909 1.92126e-14
4.91944 1.4382 0 513.911 1.82202e-14
4.91944 1.4382 0 514.914 1.72792e-14
4.91944 1.4382 0 515.916 1.63869e-14
4.91944 1.4382 0 516.919 1.55407e-14
4.91944 1.4382 0 517.921 1.47382e-14
4.91944 1.4382 0 518.923 1.39773e-14
4.91944 1.4382 0 519.926 1.32556e-14
4.91944 1.4382 0 520.928 1.25713e-14
4.91944 1.4382 0 521.931 1.19223e-14
4.91944 1.4382 0 522.933 1.13069e-14
4.91944 1.4382 0 523.936 1.07232e-14
4.91944 1.4382 0 524.938 1.01698e-14
4.91944 1.4382 0 525.941 9.64488e-15
4.91944 1.4382 0 526.943 9.14712e-15
4.91944 1.4382 0 527.946 8.67508e-15
4.91944 1.4382 0 528.948 8.22742e-15
4.91944 1.4382 0 529.951 7.80289e-15
4.91944 1.4382 0 530.953 7.40029e-15
4.91944 1.4382 0 531.956 7.01848e-15
4.91944 1.4382 0 532.958 6.6564e-15
4.91944 1.4382 0 533.961 6.31301e-15
4.91944 1.4382 0 534.963 5.98735e-15
4.91944 1.4382 0 535.965 5.67851e-15
4.91944 1.4382 0 536.968 5.38562e-15
4.91944 1.4382 0 537.97 5.10785e-15
4.91944 1.4382 0 538.973 4.84442e-15
4.91944 1.4382 0 539.975 4.59459e-15
4.91944 1.4382 0 540.978 4.35765e-15
4.91944 1.4382 0 541.98 4.13295e-15
4.91944 1.4382 0 542.983 3.91985e-15
4.91944 1.4382 0 543.985 3.71774e-15
4.91944 1.4382 0 544.988 3.52606e-15
4.91944 1.4382 0 545.99 3.34428e-15
4.91944 1.4382 0 546.993 3.17188e-15
4.91944 1.4382 0 547.995 3.00837e-15
4.91944 1.4382 0 548.998 2.8533e-15
4.91944 1.4382 0 550 2.70623e-15

