1.31115 1.4382 0 150.015 3.25642e-06
1.31115 1.4382 0 151.017 5.89753e-06
1.31115 1.4382 0 152.02 6.0651e-06
1.31115 1.4382 0 153.022 5.92054e-06
1.31115 1.4382 0 154.025 5.7645e-06
1.31115 1.4382 0 155.027 5.61479e-06
1.31115 1.4382 0 156.03 5.4712e-06
1.31115 1.4382 0 157.032 5.33294e-06
1.31115 1.4382 0 158.035 5.19943e-06
1.31115 1.4382 0 159.037 5.07029e-06
1.31115 1.4382 0 160.04 4.94521e-06
1.31115 1.4382 0 161.042 4.82393e-06
1.31115 1.4382 0 162.045 4.70626e-06
1.31115 1.4382 0 163.047 4.59202e-06
1.31115 1.4382 0 164.05 4.48107e-06
1.31115 1.4382 0 165.052 4.37326e-06
1.31115 1.4382 0 166.054 4.26847e-06
1.31115 1.4382 0 167.057 4.16658e-06
1.31115 1.4382 0 168.059 4.0675e-06
1.31115 1.4382 0 169.062 3.97112e-06
1.31115 1.4382 0 170.064 3.87735e-06
1.31115 1.4382 0 171.067 3.78611e-06
1.31115 1.4382 0 172.069 3.69731e-06
1.31115 1.4382 0 173.072 3.61087e-06
1.31115 1.4382 0 174.074 3.52671e-06
1.31115 1.4382 0 175.077 3.44478e-06
1.31115 1.4382 0 176.079 3.36499e-06
1.31115 1.4382 0 177.082 3.28729e-06
1.31115 1.4382 0 178.084 3.21161e-06
1.31115 1.4382 0 179.087 3.13788e-06
1.31115 1.4382 0 180.089 3.06606e-06
1.31115 1.4382 0 181.092 2.99609e-06
1.31115 1.4382 0 182.094 2.9279e-06
1.31115 1.4382 0 183.096 2.86146e-06
1.31115 1.4382 0 184.099 2.79671e-06
1.31115 1.4382 0 185.101 2.73359e-06
1.31115 1.4382 0 186.104 2.67208e-06
1.31115 1.4382 0 187.106 2.61211e-06
1.31115 1.4382 0 188.109 2.55364e-06
1.31115 1.4382 0 189.111 2.49664e-06
1.31115 1.4382 0 190.114 2.44106e-06
1.31115 1.4382 0 191.116 2.38686e-06
1.31115 1.4382 0 192.119 2.33401e-06
1.31115 1.4382 0 193.121 2.28246e-06
1.31115 1.4382 0 194.124 2.23219e-06
1.31115 1.4382 0 195.126 2.18315e-06
1.31115 1.4382 0 196.129 2.13531e-06
1.31115 1.4382 0 197.131 2.08864e-06
1.31115 1.4382 0 198.133 2.04311e-06
1.31115 1.4382 0 199.136 1.99868e-06
1.31115 1.4382 0 200.138 1.95534e-06
1.31115 1.4382 0 201.141 1.91303e-06
1.31115 1.4382 0 202.143 1.87175e-06
1.31115 1.4382 0 203.146 1.83146e-06
1.31115 1.4382 0 204.148 1.79214e-06
1.31115 1.4382 0 205.151 1.75376e-06
1.31115 1.4382 0 206.153 1.71629e-06
1.31115 1.4382 0 207.156 1.67971e-06
1.31115 1.4382 0 208.158 1.644e-06
1.31115 1.4382 0 209.161 1.60913e-06
1.31115 1.4382 0 210.163 1.57509e-06
1.31115 1.4382 0 211.166 1.54185e-06
1.31115 1.4382 0 212.168 1.50939e-06
1.31115 1.4382 0 213.171 1.47768e-06
1.31115 1.4382 0 214.173 1.44672e-06
1.31115 1.4382 0 215.175 1.41648e-06
1.31115 1.4382 0 216.178 1.38694e-06
1.31115 1.4382 0 217.18 1.35809e-06
1.31115 1.4382 0 218.183 1.3299e-06
1.31115 1.4382 0 219.185 1.30236e-06
1.31115 1.4382 0 220.188 1.27545e-06
1.31115 1.4382 0 221.19 1.24916e-06
1.31115 1.4382 0 222.193 1.22347e-06
1.31115 1.4382 0 223.195 1.19837e-06
1.31115 1.4382 0 224.198 1.17384e-06
1.31115 1.4382 0 225.2 1.14987e-06
1.31115 1.4382 0 226.203 1.12643e-06
1.31115 1.4382 0 227.205 1.10353e-06
1.31115 1.4382 0 228.208 1.08115e-06
1.31115 1.4382 0 229.21 1.05926e-06
1.31115 1.4382 0 230.212 1.03787e-06
1.31115 1.4382 0 231.215 1.01695e-06
1.31115 1.4382 0 232.217 9.96503e-07
1.31115 1.4382 0 233.22 9.76509e-07
1.31115 1.4382 0 234.222 9.56959e-07
1.31115 1.4382 0 235.225 9.37841e-07
1.31115 1.4382 0 236.227 9.19145e-07
1.31115 1.4382 0 237.23 9.00861e-07
1.31115 1.4382 0 238.232 8.82979e-07
1.31115 1.4382 0 239.235 8.65489e-07
1.31115 1.4382 0 240.237 8.48382e-07
1.31115 1.4382 0 241.24 8.31647e-07
1.31115 1.4382 0 242.242 8.15277e-07
1.31115 1.4382 0 243.245 7.99262e-07
1.31115 1.4382 0 244.247 7.83594e-07
1.31115 1.4382 0 245.25 7.68264e-07
1.31115 1.4382 0 246.252 7.53265e-07
1.31115 1.4382 0 247.254 7.38588e-07
1.31115 1.4382 0 248.257 7.24226e-07
1.31115 1.4382 0 249.259 7.10171e-07
1.31115 1.4382 0 250.262 6.96417e-07
1.31115 1.4382 0 251.264 6.82955e-07
1.31115 1.4382 0 252.267 6.6978e-07
1.31115 1.4382 0 253.269 6.56884e-07
1.31115 1.4382 0 254.272 6.4426e-07
1.31115 1.4382 0 255.274 6.31903e-07
1.31115 1.4382 0 256.277 6.19806e-07
1.31115 1.4382 0 257.279 6.07964e-07
1.31115 1.4382 0 258.282 5.96369e-07
1.31115 1.4382 0 259.284 5.85017e-07
1.31115 1.4382 0 260.287 5.73902e-07
1.31115 1.4382 0 261.289 5.63018e-07
1.31115 1.4382 0 262.291 5.5236e-07
1.31115 1.4382 0 263.294 5.41923e-07
1.31115 1.4382 0 264.296 5.31702e-07
1.31115 1.4382 0 265.299 5.21691e-07
1.31115 1.4382 0 266.301 5.11887e-07
1.31115 1.4382 0 267.304 5.02284e-07
1.31115 1.4382 0 268.306 4.92878e-07
1.31115 1.4382 0 269.309 4.83664e-07
1.31115 1.4382 0 270.311 4.74638e-07
1.31115 1.4382 0 271.314 4.65796e-07
1.31115 1.4382 0 272.316 4.57134e-07
1.31115 1.4382 0 273.319 4.48647e-07
1.31115 1.4382 0 274.321 4.40332e-07
1.31115 1.4382 0 275.324 4.32185e-07
1.31115 1.4382 0 276.326 4.24202e-07
1.31115 1.4382 0 277.329 4.16379e-07
1.31115 1.4382 0 278.331 4.08713e-07
1.31115 1.4382 0 279.333 4.01201e-07
1.31115 1.4382 0 280.336 3.93839e-07
1.31115 1.4382 0 281.338 3.86623e-07
1.31115 1.4382 0 282.341 3.79551e-07
1.31115 1.4382 0 283.343 3.72619e-07
1.31115 1.4382 0 284.346 3.65825e-07
1.31115 1.4382 0 285.348 3.59165e-07
1.31115 1.4382 0 286.351 3.52637e-07
1.31115 1.4382 0 287.353 3.46237e-07
1.31115 1.4382 0 288.356 3.39963e-07
1.31115 1.4382 0 289.358 3.33811e-07
1.31115 1.4382 0 290.361 3.27781e-07
1.31115 1.4382 0 291.363 3.21868e-07
1.31115 1.4382 0 292.366 3.1607e-07
1.31115 1.4382 0 293.368 3.10385e-07
1.31115 1.4382 0 294.37 3.04811e-07
1.31115 1.4382 0 295.373 2.99345e-07
1.31115 1.4382 0 296.375 2.93984e-07
1.31115 1.4382 0 297.378 2.88727e-07
1.31115 1.4382 0 298.38 2.83572e-07
1.31115 1.4382 0 299.383 2.78515e-07
1.31115 1.4382 0 300.385 2.73556e-07
1.31115 1.4382 0 301.388 2.68691e-07
1.31115 1.4382 0 302.39 2.6392e-07
1.31115 1.4382 0 303.393 2.5924e-07
1.31115 1.4382 0 304.395 2.54649e-07
1.31115 1.4382 0 305.398 2.50146e-07
1.31115 1.4382 0 306.4 2.45728e-07
1.31115 1.4382 0 307.403 2.41393e-07
1.31115 1.4382 0 308.405 2.37141e-07
1.31115 1.4382 0 309.408 2.32969e-07
1.31115 1.4382 0 310.41 2.28876e-07
1.31115 1.4382 0 311.412 2.2486e-07
1.31115 1.4382 0 312.415 2.20919e-07
1.31115 1.4382 0 313.417 2.17053e-07
1.31115 1.4382 0 314.42 2.13259e-07
1.31115 1.4382 0 315.422 2.09535e-07
1.31115 1.4382 0 316.425 2.05881e-07
1.31115 1.4382 0 317.427 2.02296e-07
1.31115 1.4382 0 318.43 1.98777e-07
1.31115 1.4382 0 319.432 1.95323e-07
1.31115 1.4382 0 320.435 1.91934e-07
1.31115 1.4382 0 321.437 1.88607e-07
1.31115 1.4382 0 322.44 1.85341e-07
1.31115 1.4382 0 323.442 1.82136e-07
1.31115 1.4382 0 324.445 1.7899e-07
1.31115 1.4382 0 325.447 1.75902e-07
1.31115 1.4382 0 326.449 1.72871e-07
1.31115 1.4382 0 327.452 1.69895e-07
1.31115 1.4382 0 328.454 1.66974e-07
1.31115 1.4382 0 329.457 1.64106e-07
1.31115 1.4382 0 330.459 1.6129e-07
1.31115 1.4382 0 331.462 1.58526e-07
1.31115 1.4382 0 332.464 1.55812e-07
1.31115 1.4382 0 333.467 1.53147e-07
1.31115 1.4382 0 334.469 1.50531e-07
1.31115 1.4382 0 335.472 1.47962e-07
1.31115 1.4382 0 336.474 1.45439e-07
1.31115 1.4382 0 337.477 1.42963e-07
1.31115 1.4382 0 338.479 1.4053e-07
1.31115 1.4382 0 339.482 1.38142e-07
1.31115 1.4382 0 340.484 1.35797e-07
1.31115 1.4382 0 341.487 1.33493e-07
1.31115 1.4382 0 342.489 1.31231e-07
1.31115 1.4382 0 343.491 1.2901e-07
1.31115 1.4382 0 344.494 1.26828e-07
1.31115 1.4382 0 345.496 1.24686e-07
1.31115 1.4382 0 346.499 1.22581e-07
1.31115 1.4382 0 347.501 1.20514e-07
1.31115 1.4382 0 348.504 1.18484e-07
1.31115 1.4382 0 349.506 1.1649e-07
1.31115 1.4382 0 350.509 1.14531e-07
1.31115 1.4382 0 351.511 1.12607e-07
1.31115 1.4382 0 352.514 1.10717e-07
1.31115 1.4382 0 353.516 1.0886e-07
1.31115 1.4382 0 354.519 1.07036e-07
1.31115 1.4382 0 355.521 1.05244e-07
1.31115 1.4382 0 356.524 1.03484e-07
1.31115 1.4382 0 357.526 1.01755e-07
1.31115 1.4382 0 358.528 1.00056e-07
1.31115 1.4382 0 359.531 9.83871e-08
1.31115 1.4382 0 360.533 9.67473e-08
1.31115 1.4382 0 361.536 9.51362e-08
1.31115 1.4382 0 362.538 9.35532e-08
1.31115 1.4382 0 363.541 9.19979e-08
1.31115 1.4382 0 364.543 9.04697e-08
1.31115 1.4382 0 365.546 8.89681e-08
1.31115 1.4382 0 366.548 8.74927e-08
1.31115 1.4382 0 367.551 8.60428e-08
1.31115 1.4382 0 368.553 8.46182e-08
1.31115 1.4382 0 369.556 8.32182e-08
1.31115 1.4382 0 370.558 8.18425e-08
1.31115 1.4382 0 371.561 8.04906e-08
1.31115 1.4382 0 372.563 7.9162e-08
1.31115 1.4382 0 373.566 7.78564e-08
1.31115 1.4382 0 374.568 7.65732e-08
1.31115 1.4382 0 375.57 7.53122e-08
1.31115 1.4382 0 376.573 7.40729e-08
1.31115 1.4382 0 377.575 7.28548e-08
1.31115 1.4382 0 378.578 7.16577e-08
1.31115 1.4382 0 379.58 7.04811e-08
1.31115 1.4382 0 380.583 6.93247e-08
1.31115 1.4382 0 381.585 6.8188e-08
1.31115 1.4382 0 382.588 6.70708e-08
1.31115 1.4382 0 383.59 6.59726e-08
1.31115 1.4382 0 384.593 6.48932e-08
1.31115 1.4382 0 385.595 6.38322e-08
1.31115 1.4382 0 386.598 6.27892e-08
1.31115 1.4382 0 387.6 6.1764e-08
1.31115 1.4382 0 388.603 6.07563e-08
1.31115 1.4382 0 389.605 5.97656e-08
1.31115 1.4382 0 390.607 5.87917e-08
1.31115 1.4382 0 391.61 5.78343e-08
1.31115 1.4382 0 392.612 5.68932e-08
1.31115 1.4382 0 393.615 5.59679e-08
1.31115 1.4382 0 394.617 5.50583e-08
1.31115 1.4382 0 395.62 5.4164e-08
1.31115 1.4382 0 396.622 5.32848e-08
1.31115 1.4382 0 397.625 5.24205e-08
1.31115 1.4382 0 398.627 5.15707e-08
1.31115 1.4382 0 399.63 5.07351e-08
1.31115 1.4382 0 400.632 4.99137e-08
1.31115 1.4382 0 401.635 4.9106e-08
1.31115 1.4382 0 402.637 4.83118e-08
1.31115 1.4382 0 403.64 4.7531e-08
1.31115 1.4382 0 404.642 4.67633e-08
1.31115 1.4382 0 405.645 4.60083e-08
1.31115 1.4382 0 406.647 4.52661e-08
1.31115 1.4382 0 407.649 4.45362e-08
1.31115 1.4382 0 408.652 4.38185e-08
1.31115 1.4382 0 409.654 4.31127e-08
1.31115 1.4382 0 410.657 4.24188e-08
1.31115 1.4382 0 411.659 4.17364e-08
1.31115 1.4382 0 412.662 4.10653e-08
1.31115 1.4382 0 413.664 4.04054e-08
1.31115 1.4382 0 414.667 3.97564e-08
1.31115 1.4382 0 415.669 3.91183e-08
1.31115 1.4382 0 416.672 3.84907e-08
1.31115 1.4382 0 417.674 3.78735e-08
1.31115 1.4382 0 418.677 3.72665e-08
1.31115 1.4382 0 419.679 3.66696e-08
1.31115 1.4382 0 420.682 3.60825e-08
1.31115 1.4382 0 421.684 3.55051e-08
1.31115 1.4382 0 422.686 3.49373e-08
1.31115 1.4382 0 423.689 3.43788e-08
1.31115 1.4382 0 424.691 3.38296e-08
1.31115 1.4382 0 425.694 3.32894e-08
1.31115 1.4382 0 426.696 3.2758e-08
1.31115 1.4382 0 427.699 3.22355e-08
1.31115 1.4382 0 428.701 3.17215e-08
1.31115 1.4382 0 429.704 3.12159e-08
1.31115 1.4382 0 430.706 3.07187e-08
1.31115 1.4382 0 431.709 3.02296e-08
1.31115 1.4382 0 432.711 2.97485e-08
1.31115 1.4382 0 433.714 2.92753e-08
1.31115 1.4382 0 434.716 2.88099e-08
1.31115 1.4382 0 435.719 2.8352e-08
1.31115 1.4382 0 436.721 2.79017e-08
1.31115 1.4382 0 437.724 2.74587e-08
1.31115 1.4382 0 438.726 2.70229e-08
1.31115 1.4382 0 439.728 2.65943e-08
1.31115 1.4382 0 440.731 2.61726e-08
1.31115 1.4382 0 441.733 2.57578e-08
1.31115 1.4382 0 442.736 2.53498e-08
1.31115 1.4382 0 443.738 2.49484e-08
1.31115 1.4382 0 444.741 2.45535e-08
1.31115 1.4382 0 445.743 2.41651e-08
1.31115 1.4382 0 446.746 2.3783e-08
1.31115 1.4382 0 447.748 2.3407e-08
1.31115 1.4382 0 448.751 2.30372e-08
1.31115 1.4382 0 449.753 2.26734e-08
1.31115 1.4382 0 450.756 2.23154e-08
1.31115 1.4382 0 451.758 2.19633e-08
1.31115 1.4382 0 452.761 2.16168e-08
1.31115 1.4382 0 453.763 2.1276e-08
1.31115 1.4382 0 454.765 2.09407e-08
1.31115 1.4382 0 455.768 2.06107e-08
1.31115 1.4382 0 456.77 2.02862e-08
1.31115 1.4382 0 457.773 1.99668e-08
1.31115 1.4382 0 458.775 1.96526e-08
1.31115 1.4382 0 459.778 1.93435e-08
1.31115 1.4382 0 460.78 1.90393e-08
1.31115 1.4382 0 461.783 1.87401e-08
1.31115 1.4382 0 462.785 1.84457e-08
1.31115 1.4382 0 463.788 1.8156e-08
1.31115 1.4382 0 464.79 1.78709e-08
1.31115 1.4382 0 465.793 1.75905e-08
1.31115 1.4382 0 466.795 1.73145e-08
1.31115 1.4382 0 467.798 1.7043e-08
1.31115 1.4382 0 468.8 1.67758e-08
1.31115 1.4382 0 469.803 1.6513e-08
1.31115 1.4382 0 470.805 1.62543e-08
1.31115 1.4382 0 471.807 1.59998e-08
1.31115 1.4382 0 472.81 1.57493e-08
1.31115 1.4382 0 473.812 1.55029e-08
1.31115 1.4382 0 474.815 1.52604e-08
1.31115 1.4382 0 475.817 1.50218e-08
1.31115 1.4382 0 476.82 1.47869e-08
1.31115 1.4382 0 477.822 1.45559e-08
1.31115 1.4382 0 478.825 1.43285e-08
1.31115 1.4382 0 479.827 1.41048e-08
1.31115 1.4382 0 480.83 1.38846e-08
1.31115 1.4382 0 481.832 1.36679e-08
1.31115 1.4382 0 482.835 1.34547e-08
1.31115 1.4382 0 483.837 1.32449e-08
1.31115 1.4382 0 484.84 1.30384e-08
1.31115 1.4382 0 485.842 1.28353e-08
1.31115 1.4382 0 486.844 1.26353e-08
1.31115 1.4382 0 487.847 1.24385e-08
1.31115 1.4382 0 488.849 1.22449e-08
1.31115 1.4382 0 489.852 1.20543e-08
1.31115 1.4382 0 490.854 1.18667e-08
1.31115 1.4382 0 491.857 1.16822e-08
1.31115 1.4382 0 492.859 1.15005e-08
1.31115 1.4382 0 493.862 1.13218e-08
1.31115 1.4382 0 494.864 1.11458e-08
1.31115 1.4382 0 495.867 1.09727e-08
1.31115 1.4382 0 496.869 1.08023e-08
1.31115 1.4382 0 497.872 1.06346e-08
1.31115 1.4382 0 498.874 1.04695e-08
1.31115 1.4382 0 499.877 1.03071e-08
1.31115 1.4382 0 500.879 1.01472e-08
1.31115 1.4382 0 501.882 9.98988e-09
1.31115 1.4382 0 502.884 9.83502e-09
1.31115 1.4382 0 503.886 9.68261e-09
1.31115 1.4382 0 504.889 9.5326e-09
1.31115 1.4382 0 505.891 9.38495e-09
1.31115 1.4382 0 506.894 9.23964e-09
1.31115 1.4382 0 507.896 9.09662e-09
1.31115 1.4382 0 508.899 8.95585e-09
1.31115 1.4382 0 509.901 8.8173e-09
1.31115 1.4382 0 510.904 8.68093e-09
1.31115 1.4382 0 511.906 8.54671e-09
1.31115 1.4382 0 512.909 8.4146e-09
1.31115 1.4382 0 513.911 8.28456e-09
1.31115 1.4382 0 514.914 8.15658e-09
1.31115 1.4382 0 515.916 8.0306e-09
1.31115 1.4382 0 516.919 7.9066e-09
1.31115 1.4382 0 517.921 7.78455e-09
1.31115 1.4382 0 518.923 7.66442e-09
1.31115 1.4382 0 519.926 7.54617e-09
1.31115 1.4382 0 520.928 7.42978e-09
1.31115 1.4382 0 521.931 7.31521e-09
1.31115 1.4382 0 522.933 7.20244e-09
1.31115 1.4382 0 523.936 7.09144e-09
1.31115 1.4382 0 524.938 6.98217e-09
1.31115 1.4382 0 525.941 6.87462e-09
1.31115 1.4382 0 526.943 6.76875e-09
1.31115 1.4382 0 527.946 6.66454e-09
1.31115 1.4382 0 528.948 6.56195e-09
1.31115 1.4382 0 529.951 6.46098e-09
1.31115 1.4382 0 530.953 6.36158e-09
1.31115 1.4382 0 531.956 6.26373e-09
1.31115 1.4382 0 532.958 6.16741e-09
1.31115 1.4382 0 533.961 6.0726e-09
1.31115 1.4382 0 534.963 5.97927e-09
1.31115 1.4382 0 535.965 5.88739e-09
1.31115 1.4382 0 536.968 5.79695e-09
1.31115 1.4382 0 537.97 5.70792e-09
1.31115 1.4382 0 538.973 5.62028e-09
1.31115 1.4382 0 539.975 5.534e-09
1.31115 1.4382 0 540.978 5.44907e-09
1.31115 1.4382 0 541.98 5.36546e-09
1.31115 1.4382 0 542.983 5.28316e-09
1.31115 1.4382 0 543.985 5.20213e-09
1.31115 1.4382 0 544.988 5.12237e-09
1.31115 1.4382 0 545.99 5.04384e-09
1.31115 1.4382 0 546.993 4.96654e-09
1.31115 1.4382 0 547.995 4.89044e-09
1.31115 1.4382 0 548.998 4.81553e-09
1.31115 1.4382 0 550 4.74177e-09

