0.658793 1.4382 0 150.015 2.63499e-05
0.658793 1.4382 0 151.017 4.83485e-05
0.658793 1.4382 0 152.02 5.06274e-05
0.658793 1.4382 0 153.022 5.02867e-05
0.658793 1.4382 0 154.025 4.97773e-05
0.658793 1.4382 0 155.027 4.92652e-05
0.658793 1.4382 0 156.03 4.87599e-05
0.658793 1.4382 0 157.032 4.82614e-05
0.658793 1.4382 0 158.035 4.77691e-05
0.658793 1.4382 0 159.037 4.72827e-05
0.658793 1.4382 0 160.04 4.68021e-05
0.658793 1.4382 0 161.042 4.6327e-05
0.658793 1.4382 0 162.045 4.58572e-05
0.658793 1.4382 0 163.047 4.53926e-05
0.658793 1.4382 0 164.05 4.49331e-05
0.658793 1.4382 0 165.052 4.44787e-05
0.658793 1.4382 0 166.054 4.40291e-05
0.658793 1.4382 0 167.057 4.35844e-05
0.658793 1.4382 0 168.059 4.31445e-05
0.658793 1.4382 0 169.062 4.27093e-05
0.658793 1.4382 0 170.064 4.22786e-05
0.658793 1.4382 0 171.067 4.18526e-05
0.658793 1.4382 0 172.069 4.1431e-05
0.658793 1.4382 0 173.072 4.10139e-05
0.658793 1.4382 0 174.074 4.06012e-05
0.658793 1.4382 0 175.077 4.01928e-05
0.658793 1.4382 0 176.079 3.97887e-05
0.658793 1.4382 0 177.082 3.93889e-05
0.658793 1.4382 0 178.084 3.89932e-05
0.658793 1.4382 0 179.087 3.86016e-05
0.658793 1.4382 0 180.089 3.82141e-05
0.658793 1.4382 0 181.092 3.78307e-05
0.658793 1.4382 0 182.094 3.74512e-05
0.658793 1.4382 0 183.096 3.70757e-05
0.658793 1.4382 0 184.099 3.67041e-05
0.658793 1.4382 0 185.101 3.63363e-05
0.658793 1.4382 0 186.104 3.59724e-05
0.658793 1.4382 0 187.106 3.56122e-05
0.658793 1.4382 0 188.109 3.52558e-05
0.658793 1.4382 0 189.111 3.4903e-05
0.658793 1.4382 0 190.114 3.45539e-05
0.658793 1.4382 0 191.116 3.42084e-05
0.658793 1.4382 0 192.119 3.38665e-05
0.658793 1.4382 0 193.121 3.35281e-05
0.658793 1.4382 0 194.124 3.31932e-05
0.658793 1.4382 0 195.126 3.28618e-05
0.658793 1.4382 0 196.129 3.25338e-05
0.658793 1.4382 0 197.131 3.22091e-05
0.658793 1.4382 0 198.133 3.18878e-05
0.658793 1.4382 0 199.136 3.15698e-05
0.658793 1.4382 0 200.138 3.12551e-05
0.658793 1.4382 0 201.141 3.09436e-05
0.658793 1.4382 0 202.143 3.06354e-05
0.658793 1.4382 0 203.146 3.03303e-05
0.658793 1.4382 0 204.148 3.00283e-05
0.658793 1.4382 0 205.151 2.97294e-05
0.658793 1.4382 0 206.153 2.94336e-05
0.658793 1.4382 0 207.156 2.91409e-05
0.658793 1.4382 0 208.158 2.88511e-05
0.658793 1.4382 0 209.161 2.85644e-05
0.658793 1.4382 0 210.163 2.82805e-05
0.658793 1.4382 0 211.166 2.79996e-05
0.658793 1.4382 0 212.168 2.77216e-05
0.658793 1.4382 0 213.171 2.74464e-05
0.658793 1.4382 0 214.173 2.7174e-05
0.658793 1.4382 0 215.175 2.69045e-05
0.658793 1.4382 0 216.178 2.66377e-05
0.658793 1.4382 0 217.18 2.63736e-05
0.658793 1.4382 0 218.183 2.61122e-05
0.658793 1.4382 0 219.185 2.58535e-05
0.658793 1.4382 0 220.188 2.55974e-05
0.658793 1.4382 0 221.19 2.5344e-05
0.658793 1.4382 0 222.193 2.50932e-05
0.658793 1.4382 0 223.195 2.48449e-05
0.658793 1.4382 0 224.198 2.45992e-05
0.658793 1.4382 0 225.2 2.43559e-05
0.658793 1.4382 0 226.203 2.41152e-05
0.658793 1.4382 0 227.205 2.38769e-05
0.658793 1.4382 0 228.208 2.36411e-05
0.658793 1.4382 0 229.21 2.34076e-05
0.658793 1.4382 0 230.212 2.31766e-05
0.658793 1.4382 0 231.215 2.29479e-05
0.658793 1.4382 0 232.217 2.27215e-05
0.658793 1.4382 0 233.22 2.24974e-05
0.658793 1.4382 0 234.222 2.22757e-05
0.658793 1.4382 0 235.225 2.20562e-05
0.658793 1.4382 0 236.227 2.18389e-05
0.658793 1.4382 0 237.23 2.16238e-05
0.658793 1.4382 0 238.232 2.1411e-05
0.658793 1.4382 0 239.235 2.12003e-05
0.658793 1.4382 0 240.237 2.09917e-05
0.658793 1.4382 0 241.24 2.07853e-05
0.658793 1.4382 0 242.242 2.0581e-05
0.658793 1.4382 0 243.245 2.03787e-05
0.658793 1.4382 0 244.247 2.01785e-05
0.658793 1.4382 0 245.25 1.99804e-05
0.658793 1.4382 0 246.252 1.97842e-05
0.658793 1.4382 0 247.254 1.95901e-05
0.658793 1.4382 0 248.257 1.93979e-05
0.658793 1.4382 0 249.259 1.92077e-05
0.658793 1.4382 0 250.262 1.90194e-05
0.658793 1.4382 0 251.264 1.8833e-05
0.658793 1.4382 0 252.267 1.86485e-05
0.658793 1.4382 0 253.269 1.84659e-05
0.658793 1.4382 0 254.272 1.82852e-05
0.658793 1.4382 0 255.274 1.81063e-05
0.658793 1.4382 0 256.277 1.79292e-05
0.658793 1.4382 0 257.279 1.77538e-05
0.658793 1.4382 0 258.282 1.75803e-05
0.658793 1.4382 0 259.284 1.74085e-05
0.658793 1.4382 0 260.287 1.72385e-05
0.658793 1.4382 0 261.289 1.70702e-05
0.658793 1.4382 0 262.291 1.69036e-05
0.658793 1.4382 0 263.294 1.67387e-05
0.658793 1.4382 0 264.296 1.65754e-05
0.658793 1.4382 0 265.299 1.64138e-05
0.658793 1.4382 0 266.301 1.62538e-05
0.658793 1.4382 0 267.304 1.60955e-05
0.658793 1.4382 0 268.306 1.59388e-05
0.658793 1.4382 0 269.309 1.57836e-05
0.658793 1.4382 0 270.311 1.563e-05
0.658793 1.4382 0 271.314 1.5478e-05
0.658793 1.4382 0 272.316 1.53275e-05
0.658793 1.4382 0 273.319 1.51785e-05
0.658793 1.4382 0 274.321 1.5031e-05
0.658793 1.4382 0 275.324 1.4885e-05
0.658793 1.4382 0 276.326 1.47405e-05
0.658793 1.4382 0 277.329 1.45974e-05
0.658793 1.4382 0 278.331 1.44558e-05
0.658793 1.4382 0 279.333 1.43156e-05
0.658793 1.4382 0 280.336 1.41768e-05
0.658793 1.4382 0 281.338 1.40394e-05
0.658793 1.4382 0 282.341 1.39034e-05
0.658793 1.4382 0 283.343 1.37688e-05
0.658793 1.4382 0 284.346 1.36355e-05
0.658793 1.4382 0 285.348 1.35036e-05
0.658793 1.4382 0 286.351 1.3373e-05
0.658793 1.4382 0 287.353 1.32437e-05
0.658793 1.4382 0 288.356 1.31157e-05
0.658793 1.4382 0 289.358 1.2989e-05
0.658793 1.4382 0 290.361 1.28636e-05
0.658793 1.4382 0 291.363 1.27394e-05
0.658793 1.4382 0 292.366 1.26165e-05
0.658793 1.4382 0 293.368 1.24948e-05
0.658793 1.4382 0 294.37 1.23743e-05
0.658793 1.4382 0 295.373 1.22551e-05
0.658793 1.4382 0 296.375 1.2137e-05
0.658793 1.4382 0 297.378 1.20201e-05
0.658793 1.4382 0 298.38 1.19044e-05
0.658793 1.4382 0 299.383 1.17898e-05
0.658793 1.4382 0 300.385 1.16764e-05
0.658793 1.4382 0 301.388 1.15642e-05
0.658793 1.4382 0 302.39 1.1453e-05
0.658793 1.4382 0 303.393 1.1343e-05
0.658793 1.4382 0 304.395 1.12341e-05
0.658793 1.4382 0 305.398 1.11262e-05
0.658793 1.4382 0 306.4 1.10194e-05
0.658793 1.4382 0 307.403 1.09137e-05
0.658793 1.4382 0 308.405 1.08091e-05
0.658793 1.4382 0 309.408 1.07055e-05
0.658793 1.4382 0 310.41 1.06029e-05
0.658793 1.4382 0 311.412 1.05014e-05
0.658793 1.4382 0 312.415 1.04009e-05
0.658793 1.4382 0 313.417 1.03013e-05
0.658793 1.4382 0 314.42 1.02028e-05
0.658793 1.4382 0 315.422 1.01053e-05
0.658793 1.4382 0 316.425 1.00087e-05
0.658793 1.4382 0 317.427 9.91306e-06
0.658793 1.4382 0 318.43 9.81839e-06
0.658793 1.4382 0 319.432 9.72467e-06
0.658793 1.4382 0 320.435 9.63187e-06
0.658793 1.4382 0 321.437 9.54001e-06
0.658793 1.4382 0 322.44 9.44905e-06
0.658793 1.4382 0 323.442 9.359e-06
0.658793 1.4382 0 324.445 9.26984e-06
0.658793 1.4382 0 325.447 9.18157e-06
0.658793 1.4382 0 326.449 9.09417e-06
0.658793 1.4382 0 327.452 9.00764e-06
0.658793 1.4382 0 328.454 8.92197e-06
0.658793 1.4382 0 329.457 8.83715e-06
0.658793 1.4382 0 330.459 8.75317e-06
0.658793 1.4382 0 331.462 8.67002e-06
0.658793 1.4382 0 332.464 8.58769e-06
0.658793 1.4382 0 333.467 8.50618e-06
0.658793 1.4382 0 334.469 8.42548e-06
0.658793 1.4382 0 335.472 8.34558e-06
0.658793 1.4382 0 336.474 8.26646e-06
0.658793 1.4382 0 337.477 8.18813e-06
0.658793 1.4382 0 338.479 8.11057e-06
0.658793 1.4382 0 339.482 8.03378e-06
0.658793 1.4382 0 340.484 7.95774e-06
0.658793 1.4382 0 341.487 7.88246e-06
0.658793 1.4382 0 342.489 7.80792e-06
0.658793 1.4382 0 343.491 7.73411e-06
0.658793 1.4382 0 344.494 7.66103e-06
0.658793 1.4382 0 345.496 7.58867e-06
0.658793 1.4382 0 346.499 7.51703e-06
0.658793 1.4382 0 347.501 7.44609e-06
0.658793 1.4382 0 348.504 7.37585e-06
0.658793 1.4382 0 349.506 7.3063e-06
0.658793 1.4382 0 350.509 7.23743e-06
0.658793 1.4382 0 351.511 7.16924e-06
0.658793 1.4382 0 352.514 7.10172e-06
0.658793 1.4382 0 353.516 7.03487e-06
0.658793 1.4382 0 354.519 6.96867e-06
0.658793 1.4382 0 355.521 6.90312e-06
0.658793 1.4382 0 356.524 6.83821e-06
0.658793 1.4382 0 357.526 6.77394e-06
0.658793 1.4382 0 358.528 6.71031e-06
0.658793 1.4382 0 359.531 6.64729e-06
0.658793 1.4382 0 360.533 6.58489e-06
0.658793 1.4382 0 361.536 6.5231e-06
0.658793 1.4382 0 362.538 6.46192e-06
0.658793 1.4382 0 363.541 6.40134e-06
0.658793 1.4382 0 364.543 6.34135e-06
0.658793 1.4382 0 365.546 6.28194e-06
0.658793 1.4382 0 366.548 6.22312e-06
0.658793 1.4382 0 367.551 6.16487e-06
0.658793 1.4382 0 368.553 6.10719e-06
0.658793 1.4382 0 369.556 6.05007e-06
0.658793 1.4382 0 370.558 5.99351e-06
0.658793 1.4382 0 371.561 5.93751e-06
0.658793 1.4382 0 372.563 5.88204e-06
0.658793 1.4382 0 373.566 5.82712e-06
0.658793 1.4382 0 374.568 5.77274e-06
0.658793 1.4382 0 375.57 5.71888e-06
0.658793 1.4382 0 376.573 5.66555e-06
0.658793 1.4382 0 377.575 5.61273e-06
0.658793 1.4382 0 378.578 5.56043e-06
0.658793 1.4382 0 379.58 5.50864e-06
0.658793 1.4382 0 380.583 5.45735e-06
0.658793 1.4382 0 381.585 5.40656e-06
0.658793 1.4382 0 382.588 5.35627e-06
0.658793 1.4382 0 383.59 5.30646e-06
0.658793 1.4382 0 384.593 5.25713e-06
0.658793 1.4382 0 385.595 5.20828e-06
0.658793 1.4382 0 386.598 5.15991e-06
0.658793 1.4382 0 387.6 5.112e-06
0.658793 1.4382 0 388.603 5.06456e-06
0.658793 1.4382 0 389.605 5.01758e-06
0.658793 1.4382 0 390.607 4.97105e-06
0.658793 1.4382 0 391.61 4.92498e-06
0.658793 1.4382 0 392.612 4.87935e-06
0.658793 1.4382 0 393.615 4.83416e-06
0.658793 1.4382 0 394.617 4.7894e-06
0.658793 1.4382 0 395.62 4.74508e-06
0.658793 1.4382 0 396.622 4.70119e-06
0.658793 1.4382 0 397.625 4.65771e-06
0.658793 1.4382 0 398.627 4.61466e-06
0.658793 1.4382 0 399.63 4.57203e-06
0.658793 1.4382 0 400.632 4.5298e-06
0.658793 1.4382 0 401.635 4.48798e-06
0.658793 1.4382 0 402.637 4.44657e-06
0.658793 1.4382 0 403.64 4.40555e-06
0.658793 1.4382 0 404.642 4.36493e-06
0.658793 1.4382 0 405.645 4.3247e-06
0.658793 1.4382 0 406.647 4.28485e-06
0.658793 1.4382 0 407.649 4.24539e-06
0.658793 1.4382 0 408.652 4.2063e-06
0.658793 1.4382 0 409.654 4.1676e-06
0.658793 1.4382 0 410.657 4.12926e-06
0.658793 1.4382 0 411.659 4.09129e-06
0.658793 1.4382 0 412.662 4.05368e-06
0.658793 1.4382 0 413.664 4.01644e-06
0.658793 1.4382 0 414.667 3.97955e-06
0.658793 1.4382 0 415.669 3.94302e-06
0.658793 1.4382 0 416.672 3.90683e-06
0.658793 1.4382 0 417.674 3.87099e-06
0.658793 1.4382 0 418.677 3.8355e-06
0.658793 1.4382 0 419.679 3.80034e-06
0.658793 1.4382 0 420.682 3.76552e-06
0.658793 1.4382 0 421.684 3.73103e-06
0.658793 1.4382 0 422.686 3.69687e-06
0.658793 1.4382 0 423.689 3.66304e-06
0.658793 1.4382 0 424.691 3.62953e-06
0.658793 1.4382 0 425.694 3.59634e-06
0.658793 1.4382 0 426.696 3.56347e-06
0.658793 1.4382 0 427.699 3.5309e-06
0.658793 1.4382 0 428.701 3.49865e-06
0.658793 1.4382 0 429.704 3.46671e-06
0.658793 1.4382 0 430.706 3.43507e-06
0.658793 1.4382 0 431.709 3.40373e-06
0.658793 1.4382 0 432.711 3.37269e-06
0.658793 1.4382 0 433.714 3.34194e-06
0.658793 1.4382 0 434.716 3.31149e-06
0.658793 1.4382 0 435.719 3.28132e-06
0.658793 1.4382 0 436.721 3.25144e-06
0.658793 1.4382 0 437.724 3.22185e-06
0.658793 1.4382 0 438.726 3.19253e-06
0.658793 1.4382 0 439.728 3.1635e-06
0.658793 1.4382 0 440.731 3.13474e-06
0.658793 1.4382 0 441.733 3.10625e-06
0.658793 1.4382 0 442.736 3.07803e-06
0.658793 1.4382 0 443.738 3.05008e-06
0.658793 1.4382 0 444.741 3.02239e-06
0.658793 1.4382 0 445.743 2.99496e-06
0.658793 1.4382 0 446.746 2.96779e-06
0.658793 1.4382 0 447.748 2.94088e-06
0.658793 1.4382 0 448.751 2.91423e-06
0.658793 1.4382 0 449.753 2.88782e-06
0.658793 1.4382 0 450.756 2.86167e-06
0.658793 1.4382 0 451.758 2.83576e-06
0.658793 1.4382 0 452.761 2.81009e-06
0.658793 1.4382 0 453.763 2.78467e-06
0.658793 1.4382 0 454.765 2.75949e-06
0.658793 1.4382 0 455.768 2.73454e-06
0.658793 1.4382 0 456.77 2.70983e-06
0.658793 1.4382 0 457.773 2.68535e-06
0.658793 1.4382 0 458.775 2.6611e-06
0.658793 1.4382 0 459.778 2.63708e-06
0.658793 1.4382 0 460.78 2.61329e-06
0.658793 1.4382 0 461.783 2.58971e-06
0.658793 1.4382 0 462.785 2.56636e-06
0.658793 1.4382 0 463.788 2.54323e-06
0.658793 1.4382 0 464.79 2.52032e-06
0.658793 1.4382 0 465.793 2.49762e-06
0.658793 1.4382 0 466.795 2.47513e-06
0.658793 1.4382 0 467.798 2.45285e-06
0.658793 1.4382 0 468.8 2.43079e-06
0.658793 1.4382 0 469.803 2.40893e-06
0.658793 1.4382 0 470.805 2.38727e-06
0.658793 1.4382 0 471.807 2.36582e-06
0.658793 1.4382 0 472.81 2.34456e-06
0.658793 1.4382 0 473.812 2.32351e-06
0.658793 1.4382 0 474.815 2.30265e-06
0.658793 1.4382 0 475.817 2.28199e-06
0.658793 1.4382 0 476.82 2.26152e-06
0.658793 1.4382 0 477.822 2.24124e-06
0.658793 1.4382 0 478.825 2.22115e-06
0.658793 1.4382 0 479.827 2.20124e-06
0.658793 1.4382 0 480.83 2.18153e-06
0.658793 1.4382 0 481.832 2.16199e-06
0.658793 1.4382 0 482.835 2.14264e-06
0.658793 1.4382 0 483.837 2.12347e-06
0.658793 1.4382 0 484.84 2.10447e-06
0.658793 1.4382 0 485.842 2.08566e-06
0.658793 1.4382 0 486.844 2.06701e-06
0.658793 1.4382 0 487.847 2.04855e-06
0.658793 1.4382 0 488.849 2.03025e-06
0.658793 1.4382 0 489.852 2.01212e-06
0.658793 1.4382 0 490.854 1.99416e-06
0.658793 1.4382 0 491.857 1.97637e-06
0.658793 1.4382 0 492.859 1.95874e-06
0.658793 1.4382 0 493.862 1.94128e-06
0.658793 1.4382 0 494.864 1.92397e-06
0.658793 1.4382 0 495.867 1.90683e-06
0.658793 1.4382 0 496.869 1.88985e-06
0.658793 1.4382 0 497.872 1.87302e-06
0.658793 1.4382 0 498.874 1.85635e-06
0.658793 1.4382 0 499.877 1.83983e-06
0.658793 1.4382 0 500.879 1.82347e-06
0.658793 1.4382 0 501.882 1.80726e-06
0.658793 1.4382 0 502.884 1.79119e-06
0.658793 1.4382 0 503.886 1.77528e-06
0.658793 1.4382 0 504.889 1.75951e-06
0.658793 1.4382 0 505.891 1.74389e-06
0.658793 1.4382 0 506.894 1.72841e-06
0.658793 1.4382 0 507.896 1.71307e-06
0.658793 1.4382 0 508.899 1.69788e-06
0.658793 1.4382 0 509.901 1.68283e-06
0.658793 1.4382 0 510.904 1.66791e-06
0.658793 1.4382 0 511.906 1.65313e-06
0.658793 1.4382 0 512.909 1.63849e-06
0.658793 1.4382 0 513.911 1.62398e-06
0.658793 1.4382 0 514.914 1.6096e-06
0.658793 1.4382 0 515.916 1.59536e-06
0.658793 1.4382 0 516.919 1.58125e-06
0.658793 1.4382 0 517.921 1.56727e-06
0.658793 1.4382 0 518.923 1.55341e-06
0.658793 1.4382 0 519.926 1.53969e-06
0.658793 1.4382 0 520.928 1.52609e-06
0.658793 1.4382 0 521.931 1.51261e-06
0.658793 1.4382 0 522.933 1.49926e-06
0.658793 1.4382 0 523.936 1.48602e-06
0.658793 1.4382 0 524.938 1.47292e-06
0.658793 1.4382 0 525.941 1.45993e-06
0.658793 1.4382 0 526.943 1.44706e-06
0.658793 1.4382 0 527.946 1.4343e-06
0.658793 1.4382 0 528.948 1.42167e-06
0.658793 1.4382 0 529.951 1.40914e-06
0.658793 1.4382 0 530.953 1.39674e-06
0.658793 1.4382 0 531.956 1.38444e-06
0.658793 1.4382 0 532.958 1.37226e-06
0.658793 1.4382 0 533.961 1.36019e-06
0.658793 1.4382 0 534.963 1.34823e-06
0.658793 1.4382 0 535.965 1.33638e-06
0.658793 1.4382 0 536.968 1.32464e-06
0.658793 1.4382 0 537.97 1.313e-06
0.658793 1.4382 0 538.973 1.30147e-06
0.658793 1.4382 0 539.975 1.29005e-06
0.658793 1.4382 0 540.978 1.27873e-06
0.658793 1.4382 0 541.98 1.26751e-06
0.658793 1.4382 0 542.983 1.25639e-06
0.658793 1.4382 0 543.985 1.24538e-06
0.658793 1.4382 0 544.988 1.23446e-06
0.658793 1.4382 0 545.99 1.22365e-06
0.658793 1.4382 0 546.993 1.21293e-06
0.658793 1.4382 0 547.995 1.20231e-06
0.658793 1.4382 0 548.998 1.19178e-06
0.658793 1.4382 0 550 1.18136e-06

