3.64966 1.4382 0 150.015 1.51144e-05
3.64966 1.4382 0 151.017 2.54571e-05
3.64966 1.4382 0 152.02 2.36844e-05
3.64966 1.4382 0 153.022 2.11203e-05
3.64966 1.4382 0 154.025 1.89757e-05
3.64966 1.4382 0 155.027 1.71806e-05
3.64966 1.4382 0 156.03 1.56474e-05
3.64966 1.4382 0 157.032 1.43177e-05
3.64966 1.4382 0 158.035 1.31515e-05
3.64966 1.4382 0 159.037 1.21196e-05
3.64966 1.4382 0 160.04 1.11999e-05
3.64966 1.4382 0 161.042 1.03755e-05
3.64966 1.4382 0 162.045 9.63272e-06
3.64966 1.4382 0 163.047 8.9605e-06
3.64966 1.4382 0 164.05 8.34978e-06
3.64966 1.4382 0 165.052 7.79304e-06
3.64966 1.4382 0 166.054 7.28393e-06
3.64966 1.4382 0 167.057 6.81709e-06
3.64966 1.4382 0 168.059 6.38793e-06
3.64966 1.4382 0 169.062 5.99249e-06
3.64966 1.4382 0 170.064 5.62735e-06
3.64966 1.4382 0 171.067 5.28955e-06
3.64966 1.4382 0 172.069 4.97646e-06
3.64966 1.4382 0 173.072 4.68581e-06
3.64966 1.4382 0 174.074 4.41557e-06
3.64966 1.4382 0 175.077 4.16395e-06
3.64966 1.4382 0 176.079 3.92935e-06
3.64966 1.4382 0 177.082 3.71036e-06
3.64966 1.4382 0 178.084 3.50568e-06
3.64966 1.4382 0 179.087 3.31418e-06
3.64966 1.4382 0 180.089 3.13484e-06
3.64966 1.4382 0 181.092 2.9667e-06
3.64966 1.4382 0 182.094 2.80894e-06
3.64966 1.4382 0 183.096 2.66078e-06
3.64966 1.4382 0 184.099 2.52152e-06
3.64966 1.4382 0 185.101 2.39054e-06
3.64966 1.4382 0 186.104 2.26725e-06
3.64966 1.4382 0 187.106 2.15112e-06
3.64966 1.4382 0 188.109 2.04167e-06
3.64966 1.4382 0 189.111 1.93844e-06
3.64966 1.4382 0 190.114 1.84103e-06
3.64966 1.4382 0 191.116 1.74905e-06
3.64966 1.4382 0 192.119 1.66217e-06
3.64966 1.4382 0 193.121 1.58004e-06
3.64966 1.4382 0 194.124 1.50239e-06
3.64966 1.4382 0 195.126 1.42892e-06
3.64966 1.4382 0 196.129 1.35939e-06
3.64966 1.4382 0 197.131 1.29355e-06
3.64966 1.4382 0 198.133 1.23118e-06
3.64966 1.4382 0 199.136 1.17208e-06
3.64966 1.4382 0 200.138 1.11606e-06
3.64966 1.4382 0 201.141 1.06294e-06
3.64966 1.4382 0 202.143 1.01254e-06
3.64966 1.4382 0 203.146 9.6472e-07
3.64966 1.4382 0 204.148 9.19327e-07
3.64966 1.4382 0 205.151 8.76227e-07
3.64966 1.4382 0 206.153 8.35291e-07
3.64966 1.4382 0 207.156 7.96401e-07
3.64966 1.4382 0 208.158 7.59444e-07
3.64966 1.4382 0 209.161 7.24314e-07
3.64966 1.4382 0 210.163 6.90914e-07
3.64966 1.4382 0 211.166 6.59151e-07
3.64966 1.4382 0 212.168 6.28937e-07
3.64966 1.4382 0 213.171 6.0019e-07
3.64966 1.4382 0 214.173 5.72833e-07
3.64966 1.4382 0 215.175 5.46794e-07
3.64966 1.4382 0 216.178 5.22004e-07
3.64966 1.4382 0 217.18 4.98398e-07
3.64966 1.4382 0 218.183 4.75917e-07
3.64966 1.4382 0 219.185 4.54501e-07
3.64966 1.4382 0 220.188 4.34098e-07
3.64966 1.4382 0 221.19 4.14656e-07
3.64966 1.4382 0 222.193 3.96126e-07
3.64966 1.4382 0 223.195 3.78463e-07
3.64966 1.4382 0 224.198 3.61624e-07
3.64966 1.4382 0 225.2 3.45568e-07
3.64966 1.4382 0 226.203 3.30256e-07
3.64966 1.4382 0 227.205 3.15652e-07
3.64966 1.4382 0 228.208 3.0172e-07
3.64966 1.4382 0 229.21 2.88429e-07
3.64966 1.4382 0 230.212 2.75747e-07
3.64966 1.4382 0 231.215 2.63645e-07
3.64966 1.4382 0 232.217 2.52094e-07
3.64966 1.4382 0 233.22 2.41069e-07
3.64966 1.4382 0 234.222 2.30544e-07
3.64966 1.4382 0 235.225 2.20495e-07
3.64966 1.4382 0 236.227 2.10899e-07
3.64966 1.4382 0 237.23 2.01736e-07
3.64966 1.4382 0 238.232 1.92985e-07
3.64966 1.4382 0 239.235 1.84626e-07
3.64966 1.4382 0 240.237 1.76641e-07
3.64966 1.4382 0 241.24 1.69013e-07
3.64966 1.4382 0 242.242 1.61724e-07
3.64966 1.4382 0 243.245 1.5476e-07
3.64966 1.4382 0 244.247 1.48105e-07
3.64966 1.4382 0 245.25 1.41744e-07
3.64966 1.4382 0 246.252 1.35665e-07
3.64966 1.4382 0 247.254 1.29854e-07
3.64966 1.4382 0 248.257 1.24299e-07
3.64966 1.4382 0 249.259 1.18989e-07
3.64966 1.4382 0 250.262 1.13911e-07
3.64966 1.4382 0 251.264 1.09056e-07
3.64966 1.4382 0 252.267 1.04414e-07
3.64966 1.4382 0 253.269 9.99737e-08
3.64966 1.4382 0 254.272 9.57276e-08
3.64966 1.4382 0 255.274 9.16663e-08
3.64966 1.4382 0 256.277 8.77816e-08
3.64966 1.4382 0 257.279 8.40656e-08
3.64966 1.4382 0 258.282 8.05107e-08
3.64966 1.4382 0 259.284 7.71096e-08
3.64966 1.4382 0 260.287 7.38555e-08
3.64966 1.4382 0 261.289 7.07419e-08
3.64966 1.4382 0 262.291 6.77625e-08
3.64966 1.4382 0 263.294 6.49114e-08
3.64966 1.4382 0 264.296 6.21828e-08
3.64966 1.4382 0 265.299 5.95714e-08
3.64966 1.4382 0 266.301 5.7072e-08
3.64966 1.4382 0 267.304 5.46796e-08
3.64966 1.4382 0 268.306 5.23896e-08
3.64966 1.4382 0 269.309 5.01974e-08
3.64966 1.4382 0 270.311 4.80987e-08
3.64966 1.4382 0 271.314 4.60896e-08
3.64966 1.4382 0 272.316 4.41659e-08
3.64966 1.4382 0 273.319 4.23241e-08
3.64966 1.4382 0 274.321 4.05605e-08
3.64966 1.4382 0 275.324 3.88717e-08
3.64966 1.4382 0 276.326 3.72546e-08
3.64966 1.4382 0 277.329 3.57059e-08
3.64966 1.4382 0 278.331 3.42227e-08
3.64966 1.4382 0 279.333 3.28023e-08
3.64966 1.4382 0 280.336 3.14417e-08
3.64966 1.4382 0 281.338 3.01386e-08
3.64966 1.4382 0 282.341 2.88904e-08
3.64966 1.4382 0 283.343 2.76947e-08
3.64966 1.4382 0 284.346 2.65493e-08
3.64966 1.4382 0 285.348 2.54521e-08
3.64966 1.4382 0 286.351 2.44009e-08
3.64966 1.4382 0 287.353 2.33938e-08
3.64966 1.4382 0 288.356 2.24289e-08
3.64966 1.4382 0 289.358 2.15044e-08
3.64966 1.4382 0 290.361 2.06186e-08
3.64966 1.4382 0 291.363 1.97698e-08
3.64966 1.4382 0 292.366 1.89564e-08
3.64966 1.4382 0 293.368 1.8177e-08
3.64966 1.4382 0 294.37 1.74301e-08
3.64966 1.4382 0 295.373 1.67143e-08
3.64966 1.4382 0 296.375 1.60284e-08
3.64966 1.4382 0 297.378 1.53709e-08
3.64966 1.4382 0 298.38 1.47408e-08
3.64966 1.4382 0 299.383 1.41369e-08
3.64966 1.4382 0 300.385 1.3558e-08
3.64966 1.4382 0 301.388 1.30032e-08
3.64966 1.4382 0 302.39 1.24713e-08
3.64966 1.4382 0 303.393 1.19615e-08
3.64966 1.4382 0 304.395 1.14727e-08
3.64966 1.4382 0 305.398 1.10042e-08
3.64966 1.4382 0 306.4 1.05551e-08
3.64966 1.4382 0 307.403 1.01245e-08
3.64966 1.4382 0 308.405 9.71167e-09
3.64966 1.4382 0 309.408 9.31588e-09
3.64966 1.4382 0 310.41 8.93641e-09
3.64966 1.4382 0 311.412 8.57258e-09
3.64966 1.4382 0 312.415 8.22372e-09
3.64966 1.4382 0 313.417 7.88922e-09
3.64966 1.4382 0 314.42 7.56848e-09
3.64966 1.4382 0 315.422 7.26093e-09
3.64966 1.4382 0 316.425 6.966e-09
3.64966 1.4382 0 317.427 6.68318e-09
3.64966 1.4382 0 318.43 6.41197e-09
3.64966 1.4382 0 319.432 6.15188e-09
3.64966 1.4382 0 320.435 5.90245e-09
3.64966 1.4382 0 321.437 5.66323e-09
3.64966 1.4382 0 322.44 5.43381e-09
3.64966 1.4382 0 323.442 5.21377e-09
3.64966 1.4382 0 324.445 5.00274e-09
3.64966 1.4382 0 325.447 4.80033e-09
3.64966 1.4382 0 326.449 4.60618e-09
3.64966 1.4382 0 327.452 4.41997e-09
3.64966 1.4382 0 328.454 4.24135e-09
3.64966 1.4382 0 329.457 4.07002e-09
3.64966 1.4382 0 330.459 3.90568e-09
3.64966 1.4382 0 331.462 3.74803e-09
3.64966 1.4382 0 332.464 3.5968e-09
3.64966 1.4382 0 333.467 3.45173e-09
3.64966 1.4382 0 334.469 3.31257e-09
3.64966 1.4382 0 335.472 3.17906e-09
3.64966 1.4382 0 336.474 3.05098e-09
3.64966 1.4382 0 337.477 2.92811e-09
3.64966 1.4382 0 338.479 2.81022e-09
3.64966 1.4382 0 339.482 2.69712e-09
3.64966 1.4382 0 340.484 2.58862e-09
3.64966 1.4382 0 341.487 2.48451e-09
3.64966 1.4382 0 342.489 2.38462e-09
3.64966 1.4382 0 343.491 2.28879e-09
3.64966 1.4382 0 344.494 2.19683e-09
3.64966 1.4382 0 345.496 2.1086e-09
3.64966 1.4382 0 346.499 2.02394e-09
3.64966 1.4382 0 347.501 1.9427e-09
3.64966 1.4382 0 348.504 1.86476e-09
3.64966 1.4382 0 349.506 1.78996e-09
3.64966 1.4382 0 350.509 1.71818e-09
3.64966 1.4382 0 351.511 1.64931e-09
3.64966 1.4382 0 352.514 1.58321e-09
3.64966 1.4382 0 353.516 1.51979e-09
3.64966 1.4382 0 354.519 1.45892e-09
3.64966 1.4382 0 355.521 1.40051e-09
3.64966 1.4382 0 356.524 1.34446e-09
3.64966 1.4382 0 357.526 1.29066e-09
3.64966 1.4382 0 358.528 1.23903e-09
3.64966 1.4382 0 359.531 1.18948e-09
3.64966 1.4382 0 360.533 1.14193e-09
3.64966 1.4382 0 361.536 1.09629e-09
3.64966 1.4382 0 362.538 1.05248e-09
3.64966 1.4382 0 363.541 1.01044e-09
3.64966 1.4382 0 364.543 9.70088e-10
3.64966 1.4382 0 365.546 9.31358e-10
3.64966 1.4382 0 366.548 8.94185e-10
3.64966 1.4382 0 367.551 8.58505e-10
3.64966 1.4382 0 368.553 8.24257e-10
3.64966 1.4382 0 369.556 7.91385e-10
3.64966 1.4382 0 370.558 7.59831e-10
3.64966 1.4382 0 371.561 7.29543e-10
3.64966 1.4382 0 372.563 7.0047e-10
3.64966 1.4382 0 373.566 6.72563e-10
3.64966 1.4382 0 374.568 6.45774e-10
3.64966 1.4382 0 375.57 6.20059e-10
3.64966 1.4382 0 376.573 5.95373e-10
3.64966 1.4382 0 377.575 5.71676e-10
3.64966 1.4382 0 378.578 5.48928e-10
3.64966 1.4382 0 379.58 5.2709e-10
3.64966 1.4382 0 380.583 5.06126e-10
3.64966 1.4382 0 381.585 4.86e-10
3.64966 1.4382 0 382.588 4.66679e-10
3.64966 1.4382 0 383.59 4.48131e-10
3.64966 1.4382 0 384.593 4.30324e-10
3.64966 1.4382 0 385.595 4.13228e-10
3.64966 1.4382 0 386.598 3.96815e-10
3.64966 1.4382 0 387.6 3.81057e-10
3.64966 1.4382 0 388.603 3.65929e-10
3.64966 1.4382 0 389.605 3.51404e-10
3.64966 1.4382 0 390.607 3.37459e-10
3.64966 1.4382 0 391.61 3.2407e-10
3.64966 1.4382 0 392.612 3.11215e-10
3.64966 1.4382 0 393.615 2.98872e-10
3.64966 1.4382 0 394.617 2.87022e-10
3.64966 1.4382 0 395.62 2.75643e-10
3.64966 1.4382 0 396.622 2.64718e-10
3.64966 1.4382 0 397.625 2.54229e-10
3.64966 1.4382 0 398.627 2.44156e-10
3.64966 1.4382 0 399.63 2.34485e-10
3.64966 1.4382 0 400.632 2.25199e-10
3.64966 1.4382 0 401.635 2.16282e-10
3.64966 1.4382 0 402.637 2.0772e-10
3.64966 1.4382 0 403.64 1.99498e-10
3.64966 1.4382 0 404.642 1.91604e-10
3.64966 1.4382 0 405.645 1.84023e-10
3.64966 1.4382 0 406.647 1.76744e-10
3.64966 1.4382 0 407.649 1.69753e-10
3.64966 1.4382 0 408.652 1.63041e-10
3.64966 1.4382 0 409.654 1.56595e-10
3.64966 1.4382 0 410.657 1.50405e-10
3.64966 1.4382 0 411.659 1.44461e-10
3.64966 1.4382 0 412.662 1.38753e-10
3.64966 1.4382 0 413.664 1.33271e-10
3.64966 1.4382 0 414.667 1.28007e-10
3.64966 1.4382 0 415.669 1.22951e-10
3.64966 1.4382 0 416.672 1.18096e-10
3.64966 1.4382 0 417.674 1.13434e-10
3.64966 1.4382 0 418.677 1.08956e-10
3.64966 1.4382 0 419.679 1.04656e-10
3.64966 1.4382 0 420.682 1.00526e-10
3.64966 1.4382 0 421.684 9.65604e-11
3.64966 1.4382 0 422.686 9.27514e-11
3.64966 1.4382 0 423.689 8.90932e-11
3.64966 1.4382 0 424.691 8.55799e-11
3.64966 1.4382 0 425.694 8.22057e-11
3.64966 1.4382 0 426.696 7.89651e-11
3.64966 1.4382 0 427.699 7.58527e-11
3.64966 1.4382 0 428.701 7.28634e-11
3.64966 1.4382 0 429.704 6.99924e-11
3.64966 1.4382 0 430.706 6.72349e-11
3.64966 1.4382 0 431.709 6.45865e-11
3.64966 1.4382 0 432.711 6.20428e-11
3.64966 1.4382 0 433.714 5.95996e-11
3.64966 1.4382 0 434.716 5.7253e-11
3.64966 1.4382 0 435.719 5.49991e-11
3.64966 1.4382 0 436.721 5.28343e-11
3.64966 1.4382 0 437.724 5.0755e-11
3.64966 1.4382 0 438.726 4.87578e-11
3.64966 1.4382 0 439.728 4.68395e-11
3.64966 1.4382 0 440.731 4.49969e-11
3.64966 1.4382 0 441.733 4.3227e-11
3.64966 1.4382 0 442.736 4.1527e-11
3.64966 1.4382 0 443.738 3.98941e-11
3.64966 1.4382 0 444.741 3.83256e-11
3.64966 1.4382 0 445.743 3.6819e-11
3.64966 1.4382 0 446.746 3.53718e-11
3.64966 1.4382 0 447.748 3.39817e-11
3.64966 1.4382 0 448.751 3.26464e-11
3.64966 1.4382 0 449.753 3.13637e-11
3.64966 1.4382 0 450.756 3.01316e-11
3.64966 1.4382 0 451.758 2.89481e-11
3.64966 1.4382 0 452.761 2.78112e-11
3.64966 1.4382 0 453.763 2.6719e-11
3.64966 1.4382 0 454.765 2.567e-11
3.64966 1.4382 0 455.768 2.46622e-11
3.64966 1.4382 0 456.77 2.36941e-11
3.64966 1.4382 0 457.773 2.27641e-11
3.64966 1.4382 0 458.775 2.18708e-11
3.64966 1.4382 0 459.778 2.10126e-11
3.64966 1.4382 0 460.78 2.01882e-11
3.64966 1.4382 0 461.783 1.93962e-11
3.64966 1.4382 0 462.785 1.86354e-11
3.64966 1.4382 0 463.788 1.79045e-11
3.64966 1.4382 0 464.79 1.72024e-11
3.64966 1.4382 0 465.793 1.65279e-11
3.64966 1.4382 0 466.795 1.58799e-11
3.64966 1.4382 0 467.798 1.52574e-11
3.64966 1.4382 0 468.8 1.46593e-11
3.64966 1.4382 0 469.803 1.40848e-11
3.64966 1.4382 0 470.805 1.35328e-11
3.64966 1.4382 0 471.807 1.30026e-11
3.64966 1.4382 0 472.81 1.24932e-11
3.64966 1.4382 0 473.812 1.20037e-11
3.64966 1.4382 0 474.815 1.15336e-11
3.64966 1.4382 0 475.817 1.10818e-11
3.64966 1.4382 0 476.82 1.06479e-11
3.64966 1.4382 0 477.822 1.02309e-11
3.64966 1.4382 0 478.825 9.83035e-12
3.64966 1.4382 0 479.827 9.44551e-12
3.64966 1.4382 0 480.83 9.07577e-12
3.64966 1.4382 0 481.832 8.72055e-12
3.64966 1.4382 0 482.835 8.37926e-12
3.64966 1.4382 0 483.837 8.05136e-12
3.64966 1.4382 0 484.84 7.73633e-12
3.64966 1.4382 0 485.842 7.43366e-12
3.64966 1.4382 0 486.844 7.14286e-12
3.64966 1.4382 0 487.847 6.86346e-12
3.64966 1.4382 0 488.849 6.59502e-12
3.64966 1.4382 0 489.852 6.3371e-12
3.64966 1.4382 0 490.854 6.0893e-12
3.64966 1.4382 0 491.857 5.85121e-12
3.64966 1.4382 0 492.859 5.62245e-12
3.64966 1.4382 0 493.862 5.40266e-12
3.64966 1.4382 0 494.864 5.19148e-12
3.64966 1.4382 0 495.867 4.98857e-12
3.64966 1.4382 0 496.869 4.79361e-12
3.64966 1.4382 0 497.872 4.60629e-12
3.64966 1.4382 0 498.874 4.42631e-12
3.64966 1.4382 0 499.877 4.25338e-12
3.64966 1.4382 0 500.879 4.08722e-12
3.64966 1.4382 0 501.882 3.92756e-12
3.64966 1.4382 0 502.884 3.77416e-12
3.64966 1.4382 0 503.886 3.62676e-12
3.64966 1.4382 0 504.889 3.48513e-12
3.64966 1.4382 0 505.891 3.34904e-12
3.64966 1.4382 0 506.894 3.21828e-12
3.64966 1.4382 0 507.896 3.09264e-12
3.64966 1.4382 0 508.899 2.97191e-12
3.64966 1.4382 0 509.901 2.85591e-12
3.64966 1.4382 0 510.904 2.74444e-12
3.64966 1.4382 0 511.906 2.63733e-12
3.64966 1.4382 0 512.909 2.53441e-12
3.64966 1.4382 0 513.911 2.43552e-12
3.64966 1.4382 0 514.914 2.3405e-12
3.64966 1.4382 0 515.916 2.24919e-12
3.64966 1.4382 0 516.919 2.16145e-12
3.64966 1.4382 0 517.921 2.07713e-12
3.64966 1.4382 0 518.923 1.99612e-12
3.64966 1.4382 0 519.926 1.91827e-12
3.64966 1.4382 0 520.928 1.84346e-12
3.64966 1.4382 0 521.931 1.77158e-12
3.64966 1.4382 0 522.933 1.70251e-12
3.64966 1.4382 0 523.936 1.63613e-12
3.64966 1.4382 0 524.938 1.57235e-12
3.64966 1.4382 0 525.941 1.51106e-12
3.64966 1.4382 0 526.943 1.45216e-12
3.64966 1.4382 0 527.946 1.39556e-12
3.64966 1.4382 0 528.948 1.34117e-12
3.64966 1.4382 0 529.951 1.28891e-12
3.64966 1.4382 0 530.953 1.23869e-12
3.64966 1.4382 0 531.956 1.19043e-12
3.64966 1.4382 0 532.958 1.14405e-12
3.64966 1.4382 0 533.961 1.09948e-12
3.64966 1.4382 0 534.963 1.05665e-12
3.64966 1.4382 0 535.965 1.01549e-12
3.64966 1.4382 0 536.968 9.75943e-13
3.64966 1.4382 0 537.97 9.37936e-13
3.64966 1.4382 0 538.973 9.01411e-13
3.64966 1.4382 0 539.975 8.66311e-13
3.64966 1.4382 0 540.978 8.32581e-13
3.64966 1.4382 0 541.98 8.00166e-13
3.64966 1.4382 0 542.983 7.69015e-13
3.64966 1.4382 0 543.985 7.3908e-13
3.64966 1.4382 0 544.988 7.10311e-13
3.64966 1.4382 0 545.99 6.82665e-13
3.64966 1.4382 0 546.993 6.56096e-13
3.64966 1.4382 0 547.995 6.30564e-13
3.64966 1.4382 0 548.998 6.06026e-13
3.64966 1.4382 0 550 5.82446e-13

