3.19479 1.4382 0 100.01 1.70387e-05
3.19479 1.4382 0 101.012 3.02275e-05
3.19479 1.4382 0 102.015 2.86266e-05
3.19479 1.4382 0 103.017 2.61712e-05
3.19479 1.4382 0 104.02 2.39763e-05
3.19479 1.4382 0 105.022 2.20315e-05
3.19479 1.4382 0 106.025 2.02974e-05
3.19479 1.4382 0 107.027 1.87432e-05
3.19479 1.4382 0 108.03 1.73445e-05
3.19479 1.4382 0 109.032 1.60813e-05
3.19479 1.4382 0 110.035 1.49368e-05
3.19479 1.4382 0 111.037 1.38972e-05
3.19479 1.4382 0 112.04 1.29502e-05
3.19479 1.4382 0 113.042 1.20857e-05
3.19479 1.4382 0 114.045 1.12946e-05
3.19479 1.4382 0 115.047 1.05691e-05
3.19479 1.4382 0 116.05 9.90258e-06
3.19479 1.4382 0 117.052 9.28898e-06
3.19479 1.4382 0 118.055 8.72309e-06
3.19479 1.4382 0 119.057 8.2003e-06
3.19479 1.4382 0 120.06 7.71653e-06
3.19479 1.4382 0 121.062 7.26818e-06
3.19479 1.4382 0 122.065 6.85201e-06
3.19479 1.4382 0 123.067 6.46518e-06
3.19479 1.4382 0 124.07 6.10511e-06
3.19479 1.4382 0 125.072 5.76953e-06
3.19479 1.4382 0 126.075 5.45637e-06
3.19479 1.4382 0 127.077 5.16379e-06
3.19479 1.4382 0 128.079 4.89013e-06
3.19479 1.4382 0 129.082 4.63388e-06
3.19479 1.4382 0 130.084 4.39369e-06
3.19479 1.4382 0 131.087 4.16832e-06
3.19479 1.4382 0 132.089 3.95666e-06
3.19479 1.4382 0 133.092 3.7577e-06
3.19479 1.4382 0 134.094 3.57051e-06
3.19479 1.4382 0 135.097 3.39425e-06
3.19479 1.4382 0 136.099 3.22814e-06
3.19479 1.4382 0 137.102 3.07149e-06
3.19479 1.4382 0 138.104 2.92365e-06
3.19479 1.4382 0 139.107 2.78402e-06
3.19479 1.4382 0 140.109 2.65206e-06
3.19479 1.4382 0 141.112 2.52728e-06
3.19479 1.4382 0 142.114 2.4092e-06
3.19479 1.4382 0 143.117 2.2974e-06
3.19479 1.4382 0 144.119 2.1915e-06
3.19479 1.4382 0 145.122 2.09111e-06
3.19479 1.4382 0 146.124 1.99591e-06
3.19479 1.4382 0 147.127 1.90559e-06
3.19479 1.4382 0 148.129 1.81985e-06
3.19479 1.4382 0 149.132 1.73842e-06
3.19479 1.4382 0 150.134 1.66106e-06
3.19479 1.4382 0 151.137 1.58752e-06
3.19479 1.4382 0 152.139 1.5176e-06
3.19479 1.4382 0 153.142 1.45108e-06
3.19479 1.4382 0 154.144 1.38779e-06
3.19479 1.4382 0 155.146 1.32753e-06
3.19479 1.4382 0 156.149 1.27014e-06
3.19479 1.4382 0 157.151 1.21548e-06
3.19479 1.4382 0 158.154 1.16339e-06
3.19479 1.4382 0 159.156 1.11373e-06
3.19479 1.4382 0 160.159 1.06638e-06
3.19479 1.4382 0 161.161 1.02122e-06
3.19479 1.4382 0 162.164 9.78141e-07
3.19479 1.4382 0 163.166 9.37025e-07
3.19479 1.4382 0 164.169 8.97778e-07
3.19479 1.4382 0 165.171 8.60304e-07
3.19479 1.4382 0 166.174 8.24515e-07
3.19479 1.4382 0 167.176 7.90328e-07
3.19479 1.4382 0 168.179 7.57662e-07
3.19479 1.4382 0 169.181 7.26444e-07
3.19479 1.4382 0 170.184 6.96603e-07
3.19479 1.4382 0 171.186 6.68072e-07
3.19479 1.4382 0 172.189 6.40788e-07
3.19479 1.4382 0 173.191 6.14692e-07
3.19479 1.4382 0 174.194 5.89727e-07
3.19479 1.4382 0 175.196 5.65839e-07
3.19479 1.4382 0 176.199 5.42979e-07
3.19479 1.4382 0 177.201 5.21099e-07
3.19479 1.4382 0 178.204 5.00152e-07
3.19479 1.4382 0 179.206 4.80096e-07
3.19479 1.4382 0 180.208 4.6089e-07
3.19479 1.4382 0 181.211 4.42494e-07
3.19479 1.4382 0 182.213 4.24873e-07
3.19479 1.4382 0 183.216 4.07991e-07
3.19479 1.4382 0 184.218 3.91815e-07
3.19479 1.4382 0 185.221 3.76313e-07
3.19479 1.4382 0 186.223 3.61455e-07
3.19479 1.4382 0 187.226 3.47213e-07
3.19479 1.4382 0 188.228 3.33558e-07
3.19479 1.4382 0 189.231 3.20467e-07
3.19479 1.4382 0 190.233 3.07913e-07
3.19479 1.4382 0 191.236 2.95873e-07
3.19479 1.4382 0 192.238 2.84325e-07
3.19479 1.4382 0 193.241 2.73247e-07
3.19479 1.4382 0 194.243 2.6262e-07
3.19479 1.4382 0 195.246 2.52423e-07
3.19479 1.4382 0 196.248 2.42639e-07
3.19479 1.4382 0 197.251 2.33249e-07
3.19479 1.4382 0 198.253 2.24237e-07
3.19479 1.4382 0 199.256 2.15588e-07
3.19479 1.4382 0 200.258 2.07284e-07
3.19479 1.4382 0 201.261 1.99313e-07
3.19479 1.4382 0 202.263 1.9166e-07
3.19479 1.4382 0 203.266 1.84311e-07
3.19479 1.4382 0 204.268 1.77254e-07
3.19479 1.4382 0 205.271 1.70477e-07
3.19479 1.4382 0 206.273 1.63968e-07
3.19479 1.4382 0 207.275 1.57716e-07
3.19479 1.4382 0 208.278 1.51711e-07
3.19479 1.4382 0 209.28 1.45942e-07
3.19479 1.4382 0 210.283 1.40399e-07
3.19479 1.4382 0 211.285 1.35074e-07
3.19479 1.4382 0 212.288 1.29957e-07
3.19479 1.4382 0 213.29 1.2504e-07
3.19479 1.4382 0 214.293 1.20314e-07
3.19479 1.4382 0 215.295 1.15773e-07
3.19479 1.4382 0 216.298 1.11408e-07
3.19479 1.4382 0 217.3 1.07212e-07
3.19479 1.4382 0 218.303 1.03179e-07
3.19479 1.4382 0 219.305 9.9302e-08
3.19479 1.4382 0 220.308 9.55746e-08
3.19479 1.4382 0 221.31 9.19911e-08
3.19479 1.4382 0 222.313 8.85455e-08
3.19479 1.4382 0 223.315 8.52324e-08
3.19479 1.4382 0 224.318 8.20465e-08
3.19479 1.4382 0 225.32 7.89828e-08
3.19479 1.4382 0 226.323 7.60364e-08
3.19479 1.4382 0 227.325 7.32026e-08
3.19479 1.4382 0 228.328 7.04771e-08
3.19479 1.4382 0 229.33 6.78556e-08
3.19479 1.4382 0 230.333 6.53339e-08
3.19479 1.4382 0 231.335 6.29081e-08
3.19479 1.4382 0 232.338 6.05745e-08
3.19479 1.4382 0 233.34 5.83294e-08
3.19479 1.4382 0 234.342 5.61695e-08
3.19479 1.4382 0 235.345 5.40913e-08
3.19479 1.4382 0 236.347 5.20917e-08
3.19479 1.4382 0 237.35 5.01676e-08
3.19479 1.4382 0 238.352 4.83162e-08
3.19479 1.4382 0 239.355 4.65345e-08
3.19479 1.4382 0 240.357 4.48199e-08
3.19479 1.4382 0 241.36 4.31697e-08
3.19479 1.4382 0 242.362 4.15816e-08
3.19479 1.4382 0 243.365 4.0053e-08
3.19479 1.4382 0 244.367 3.85818e-08
3.19479 1.4382 0 245.37 3.71656e-08
3.19479 1.4382 0 246.372 3.58025e-08
3.19479 1.4382 0 247.375 3.44903e-08
3.19479 1.4382 0 248.377 3.32271e-08
3.19479 1.4382 0 249.38 3.2011e-08
3.19479 1.4382 0 250.382 3.08402e-08
3.19479 1.4382 0 251.385 2.9713e-08
3.19479 1.4382 0 252.387 2.86278e-08
3.19479 1.4382 0 253.39 2.75829e-08
3.19479 1.4382 0 254.392 2.65768e-08
3.19479 1.4382 0 255.395 2.5608e-08
3.19479 1.4382 0 256.397 2.46752e-08
3.19479 1.4382 0 257.4 2.37769e-08
3.19479 1.4382 0 258.402 2.29118e-08
3.19479 1.4382 0 259.405 2.20788e-08
3.19479 1.4382 0 260.407 2.12765e-08
3.19479 1.4382 0 261.409 2.05038e-08
3.19479 1.4382 0 262.412 1.97597e-08
3.19479 1.4382 0 263.414 1.90429e-08
3.19479 1.4382 0 264.417 1.83526e-08
3.19479 1.4382 0 265.419 1.76877e-08
3.19479 1.4382 0 266.422 1.70472e-08
3.19479 1.4382 0 267.424 1.64303e-08
3.19479 1.4382 0 268.427 1.5836e-08
3.19479 1.4382 0 269.429 1.52635e-08
3.19479 1.4382 0 270.432 1.47121e-08
3.19479 1.4382 0 271.434 1.41808e-08
3.19479 1.4382 0 272.437 1.3669e-08
3.19479 1.4382 0 273.439 1.31759e-08
3.19479 1.4382 0 274.442 1.27008e-08
3.19479 1.4382 0 275.444 1.22431e-08
3.19479 1.4382 0 276.447 1.18022e-08
3.19479 1.4382 0 277.449 1.13773e-08
3.19479 1.4382 0 278.452 1.09679e-08
3.19479 1.4382 0 279.454 1.05734e-08
3.19479 1.4382 0 280.457 1.01933e-08
3.19479 1.4382 0 281.459 9.82709e-09
3.19479 1.4382 0 282.462 9.47416e-09
3.19479 1.4382 0 283.464 9.13406e-09
3.19479 1.4382 0 284.467 8.80632e-09
3.19479 1.4382 0 285.469 8.49049e-09
3.19479 1.4382 0 286.472 8.18612e-09
3.19479 1.4382 0 287.474 7.89279e-09
3.19479 1.4382 0 288.476 7.61009e-09
3.19479 1.4382 0 289.479 7.33764e-09
3.19479 1.4382 0 290.481 7.07505e-09
3.19479 1.4382 0 291.484 6.82197e-09
3.19479 1.4382 0 292.486 6.57804e-09
3.19479 1.4382 0 293.489 6.34294e-09
3.19479 1.4382 0 294.491 6.11633e-09
3.19479 1.4382 0 295.494 5.8979e-09
3.19479 1.4382 0 296.496 5.68736e-09
3.19479 1.4382 0 297.499 5.48442e-09
3.19479 1.4382 0 298.501 5.28879e-09
3.19479 1.4382 0 299.504 5.10022e-09
3.19479 1.4382 0 300.506 4.91844e-09
3.19479 1.4382 0 301.509 4.7432e-09
3.19479 1.4382 0 302.511 4.57427e-09
3.19479 1.4382 0 303.514 4.41142e-09
3.19479 1.4382 0 304.516 4.25443e-09
3.19479 1.4382 0 305.519 4.10307e-09
3.19479 1.4382 0 306.521 3.95716e-09
3.19479 1.4382 0 307.524 3.81648e-09
3.19479 1.4382 0 308.526 3.68086e-09
3.19479 1.4382 0 309.529 3.55009e-09
3.19479 1.4382 0 310.531 3.42402e-09
3.19479 1.4382 0 311.534 3.30247e-09
3.19479 1.4382 0 312.536 3.18527e-09
3.19479 1.4382 0 313.538 3.07227e-09
3.19479 1.4382 0 314.541 2.96331e-09
3.19479 1.4382 0 315.543 2.85826e-09
3.19479 1.4382 0 316.546 2.75696e-09
3.19479 1.4382 0 317.548 2.65928e-09
3.19479 1.4382 0 318.551 2.56509e-09
3.19479 1.4382 0 319.553 2.47427e-09
3.19479 1.4382 0 320.556 2.38669e-09
3.19479 1.4382 0 321.558 2.30224e-09
3.19479 1.4382 0 322.561 2.2208e-09
3.19479 1.4382 0 323.563 2.14226e-09
3.19479 1.4382 0 324.566 2.06653e-09
3.19479 1.4382 0 325.568 1.99349e-09
3.19479 1.4382 0 326.571 1.92306e-09
3.19479 1.4382 0 327.573 1.85514e-09
3.19479 1.4382 0 328.576 1.78963e-09
3.19479 1.4382 0 329.578 1.72646e-09
3.19479 1.4382 0 330.581 1.66553e-09
3.19479 1.4382 0 331.583 1.60677e-09
3.19479 1.4382 0 332.586 1.5501e-09
3.19479 1.4382 0 333.588 1.49544e-09
3.19479 1.4382 0 334.591 1.44272e-09
3.19479 1.4382 0 335.593 1.39188e-09
3.19479 1.4382 0 336.596 1.34284e-09
3.19479 1.4382 0 337.598 1.29554e-09
3.19479 1.4382 0 338.601 1.24992e-09
3.19479 1.4382 0 339.603 1.20592e-09
3.19479 1.4382 0 340.605 1.16348e-09
3.19479 1.4382 0 341.608 1.12254e-09
3.19479 1.4382 0 342.61 1.08305e-09
3.19479 1.4382 0 343.613 1.04496e-09
3.19479 1.4382 0 344.615 1.00822e-09
3.19479 1.4382 0 345.618 9.72784e-10
3.19479 1.4382 0 346.62 9.38598e-10
3.19479 1.4382 0 347.623 9.05622e-10
3.19479 1.4382 0 348.625 8.73813e-10
3.19479 1.4382 0 349.628 8.43128e-10
3.19479 1.4382 0 350.63 8.13528e-10
3.19479 1.4382 0 351.633 7.84973e-10
3.19479 1.4382 0 352.635 7.57427e-10
3.19479 1.4382 0 353.638 7.30854e-10
3.19479 1.4382 0 354.64 7.0522e-10
3.19479 1.4382 0 355.643 6.8049e-10
3.19479 1.4382 0 356.645 6.56632e-10
3.19479 1.4382 0 357.648 6.33616e-10
3.19479 1.4382 0 358.65 6.11412e-10
3.19479 1.4382 0 359.653 5.89991e-10
3.19479 1.4382 0 360.655 5.69325e-10
3.19479 1.4382 0 361.658 5.49386e-10
3.19479 1.4382 0 362.66 5.30151e-10
3.19479 1.4382 0 363.663 5.11592e-10
3.19479 1.4382 0 364.665 4.93688e-10
3.19479 1.4382 0 365.668 4.76413e-10
3.19479 1.4382 0 366.67 4.59746e-10
3.19479 1.4382 0 367.672 4.43666e-10
3.19479 1.4382 0 368.675 4.28151e-10
3.19479 1.4382 0 369.677 4.13182e-10
3.19479 1.4382 0 370.68 3.98739e-10
3.19479 1.4382 0 371.682 3.84804e-10
3.19479 1.4382 0 372.685 3.71359e-10
3.19479 1.4382 0 373.687 3.58385e-10
3.19479 1.4382 0 374.69 3.45868e-10
3.19479 1.4382 0 375.692 3.3379e-10
3.19479 1.4382 0 376.695 3.22136e-10
3.19479 1.4382 0 377.697 3.10891e-10
3.19479 1.4382 0 378.7 3.0004e-10
3.19479 1.4382 0 379.702 2.8957e-10
3.19479 1.4382 0 380.705 2.79468e-10
3.19479 1.4382 0 381.707 2.69719e-10
3.19479 1.4382 0 382.71 2.60313e-10
3.19479 1.4382 0 383.712 2.51236e-10
3.19479 1.4382 0 384.715 2.42477e-10
3.19479 1.4382 0 385.717 2.34025e-10
3.19479 1.4382 0 386.72 2.25869e-10
3.19479 1.4382 0 387.722 2.17999e-10
3.19479 1.4382 0 388.725 2.10404e-10
3.19479 1.4382 0 389.727 2.03076e-10
3.19479 1.4382 0 390.73 1.96003e-10
3.19479 1.4382 0 391.732 1.89178e-10
3.19479 1.4382 0 392.735 1.82592e-10
3.19479 1.4382 0 393.737 1.76236e-10
3.19479 1.4382 0 394.739 1.70103e-10
3.19479 1.4382 0 395.742 1.64184e-10
3.19479 1.4382 0 396.744 1.58471e-10
3.19479 1.4382 0 397.747 1.52959e-10
3.19479 1.4382 0 398.749 1.47639e-10
3.19479 1.4382 0 399.752 1.42505e-10
3.19479 1.4382 0 400.754 1.3755e-10
3.19479 1.4382 0 401.757 1.32768e-10
3.19479 1.4382 0 402.759 1.28153e-10
3.19479 1.4382 0 403.762 1.237e-10
3.19479 1.4382 0 404.764 1.19402e-10
3.19479 1.4382 0 405.767 1.15253e-10
3.19479 1.4382 0 406.769 1.1125e-10
3.19479 1.4382 0 407.772 1.07386e-10
3.19479 1.4382 0 408.774 1.03657e-10
3.19479 1.4382 0 409.777 1.00058e-10
3.19479 1.4382 0 410.779 9.6584e-11
3.19479 1.4382 0 411.782 9.32314e-11
3.19479 1.4382 0 412.784 8.99957e-11
3.19479 1.4382 0 413.787 8.68728e-11
3.19479 1.4382 0 414.789 8.38586e-11
3.19479 1.4382 0 415.792 8.09495e-11
3.19479 1.4382 0 416.794 7.81416e-11
3.19479 1.4382 0 417.797 7.54316e-11
3.19479 1.4382 0 418.799 7.28158e-11
3.19479 1.4382 0 419.802 7.02912e-11
3.19479 1.4382 0 420.804 6.78544e-11
3.19479 1.4382 0 421.806 6.55024e-11
3.19479 1.4382 0 422.809 6.32322e-11
3.19479 1.4382 0 423.811 6.10411e-11
3.19479 1.4382 0 424.814 5.89261e-11
3.19479 1.4382 0 425.816 5.68847e-11
3.19479 1.4382 0 426.819 5.49142e-11
3.19479 1.4382 0 427.821 5.30123e-11
3.19479 1.4382 0 428.824 5.11765e-11
3.19479 1.4382 0 429.826 4.94044e-11
3.19479 1.4382 0 430.829 4.7694e-11
3.19479 1.4382 0 431.831 4.6043e-11
3.19479 1.4382 0 432.834 4.44493e-11
3.19479 1.4382 0 433.836 4.2911e-11
3.19479 1.4382 0 434.839 4.14261e-11
3.19479 1.4382 0 435.841 3.99928e-11
3.19479 1.4382 0 436.844 3.86092e-11
3.19479 1.4382 0 437.846 3.72737e-11
3.19479 1.4382 0 438.849 3.59845e-11
3.19479 1.4382 0 439.851 3.47401e-11
3.19479 1.4382 0 440.854 3.35388e-11
3.19479 1.4382 0 441.856 3.23792e-11
3.19479 1.4382 0 442.859 3.12599e-11
3.19479 1.4382 0 443.861 3.01793e-11
3.19479 1.4382 0 444.864 2.91363e-11
3.19479 1.4382 0 445.866 2.81294e-11
3.19479 1.4382 0 446.868 2.71574e-11
3.19479 1.4382 0 447.871 2.62191e-11
3.19479 1.4382 0 448.873 2.53133e-11
3.19479 1.4382 0 449.876 2.44389e-11
3.19479 1.4382 0 450.878 2.35948e-11
3.19479 1.4382 0 451.881 2.278e-11
3.19479 1.4382 0 452.883 2.19934e-11
3.19479 1.4382 0 453.886 2.1234e-11
3.19479 1.4382 0 454.888 2.05009e-11
3.19479 1.4382 0 455.891 1.97933e-11
3.19479 1.4382 0 456.893 1.91101e-11
3.19479 1.4382 0 457.896 1.84505e-11
3.19479 1.4382 0 458.898 1.78138e-11
3.19479 1.4382 0 459.901 1.71992e-11
3.19479 1.4382 0 460.903 1.66058e-11
3.19479 1.4382 0 461.906 1.60329e-11
3.19479 1.4382 0 462.908 1.54799e-11
3.19479 1.4382 0 463.911 1.4946e-11
3.19479 1.4382 0 464.913 1.44305e-11
3.19479 1.4382 0 465.916 1.39329e-11
3.19479 1.4382 0 466.918 1.34525e-11
3.19479 1.4382 0 467.921 1.29887e-11
3.19479 1.4382 0 468.923 1.2541e-11
3.19479 1.4382 0 469.926 1.21087e-11
3.19479 1.4382 0 470.928 1.16914e-11
3.19479 1.4382 0 471.931 1.12884e-11
3.19479 1.4382 0 472.933 1.08994e-11
3.19479 1.4382 0 473.935 1.05239e-11
3.19479 1.4382 0 474.938 1.01613e-11
3.19479 1.4382 0 475.94 9.81127e-12
3.19479 1.4382 0 476.943 9.47331e-12
3.19479 1.4382 0 477.945 9.14702e-12
3.19479 1.4382 0 478.948 8.83201e-12
3.19479 1.4382 0 479.95 8.52787e-12
3.19479 1.4382 0 480.953 8.23423e-12
3.19479 1.4382 0 481.955 7.95072e-12
3.19479 1.4382 0 482.958 7.67701e-12
3.19479 1.4382 0 483.96 7.41274e-12
3.19479 1.4382 0 484.963 7.15759e-12
3.19479 1.4382 0 485.965 6.91124e-12
3.19479 1.4382 0 486.968 6.6734e-12
3.19479 1.4382 0 487.97 6.44376e-12
3.19479 1.4382 0 488.973 6.22204e-12
3.19479 1.4382 0 489.975 6.00798e-12
3.19479 1.4382 0 490.978 5.80129e-12
3.19479 1.4382 0 491.98 5.60173e-12
3.19479 1.4382 0 492.983 5.40906e-12
3.19479 1.4382 0 493.985 5.22302e-12
3.19479 1.4382 0 494.988 5.0434e-12
3.19479 1.4382 0 495.99 4.86998e-12
3.19479 1.4382 0 496.993 4.70253e-12
3.19479 1.4382 0 497.995 4.54085e-12
3.19479 1.4382 0 498.998 4.38474e-12
3.19479 1.4382 0 500 4.23402e-12

