3.93413 1.4382 0 100.01 1.46673e-05
3.93413 1.4382 0 101.012 2.48392e-05
3.93413 1.4382 0 102.015 2.23633e-05
3.93413 1.4382 0 103.017 1.97188e-05
3.93413 1.4382 0 104.02 1.75888e-05
3.93413 1.4382 0 105.022 1.58294e-05
3.93413 1.4382 0 106.025 1.43404e-05
3.93413 1.4382 0 107.027 1.3059e-05
3.93413 1.4382 0 108.03 1.19424e-05
3.93413 1.4382 0 109.032 1.09602e-05
3.93413 1.4382 0 110.035 1.00894e-05
3.93413 1.4382 0 111.037 9.31247e-06
3.93413 1.4382 0 112.04 8.61539e-06
3.93413 1.4382 0 113.042 7.98701e-06
3.93413 1.4382 0 114.045 7.41821e-06
3.93413 1.4382 0 115.047 6.90144e-06
3.93413 1.4382 0 116.05 6.43041e-06
3.93413 1.4382 0 117.052 5.99981e-06
3.93413 1.4382 0 118.055 5.60512e-06
3.93413 1.4382 0 119.057 5.24246e-06
3.93413 1.4382 0 120.06 4.90852e-06
3.93413 1.4382 0 121.062 4.6004e-06
3.93413 1.4382 0 122.065 4.31557e-06
3.93413 1.4382 0 123.067 4.05182e-06
3.93413 1.4382 0 124.07 3.80721e-06
3.93413 1.4382 0 125.072 3.58002e-06
3.93413 1.4382 0 126.075 3.36872e-06
3.93413 1.4382 0 127.077 3.17196e-06
3.93413 1.4382 0 128.079 2.98851e-06
3.93413 1.4382 0 129.082 2.81729e-06
3.93413 1.4382 0 130.084 2.65732e-06
3.93413 1.4382 0 131.087 2.50772e-06
3.93413 1.4382 0 132.089 2.36768e-06
3.93413 1.4382 0 133.092 2.23648e-06
3.93413 1.4382 0 134.094 2.11347e-06
3.93413 1.4382 0 135.097 1.99805e-06
3.93413 1.4382 0 136.099 1.88967e-06
3.93413 1.4382 0 137.102 1.78784e-06
3.93413 1.4382 0 138.104 1.69209e-06
3.93413 1.4382 0 139.107 1.60201e-06
3.93413 1.4382 0 140.109 1.51721e-06
3.93413 1.4382 0 141.112 1.43735e-06
3.93413 1.4382 0 142.114 1.36209e-06
3.93413 1.4382 0 143.117 1.29113e-06
3.93413 1.4382 0 144.119 1.2242e-06
3.93413 1.4382 0 145.122 1.16104e-06
3.93413 1.4382 0 146.124 1.10142e-06
3.93413 1.4382 0 147.127 1.0451e-06
3.93413 1.4382 0 148.129 9.91889e-07
3.93413 1.4382 0 149.132 9.41595e-07
3.93413 1.4382 0 150.134 8.9404e-07
3.93413 1.4382 0 151.137 8.49061e-07
3.93413 1.4382 0 152.139 8.06502e-07
3.93413 1.4382 0 153.142 7.66222e-07
3.93413 1.4382 0 154.144 7.28086e-07
3.93413 1.4382 0 155.146 6.9197e-07
3.93413 1.4382 0 156.149 6.57758e-07
3.93413 1.4382 0 157.151 6.2534e-07
3.93413 1.4382 0 158.154 5.94614e-07
3.93413 1.4382 0 159.156 5.65485e-07
3.93413 1.4382 0 160.159 5.37863e-07
3.93413 1.4382 0 161.161 5.11664e-07
3.93413 1.4382 0 162.164 4.86809e-07
3.93413 1.4382 0 163.166 4.63224e-07
3.93413 1.4382 0 164.169 4.40839e-07
3.93413 1.4382 0 165.171 4.19589e-07
3.93413 1.4382 0 166.174 3.99413e-07
3.93413 1.4382 0 167.176 3.80253e-07
3.93413 1.4382 0 168.179 3.62054e-07
3.93413 1.4382 0 169.181 3.44765e-07
3.93413 1.4382 0 170.184 3.28338e-07
3.93413 1.4382 0 171.186 3.12726e-07
3.93413 1.4382 0 172.189 2.97888e-07
3.93413 1.4382 0 173.191 2.83783e-07
3.93413 1.4382 0 174.194 2.70372e-07
3.93413 1.4382 0 175.196 2.5762e-07
3.93413 1.4382 0 176.199 2.45492e-07
3.93413 1.4382 0 177.201 2.33956e-07
3.93413 1.4382 0 178.204 2.22982e-07
3.93413 1.4382 0 179.206 2.12541e-07
3.93413 1.4382 0 180.208 2.02607e-07
3.93413 1.4382 0 181.211 1.93152e-07
3.93413 1.4382 0 182.213 1.84153e-07
3.93413 1.4382 0 183.216 1.75588e-07
3.93413 1.4382 0 184.218 1.67433e-07
3.93413 1.4382 0 185.221 1.5967e-07
3.93413 1.4382 0 186.223 1.52277e-07
3.93413 1.4382 0 187.226 1.45237e-07
3.93413 1.4382 0 188.228 1.38532e-07
3.93413 1.4382 0 189.231 1.32145e-07
3.93413 1.4382 0 190.233 1.26062e-07
3.93413 1.4382 0 191.236 1.20266e-07
3.93413 1.4382 0 192.238 1.14744e-07
3.93413 1.4382 0 193.241 1.09483e-07
3.93413 1.4382 0 194.243 1.04469e-07
3.93413 1.4382 0 195.246 9.96904e-08
3.93413 1.4382 0 196.248 9.51362e-08
3.93413 1.4382 0 197.251 9.07952e-08
3.93413 1.4382 0 198.253 8.66572e-08
3.93413 1.4382 0 199.256 8.27123e-08
3.93413 1.4382 0 200.258 7.89512e-08
3.93413 1.4382 0 201.261 7.53651e-08
3.93413 1.4382 0 202.263 7.19457e-08
3.93413 1.4382 0 203.266 6.86849e-08
3.93413 1.4382 0 204.268 6.55751e-08
3.93413 1.4382 0 205.271 6.26092e-08
3.93413 1.4382 0 206.273 5.97803e-08
3.93413 1.4382 0 207.275 5.70819e-08
3.93413 1.4382 0 208.278 5.45078e-08
3.93413 1.4382 0 209.28 5.20522e-08
3.93413 1.4382 0 210.283 4.97094e-08
3.93413 1.4382 0 211.285 4.74741e-08
3.93413 1.4382 0 212.288 4.53413e-08
3.93413 1.4382 0 213.29 4.33061e-08
3.93413 1.4382 0 214.293 4.13639e-08
3.93413 1.4382 0 215.295 3.95105e-08
3.93413 1.4382 0 216.298 3.77416e-08
3.93413 1.4382 0 217.3 3.60534e-08
3.93413 1.4382 0 218.303 3.4442e-08
3.93413 1.4382 0 219.305 3.29038e-08
3.93413 1.4382 0 220.308 3.14355e-08
3.93413 1.4382 0 221.31 3.00339e-08
3.93413 1.4382 0 222.313 2.86957e-08
3.93413 1.4382 0 223.315 2.74182e-08
3.93413 1.4382 0 224.318 2.61984e-08
3.93413 1.4382 0 225.32 2.50338e-08
3.93413 1.4382 0 226.323 2.39218e-08
3.93413 1.4382 0 227.325 2.28599e-08
3.93413 1.4382 0 228.328 2.18458e-08
3.93413 1.4382 0 229.33 2.08774e-08
3.93413 1.4382 0 230.333 1.99526e-08
3.93413 1.4382 0 231.335 1.90693e-08
3.93413 1.4382 0 232.338 1.82257e-08
3.93413 1.4382 0 233.34 1.742e-08
3.93413 1.4382 0 234.342 1.66503e-08
3.93413 1.4382 0 235.345 1.59152e-08
3.93413 1.4382 0 236.347 1.52129e-08
3.93413 1.4382 0 237.35 1.4542e-08
3.93413 1.4382 0 238.352 1.39011e-08
3.93413 1.4382 0 239.355 1.32889e-08
3.93413 1.4382 0 240.357 1.27039e-08
3.93413 1.4382 0 241.36 1.2145e-08
3.93413 1.4382 0 242.362 1.1611e-08
3.93413 1.4382 0 243.365 1.11008e-08
3.93413 1.4382 0 244.367 1.06133e-08
3.93413 1.4382 0 245.37 1.01474e-08
3.93413 1.4382 0 246.372 9.70222e-09
3.93413 1.4382 0 247.375 9.27681e-09
3.93413 1.4382 0 248.377 8.87026e-09
3.93413 1.4382 0 249.38 8.48173e-09
3.93413 1.4382 0 250.382 8.11042e-09
3.93413 1.4382 0 251.385 7.75554e-09
3.93413 1.4382 0 252.387 7.41636e-09
3.93413 1.4382 0 253.39 7.09217e-09
3.93413 1.4382 0 254.392 6.78231e-09
3.93413 1.4382 0 255.395 6.48613e-09
3.93413 1.4382 0 256.397 6.20302e-09
3.93413 1.4382 0 257.4 5.93239e-09
3.93413 1.4382 0 258.402 5.67369e-09
3.93413 1.4382 0 259.405 5.42639e-09
3.93413 1.4382 0 260.407 5.18997e-09
3.93413 1.4382 0 261.409 4.96396e-09
3.93413 1.4382 0 262.412 4.74788e-09
3.93413 1.4382 0 263.414 4.5413e-09
3.93413 1.4382 0 264.417 4.34379e-09
3.93413 1.4382 0 265.419 4.15496e-09
3.93413 1.4382 0 266.422 3.97441e-09
3.93413 1.4382 0 267.424 3.80178e-09
3.93413 1.4382 0 268.427 3.63671e-09
3.93413 1.4382 0 269.429 3.47888e-09
3.93413 1.4382 0 270.432 3.32795e-09
3.93413 1.4382 0 271.434 3.18363e-09
3.93413 1.4382 0 272.437 3.04563e-09
3.93413 1.4382 0 273.439 2.91366e-09
3.93413 1.4382 0 274.442 2.78745e-09
3.93413 1.4382 0 275.444 2.66676e-09
3.93413 1.4382 0 276.447 2.55133e-09
3.93413 1.4382 0 277.449 2.44095e-09
3.93413 1.4382 0 278.452 2.33538e-09
3.93413 1.4382 0 279.454 2.23441e-09
3.93413 1.4382 0 280.457 2.13784e-09
3.93413 1.4382 0 281.459 2.04548e-09
3.93413 1.4382 0 282.462 1.95714e-09
3.93413 1.4382 0 283.464 1.87264e-09
3.93413 1.4382 0 284.467 1.79182e-09
3.93413 1.4382 0 285.469 1.71451e-09
3.93413 1.4382 0 286.472 1.64057e-09
3.93413 1.4382 0 287.474 1.56984e-09
3.93413 1.4382 0 288.476 1.50217e-09
3.93413 1.4382 0 289.479 1.43745e-09
3.93413 1.4382 0 290.481 1.37554e-09
3.93413 1.4382 0 291.484 1.31631e-09
3.93413 1.4382 0 292.486 1.25965e-09
3.93413 1.4382 0 293.489 1.20544e-09
3.93413 1.4382 0 294.491 1.15358e-09
3.93413 1.4382 0 295.494 1.10397e-09
3.93413 1.4382 0 296.496 1.05651e-09
3.93413 1.4382 0 297.499 1.0111e-09
3.93413 1.4382 0 298.501 9.67658e-10
3.93413 1.4382 0 299.504 9.26093e-10
3.93413 1.4382 0 300.506 8.86325e-10
3.93413 1.4382 0 301.509 8.48276e-10
3.93413 1.4382 0 302.511 8.1187e-10
3.93413 1.4382 0 303.514 7.77037e-10
3.93413 1.4382 0 304.516 7.43707e-10
3.93413 1.4382 0 305.519 7.11816e-10
3.93413 1.4382 0 306.521 6.81301e-10
3.93413 1.4382 0 307.524 6.52102e-10
3.93413 1.4382 0 308.526 6.24162e-10
3.93413 1.4382 0 309.529 5.97426e-10
3.93413 1.4382 0 310.531 5.71841e-10
3.93413 1.4382 0 311.534 5.47359e-10
3.93413 1.4382 0 312.536 5.23932e-10
3.93413 1.4382 0 313.538 5.01512e-10
3.93413 1.4382 0 314.541 4.80058e-10
3.93413 1.4382 0 315.543 4.59526e-10
3.93413 1.4382 0 316.546 4.39877e-10
3.93413 1.4382 0 317.548 4.21073e-10
3.93413 1.4382 0 318.551 4.03078e-10
3.93413 1.4382 0 319.553 3.85855e-10
3.93413 1.4382 0 320.556 3.69373e-10
3.93413 1.4382 0 321.558 3.53598e-10
3.93413 1.4382 0 322.561 3.385e-10
3.93413 1.4382 0 323.563 3.24051e-10
3.93413 1.4382 0 324.566 3.10221e-10
3.93413 1.4382 0 325.568 2.96985e-10
3.93413 1.4382 0 326.571 2.84316e-10
3.93413 1.4382 0 327.573 2.7219e-10
3.93413 1.4382 0 328.576 2.60585e-10
3.93413 1.4382 0 329.578 2.49476e-10
3.93413 1.4382 0 330.581 2.38843e-10
3.93413 1.4382 0 331.583 2.28666e-10
3.93413 1.4382 0 332.586 2.18924e-10
3.93413 1.4382 0 333.588 2.096e-10
3.93413 1.4382 0 334.591 2.00674e-10
3.93413 1.4382 0 335.593 1.9213e-10
3.93413 1.4382 0 336.596 1.83952e-10
3.93413 1.4382 0 337.598 1.76124e-10
3.93413 1.4382 0 338.601 1.6863e-10
3.93413 1.4382 0 339.603 1.61456e-10
3.93413 1.4382 0 340.605 1.54589e-10
3.93413 1.4382 0 341.608 1.48015e-10
3.93413 1.4382 0 342.61 1.41723e-10
3.93413 1.4382 0 343.613 1.35698e-10
3.93413 1.4382 0 344.615 1.29931e-10
3.93413 1.4382 0 345.618 1.2441e-10
3.93413 1.4382 0 346.62 1.19125e-10
3.93413 1.4382 0 347.623 1.14065e-10
3.93413 1.4382 0 348.625 1.09221e-10
3.93413 1.4382 0 349.628 1.04584e-10
3.93413 1.4382 0 350.63 1.00144e-10
3.93413 1.4382 0 351.633 9.58938e-11
3.93413 1.4382 0 352.635 9.18245e-11
3.93413 1.4382 0 353.638 8.79285e-11
3.93413 1.4382 0 354.64 8.41985e-11
3.93413 1.4382 0 355.643 8.06274e-11
3.93413 1.4382 0 356.645 7.72083e-11
3.93413 1.4382 0 357.648 7.39348e-11
3.93413 1.4382 0 358.65 7.08006e-11
3.93413 1.4382 0 359.653 6.77997e-11
3.93413 1.4382 0 360.655 6.49266e-11
3.93413 1.4382 0 361.658 6.21756e-11
3.93413 1.4382 0 362.66 5.95417e-11
3.93413 1.4382 0 363.663 5.70197e-11
3.93413 1.4382 0 364.665 5.4605e-11
3.93413 1.4382 0 365.668 5.22929e-11
3.93413 1.4382 0 366.67 5.0079e-11
3.93413 1.4382 0 367.672 4.79592e-11
3.93413 1.4382 0 368.675 4.59295e-11
3.93413 1.4382 0 369.677 4.3986e-11
3.93413 1.4382 0 370.68 4.2125e-11
3.93413 1.4382 0 371.682 4.0343e-11
3.93413 1.4382 0 372.685 3.86366e-11
3.93413 1.4382 0 373.687 3.70027e-11
3.93413 1.4382 0 374.69 3.54381e-11
3.93413 1.4382 0 375.692 3.39399e-11
3.93413 1.4382 0 376.695 3.25052e-11
3.93413 1.4382 0 377.697 3.11314e-11
3.93413 1.4382 0 378.7 2.98158e-11
3.93413 1.4382 0 379.702 2.85561e-11
3.93413 1.4382 0 380.705 2.73497e-11
3.93413 1.4382 0 381.707 2.61944e-11
3.93413 1.4382 0 382.71 2.50881e-11
3.93413 1.4382 0 383.712 2.40287e-11
3.93413 1.4382 0 384.715 2.30141e-11
3.93413 1.4382 0 385.717 2.20426e-11
3.93413 1.4382 0 386.72 2.11121e-11
3.93413 1.4382 0 387.722 2.02211e-11
3.93413 1.4382 0 388.725 1.93678e-11
3.93413 1.4382 0 389.727 1.85506e-11
3.93413 1.4382 0 390.73 1.77679e-11
3.93413 1.4382 0 391.732 1.70184e-11
3.93413 1.4382 0 392.735 1.63007e-11
3.93413 1.4382 0 393.737 1.56132e-11
3.93413 1.4382 0 394.739 1.49549e-11
3.93413 1.4382 0 395.742 1.43244e-11
3.93413 1.4382 0 396.744 1.37205e-11
3.93413 1.4382 0 397.747 1.31422e-11
3.93413 1.4382 0 398.749 1.25883e-11
3.93413 1.4382 0 399.752 1.20579e-11
3.93413 1.4382 0 400.754 1.15498e-11
3.93413 1.4382 0 401.757 1.10632e-11
3.93413 1.4382 0 402.759 1.05972e-11
3.93413 1.4382 0 403.762 1.01508e-11
3.93413 1.4382 0 404.764 9.72335e-12
3.93413 1.4382 0 405.767 9.31391e-12
3.93413 1.4382 0 406.769 8.92176e-12
3.93413 1.4382 0 407.772 8.54616e-12
3.93413 1.4382 0 408.774 8.18642e-12
3.93413 1.4382 0 409.777 7.84185e-12
3.93413 1.4382 0 410.779 7.51183e-12
3.93413 1.4382 0 411.782 7.19574e-12
3.93413 1.4382 0 412.784 6.89298e-12
3.93413 1.4382 0 413.787 6.60299e-12
3.93413 1.4382 0 414.789 6.32523e-12
3.93413 1.4382 0 415.792 6.05918e-12
3.93413 1.4382 0 416.794 5.80436e-12
3.93413 1.4382 0 417.797 5.56028e-12
3.93413 1.4382 0 418.799 5.32648e-12
3.93413 1.4382 0 419.802 5.10254e-12
3.93413 1.4382 0 420.804 4.88804e-12
3.93413 1.4382 0 421.806 4.68258e-12
3.93413 1.4382 0 422.809 4.48577e-12
3.93413 1.4382 0 423.811 4.29726e-12
3.93413 1.4382 0 424.814 4.11669e-12
3.93413 1.4382 0 425.816 3.94372e-12
3.93413 1.4382 0 426.819 3.77804e-12
3.93413 1.4382 0 427.821 3.61933e-12
3.93413 1.4382 0 428.824 3.46731e-12
3.93413 1.4382 0 429.826 3.32169e-12
3.93413 1.4382 0 430.829 3.18219e-12
3.93413 1.4382 0 431.831 3.04857e-12
3.93413 1.4382 0 432.834 2.92057e-12
3.93413 1.4382 0 433.836 2.79796e-12
3.93413 1.4382 0 434.839 2.68051e-12
3.93413 1.4382 0 435.841 2.56799e-12
3.93413 1.4382 0 436.844 2.46021e-12
3.93413 1.4382 0 437.846 2.35697e-12
3.93413 1.4382 0 438.849 2.25807e-12
3.93413 1.4382 0 439.851 2.16332e-12
3.93413 1.4382 0 440.854 2.07256e-12
3.93413 1.4382 0 441.856 1.98562e-12
3.93413 1.4382 0 442.859 1.90233e-12
3.93413 1.4382 0 443.861 1.82254e-12
3.93413 1.4382 0 444.864 1.7461e-12
3.93413 1.4382 0 445.866 1.67288e-12
3.93413 1.4382 0 446.868 1.60273e-12
3.93413 1.4382 0 447.871 1.53553e-12
3.93413 1.4382 0 448.873 1.47116e-12
3.93413 1.4382 0 449.876 1.40949e-12
3.93413 1.4382 0 450.878 1.35041e-12
3.93413 1.4382 0 451.881 1.29381e-12
3.93413 1.4382 0 452.883 1.23959e-12
3.93413 1.4382 0 453.886 1.18764e-12
3.93413 1.4382 0 454.888 1.13788e-12
3.93413 1.4382 0 455.891 1.0902e-12
3.93413 1.4382 0 456.893 1.04453e-12
3.93413 1.4382 0 457.896 1.00077e-12
3.93413 1.4382 0 458.898 9.5885e-13
3.93413 1.4382 0 459.901 9.18689e-13
3.93413 1.4382 0 460.903 8.80213e-13
3.93413 1.4382 0 461.906 8.43352e-13
3.93413 1.4382 0 462.908 8.08037e-13
3.93413 1.4382 0 463.911 7.74204e-13
3.93413 1.4382 0 464.913 7.4179e-13
3.93413 1.4382 0 465.916 7.10736e-13
3.93413 1.4382 0 466.918 6.80984e-13
3.93413 1.4382 0 467.921 6.5248e-13
3.93413 1.4382 0 468.923 6.25171e-13
3.93413 1.4382 0 469.926 5.99007e-13
3.93413 1.4382 0 470.928 5.7394e-13
3.93413 1.4382 0 471.931 5.49924e-13
3.93413 1.4382 0 472.933 5.26914e-13
3.93413 1.4382 0 473.935 5.04869e-13
3.93413 1.4382 0 474.938 4.83748e-13
3.93413 1.4382 0 475.94 4.63512e-13
3.93413 1.4382 0 476.943 4.44124e-13
3.93413 1.4382 0 477.945 4.25548e-13
3.93413 1.4382 0 478.948 4.07751e-13
3.93413 1.4382 0 479.95 3.90699e-13
3.93413 1.4382 0 480.953 3.74362e-13
3.93413 1.4382 0 481.955 3.58708e-13
3.93413 1.4382 0 482.958 3.43711e-13
3.93413 1.4382 0 483.96 3.29341e-13
3.93413 1.4382 0 484.963 3.15573e-13
3.93413 1.4382 0 485.965 3.02382e-13
3.93413 1.4382 0 486.968 2.89743e-13
3.93413 1.4382 0 487.97 2.77633e-13
3.93413 1.4382 0 488.973 2.6603e-13
3.93413 1.4382 0 489.975 2.54913e-13
3.93413 1.4382 0 490.978 2.44261e-13
3.93413 1.4382 0 491.98 2.34055e-13
3.93413 1.4382 0 492.983 2.24275e-13
3.93413 1.4382 0 493.985 2.14906e-13
3.93413 1.4382 0 494.988 2.05928e-13
3.93413 1.4382 0 495.99 1.97326e-13
3.93413 1.4382 0 496.993 1.89084e-13
3.93413 1.4382 0 497.995 1.81186e-13
3.93413 1.4382 0 498.998 1.73619e-13
3.93413 1.4382 0 500 1.66368e-13

