0.391433 1.4382 0 150.015 4.03784e-07
0.391433 1.4382 0 151.017 7.13622e-07
0.391433 1.4382 0 152.02 7.178e-07
0.391433 1.4382 0 153.022 6.93373e-07
0.391433 1.4382 0 154.025 6.72958e-07
0.391433 1.4382 0 155.027 6.56233e-07
0.391433 1.4382 0 156.03 6.41966e-07
0.391433 1.4382 0 157.032 6.29416e-07
0.391433 1.4382 0 158.035 6.18134e-07
0.391433 1.4382 0 159.037 6.07829e-07
0.391433 1.4382 0 160.04 5.98304e-07
0.391433 1.4382 0 161.042 5.89416e-07
0.391433 1.4382 0 162.045 5.81059e-07
0.391433 1.4382 0 163.047 5.73155e-07
0.391433 1.4382 0 164.05 5.65641e-07
0.391433 1.4382 0 165.052 5.58467e-07
0.391433 1.4382 0 166.054 5.51594e-07
0.391433 1.4382 0 167.057 5.44988e-07
0.391433 1.4382 0 168.059 5.38622e-07
0.391433 1.4382 0 169.062 5.32473e-07
0.391433 1.4382 0 170.064 5.26522e-07
0.391433 1.4382 0 171.067 5.20752e-07
0.391433 1.4382 0 172.069 5.15149e-07
0.391433 1.4382 0 173.072 5.09699e-07
0.391433 1.4382 0 174.074 5.04393e-07
0.391433 1.4382 0 175.077 4.99219e-07
0.391433 1.4382 0 176.079 4.94171e-07
0.391433 1.4382 0 177.082 4.89239e-07
0.391433 1.4382 0 178.084 4.84417e-07
0.391433 1.4382 0 179.087 4.79699e-07
0.391433 1.4382 0 180.089 4.75079e-07
0.391433 1.4382 0 181.092 4.70553e-07
0.391433 1.4382 0 182.094 4.66115e-07
0.391433 1.4382 0 183.096 4.61761e-07
0.391433 1.4382 0 184.099 4.57488e-07
0.391433 1.4382 0 185.101 4.53292e-07
0.391433 1.4382 0 186.104 4.49169e-07
0.391433 1.4382 0 187.106 4.45117e-07
0.391433 1.4382 0 188.109 4.41133e-07
0.391433 1.4382 0 189.111 4.37213e-07
0.391433 1.4382 0 190.114 4.33357e-07
0.391433 1.4382 0 191.116 4.29561e-07
0.391433 1.4382 0 192.119 4.25823e-07
0.391433 1.4382 0 193.121 4.22142e-07
0.391433 1.4382 0 194.124 4.18515e-07
0.391433 1.4382 0 195.126 4.14941e-07
0.391433 1.4382 0 196.129 4.11419e-07
0.391433 1.4382 0 197.131 4.07945e-07
0.391433 1.4382 0 198.133 4.0452e-07
0.391433 1.4382 0 199.136 4.01142e-07
0.391433 1.4382 0 200.138 3.97808e-07
0.391433 1.4382 0 201.141 3.94519e-07
0.391433 1.4382 0 202.143 3.91273e-07
0.391433 1.4382 0 203.146 3.88069e-07
0.391433 1.4382 0 204.148 3.84906e-07
0.391433 1.4382 0 205.151 3.81782e-07
0.391433 1.4382 0 206.153 3.78697e-07
0.391433 1.4382 0 207.156 3.7565e-07
0.391433 1.4382 0 208.158 3.7264e-07
0.391433 1.4382 0 209.161 3.69666e-07
0.391433 1.4382 0 210.163 3.66727e-07
0.391433 1.4382 0 211.166 3.63823e-07
0.391433 1.4382 0 212.168 3.60952e-07
0.391433 1.4382 0 213.171 3.58114e-07
0.391433 1.4382 0 214.173 3.55309e-07
0.391433 1.4382 0 215.175 3.52536e-07
0.391433 1.4382 0 216.178 3.49793e-07
0.391433 1.4382 0 217.18 3.47081e-07
0.391433 1.4382 0 218.183 3.44398e-07
0.391433 1.4382 0 219.185 3.41745e-07
0.391433 1.4382 0 220.188 3.39121e-07
0.391433 1.4382 0 221.19 3.36524e-07
0.391433 1.4382 0 222.193 3.33956e-07
0.391433 1.4382 0 223.195 3.31414e-07
0.391433 1.4382 0 224.198 3.28899e-07
0.391433 1.4382 0 225.2 3.2641e-07
0.391433 1.4382 0 226.203 3.23947e-07
0.391433 1.4382 0 227.205 3.21509e-07
0.391433 1.4382 0 228.208 3.19096e-07
0.391433 1.4382 0 229.21 3.16707e-07
0.391433 1.4382 0 230.212 3.14342e-07
0.391433 1.4382 0 231.215 3.12001e-07
0.391433 1.4382 0 232.217 3.09684e-07
0.391433 1.4382 0 233.22 3.07389e-07
0.391433 1.4382 0 234.222 3.05116e-07
0.391433 1.4382 0 235.225 3.02866e-07
0.391433 1.4382 0 236.227 3.00637e-07
0.391433 1.4382 0 237.23 2.9843e-07
0.391433 1.4382 0 238.232 2.96244e-07
0.391433 1.4382 0 239.235 2.94079e-07
0.391433 1.4382 0 240.237 2.91935e-07
0.391433 1.4382 0 241.24 2.89811e-07
0.391433 1.4382 0 242.242 2.87706e-07
0.391433 1.4382 0 243.245 2.85622e-07
0.391433 1.4382 0 244.247 2.83556e-07
0.391433 1.4382 0 245.25 2.8151e-07
0.391433 1.4382 0 246.252 2.79483e-07
0.391433 1.4382 0 247.254 2.77474e-07
0.391433 1.4382 0 248.257 2.75484e-07
0.391433 1.4382 0 249.259 2.73511e-07
0.391433 1.4382 0 250.262 2.71557e-07
0.391433 1.4382 0 251.264 2.6962e-07
0.391433 1.4382 0 252.267 2.677e-07
0.391433 1.4382 0 253.269 2.65798e-07
0.391433 1.4382 0 254.272 2.63913e-07
0.391433 1.4382 0 255.274 2.62044e-07
0.391433 1.4382 0 256.277 2.60192e-07
0.391433 1.4382 0 257.279 2.58356e-07
0.391433 1.4382 0 258.282 2.56536e-07
0.391433 1.4382 0 259.284 2.54732e-07
0.391433 1.4382 0 260.287 2.52943e-07
0.391433 1.4382 0 261.289 2.51171e-07
0.391433 1.4382 0 262.291 2.49413e-07
0.391433 1.4382 0 263.294 2.47671e-07
0.391433 1.4382 0 264.296 2.45943e-07
0.391433 1.4382 0 265.299 2.4423e-07
0.391433 1.4382 0 266.301 2.42532e-07
0.391433 1.4382 0 267.304 2.40848e-07
0.391433 1.4382 0 268.306 2.39179e-07
0.391433 1.4382 0 269.309 2.37524e-07
0.391433 1.4382 0 270.311 2.35882e-07
0.391433 1.4382 0 271.314 2.34254e-07
0.391433 1.4382 0 272.316 2.3264e-07
0.391433 1.4382 0 273.319 2.31039e-07
0.391433 1.4382 0 274.321 2.29452e-07
0.391433 1.4382 0 275.324 2.27878e-07
0.391433 1.4382 0 276.326 2.26316e-07
0.391433 1.4382 0 277.329 2.24768e-07
0.391433 1.4382 0 278.331 2.23232e-07
0.391433 1.4382 0 279.333 2.21709e-07
0.391433 1.4382 0 280.336 2.20198e-07
0.391433 1.4382 0 281.338 2.187e-07
0.391433 1.4382 0 282.341 2.17214e-07
0.391433 1.4382 0 283.343 2.15739e-07
0.391433 1.4382 0 284.346 2.14277e-07
0.391433 1.4382 0 285.348 2.12827e-07
0.391433 1.4382 0 286.351 2.11388e-07
0.391433 1.4382 0 287.353 2.0996e-07
0.391433 1.4382 0 288.356 2.08545e-07
0.391433 1.4382 0 289.358 2.0714e-07
0.391433 1.4382 0 290.361 2.05746e-07
0.391433 1.4382 0 291.363 2.04364e-07
0.391433 1.4382 0 292.366 2.02993e-07
0.391433 1.4382 0 293.368 2.01632e-07
0.391433 1.4382 0 294.37 2.00282e-07
0.391433 1.4382 0 295.373 1.98943e-07
0.391433 1.4382 0 296.375 1.97614e-07
0.391433 1.4382 0 297.378 1.96296e-07
0.391433 1.4382 0 298.38 1.94988e-07
0.391433 1.4382 0 299.383 1.9369e-07
0.391433 1.4382 0 300.385 1.92402e-07
0.391433 1.4382 0 301.388 1.91125e-07
0.391433 1.4382 0 302.39 1.89857e-07
0.391433 1.4382 0 303.393 1.88599e-07
0.391433 1.4382 0 304.395 1.8735e-07
0.391433 1.4382 0 305.398 1.86112e-07
0.391433 1.4382 0 306.4 1.84883e-07
0.391433 1.4382 0 307.403 1.83663e-07
0.391433 1.4382 0 308.405 1.82453e-07
0.391433 1.4382 0 309.408 1.81251e-07
0.391433 1.4382 0 310.41 1.80059e-07
0.391433 1.4382 0 311.412 1.78876e-07
0.391433 1.4382 0 312.415 1.77703e-07
0.391433 1.4382 0 313.417 1.76538e-07
0.391433 1.4382 0 314.42 1.75381e-07
0.391433 1.4382 0 315.422 1.74234e-07
0.391433 1.4382 0 316.425 1.73095e-07
0.391433 1.4382 0 317.427 1.71965e-07
0.391433 1.4382 0 318.43 1.70843e-07
0.391433 1.4382 0 319.432 1.6973e-07
0.391433 1.4382 0 320.435 1.68625e-07
0.391433 1.4382 0 321.437 1.67528e-07
0.391433 1.4382 0 322.44 1.6644e-07
0.391433 1.4382 0 323.442 1.65359e-07
0.391433 1.4382 0 324.445 1.64287e-07
0.391433 1.4382 0 325.447 1.63222e-07
0.391433 1.4382 0 326.449 1.62166e-07
0.391433 1.4382 0 327.452 1.61117e-07
0.391433 1.4382 0 328.454 1.60076e-07
0.391433 1.4382 0 329.457 1.59043e-07
0.391433 1.4382 0 330.459 1.58017e-07
0.391433 1.4382 0 331.462 1.56999e-07
0.391433 1.4382 0 332.464 1.55989e-07
0.391433 1.4382 0 333.467 1.54985e-07
0.391433 1.4382 0 334.469 1.5399e-07
0.391433 1.4382 0 335.472 1.53001e-07
0.391433 1.4382 0 336.474 1.5202e-07
0.391433 1.4382 0 337.477 1.51046e-07
0.391433 1.4382 0 338.479 1.50078e-07
0.391433 1.4382 0 339.482 1.49118e-07
0.391433 1.4382 0 340.484 1.48165e-07
0.391433 1.4382 0 341.487 1.47219e-07
0.391433 1.4382 0 342.489 1.4628e-07
0.391433 1.4382 0 343.491 1.45347e-07
0.391433 1.4382 0 344.494 1.44421e-07
0.391433 1.4382 0 345.496 1.43502e-07
0.391433 1.4382 0 346.499 1.4259e-07
0.391433 1.4382 0 347.501 1.41684e-07
0.391433 1.4382 0 348.504 1.40784e-07
0.391433 1.4382 0 349.506 1.39891e-07
0.391433 1.4382 0 350.509 1.39005e-07
0.391433 1.4382 0 351.511 1.38124e-07
0.391433 1.4382 0 352.514 1.3725e-07
0.391433 1.4382 0 353.516 1.36383e-07
0.391433 1.4382 0 354.519 1.35521e-07
0.391433 1.4382 0 355.521 1.34666e-07
0.391433 1.4382 0 356.524 1.33816e-07
0.391433 1.4382 0 357.526 1.32973e-07
0.391433 1.4382 0 358.528 1.32136e-07
0.391433 1.4382 0 359.531 1.31304e-07
0.391433 1.4382 0 360.533 1.30479e-07
0.391433 1.4382 0 361.536 1.29659e-07
0.391433 1.4382 0 362.538 1.28845e-07
0.391433 1.4382 0 363.541 1.28037e-07
0.391433 1.4382 0 364.543 1.27234e-07
0.391433 1.4382 0 365.546 1.26437e-07
0.391433 1.4382 0 366.548 1.25646e-07
0.391433 1.4382 0 367.551 1.2486e-07
0.391433 1.4382 0 368.553 1.2408e-07
0.391433 1.4382 0 369.556 1.23305e-07
0.391433 1.4382 0 370.558 1.22536e-07
0.391433 1.4382 0 371.561 1.21772e-07
0.391433 1.4382 0 372.563 1.21013e-07
0.391433 1.4382 0 373.566 1.2026e-07
0.391433 1.4382 0 374.568 1.19512e-07
0.391433 1.4382 0 375.57 1.18769e-07
0.391433 1.4382 0 376.573 1.18031e-07
0.391433 1.4382 0 377.575 1.17298e-07
0.391433 1.4382 0 378.578 1.1657e-07
0.391433 1.4382 0 379.58 1.15848e-07
0.391433 1.4382 0 380.583 1.1513e-07
0.391433 1.4382 0 381.585 1.14418e-07
0.391433 1.4382 0 382.588 1.1371e-07
0.391433 1.4382 0 383.59 1.13007e-07
0.391433 1.4382 0 384.593 1.12309e-07
0.391433 1.4382 0 385.595 1.11616e-07
0.391433 1.4382 0 386.598 1.10927e-07
0.391433 1.4382 0 387.6 1.10243e-07
0.391433 1.4382 0 388.603 1.09564e-07
0.391433 1.4382 0 389.605 1.0889e-07
0.391433 1.4382 0 390.607 1.0822e-07
0.391433 1.4382 0 391.61 1.07555e-07
0.391433 1.4382 0 392.612 1.06894e-07
0.391433 1.4382 0 393.615 1.06238e-07
0.391433 1.4382 0 394.617 1.05586e-07
0.391433 1.4382 0 395.62 1.04939e-07
0.391433 1.4382 0 396.622 1.04296e-07
0.391433 1.4382 0 397.625 1.03658e-07
0.391433 1.4382 0 398.627 1.03023e-07
0.391433 1.4382 0 399.63 1.02393e-07
0.391433 1.4382 0 400.632 1.01768e-07
0.391433 1.4382 0 401.635 1.01146e-07
0.391433 1.4382 0 402.637 1.00529e-07
0.391433 1.4382 0 403.64 9.9916e-08
0.391433 1.4382 0 404.642 9.93071e-08
0.391433 1.4382 0 405.645 9.87023e-08
0.391433 1.4382 0 406.647 9.81015e-08
0.391433 1.4382 0 407.649 9.75048e-08
0.391433 1.4382 0 408.652 9.69121e-08
0.391433 1.4382 0 409.654 9.63234e-08
0.391433 1.4382 0 410.657 9.57386e-08
0.391433 1.4382 0 411.659 9.51577e-08
0.391433 1.4382 0 412.662 9.45808e-08
0.391433 1.4382 0 413.664 9.40076e-08
0.391433 1.4382 0 414.667 9.34383e-08
0.391433 1.4382 0 415.669 9.28728e-08
0.391433 1.4382 0 416.672 9.23111e-08
0.391433 1.4382 0 417.674 9.17531e-08
0.391433 1.4382 0 418.677 9.11989e-08
0.391433 1.4382 0 419.679 9.06483e-08
0.391433 1.4382 0 420.682 9.01014e-08
0.391433 1.4382 0 421.684 8.95581e-08
0.391433 1.4382 0 422.686 8.90184e-08
0.391433 1.4382 0 423.689 8.84823e-08
0.391433 1.4382 0 424.691 8.79497e-08
0.391433 1.4382 0 425.694 8.74207e-08
0.391433 1.4382 0 426.696 8.68951e-08
0.391433 1.4382 0 427.699 8.6373e-08
0.391433 1.4382 0 428.701 8.58544e-08
0.391433 1.4382 0 429.704 8.53392e-08
0.391433 1.4382 0 430.706 8.48274e-08
0.391433 1.4382 0 431.709 8.43189e-08
0.391433 1.4382 0 432.711 8.38138e-08
0.391433 1.4382 0 433.714 8.3312e-08
0.391433 1.4382 0 434.716 8.28135e-08
0.391433 1.4382 0 435.719 8.23183e-08
0.391433 1.4382 0 436.721 8.18263e-08
0.391433 1.4382 0 437.724 8.13376e-08
0.391433 1.4382 0 438.726 8.0852e-08
0.391433 1.4382 0 439.728 8.03697e-08
0.391433 1.4382 0 440.731 7.98904e-08
0.391433 1.4382 0 441.733 7.94143e-08
0.391433 1.4382 0 442.736 7.89413e-08
0.391433 1.4382 0 443.738 7.84714e-08
0.391433 1.4382 0 444.741 7.80046e-08
0.391433 1.4382 0 445.743 7.75407e-08
0.391433 1.4382 0 446.746 7.70799e-08
0.391433 1.4382 0 447.748 7.66221e-08
0.391433 1.4382 0 448.751 7.61673e-08
0.391433 1.4382 0 449.753 7.57154e-08
0.391433 1.4382 0 450.756 7.52665e-08
0.391433 1.4382 0 451.758 7.48204e-08
0.391433 1.4382 0 452.761 7.43773e-08
0.391433 1.4382 0 453.763 7.3937e-08
0.391433 1.4382 0 454.765 7.34995e-08
0.391433 1.4382 0 455.768 7.30649e-08
0.391433 1.4382 0 456.77 7.26331e-08
0.391433 1.4382 0 457.773 7.2204e-08
0.391433 1.4382 0 458.775 7.17777e-08
0.391433 1.4382 0 459.778 7.13542e-08
0.391433 1.4382 0 460.78 7.09334e-08
0.391433 1.4382 0 461.783 7.05153e-08
0.391433 1.4382 0 462.785 7.00999e-08
0.391433 1.4382 0 463.788 6.96871e-08
0.391433 1.4382 0 464.79 6.9277e-08
0.391433 1.4382 0 465.793 6.88696e-08
0.391433 1.4382 0 466.795 6.84647e-08
0.391433 1.4382 0 467.798 6.80624e-08
0.391433 1.4382 0 468.8 6.76627e-08
0.391433 1.4382 0 469.803 6.72656e-08
0.391433 1.4382 0 470.805 6.6871e-08
0.391433 1.4382 0 471.807 6.64789e-08
0.391433 1.4382 0 472.81 6.60893e-08
0.391433 1.4382 0 473.812 6.57022e-08
0.391433 1.4382 0 474.815 6.53175e-08
0.391433 1.4382 0 475.817 6.49353e-08
0.391433 1.4382 0 476.82 6.45556e-08
0.391433 1.4382 0 477.822 6.41782e-08
0.391433 1.4382 0 478.825 6.38032e-08
0.391433 1.4382 0 479.827 6.34307e-08
0.391433 1.4382 0 480.83 6.30604e-08
0.391433 1.4382 0 481.832 6.26926e-08
0.391433 1.4382 0 482.835 6.2327e-08
0.391433 1.4382 0 483.837 6.19638e-08
0.391433 1.4382 0 484.84 6.16029e-08
0.391433 1.4382 0 485.842 6.12442e-08
0.391433 1.4382 0 486.844 6.08878e-08
0.391433 1.4382 0 487.847 6.05337e-08
0.391433 1.4382 0 488.849 6.01818e-08
0.391433 1.4382 0 489.852 5.98321e-08
0.391433 1.4382 0 490.854 5.94846e-08
0.391433 1.4382 0 491.857 5.91393e-08
0.391433 1.4382 0 492.859 5.87962e-08
0.391433 1.4382 0 493.862 5.84552e-08
0.391433 1.4382 0 494.864 5.81164e-08
0.391433 1.4382 0 495.867 5.77797e-08
0.391433 1.4382 0 496.869 5.74451e-08
0.391433 1.4382 0 497.872 5.71126e-08
0.391433 1.4382 0 498.874 5.67821e-08
0.391433 1.4382 0 499.877 5.64538e-08
0.391433 1.4382 0 500.879 5.61275e-08
0.391433 1.4382 0 501.882 5.58033e-08
0.391433 1.4382 0 502.884 5.5481e-08
0.391433 1.4382 0 503.886 5.51608e-08
0.391433 1.4382 0 504.889 5.48426e-08
0.391433 1.4382 0 505.891 5.45264e-08
0.391433 1.4382 0 506.894 5.42121e-08
0.391433 1.4382 0 507.896 5.38998e-08
0.391433 1.4382 0 508.899 5.35894e-08
0.391433 1.4382 0 509.901 5.3281e-08
0.391433 1.4382 0 510.904 5.29745e-08
0.391433 1.4382 0 511.906 5.26699e-08
0.391433 1.4382 0 512.909 5.23672e-08
0.391433 1.4382 0 513.911 5.20663e-08
0.391433 1.4382 0 514.914 5.17674e-08
0.391433 1.4382 0 515.916 5.14702e-08
0.391433 1.4382 0 516.919 5.11749e-08
0.391433 1.4382 0 517.921 5.08815e-08
0.391433 1.4382 0 518.923 5.05898e-08
0.391433 1.4382 0 519.926 5.03e-08
0.391433 1.4382 0 520.928 5.0012e-08
0.391433 1.4382 0 521.931 4.97257e-08
0.391433 1.4382 0 522.933 4.94412e-08
0.391433 1.4382 0 523.936 4.91584e-08
0.391433 1.4382 0 524.938 4.88774e-08
0.391433 1.4382 0 525.941 4.85982e-08
0.391433 1.4382 0 526.943 4.83206e-08
0.391433 1.4382 0 527.946 4.80447e-08
0.391433 1.4382 0 528.948 4.77706e-08
0.391433 1.4382 0 529.951 4.74981e-08
0.391433 1.4382 0 530.953 4.72273e-08
0.391433 1.4382 0 531.956 4.69582e-08
0.391433 1.4382 0 532.958 4.66907e-08
0.391433 1.4382 0 533.961 4.64248e-08
0.391433 1.4382 0 534.963 4.61606e-08
0.391433 1.4382 0 535.965 4.5898e-08
0.391433 1.4382 0 536.968 4.5637e-08
0.391433 1.4382 0 537.97 4.53776e-08
0.391433 1.4382 0 538.973 4.51198e-08
0.391433 1.4382 0 539.975 4.48636e-08
0.391433 1.4382 0 540.978 4.46089e-08
0.391433 1.4382 0 541.98 4.43558e-08
0.391433 1.4382 0 542.983 4.41042e-08
0.391433 1.4382 0 543.985 4.38542e-08
0.391433 1.4382 0 544.988 4.36056e-08
0.391433 1.4382 0 545.99 4.33586e-08
0.391433 1.4382 0 546.993 4.31131e-08
0.391433 1.4382 0 547.995 4.28691e-08
0.391433 1.4382 0 548.998 4.26266e-08
0.391433 1.4382 0 550 4.23855e-08

