2.09683 1.4382 0 100.01 2.09433e-05
2.09683 1.4382 0 101.012 3.8417e-05
2.09683 1.4382 0 102.015 3.81372e-05
2.09683 1.4382 0 103.017 3.64429e-05
2.09683 1.4382 0 104.02 3.47818e-05
2.09683 1.4382 0 105.022 3.32072e-05
2.09683 1.4382 0 106.025 3.17145e-05
2.09683 1.4382 0 107.027 3.02979e-05
2.09683 1.4382 0 108.03 2.89525e-05
2.09683 1.4382 0 109.032 2.7674e-05
2.09683 1.4382 0 110.035 2.64583e-05
2.09683 1.4382 0 111.037 2.5302e-05
2.09683 1.4382 0 112.04 2.42017e-05
2.09683 1.4382 0 113.042 2.31542e-05
2.09683 1.4382 0 114.045 2.21567e-05
2.09683 1.4382 0 115.047 2.12064e-05
2.09683 1.4382 0 116.05 2.03009e-05
2.09683 1.4382 0 117.052 1.94378e-05
2.09683 1.4382 0 118.055 1.86149e-05
2.09683 1.4382 0 119.057 1.783e-05
2.09683 1.4382 0 120.06 1.70813e-05
2.09683 1.4382 0 121.062 1.63668e-05
2.09683 1.4382 0 122.065 1.56848e-05
2.09683 1.4382 0 123.067 1.50337e-05
2.09683 1.4382 0 124.07 1.44119e-05
2.09683 1.4382 0 125.072 1.38179e-05
2.09683 1.4382 0 126.075 1.32505e-05
2.09683 1.4382 0 127.077 1.27083e-05
2.09683 1.4382 0 128.079 1.219e-05
2.09683 1.4382 0 129.082 1.16944e-05
2.09683 1.4382 0 130.084 1.12206e-05
2.09683 1.4382 0 131.087 1.07674e-05
2.09683 1.4382 0 132.089 1.03339e-05
2.09683 1.4382 0 133.092 9.9191e-06
2.09683 1.4382 0 134.094 9.52215e-06
2.09683 1.4382 0 135.097 9.1422e-06
2.09683 1.4382 0 136.099 8.77846e-06
2.09683 1.4382 0 137.102 8.43018e-06
2.09683 1.4382 0 138.104 8.09665e-06
2.09683 1.4382 0 139.107 7.77718e-06
2.09683 1.4382 0 140.109 7.47113e-06
2.09683 1.4382 0 141.112 7.1779e-06
2.09683 1.4382 0 142.114 6.89689e-06
2.09683 1.4382 0 143.117 6.62757e-06
2.09683 1.4382 0 144.119 6.3694e-06
2.09683 1.4382 0 145.122 6.12189e-06
2.09683 1.4382 0 146.124 5.88456e-06
2.09683 1.4382 0 147.127 5.65697e-06
2.09683 1.4382 0 148.129 5.43868e-06
2.09683 1.4382 0 149.132 5.22929e-06
2.09683 1.4382 0 150.134 5.0284e-06
2.09683 1.4382 0 151.137 4.83565e-06
2.09683 1.4382 0 152.139 4.65069e-06
2.09683 1.4382 0 153.142 4.47317e-06
2.09683 1.4382 0 154.144 4.30279e-06
2.09683 1.4382 0 155.146 4.13923e-06
2.09683 1.4382 0 156.149 3.9822e-06
2.09683 1.4382 0 157.151 3.83142e-06
2.09683 1.4382 0 158.154 3.68663e-06
2.09683 1.4382 0 159.156 3.54759e-06
2.09683 1.4382 0 160.159 3.41403e-06
2.09683 1.4382 0 161.161 3.28574e-06
2.09683 1.4382 0 162.164 3.1625e-06
2.09683 1.4382 0 163.166 3.0441e-06
2.09683 1.4382 0 164.169 2.93032e-06
2.09683 1.4382 0 165.171 2.821e-06
2.09683 1.4382 0 166.174 2.71593e-06
2.09683 1.4382 0 167.176 2.61495e-06
2.09683 1.4382 0 168.179 2.51788e-06
2.09683 1.4382 0 169.181 2.42457e-06
2.09683 1.4382 0 170.184 2.33487e-06
2.09683 1.4382 0 171.186 2.24862e-06
2.09683 1.4382 0 172.189 2.16569e-06
2.09683 1.4382 0 173.191 2.08595e-06
2.09683 1.4382 0 174.194 2.00926e-06
2.09683 1.4382 0 175.196 1.93551e-06
2.09683 1.4382 0 176.199 1.86457e-06
2.09683 1.4382 0 177.201 1.79633e-06
2.09683 1.4382 0 178.204 1.73069e-06
2.09683 1.4382 0 179.206 1.66754e-06
2.09683 1.4382 0 180.208 1.60678e-06
2.09683 1.4382 0 181.211 1.54832e-06
2.09683 1.4382 0 182.213 1.49207e-06
2.09683 1.4382 0 183.216 1.43793e-06
2.09683 1.4382 0 184.218 1.38584e-06
2.09683 1.4382 0 185.221 1.3357e-06
2.09683 1.4382 0 186.223 1.28744e-06
2.09683 1.4382 0 187.226 1.24099e-06
2.09683 1.4382 0 188.228 1.19627e-06
2.09683 1.4382 0 189.231 1.15323e-06
2.09683 1.4382 0 190.233 1.11178e-06
2.09683 1.4382 0 191.236 1.07188e-06
2.09683 1.4382 0 192.238 1.03347e-06
2.09683 1.4382 0 193.241 9.96473e-07
2.09683 1.4382 0 194.243 9.6085e-07
2.09683 1.4382 0 195.246 9.26545e-07
2.09683 1.4382 0 196.248 8.93506e-07
2.09683 1.4382 0 197.251 8.61685e-07
2.09683 1.4382 0 198.253 8.31037e-07
2.09683 1.4382 0 199.256 8.01515e-07
2.09683 1.4382 0 200.258 7.73077e-07
2.09683 1.4382 0 201.261 7.45682e-07
2.09683 1.4382 0 202.263 7.1929e-07
2.09683 1.4382 0 203.266 6.93863e-07
2.09683 1.4382 0 204.268 6.69364e-07
2.09683 1.4382 0 205.271 6.45759e-07
2.09683 1.4382 0 206.273 6.23014e-07
2.09683 1.4382 0 207.275 6.01096e-07
2.09683 1.4382 0 208.278 5.79974e-07
2.09683 1.4382 0 209.28 5.59618e-07
2.09683 1.4382 0 210.283 5.4e-07
2.09683 1.4382 0 211.285 5.21092e-07
2.09683 1.4382 0 212.288 5.02867e-07
2.09683 1.4382 0 213.29 4.853e-07
2.09683 1.4382 0 214.293 4.68366e-07
2.09683 1.4382 0 215.295 4.52042e-07
2.09683 1.4382 0 216.298 4.36305e-07
2.09683 1.4382 0 217.3 4.21133e-07
2.09683 1.4382 0 218.303 4.06506e-07
2.09683 1.4382 0 219.305 3.92402e-07
2.09683 1.4382 0 220.308 3.78804e-07
2.09683 1.4382 0 221.31 3.65691e-07
2.09683 1.4382 0 222.313 3.53047e-07
2.09683 1.4382 0 223.315 3.40853e-07
2.09683 1.4382 0 224.318 3.29094e-07
2.09683 1.4382 0 225.32 3.17753e-07
2.09683 1.4382 0 226.323 3.06815e-07
2.09683 1.4382 0 227.325 2.96266e-07
2.09683 1.4382 0 228.328 2.8609e-07
2.09683 1.4382 0 229.33 2.76275e-07
2.09683 1.4382 0 230.333 2.66807e-07
2.09683 1.4382 0 231.335 2.57674e-07
2.09683 1.4382 0 232.338 2.48863e-07
2.09683 1.4382 0 233.34 2.40362e-07
2.09683 1.4382 0 234.342 2.32161e-07
2.09683 1.4382 0 235.345 2.24249e-07
2.09683 1.4382 0 236.347 2.16614e-07
2.09683 1.4382 0 237.35 2.09248e-07
2.09683 1.4382 0 238.352 2.0214e-07
2.09683 1.4382 0 239.355 1.9528e-07
2.09683 1.4382 0 240.357 1.88661e-07
2.09683 1.4382 0 241.36 1.82273e-07
2.09683 1.4382 0 242.362 1.76108e-07
2.09683 1.4382 0 243.365 1.70158e-07
2.09683 1.4382 0 244.367 1.64415e-07
2.09683 1.4382 0 245.37 1.58873e-07
2.09683 1.4382 0 246.372 1.53522e-07
2.09683 1.4382 0 247.375 1.48358e-07
2.09683 1.4382 0 248.377 1.43373e-07
2.09683 1.4382 0 249.38 1.3856e-07
2.09683 1.4382 0 250.382 1.33914e-07
2.09683 1.4382 0 251.385 1.29429e-07
2.09683 1.4382 0 252.387 1.25098e-07
2.09683 1.4382 0 253.39 1.20917e-07
2.09683 1.4382 0 254.392 1.1688e-07
2.09683 1.4382 0 255.395 1.12982e-07
2.09683 1.4382 0 256.397 1.09218e-07
2.09683 1.4382 0 257.4 1.05584e-07
2.09683 1.4382 0 258.402 1.02074e-07
2.09683 1.4382 0 259.405 9.86847e-08
2.09683 1.4382 0 260.407 9.54113e-08
2.09683 1.4382 0 261.409 9.22499e-08
2.09683 1.4382 0 262.412 8.91966e-08
2.09683 1.4382 0 263.414 8.62476e-08
2.09683 1.4382 0 264.417 8.33991e-08
2.09683 1.4382 0 265.419 8.06477e-08
2.09683 1.4382 0 266.422 7.799e-08
2.09683 1.4382 0 267.424 7.54226e-08
2.09683 1.4382 0 268.427 7.29424e-08
2.09683 1.4382 0 269.429 7.05464e-08
2.09683 1.4382 0 270.432 6.82317e-08
2.09683 1.4382 0 271.434 6.59953e-08
2.09683 1.4382 0 272.437 6.38345e-08
2.09683 1.4382 0 273.439 6.17468e-08
2.09683 1.4382 0 274.442 5.97296e-08
2.09683 1.4382 0 275.444 5.77804e-08
2.09683 1.4382 0 276.447 5.58969e-08
2.09683 1.4382 0 277.449 5.40767e-08
2.09683 1.4382 0 278.452 5.23178e-08
2.09683 1.4382 0 279.454 5.06179e-08
2.09683 1.4382 0 280.457 4.89751e-08
2.09683 1.4382 0 281.459 4.73873e-08
2.09683 1.4382 0 282.462 4.58527e-08
2.09683 1.4382 0 283.464 4.43695e-08
2.09683 1.4382 0 284.467 4.29358e-08
2.09683 1.4382 0 285.469 4.15499e-08
2.09683 1.4382 0 286.472 4.02103e-08
2.09683 1.4382 0 287.474 3.89153e-08
2.09683 1.4382 0 288.476 3.76634e-08
2.09683 1.4382 0 289.479 3.64531e-08
2.09683 1.4382 0 290.481 3.5283e-08
2.09683 1.4382 0 291.484 3.41517e-08
2.09683 1.4382 0 292.486 3.3058e-08
2.09683 1.4382 0 293.489 3.20004e-08
2.09683 1.4382 0 294.491 3.09778e-08
2.09683 1.4382 0 295.494 2.9989e-08
2.09683 1.4382 0 296.496 2.90328e-08
2.09683 1.4382 0 297.499 2.81082e-08
2.09683 1.4382 0 298.501 2.7214e-08
2.09683 1.4382 0 299.504 2.63493e-08
2.09683 1.4382 0 300.506 2.55129e-08
2.09683 1.4382 0 301.509 2.4704e-08
2.09683 1.4382 0 302.511 2.39217e-08
2.09683 1.4382 0 303.514 2.3165e-08
2.09683 1.4382 0 304.516 2.24331e-08
2.09683 1.4382 0 305.519 2.17251e-08
2.09683 1.4382 0 306.521 2.10402e-08
2.09683 1.4382 0 307.524 2.03777e-08
2.09683 1.4382 0 308.526 1.97367e-08
2.09683 1.4382 0 309.529 1.91167e-08
2.09683 1.4382 0 310.531 1.85168e-08
2.09683 1.4382 0 311.534 1.79364e-08
2.09683 1.4382 0 312.536 1.73748e-08
2.09683 1.4382 0 313.538 1.68315e-08
2.09683 1.4382 0 314.541 1.63058e-08
2.09683 1.4382 0 315.543 1.5797e-08
2.09683 1.4382 0 316.546 1.53047e-08
2.09683 1.4382 0 317.548 1.48284e-08
2.09683 1.4382 0 318.551 1.43673e-08
2.09683 1.4382 0 319.553 1.39212e-08
2.09683 1.4382 0 320.556 1.34894e-08
2.09683 1.4382 0 321.558 1.30715e-08
2.09683 1.4382 0 322.561 1.2667e-08
2.09683 1.4382 0 323.563 1.22754e-08
2.09683 1.4382 0 324.566 1.18965e-08
2.09683 1.4382 0 325.568 1.15297e-08
2.09683 1.4382 0 326.571 1.11746e-08
2.09683 1.4382 0 327.573 1.08308e-08
2.09683 1.4382 0 328.576 1.0498e-08
2.09683 1.4382 0 329.578 1.01758e-08
2.09683 1.4382 0 330.581 9.86393e-09
2.09683 1.4382 0 331.583 9.56194e-09
2.09683 1.4382 0 332.586 9.26955e-09
2.09683 1.4382 0 333.588 8.98644e-09
2.09683 1.4382 0 334.591 8.71231e-09
2.09683 1.4382 0 335.593 8.44686e-09
2.09683 1.4382 0 336.596 8.1898e-09
2.09683 1.4382 0 337.598 7.94088e-09
2.09683 1.4382 0 338.601 7.69981e-09
2.09683 1.4382 0 339.603 7.46634e-09
2.09683 1.4382 0 340.605 7.24023e-09
2.09683 1.4382 0 341.608 7.02124e-09
2.09683 1.4382 0 342.61 6.80912e-09
2.09683 1.4382 0 343.613 6.60367e-09
2.09683 1.4382 0 344.615 6.40466e-09
2.09683 1.4382 0 345.618 6.21189e-09
2.09683 1.4382 0 346.62 6.02514e-09
2.09683 1.4382 0 347.623 5.84424e-09
2.09683 1.4382 0 348.625 5.66898e-09
2.09683 1.4382 0 349.628 5.49919e-09
2.09683 1.4382 0 350.63 5.33469e-09
2.09683 1.4382 0 351.633 5.17531e-09
2.09683 1.4382 0 352.635 5.02089e-09
2.09683 1.4382 0 353.638 4.87125e-09
2.09683 1.4382 0 354.64 4.72626e-09
2.09683 1.4382 0 355.643 4.58576e-09
2.09683 1.4382 0 356.645 4.44961e-09
2.09683 1.4382 0 357.648 4.31767e-09
2.09683 1.4382 0 358.65 4.18979e-09
2.09683 1.4382 0 359.653 4.06587e-09
2.09683 1.4382 0 360.655 3.94576e-09
2.09683 1.4382 0 361.658 3.82934e-09
2.09683 1.4382 0 362.66 3.71651e-09
2.09683 1.4382 0 363.663 3.60713e-09
2.09683 1.4382 0 364.665 3.50111e-09
2.09683 1.4382 0 365.668 3.39834e-09
2.09683 1.4382 0 366.67 3.29871e-09
2.09683 1.4382 0 367.672 3.20212e-09
2.09683 1.4382 0 368.675 3.10849e-09
2.09683 1.4382 0 369.677 3.0177e-09
2.09683 1.4382 0 370.68 2.92968e-09
2.09683 1.4382 0 371.682 2.84434e-09
2.09683 1.4382 0 372.685 2.76159e-09
2.09683 1.4382 0 373.687 2.68135e-09
2.09683 1.4382 0 374.69 2.60355e-09
2.09683 1.4382 0 375.692 2.52809e-09
2.09683 1.4382 0 376.695 2.45492e-09
2.09683 1.4382 0 377.697 2.38396e-09
2.09683 1.4382 0 378.7 2.31514e-09
2.09683 1.4382 0 379.702 2.24839e-09
2.09683 1.4382 0 380.705 2.18365e-09
2.09683 1.4382 0 381.707 2.12086e-09
2.09683 1.4382 0 382.71 2.05995e-09
2.09683 1.4382 0 383.712 2.00086e-09
2.09683 1.4382 0 384.715 1.94355e-09
2.09683 1.4382 0 385.717 1.88795e-09
2.09683 1.4382 0 386.72 1.83401e-09
2.09683 1.4382 0 387.722 1.78168e-09
2.09683 1.4382 0 388.725 1.73091e-09
2.09683 1.4382 0 389.727 1.68165e-09
2.09683 1.4382 0 390.73 1.63386e-09
2.09683 1.4382 0 391.732 1.58748e-09
2.09683 1.4382 0 392.735 1.54248e-09
2.09683 1.4382 0 393.737 1.49881e-09
2.09683 1.4382 0 394.739 1.45644e-09
2.09683 1.4382 0 395.742 1.41531e-09
2.09683 1.4382 0 396.744 1.3754e-09
2.09683 1.4382 0 397.747 1.33667e-09
2.09683 1.4382 0 398.749 1.29908e-09
2.09683 1.4382 0 399.752 1.26259e-09
2.09683 1.4382 0 400.754 1.22717e-09
2.09683 1.4382 0 401.757 1.19279e-09
2.09683 1.4382 0 402.759 1.15942e-09
2.09683 1.4382 0 403.762 1.12703e-09
2.09683 1.4382 0 404.764 1.09558e-09
2.09683 1.4382 0 405.767 1.06505e-09
2.09683 1.4382 0 406.769 1.03541e-09
2.09683 1.4382 0 407.772 1.00663e-09
2.09683 1.4382 0 408.774 9.78686e-10
2.09683 1.4382 0 409.777 9.51556e-10
2.09683 1.4382 0 410.779 9.25213e-10
2.09683 1.4382 0 411.782 8.99632e-10
2.09683 1.4382 0 412.784 8.74791e-10
2.09683 1.4382 0 413.787 8.50668e-10
2.09683 1.4382 0 414.789 8.27241e-10
2.09683 1.4382 0 415.792 8.04489e-10
2.09683 1.4382 0 416.794 7.82392e-10
2.09683 1.4382 0 417.797 7.6093e-10
2.09683 1.4382 0 418.799 7.40084e-10
2.09683 1.4382 0 419.802 7.19836e-10
2.09683 1.4382 0 420.804 7.00167e-10
2.09683 1.4382 0 421.806 6.81061e-10
2.09683 1.4382 0 422.809 6.62501e-10
2.09683 1.4382 0 423.811 6.4447e-10
2.09683 1.4382 0 424.814 6.26953e-10
2.09683 1.4382 0 425.816 6.09934e-10
2.09683 1.4382 0 426.819 5.93398e-10
2.09683 1.4382 0 427.821 5.77332e-10
2.09683 1.4382 0 428.824 5.61721e-10
2.09683 1.4382 0 429.826 5.46552e-10
2.09683 1.4382 0 430.829 5.31812e-10
2.09683 1.4382 0 431.831 5.17488e-10
2.09683 1.4382 0 432.834 5.03568e-10
2.09683 1.4382 0 433.836 4.9004e-10
2.09683 1.4382 0 434.839 4.76892e-10
2.09683 1.4382 0 435.841 4.64114e-10
2.09683 1.4382 0 436.844 4.51694e-10
2.09683 1.4382 0 437.846 4.39622e-10
2.09683 1.4382 0 438.849 4.27887e-10
2.09683 1.4382 0 439.851 4.16481e-10
2.09683 1.4382 0 440.854 4.05393e-10
2.09683 1.4382 0 441.856 3.94614e-10
2.09683 1.4382 0 442.859 3.84135e-10
2.09683 1.4382 0 443.861 3.73947e-10
2.09683 1.4382 0 444.864 3.64042e-10
2.09683 1.4382 0 445.866 3.54412e-10
2.09683 1.4382 0 446.868 3.45048e-10
2.09683 1.4382 0 447.871 3.35943e-10
2.09683 1.4382 0 448.873 3.2709e-10
2.09683 1.4382 0 449.876 3.18481e-10
2.09683 1.4382 0 450.878 3.10109e-10
2.09683 1.4382 0 451.881 3.01967e-10
2.09683 1.4382 0 452.883 2.94049e-10
2.09683 1.4382 0 453.886 2.86349e-10
2.09683 1.4382 0 454.888 2.78859e-10
2.09683 1.4382 0 455.891 2.71574e-10
2.09683 1.4382 0 456.893 2.64489e-10
2.09683 1.4382 0 457.896 2.57597e-10
2.09683 1.4382 0 458.898 2.50893e-10
2.09683 1.4382 0 459.901 2.44371e-10
2.09683 1.4382 0 460.903 2.38027e-10
2.09683 1.4382 0 461.906 2.31855e-10
2.09683 1.4382 0 462.908 2.2585e-10
2.09683 1.4382 0 463.911 2.20008e-10
2.09683 1.4382 0 464.913 2.14324e-10
2.09683 1.4382 0 465.916 2.08794e-10
2.09683 1.4382 0 466.918 2.03413e-10
2.09683 1.4382 0 467.921 1.98176e-10
2.09683 1.4382 0 468.923 1.93081e-10
2.09683 1.4382 0 469.926 1.88123e-10
2.09683 1.4382 0 470.928 1.83298e-10
2.09683 1.4382 0 471.931 1.78602e-10
2.09683 1.4382 0 472.933 1.74032e-10
2.09683 1.4382 0 473.935 1.69584e-10
2.09683 1.4382 0 474.938 1.65255e-10
2.09683 1.4382 0 475.94 1.61042e-10
2.09683 1.4382 0 476.943 1.56941e-10
2.09683 1.4382 0 477.945 1.52948e-10
2.09683 1.4382 0 478.948 1.49062e-10
2.09683 1.4382 0 479.95 1.45279e-10
2.09683 1.4382 0 480.953 1.41597e-10
2.09683 1.4382 0 481.955 1.38012e-10
2.09683 1.4382 0 482.958 1.34521e-10
2.09683 1.4382 0 483.96 1.31123e-10
2.09683 1.4382 0 484.963 1.27815e-10
2.09683 1.4382 0 485.965 1.24593e-10
2.09683 1.4382 0 486.968 1.21456e-10
2.09683 1.4382 0 487.97 1.18402e-10
2.09683 1.4382 0 488.973 1.15428e-10
2.09683 1.4382 0 489.975 1.12532e-10
2.09683 1.4382 0 490.978 1.09712e-10
2.09683 1.4382 0 491.98 1.06965e-10
2.09683 1.4382 0 492.983 1.0429e-10
2.09683 1.4382 0 493.985 1.01685e-10
2.09683 1.4382 0 494.988 9.91477e-11
2.09683 1.4382 0 495.99 9.66764e-11
2.09683 1.4382 0 496.993 9.42694e-11
2.09683 1.4382 0 497.995 9.19248e-11
2.09683 1.4382 0 498.998 8.9641e-11
2.09683 1.4382 0 500 8.74163e-11

