0.624571 1.4382 0 150.015 2.69625e-06
0.624571 1.4382 0 151.017 4.92277e-06
0.624571 1.4382 0 152.02 5.12771e-06
0.624571 1.4382 0 153.022 5.07484e-06
0.624571 1.4382 0 154.025 5.01062e-06
0.624571 1.4382 0 155.027 4.9495e-06
0.624571 1.4382 0 156.03 4.8912e-06
0.624571 1.4382 0 157.032 4.83507e-06
0.624571 1.4382 0 158.035 4.78067e-06
0.624571 1.4382 0 159.037 4.72769e-06
0.624571 1.4382 0 160.04 4.67594e-06
0.624571 1.4382 0 161.042 4.62528e-06
0.624571 1.4382 0 162.045 4.57559e-06
0.624571 1.4382 0 163.047 4.52679e-06
0.624571 1.4382 0 164.05 4.47883e-06
0.624571 1.4382 0 165.052 4.43163e-06
0.624571 1.4382 0 166.054 4.38516e-06
0.624571 1.4382 0 167.057 4.33938e-06
0.624571 1.4382 0 168.059 4.29425e-06
0.624571 1.4382 0 169.062 4.24976e-06
0.624571 1.4382 0 170.064 4.20587e-06
0.624571 1.4382 0 171.067 4.16257e-06
0.624571 1.4382 0 172.069 4.11983e-06
0.624571 1.4382 0 173.072 4.07764e-06
0.624571 1.4382 0 174.074 4.03598e-06
0.624571 1.4382 0 175.077 3.99484e-06
0.624571 1.4382 0 176.079 3.95421e-06
0.624571 1.4382 0 177.082 3.91406e-06
0.624571 1.4382 0 178.084 3.87441e-06
0.624571 1.4382 0 179.087 3.83522e-06
0.624571 1.4382 0 180.089 3.79649e-06
0.624571 1.4382 0 181.092 3.75822e-06
0.624571 1.4382 0 182.094 3.72039e-06
0.624571 1.4382 0 183.096 3.683e-06
0.624571 1.4382 0 184.099 3.64603e-06
0.624571 1.4382 0 185.101 3.60949e-06
0.624571 1.4382 0 186.104 3.57335e-06
0.624571 1.4382 0 187.106 3.53763e-06
0.624571 1.4382 0 188.109 3.5023e-06
0.624571 1.4382 0 189.111 3.46737e-06
0.624571 1.4382 0 190.114 3.43283e-06
0.624571 1.4382 0 191.116 3.39867e-06
0.624571 1.4382 0 192.119 3.36488e-06
0.624571 1.4382 0 193.121 3.33146e-06
0.624571 1.4382 0 194.124 3.29841e-06
0.624571 1.4382 0 195.126 3.26572e-06
0.624571 1.4382 0 196.129 3.23339e-06
0.624571 1.4382 0 197.131 3.2014e-06
0.624571 1.4382 0 198.133 3.16976e-06
0.624571 1.4382 0 199.136 3.13846e-06
0.624571 1.4382 0 200.138 3.1075e-06
0.624571 1.4382 0 201.141 3.07686e-06
0.624571 1.4382 0 202.143 3.04656e-06
0.624571 1.4382 0 203.146 3.01658e-06
0.624571 1.4382 0 204.148 2.98691e-06
0.624571 1.4382 0 205.151 2.95757e-06
0.624571 1.4382 0 206.153 2.92853e-06
0.624571 1.4382 0 207.156 2.8998e-06
0.624571 1.4382 0 208.158 2.87137e-06
0.624571 1.4382 0 209.161 2.84324e-06
0.624571 1.4382 0 210.163 2.81541e-06
0.624571 1.4382 0 211.166 2.78787e-06
0.624571 1.4382 0 212.168 2.76062e-06
0.624571 1.4382 0 213.171 2.73366e-06
0.624571 1.4382 0 214.173 2.70697e-06
0.624571 1.4382 0 215.175 2.68057e-06
0.624571 1.4382 0 216.178 2.65444e-06
0.624571 1.4382 0 217.18 2.62858e-06
0.624571 1.4382 0 218.183 2.60299e-06
0.624571 1.4382 0 219.185 2.57767e-06
0.624571 1.4382 0 220.188 2.5526e-06
0.624571 1.4382 0 221.19 2.5278e-06
0.624571 1.4382 0 222.193 2.50326e-06
0.624571 1.4382 0 223.195 2.47897e-06
0.624571 1.4382 0 224.198 2.45492e-06
0.624571 1.4382 0 225.2 2.43113e-06
0.624571 1.4382 0 226.203 2.40758e-06
0.624571 1.4382 0 227.205 2.38428e-06
0.624571 1.4382 0 228.208 2.36121e-06
0.624571 1.4382 0 229.21 2.33838e-06
0.624571 1.4382 0 230.212 2.31578e-06
0.624571 1.4382 0 231.215 2.29342e-06
0.624571 1.4382 0 232.217 2.27128e-06
0.624571 1.4382 0 233.22 2.24937e-06
0.624571 1.4382 0 234.222 2.22769e-06
0.624571 1.4382 0 235.225 2.20622e-06
0.624571 1.4382 0 236.227 2.18498e-06
0.624571 1.4382 0 237.23 2.16395e-06
0.624571 1.4382 0 238.232 2.14313e-06
0.624571 1.4382 0 239.235 2.12253e-06
0.624571 1.4382 0 240.237 2.10214e-06
0.624571 1.4382 0 241.24 2.08195e-06
0.624571 1.4382 0 242.242 2.06197e-06
0.624571 1.4382 0 243.245 2.04219e-06
0.624571 1.4382 0 244.247 2.02261e-06
0.624571 1.4382 0 245.25 2.00323e-06
0.624571 1.4382 0 246.252 1.98405e-06
0.624571 1.4382 0 247.254 1.96505e-06
0.624571 1.4382 0 248.257 1.94626e-06
0.624571 1.4382 0 249.259 1.92765e-06
0.624571 1.4382 0 250.262 1.90923e-06
0.624571 1.4382 0 251.264 1.89099e-06
0.624571 1.4382 0 252.267 1.87294e-06
0.624571 1.4382 0 253.269 1.85507e-06
0.624571 1.4382 0 254.272 1.83738e-06
0.624571 1.4382 0 255.274 1.81986e-06
0.624571 1.4382 0 256.277 1.80253e-06
0.624571 1.4382 0 257.279 1.78536e-06
0.624571 1.4382 0 258.282 1.76837e-06
0.624571 1.4382 0 259.284 1.75155e-06
0.624571 1.4382 0 260.287 1.7349e-06
0.624571 1.4382 0 261.289 1.71842e-06
0.624571 1.4382 0 262.291 1.7021e-06
0.624571 1.4382 0 263.294 1.68594e-06
0.624571 1.4382 0 264.296 1.66995e-06
0.624571 1.4382 0 265.299 1.65411e-06
0.624571 1.4382 0 266.301 1.63843e-06
0.624571 1.4382 0 267.304 1.62291e-06
0.624571 1.4382 0 268.306 1.60755e-06
0.624571 1.4382 0 269.309 1.59233e-06
0.624571 1.4382 0 270.311 1.57727e-06
0.624571 1.4382 0 271.314 1.56236e-06
0.624571 1.4382 0 272.316 1.5476e-06
0.624571 1.4382 0 273.319 1.53298e-06
0.624571 1.4382 0 274.321 1.51851e-06
0.624571 1.4382 0 275.324 1.50419e-06
0.624571 1.4382 0 276.326 1.49e-06
0.624571 1.4382 0 277.329 1.47596e-06
0.624571 1.4382 0 278.331 1.46205e-06
0.624571 1.4382 0 279.333 1.44829e-06
0.624571 1.4382 0 280.336 1.43465e-06
0.624571 1.4382 0 281.338 1.42116e-06
0.624571 1.4382 0 282.341 1.4078e-06
0.624571 1.4382 0 283.343 1.39457e-06
0.624571 1.4382 0 284.346 1.38147e-06
0.624571 1.4382 0 285.348 1.3685e-06
0.624571 1.4382 0 286.351 1.35566e-06
0.624571 1.4382 0 287.353 1.34294e-06
0.624571 1.4382 0 288.356 1.33035e-06
0.624571 1.4382 0 289.358 1.31789e-06
0.624571 1.4382 0 290.361 1.30554e-06
0.624571 1.4382 0 291.363 1.29332e-06
0.624571 1.4382 0 292.366 1.28122e-06
0.624571 1.4382 0 293.368 1.26924e-06
0.624571 1.4382 0 294.37 1.25738e-06
0.624571 1.4382 0 295.373 1.24563e-06
0.624571 1.4382 0 296.375 1.234e-06
0.624571 1.4382 0 297.378 1.22248e-06
0.624571 1.4382 0 298.38 1.21108e-06
0.624571 1.4382 0 299.383 1.19978e-06
0.624571 1.4382 0 300.385 1.1886e-06
0.624571 1.4382 0 301.388 1.17753e-06
0.624571 1.4382 0 302.39 1.16656e-06
0.624571 1.4382 0 303.393 1.15571e-06
0.624571 1.4382 0 304.395 1.14496e-06
0.624571 1.4382 0 305.398 1.13431e-06
0.624571 1.4382 0 306.4 1.12377e-06
0.624571 1.4382 0 307.403 1.11333e-06
0.624571 1.4382 0 308.405 1.103e-06
0.624571 1.4382 0 309.408 1.09276e-06
0.624571 1.4382 0 310.41 1.08262e-06
0.624571 1.4382 0 311.412 1.07259e-06
0.624571 1.4382 0 312.415 1.06265e-06
0.624571 1.4382 0 313.417 1.05281e-06
0.624571 1.4382 0 314.42 1.04306e-06
0.624571 1.4382 0 315.422 1.03341e-06
0.624571 1.4382 0 316.425 1.02385e-06
0.624571 1.4382 0 317.427 1.01439e-06
0.624571 1.4382 0 318.43 1.00501e-06
0.624571 1.4382 0 319.432 9.95731e-07
0.624571 1.4382 0 320.435 9.86539e-07
0.624571 1.4382 0 321.437 9.77437e-07
0.624571 1.4382 0 322.44 9.68423e-07
0.624571 1.4382 0 323.442 9.59496e-07
0.624571 1.4382 0 324.445 9.50655e-07
0.624571 1.4382 0 325.447 9.419e-07
0.624571 1.4382 0 326.449 9.3323e-07
0.624571 1.4382 0 327.452 9.24644e-07
0.624571 1.4382 0 328.454 9.16141e-07
0.624571 1.4382 0 329.457 9.0772e-07
0.624571 1.4382 0 330.459 8.9938e-07
0.624571 1.4382 0 331.462 8.91121e-07
0.624571 1.4382 0 332.464 8.82941e-07
0.624571 1.4382 0 333.467 8.74841e-07
0.624571 1.4382 0 334.469 8.66818e-07
0.624571 1.4382 0 335.472 8.58873e-07
0.624571 1.4382 0 336.474 8.51004e-07
0.624571 1.4382 0 337.477 8.43211e-07
0.624571 1.4382 0 338.479 8.35493e-07
0.624571 1.4382 0 339.482 8.2785e-07
0.624571 1.4382 0 340.484 8.20279e-07
0.624571 1.4382 0 341.487 8.12782e-07
0.624571 1.4382 0 342.489 8.05356e-07
0.624571 1.4382 0 343.491 7.98002e-07
0.624571 1.4382 0 344.494 7.90718e-07
0.624571 1.4382 0 345.496 7.83504e-07
0.624571 1.4382 0 346.499 7.7636e-07
0.624571 1.4382 0 347.501 7.69283e-07
0.624571 1.4382 0 348.504 7.62275e-07
0.624571 1.4382 0 349.506 7.55333e-07
0.624571 1.4382 0 350.509 7.48458e-07
0.624571 1.4382 0 351.511 7.41649e-07
0.624571 1.4382 0 352.514 7.34904e-07
0.624571 1.4382 0 353.516 7.28224e-07
0.624571 1.4382 0 354.519 7.21608e-07
0.624571 1.4382 0 355.521 7.15055e-07
0.624571 1.4382 0 356.524 7.08565e-07
0.624571 1.4382 0 357.526 7.02136e-07
0.624571 1.4382 0 358.528 6.95769e-07
0.624571 1.4382 0 359.531 6.89462e-07
0.624571 1.4382 0 360.533 6.83216e-07
0.624571 1.4382 0 361.536 6.77028e-07
0.624571 1.4382 0 362.538 6.709e-07
0.624571 1.4382 0 363.541 6.6483e-07
0.624571 1.4382 0 364.543 6.58817e-07
0.624571 1.4382 0 365.546 6.52862e-07
0.624571 1.4382 0 366.548 6.46963e-07
0.624571 1.4382 0 367.551 6.4112e-07
0.624571 1.4382 0 368.553 6.35333e-07
0.624571 1.4382 0 369.556 6.296e-07
0.624571 1.4382 0 370.558 6.23922e-07
0.624571 1.4382 0 371.561 6.18297e-07
0.624571 1.4382 0 372.563 6.12726e-07
0.624571 1.4382 0 373.566 6.07207e-07
0.624571 1.4382 0 374.568 6.01741e-07
0.624571 1.4382 0 375.57 5.96326e-07
0.624571 1.4382 0 376.573 5.90962e-07
0.624571 1.4382 0 377.575 5.85649e-07
0.624571 1.4382 0 378.578 5.80386e-07
0.624571 1.4382 0 379.58 5.75173e-07
0.624571 1.4382 0 380.583 5.70009e-07
0.624571 1.4382 0 381.585 5.64893e-07
0.624571 1.4382 0 382.588 5.59826e-07
0.624571 1.4382 0 383.59 5.54806e-07
0.624571 1.4382 0 384.593 5.49834e-07
0.624571 1.4382 0 385.595 5.44909e-07
0.624571 1.4382 0 386.598 5.40029e-07
0.624571 1.4382 0 387.6 5.35196e-07
0.624571 1.4382 0 388.603 5.30408e-07
0.624571 1.4382 0 389.605 5.25665e-07
0.624571 1.4382 0 390.607 5.20966e-07
0.624571 1.4382 0 391.61 5.16312e-07
0.624571 1.4382 0 392.612 5.11701e-07
0.624571 1.4382 0 393.615 5.07133e-07
0.624571 1.4382 0 394.617 5.02608e-07
0.624571 1.4382 0 395.62 4.98125e-07
0.624571 1.4382 0 396.622 4.93685e-07
0.624571 1.4382 0 397.625 4.89285e-07
0.624571 1.4382 0 398.627 4.84927e-07
0.624571 1.4382 0 399.63 4.8061e-07
0.624571 1.4382 0 400.632 4.76333e-07
0.624571 1.4382 0 401.635 4.72096e-07
0.624571 1.4382 0 402.637 4.67898e-07
0.624571 1.4382 0 403.64 4.6374e-07
0.624571 1.4382 0 404.642 4.5962e-07
0.624571 1.4382 0 405.645 4.55539e-07
0.624571 1.4382 0 406.647 4.51496e-07
0.624571 1.4382 0 407.649 4.4749e-07
0.624571 1.4382 0 408.652 4.43521e-07
0.624571 1.4382 0 409.654 4.3959e-07
0.624571 1.4382 0 410.657 4.35695e-07
0.624571 1.4382 0 411.659 4.31836e-07
0.624571 1.4382 0 412.662 4.28013e-07
0.624571 1.4382 0 413.664 4.24225e-07
0.624571 1.4382 0 414.667 4.20473e-07
0.624571 1.4382 0 415.669 4.16755e-07
0.624571 1.4382 0 416.672 4.13072e-07
0.624571 1.4382 0 417.674 4.09423e-07
0.624571 1.4382 0 418.677 4.05808e-07
0.624571 1.4382 0 419.679 4.02226e-07
0.624571 1.4382 0 420.682 3.98677e-07
0.624571 1.4382 0 421.684 3.95161e-07
0.624571 1.4382 0 422.686 3.91678e-07
0.624571 1.4382 0 423.689 3.88227e-07
0.624571 1.4382 0 424.691 3.84807e-07
0.624571 1.4382 0 425.694 3.81419e-07
0.624571 1.4382 0 426.696 3.78063e-07
0.624571 1.4382 0 427.699 3.74737e-07
0.624571 1.4382 0 428.701 3.71442e-07
0.624571 1.4382 0 429.704 3.68177e-07
0.624571 1.4382 0 430.706 3.64943e-07
0.624571 1.4382 0 431.709 3.61738e-07
0.624571 1.4382 0 432.711 3.58562e-07
0.624571 1.4382 0 433.714 3.55416e-07
0.624571 1.4382 0 434.716 3.52299e-07
0.624571 1.4382 0 435.719 3.4921e-07
0.624571 1.4382 0 436.721 3.4615e-07
0.624571 1.4382 0 437.724 3.43117e-07
0.624571 1.4382 0 438.726 3.40113e-07
0.624571 1.4382 0 439.728 3.37136e-07
0.624571 1.4382 0 440.731 3.34186e-07
0.624571 1.4382 0 441.733 3.31264e-07
0.624571 1.4382 0 442.736 3.28368e-07
0.624571 1.4382 0 443.738 3.25498e-07
0.624571 1.4382 0 444.741 3.22655e-07
0.624571 1.4382 0 445.743 3.19838e-07
0.624571 1.4382 0 446.746 3.17047e-07
0.624571 1.4382 0 447.748 3.14281e-07
0.624571 1.4382 0 448.751 3.1154e-07
0.624571 1.4382 0 449.753 3.08824e-07
0.624571 1.4382 0 450.756 3.06133e-07
0.624571 1.4382 0 451.758 3.03467e-07
0.624571 1.4382 0 452.761 3.00825e-07
0.624571 1.4382 0 453.763 2.98207e-07
0.624571 1.4382 0 454.765 2.95613e-07
0.624571 1.4382 0 455.768 2.93042e-07
0.624571 1.4382 0 456.77 2.90495e-07
0.624571 1.4382 0 457.773 2.87971e-07
0.624571 1.4382 0 458.775 2.85469e-07
0.624571 1.4382 0 459.778 2.82991e-07
0.624571 1.4382 0 460.78 2.80535e-07
0.624571 1.4382 0 461.783 2.78101e-07
0.624571 1.4382 0 462.785 2.7569e-07
0.624571 1.4382 0 463.788 2.733e-07
0.624571 1.4382 0 464.79 2.70932e-07
0.624571 1.4382 0 465.793 2.68585e-07
0.624571 1.4382 0 466.795 2.6626e-07
0.624571 1.4382 0 467.798 2.63955e-07
0.624571 1.4382 0 468.8 2.61672e-07
0.624571 1.4382 0 469.803 2.59409e-07
0.624571 1.4382 0 470.805 2.57167e-07
0.624571 1.4382 0 471.807 2.54944e-07
0.624571 1.4382 0 472.81 2.52742e-07
0.624571 1.4382 0 473.812 2.5056e-07
0.624571 1.4382 0 474.815 2.48398e-07
0.624571 1.4382 0 475.817 2.46254e-07
0.624571 1.4382 0 476.82 2.44131e-07
0.624571 1.4382 0 477.822 2.42026e-07
0.624571 1.4382 0 478.825 2.3994e-07
0.624571 1.4382 0 479.827 2.37873e-07
0.624571 1.4382 0 480.83 2.35825e-07
0.624571 1.4382 0 481.832 2.33795e-07
0.624571 1.4382 0 482.835 2.31784e-07
0.624571 1.4382 0 483.837 2.2979e-07
0.624571 1.4382 0 484.84 2.27814e-07
0.624571 1.4382 0 485.842 2.25856e-07
0.624571 1.4382 0 486.844 2.23916e-07
0.624571 1.4382 0 487.847 2.21993e-07
0.624571 1.4382 0 488.849 2.20087e-07
0.624571 1.4382 0 489.852 2.18199e-07
0.624571 1.4382 0 490.854 2.16327e-07
0.624571 1.4382 0 491.857 2.14472e-07
0.624571 1.4382 0 492.859 2.12634e-07
0.624571 1.4382 0 493.862 2.10812e-07
0.624571 1.4382 0 494.864 2.09006e-07
0.624571 1.4382 0 495.867 2.07216e-07
0.624571 1.4382 0 496.869 2.05443e-07
0.624571 1.4382 0 497.872 2.03685e-07
0.624571 1.4382 0 498.874 2.01943e-07
0.624571 1.4382 0 499.877 2.00217e-07
0.624571 1.4382 0 500.879 1.98505e-07
0.624571 1.4382 0 501.882 1.9681e-07
0.624571 1.4382 0 502.884 1.95129e-07
0.624571 1.4382 0 503.886 1.93463e-07
0.624571 1.4382 0 504.889 1.91812e-07
0.624571 1.4382 0 505.891 1.90176e-07
0.624571 1.4382 0 506.894 1.88554e-07
0.624571 1.4382 0 507.896 1.86947e-07
0.624571 1.4382 0 508.899 1.85354e-07
0.624571 1.4382 0 509.901 1.83775e-07
0.624571 1.4382 0 510.904 1.8221e-07
0.624571 1.4382 0 511.906 1.80659e-07
0.624571 1.4382 0 512.909 1.79122e-07
0.624571 1.4382 0 513.911 1.77599e-07
0.624571 1.4382 0 514.914 1.76088e-07
0.624571 1.4382 0 515.916 1.74592e-07
0.624571 1.4382 0 516.919 1.73108e-07
0.624571 1.4382 0 517.921 1.71638e-07
0.624571 1.4382 0 518.923 1.70181e-07
0.624571 1.4382 0 519.926 1.68736e-07
0.624571 1.4382 0 520.928 1.67305e-07
0.624571 1.4382 0 521.931 1.65886e-07
0.624571 1.4382 0 522.933 1.64479e-07
0.624571 1.4382 0 523.936 1.63085e-07
0.624571 1.4382 0 524.938 1.61704e-07
0.624571 1.4382 0 525.941 1.60334e-07
0.624571 1.4382 0 526.943 1.58977e-07
0.624571 1.4382 0 527.946 1.57631e-07
0.624571 1.4382 0 528.948 1.56297e-07
0.624571 1.4382 0 529.951 1.54976e-07
0.624571 1.4382 0 530.953 1.53665e-07
0.624571 1.4382 0 531.956 1.52367e-07
0.624571 1.4382 0 532.958 1.51079e-07
0.624571 1.4382 0 533.961 1.49803e-07
0.624571 1.4382 0 534.963 1.48539e-07
0.624571 1.4382 0 535.965 1.47285e-07
0.624571 1.4382 0 536.968 1.46042e-07
0.624571 1.4382 0 537.97 1.44811e-07
0.624571 1.4382 0 538.973 1.4359e-07
0.624571 1.4382 0 539.975 1.42379e-07
0.624571 1.4382 0 540.978 1.4118e-07
0.624571 1.4382 0 541.98 1.39991e-07
0.624571 1.4382 0 542.983 1.38812e-07
0.624571 1.4382 0 543.985 1.37644e-07
0.624571 1.4382 0 544.988 1.36486e-07
0.624571 1.4382 0 545.99 1.35338e-07
0.624571 1.4382 0 546.993 1.342e-07
0.624571 1.4382 0 547.995 1.33072e-07
0.624571 1.4382 0 548.998 1.31954e-07
0.624571 1.4382 0 550 1.30845e-07

