3.41438 1.4382 0 150.015 1.50587e-05
3.41438 1.4382 0 151.017 2.55593e-05
3.41438 1.4382 0 152.02 2.39464e-05
3.41438 1.4382 0 153.022 2.14261e-05
3.41438 1.4382 0 154.025 1.92747e-05
3.41438 1.4382 0 155.027 1.74547e-05
3.41438 1.4382 0 156.03 1.58917e-05
3.41438 1.4382 0 157.032 1.45326e-05
3.41438 1.4382 0 158.035 1.33397e-05
3.41438 1.4382 0 159.037 1.22845e-05
3.41438 1.4382 0 160.04 1.13451e-05
3.41438 1.4382 0 161.042 1.05042e-05
3.41438 1.4382 0 162.045 9.74777e-06
3.41438 1.4382 0 163.047 9.06447e-06
3.41438 1.4382 0 164.05 8.44484e-06
3.41438 1.4382 0 165.052 7.88101e-06
3.41438 1.4382 0 166.054 7.36634e-06
3.41438 1.4382 0 167.057 6.89519e-06
3.41438 1.4382 0 168.059 6.46275e-06
3.41438 1.4382 0 169.062 6.06487e-06
3.41438 1.4382 0 170.064 5.69797e-06
3.41438 1.4382 0 171.067 5.35894e-06
3.41438 1.4382 0 172.069 5.04505e-06
3.41438 1.4382 0 173.072 4.75393e-06
3.41438 1.4382 0 174.074 4.48345e-06
3.41438 1.4382 0 175.077 4.23178e-06
3.41438 1.4382 0 176.079 3.99726e-06
3.41438 1.4382 0 177.082 3.77842e-06
3.41438 1.4382 0 178.084 3.57396e-06
3.41438 1.4382 0 179.087 3.38269e-06
3.41438 1.4382 0 180.089 3.20357e-06
3.41438 1.4382 0 181.092 3.03564e-06
3.41438 1.4382 0 182.094 2.87805e-06
3.41438 1.4382 0 183.096 2.73001e-06
3.41438 1.4382 0 184.099 2.59083e-06
3.41438 1.4382 0 185.101 2.45986e-06
3.41438 1.4382 0 186.104 2.33653e-06
3.41438 1.4382 0 187.106 2.22029e-06
3.41438 1.4382 0 188.109 2.11065e-06
3.41438 1.4382 0 189.111 2.00719e-06
3.41438 1.4382 0 190.114 1.90947e-06
3.41438 1.4382 0 191.116 1.81713e-06
3.41438 1.4382 0 192.119 1.72982e-06
3.41438 1.4382 0 193.121 1.64721e-06
3.41438 1.4382 0 194.124 1.56902e-06
3.41438 1.4382 0 195.126 1.49497e-06
3.41438 1.4382 0 196.129 1.4248e-06
3.41438 1.4382 0 197.131 1.35828e-06
3.41438 1.4382 0 198.133 1.2952e-06
3.41438 1.4382 0 199.136 1.23534e-06
3.41438 1.4382 0 200.138 1.17853e-06
3.41438 1.4382 0 201.141 1.12458e-06
3.41438 1.4382 0 202.143 1.07333e-06
3.41438 1.4382 0 203.146 1.02464e-06
3.41438 1.4382 0 204.148 9.78344e-07
3.41438 1.4382 0 205.151 9.34325e-07
3.41438 1.4382 0 206.153 8.92453e-07
3.41438 1.4382 0 207.156 8.52611e-07
3.41438 1.4382 0 208.158 8.14691e-07
3.41438 1.4382 0 209.161 7.78588e-07
3.41438 1.4382 0 210.163 7.44207e-07
3.41438 1.4382 0 211.166 7.11456e-07
3.41438 1.4382 0 212.168 6.8025e-07
3.41438 1.4382 0 213.171 6.5051e-07
3.41438 1.4382 0 214.173 6.22159e-07
3.41438 1.4382 0 215.175 5.95127e-07
3.41438 1.4382 0 216.178 5.69346e-07
3.41438 1.4382 0 217.18 5.44753e-07
3.41438 1.4382 0 218.183 5.21288e-07
3.41438 1.4382 0 219.185 4.98896e-07
3.41438 1.4382 0 220.188 4.77523e-07
3.41438 1.4382 0 221.19 4.57119e-07
3.41438 1.4382 0 222.193 4.37636e-07
3.41438 1.4382 0 223.195 4.1903e-07
3.41438 1.4382 0 224.198 4.01258e-07
3.41438 1.4382 0 225.2 3.8428e-07
3.41438 1.4382 0 226.203 3.68057e-07
3.41438 1.4382 0 227.205 3.52554e-07
3.41438 1.4382 0 228.208 3.37737e-07
3.41438 1.4382 0 229.21 3.23573e-07
3.41438 1.4382 0 230.212 3.10031e-07
3.41438 1.4382 0 231.215 2.97082e-07
3.41438 1.4382 0 232.217 2.84699e-07
3.41438 1.4382 0 233.22 2.72855e-07
3.41438 1.4382 0 234.222 2.61526e-07
3.41438 1.4382 0 235.225 2.50687e-07
3.41438 1.4382 0 236.227 2.40317e-07
3.41438 1.4382 0 237.23 2.30393e-07
3.41438 1.4382 0 238.232 2.20896e-07
3.41438 1.4382 0 239.235 2.11805e-07
3.41438 1.4382 0 240.237 2.03104e-07
3.41438 1.4382 0 241.24 1.94774e-07
3.41438 1.4382 0 242.242 1.86798e-07
3.41438 1.4382 0 243.245 1.7916e-07
3.41438 1.4382 0 244.247 1.71847e-07
3.41438 1.4382 0 245.25 1.64842e-07
3.41438 1.4382 0 246.252 1.58133e-07
3.41438 1.4382 0 247.254 1.51707e-07
3.41438 1.4382 0 248.257 1.4555e-07
3.41438 1.4382 0 249.259 1.39651e-07
3.41438 1.4382 0 250.262 1.34e-07
3.41438 1.4382 0 251.264 1.28584e-07
3.41438 1.4382 0 252.267 1.23394e-07
3.41438 1.4382 0 253.269 1.1842e-07
3.41438 1.4382 0 254.272 1.13653e-07
3.41438 1.4382 0 255.274 1.09083e-07
3.41438 1.4382 0 256.277 1.04702e-07
3.41438 1.4382 0 257.279 1.00502e-07
3.41438 1.4382 0 258.282 9.64759e-08
3.41438 1.4382 0 259.284 9.26152e-08
3.41438 1.4382 0 260.287 8.89133e-08
3.41438 1.4382 0 261.289 8.53633e-08
3.41438 1.4382 0 262.291 8.19588e-08
3.41438 1.4382 0 263.294 7.86936e-08
3.41438 1.4382 0 264.296 7.55619e-08
3.41438 1.4382 0 265.299 7.25579e-08
3.41438 1.4382 0 266.301 6.96763e-08
3.41438 1.4382 0 267.304 6.6912e-08
3.41438 1.4382 0 268.306 6.426e-08
3.41438 1.4382 0 269.309 6.17156e-08
3.41438 1.4382 0 270.311 5.92743e-08
3.41438 1.4382 0 271.314 5.69318e-08
3.41438 1.4382 0 272.316 5.46839e-08
3.41438 1.4382 0 273.319 5.25268e-08
3.41438 1.4382 0 274.321 5.04567e-08
3.41438 1.4382 0 275.324 4.84699e-08
3.41438 1.4382 0 276.326 4.65631e-08
3.41438 1.4382 0 277.329 4.47328e-08
3.41438 1.4382 0 278.331 4.2976e-08
3.41438 1.4382 0 279.333 4.12895e-08
3.41438 1.4382 0 280.336 3.96706e-08
3.41438 1.4382 0 281.338 3.81164e-08
3.41438 1.4382 0 282.341 3.66243e-08
3.41438 1.4382 0 283.343 3.51918e-08
3.41438 1.4382 0 284.346 3.38163e-08
3.41438 1.4382 0 285.348 3.24957e-08
3.41438 1.4382 0 286.351 3.12275e-08
3.41438 1.4382 0 287.353 3.00098e-08
3.41438 1.4382 0 288.356 2.88404e-08
3.41438 1.4382 0 289.358 2.77173e-08
3.41438 1.4382 0 290.361 2.66388e-08
3.41438 1.4382 0 291.363 2.5603e-08
3.41438 1.4382 0 292.366 2.46081e-08
3.41438 1.4382 0 293.368 2.36526e-08
3.41438 1.4382 0 294.37 2.27347e-08
3.41438 1.4382 0 295.373 2.18531e-08
3.41438 1.4382 0 296.375 2.10062e-08
3.41438 1.4382 0 297.378 2.01927e-08
3.41438 1.4382 0 298.38 1.94111e-08
3.41438 1.4382 0 299.383 1.86603e-08
3.41438 1.4382 0 300.385 1.7939e-08
3.41438 1.4382 0 301.388 1.7246e-08
3.41438 1.4382 0 302.39 1.65801e-08
3.41438 1.4382 0 303.393 1.59404e-08
3.41438 1.4382 0 304.395 1.53257e-08
3.41438 1.4382 0 305.398 1.4735e-08
3.41438 1.4382 0 306.4 1.41675e-08
3.41438 1.4382 0 307.403 1.36221e-08
3.41438 1.4382 0 308.405 1.3098e-08
3.41438 1.4382 0 309.408 1.25943e-08
3.41438 1.4382 0 310.41 1.21103e-08
3.41438 1.4382 0 311.412 1.16451e-08
3.41438 1.4382 0 312.415 1.1198e-08
3.41438 1.4382 0 313.417 1.07683e-08
3.41438 1.4382 0 314.42 1.03554e-08
3.41438 1.4382 0 315.422 9.95841e-09
3.41438 1.4382 0 316.425 9.57688e-09
3.41438 1.4382 0 317.427 9.21016e-09
3.41438 1.4382 0 318.43 8.85764e-09
3.41438 1.4382 0 319.432 8.51879e-09
3.41438 1.4382 0 320.435 8.19306e-09
3.41438 1.4382 0 321.437 7.87993e-09
3.41438 1.4382 0 322.44 7.57891e-09
3.41438 1.4382 0 323.442 7.28952e-09
3.41438 1.4382 0 324.445 7.01131e-09
3.41438 1.4382 0 325.447 6.74384e-09
3.41438 1.4382 0 326.449 6.48669e-09
3.41438 1.4382 0 327.452 6.23946e-09
3.41438 1.4382 0 328.454 6.00175e-09
3.41438 1.4382 0 329.457 5.7732e-09
3.41438 1.4382 0 330.459 5.55345e-09
3.41438 1.4382 0 331.462 5.34215e-09
3.41438 1.4382 0 332.464 5.13898e-09
3.41438 1.4382 0 333.467 4.94361e-09
3.41438 1.4382 0 334.469 4.75575e-09
3.41438 1.4382 0 335.472 4.5751e-09
3.41438 1.4382 0 336.474 4.40138e-09
3.41438 1.4382 0 337.477 4.23433e-09
3.41438 1.4382 0 338.479 4.07368e-09
3.41438 1.4382 0 339.482 3.91918e-09
3.41438 1.4382 0 340.484 3.7706e-09
3.41438 1.4382 0 341.487 3.62771e-09
3.41438 1.4382 0 342.489 3.49028e-09
3.41438 1.4382 0 343.491 3.35811e-09
3.41438 1.4382 0 344.494 3.23099e-09
3.41438 1.4382 0 345.496 3.10873e-09
3.41438 1.4382 0 346.499 2.99114e-09
3.41438 1.4382 0 347.501 2.87803e-09
3.41438 1.4382 0 348.504 2.76924e-09
3.41438 1.4382 0 349.506 2.6646e-09
3.41438 1.4382 0 350.509 2.56395e-09
3.41438 1.4382 0 351.511 2.46713e-09
3.41438 1.4382 0 352.514 2.374e-09
3.41438 1.4382 0 353.516 2.28442e-09
3.41438 1.4382 0 354.519 2.19825e-09
3.41438 1.4382 0 355.521 2.11535e-09
3.41438 1.4382 0 356.524 2.0356e-09
3.41438 1.4382 0 357.526 1.95889e-09
3.41438 1.4382 0 358.528 1.88509e-09
3.41438 1.4382 0 359.531 1.81409e-09
3.41438 1.4382 0 360.533 1.74579e-09
3.41438 1.4382 0 361.536 1.68008e-09
3.41438 1.4382 0 362.538 1.61687e-09
3.41438 1.4382 0 363.541 1.55605e-09
3.41438 1.4382 0 364.543 1.49753e-09
3.41438 1.4382 0 365.546 1.44123e-09
3.41438 1.4382 0 366.548 1.38707e-09
3.41438 1.4382 0 367.551 1.33495e-09
3.41438 1.4382 0 368.553 1.28481e-09
3.41438 1.4382 0 369.556 1.23657e-09
3.41438 1.4382 0 370.558 1.19015e-09
3.41438 1.4382 0 371.561 1.14548e-09
3.41438 1.4382 0 372.563 1.10251e-09
3.41438 1.4382 0 373.566 1.06115e-09
3.41438 1.4382 0 374.568 1.02136e-09
3.41438 1.4382 0 375.57 9.83073e-10
3.41438 1.4382 0 376.573 9.4623e-10
3.41438 1.4382 0 377.575 9.10777e-10
3.41438 1.4382 0 378.578 8.76661e-10
3.41438 1.4382 0 379.58 8.43832e-10
3.41438 1.4382 0 380.583 8.1224e-10
3.41438 1.4382 0 381.585 7.81838e-10
3.41438 1.4382 0 382.588 7.52582e-10
3.41438 1.4382 0 383.59 7.24428e-10
3.41438 1.4382 0 384.593 6.97334e-10
3.41438 1.4382 0 385.595 6.71259e-10
3.41438 1.4382 0 386.598 6.46166e-10
3.41438 1.4382 0 387.6 6.22016e-10
3.41438 1.4382 0 388.603 5.98775e-10
3.41438 1.4382 0 389.605 5.76407e-10
3.41438 1.4382 0 390.607 5.5488e-10
3.41438 1.4382 0 391.61 5.34161e-10
3.41438 1.4382 0 392.612 5.14221e-10
3.41438 1.4382 0 393.615 4.9503e-10
3.41438 1.4382 0 394.617 4.76559e-10
3.41438 1.4382 0 395.62 4.58781e-10
3.41438 1.4382 0 396.622 4.4167e-10
3.41438 1.4382 0 397.625 4.25201e-10
3.41438 1.4382 0 398.627 4.0935e-10
3.41438 1.4382 0 399.63 3.94093e-10
3.41438 1.4382 0 400.632 3.79408e-10
3.41438 1.4382 0 401.635 3.65273e-10
3.41438 1.4382 0 402.637 3.51667e-10
3.41438 1.4382 0 403.64 3.38571e-10
3.41438 1.4382 0 404.642 3.25965e-10
3.41438 1.4382 0 405.645 3.13831e-10
3.41438 1.4382 0 406.647 3.02151e-10
3.41438 1.4382 0 407.649 2.90909e-10
3.41438 1.4382 0 408.652 2.80086e-10
3.41438 1.4382 0 409.654 2.69669e-10
3.41438 1.4382 0 410.657 2.5964e-10
3.41438 1.4382 0 411.659 2.49987e-10
3.41438 1.4382 0 412.662 2.40694e-10
3.41438 1.4382 0 413.664 2.31749e-10
3.41438 1.4382 0 414.667 2.23137e-10
3.41438 1.4382 0 415.669 2.14848e-10
3.41438 1.4382 0 416.672 2.06867e-10
3.41438 1.4382 0 417.674 1.99185e-10
3.41438 1.4382 0 418.677 1.91789e-10
3.41438 1.4382 0 419.679 1.84669e-10
3.41438 1.4382 0 420.682 1.77815e-10
3.41438 1.4382 0 421.684 1.71216e-10
3.41438 1.4382 0 422.686 1.64863e-10
3.41438 1.4382 0 423.689 1.58747e-10
3.41438 1.4382 0 424.691 1.52859e-10
3.41438 1.4382 0 425.694 1.4719e-10
3.41438 1.4382 0 426.696 1.41733e-10
3.41438 1.4382 0 427.699 1.36479e-10
3.41438 1.4382 0 428.701 1.3142e-10
3.41438 1.4382 0 429.704 1.2655e-10
3.41438 1.4382 0 430.706 1.21861e-10
3.41438 1.4382 0 431.709 1.17346e-10
3.41438 1.4382 0 432.711 1.13e-10
3.41438 1.4382 0 433.714 1.08815e-10
3.41438 1.4382 0 434.716 1.04786e-10
3.41438 1.4382 0 435.719 1.00906e-10
3.41438 1.4382 0 436.721 9.71713e-11
3.41438 1.4382 0 437.724 9.3575e-11
3.41438 1.4382 0 438.726 9.01123e-11
3.41438 1.4382 0 439.728 8.67783e-11
3.41438 1.4382 0 440.731 8.35681e-11
3.41438 1.4382 0 441.733 8.04771e-11
3.41438 1.4382 0 442.736 7.7501e-11
3.41438 1.4382 0 443.738 7.46353e-11
3.41438 1.4382 0 444.741 7.1876e-11
3.41438 1.4382 0 445.743 6.92191e-11
3.41438 1.4382 0 446.746 6.66608e-11
3.41438 1.4382 0 447.748 6.41975e-11
3.41438 1.4382 0 448.751 6.18255e-11
3.41438 1.4382 0 449.753 5.95415e-11
3.41438 1.4382 0 450.756 5.73421e-11
3.41438 1.4382 0 451.758 5.52243e-11
3.41438 1.4382 0 452.761 5.31851e-11
3.41438 1.4382 0 453.763 5.12214e-11
3.41438 1.4382 0 454.765 4.93304e-11
3.41438 1.4382 0 455.768 4.75096e-11
3.41438 1.4382 0 456.77 4.57561e-11
3.41438 1.4382 0 457.773 4.40677e-11
3.41438 1.4382 0 458.775 4.24417e-11
3.41438 1.4382 0 459.778 4.0876e-11
3.41438 1.4382 0 460.78 3.93682e-11
3.41438 1.4382 0 461.783 3.79162e-11
3.41438 1.4382 0 462.785 3.6518e-11
3.41438 1.4382 0 463.788 3.51715e-11
3.41438 1.4382 0 464.79 3.38748e-11
3.41438 1.4382 0 465.793 3.26261e-11
3.41438 1.4382 0 466.795 3.14236e-11
3.41438 1.4382 0 467.798 3.02655e-11
3.41438 1.4382 0 468.8 2.91503e-11
3.41438 1.4382 0 469.803 2.80763e-11
3.41438 1.4382 0 470.805 2.7042e-11
3.41438 1.4382 0 471.807 2.60459e-11
3.41438 1.4382 0 472.81 2.50866e-11
3.41438 1.4382 0 473.812 2.41628e-11
3.41438 1.4382 0 474.815 2.32731e-11
3.41438 1.4382 0 475.817 2.24163e-11
3.41438 1.4382 0 476.82 2.15911e-11
3.41438 1.4382 0 477.822 2.07964e-11
3.41438 1.4382 0 478.825 2.0031e-11
3.41438 1.4382 0 479.827 1.92939e-11
3.41438 1.4382 0 480.83 1.85839e-11
3.41438 1.4382 0 481.832 1.79002e-11
3.41438 1.4382 0 482.835 1.72417e-11
3.41438 1.4382 0 483.837 1.66076e-11
3.41438 1.4382 0 484.84 1.59968e-11
3.41438 1.4382 0 485.842 1.54085e-11
3.41438 1.4382 0 486.844 1.48419e-11
3.41438 1.4382 0 487.847 1.42963e-11
3.41438 1.4382 0 488.849 1.37707e-11
3.41438 1.4382 0 489.852 1.32645e-11
3.41438 1.4382 0 490.854 1.2777e-11
3.41438 1.4382 0 491.857 1.23075e-11
3.41438 1.4382 0 492.859 1.18552e-11
3.41438 1.4382 0 493.862 1.14196e-11
3.41438 1.4382 0 494.864 1.10001e-11
3.41438 1.4382 0 495.867 1.0596e-11
3.41438 1.4382 0 496.869 1.02068e-11
3.41438 1.4382 0 497.872 9.83196e-12
3.41438 1.4382 0 498.874 9.47091e-12
3.41438 1.4382 0 499.877 9.12315e-12
3.41438 1.4382 0 500.879 8.78819e-12
3.41438 1.4382 0 501.882 8.46557e-12
3.41438 1.4382 0 502.884 8.15482e-12
3.41438 1.4382 0 503.886 7.8555e-12
3.41438 1.4382 0 504.889 7.5672e-12
3.41438 1.4382 0 505.891 7.28951e-12
3.41438 1.4382 0 506.894 7.02204e-12
3.41438 1.4382 0 507.896 6.76441e-12
3.41438 1.4382 0 508.899 6.51625e-12
3.41438 1.4382 0 509.901 6.27722e-12
3.41438 1.4382 0 510.904 6.04698e-12
3.41438 1.4382 0 511.906 5.8252e-12
3.41438 1.4382 0 512.909 5.61158e-12
3.41438 1.4382 0 513.911 5.40581e-12
3.41438 1.4382 0 514.914 5.20761e-12
3.41438 1.4382 0 515.916 5.01669e-12
3.41438 1.4382 0 516.919 4.83279e-12
3.41438 1.4382 0 517.921 4.65564e-12
3.41438 1.4382 0 518.923 4.48501e-12
3.41438 1.4382 0 519.926 4.32064e-12
3.41438 1.4382 0 520.928 4.16231e-12
3.41438 1.4382 0 521.931 4.0098e-12
3.41438 1.4382 0 522.933 3.86288e-12
3.41438 1.4382 0 523.936 3.72137e-12
3.41438 1.4382 0 524.938 3.58505e-12
3.41438 1.4382 0 525.941 3.45373e-12
3.41438 1.4382 0 526.943 3.32724e-12
3.41438 1.4382 0 527.946 3.20539e-12
3.41438 1.4382 0 528.948 3.08801e-12
3.41438 1.4382 0 529.951 2.97494e-12
3.41438 1.4382 0 530.953 2.86602e-12
3.41438 1.4382 0 531.956 2.76109e-12
3.41438 1.4382 0 532.958 2.66002e-12
3.41438 1.4382 0 533.961 2.56265e-12
3.41438 1.4382 0 534.963 2.46886e-12
3.41438 1.4382 0 535.965 2.3785e-12
3.41438 1.4382 0 536.968 2.29146e-12
3.41438 1.4382 0 537.97 2.20761e-12
3.41438 1.4382 0 538.973 2.12684e-12
3.41438 1.4382 0 539.975 2.04903e-12
3.41438 1.4382 0 540.978 1.97407e-12
3.41438 1.4382 0 541.98 1.90186e-12
3.41438 1.4382 0 542.983 1.8323e-12
3.41438 1.4382 0 543.985 1.76528e-12
3.41438 1.4382 0 544.988 1.70072e-12
3.41438 1.4382 0 545.99 1.63853e-12
3.41438 1.4382 0 546.993 1.57862e-12
3.41438 1.4382 0 547.995 1.5209e-12
3.41438 1.4382 0 548.998 1.46529e-12
3.41438 1.4382 0 550 1.41173e-12

