0.614589 1.82408 0 100.01 4.22932e-07
0.614589 1.82408 0 101.012 7.40625e-07
0.614589 1.82408 0 102.015 7.08253e-07
0.614589 1.82408 0 103.017 6.66742e-07
0.614589 1.82408 0 104.02 6.34845e-07
0.614589 1.82408 0 105.022 6.09046e-07
0.614589 1.82408 0 106.025 5.8718e-07
0.614589 1.82408 0 107.027 5.68062e-07
0.614589 1.82408 0 108.03 5.50981e-07
0.614589 1.82408 0 109.032 5.35478e-07
0.614589 1.82408 0 110.035 5.21238e-07
0.614589 1.82408 0 111.037 5.08035e-07
0.614589 1.82408 0 112.04 4.95703e-07
0.614589 1.82408 0 113.042 4.84114e-07
0.614589 1.82408 0 114.045 4.73168e-07
0.614589 1.82408 0 115.047 4.62788e-07
0.614589 1.82408 0 116.05 4.52907e-07
0.614589 1.82408 0 117.052 4.43473e-07
0.614589 1.82408 0 118.055 4.34442e-07
0.614589 1.82408 0 119.057 4.25777e-07
0.614589 1.82408 0 120.06 4.17447e-07
0.614589 1.82408 0 121.062 4.09422e-07
0.614589 1.82408 0 122.065 4.01681e-07
0.614589 1.82408 0 123.067 3.94203e-07
0.614589 1.82408 0 124.07 3.86968e-07
0.614589 1.82408 0 125.072 3.79962e-07
0.614589 1.82408 0 126.075 3.73169e-07
0.614589 1.82408 0 127.077 3.66577e-07
0.614589 1.82408 0 128.079 3.60175e-07
0.614589 1.82408 0 129.082 3.53951e-07
0.614589 1.82408 0 130.084 3.47897e-07
0.614589 1.82408 0 131.087 3.42004e-07
0.614589 1.82408 0 132.089 3.36264e-07
0.614589 1.82408 0 133.092 3.30669e-07
0.614589 1.82408 0 134.094 3.25213e-07
0.614589 1.82408 0 135.097 3.1989e-07
0.614589 1.82408 0 136.099 3.14694e-07
0.614589 1.82408 0 137.102 3.09621e-07
0.614589 1.82408 0 138.104 3.04664e-07
0.614589 1.82408 0 139.107 2.99819e-07
0.614589 1.82408 0 140.109 2.95083e-07
0.614589 1.82408 0 141.112 2.9045e-07
0.614589 1.82408 0 142.114 2.85918e-07
0.614589 1.82408 0 143.117 2.81483e-07
0.614589 1.82408 0 144.119 2.77141e-07
0.614589 1.82408 0 145.122 2.72889e-07
0.614589 1.82408 0 146.124 2.68725e-07
0.614589 1.82408 0 147.127 2.64645e-07
0.614589 1.82408 0 148.129 2.60647e-07
0.614589 1.82408 0 149.132 2.56729e-07
0.614589 1.82408 0 150.134 2.52887e-07
0.614589 1.82408 0 151.137 2.4912e-07
0.614589 1.82408 0 152.139 2.45425e-07
0.614589 1.82408 0 153.142 2.41801e-07
0.614589 1.82408 0 154.144 2.38244e-07
0.614589 1.82408 0 155.146 2.34755e-07
0.614589 1.82408 0 156.149 2.3133e-07
0.614589 1.82408 0 157.151 2.27968e-07
0.614589 1.82408 0 158.154 2.24667e-07
0.614589 1.82408 0 159.156 2.21426e-07
0.614589 1.82408 0 160.159 2.18243e-07
0.614589 1.82408 0 161.161 2.15117e-07
0.614589 1.82408 0 162.164 2.12046e-07
0.614589 1.82408 0 163.166 2.09029e-07
0.614589 1.82408 0 164.169 2.06064e-07
0.614589 1.82408 0 165.171 2.03151e-07
0.614589 1.82408 0 166.174 2.00288e-07
0.614589 1.82408 0 167.176 1.97474e-07
0.614589 1.82408 0 168.179 1.94707e-07
0.614589 1.82408 0 169.181 1.91987e-07
0.614589 1.82408 0 170.184 1.89313e-07
0.614589 1.82408 0 171.186 1.86683e-07
0.614589 1.82408 0 172.189 1.84097e-07
0.614589 1.82408 0 173.191 1.81554e-07
0.614589 1.82408 0 174.194 1.79052e-07
0.614589 1.82408 0 175.196 1.76592e-07
0.614589 1.82408 0 176.199 1.74171e-07
0.614589 1.82408 0 177.201 1.71789e-07
0.614589 1.82408 0 178.204 1.69445e-07
0.614589 1.82408 0 179.206 1.67139e-07
0.614589 1.82408 0 180.208 1.6487e-07
0.614589 1.82408 0 181.211 1.62637e-07
0.614589 1.82408 0 182.213 1.60438e-07
0.614589 1.82408 0 183.216 1.58275e-07
0.614589 1.82408 0 184.218 1.56145e-07
0.614589 1.82408 0 185.221 1.54048e-07
0.614589 1.82408 0 186.223 1.51984e-07
0.614589 1.82408 0 187.226 1.49952e-07
0.614589 1.82408 0 188.228 1.47951e-07
0.614589 1.82408 0 189.231 1.45981e-07
0.614589 1.82408 0 190.233 1.44041e-07
0.614589 1.82408 0 191.236 1.4213e-07
0.614589 1.82408 0 192.238 1.40248e-07
0.614589 1.82408 0 193.241 1.38395e-07
0.614589 1.82408 0 194.243 1.36569e-07
0.614589 1.82408 0 195.246 1.34771e-07
0.614589 1.82408 0 196.248 1.33e-07
0.614589 1.82408 0 197.251 1.31255e-07
0.614589 1.82408 0 198.253 1.29536e-07
0.614589 1.82408 0 199.256 1.27842e-07
0.614589 1.82408 0 200.258 1.26174e-07
0.614589 1.82408 0 201.261 1.2453e-07
0.614589 1.82408 0 202.263 1.2291e-07
0.614589 1.82408 0 203.266 1.21313e-07
0.614589 1.82408 0 204.268 1.1974e-07
0.614589 1.82408 0 205.271 1.1819e-07
0.614589 1.82408 0 206.273 1.16662e-07
0.614589 1.82408 0 207.275 1.15157e-07
0.614589 1.82408 0 208.278 1.13673e-07
0.614589 1.82408 0 209.28 1.1221e-07
0.614589 1.82408 0 210.283 1.10768e-07
0.614589 1.82408 0 211.285 1.09347e-07
0.614589 1.82408 0 212.288 1.07946e-07
0.614589 1.82408 0 213.29 1.06565e-07
0.614589 1.82408 0 214.293 1.05203e-07
0.614589 1.82408 0 215.295 1.03861e-07
0.614589 1.82408 0 216.298 1.02538e-07
0.614589 1.82408 0 217.3 1.01233e-07
0.614589 1.82408 0 218.303 9.99463e-08
0.614589 1.82408 0 219.305 9.86779e-08
0.614589 1.82408 0 220.308 9.74272e-08
0.614589 1.82408 0 221.31 9.61939e-08
0.614589 1.82408 0 222.313 9.49778e-08
0.614589 1.82408 0 223.315 9.37785e-08
0.614589 1.82408 0 224.318 9.25958e-08
0.614589 1.82408 0 225.32 9.14294e-08
0.614589 1.82408 0 226.323 9.02792e-08
0.614589 1.82408 0 227.325 8.91447e-08
0.614589 1.82408 0 228.328 8.80258e-08
0.614589 1.82408 0 229.33 8.69222e-08
0.614589 1.82408 0 230.333 8.58337e-08
0.614589 1.82408 0 231.335 8.47601e-08
0.614589 1.82408 0 232.338 8.3701e-08
0.614589 1.82408 0 233.34 8.26564e-08
0.614589 1.82408 0 234.342 8.16259e-08
0.614589 1.82408 0 235.345 8.06093e-08
0.614589 1.82408 0 236.347 7.96065e-08
0.614589 1.82408 0 237.35 7.86172e-08
0.614589 1.82408 0 238.352 7.76412e-08
0.614589 1.82408 0 239.355 7.66784e-08
0.614589 1.82408 0 240.357 7.57284e-08
0.614589 1.82408 0 241.36 7.47912e-08
0.614589 1.82408 0 242.362 7.38664e-08
0.614589 1.82408 0 243.365 7.2954e-08
0.614589 1.82408 0 244.367 7.20538e-08
0.614589 1.82408 0 245.37 7.11655e-08
0.614589 1.82408 0 246.372 7.02891e-08
0.614589 1.82408 0 247.375 6.94242e-08
0.614589 1.82408 0 248.377 6.85708e-08
0.614589 1.82408 0 249.38 6.77286e-08
0.614589 1.82408 0 250.382 6.68976e-08
0.614589 1.82408 0 251.385 6.60775e-08
0.614589 1.82408 0 252.387 6.52681e-08
0.614589 1.82408 0 253.39 6.44694e-08
0.614589 1.82408 0 254.392 6.36812e-08
0.614589 1.82408 0 255.395 6.29033e-08
0.614589 1.82408 0 256.397 6.21355e-08
0.614589 1.82408 0 257.4 6.13778e-08
0.614589 1.82408 0 258.402 6.06299e-08
0.614589 1.82408 0 259.405 5.98918e-08
0.614589 1.82408 0 260.407 5.91633e-08
0.614589 1.82408 0 261.409 5.84442e-08
0.614589 1.82408 0 262.412 5.77344e-08
0.614589 1.82408 0 263.414 5.70339e-08
0.614589 1.82408 0 264.417 5.63423e-08
0.614589 1.82408 0 265.419 5.56597e-08
0.614589 1.82408 0 266.422 5.49859e-08
0.614589 1.82408 0 267.424 5.43208e-08
0.614589 1.82408 0 268.427 5.36642e-08
0.614589 1.82408 0 269.429 5.30161e-08
0.614589 1.82408 0 270.432 5.23762e-08
0.614589 1.82408 0 271.434 5.17446e-08
0.614589 1.82408 0 272.437 5.1121e-08
0.614589 1.82408 0 273.439 5.05054e-08
0.614589 1.82408 0 274.442 4.98977e-08
0.614589 1.82408 0 275.444 4.92977e-08
0.614589 1.82408 0 276.447 4.87054e-08
0.614589 1.82408 0 277.449 4.81205e-08
0.614589 1.82408 0 278.452 4.75432e-08
0.614589 1.82408 0 279.454 4.69731e-08
0.614589 1.82408 0 280.457 4.64102e-08
0.614589 1.82408 0 281.459 4.58545e-08
0.614589 1.82408 0 282.462 4.53058e-08
0.614589 1.82408 0 283.464 4.47641e-08
0.614589 1.82408 0 284.467 4.42292e-08
0.614589 1.82408 0 285.469 4.3701e-08
0.614589 1.82408 0 286.472 4.31794e-08
0.614589 1.82408 0 287.474 4.26645e-08
0.614589 1.82408 0 288.476 4.2156e-08
0.614589 1.82408 0 289.479 4.16538e-08
0.614589 1.82408 0 290.481 4.1158e-08
0.614589 1.82408 0 291.484 4.06684e-08
0.614589 1.82408 0 292.486 4.01849e-08
0.614589 1.82408 0 293.489 3.97075e-08
0.614589 1.82408 0 294.491 3.9236e-08
0.614589 1.82408 0 295.494 3.87704e-08
0.614589 1.82408 0 296.496 3.83106e-08
0.614589 1.82408 0 297.499 3.78565e-08
0.614589 1.82408 0 298.501 3.74081e-08
0.614589 1.82408 0 299.504 3.69653e-08
0.614589 1.82408 0 300.506 3.65279e-08
0.614589 1.82408 0 301.509 3.6096e-08
0.614589 1.82408 0 302.511 3.56694e-08
0.614589 1.82408 0 303.514 3.52482e-08
0.614589 1.82408 0 304.516 3.48321e-08
0.614589 1.82408 0 305.519 3.44212e-08
0.614589 1.82408 0 306.521 3.40153e-08
0.614589 1.82408 0 307.524 3.36145e-08
0.614589 1.82408 0 308.526 3.32186e-08
0.614589 1.82408 0 309.529 3.28275e-08
0.614589 1.82408 0 310.531 3.24413e-08
0.614589 1.82408 0 311.534 3.20599e-08
0.614589 1.82408 0 312.536 3.16831e-08
0.614589 1.82408 0 313.538 3.13109e-08
0.614589 1.82408 0 314.541 3.09433e-08
0.614589 1.82408 0 315.543 3.05803e-08
0.614589 1.82408 0 316.546 3.02216e-08
0.614589 1.82408 0 317.548 2.98674e-08
0.614589 1.82408 0 318.551 2.95175e-08
0.614589 1.82408 0 319.553 2.91719e-08
0.614589 1.82408 0 320.556 2.88305e-08
0.614589 1.82408 0 321.558 2.84932e-08
0.614589 1.82408 0 322.561 2.81601e-08
0.614589 1.82408 0 323.563 2.7831e-08
0.614589 1.82408 0 324.566 2.75059e-08
0.614589 1.82408 0 325.568 2.71848e-08
0.614589 1.82408 0 326.571 2.68676e-08
0.614589 1.82408 0 327.573 2.65542e-08
0.614589 1.82408 0 328.576 2.62447e-08
0.614589 1.82408 0 329.578 2.59389e-08
0.614589 1.82408 0 330.581 2.56368e-08
0.614589 1.82408 0 331.583 2.53384e-08
0.614589 1.82408 0 332.586 2.50435e-08
0.614589 1.82408 0 333.588 2.47523e-08
0.614589 1.82408 0 334.591 2.44645e-08
0.614589 1.82408 0 335.593 2.41803e-08
0.614589 1.82408 0 336.596 2.38994e-08
0.614589 1.82408 0 337.598 2.3622e-08
0.614589 1.82408 0 338.601 2.33479e-08
0.614589 1.82408 0 339.603 2.30771e-08
0.614589 1.82408 0 340.605 2.28096e-08
0.614589 1.82408 0 341.608 2.25452e-08
0.614589 1.82408 0 342.61 2.22841e-08
0.614589 1.82408 0 343.613 2.20261e-08
0.614589 1.82408 0 344.615 2.17712e-08
0.614589 1.82408 0 345.618 2.15193e-08
0.614589 1.82408 0 346.62 2.12705e-08
0.614589 1.82408 0 347.623 2.10247e-08
0.614589 1.82408 0 348.625 2.07818e-08
0.614589 1.82408 0 349.628 2.05418e-08
0.614589 1.82408 0 350.63 2.03046e-08
0.614589 1.82408 0 351.633 2.00704e-08
0.614589 1.82408 0 352.635 1.98389e-08
0.614589 1.82408 0 353.638 1.96101e-08
0.614589 1.82408 0 354.64 1.93841e-08
0.614589 1.82408 0 355.643 1.91608e-08
0.614589 1.82408 0 356.645 1.89402e-08
0.614589 1.82408 0 357.648 1.87222e-08
0.614589 1.82408 0 358.65 1.85068e-08
0.614589 1.82408 0 359.653 1.82939e-08
0.614589 1.82408 0 360.655 1.80836e-08
0.614589 1.82408 0 361.658 1.78758e-08
0.614589 1.82408 0 362.66 1.76704e-08
0.614589 1.82408 0 363.663 1.74675e-08
0.614589 1.82408 0 364.665 1.7267e-08
0.614589 1.82408 0 365.668 1.70689e-08
0.614589 1.82408 0 366.67 1.68731e-08
0.614589 1.82408 0 367.672 1.66797e-08
0.614589 1.82408 0 368.675 1.64885e-08
0.614589 1.82408 0 369.677 1.62996e-08
0.614589 1.82408 0 370.68 1.61129e-08
0.614589 1.82408 0 371.682 1.59284e-08
0.614589 1.82408 0 372.685 1.57461e-08
0.614589 1.82408 0 373.687 1.5566e-08
0.614589 1.82408 0 374.69 1.5388e-08
0.614589 1.82408 0 375.692 1.52121e-08
0.614589 1.82408 0 376.695 1.50383e-08
0.614589 1.82408 0 377.697 1.48665e-08
0.614589 1.82408 0 378.7 1.46967e-08
0.614589 1.82408 0 379.702 1.45289e-08
0.614589 1.82408 0 380.705 1.43632e-08
0.614589 1.82408 0 381.707 1.41993e-08
0.614589 1.82408 0 382.71 1.40374e-08
0.614589 1.82408 0 383.712 1.38774e-08
0.614589 1.82408 0 384.715 1.37193e-08
0.614589 1.82408 0 385.717 1.3563e-08
0.614589 1.82408 0 386.72 1.34085e-08
0.614589 1.82408 0 387.722 1.32559e-08
0.614589 1.82408 0 388.725 1.31051e-08
0.614589 1.82408 0 389.727 1.2956e-08
0.614589 1.82408 0 390.73 1.28087e-08
0.614589 1.82408 0 391.732 1.2663e-08
0.614589 1.82408 0 392.735 1.25191e-08
0.614589 1.82408 0 393.737 1.23769e-08
0.614589 1.82408 0 394.739 1.22364e-08
0.614589 1.82408 0 395.742 1.20974e-08
0.614589 1.82408 0 396.744 1.19602e-08
0.614589 1.82408 0 397.747 1.18245e-08
0.614589 1.82408 0 398.749 1.16904e-08
0.614589 1.82408 0 399.752 1.15578e-08
0.614589 1.82408 0 400.754 1.14268e-08
0.614589 1.82408 0 401.757 1.12973e-08
0.614589 1.82408 0 402.759 1.11694e-08
0.614589 1.82408 0 403.762 1.10429e-08
0.614589 1.82408 0 404.764 1.09179e-08
0.614589 1.82408 0 405.767 1.07944e-08
0.614589 1.82408 0 406.769 1.06722e-08
0.614589 1.82408 0 407.772 1.05516e-08
0.614589 1.82408 0 408.774 1.04323e-08
0.614589 1.82408 0 409.777 1.03144e-08
0.614589 1.82408 0 410.779 1.01978e-08
0.614589 1.82408 0 411.782 1.00826e-08
0.614589 1.82408 0 412.784 9.96878e-09
0.614589 1.82408 0 413.787 9.85625e-09
0.614589 1.82408 0 414.789 9.74503e-09
0.614589 1.82408 0 415.792 9.63509e-09
0.614589 1.82408 0 416.794 9.52643e-09
0.614589 1.82408 0 417.797 9.41902e-09
0.614589 1.82408 0 418.799 9.31286e-09
0.614589 1.82408 0 419.802 9.20792e-09
0.614589 1.82408 0 420.804 9.1042e-09
0.614589 1.82408 0 421.806 9.00167e-09
0.614589 1.82408 0 422.809 8.90033e-09
0.614589 1.82408 0 423.811 8.80017e-09
0.614589 1.82408 0 424.814 8.70115e-09
0.614589 1.82408 0 425.816 8.60328e-09
0.614589 1.82408 0 426.819 8.50654e-09
0.614589 1.82408 0 427.821 8.41091e-09
0.614589 1.82408 0 428.824 8.31639e-09
0.614589 1.82408 0 429.826 8.22295e-09
0.614589 1.82408 0 430.829 8.13059e-09
0.614589 1.82408 0 431.831 8.03929e-09
0.614589 1.82408 0 432.834 7.94905e-09
0.614589 1.82408 0 433.836 7.85984e-09
0.614589 1.82408 0 434.839 7.77165e-09
0.614589 1.82408 0 435.841 7.68449e-09
0.614589 1.82408 0 436.844 7.59832e-09
0.614589 1.82408 0 437.846 7.51314e-09
0.614589 1.82408 0 438.849 7.42894e-09
0.614589 1.82408 0 439.851 7.34571e-09
0.614589 1.82408 0 440.854 7.26343e-09
0.614589 1.82408 0 441.856 7.18209e-09
0.614589 1.82408 0 442.859 7.10169e-09
0.614589 1.82408 0 443.861 7.02221e-09
0.614589 1.82408 0 444.864 6.94364e-09
0.614589 1.82408 0 445.866 6.86597e-09
0.614589 1.82408 0 446.868 6.78919e-09
0.614589 1.82408 0 447.871 6.71329e-09
0.614589 1.82408 0 448.873 6.63826e-09
0.614589 1.82408 0 449.876 6.56408e-09
0.614589 1.82408 0 450.878 6.49075e-09
0.614589 1.82408 0 451.881 6.41826e-09
0.614589 1.82408 0 452.883 6.3466e-09
0.614589 1.82408 0 453.886 6.27576e-09
0.614589 1.82408 0 454.888 6.20573e-09
0.614589 1.82408 0 455.891 6.13649e-09
0.614589 1.82408 0 456.893 6.06805e-09
0.614589 1.82408 0 457.896 6.00038e-09
0.614589 1.82408 0 458.898 5.93349e-09
0.614589 1.82408 0 459.901 5.86736e-09
0.614589 1.82408 0 460.903 5.80199e-09
0.614589 1.82408 0 461.906 5.73735e-09
0.614589 1.82408 0 462.908 5.67346e-09
0.614589 1.82408 0 463.911 5.61029e-09
0.614589 1.82408 0 464.913 5.54784e-09
0.614589 1.82408 0 465.916 5.4861e-09
0.614589 1.82408 0 466.918 5.42507e-09
0.614589 1.82408 0 467.921 5.36472e-09
0.614589 1.82408 0 468.923 5.30507e-09
0.614589 1.82408 0 469.926 5.24609e-09
0.614589 1.82408 0 470.928 5.18778e-09
0.614589 1.82408 0 471.931 5.13013e-09
0.614589 1.82408 0 472.933 5.07314e-09
0.614589 1.82408 0 473.935 5.0168e-09
0.614589 1.82408 0 474.938 4.96109e-09
0.614589 1.82408 0 475.94 4.90601e-09
0.614589 1.82408 0 476.943 4.85156e-09
0.614589 1.82408 0 477.945 4.79773e-09
0.614589 1.82408 0 478.948 4.74451e-09
0.614589 1.82408 0 479.95 4.69189e-09
0.614589 1.82408 0 480.953 4.63986e-09
0.614589 1.82408 0 481.955 4.58843e-09
0.614589 1.82408 0 482.958 4.53757e-09
0.614589 1.82408 0 483.96 4.4873e-09
0.614589 1.82408 0 484.963 4.43759e-09
0.614589 1.82408 0 485.965 4.38844e-09
0.614589 1.82408 0 486.968 4.33985e-09
0.614589 1.82408 0 487.97 4.29181e-09
0.614589 1.82408 0 488.973 4.24431e-09
0.614589 1.82408 0 489.975 4.19734e-09
0.614589 1.82408 0 490.978 4.15091e-09
0.614589 1.82408 0 491.98 4.105e-09
0.614589 1.82408 0 492.983 4.05961e-09
0.614589 1.82408 0 493.985 4.01473e-09
0.614589 1.82408 0 494.988 3.97036e-09
0.614589 1.82408 0 495.99 3.92648e-09
0.614589 1.82408 0 496.993 3.88311e-09
0.614589 1.82408 0 497.995 3.84022e-09
0.614589 1.82408 0 498.998 3.79781e-09
0.614589 1.82408 0 500 3.75588e-09
0.614589 1.82408 0 100.01 4.22932e-07
0.614589 1.82408 0 101.012 7.40625e-07
0.614589 1.82408 0 102.015 7.08253e-07
0.614589 1.82408 0 103.017 6.66742e-07
0.614589 1.82408 0 104.02 6.34845e-07
0.614589 1.82408 0 105.022 6.09046e-07
0.614589 1.82408 0 106.025 5.8718e-07
0.614589 1.82408 0 107.027 5.68062e-07
0.614589 1.82408 0 108.03 5.50981e-07
0.614589 1.82408 0 109.032 5.35478e-07
0.614589 1.82408 0 110.035 5.21238e-07
0.614589 1.82408 0 111.037 5.08035e-07
0.614589 1.82408 0 112.04 4.95703e-07
0.614589 1.82408 0 113.042 4.84114e-07
0.614589 1.82408 0 114.045 4.73168e-07
0.614589 1.82408 0 115.047 4.62788e-07
0.614589 1.82408 0 116.05 4.52907e-07
0.614589 1.82408 0 117.052 4.43473e-07
0.614589 1.82408 0 118.055 4.34442e-07
0.614589 1.82408 0 119.057 4.25777e-07
0.614589 1.82408 0 120.06 4.17447e-07
0.614589 1.82408 0 121.062 4.09422e-07
0.614589 1.82408 0 122.065 4.01681e-07
0.614589 1.82408 0 123.067 3.94203e-07
0.614589 1.82408 0 124.07 3.86968e-07
0.614589 1.82408 0 125.072 3.79962e-07
0.614589 1.82408 0 126.075 3.73169e-07
0.614589 1.82408 0 127.077 3.66577e-07
0.614589 1.82408 0 128.079 3.60175e-07
0.614589 1.82408 0 129.082 3.53951e-07
0.614589 1.82408 0 130.084 3.47897e-07
0.614589 1.82408 0 131.087 3.42004e-07
0.614589 1.82408 0 132.089 3.36264e-07
0.614589 1.82408 0 133.092 3.30669e-07
0.614589 1.82408 0 134.094 3.25213e-07
0.614589 1.82408 0 135.097 3.1989e-07
0.614589 1.82408 0 136.099 3.14694e-07
0.614589 1.82408 0 137.102 3.09621e-07
0.614589 1.82408 0 138.104 3.04664e-07
0.614589 1.82408 0 139.107 2.99819e-07
0.614589 1.82408 0 140.109 2.95083e-07
0.614589 1.82408 0 141.112 2.9045e-07
0.614589 1.82408 0 142.114 2.85918e-07
0.614589 1.82408 0 143.117 2.81483e-07
0.614589 1.82408 0 144.119 2.77141e-07
0.614589 1.82408 0 145.122 2.72889e-07
0.614589 1.82408 0 146.124 2.68725e-07
0.614589 1.82408 0 147.127 2.64645e-07
0.614589 1.82408 0 148.129 2.60647e-07
0.614589 1.82408 0 149.132 2.56729e-07
0.614589 1.82408 0 150.134 2.52887e-07
0.614589 1.82408 0 151.137 2.4912e-07
0.614589 1.82408 0 152.139 2.45425e-07
0.614589 1.82408 0 153.142 2.41801e-07
0.614589 1.82408 0 154.144 2.38244e-07
0.614589 1.82408 0 155.146 2.34755e-07
0.614589 1.82408 0 156.149 2.3133e-07
0.614589 1.82408 0 157.151 2.27968e-07
0.614589 1.82408 0 158.154 2.24667e-07
0.614589 1.82408 0 159.156 2.21426e-07
0.614589 1.82408 0 160.159 2.18243e-07
0.614589 1.82408 0 161.161 2.15117e-07
0.614589 1.82408 0 162.164 2.12046e-07
0.614589 1.82408 0 163.166 2.09029e-07
0.614589 1.82408 0 164.169 2.06064e-07
0.614589 1.82408 0 165.171 2.03151e-07
0.614589 1.82408 0 166.174 2.00288e-07
0.614589 1.82408 0 167.176 1.97474e-07
0.614589 1.82408 0 168.179 1.94707e-07
0.614589 1.82408 0 169.181 1.91987e-07
0.614589 1.82408 0 170.184 1.89313e-07
0.614589 1.82408 0 171.186 1.86683e-07
0.614589 1.82408 0 172.189 1.84097e-07
0.614589 1.82408 0 173.191 1.81554e-07
0.614589 1.82408 0 174.194 1.79052e-07
0.614589 1.82408 0 175.196 1.76592e-07
0.614589 1.82408 0 176.199 1.74171e-07
0.614589 1.82408 0 177.201 1.71789e-07
0.614589 1.82408 0 178.204 1.69445e-07
0.614589 1.82408 0 179.206 1.67139e-07
0.614589 1.82408 0 180.208 1.6487e-07
0.614589 1.82408 0 181.211 1.62637e-07
0.614589 1.82408 0 182.213 1.60438e-07
0.614589 1.82408 0 183.216 1.58275e-07
0.614589 1.82408 0 184.218 1.56145e-07
0.614589 1.82408 0 185.221 1.54048e-07
0.614589 1.82408 0 186.223 1.51984e-07
0.614589 1.82408 0 187.226 1.49952e-07
0.614589 1.82408 0 188.228 1.47951e-07
0.614589 1.82408 0 189.231 1.45981e-07
0.614589 1.82408 0 190.233 1.44041e-07
0.614589 1.82408 0 191.236 1.4213e-07
0.614589 1.82408 0 192.238 1.40248e-07
0.614589 1.82408 0 193.241 1.38395e-07
0.614589 1.82408 0 194.243 1.36569e-07
0.614589 1.82408 0 195.246 1.34771e-07
0.614589 1.82408 0 196.248 1.33e-07
0.614589 1.82408 0 197.251 1.31255e-07
0.614589 1.82408 0 198.253 1.29536e-07
0.614589 1.82408 0 199.256 1.27842e-07
0.614589 1.82408 0 200.258 1.26174e-07
0.614589 1.82408 0 201.261 1.2453e-07
0.614589 1.82408 0 202.263 1.2291e-07
0.614589 1.82408 0 203.266 1.21313e-07
0.614589 1.82408 0 204.268 1.1974e-07
0.614589 1.82408 0 205.271 1.1819e-07
0.614589 1.82408 0 206.273 1.16662e-07
0.614589 1.82408 0 207.275 1.15157e-07
0.614589 1.82408 0 208.278 1.13673e-07
0.614589 1.82408 0 209.28 1.1221e-07
0.614589 1.82408 0 210.283 1.10768e-07
0.614589 1.82408 0 211.285 1.09347e-07
0.614589 1.82408 0 212.288 1.07946e-07
0.614589 1.82408 0 213.29 1.06565e-07
0.614589 1.82408 0 214.293 1.05203e-07
0.614589 1.82408 0 215.295 1.03861e-07
0.614589 1.82408 0 216.298 1.02538e-07
0.614589 1.82408 0 217.3 1.01233e-07
0.614589 1.82408 0 218.303 9.99463e-08
0.614589 1.82408 0 219.305 9.86779e-08
0.614589 1.82408 0 220.308 9.74272e-08
0.614589 1.82408 0 221.31 9.61939e-08
0.614589 1.82408 0 222.313 9.49778e-08
0.614589 1.82408 0 223.315 9.37785e-08
0.614589 1.82408 0 224.318 9.25958e-08
0.614589 1.82408 0 225.32 9.14294e-08
0.614589 1.82408 0 226.323 9.02792e-08
0.614589 1.82408 0 227.325 8.91447e-08
0.614589 1.82408 0 228.328 8.80258e-08
0.614589 1.82408 0 229.33 8.69222e-08
0.614589 1.82408 0 230.333 8.58337e-08
0.614589 1.82408 0 231.335 8.47601e-08
0.614589 1.82408 0 232.338 8.3701e-08
0.614589 1.82408 0 233.34 8.26564e-08
0.614589 1.82408 0 234.342 8.16259e-08
0.614589 1.82408 0 235.345 8.06093e-08
0.614589 1.82408 0 236.347 7.96065e-08
0.614589 1.82408 0 237.35 7.86172e-08
0.614589 1.82408 0 238.352 7.76412e-08
0.614589 1.82408 0 239.355 7.66784e-08
0.614589 1.82408 0 240.357 7.57284e-08
0.614589 1.82408 0 241.36 7.47912e-08
0.614589 1.82408 0 242.362 7.38664e-08
0.614589 1.82408 0 243.365 7.2954e-08
0.614589 1.82408 0 244.367 7.20538e-08
0.614589 1.82408 0 245.37 7.11655e-08
0.614589 1.82408 0 246.372 7.02891e-08
0.614589 1.82408 0 247.375 6.94242e-08
0.614589 1.82408 0 248.377 6.85708e-08
0.614589 1.82408 0 249.38 6.77286e-08
0.614589 1.82408 0 250.382 6.68976e-08
0.614589 1.82408 0 251.385 6.60775e-08
0.614589 1.82408 0 252.387 6.52681e-08
0.614589 1.82408 0 253.39 6.44694e-08
0.614589 1.82408 0 254.392 6.36812e-08
0.614589 1.82408 0 255.395 6.29033e-08
0.614589 1.82408 0 256.397 6.21355e-08
0.614589 1.82408 0 257.4 6.13778e-08
0.614589 1.82408 0 258.402 6.06299e-08
0.614589 1.82408 0 259.405 5.98918e-08
0.614589 1.82408 0 260.407 5.91633e-08
0.614589 1.82408 0 261.409 5.84442e-08
0.614589 1.82408 0 262.412 5.77344e-08
0.614589 1.82408 0 263.414 5.70339e-08
0.614589 1.82408 0 264.417 5.63423e-08
0.614589 1.82408 0 265.419 5.56597e-08
0.614589 1.82408 0 266.422 5.49859e-08
0.614589 1.82408 0 267.424 5.43208e-08
0.614589 1.82408 0 268.427 5.36642e-08
0.614589 1.82408 0 269.429 5.30161e-08
0.614589 1.82408 0 270.432 5.23762e-08
0.614589 1.82408 0 271.434 5.17446e-08
0.614589 1.82408 0 272.437 5.1121e-08
0.614589 1.82408 0 273.439 5.05054e-08
0.614589 1.82408 0 274.442 4.98977e-08
0.614589 1.82408 0 275.444 4.92977e-08
0.614589 1.82408 0 276.447 4.87054e-08
0.614589 1.82408 0 277.449 4.81205e-08
0.614589 1.82408 0 278.452 4.75432e-08
0.614589 1.82408 0 279.454 4.69731e-08
0.614589 1.82408 0 280.457 4.64102e-08
0.614589 1.82408 0 281.459 4.58545e-08
0.614589 1.82408 0 282.462 4.53058e-08
0.614589 1.82408 0 283.464 4.47641e-08
0.614589 1.82408 0 284.467 4.42292e-08
0.614589 1.82408 0 285.469 4.3701e-08
0.614589 1.82408 0 286.472 4.31794e-08
0.614589 1.82408 0 287.474 4.26645e-08
0.614589 1.82408 0 288.476 4.2156e-08
0.614589 1.82408 0 289.479 4.16538e-08
0.614589 1.82408 0 290.481 4.1158e-08
0.614589 1.82408 0 291.484 4.06684e-08
0.614589 1.82408 0 292.486 4.01849e-08
0.614589 1.82408 0 293.489 3.97075e-08
0.614589 1.82408 0 294.491 3.9236e-08
0.614589 1.82408 0 295.494 3.87704e-08
0.614589 1.82408 0 296.496 3.83106e-08
0.614589 1.82408 0 297.499 3.78565e-08
0.614589 1.82408 0 298.501 3.74081e-08
0.614589 1.82408 0 299.504 3.69653e-08
0.614589 1.82408 0 300.506 3.65279e-08
0.614589 1.82408 0 301.509 3.6096e-08
0.614589 1.82408 0 302.511 3.56694e-08
0.614589 1.82408 0 303.514 3.52482e-08
0.614589 1.82408 0 304.516 3.48321e-08
0.614589 1.82408 0 305.519 3.44212e-08
0.614589 1.82408 0 306.521 3.40153e-08
0.614589 1.82408 0 307.524 3.36145e-08
0.614589 1.82408 0 308.526 3.32186e-08
0.614589 1.82408 0 309.529 3.28275e-08
0.614589 1.82408 0 310.531 3.24413e-08
0.614589 1.82408 0 311.534 3.20599e-08
0.614589 1.82408 0 312.536 3.16831e-08
0.614589 1.82408 0 313.538 3.13109e-08
0.614589 1.82408 0 314.541 3.09433e-08
0.614589 1.82408 0 315.543 3.05803e-08
0.614589 1.82408 0 316.546 3.02216e-08
0.614589 1.82408 0 317.548 2.98674e-08
0.614589 1.82408 0 318.551 2.95175e-08
0.614589 1.82408 0 319.553 2.91719e-08
0.614589 1.82408 0 320.556 2.88305e-08
0.614589 1.82408 0 321.558 2.84932e-08
0.614589 1.82408 0 322.561 2.81601e-08
0.614589 1.82408 0 323.563 2.7831e-08
0.614589 1.82408 0 324.566 2.75059e-08
0.614589 1.82408 0 325.568 2.71848e-08
0.614589 1.82408 0 326.571 2.68676e-08
0.614589 1.82408 0 327.573 2.65542e-08
0.614589 1.82408 0 328.576 2.62447e-08
0.614589 1.82408 0 329.578 2.59389e-08
0.614589 1.82408 0 330.581 2.56368e-08
0.614589 1.82408 0 331.583 2.53384e-08
0.614589 1.82408 0 332.586 2.50435e-08
0.614589 1.82408 0 333.588 2.47523e-08
0.614589 1.82408 0 334.591 2.44645e-08
0.614589 1.82408 0 335.593 2.41803e-08
0.614589 1.82408 0 336.596 2.38994e-08
0.614589 1.82408 0 337.598 2.3622e-08
0.614589 1.82408 0 338.601 2.33479e-08
0.614589 1.82408 0 339.603 2.30771e-08
0.614589 1.82408 0 340.605 2.28096e-08
0.614589 1.82408 0 341.608 2.25452e-08
0.614589 1.82408 0 342.61 2.22841e-08
0.614589 1.82408 0 343.613 2.20261e-08
0.614589 1.82408 0 344.615 2.17712e-08
0.614589 1.82408 0 345.618 2.15193e-08
0.614589 1.82408 0 346.62 2.12705e-08
0.614589 1.82408 0 347.623 2.10247e-08
0.614589 1.82408 0 348.625 2.07818e-08
0.614589 1.82408 0 349.628 2.05418e-08
0.614589 1.82408 0 350.63 2.03046e-08
0.614589 1.82408 0 351.633 2.00704e-08
0.614589 1.82408 0 352.635 1.98389e-08
0.614589 1.82408 0 353.638 1.96101e-08
0.614589 1.82408 0 354.64 1.93841e-08
0.614589 1.82408 0 355.643 1.91608e-08
0.614589 1.82408 0 356.645 1.89402e-08
0.614589 1.82408 0 357.648 1.87222e-08
0.614589 1.82408 0 358.65 1.85068e-08
0.614589 1.82408 0 359.653 1.82939e-08
0.614589 1.82408 0 360.655 1.80836e-08
0.614589 1.82408 0 361.658 1.78758e-08
0.614589 1.82408 0 362.66 1.76704e-08
0.614589 1.82408 0 363.663 1.74675e-08
0.614589 1.82408 0 364.665 1.7267e-08
0.614589 1.82408 0 365.668 1.70689e-08
0.614589 1.82408 0 366.67 1.68731e-08
0.614589 1.82408 0 367.672 1.66797e-08
0.614589 1.82408 0 368.675 1.64885e-08
0.614589 1.82408 0 369.677 1.62996e-08
0.614589 1.82408 0 370.68 1.61129e-08
0.614589 1.82408 0 371.682 1.59284e-08
0.614589 1.82408 0 372.685 1.57461e-08
0.614589 1.82408 0 373.687 1.5566e-08
0.614589 1.82408 0 374.69 1.5388e-08
0.614589 1.82408 0 375.692 1.52121e-08
0.614589 1.82408 0 376.695 1.50383e-08
0.614589 1.82408 0 377.697 1.48665e-08
0.614589 1.82408 0 378.7 1.46967e-08
0.614589 1.82408 0 379.702 1.45289e-08
0.614589 1.82408 0 380.705 1.43632e-08
0.614589 1.82408 0 381.707 1.41993e-08
0.614589 1.82408 0 382.71 1.40374e-08
0.614589 1.82408 0 383.712 1.38774e-08
0.614589 1.82408 0 384.715 1.37193e-08
0.614589 1.82408 0 385.717 1.3563e-08
0.614589 1.82408 0 386.72 1.34085e-08
0.614589 1.82408 0 387.722 1.32559e-08
0.614589 1.82408 0 388.725 1.31051e-08
0.614589 1.82408 0 389.727 1.2956e-08
0.614589 1.82408 0 390.73 1.28087e-08
0.614589 1.82408 0 391.732 1.2663e-08
0.614589 1.82408 0 392.735 1.25191e-08
0.614589 1.82408 0 393.737 1.23769e-08
0.614589 1.82408 0 394.739 1.22364e-08
0.614589 1.82408 0 395.742 1.20974e-08
0.614589 1.82408 0 396.744 1.19602e-08
0.614589 1.82408 0 397.747 1.18245e-08
0.614589 1.82408 0 398.749 1.16904e-08
0.614589 1.82408 0 399.752 1.15578e-08
0.614589 1.82408 0 400.754 1.14268e-08
0.614589 1.82408 0 401.757 1.12973e-08
0.614589 1.82408 0 402.759 1.11694e-08
0.614589 1.82408 0 403.762 1.10429e-08
0.614589 1.82408 0 404.764 1.09179e-08
0.614589 1.82408 0 405.767 1.07944e-08
0.614589 1.82408 0 406.769 1.06722e-08
0.614589 1.82408 0 407.772 1.05516e-08
0.614589 1.82408 0 408.774 1.04323e-08
0.614589 1.82408 0 409.777 1.03144e-08
0.614589 1.82408 0 410.779 1.01978e-08
0.614589 1.82408 0 411.782 1.00826e-08
0.614589 1.82408 0 412.784 9.96878e-09
0.614589 1.82408 0 413.787 9.85625e-09
0.614589 1.82408 0 414.789 9.74503e-09
0.614589 1.82408 0 415.792 9.63509e-09
0.614589 1.82408 0 416.794 9.52643e-09
0.614589 1.82408 0 417.797 9.41902e-09
0.614589 1.82408 0 418.799 9.31286e-09
0.614589 1.82408 0 419.802 9.20792e-09
0.614589 1.82408 0 420.804 9.1042e-09
0.614589 1.82408 0 421.806 9.00167e-09
0.614589 1.82408 0 422.809 8.90033e-09
0.614589 1.82408 0 423.811 8.80017e-09
0.614589 1.82408 0 424.814 8.70115e-09
0.614589 1.82408 0 425.816 8.60328e-09
0.614589 1.82408 0 426.819 8.50654e-09
0.614589 1.82408 0 427.821 8.41091e-09
0.614589 1.82408 0 428.824 8.31639e-09
0.614589 1.82408 0 429.826 8.22295e-09
0.614589 1.82408 0 430.829 8.13059e-09
0.614589 1.82408 0 431.831 8.03929e-09
0.614589 1.82408 0 432.834 7.94905e-09
0.614589 1.82408 0 433.836 7.85984e-09
0.614589 1.82408 0 434.839 7.77165e-09
0.614589 1.82408 0 435.841 7.68449e-09
0.614589 1.82408 0 436.844 7.59832e-09
0.614589 1.82408 0 437.846 7.51314e-09
0.614589 1.82408 0 438.849 7.42894e-09
0.614589 1.82408 0 439.851 7.34571e-09
0.614589 1.82408 0 440.854 7.26343e-09
0.614589 1.82408 0 441.856 7.18209e-09
0.614589 1.82408 0 442.859 7.10169e-09
0.614589 1.82408 0 443.861 7.02221e-09
0.614589 1.82408 0 444.864 6.94364e-09
0.614589 1.82408 0 445.866 6.86597e-09
0.614589 1.82408 0 446.868 6.78919e-09
0.614589 1.82408 0 447.871 6.71329e-09
0.614589 1.82408 0 448.873 6.63826e-09
0.614589 1.82408 0 449.876 6.56408e-09
0.614589 1.82408 0 450.878 6.49075e-09
0.614589 1.82408 0 451.881 6.41826e-09
0.614589 1.82408 0 452.883 6.3466e-09
0.614589 1.82408 0 453.886 6.27576e-09
0.614589 1.82408 0 454.888 6.20573e-09
0.614589 1.82408 0 455.891 6.13649e-09
0.614589 1.82408 0 456.893 6.06805e-09
0.614589 1.82408 0 457.896 6.00038e-09
0.614589 1.82408 0 458.898 5.93349e-09
0.614589 1.82408 0 459.901 5.86736e-09
0.614589 1.82408 0 460.903 5.80199e-09
0.614589 1.82408 0 461.906 5.73735e-09
0.614589 1.82408 0 462.908 5.67346e-09
0.614589 1.82408 0 463.911 5.61029e-09
0.614589 1.82408 0 464.913 5.54784e-09
0.614589 1.82408 0 465.916 5.4861e-09
0.614589 1.82408 0 466.918 5.42507e-09
0.614589 1.82408 0 467.921 5.36472e-09
0.614589 1.82408 0 468.923 5.30507e-09
0.614589 1.82408 0 469.926 5.24609e-09
0.614589 1.82408 0 470.928 5.18778e-09
0.614589 1.82408 0 471.931 5.13013e-09
0.614589 1.82408 0 472.933 5.07314e-09
0.614589 1.82408 0 473.935 5.0168e-09
0.614589 1.82408 0 474.938 4.96109e-09
0.614589 1.82408 0 475.94 4.90601e-09
0.614589 1.82408 0 476.943 4.85156e-09
0.614589 1.82408 0 477.945 4.79773e-09
0.614589 1.82408 0 478.948 4.74451e-09
0.614589 1.82408 0 479.95 4.69189e-09
0.614589 1.82408 0 480.953 4.63986e-09
0.614589 1.82408 0 481.955 4.58843e-09
0.614589 1.82408 0 482.958 4.53757e-09
0.614589 1.82408 0 483.96 4.4873e-09
0.614589 1.82408 0 484.963 4.43759e-09
0.614589 1.82408 0 485.965 4.38844e-09
0.614589 1.82408 0 486.968 4.33985e-09
0.614589 1.82408 0 487.97 4.29181e-09
0.614589 1.82408 0 488.973 4.24431e-09
0.614589 1.82408 0 489.975 4.19734e-09
0.614589 1.82408 0 490.978 4.15091e-09
0.614589 1.82408 0 491.98 4.105e-09
0.614589 1.82408 0 492.983 4.05961e-09
0.614589 1.82408 0 493.985 4.01473e-09
0.614589 1.82408 0 494.988 3.97036e-09
0.614589 1.82408 0 495.99 3.92648e-09
0.614589 1.82408 0 496.993 3.88311e-09
0.614589 1.82408 0 497.995 3.84022e-09
0.614589 1.82408 0 498.998 3.79781e-09
0.614589 1.82408 0 500 3.75588e-09
0.614589 1.82408 0 100.01 4.22932e-07
0.614589 1.82408 0 101.012 7.40625e-07
0.614589 1.82408 0 102.015 7.08253e-07
0.614589 1.82408 0 103.017 6.66742e-07
0.614589 1.82408 0 104.02 6.34845e-07
0.614589 1.82408 0 105.022 6.09046e-07
0.614589 1.82408 0 106.025 5.8718e-07
0.614589 1.82408 0 107.027 5.68062e-07
0.614589 1.82408 0 108.03 5.50981e-07
0.614589 1.82408 0 109.032 5.35478e-07
0.614589 1.82408 0 110.035 5.21238e-07
0.614589 1.82408 0 111.037 5.08035e-07
0.614589 1.82408 0 112.04 4.95703e-07
0.614589 1.82408 0 113.042 4.84114e-07
0.614589 1.82408 0 114.045 4.73168e-07
0.614589 1.82408 0 115.047 4.62788e-07
0.614589 1.82408 0 116.05 4.52907e-07
0.614589 1.82408 0 117.052 4.43473e-07
0.614589 1.82408 0 118.055 4.34442e-07
0.614589 1.82408 0 119.057 4.25777e-07
0.614589 1.82408 0 120.06 4.17447e-07
0.614589 1.82408 0 121.062 4.09422e-07
0.614589 1.82408 0 122.065 4.01681e-07
0.614589 1.82408 0 123.067 3.94203e-07
0.614589 1.82408 0 124.07 3.86968e-07
0.614589 1.82408 0 125.072 3.79962e-07
0.614589 1.82408 0 126.075 3.73169e-07
0.614589 1.82408 0 127.077 3.66577e-07
0.614589 1.82408 0 128.079 3.60175e-07
0.614589 1.82408 0 129.082 3.53951e-07
0.614589 1.82408 0 130.084 3.47897e-07
0.614589 1.82408 0 131.087 3.42004e-07
0.614589 1.82408 0 132.089 3.36264e-07
0.614589 1.82408 0 133.092 3.30669e-07
0.614589 1.82408 0 134.094 3.25213e-07
0.614589 1.82408 0 135.097 3.1989e-07
0.614589 1.82408 0 136.099 3.14694e-07
0.614589 1.82408 0 137.102 3.09621e-07
0.614589 1.82408 0 138.104 3.04664e-07
0.614589 1.82408 0 139.107 2.99819e-07
0.614589 1.82408 0 140.109 2.95083e-07
0.614589 1.82408 0 141.112 2.9045e-07
0.614589 1.82408 0 142.114 2.85918e-07
0.614589 1.82408 0 143.117 2.81483e-07
0.614589 1.82408 0 144.119 2.77141e-07
0.614589 1.82408 0 145.122 2.72889e-07
0.614589 1.82408 0 146.124 2.68725e-07
0.614589 1.82408 0 147.127 2.64645e-07
0.614589 1.82408 0 148.129 2.60647e-07
0.614589 1.82408 0 149.132 2.56729e-07
0.614589 1.82408 0 150.134 2.52887e-07
0.614589 1.82408 0 151.137 2.4912e-07
0.614589 1.82408 0 152.139 2.45425e-07
0.614589 1.82408 0 153.142 2.41801e-07
0.614589 1.82408 0 154.144 2.38244e-07
0.614589 1.82408 0 155.146 2.34755e-07
0.614589 1.82408 0 156.149 2.3133e-07
0.614589 1.82408 0 157.151 2.27968e-07
0.614589 1.82408 0 158.154 2.24667e-07
0.614589 1.82408 0 159.156 2.21426e-07
0.614589 1.82408 0 160.159 2.18243e-07
0.614589 1.82408 0 161.161 2.15117e-07
0.614589 1.82408 0 162.164 2.12046e-07
0.614589 1.82408 0 163.166 2.09029e-07
0.614589 1.82408 0 164.169 2.06064e-07
0.614589 1.82408 0 165.171 2.03151e-07
0.614589 1.82408 0 166.174 2.00288e-07
0.614589 1.82408 0 167.176 1.97474e-07
0.614589 1.82408 0 168.179 1.94707e-07
0.614589 1.82408 0 169.181 1.91987e-07
0.614589 1.82408 0 170.184 1.89313e-07
0.614589 1.82408 0 171.186 1.86683e-07
0.614589 1.82408 0 172.189 1.84097e-07
0.614589 1.82408 0 173.191 1.81554e-07
0.614589 1.82408 0 174.194 1.79052e-07
0.614589 1.82408 0 175.196 1.76592e-07
0.614589 1.82408 0 176.199 1.74171e-07
0.614589 1.82408 0 177.201 1.71789e-07
0.614589 1.82408 0 178.204 1.69445e-07
0.614589 1.82408 0 179.206 1.67139e-07
0.614589 1.82408 0 180.208 1.6487e-07
0.614589 1.82408 0 181.211 1.62637e-07
0.614589 1.82408 0 182.213 1.60438e-07
0.614589 1.82408 0 183.216 1.58275e-07
0.614589 1.82408 0 184.218 1.56145e-07
0.614589 1.82408 0 185.221 1.54048e-07
0.614589 1.82408 0 186.223 1.51984e-07
0.614589 1.82408 0 187.226 1.49952e-07
0.614589 1.82408 0 188.228 1.47951e-07
0.614589 1.82408 0 189.231 1.45981e-07
0.614589 1.82408 0 190.233 1.44041e-07
0.614589 1.82408 0 191.236 1.4213e-07
0.614589 1.82408 0 192.238 1.40248e-07
0.614589 1.82408 0 193.241 1.38395e-07
0.614589 1.82408 0 194.243 1.36569e-07
0.614589 1.82408 0 195.246 1.34771e-07
0.614589 1.82408 0 196.248 1.33e-07
0.614589 1.82408 0 197.251 1.31255e-07
0.614589 1.82408 0 198.253 1.29536e-07
0.614589 1.82408 0 199.256 1.27842e-07
0.614589 1.82408 0 200.258 1.26174e-07
0.614589 1.82408 0 201.261 1.2453e-07
0.614589 1.82408 0 202.263 1.2291e-07
0.614589 1.82408 0 203.266 1.21313e-07
0.614589 1.82408 0 204.268 1.1974e-07
0.614589 1.82408 0 205.271 1.1819e-07
0.614589 1.82408 0 206.273 1.16662e-07
0.614589 1.82408 0 207.275 1.15157e-07
0.614589 1.82408 0 208.278 1.13673e-07
0.614589 1.82408 0 209.28 1.1221e-07
0.614589 1.82408 0 210.283 1.10768e-07
0.614589 1.82408 0 211.285 1.09347e-07
0.614589 1.82408 0 212.288 1.07946e-07
0.614589 1.82408 0 213.29 1.06565e-07
0.614589 1.82408 0 214.293 1.05203e-07
0.614589 1.82408 0 215.295 1.03861e-07
0.614589 1.82408 0 216.298 1.02538e-07
0.614589 1.82408 0 217.3 1.01233e-07
0.614589 1.82408 0 218.303 9.99463e-08
0.614589 1.82408 0 219.305 9.86779e-08
0.614589 1.82408 0 220.308 9.74272e-08
0.614589 1.82408 0 221.31 9.61939e-08
0.614589 1.82408 0 222.313 9.49778e-08
0.614589 1.82408 0 223.315 9.37785e-08
0.614589 1.82408 0 224.318 9.25958e-08
0.614589 1.82408 0 225.32 9.14294e-08
0.614589 1.82408 0 226.323 9.02792e-08
0.614589 1.82408 0 227.325 8.91447e-08
0.614589 1.82408 0 228.328 8.80258e-08
0.614589 1.82408 0 229.33 8.69222e-08
0.614589 1.82408 0 230.333 8.58337e-08
0.614589 1.82408 0 231.335 8.47601e-08
0.614589 1.82408 0 232.338 8.3701e-08
0.614589 1.82408 0 233.34 8.26564e-08
0.614589 1.82408 0 234.342 8.16259e-08
0.614589 1.82408 0 235.345 8.06093e-08
0.614589 1.82408 0 236.347 7.96065e-08
0.614589 1.82408 0 237.35 7.86172e-08
0.614589 1.82408 0 238.352 7.76412e-08
0.614589 1.82408 0 239.355 7.66784e-08
0.614589 1.82408 0 240.357 7.57284e-08
0.614589 1.82408 0 241.36 7.47912e-08
0.614589 1.82408 0 242.362 7.38664e-08
0.614589 1.82408 0 243.365 7.2954e-08
0.614589 1.82408 0 244.367 7.20538e-08
0.614589 1.82408 0 245.37 7.11655e-08
0.614589 1.82408 0 246.372 7.02891e-08
0.614589 1.82408 0 247.375 6.94242e-08
0.614589 1.82408 0 248.377 6.85708e-08
0.614589 1.82408 0 249.38 6.77286e-08
0.614589 1.82408 0 250.382 6.68976e-08
0.614589 1.82408 0 251.385 6.60775e-08
0.614589 1.82408 0 252.387 6.52681e-08
0.614589 1.82408 0 253.39 6.44694e-08
0.614589 1.82408 0 254.392 6.36812e-08
0.614589 1.82408 0 255.395 6.29033e-08
0.614589 1.82408 0 256.397 6.21355e-08
0.614589 1.82408 0 257.4 6.13778e-08
0.614589 1.82408 0 258.402 6.06299e-08
0.614589 1.82408 0 259.405 5.98918e-08
0.614589 1.82408 0 260.407 5.91633e-08
0.614589 1.82408 0 261.409 5.84442e-08
0.614589 1.82408 0 262.412 5.77344e-08
0.614589 1.82408 0 263.414 5.70339e-08
0.614589 1.82408 0 264.417 5.63423e-08
0.614589 1.82408 0 265.419 5.56597e-08
0.614589 1.82408 0 266.422 5.49859e-08
0.614589 1.82408 0 267.424 5.43208e-08
0.614589 1.82408 0 268.427 5.36642e-08
0.614589 1.82408 0 269.429 5.30161e-08
0.614589 1.82408 0 270.432 5.23762e-08
0.614589 1.82408 0 271.434 5.17446e-08
0.614589 1.82408 0 272.437 5.1121e-08
0.614589 1.82408 0 273.439 5.05054e-08
0.614589 1.82408 0 274.442 4.98977e-08
0.614589 1.82408 0 275.444 4.92977e-08
0.614589 1.82408 0 276.447 4.87054e-08
0.614589 1.82408 0 277.449 4.81205e-08
0.614589 1.82408 0 278.452 4.75432e-08
0.614589 1.82408 0 279.454 4.69731e-08
0.614589 1.82408 0 280.457 4.64102e-08
0.614589 1.82408 0 281.459 4.58545e-08
0.614589 1.82408 0 282.462 4.53058e-08
0.614589 1.82408 0 283.464 4.47641e-08
0.614589 1.82408 0 284.467 4.42292e-08
0.614589 1.82408 0 285.469 4.3701e-08
0.614589 1.82408 0 286.472 4.31794e-08
0.614589 1.82408 0 287.474 4.26645e-08
0.614589 1.82408 0 288.476 4.2156e-08
0.614589 1.82408 0 289.479 4.16538e-08
0.614589 1.82408 0 290.481 4.1158e-08
0.614589 1.82408 0 291.484 4.06684e-08
0.614589 1.82408 0 292.486 4.01849e-08
0.614589 1.82408 0 293.489 3.97075e-08
0.614589 1.82408 0 294.491 3.9236e-08
0.614589 1.82408 0 295.494 3.87704e-08
0.614589 1.82408 0 296.496 3.83106e-08
0.614589 1.82408 0 297.499 3.78565e-08
0.614589 1.82408 0 298.501 3.74081e-08
0.614589 1.82408 0 299.504 3.69653e-08
0.614589 1.82408 0 300.506 3.65279e-08
0.614589 1.82408 0 301.509 3.6096e-08
0.614589 1.82408 0 302.511 3.56694e-08
0.614589 1.82408 0 303.514 3.52482e-08
0.614589 1.82408 0 304.516 3.48321e-08
0.614589 1.82408 0 305.519 3.44212e-08
0.614589 1.82408 0 306.521 3.40153e-08
0.614589 1.82408 0 307.524 3.36145e-08
0.614589 1.82408 0 308.526 3.32186e-08
0.614589 1.82408 0 309.529 3.28275e-08
0.614589 1.82408 0 310.531 3.24413e-08
0.614589 1.82408 0 311.534 3.20599e-08
0.614589 1.82408 0 312.536 3.16831e-08
0.614589 1.82408 0 313.538 3.13109e-08
0.614589 1.82408 0 314.541 3.09433e-08
0.614589 1.82408 0 315.543 3.05803e-08
0.614589 1.82408 0 316.546 3.02216e-08
0.614589 1.82408 0 317.548 2.98674e-08
0.614589 1.82408 0 318.551 2.95175e-08
0.614589 1.82408 0 319.553 2.91719e-08
0.614589 1.82408 0 320.556 2.88305e-08
0.614589 1.82408 0 321.558 2.84932e-08
0.614589 1.82408 0 322.561 2.81601e-08
0.614589 1.82408 0 323.563 2.7831e-08
0.614589 1.82408 0 324.566 2.75059e-08
0.614589 1.82408 0 325.568 2.71848e-08
0.614589 1.82408 0 326.571 2.68676e-08
0.614589 1.82408 0 327.573 2.65542e-08
0.614589 1.82408 0 328.576 2.62447e-08
0.614589 1.82408 0 329.578 2.59389e-08
0.614589 1.82408 0 330.581 2.56368e-08
0.614589 1.82408 0 331.583 2.53384e-08
0.614589 1.82408 0 332.586 2.50435e-08
0.614589 1.82408 0 333.588 2.47523e-08
0.614589 1.82408 0 334.591 2.44645e-08
0.614589 1.82408 0 335.593 2.41803e-08
0.614589 1.82408 0 336.596 2.38994e-08
0.614589 1.82408 0 337.598 2.3622e-08
0.614589 1.82408 0 338.601 2.33479e-08
0.614589 1.82408 0 339.603 2.30771e-08
0.614589 1.82408 0 340.605 2.28096e-08
0.614589 1.82408 0 341.608 2.25452e-08
0.614589 1.82408 0 342.61 2.22841e-08
0.614589 1.82408 0 343.613 2.20261e-08
0.614589 1.82408 0 344.615 2.17712e-08
0.614589 1.82408 0 345.618 2.15193e-08
0.614589 1.82408 0 346.62 2.12705e-08
0.614589 1.82408 0 347.623 2.10247e-08
0.614589 1.82408 0 348.625 2.07818e-08
0.614589 1.82408 0 349.628 2.05418e-08
0.614589 1.82408 0 350.63 2.03046e-08
0.614589 1.82408 0 351.633 2.00704e-08
0.614589 1.82408 0 352.635 1.98389e-08
0.614589 1.82408 0 353.638 1.96101e-08
0.614589 1.82408 0 354.64 1.93841e-08
0.614589 1.82408 0 355.643 1.91608e-08
0.614589 1.82408 0 356.645 1.89402e-08
0.614589 1.82408 0 357.648 1.87222e-08
0.614589 1.82408 0 358.65 1.85068e-08
0.614589 1.82408 0 359.653 1.82939e-08
0.614589 1.82408 0 360.655 1.80836e-08
0.614589 1.82408 0 361.658 1.78758e-08
0.614589 1.82408 0 362.66 1.76704e-08
0.614589 1.82408 0 363.663 1.74675e-08
0.614589 1.82408 0 364.665 1.7267e-08
0.614589 1.82408 0 365.668 1.70689e-08
0.614589 1.82408 0 366.67 1.68731e-08
0.614589 1.82408 0 367.672 1.66797e-08
0.614589 1.82408 0 368.675 1.64885e-08
0.614589 1.82408 0 369.677 1.62996e-08
0.614589 1.82408 0 370.68 1.61129e-08
0.614589 1.82408 0 371.682 1.59284e-08
0.614589 1.82408 0 372.685 1.57461e-08
0.614589 1.82408 0 373.687 1.5566e-08
0.614589 1.82408 0 374.69 1.5388e-08
0.614589 1.82408 0 375.692 1.52121e-08
0.614589 1.82408 0 376.695 1.50383e-08
0.614589 1.82408 0 377.697 1.48665e-08
0.614589 1.82408 0 378.7 1.46967e-08
0.614589 1.82408 0 379.702 1.45289e-08
0.614589 1.82408 0 380.705 1.43632e-08
0.614589 1.82408 0 381.707 1.41993e-08
0.614589 1.82408 0 382.71 1.40374e-08
0.614589 1.82408 0 383.712 1.38774e-08
0.614589 1.82408 0 384.715 1.37193e-08
0.614589 1.82408 0 385.717 1.3563e-08
0.614589 1.82408 0 386.72 1.34085e-08
0.614589 1.82408 0 387.722 1.32559e-08
0.614589 1.82408 0 388.725 1.31051e-08
0.614589 1.82408 0 389.727 1.2956e-08
0.614589 1.82408 0 390.73 1.28087e-08
0.614589 1.82408 0 391.732 1.2663e-08
0.614589 1.82408 0 392.735 1.25191e-08
0.614589 1.82408 0 393.737 1.23769e-08
0.614589 1.82408 0 394.739 1.22364e-08
0.614589 1.82408 0 395.742 1.20974e-08
0.614589 1.82408 0 396.744 1.19602e-08
0.614589 1.82408 0 397.747 1.18245e-08
0.614589 1.82408 0 398.749 1.16904e-08
0.614589 1.82408 0 399.752 1.15578e-08
0.614589 1.82408 0 400.754 1.14268e-08
0.614589 1.82408 0 401.757 1.12973e-08
0.614589 1.82408 0 402.759 1.11694e-08
0.614589 1.82408 0 403.762 1.10429e-08
0.614589 1.82408 0 404.764 1.09179e-08
0.614589 1.82408 0 405.767 1.07944e-08
0.614589 1.82408 0 406.769 1.06722e-08
0.614589 1.82408 0 407.772 1.05516e-08
0.614589 1.82408 0 408.774 1.04323e-08
0.614589 1.82408 0 409.777 1.03144e-08
0.614589 1.82408 0 410.779 1.01978e-08
0.614589 1.82408 0 411.782 1.00826e-08
0.614589 1.82408 0 412.784 9.96878e-09
0.614589 1.82408 0 413.787 9.85625e-09
0.614589 1.82408 0 414.789 9.74503e-09
0.614589 1.82408 0 415.792 9.63509e-09
0.614589 1.82408 0 416.794 9.52643e-09
0.614589 1.82408 0 417.797 9.41902e-09
0.614589 1.82408 0 418.799 9.31286e-09
0.614589 1.82408 0 419.802 9.20792e-09
0.614589 1.82408 0 420.804 9.1042e-09
0.614589 1.82408 0 421.806 9.00167e-09
0.614589 1.82408 0 422.809 8.90033e-09
0.614589 1.82408 0 423.811 8.80017e-09
0.614589 1.82408 0 424.814 8.70115e-09
0.614589 1.82408 0 425.816 8.60328e-09
0.614589 1.82408 0 426.819 8.50654e-09
0.614589 1.82408 0 427.821 8.41091e-09
0.614589 1.82408 0 428.824 8.31639e-09
0.614589 1.82408 0 429.826 8.22295e-09
0.614589 1.82408 0 430.829 8.13059e-09
0.614589 1.82408 0 431.831 8.03929e-09
0.614589 1.82408 0 432.834 7.94905e-09
0.614589 1.82408 0 433.836 7.85984e-09
0.614589 1.82408 0 434.839 7.77165e-09
0.614589 1.82408 0 435.841 7.68449e-09
0.614589 1.82408 0 436.844 7.59832e-09
0.614589 1.82408 0 437.846 7.51314e-09
0.614589 1.82408 0 438.849 7.42894e-09
0.614589 1.82408 0 439.851 7.34571e-09
0.614589 1.82408 0 440.854 7.26343e-09
0.614589 1.82408 0 441.856 7.18209e-09
0.614589 1.82408 0 442.859 7.10169e-09
0.614589 1.82408 0 443.861 7.02221e-09
0.614589 1.82408 0 444.864 6.94364e-09
0.614589 1.82408 0 445.866 6.86597e-09
0.614589 1.82408 0 446.868 6.78919e-09
0.614589 1.82408 0 447.871 6.71329e-09
0.614589 1.82408 0 448.873 6.63826e-09
0.614589 1.82408 0 449.876 6.56408e-09
0.614589 1.82408 0 450.878 6.49075e-09
0.614589 1.82408 0 451.881 6.41826e-09
0.614589 1.82408 0 452.883 6.3466e-09
0.614589 1.82408 0 453.886 6.27576e-09
0.614589 1.82408 0 454.888 6.20573e-09
0.614589 1.82408 0 455.891 6.13649e-09
0.614589 1.82408 0 456.893 6.06805e-09
0.614589 1.82408 0 457.896 6.00038e-09
0.614589 1.82408 0 458.898 5.93349e-09
0.614589 1.82408 0 459.901 5.86736e-09
0.614589 1.82408 0 460.903 5.80199e-09
0.614589 1.82408 0 461.906 5.73735e-09
0.614589 1.82408 0 462.908 5.67346e-09
0.614589 1.82408 0 463.911 5.61029e-09
0.614589 1.82408 0 464.913 5.54784e-09
0.614589 1.82408 0 465.916 5.4861e-09
0.614589 1.82408 0 466.918 5.42507e-09
0.614589 1.82408 0 467.921 5.36472e-09
0.614589 1.82408 0 468.923 5.30507e-09
0.614589 1.82408 0 469.926 5.24609e-09
0.614589 1.82408 0 470.928 5.18778e-09
0.614589 1.82408 0 471.931 5.13013e-09
0.614589 1.82408 0 472.933 5.07314e-09
0.614589 1.82408 0 473.935 5.0168e-09
0.614589 1.82408 0 474.938 4.96109e-09
0.614589 1.82408 0 475.94 4.90601e-09
0.614589 1.82408 0 476.943 4.85156e-09
0.614589 1.82408 0 477.945 4.79773e-09
0.614589 1.82408 0 478.948 4.74451e-09
0.614589 1.82408 0 479.95 4.69189e-09
0.614589 1.82408 0 480.953 4.63986e-09
0.614589 1.82408 0 481.955 4.58843e-09
0.614589 1.82408 0 482.958 4.53757e-09
0.614589 1.82408 0 483.96 4.4873e-09
0.614589 1.82408 0 484.963 4.43759e-09
0.614589 1.82408 0 485.965 4.38844e-09
0.614589 1.82408 0 486.968 4.33985e-09
0.614589 1.82408 0 487.97 4.29181e-09
0.614589 1.82408 0 488.973 4.24431e-09
0.614589 1.82408 0 489.975 4.19734e-09
0.614589 1.82408 0 490.978 4.15091e-09
0.614589 1.82408 0 491.98 4.105e-09
0.614589 1.82408 0 492.983 4.05961e-09
0.614589 1.82408 0 493.985 4.01473e-09
0.614589 1.82408 0 494.988 3.97036e-09
0.614589 1.82408 0 495.99 3.92648e-09
0.614589 1.82408 0 496.993 3.88311e-09
0.614589 1.82408 0 497.995 3.84022e-09
0.614589 1.82408 0 498.998 3.79781e-09
0.614589 1.82408 0 500 3.75588e-09
