0.481266 1.82408 0 100.01 5.84002e-07
0.481266 1.82408 0 101.012 1.04307e-06
0.481266 1.82408 0 102.015 1.02029e-06
0.481266 1.82408 0 103.017 9.77166e-07
0.481266 1.82408 0 104.02 9.43304e-07
0.481266 1.82408 0 105.022 9.15598e-07
0.481266 1.82408 0 106.025 8.91867e-07
0.481266 1.82408 0 107.027 8.70909e-07
0.481266 1.82408 0 108.03 8.52002e-07
0.481266 1.82408 0 109.032 8.34681e-07
0.481266 1.82408 0 110.035 8.18628e-07
0.481266 1.82408 0 111.037 8.03615e-07
0.481266 1.82408 0 112.04 7.89475e-07
0.481266 1.82408 0 113.042 7.76078e-07
0.481266 1.82408 0 114.045 7.63325e-07
0.481266 1.82408 0 115.047 7.51137e-07
0.481266 1.82408 0 116.05 7.3945e-07
0.481266 1.82408 0 117.052 7.2821e-07
0.481266 1.82408 0 118.055 7.17374e-07
0.481266 1.82408 0 119.057 7.06904e-07
0.481266 1.82408 0 120.06 6.9677e-07
0.481266 1.82408 0 121.062 6.86944e-07
0.481266 1.82408 0 122.065 6.77403e-07
0.481266 1.82408 0 123.067 6.68126e-07
0.481266 1.82408 0 124.07 6.59096e-07
0.481266 1.82408 0 125.072 6.50297e-07
0.481266 1.82408 0 126.075 6.41714e-07
0.481266 1.82408 0 127.077 6.33336e-07
0.481266 1.82408 0 128.079 6.2515e-07
0.481266 1.82408 0 129.082 6.17148e-07
0.481266 1.82408 0 130.084 6.09319e-07
0.481266 1.82408 0 131.087 6.01655e-07
0.481266 1.82408 0 132.089 5.94148e-07
0.481266 1.82408 0 133.092 5.86792e-07
0.481266 1.82408 0 134.094 5.79581e-07
0.481266 1.82408 0 135.097 5.72507e-07
0.481266 1.82408 0 136.099 5.65566e-07
0.481266 1.82408 0 137.102 5.58752e-07
0.481266 1.82408 0 138.104 5.52062e-07
0.481266 1.82408 0 139.107 5.4549e-07
0.481266 1.82408 0 140.109 5.39032e-07
0.481266 1.82408 0 141.112 5.32684e-07
0.481266 1.82408 0 142.114 5.26444e-07
0.481266 1.82408 0 143.117 5.20307e-07
0.481266 1.82408 0 144.119 5.1427e-07
0.481266 1.82408 0 145.122 5.0833e-07
0.481266 1.82408 0 146.124 5.02485e-07
0.481266 1.82408 0 147.127 4.96731e-07
0.481266 1.82408 0 148.129 4.91067e-07
0.481266 1.82408 0 149.132 4.85489e-07
0.481266 1.82408 0 150.134 4.79996e-07
0.481266 1.82408 0 151.137 4.74585e-07
0.481266 1.82408 0 152.139 4.69254e-07
0.481266 1.82408 0 153.142 4.64002e-07
0.481266 1.82408 0 154.144 4.58825e-07
0.481266 1.82408 0 155.146 4.53723e-07
0.481266 1.82408 0 156.149 4.48694e-07
0.481266 1.82408 0 157.151 4.43735e-07
0.481266 1.82408 0 158.154 4.38846e-07
0.481266 1.82408 0 159.156 4.34025e-07
0.481266 1.82408 0 160.159 4.29271e-07
0.481266 1.82408 0 161.161 4.24581e-07
0.481266 1.82408 0 162.164 4.19955e-07
0.481266 1.82408 0 163.166 4.15391e-07
0.481266 1.82408 0 164.169 4.10888e-07
0.481266 1.82408 0 165.171 4.06445e-07
0.481266 1.82408 0 166.174 4.02061e-07
0.481266 1.82408 0 167.176 3.97734e-07
0.481266 1.82408 0 168.179 3.93463e-07
0.481266 1.82408 0 169.181 3.89248e-07
0.481266 1.82408 0 170.184 3.85087e-07
0.481266 1.82408 0 171.186 3.80979e-07
0.481266 1.82408 0 172.189 3.76924e-07
0.481266 1.82408 0 173.191 3.7292e-07
0.481266 1.82408 0 174.194 3.68966e-07
0.481266 1.82408 0 175.196 3.65062e-07
0.481266 1.82408 0 176.199 3.61206e-07
0.481266 1.82408 0 177.201 3.57398e-07
0.481266 1.82408 0 178.204 3.53638e-07
0.481266 1.82408 0 179.206 3.49923e-07
0.481266 1.82408 0 180.208 3.46254e-07
0.481266 1.82408 0 181.211 3.4263e-07
0.481266 1.82408 0 182.213 3.39049e-07
0.481266 1.82408 0 183.216 3.35512e-07
0.481266 1.82408 0 184.218 3.32017e-07
0.481266 1.82408 0 185.221 3.28565e-07
0.481266 1.82408 0 186.223 3.25153e-07
0.481266 1.82408 0 187.226 3.21782e-07
0.481266 1.82408 0 188.228 3.18451e-07
0.481266 1.82408 0 189.231 3.15159e-07
0.481266 1.82408 0 190.233 3.11906e-07
0.481266 1.82408 0 191.236 3.08691e-07
0.481266 1.82408 0 192.238 3.05514e-07
0.481266 1.82408 0 193.241 3.02374e-07
0.481266 1.82408 0 194.243 2.9927e-07
0.481266 1.82408 0 195.246 2.96202e-07
0.481266 1.82408 0 196.248 2.9317e-07
0.481266 1.82408 0 197.251 2.90172e-07
0.481266 1.82408 0 198.253 2.87209e-07
0.481266 1.82408 0 199.256 2.84279e-07
0.481266 1.82408 0 200.258 2.81384e-07
0.481266 1.82408 0 201.261 2.7852e-07
0.481266 1.82408 0 202.263 2.7569e-07
0.481266 1.82408 0 203.266 2.72891e-07
0.481266 1.82408 0 204.268 2.70124e-07
0.481266 1.82408 0 205.271 2.67389e-07
0.481266 1.82408 0 206.273 2.64684e-07
0.481266 1.82408 0 207.275 2.62009e-07
0.481266 1.82408 0 208.278 2.59364e-07
0.481266 1.82408 0 209.28 2.56748e-07
0.481266 1.82408 0 210.283 2.54162e-07
0.481266 1.82408 0 211.285 2.51604e-07
0.481266 1.82408 0 212.288 2.49075e-07
0.481266 1.82408 0 213.29 2.46573e-07
0.481266 1.82408 0 214.293 2.441e-07
0.481266 1.82408 0 215.295 2.41653e-07
0.481266 1.82408 0 216.298 2.39233e-07
0.481266 1.82408 0 217.3 2.3684e-07
0.481266 1.82408 0 218.303 2.34473e-07
0.481266 1.82408 0 219.305 2.32131e-07
0.481266 1.82408 0 220.308 2.29816e-07
0.481266 1.82408 0 221.31 2.27525e-07
0.481266 1.82408 0 222.313 2.25259e-07
0.481266 1.82408 0 223.315 2.23018e-07
0.481266 1.82408 0 224.318 2.20801e-07
0.481266 1.82408 0 225.32 2.18608e-07
0.481266 1.82408 0 226.323 2.16438e-07
0.481266 1.82408 0 227.325 2.14292e-07
0.481266 1.82408 0 228.328 2.12169e-07
0.481266 1.82408 0 229.33 2.10069e-07
0.481266 1.82408 0 230.333 2.07991e-07
0.481266 1.82408 0 231.335 2.05935e-07
0.481266 1.82408 0 232.338 2.03902e-07
0.481266 1.82408 0 233.34 2.0189e-07
0.481266 1.82408 0 234.342 1.99899e-07
0.481266 1.82408 0 235.345 1.97929e-07
0.481266 1.82408 0 236.347 1.95981e-07
0.481266 1.82408 0 237.35 1.94053e-07
0.481266 1.82408 0 238.352 1.92145e-07
0.481266 1.82408 0 239.355 1.90257e-07
0.481266 1.82408 0 240.357 1.8839e-07
0.481266 1.82408 0 241.36 1.86542e-07
0.481266 1.82408 0 242.362 1.84713e-07
0.481266 1.82408 0 243.365 1.82904e-07
0.481266 1.82408 0 244.367 1.81114e-07
0.481266 1.82408 0 245.37 1.79342e-07
0.481266 1.82408 0 246.372 1.77589e-07
0.481266 1.82408 0 247.375 1.75854e-07
0.481266 1.82408 0 248.377 1.74137e-07
0.481266 1.82408 0 249.38 1.72439e-07
0.481266 1.82408 0 250.382 1.70757e-07
0.481266 1.82408 0 251.385 1.69094e-07
0.481266 1.82408 0 252.387 1.67447e-07
0.481266 1.82408 0 253.39 1.65818e-07
0.481266 1.82408 0 254.392 1.64206e-07
0.481266 1.82408 0 255.395 1.6261e-07
0.481266 1.82408 0 256.397 1.61031e-07
0.481266 1.82408 0 257.4 1.59468e-07
0.481266 1.82408 0 258.402 1.57921e-07
0.481266 1.82408 0 259.405 1.5639e-07
0.481266 1.82408 0 260.407 1.54875e-07
0.481266 1.82408 0 261.409 1.53375e-07
0.481266 1.82408 0 262.412 1.51891e-07
0.481266 1.82408 0 263.414 1.50422e-07
0.481266 1.82408 0 264.417 1.48968e-07
0.481266 1.82408 0 265.419 1.47529e-07
0.481266 1.82408 0 266.422 1.46105e-07
0.481266 1.82408 0 267.424 1.44695e-07
0.481266 1.82408 0 268.427 1.433e-07
0.481266 1.82408 0 269.429 1.41919e-07
0.481266 1.82408 0 270.432 1.40552e-07
0.481266 1.82408 0 271.434 1.39198e-07
0.481266 1.82408 0 272.437 1.37859e-07
0.481266 1.82408 0 273.439 1.36533e-07
0.481266 1.82408 0 274.442 1.35221e-07
0.481266 1.82408 0 275.444 1.33922e-07
0.481266 1.82408 0 276.447 1.32636e-07
0.481266 1.82408 0 277.449 1.31363e-07
0.481266 1.82408 0 278.452 1.30103e-07
0.481266 1.82408 0 279.454 1.28856e-07
0.481266 1.82408 0 280.457 1.27621e-07
0.481266 1.82408 0 281.459 1.26399e-07
0.481266 1.82408 0 282.462 1.25189e-07
0.481266 1.82408 0 283.464 1.23992e-07
0.481266 1.82408 0 284.467 1.22806e-07
0.481266 1.82408 0 285.469 1.21632e-07
0.481266 1.82408 0 286.472 1.2047e-07
0.481266 1.82408 0 287.474 1.1932e-07
0.481266 1.82408 0 288.476 1.18182e-07
0.481266 1.82408 0 289.479 1.17054e-07
0.481266 1.82408 0 290.481 1.15938e-07
0.481266 1.82408 0 291.484 1.14833e-07
0.481266 1.82408 0 292.486 1.1374e-07
0.481266 1.82408 0 293.489 1.12657e-07
0.481266 1.82408 0 294.491 1.11585e-07
0.481266 1.82408 0 295.494 1.10523e-07
0.481266 1.82408 0 296.496 1.09473e-07
0.481266 1.82408 0 297.499 1.08432e-07
0.481266 1.82408 0 298.501 1.07402e-07
0.481266 1.82408 0 299.504 1.06383e-07
0.481266 1.82408 0 300.506 1.05373e-07
0.481266 1.82408 0 301.509 1.04374e-07
0.481266 1.82408 0 302.511 1.03384e-07
0.481266 1.82408 0 303.514 1.02404e-07
0.481266 1.82408 0 304.516 1.01434e-07
0.481266 1.82408 0 305.519 1.00474e-07
0.481266 1.82408 0 306.521 9.9523e-08
0.481266 1.82408 0 307.524 9.85815e-08
0.481266 1.82408 0 308.526 9.76493e-08
0.481266 1.82408 0 309.529 9.67263e-08
0.481266 1.82408 0 310.531 9.58125e-08
0.481266 1.82408 0 311.534 9.49076e-08
0.481266 1.82408 0 312.536 9.40117e-08
0.481266 1.82408 0 313.538 9.31246e-08
0.481266 1.82408 0 314.541 9.22463e-08
0.481266 1.82408 0 315.543 9.13766e-08
0.481266 1.82408 0 316.546 9.05154e-08
0.481266 1.82408 0 317.548 8.96628e-08
0.481266 1.82408 0 318.551 8.88185e-08
0.481266 1.82408 0 319.553 8.79825e-08
0.481266 1.82408 0 320.556 8.71547e-08
0.481266 1.82408 0 321.558 8.6335e-08
0.481266 1.82408 0 322.561 8.55234e-08
0.481266 1.82408 0 323.563 8.47197e-08
0.481266 1.82408 0 324.566 8.39239e-08
0.481266 1.82408 0 325.568 8.31359e-08
0.481266 1.82408 0 326.571 8.23556e-08
0.481266 1.82408 0 327.573 8.15829e-08
0.481266 1.82408 0 328.576 8.08177e-08
0.481266 1.82408 0 329.578 8.00601e-08
0.481266 1.82408 0 330.581 7.93098e-08
0.481266 1.82408 0 331.583 7.85669e-08
0.481266 1.82408 0 332.586 7.78312e-08
0.481266 1.82408 0 333.588 7.71026e-08
0.481266 1.82408 0 334.591 7.63812e-08
0.481266 1.82408 0 335.593 7.56668e-08
0.481266 1.82408 0 336.596 7.49593e-08
0.481266 1.82408 0 337.598 7.42587e-08
0.481266 1.82408 0 338.601 7.3565e-08
0.481266 1.82408 0 339.603 7.28779e-08
0.481266 1.82408 0 340.605 7.21976e-08
0.481266 1.82408 0 341.608 7.15238e-08
0.481266 1.82408 0 342.61 7.08566e-08
0.481266 1.82408 0 343.613 7.01958e-08
0.481266 1.82408 0 344.615 6.95414e-08
0.481266 1.82408 0 345.618 6.88934e-08
0.481266 1.82408 0 346.62 6.82516e-08
0.481266 1.82408 0 347.623 6.76161e-08
0.481266 1.82408 0 348.625 6.69867e-08
0.481266 1.82408 0 349.628 6.63634e-08
0.481266 1.82408 0 350.63 6.57461e-08
0.481266 1.82408 0 351.633 6.51347e-08
0.481266 1.82408 0 352.635 6.45293e-08
0.481266 1.82408 0 353.638 6.39297e-08
0.481266 1.82408 0 354.64 6.33359e-08
0.481266 1.82408 0 355.643 6.27478e-08
0.481266 1.82408 0 356.645 6.21653e-08
0.481266 1.82408 0 357.648 6.15885e-08
0.481266 1.82408 0 358.65 6.10172e-08
0.481266 1.82408 0 359.653 6.04515e-08
0.481266 1.82408 0 360.655 5.98911e-08
0.481266 1.82408 0 361.658 5.93362e-08
0.481266 1.82408 0 362.66 5.87865e-08
0.481266 1.82408 0 363.663 5.82422e-08
0.481266 1.82408 0 364.665 5.7703e-08
0.481266 1.82408 0 365.668 5.71691e-08
0.481266 1.82408 0 366.67 5.66403e-08
0.481266 1.82408 0 367.672 5.61165e-08
0.481266 1.82408 0 368.675 5.55977e-08
0.481266 1.82408 0 369.677 5.50839e-08
0.481266 1.82408 0 370.68 5.45751e-08
0.481266 1.82408 0 371.682 5.40711e-08
0.481266 1.82408 0 372.685 5.35719e-08
0.481266 1.82408 0 373.687 5.30775e-08
0.481266 1.82408 0 374.69 5.25878e-08
0.481266 1.82408 0 375.692 5.21028e-08
0.481266 1.82408 0 376.695 5.16224e-08
0.481266 1.82408 0 377.697 5.11466e-08
0.481266 1.82408 0 378.7 5.06753e-08
0.481266 1.82408 0 379.702 5.02085e-08
0.481266 1.82408 0 380.705 4.97462e-08
0.481266 1.82408 0 381.707 4.92883e-08
0.481266 1.82408 0 382.71 4.88347e-08
0.481266 1.82408 0 383.712 4.83855e-08
0.481266 1.82408 0 384.715 4.79405e-08
0.481266 1.82408 0 385.717 4.74998e-08
0.481266 1.82408 0 386.72 4.70632e-08
0.481266 1.82408 0 387.722 4.66308e-08
0.481266 1.82408 0 388.725 4.62025e-08
0.481266 1.82408 0 389.727 4.57783e-08
0.481266 1.82408 0 390.73 4.53581e-08
0.481266 1.82408 0 391.732 4.49419e-08
0.481266 1.82408 0 392.735 4.45296e-08
0.481266 1.82408 0 393.737 4.41212e-08
0.481266 1.82408 0 394.739 4.37167e-08
0.481266 1.82408 0 395.742 4.33161e-08
0.481266 1.82408 0 396.744 4.29192e-08
0.481266 1.82408 0 397.747 4.25261e-08
0.481266 1.82408 0 398.749 4.21367e-08
0.481266 1.82408 0 399.752 4.17509e-08
0.481266 1.82408 0 400.754 4.13689e-08
0.481266 1.82408 0 401.757 4.09904e-08
0.481266 1.82408 0 402.759 4.06155e-08
0.481266 1.82408 0 403.762 4.02442e-08
0.481266 1.82408 0 404.764 3.98763e-08
0.481266 1.82408 0 405.767 3.9512e-08
0.481266 1.82408 0 406.769 3.9151e-08
0.481266 1.82408 0 407.772 3.87935e-08
0.481266 1.82408 0 408.774 3.84393e-08
0.481266 1.82408 0 409.777 3.80885e-08
0.481266 1.82408 0 410.779 3.7741e-08
0.481266 1.82408 0 411.782 3.73967e-08
0.481266 1.82408 0 412.784 3.70557e-08
0.481266 1.82408 0 413.787 3.67179e-08
0.481266 1.82408 0 414.789 3.63832e-08
0.481266 1.82408 0 415.792 3.60518e-08
0.481266 1.82408 0 416.794 3.57234e-08
0.481266 1.82408 0 417.797 3.53981e-08
0.481266 1.82408 0 418.799 3.50759e-08
0.481266 1.82408 0 419.802 3.47566e-08
0.481266 1.82408 0 420.804 3.44404e-08
0.481266 1.82408 0 421.806 3.41272e-08
0.481266 1.82408 0 422.809 3.38168e-08
0.481266 1.82408 0 423.811 3.35094e-08
0.481266 1.82408 0 424.814 3.32049e-08
0.481266 1.82408 0 425.816 3.29032e-08
0.481266 1.82408 0 426.819 3.26044e-08
0.481266 1.82408 0 427.821 3.23083e-08
0.481266 1.82408 0 428.824 3.2015e-08
0.481266 1.82408 0 429.826 3.17245e-08
0.481266 1.82408 0 430.829 3.14367e-08
0.481266 1.82408 0 431.831 3.11515e-08
0.481266 1.82408 0 432.834 3.08691e-08
0.481266 1.82408 0 433.836 3.05892e-08
0.481266 1.82408 0 434.839 3.0312e-08
0.481266 1.82408 0 435.841 3.00374e-08
0.481266 1.82408 0 436.844 2.97653e-08
0.481266 1.82408 0 437.846 2.94957e-08
0.481266 1.82408 0 438.849 2.92287e-08
0.481266 1.82408 0 439.851 2.89642e-08
0.481266 1.82408 0 440.854 2.87021e-08
0.481266 1.82408 0 441.856 2.84425e-08
0.481266 1.82408 0 442.859 2.81853e-08
0.481266 1.82408 0 443.861 2.79304e-08
0.481266 1.82408 0 444.864 2.7678e-08
0.481266 1.82408 0 445.866 2.74279e-08
0.481266 1.82408 0 446.868 2.71801e-08
0.481266 1.82408 0 447.871 2.69346e-08
0.481266 1.82408 0 448.873 2.66914e-08
0.481266 1.82408 0 449.876 2.64505e-08
0.481266 1.82408 0 450.878 2.62118e-08
0.481266 1.82408 0 451.881 2.59753e-08
0.481266 1.82408 0 452.883 2.5741e-08
0.481266 1.82408 0 453.886 2.55089e-08
0.481266 1.82408 0 454.888 2.5279e-08
0.481266 1.82408 0 455.891 2.50511e-08
0.481266 1.82408 0 456.893 2.48254e-08
0.481266 1.82408 0 457.896 2.46018e-08
0.481266 1.82408 0 458.898 2.43802e-08
0.481266 1.82408 0 459.901 2.41607e-08
0.481266 1.82408 0 460.903 2.39432e-08
0.481266 1.82408 0 461.906 2.37278e-08
0.481266 1.82408 0 462.908 2.35143e-08
0.481266 1.82408 0 463.911 2.33028e-08
0.481266 1.82408 0 464.913 2.30933e-08
0.481266 1.82408 0 465.916 2.28857e-08
0.481266 1.82408 0 466.918 2.268e-08
0.481266 1.82408 0 467.921 2.24762e-08
0.481266 1.82408 0 468.923 2.22743e-08
0.481266 1.82408 0 469.926 2.20743e-08
0.481266 1.82408 0 470.928 2.18761e-08
0.481266 1.82408 0 471.931 2.16797e-08
0.481266 1.82408 0 472.933 2.14851e-08
0.481266 1.82408 0 473.935 2.12924e-08
0.481266 1.82408 0 474.938 2.11014e-08
0.481266 1.82408 0 475.94 2.09122e-08
0.481266 1.82408 0 476.943 2.07247e-08
0.481266 1.82408 0 477.945 2.05389e-08
0.481266 1.82408 0 478.948 2.03549e-08
0.481266 1.82408 0 479.95 2.01725e-08
0.481266 1.82408 0 480.953 1.99918e-08
0.481266 1.82408 0 481.955 1.98128e-08
0.481266 1.82408 0 482.958 1.96354e-08
0.481266 1.82408 0 483.96 1.94597e-08
0.481266 1.82408 0 484.963 1.92856e-08
0.481266 1.82408 0 485.965 1.9113e-08
0.481266 1.82408 0 486.968 1.89421e-08
0.481266 1.82408 0 487.97 1.87727e-08
0.481266 1.82408 0 488.973 1.86049e-08
0.481266 1.82408 0 489.975 1.84386e-08
0.481266 1.82408 0 490.978 1.82739e-08
0.481266 1.82408 0 491.98 1.81106e-08
0.481266 1.82408 0 492.983 1.79489e-08
0.481266 1.82408 0 493.985 1.77886e-08
0.481266 1.82408 0 494.988 1.76298e-08
0.481266 1.82408 0 495.99 1.74725e-08
0.481266 1.82408 0 496.993 1.73166e-08
0.481266 1.82408 0 497.995 1.71621e-08
0.481266 1.82408 0 498.998 1.7009e-08
0.481266 1.82408 0 500 1.68574e-08
0.481266 1.82408 0 100.01 5.84002e-07
0.481266 1.82408 0 101.012 1.04307e-06
0.481266 1.82408 0 102.015 1.02029e-06
0.481266 1.82408 0 103.017 9.77166e-07
0.481266 1.82408 0 104.02 9.43304e-07
0.481266 1.82408 0 105.022 9.15598e-07
0.481266 1.82408 0 106.025 8.91867e-07
0.481266 1.82408 0 107.027 8.70909e-07
0.481266 1.82408 0 108.03 8.52002e-07
0.481266 1.82408 0 109.032 8.34681e-07
0.481266 1.82408 0 110.035 8.18628e-07
0.481266 1.82408 0 111.037 8.03615e-07
0.481266 1.82408 0 112.04 7.89475e-07
0.481266 1.82408 0 113.042 7.76078e-07
0.481266 1.82408 0 114.045 7.63325e-07
0.481266 1.82408 0 115.047 7.51137e-07
0.481266 1.82408 0 116.05 7.3945e-07
0.481266 1.82408 0 117.052 7.2821e-07
0.481266 1.82408 0 118.055 7.17374e-07
0.481266 1.82408 0 119.057 7.06904e-07
0.481266 1.82408 0 120.06 6.9677e-07
0.481266 1.82408 0 121.062 6.86944e-07
0.481266 1.82408 0 122.065 6.77403e-07
0.481266 1.82408 0 123.067 6.68126e-07
0.481266 1.82408 0 124.07 6.59096e-07
0.481266 1.82408 0 125.072 6.50297e-07
0.481266 1.82408 0 126.075 6.41714e-07
0.481266 1.82408 0 127.077 6.33336e-07
0.481266 1.82408 0 128.079 6.2515e-07
0.481266 1.82408 0 129.082 6.17148e-07
0.481266 1.82408 0 130.084 6.09319e-07
0.481266 1.82408 0 131.087 6.01655e-07
0.481266 1.82408 0 132.089 5.94148e-07
0.481266 1.82408 0 133.092 5.86792e-07
0.481266 1.82408 0 134.094 5.79581e-07
0.481266 1.82408 0 135.097 5.72507e-07
0.481266 1.82408 0 136.099 5.65566e-07
0.481266 1.82408 0 137.102 5.58752e-07
0.481266 1.82408 0 138.104 5.52062e-07
0.481266 1.82408 0 139.107 5.4549e-07
0.481266 1.82408 0 140.109 5.39032e-07
0.481266 1.82408 0 141.112 5.32684e-07
0.481266 1.82408 0 142.114 5.26444e-07
0.481266 1.82408 0 143.117 5.20307e-07
0.481266 1.82408 0 144.119 5.1427e-07
0.481266 1.82408 0 145.122 5.0833e-07
0.481266 1.82408 0 146.124 5.02485e-07
0.481266 1.82408 0 147.127 4.96731e-07
0.481266 1.82408 0 148.129 4.91067e-07
0.481266 1.82408 0 149.132 4.85489e-07
0.481266 1.82408 0 150.134 4.79996e-07
0.481266 1.82408 0 151.137 4.74585e-07
0.481266 1.82408 0 152.139 4.69254e-07
0.481266 1.82408 0 153.142 4.64002e-07
0.481266 1.82408 0 154.144 4.58825e-07
0.481266 1.82408 0 155.146 4.53723e-07
0.481266 1.82408 0 156.149 4.48694e-07
0.481266 1.82408 0 157.151 4.43735e-07
0.481266 1.82408 0 158.154 4.38846e-07
0.481266 1.82408 0 159.156 4.34025e-07
0.481266 1.82408 0 160.159 4.29271e-07
0.481266 1.82408 0 161.161 4.24581e-07
0.481266 1.82408 0 162.164 4.19955e-07
0.481266 1.82408 0 163.166 4.15391e-07
0.481266 1.82408 0 164.169 4.10888e-07
0.481266 1.82408 0 165.171 4.06445e-07
0.481266 1.82408 0 166.174 4.02061e-07
0.481266 1.82408 0 167.176 3.97734e-07
0.481266 1.82408 0 168.179 3.93463e-07
0.481266 1.82408 0 169.181 3.89248e-07
0.481266 1.82408 0 170.184 3.85087e-07
0.481266 1.82408 0 171.186 3.80979e-07
0.481266 1.82408 0 172.189 3.76924e-07
0.481266 1.82408 0 173.191 3.7292e-07
0.481266 1.82408 0 174.194 3.68966e-07
0.481266 1.82408 0 175.196 3.65062e-07
0.481266 1.82408 0 176.199 3.61206e-07
0.481266 1.82408 0 177.201 3.57398e-07
0.481266 1.82408 0 178.204 3.53638e-07
0.481266 1.82408 0 179.206 3.49923e-07
0.481266 1.82408 0 180.208 3.46254e-07
0.481266 1.82408 0 181.211 3.4263e-07
0.481266 1.82408 0 182.213 3.39049e-07
0.481266 1.82408 0 183.216 3.35512e-07
0.481266 1.82408 0 184.218 3.32017e-07
0.481266 1.82408 0 185.221 3.28565e-07
0.481266 1.82408 0 186.223 3.25153e-07
0.481266 1.82408 0 187.226 3.21782e-07
0.481266 1.82408 0 188.228 3.18451e-07
0.481266 1.82408 0 189.231 3.15159e-07
0.481266 1.82408 0 190.233 3.11906e-07
0.481266 1.82408 0 191.236 3.08691e-07
0.481266 1.82408 0 192.238 3.05514e-07
0.481266 1.82408 0 193.241 3.02374e-07
0.481266 1.82408 0 194.243 2.9927e-07
0.481266 1.82408 0 195.246 2.96202e-07
0.481266 1.82408 0 196.248 2.9317e-07
0.481266 1.82408 0 197.251 2.90172e-07
0.481266 1.82408 0 198.253 2.87209e-07
0.481266 1.82408 0 199.256 2.84279e-07
0.481266 1.82408 0 200.258 2.81384e-07
0.481266 1.82408 0 201.261 2.7852e-07
0.481266 1.82408 0 202.263 2.7569e-07
0.481266 1.82408 0 203.266 2.72891e-07
0.481266 1.82408 0 204.268 2.70124e-07
0.481266 1.82408 0 205.271 2.67389e-07
0.481266 1.82408 0 206.273 2.64684e-07
0.481266 1.82408 0 207.275 2.62009e-07
0.481266 1.82408 0 208.278 2.59364e-07
0.481266 1.82408 0 209.28 2.56748e-07
0.481266 1.82408 0 210.283 2.54162e-07
0.481266 1.82408 0 211.285 2.51604e-07
0.481266 1.82408 0 212.288 2.49075e-07
0.481266 1.82408 0 213.29 2.46573e-07
0.481266 1.82408 0 214.293 2.441e-07
0.481266 1.82408 0 215.295 2.41653e-07
0.481266 1.82408 0 216.298 2.39233e-07
0.481266 1.82408 0 217.3 2.3684e-07
0.481266 1.82408 0 218.303 2.34473e-07
0.481266 1.82408 0 219.305 2.32131e-07
0.481266 1.82408 0 220.308 2.29816e-07
0.481266 1.82408 0 221.31 2.27525e-07
0.481266 1.82408 0 222.313 2.25259e-07
0.481266 1.82408 0 223.315 2.23018e-07
0.481266 1.82408 0 224.318 2.20801e-07
0.481266 1.82408 0 225.32 2.18608e-07
0.481266 1.82408 0 226.323 2.16438e-07
0.481266 1.82408 0 227.325 2.14292e-07
0.481266 1.82408 0 228.328 2.12169e-07
0.481266 1.82408 0 229.33 2.10069e-07
0.481266 1.82408 0 230.333 2.07991e-07
0.481266 1.82408 0 231.335 2.05935e-07
0.481266 1.82408 0 232.338 2.03902e-07
0.481266 1.82408 0 233.34 2.0189e-07
0.481266 1.82408 0 234.342 1.99899e-07
0.481266 1.82408 0 235.345 1.97929e-07
0.481266 1.82408 0 236.347 1.95981e-07
0.481266 1.82408 0 237.35 1.94053e-07
0.481266 1.82408 0 238.352 1.92145e-07
0.481266 1.82408 0 239.355 1.90257e-07
0.481266 1.82408 0 240.357 1.8839e-07
0.481266 1.82408 0 241.36 1.86542e-07
0.481266 1.82408 0 242.362 1.84713e-07
0.481266 1.82408 0 243.365 1.82904e-07
0.481266 1.82408 0 244.367 1.81114e-07
0.481266 1.82408 0 245.37 1.79342e-07
0.481266 1.82408 0 246.372 1.77589e-07
0.481266 1.82408 0 247.375 1.75854e-07
0.481266 1.82408 0 248.377 1.74137e-07
0.481266 1.82408 0 249.38 1.72439e-07
0.481266 1.82408 0 250.382 1.70757e-07
0.481266 1.82408 0 251.385 1.69094e-07
0.481266 1.82408 0 252.387 1.67447e-07
0.481266 1.82408 0 253.39 1.65818e-07
0.481266 1.82408 0 254.392 1.64206e-07
0.481266 1.82408 0 255.395 1.6261e-07
0.481266 1.82408 0 256.397 1.61031e-07
0.481266 1.82408 0 257.4 1.59468e-07
0.481266 1.82408 0 258.402 1.57921e-07
0.481266 1.82408 0 259.405 1.5639e-07
0.481266 1.82408 0 260.407 1.54875e-07
0.481266 1.82408 0 261.409 1.53375e-07
0.481266 1.82408 0 262.412 1.51891e-07
0.481266 1.82408 0 263.414 1.50422e-07
0.481266 1.82408 0 264.417 1.48968e-07
0.481266 1.82408 0 265.419 1.47529e-07
0.481266 1.82408 0 266.422 1.46105e-07
0.481266 1.82408 0 267.424 1.44695e-07
0.481266 1.82408 0 268.427 1.433e-07
0.481266 1.82408 0 269.429 1.41919e-07
0.481266 1.82408 0 270.432 1.40552e-07
0.481266 1.82408 0 271.434 1.39198e-07
0.481266 1.82408 0 272.437 1.37859e-07
0.481266 1.82408 0 273.439 1.36533e-07
0.481266 1.82408 0 274.442 1.35221e-07
0.481266 1.82408 0 275.444 1.33922e-07
0.481266 1.82408 0 276.447 1.32636e-07
0.481266 1.82408 0 277.449 1.31363e-07
0.481266 1.82408 0 278.452 1.30103e-07
0.481266 1.82408 0 279.454 1.28856e-07
0.481266 1.82408 0 280.457 1.27621e-07
0.481266 1.82408 0 281.459 1.26399e-07
0.481266 1.82408 0 282.462 1.25189e-07
0.481266 1.82408 0 283.464 1.23992e-07
0.481266 1.82408 0 284.467 1.22806e-07
0.481266 1.82408 0 285.469 1.21632e-07
0.481266 1.82408 0 286.472 1.2047e-07
0.481266 1.82408 0 287.474 1.1932e-07
0.481266 1.82408 0 288.476 1.18182e-07
0.481266 1.82408 0 289.479 1.17054e-07
0.481266 1.82408 0 290.481 1.15938e-07
0.481266 1.82408 0 291.484 1.14833e-07
0.481266 1.82408 0 292.486 1.1374e-07
0.481266 1.82408 0 293.489 1.12657e-07
0.481266 1.82408 0 294.491 1.11585e-07
0.481266 1.82408 0 295.494 1.10523e-07
0.481266 1.82408 0 296.496 1.09473e-07
0.481266 1.82408 0 297.499 1.08432e-07
0.481266 1.82408 0 298.501 1.07402e-07
0.481266 1.82408 0 299.504 1.06383e-07
0.481266 1.82408 0 300.506 1.05373e-07
0.481266 1.82408 0 301.509 1.04374e-07
0.481266 1.82408 0 302.511 1.03384e-07
0.481266 1.82408 0 303.514 1.02404e-07
0.481266 1.82408 0 304.516 1.01434e-07
0.481266 1.82408 0 305.519 1.00474e-07
0.481266 1.82408 0 306.521 9.9523e-08
0.481266 1.82408 0 307.524 9.85815e-08
0.481266 1.82408 0 308.526 9.76493e-08
0.481266 1.82408 0 309.529 9.67263e-08
0.481266 1.82408 0 310.531 9.58125e-08
0.481266 1.82408 0 311.534 9.49076e-08
0.481266 1.82408 0 312.536 9.40117e-08
0.481266 1.82408 0 313.538 9.31246e-08
0.481266 1.82408 0 314.541 9.22463e-08
0.481266 1.82408 0 315.543 9.13766e-08
0.481266 1.82408 0 316.546 9.05154e-08
0.481266 1.82408 0 317.548 8.96628e-08
0.481266 1.82408 0 318.551 8.88185e-08
0.481266 1.82408 0 319.553 8.79825e-08
0.481266 1.82408 0 320.556 8.71547e-08
0.481266 1.82408 0 321.558 8.6335e-08
0.481266 1.82408 0 322.561 8.55234e-08
0.481266 1.82408 0 323.563 8.47197e-08
0.481266 1.82408 0 324.566 8.39239e-08
0.481266 1.82408 0 325.568 8.31359e-08
0.481266 1.82408 0 326.571 8.23556e-08
0.481266 1.82408 0 327.573 8.15829e-08
0.481266 1.82408 0 328.576 8.08177e-08
0.481266 1.82408 0 329.578 8.00601e-08
0.481266 1.82408 0 330.581 7.93098e-08
0.481266 1.82408 0 331.583 7.85669e-08
0.481266 1.82408 0 332.586 7.78312e-08
0.481266 1.82408 0 333.588 7.71026e-08
0.481266 1.82408 0 334.591 7.63812e-08
0.481266 1.82408 0 335.593 7.56668e-08
0.481266 1.82408 0 336.596 7.49593e-08
0.481266 1.82408 0 337.598 7.42587e-08
0.481266 1.82408 0 338.601 7.3565e-08
0.481266 1.82408 0 339.603 7.28779e-08
0.481266 1.82408 0 340.605 7.21976e-08
0.481266 1.82408 0 341.608 7.15238e-08
0.481266 1.82408 0 342.61 7.08566e-08
0.481266 1.82408 0 343.613 7.01958e-08
0.481266 1.82408 0 344.615 6.95414e-08
0.481266 1.82408 0 345.618 6.88934e-08
0.481266 1.82408 0 346.62 6.82516e-08
0.481266 1.82408 0 347.623 6.76161e-08
0.481266 1.82408 0 348.625 6.69867e-08
0.481266 1.82408 0 349.628 6.63634e-08
0.481266 1.82408 0 350.63 6.57461e-08
0.481266 1.82408 0 351.633 6.51347e-08
0.481266 1.82408 0 352.635 6.45293e-08
0.481266 1.82408 0 353.638 6.39297e-08
0.481266 1.82408 0 354.64 6.33359e-08
0.481266 1.82408 0 355.643 6.27478e-08
0.481266 1.82408 0 356.645 6.21653e-08
0.481266 1.82408 0 357.648 6.15885e-08
0.481266 1.82408 0 358.65 6.10172e-08
0.481266 1.82408 0 359.653 6.04515e-08
0.481266 1.82408 0 360.655 5.98911e-08
0.481266 1.82408 0 361.658 5.93362e-08
0.481266 1.82408 0 362.66 5.87865e-08
0.481266 1.82408 0 363.663 5.82422e-08
0.481266 1.82408 0 364.665 5.7703e-08
0.481266 1.82408 0 365.668 5.71691e-08
0.481266 1.82408 0 366.67 5.66403e-08
0.481266 1.82408 0 367.672 5.61165e-08
0.481266 1.82408 0 368.675 5.55977e-08
0.481266 1.82408 0 369.677 5.50839e-08
0.481266 1.82408 0 370.68 5.45751e-08
0.481266 1.82408 0 371.682 5.40711e-08
0.481266 1.82408 0 372.685 5.35719e-08
0.481266 1.82408 0 373.687 5.30775e-08
0.481266 1.82408 0 374.69 5.25878e-08
0.481266 1.82408 0 375.692 5.21028e-08
0.481266 1.82408 0 376.695 5.16224e-08
0.481266 1.82408 0 377.697 5.11466e-08
0.481266 1.82408 0 378.7 5.06753e-08
0.481266 1.82408 0 379.702 5.02085e-08
0.481266 1.82408 0 380.705 4.97462e-08
0.481266 1.82408 0 381.707 4.92883e-08
0.481266 1.82408 0 382.71 4.88347e-08
0.481266 1.82408 0 383.712 4.83855e-08
0.481266 1.82408 0 384.715 4.79405e-08
0.481266 1.82408 0 385.717 4.74998e-08
0.481266 1.82408 0 386.72 4.70632e-08
0.481266 1.82408 0 387.722 4.66308e-08
0.481266 1.82408 0 388.725 4.62025e-08
0.481266 1.82408 0 389.727 4.57783e-08
0.481266 1.82408 0 390.73 4.53581e-08
0.481266 1.82408 0 391.732 4.49419e-08
0.481266 1.82408 0 392.735 4.45296e-08
0.481266 1.82408 0 393.737 4.41212e-08
0.481266 1.82408 0 394.739 4.37167e-08
0.481266 1.82408 0 395.742 4.33161e-08
0.481266 1.82408 0 396.744 4.29192e-08
0.481266 1.82408 0 397.747 4.25261e-08
0.481266 1.82408 0 398.749 4.21367e-08
0.481266 1.82408 0 399.752 4.17509e-08
0.481266 1.82408 0 400.754 4.13689e-08
0.481266 1.82408 0 401.757 4.09904e-08
0.481266 1.82408 0 402.759 4.06155e-08
0.481266 1.82408 0 403.762 4.02442e-08
0.481266 1.82408 0 404.764 3.98763e-08
0.481266 1.82408 0 405.767 3.9512e-08
0.481266 1.82408 0 406.769 3.9151e-08
0.481266 1.82408 0 407.772 3.87935e-08
0.481266 1.82408 0 408.774 3.84393e-08
0.481266 1.82408 0 409.777 3.80885e-08
0.481266 1.82408 0 410.779 3.7741e-08
0.481266 1.82408 0 411.782 3.73967e-08
0.481266 1.82408 0 412.784 3.70557e-08
0.481266 1.82408 0 413.787 3.67179e-08
0.481266 1.82408 0 414.789 3.63832e-08
0.481266 1.82408 0 415.792 3.60518e-08
0.481266 1.82408 0 416.794 3.57234e-08
0.481266 1.82408 0 417.797 3.53981e-08
0.481266 1.82408 0 418.799 3.50759e-08
0.481266 1.82408 0 419.802 3.47566e-08
0.481266 1.82408 0 420.804 3.44404e-08
0.481266 1.82408 0 421.806 3.41272e-08
0.481266 1.82408 0 422.809 3.38168e-08
0.481266 1.82408 0 423.811 3.35094e-08
0.481266 1.82408 0 424.814 3.32049e-08
0.481266 1.82408 0 425.816 3.29032e-08
0.481266 1.82408 0 426.819 3.26044e-08
0.481266 1.82408 0 427.821 3.23083e-08
0.481266 1.82408 0 428.824 3.2015e-08
0.481266 1.82408 0 429.826 3.17245e-08
0.481266 1.82408 0 430.829 3.14367e-08
0.481266 1.82408 0 431.831 3.11515e-08
0.481266 1.82408 0 432.834 3.08691e-08
0.481266 1.82408 0 433.836 3.05892e-08
0.481266 1.82408 0 434.839 3.0312e-08
0.481266 1.82408 0 435.841 3.00374e-08
0.481266 1.82408 0 436.844 2.97653e-08
0.481266 1.82408 0 437.846 2.94957e-08
0.481266 1.82408 0 438.849 2.92287e-08
0.481266 1.82408 0 439.851 2.89642e-08
0.481266 1.82408 0 440.854 2.87021e-08
0.481266 1.82408 0 441.856 2.84425e-08
0.481266 1.82408 0 442.859 2.81853e-08
0.481266 1.82408 0 443.861 2.79304e-08
0.481266 1.82408 0 444.864 2.7678e-08
0.481266 1.82408 0 445.866 2.74279e-08
0.481266 1.82408 0 446.868 2.71801e-08
0.481266 1.82408 0 447.871 2.69346e-08
0.481266 1.82408 0 448.873 2.66914e-08
0.481266 1.82408 0 449.876 2.64505e-08
0.481266 1.82408 0 450.878 2.62118e-08
0.481266 1.82408 0 451.881 2.59753e-08
0.481266 1.82408 0 452.883 2.5741e-08
0.481266 1.82408 0 453.886 2.55089e-08
0.481266 1.82408 0 454.888 2.5279e-08
0.481266 1.82408 0 455.891 2.50511e-08
0.481266 1.82408 0 456.893 2.48254e-08
0.481266 1.82408 0 457.896 2.46018e-08
0.481266 1.82408 0 458.898 2.43802e-08
0.481266 1.82408 0 459.901 2.41607e-08
0.481266 1.82408 0 460.903 2.39432e-08
0.481266 1.82408 0 461.906 2.37278e-08
0.481266 1.82408 0 462.908 2.35143e-08
0.481266 1.82408 0 463.911 2.33028e-08
0.481266 1.82408 0 464.913 2.30933e-08
0.481266 1.82408 0 465.916 2.28857e-08
0.481266 1.82408 0 466.918 2.268e-08
0.481266 1.82408 0 467.921 2.24762e-08
0.481266 1.82408 0 468.923 2.22743e-08
0.481266 1.82408 0 469.926 2.20743e-08
0.481266 1.82408 0 470.928 2.18761e-08
0.481266 1.82408 0 471.931 2.16797e-08
0.481266 1.82408 0 472.933 2.14851e-08
0.481266 1.82408 0 473.935 2.12924e-08
0.481266 1.82408 0 474.938 2.11014e-08
0.481266 1.82408 0 475.94 2.09122e-08
0.481266 1.82408 0 476.943 2.07247e-08
0.481266 1.82408 0 477.945 2.05389e-08
0.481266 1.82408 0 478.948 2.03549e-08
0.481266 1.82408 0 479.95 2.01725e-08
0.481266 1.82408 0 480.953 1.99918e-08
0.481266 1.82408 0 481.955 1.98128e-08
0.481266 1.82408 0 482.958 1.96354e-08
0.481266 1.82408 0 483.96 1.94597e-08
0.481266 1.82408 0 484.963 1.92856e-08
0.481266 1.82408 0 485.965 1.9113e-08
0.481266 1.82408 0 486.968 1.89421e-08
0.481266 1.82408 0 487.97 1.87727e-08
0.481266 1.82408 0 488.973 1.86049e-08
0.481266 1.82408 0 489.975 1.84386e-08
0.481266 1.82408 0 490.978 1.82739e-08
0.481266 1.82408 0 491.98 1.81106e-08
0.481266 1.82408 0 492.983 1.79489e-08
0.481266 1.82408 0 493.985 1.77886e-08
0.481266 1.82408 0 494.988 1.76298e-08
0.481266 1.82408 0 495.99 1.74725e-08
0.481266 1.82408 0 496.993 1.73166e-08
0.481266 1.82408 0 497.995 1.71621e-08
0.481266 1.82408 0 498.998 1.7009e-08
0.481266 1.82408 0 500 1.68574e-08
0.481266 1.82408 0 100.01 5.84002e-07
0.481266 1.82408 0 101.012 1.04307e-06
0.481266 1.82408 0 102.015 1.02029e-06
0.481266 1.82408 0 103.017 9.77166e-07
0.481266 1.82408 0 104.02 9.43304e-07
0.481266 1.82408 0 105.022 9.15598e-07
0.481266 1.82408 0 106.025 8.91867e-07
0.481266 1.82408 0 107.027 8.70909e-07
0.481266 1.82408 0 108.03 8.52002e-07
0.481266 1.82408 0 109.032 8.34681e-07
0.481266 1.82408 0 110.035 8.18628e-07
0.481266 1.82408 0 111.037 8.03615e-07
0.481266 1.82408 0 112.04 7.89475e-07
0.481266 1.82408 0 113.042 7.76078e-07
0.481266 1.82408 0 114.045 7.63325e-07
0.481266 1.82408 0 115.047 7.51137e-07
0.481266 1.82408 0 116.05 7.3945e-07
0.481266 1.82408 0 117.052 7.2821e-07
0.481266 1.82408 0 118.055 7.17374e-07
0.481266 1.82408 0 119.057 7.06904e-07
0.481266 1.82408 0 120.06 6.9677e-07
0.481266 1.82408 0 121.062 6.86944e-07
0.481266 1.82408 0 122.065 6.77403e-07
0.481266 1.82408 0 123.067 6.68126e-07
0.481266 1.82408 0 124.07 6.59096e-07
0.481266 1.82408 0 125.072 6.50297e-07
0.481266 1.82408 0 126.075 6.41714e-07
0.481266 1.82408 0 127.077 6.33336e-07
0.481266 1.82408 0 128.079 6.2515e-07
0.481266 1.82408 0 129.082 6.17148e-07
0.481266 1.82408 0 130.084 6.09319e-07
0.481266 1.82408 0 131.087 6.01655e-07
0.481266 1.82408 0 132.089 5.94148e-07
0.481266 1.82408 0 133.092 5.86792e-07
0.481266 1.82408 0 134.094 5.79581e-07
0.481266 1.82408 0 135.097 5.72507e-07
0.481266 1.82408 0 136.099 5.65566e-07
0.481266 1.82408 0 137.102 5.58752e-07
0.481266 1.82408 0 138.104 5.52062e-07
0.481266 1.82408 0 139.107 5.4549e-07
0.481266 1.82408 0 140.109 5.39032e-07
0.481266 1.82408 0 141.112 5.32684e-07
0.481266 1.82408 0 142.114 5.26444e-07
0.481266 1.82408 0 143.117 5.20307e-07
0.481266 1.82408 0 144.119 5.1427e-07
0.481266 1.82408 0 145.122 5.0833e-07
0.481266 1.82408 0 146.124 5.02485e-07
0.481266 1.82408 0 147.127 4.96731e-07
0.481266 1.82408 0 148.129 4.91067e-07
0.481266 1.82408 0 149.132 4.85489e-07
0.481266 1.82408 0 150.134 4.79996e-07
0.481266 1.82408 0 151.137 4.74585e-07
0.481266 1.82408 0 152.139 4.69254e-07
0.481266 1.82408 0 153.142 4.64002e-07
0.481266 1.82408 0 154.144 4.58825e-07
0.481266 1.82408 0 155.146 4.53723e-07
0.481266 1.82408 0 156.149 4.48694e-07
0.481266 1.82408 0 157.151 4.43735e-07
0.481266 1.82408 0 158.154 4.38846e-07
0.481266 1.82408 0 159.156 4.34025e-07
0.481266 1.82408 0 160.159 4.29271e-07
0.481266 1.82408 0 161.161 4.24581e-07
0.481266 1.82408 0 162.164 4.19955e-07
0.481266 1.82408 0 163.166 4.15391e-07
0.481266 1.82408 0 164.169 4.10888e-07
0.481266 1.82408 0 165.171 4.06445e-07
0.481266 1.82408 0 166.174 4.02061e-07
0.481266 1.82408 0 167.176 3.97734e-07
0.481266 1.82408 0 168.179 3.93463e-07
0.481266 1.82408 0 169.181 3.89248e-07
0.481266 1.82408 0 170.184 3.85087e-07
0.481266 1.82408 0 171.186 3.80979e-07
0.481266 1.82408 0 172.189 3.76924e-07
0.481266 1.82408 0 173.191 3.7292e-07
0.481266 1.82408 0 174.194 3.68966e-07
0.481266 1.82408 0 175.196 3.65062e-07
0.481266 1.82408 0 176.199 3.61206e-07
0.481266 1.82408 0 177.201 3.57398e-07
0.481266 1.82408 0 178.204 3.53638e-07
0.481266 1.82408 0 179.206 3.49923e-07
0.481266 1.82408 0 180.208 3.46254e-07
0.481266 1.82408 0 181.211 3.4263e-07
0.481266 1.82408 0 182.213 3.39049e-07
0.481266 1.82408 0 183.216 3.35512e-07
0.481266 1.82408 0 184.218 3.32017e-07
0.481266 1.82408 0 185.221 3.28565e-07
0.481266 1.82408 0 186.223 3.25153e-07
0.481266 1.82408 0 187.226 3.21782e-07
0.481266 1.82408 0 188.228 3.18451e-07
0.481266 1.82408 0 189.231 3.15159e-07
0.481266 1.82408 0 190.233 3.11906e-07
0.481266 1.82408 0 191.236 3.08691e-07
0.481266 1.82408 0 192.238 3.05514e-07
0.481266 1.82408 0 193.241 3.02374e-07
0.481266 1.82408 0 194.243 2.9927e-07
0.481266 1.82408 0 195.246 2.96202e-07
0.481266 1.82408 0 196.248 2.9317e-07
0.481266 1.82408 0 197.251 2.90172e-07
0.481266 1.82408 0 198.253 2.87209e-07
0.481266 1.82408 0 199.256 2.84279e-07
0.481266 1.82408 0 200.258 2.81384e-07
0.481266 1.82408 0 201.261 2.7852e-07
0.481266 1.82408 0 202.263 2.7569e-07
0.481266 1.82408 0 203.266 2.72891e-07
0.481266 1.82408 0 204.268 2.70124e-07
0.481266 1.82408 0 205.271 2.67389e-07
0.481266 1.82408 0 206.273 2.64684e-07
0.481266 1.82408 0 207.275 2.62009e-07
0.481266 1.82408 0 208.278 2.59364e-07
0.481266 1.82408 0 209.28 2.56748e-07
0.481266 1.82408 0 210.283 2.54162e-07
0.481266 1.82408 0 211.285 2.51604e-07
0.481266 1.82408 0 212.288 2.49075e-07
0.481266 1.82408 0 213.29 2.46573e-07
0.481266 1.82408 0 214.293 2.441e-07
0.481266 1.82408 0 215.295 2.41653e-07
0.481266 1.82408 0 216.298 2.39233e-07
0.481266 1.82408 0 217.3 2.3684e-07
0.481266 1.82408 0 218.303 2.34473e-07
0.481266 1.82408 0 219.305 2.32131e-07
0.481266 1.82408 0 220.308 2.29816e-07
0.481266 1.82408 0 221.31 2.27525e-07
0.481266 1.82408 0 222.313 2.25259e-07
0.481266 1.82408 0 223.315 2.23018e-07
0.481266 1.82408 0 224.318 2.20801e-07
0.481266 1.82408 0 225.32 2.18608e-07
0.481266 1.82408 0 226.323 2.16438e-07
0.481266 1.82408 0 227.325 2.14292e-07
0.481266 1.82408 0 228.328 2.12169e-07
0.481266 1.82408 0 229.33 2.10069e-07
0.481266 1.82408 0 230.333 2.07991e-07
0.481266 1.82408 0 231.335 2.05935e-07
0.481266 1.82408 0 232.338 2.03902e-07
0.481266 1.82408 0 233.34 2.0189e-07
0.481266 1.82408 0 234.342 1.99899e-07
0.481266 1.82408 0 235.345 1.97929e-07
0.481266 1.82408 0 236.347 1.95981e-07
0.481266 1.82408 0 237.35 1.94053e-07
0.481266 1.82408 0 238.352 1.92145e-07
0.481266 1.82408 0 239.355 1.90257e-07
0.481266 1.82408 0 240.357 1.8839e-07
0.481266 1.82408 0 241.36 1.86542e-07
0.481266 1.82408 0 242.362 1.84713e-07
0.481266 1.82408 0 243.365 1.82904e-07
0.481266 1.82408 0 244.367 1.81114e-07
0.481266 1.82408 0 245.37 1.79342e-07
0.481266 1.82408 0 246.372 1.77589e-07
0.481266 1.82408 0 247.375 1.75854e-07
0.481266 1.82408 0 248.377 1.74137e-07
0.481266 1.82408 0 249.38 1.72439e-07
0.481266 1.82408 0 250.382 1.70757e-07
0.481266 1.82408 0 251.385 1.69094e-07
0.481266 1.82408 0 252.387 1.67447e-07
0.481266 1.82408 0 253.39 1.65818e-07
0.481266 1.82408 0 254.392 1.64206e-07
0.481266 1.82408 0 255.395 1.6261e-07
0.481266 1.82408 0 256.397 1.61031e-07
0.481266 1.82408 0 257.4 1.59468e-07
0.481266 1.82408 0 258.402 1.57921e-07
0.481266 1.82408 0 259.405 1.5639e-07
0.481266 1.82408 0 260.407 1.54875e-07
0.481266 1.82408 0 261.409 1.53375e-07
0.481266 1.82408 0 262.412 1.51891e-07
0.481266 1.82408 0 263.414 1.50422e-07
0.481266 1.82408 0 264.417 1.48968e-07
0.481266 1.82408 0 265.419 1.47529e-07
0.481266 1.82408 0 266.422 1.46105e-07
0.481266 1.82408 0 267.424 1.44695e-07
0.481266 1.82408 0 268.427 1.433e-07
0.481266 1.82408 0 269.429 1.41919e-07
0.481266 1.82408 0 270.432 1.40552e-07
0.481266 1.82408 0 271.434 1.39198e-07
0.481266 1.82408 0 272.437 1.37859e-07
0.481266 1.82408 0 273.439 1.36533e-07
0.481266 1.82408 0 274.442 1.35221e-07
0.481266 1.82408 0 275.444 1.33922e-07
0.481266 1.82408 0 276.447 1.32636e-07
0.481266 1.82408 0 277.449 1.31363e-07
0.481266 1.82408 0 278.452 1.30103e-07
0.481266 1.82408 0 279.454 1.28856e-07
0.481266 1.82408 0 280.457 1.27621e-07
0.481266 1.82408 0 281.459 1.26399e-07
0.481266 1.82408 0 282.462 1.25189e-07
0.481266 1.82408 0 283.464 1.23992e-07
0.481266 1.82408 0 284.467 1.22806e-07
0.481266 1.82408 0 285.469 1.21632e-07
0.481266 1.82408 0 286.472 1.2047e-07
0.481266 1.82408 0 287.474 1.1932e-07
0.481266 1.82408 0 288.476 1.18182e-07
0.481266 1.82408 0 289.479 1.17054e-07
0.481266 1.82408 0 290.481 1.15938e-07
0.481266 1.82408 0 291.484 1.14833e-07
0.481266 1.82408 0 292.486 1.1374e-07
0.481266 1.82408 0 293.489 1.12657e-07
0.481266 1.82408 0 294.491 1.11585e-07
0.481266 1.82408 0 295.494 1.10523e-07
0.481266 1.82408 0 296.496 1.09473e-07
0.481266 1.82408 0 297.499 1.08432e-07
0.481266 1.82408 0 298.501 1.07402e-07
0.481266 1.82408 0 299.504 1.06383e-07
0.481266 1.82408 0 300.506 1.05373e-07
0.481266 1.82408 0 301.509 1.04374e-07
0.481266 1.82408 0 302.511 1.03384e-07
0.481266 1.82408 0 303.514 1.02404e-07
0.481266 1.82408 0 304.516 1.01434e-07
0.481266 1.82408 0 305.519 1.00474e-07
0.481266 1.82408 0 306.521 9.9523e-08
0.481266 1.82408 0 307.524 9.85815e-08
0.481266 1.82408 0 308.526 9.76493e-08
0.481266 1.82408 0 309.529 9.67263e-08
0.481266 1.82408 0 310.531 9.58125e-08
0.481266 1.82408 0 311.534 9.49076e-08
0.481266 1.82408 0 312.536 9.40117e-08
0.481266 1.82408 0 313.538 9.31246e-08
0.481266 1.82408 0 314.541 9.22463e-08
0.481266 1.82408 0 315.543 9.13766e-08
0.481266 1.82408 0 316.546 9.05154e-08
0.481266 1.82408 0 317.548 8.96628e-08
0.481266 1.82408 0 318.551 8.88185e-08
0.481266 1.82408 0 319.553 8.79825e-08
0.481266 1.82408 0 320.556 8.71547e-08
0.481266 1.82408 0 321.558 8.6335e-08
0.481266 1.82408 0 322.561 8.55234e-08
0.481266 1.82408 0 323.563 8.47197e-08
0.481266 1.82408 0 324.566 8.39239e-08
0.481266 1.82408 0 325.568 8.31359e-08
0.481266 1.82408 0 326.571 8.23556e-08
0.481266 1.82408 0 327.573 8.15829e-08
0.481266 1.82408 0 328.576 8.08177e-08
0.481266 1.82408 0 329.578 8.00601e-08
0.481266 1.82408 0 330.581 7.93098e-08
0.481266 1.82408 0 331.583 7.85669e-08
0.481266 1.82408 0 332.586 7.78312e-08
0.481266 1.82408 0 333.588 7.71026e-08
0.481266 1.82408 0 334.591 7.63812e-08
0.481266 1.82408 0 335.593 7.56668e-08
0.481266 1.82408 0 336.596 7.49593e-08
0.481266 1.82408 0 337.598 7.42587e-08
0.481266 1.82408 0 338.601 7.3565e-08
0.481266 1.82408 0 339.603 7.28779e-08
0.481266 1.82408 0 340.605 7.21976e-08
0.481266 1.82408 0 341.608 7.15238e-08
0.481266 1.82408 0 342.61 7.08566e-08
0.481266 1.82408 0 343.613 7.01958e-08
0.481266 1.82408 0 344.615 6.95414e-08
0.481266 1.82408 0 345.618 6.88934e-08
0.481266 1.82408 0 346.62 6.82516e-08
0.481266 1.82408 0 347.623 6.76161e-08
0.481266 1.82408 0 348.625 6.69867e-08
0.481266 1.82408 0 349.628 6.63634e-08
0.481266 1.82408 0 350.63 6.57461e-08
0.481266 1.82408 0 351.633 6.51347e-08
0.481266 1.82408 0 352.635 6.45293e-08
0.481266 1.82408 0 353.638 6.39297e-08
0.481266 1.82408 0 354.64 6.33359e-08
0.481266 1.82408 0 355.643 6.27478e-08
0.481266 1.82408 0 356.645 6.21653e-08
0.481266 1.82408 0 357.648 6.15885e-08
0.481266 1.82408 0 358.65 6.10172e-08
0.481266 1.82408 0 359.653 6.04515e-08
0.481266 1.82408 0 360.655 5.98911e-08
0.481266 1.82408 0 361.658 5.93362e-08
0.481266 1.82408 0 362.66 5.87865e-08
0.481266 1.82408 0 363.663 5.82422e-08
0.481266 1.82408 0 364.665 5.7703e-08
0.481266 1.82408 0 365.668 5.71691e-08
0.481266 1.82408 0 366.67 5.66403e-08
0.481266 1.82408 0 367.672 5.61165e-08
0.481266 1.82408 0 368.675 5.55977e-08
0.481266 1.82408 0 369.677 5.50839e-08
0.481266 1.82408 0 370.68 5.45751e-08
0.481266 1.82408 0 371.682 5.40711e-08
0.481266 1.82408 0 372.685 5.35719e-08
0.481266 1.82408 0 373.687 5.30775e-08
0.481266 1.82408 0 374.69 5.25878e-08
0.481266 1.82408 0 375.692 5.21028e-08
0.481266 1.82408 0 376.695 5.16224e-08
0.481266 1.82408 0 377.697 5.11466e-08
0.481266 1.82408 0 378.7 5.06753e-08
0.481266 1.82408 0 379.702 5.02085e-08
0.481266 1.82408 0 380.705 4.97462e-08
0.481266 1.82408 0 381.707 4.92883e-08
0.481266 1.82408 0 382.71 4.88347e-08
0.481266 1.82408 0 383.712 4.83855e-08
0.481266 1.82408 0 384.715 4.79405e-08
0.481266 1.82408 0 385.717 4.74998e-08
0.481266 1.82408 0 386.72 4.70632e-08
0.481266 1.82408 0 387.722 4.66308e-08
0.481266 1.82408 0 388.725 4.62025e-08
0.481266 1.82408 0 389.727 4.57783e-08
0.481266 1.82408 0 390.73 4.53581e-08
0.481266 1.82408 0 391.732 4.49419e-08
0.481266 1.82408 0 392.735 4.45296e-08
0.481266 1.82408 0 393.737 4.41212e-08
0.481266 1.82408 0 394.739 4.37167e-08
0.481266 1.82408 0 395.742 4.33161e-08
0.481266 1.82408 0 396.744 4.29192e-08
0.481266 1.82408 0 397.747 4.25261e-08
0.481266 1.82408 0 398.749 4.21367e-08
0.481266 1.82408 0 399.752 4.17509e-08
0.481266 1.82408 0 400.754 4.13689e-08
0.481266 1.82408 0 401.757 4.09904e-08
0.481266 1.82408 0 402.759 4.06155e-08
0.481266 1.82408 0 403.762 4.02442e-08
0.481266 1.82408 0 404.764 3.98763e-08
0.481266 1.82408 0 405.767 3.9512e-08
0.481266 1.82408 0 406.769 3.9151e-08
0.481266 1.82408 0 407.772 3.87935e-08
0.481266 1.82408 0 408.774 3.84393e-08
0.481266 1.82408 0 409.777 3.80885e-08
0.481266 1.82408 0 410.779 3.7741e-08
0.481266 1.82408 0 411.782 3.73967e-08
0.481266 1.82408 0 412.784 3.70557e-08
0.481266 1.82408 0 413.787 3.67179e-08
0.481266 1.82408 0 414.789 3.63832e-08
0.481266 1.82408 0 415.792 3.60518e-08
0.481266 1.82408 0 416.794 3.57234e-08
0.481266 1.82408 0 417.797 3.53981e-08
0.481266 1.82408 0 418.799 3.50759e-08
0.481266 1.82408 0 419.802 3.47566e-08
0.481266 1.82408 0 420.804 3.44404e-08
0.481266 1.82408 0 421.806 3.41272e-08
0.481266 1.82408 0 422.809 3.38168e-08
0.481266 1.82408 0 423.811 3.35094e-08
0.481266 1.82408 0 424.814 3.32049e-08
0.481266 1.82408 0 425.816 3.29032e-08
0.481266 1.82408 0 426.819 3.26044e-08
0.481266 1.82408 0 427.821 3.23083e-08
0.481266 1.82408 0 428.824 3.2015e-08
0.481266 1.82408 0 429.826 3.17245e-08
0.481266 1.82408 0 430.829 3.14367e-08
0.481266 1.82408 0 431.831 3.11515e-08
0.481266 1.82408 0 432.834 3.08691e-08
0.481266 1.82408 0 433.836 3.05892e-08
0.481266 1.82408 0 434.839 3.0312e-08
0.481266 1.82408 0 435.841 3.00374e-08
0.481266 1.82408 0 436.844 2.97653e-08
0.481266 1.82408 0 437.846 2.94957e-08
0.481266 1.82408 0 438.849 2.92287e-08
0.481266 1.82408 0 439.851 2.89642e-08
0.481266 1.82408 0 440.854 2.87021e-08
0.481266 1.82408 0 441.856 2.84425e-08
0.481266 1.82408 0 442.859 2.81853e-08
0.481266 1.82408 0 443.861 2.79304e-08
0.481266 1.82408 0 444.864 2.7678e-08
0.481266 1.82408 0 445.866 2.74279e-08
0.481266 1.82408 0 446.868 2.71801e-08
0.481266 1.82408 0 447.871 2.69346e-08
0.481266 1.82408 0 448.873 2.66914e-08
0.481266 1.82408 0 449.876 2.64505e-08
0.481266 1.82408 0 450.878 2.62118e-08
0.481266 1.82408 0 451.881 2.59753e-08
0.481266 1.82408 0 452.883 2.5741e-08
0.481266 1.82408 0 453.886 2.55089e-08
0.481266 1.82408 0 454.888 2.5279e-08
0.481266 1.82408 0 455.891 2.50511e-08
0.481266 1.82408 0 456.893 2.48254e-08
0.481266 1.82408 0 457.896 2.46018e-08
0.481266 1.82408 0 458.898 2.43802e-08
0.481266 1.82408 0 459.901 2.41607e-08
0.481266 1.82408 0 460.903 2.39432e-08
0.481266 1.82408 0 461.906 2.37278e-08
0.481266 1.82408 0 462.908 2.35143e-08
0.481266 1.82408 0 463.911 2.33028e-08
0.481266 1.82408 0 464.913 2.30933e-08
0.481266 1.82408 0 465.916 2.28857e-08
0.481266 1.82408 0 466.918 2.268e-08
0.481266 1.82408 0 467.921 2.24762e-08
0.481266 1.82408 0 468.923 2.22743e-08
0.481266 1.82408 0 469.926 2.20743e-08
0.481266 1.82408 0 470.928 2.18761e-08
0.481266 1.82408 0 471.931 2.16797e-08
0.481266 1.82408 0 472.933 2.14851e-08
0.481266 1.82408 0 473.935 2.12924e-08
0.481266 1.82408 0 474.938 2.11014e-08
0.481266 1.82408 0 475.94 2.09122e-08
0.481266 1.82408 0 476.943 2.07247e-08
0.481266 1.82408 0 477.945 2.05389e-08
0.481266 1.82408 0 478.948 2.03549e-08
0.481266 1.82408 0 479.95 2.01725e-08
0.481266 1.82408 0 480.953 1.99918e-08
0.481266 1.82408 0 481.955 1.98128e-08
0.481266 1.82408 0 482.958 1.96354e-08
0.481266 1.82408 0 483.96 1.94597e-08
0.481266 1.82408 0 484.963 1.92856e-08
0.481266 1.82408 0 485.965 1.9113e-08
0.481266 1.82408 0 486.968 1.89421e-08
0.481266 1.82408 0 487.97 1.87727e-08
0.481266 1.82408 0 488.973 1.86049e-08
0.481266 1.82408 0 489.975 1.84386e-08
0.481266 1.82408 0 490.978 1.82739e-08
0.481266 1.82408 0 491.98 1.81106e-08
0.481266 1.82408 0 492.983 1.79489e-08
0.481266 1.82408 0 493.985 1.77886e-08
0.481266 1.82408 0 494.988 1.76298e-08
0.481266 1.82408 0 495.99 1.74725e-08
0.481266 1.82408 0 496.993 1.73166e-08
0.481266 1.82408 0 497.995 1.71621e-08
0.481266 1.82408 0 498.998 1.7009e-08
0.481266 1.82408 0 500 1.68574e-08
0.481266 1.82408 0 100.01 5.84002e-07
0.481266 1.82408 0 101.012 1.04307e-06
0.481266 1.82408 0 102.015 1.02029e-06
0.481266 1.82408 0 103.017 9.77166e-07
0.481266 1.82408 0 104.02 9.43304e-07
0.481266 1.82408 0 105.022 9.15598e-07
0.481266 1.82408 0 106.025 8.91867e-07
0.481266 1.82408 0 107.027 8.70909e-07
0.481266 1.82408 0 108.03 8.52002e-07
0.481266 1.82408 0 109.032 8.34681e-07
0.481266 1.82408 0 110.035 8.18628e-07
0.481266 1.82408 0 111.037 8.03615e-07
0.481266 1.82408 0 112.04 7.89475e-07
0.481266 1.82408 0 113.042 7.76078e-07
0.481266 1.82408 0 114.045 7.63325e-07
0.481266 1.82408 0 115.047 7.51137e-07
0.481266 1.82408 0 116.05 7.3945e-07
0.481266 1.82408 0 117.052 7.2821e-07
0.481266 1.82408 0 118.055 7.17374e-07
0.481266 1.82408 0 119.057 7.06904e-07
0.481266 1.82408 0 120.06 6.9677e-07
0.481266 1.82408 0 121.062 6.86944e-07
0.481266 1.82408 0 122.065 6.77403e-07
0.481266 1.82408 0 123.067 6.68126e-07
0.481266 1.82408 0 124.07 6.59096e-07
0.481266 1.82408 0 125.072 6.50297e-07
0.481266 1.82408 0 126.075 6.41714e-07
0.481266 1.82408 0 127.077 6.33336e-07
0.481266 1.82408 0 128.079 6.2515e-07
0.481266 1.82408 0 129.082 6.17148e-07
0.481266 1.82408 0 130.084 6.09319e-07
0.481266 1.82408 0 131.087 6.01655e-07
0.481266 1.82408 0 132.089 5.94148e-07
0.481266 1.82408 0 133.092 5.86792e-07
0.481266 1.82408 0 134.094 5.79581e-07
0.481266 1.82408 0 135.097 5.72507e-07
0.481266 1.82408 0 136.099 5.65566e-07
0.481266 1.82408 0 137.102 5.58752e-07
0.481266 1.82408 0 138.104 5.52062e-07
0.481266 1.82408 0 139.107 5.4549e-07
0.481266 1.82408 0 140.109 5.39032e-07
0.481266 1.82408 0 141.112 5.32684e-07
0.481266 1.82408 0 142.114 5.26444e-07
0.481266 1.82408 0 143.117 5.20307e-07
0.481266 1.82408 0 144.119 5.1427e-07
0.481266 1.82408 0 145.122 5.0833e-07
0.481266 1.82408 0 146.124 5.02485e-07
0.481266 1.82408 0 147.127 4.96731e-07
0.481266 1.82408 0 148.129 4.91067e-07
0.481266 1.82408 0 149.132 4.85489e-07
0.481266 1.82408 0 150.134 4.79996e-07
0.481266 1.82408 0 151.137 4.74585e-07
0.481266 1.82408 0 152.139 4.69254e-07
0.481266 1.82408 0 153.142 4.64002e-07
0.481266 1.82408 0 154.144 4.58825e-07
0.481266 1.82408 0 155.146 4.53723e-07
0.481266 1.82408 0 156.149 4.48694e-07
0.481266 1.82408 0 157.151 4.43735e-07
0.481266 1.82408 0 158.154 4.38846e-07
0.481266 1.82408 0 159.156 4.34025e-07
0.481266 1.82408 0 160.159 4.29271e-07
0.481266 1.82408 0 161.161 4.24581e-07
0.481266 1.82408 0 162.164 4.19955e-07
0.481266 1.82408 0 163.166 4.15391e-07
0.481266 1.82408 0 164.169 4.10888e-07
0.481266 1.82408 0 165.171 4.06445e-07
0.481266 1.82408 0 166.174 4.02061e-07
0.481266 1.82408 0 167.176 3.97734e-07
0.481266 1.82408 0 168.179 3.93463e-07
0.481266 1.82408 0 169.181 3.89248e-07
0.481266 1.82408 0 170.184 3.85087e-07
0.481266 1.82408 0 171.186 3.80979e-07
0.481266 1.82408 0 172.189 3.76924e-07
0.481266 1.82408 0 173.191 3.7292e-07
0.481266 1.82408 0 174.194 3.68966e-07
0.481266 1.82408 0 175.196 3.65062e-07
0.481266 1.82408 0 176.199 3.61206e-07
0.481266 1.82408 0 177.201 3.57398e-07
0.481266 1.82408 0 178.204 3.53638e-07
0.481266 1.82408 0 179.206 3.49923e-07
0.481266 1.82408 0 180.208 3.46254e-07
0.481266 1.82408 0 181.211 3.4263e-07
0.481266 1.82408 0 182.213 3.39049e-07
0.481266 1.82408 0 183.216 3.35512e-07
0.481266 1.82408 0 184.218 3.32017e-07
0.481266 1.82408 0 185.221 3.28565e-07
0.481266 1.82408 0 186.223 3.25153e-07
0.481266 1.82408 0 187.226 3.21782e-07
0.481266 1.82408 0 188.228 3.18451e-07
0.481266 1.82408 0 189.231 3.15159e-07
0.481266 1.82408 0 190.233 3.11906e-07
0.481266 1.82408 0 191.236 3.08691e-07
0.481266 1.82408 0 192.238 3.05514e-07
0.481266 1.82408 0 193.241 3.02374e-07
0.481266 1.82408 0 194.243 2.9927e-07
0.481266 1.82408 0 195.246 2.96202e-07
0.481266 1.82408 0 196.248 2.9317e-07
0.481266 1.82408 0 197.251 2.90172e-07
0.481266 1.82408 0 198.253 2.87209e-07
0.481266 1.82408 0 199.256 2.84279e-07
0.481266 1.82408 0 200.258 2.81384e-07
0.481266 1.82408 0 201.261 2.7852e-07
0.481266 1.82408 0 202.263 2.7569e-07
0.481266 1.82408 0 203.266 2.72891e-07
0.481266 1.82408 0 204.268 2.70124e-07
0.481266 1.82408 0 205.271 2.67389e-07
0.481266 1.82408 0 206.273 2.64684e-07
0.481266 1.82408 0 207.275 2.62009e-07
0.481266 1.82408 0 208.278 2.59364e-07
0.481266 1.82408 0 209.28 2.56748e-07
0.481266 1.82408 0 210.283 2.54162e-07
0.481266 1.82408 0 211.285 2.51604e-07
0.481266 1.82408 0 212.288 2.49075e-07
0.481266 1.82408 0 213.29 2.46573e-07
0.481266 1.82408 0 214.293 2.441e-07
0.481266 1.82408 0 215.295 2.41653e-07
0.481266 1.82408 0 216.298 2.39233e-07
0.481266 1.82408 0 217.3 2.3684e-07
0.481266 1.82408 0 218.303 2.34473e-07
0.481266 1.82408 0 219.305 2.32131e-07
0.481266 1.82408 0 220.308 2.29816e-07
0.481266 1.82408 0 221.31 2.27525e-07
0.481266 1.82408 0 222.313 2.25259e-07
0.481266 1.82408 0 223.315 2.23018e-07
0.481266 1.82408 0 224.318 2.20801e-07
0.481266 1.82408 0 225.32 2.18608e-07
0.481266 1.82408 0 226.323 2.16438e-07
0.481266 1.82408 0 227.325 2.14292e-07
0.481266 1.82408 0 228.328 2.12169e-07
0.481266 1.82408 0 229.33 2.10069e-07
0.481266 1.82408 0 230.333 2.07991e-07
0.481266 1.82408 0 231.335 2.05935e-07
0.481266 1.82408 0 232.338 2.03902e-07
0.481266 1.82408 0 233.34 2.0189e-07
0.481266 1.82408 0 234.342 1.99899e-07
0.481266 1.82408 0 235.345 1.97929e-07
0.481266 1.82408 0 236.347 1.95981e-07
0.481266 1.82408 0 237.35 1.94053e-07
0.481266 1.82408 0 238.352 1.92145e-07
0.481266 1.82408 0 239.355 1.90257e-07
0.481266 1.82408 0 240.357 1.8839e-07
0.481266 1.82408 0 241.36 1.86542e-07
0.481266 1.82408 0 242.362 1.84713e-07
0.481266 1.82408 0 243.365 1.82904e-07
0.481266 1.82408 0 244.367 1.81114e-07
0.481266 1.82408 0 245.37 1.79342e-07
0.481266 1.82408 0 246.372 1.77589e-07
0.481266 1.82408 0 247.375 1.75854e-07
0.481266 1.82408 0 248.377 1.74137e-07
0.481266 1.82408 0 249.38 1.72439e-07
0.481266 1.82408 0 250.382 1.70757e-07
0.481266 1.82408 0 251.385 1.69094e-07
0.481266 1.82408 0 252.387 1.67447e-07
0.481266 1.82408 0 253.39 1.65818e-07
0.481266 1.82408 0 254.392 1.64206e-07
0.481266 1.82408 0 255.395 1.6261e-07
0.481266 1.82408 0 256.397 1.61031e-07
0.481266 1.82408 0 257.4 1.59468e-07
0.481266 1.82408 0 258.402 1.57921e-07
0.481266 1.82408 0 259.405 1.5639e-07
0.481266 1.82408 0 260.407 1.54875e-07
0.481266 1.82408 0 261.409 1.53375e-07
0.481266 1.82408 0 262.412 1.51891e-07
0.481266 1.82408 0 263.414 1.50422e-07
0.481266 1.82408 0 264.417 1.48968e-07
0.481266 1.82408 0 265.419 1.47529e-07
0.481266 1.82408 0 266.422 1.46105e-07
0.481266 1.82408 0 267.424 1.44695e-07
0.481266 1.82408 0 268.427 1.433e-07
0.481266 1.82408 0 269.429 1.41919e-07
0.481266 1.82408 0 270.432 1.40552e-07
0.481266 1.82408 0 271.434 1.39198e-07
0.481266 1.82408 0 272.437 1.37859e-07
0.481266 1.82408 0 273.439 1.36533e-07
0.481266 1.82408 0 274.442 1.35221e-07
0.481266 1.82408 0 275.444 1.33922e-07
0.481266 1.82408 0 276.447 1.32636e-07
0.481266 1.82408 0 277.449 1.31363e-07
0.481266 1.82408 0 278.452 1.30103e-07
0.481266 1.82408 0 279.454 1.28856e-07
0.481266 1.82408 0 280.457 1.27621e-07
0.481266 1.82408 0 281.459 1.26399e-07
0.481266 1.82408 0 282.462 1.25189e-07
0.481266 1.82408 0 283.464 1.23992e-07
0.481266 1.82408 0 284.467 1.22806e-07
0.481266 1.82408 0 285.469 1.21632e-07
0.481266 1.82408 0 286.472 1.2047e-07
0.481266 1.82408 0 287.474 1.1932e-07
0.481266 1.82408 0 288.476 1.18182e-07
0.481266 1.82408 0 289.479 1.17054e-07
0.481266 1.82408 0 290.481 1.15938e-07
0.481266 1.82408 0 291.484 1.14833e-07
0.481266 1.82408 0 292.486 1.1374e-07
0.481266 1.82408 0 293.489 1.12657e-07
0.481266 1.82408 0 294.491 1.11585e-07
0.481266 1.82408 0 295.494 1.10523e-07
0.481266 1.82408 0 296.496 1.09473e-07
0.481266 1.82408 0 297.499 1.08432e-07
0.481266 1.82408 0 298.501 1.07402e-07
0.481266 1.82408 0 299.504 1.06383e-07
0.481266 1.82408 0 300.506 1.05373e-07
0.481266 1.82408 0 301.509 1.04374e-07
0.481266 1.82408 0 302.511 1.03384e-07
0.481266 1.82408 0 303.514 1.02404e-07
0.481266 1.82408 0 304.516 1.01434e-07
0.481266 1.82408 0 305.519 1.00474e-07
0.481266 1.82408 0 306.521 9.9523e-08
0.481266 1.82408 0 307.524 9.85815e-08
0.481266 1.82408 0 308.526 9.76493e-08
0.481266 1.82408 0 309.529 9.67263e-08
0.481266 1.82408 0 310.531 9.58125e-08
0.481266 1.82408 0 311.534 9.49076e-08
0.481266 1.82408 0 312.536 9.40117e-08
0.481266 1.82408 0 313.538 9.31246e-08
0.481266 1.82408 0 314.541 9.22463e-08
0.481266 1.82408 0 315.543 9.13766e-08
0.481266 1.82408 0 316.546 9.05154e-08
0.481266 1.82408 0 317.548 8.96628e-08
0.481266 1.82408 0 318.551 8.88185e-08
0.481266 1.82408 0 319.553 8.79825e-08
0.481266 1.82408 0 320.556 8.71547e-08
0.481266 1.82408 0 321.558 8.6335e-08
0.481266 1.82408 0 322.561 8.55234e-08
0.481266 1.82408 0 323.563 8.47197e-08
0.481266 1.82408 0 324.566 8.39239e-08
0.481266 1.82408 0 325.568 8.31359e-08
0.481266 1.82408 0 326.571 8.23556e-08
0.481266 1.82408 0 327.573 8.15829e-08
0.481266 1.82408 0 328.576 8.08177e-08
0.481266 1.82408 0 329.578 8.00601e-08
0.481266 1.82408 0 330.581 7.93098e-08
0.481266 1.82408 0 331.583 7.85669e-08
0.481266 1.82408 0 332.586 7.78312e-08
0.481266 1.82408 0 333.588 7.71026e-08
0.481266 1.82408 0 334.591 7.63812e-08
0.481266 1.82408 0 335.593 7.56668e-08
0.481266 1.82408 0 336.596 7.49593e-08
0.481266 1.82408 0 337.598 7.42587e-08
0.481266 1.82408 0 338.601 7.3565e-08
0.481266 1.82408 0 339.603 7.28779e-08
0.481266 1.82408 0 340.605 7.21976e-08
0.481266 1.82408 0 341.608 7.15238e-08
0.481266 1.82408 0 342.61 7.08566e-08
0.481266 1.82408 0 343.613 7.01958e-08
0.481266 1.82408 0 344.615 6.95414e-08
0.481266 1.82408 0 345.618 6.88934e-08
0.481266 1.82408 0 346.62 6.82516e-08
0.481266 1.82408 0 347.623 6.76161e-08
0.481266 1.82408 0 348.625 6.69867e-08
0.481266 1.82408 0 349.628 6.63634e-08
0.481266 1.82408 0 350.63 6.57461e-08
0.481266 1.82408 0 351.633 6.51347e-08
0.481266 1.82408 0 352.635 6.45293e-08
0.481266 1.82408 0 353.638 6.39297e-08
0.481266 1.82408 0 354.64 6.33359e-08
0.481266 1.82408 0 355.643 6.27478e-08
0.481266 1.82408 0 356.645 6.21653e-08
0.481266 1.82408 0 357.648 6.15885e-08
0.481266 1.82408 0 358.65 6.10172e-08
0.481266 1.82408 0 359.653 6.04515e-08
0.481266 1.82408 0 360.655 5.98911e-08
0.481266 1.82408 0 361.658 5.93362e-08
0.481266 1.82408 0 362.66 5.87865e-08
0.481266 1.82408 0 363.663 5.82422e-08
0.481266 1.82408 0 364.665 5.7703e-08
0.481266 1.82408 0 365.668 5.71691e-08
0.481266 1.82408 0 366.67 5.66403e-08
0.481266 1.82408 0 367.672 5.61165e-08
0.481266 1.82408 0 368.675 5.55977e-08
0.481266 1.82408 0 369.677 5.50839e-08
0.481266 1.82408 0 370.68 5.45751e-08
0.481266 1.82408 0 371.682 5.40711e-08
0.481266 1.82408 0 372.685 5.35719e-08
0.481266 1.82408 0 373.687 5.30775e-08
0.481266 1.82408 0 374.69 5.25878e-08
0.481266 1.82408 0 375.692 5.21028e-08
0.481266 1.82408 0 376.695 5.16224e-08
0.481266 1.82408 0 377.697 5.11466e-08
0.481266 1.82408 0 378.7 5.06753e-08
0.481266 1.82408 0 379.702 5.02085e-08
0.481266 1.82408 0 380.705 4.97462e-08
0.481266 1.82408 0 381.707 4.92883e-08
0.481266 1.82408 0 382.71 4.88347e-08
0.481266 1.82408 0 383.712 4.83855e-08
0.481266 1.82408 0 384.715 4.79405e-08
0.481266 1.82408 0 385.717 4.74998e-08
0.481266 1.82408 0 386.72 4.70632e-08
0.481266 1.82408 0 387.722 4.66308e-08
0.481266 1.82408 0 388.725 4.62025e-08
0.481266 1.82408 0 389.727 4.57783e-08
0.481266 1.82408 0 390.73 4.53581e-08
0.481266 1.82408 0 391.732 4.49419e-08
0.481266 1.82408 0 392.735 4.45296e-08
0.481266 1.82408 0 393.737 4.41212e-08
0.481266 1.82408 0 394.739 4.37167e-08
0.481266 1.82408 0 395.742 4.33161e-08
0.481266 1.82408 0 396.744 4.29192e-08
0.481266 1.82408 0 397.747 4.25261e-08
0.481266 1.82408 0 398.749 4.21367e-08
0.481266 1.82408 0 399.752 4.17509e-08
0.481266 1.82408 0 400.754 4.13689e-08
0.481266 1.82408 0 401.757 4.09904e-08
0.481266 1.82408 0 402.759 4.06155e-08
0.481266 1.82408 0 403.762 4.02442e-08
0.481266 1.82408 0 404.764 3.98763e-08
0.481266 1.82408 0 405.767 3.9512e-08
0.481266 1.82408 0 406.769 3.9151e-08
0.481266 1.82408 0 407.772 3.87935e-08
0.481266 1.82408 0 408.774 3.84393e-08
0.481266 1.82408 0 409.777 3.80885e-08
0.481266 1.82408 0 410.779 3.7741e-08
0.481266 1.82408 0 411.782 3.73967e-08
0.481266 1.82408 0 412.784 3.70557e-08
0.481266 1.82408 0 413.787 3.67179e-08
0.481266 1.82408 0 414.789 3.63832e-08
0.481266 1.82408 0 415.792 3.60518e-08
0.481266 1.82408 0 416.794 3.57234e-08
0.481266 1.82408 0 417.797 3.53981e-08
0.481266 1.82408 0 418.799 3.50759e-08
0.481266 1.82408 0 419.802 3.47566e-08
0.481266 1.82408 0 420.804 3.44404e-08
0.481266 1.82408 0 421.806 3.41272e-08
0.481266 1.82408 0 422.809 3.38168e-08
0.481266 1.82408 0 423.811 3.35094e-08
0.481266 1.82408 0 424.814 3.32049e-08
0.481266 1.82408 0 425.816 3.29032e-08
0.481266 1.82408 0 426.819 3.26044e-08
0.481266 1.82408 0 427.821 3.23083e-08
0.481266 1.82408 0 428.824 3.2015e-08
0.481266 1.82408 0 429.826 3.17245e-08
0.481266 1.82408 0 430.829 3.14367e-08
0.481266 1.82408 0 431.831 3.11515e-08
0.481266 1.82408 0 432.834 3.08691e-08
0.481266 1.82408 0 433.836 3.05892e-08
0.481266 1.82408 0 434.839 3.0312e-08
0.481266 1.82408 0 435.841 3.00374e-08
0.481266 1.82408 0 436.844 2.97653e-08
0.481266 1.82408 0 437.846 2.94957e-08
0.481266 1.82408 0 438.849 2.92287e-08
0.481266 1.82408 0 439.851 2.89642e-08
0.481266 1.82408 0 440.854 2.87021e-08
0.481266 1.82408 0 441.856 2.84425e-08
0.481266 1.82408 0 442.859 2.81853e-08
0.481266 1.82408 0 443.861 2.79304e-08
0.481266 1.82408 0 444.864 2.7678e-08
0.481266 1.82408 0 445.866 2.74279e-08
0.481266 1.82408 0 446.868 2.71801e-08
0.481266 1.82408 0 447.871 2.69346e-08
0.481266 1.82408 0 448.873 2.66914e-08
0.481266 1.82408 0 449.876 2.64505e-08
0.481266 1.82408 0 450.878 2.62118e-08
0.481266 1.82408 0 451.881 2.59753e-08
0.481266 1.82408 0 452.883 2.5741e-08
0.481266 1.82408 0 453.886 2.55089e-08
0.481266 1.82408 0 454.888 2.5279e-08
0.481266 1.82408 0 455.891 2.50511e-08
0.481266 1.82408 0 456.893 2.48254e-08
0.481266 1.82408 0 457.896 2.46018e-08
0.481266 1.82408 0 458.898 2.43802e-08
0.481266 1.82408 0 459.901 2.41607e-08
0.481266 1.82408 0 460.903 2.39432e-08
0.481266 1.82408 0 461.906 2.37278e-08
0.481266 1.82408 0 462.908 2.35143e-08
0.481266 1.82408 0 463.911 2.33028e-08
0.481266 1.82408 0 464.913 2.30933e-08
0.481266 1.82408 0 465.916 2.28857e-08
0.481266 1.82408 0 466.918 2.268e-08
0.481266 1.82408 0 467.921 2.24762e-08
0.481266 1.82408 0 468.923 2.22743e-08
0.481266 1.82408 0 469.926 2.20743e-08
0.481266 1.82408 0 470.928 2.18761e-08
0.481266 1.82408 0 471.931 2.16797e-08
0.481266 1.82408 0 472.933 2.14851e-08
0.481266 1.82408 0 473.935 2.12924e-08
0.481266 1.82408 0 474.938 2.11014e-08
0.481266 1.82408 0 475.94 2.09122e-08
0.481266 1.82408 0 476.943 2.07247e-08
0.481266 1.82408 0 477.945 2.05389e-08
0.481266 1.82408 0 478.948 2.03549e-08
0.481266 1.82408 0 479.95 2.01725e-08
0.481266 1.82408 0 480.953 1.99918e-08
0.481266 1.82408 0 481.955 1.98128e-08
0.481266 1.82408 0 482.958 1.96354e-08
0.481266 1.82408 0 483.96 1.94597e-08
0.481266 1.82408 0 484.963 1.92856e-08
0.481266 1.82408 0 485.965 1.9113e-08
0.481266 1.82408 0 486.968 1.89421e-08
0.481266 1.82408 0 487.97 1.87727e-08
0.481266 1.82408 0 488.973 1.86049e-08
0.481266 1.82408 0 489.975 1.84386e-08
0.481266 1.82408 0 490.978 1.82739e-08
0.481266 1.82408 0 491.98 1.81106e-08
0.481266 1.82408 0 492.983 1.79489e-08
0.481266 1.82408 0 493.985 1.77886e-08
0.481266 1.82408 0 494.988 1.76298e-08
0.481266 1.82408 0 495.99 1.74725e-08
0.481266 1.82408 0 496.993 1.73166e-08
0.481266 1.82408 0 497.995 1.71621e-08
0.481266 1.82408 0 498.998 1.7009e-08
0.481266 1.82408 0 500 1.68574e-08
