4.03038 1.4382 0 100.01 1.41486e-05
4.03038 1.4382 0 101.012 2.38833e-05
4.03038 1.4382 0 102.015 2.14102e-05
4.03038 1.4382 0 103.017 1.88084e-05
4.03038 1.4382 0 104.02 1.67241e-05
4.03038 1.4382 0 105.022 1.50102e-05
4.03038 1.4382 0 106.025 1.35655e-05
4.03038 1.4382 0 107.027 1.23266e-05
4.03038 1.4382 0 108.03 1.12505e-05
4.03038 1.4382 0 109.032 1.03065e-05
4.03038 1.4382 0 110.035 9.47168e-06
4.03038 1.4382 0 111.037 8.7285e-06
4.03038 1.4382 0 112.04 8.06312e-06
4.03038 1.4382 0 113.042 7.46444e-06
4.03038 1.4382 0 114.045 6.92347e-06
4.03038 1.4382 0 115.047 6.43278e-06
4.03038 1.4382 0 116.05 5.9862e-06
4.03038 1.4382 0 117.052 5.57853e-06
4.03038 1.4382 0 118.055 5.20535e-06
4.03038 1.4382 0 119.057 4.86291e-06
4.03038 1.4382 0 120.06 4.54797e-06
4.03038 1.4382 0 121.062 4.25771e-06
4.03038 1.4382 0 122.065 3.9897e-06
4.03038 1.4382 0 123.067 3.74181e-06
4.03038 1.4382 0 124.07 3.51214e-06
4.03038 1.4382 0 125.072 3.29906e-06
4.03038 1.4382 0 126.075 3.10108e-06
4.03038 1.4382 0 127.077 2.91691e-06
4.03038 1.4382 0 128.079 2.74537e-06
4.03038 1.4382 0 129.082 2.58542e-06
4.03038 1.4382 0 130.084 2.43612e-06
4.03038 1.4382 0 131.087 2.29662e-06
4.03038 1.4382 0 132.089 2.16618e-06
4.03038 1.4382 0 133.092 2.04408e-06
4.03038 1.4382 0 134.094 1.92971e-06
4.03038 1.4382 0 135.097 1.82249e-06
4.03038 1.4382 0 136.099 1.72191e-06
4.03038 1.4382 0 137.102 1.62748e-06
4.03038 1.4382 0 138.104 1.53879e-06
4.03038 1.4382 0 139.107 1.45542e-06
4.03038 1.4382 0 140.109 1.37701e-06
4.03038 1.4382 0 141.112 1.30323e-06
4.03038 1.4382 0 142.114 1.23377e-06
4.03038 1.4382 0 143.117 1.16833e-06
4.03038 1.4382 0 144.119 1.10667e-06
4.03038 1.4382 0 145.122 1.04854e-06
4.03038 1.4382 0 146.124 9.93704e-07
4.03038 1.4382 0 147.127 9.41962e-07
4.03038 1.4382 0 148.129 8.93119e-07
4.03038 1.4382 0 149.132 8.46996e-07
4.03038 1.4382 0 150.134 8.03424e-07
4.03038 1.4382 0 151.137 7.62249e-07
4.03038 1.4382 0 152.139 7.23326e-07
4.03038 1.4382 0 153.142 6.86521e-07
4.03038 1.4382 0 154.144 6.51708e-07
4.03038 1.4382 0 155.146 6.18769e-07
4.03038 1.4382 0 156.149 5.87595e-07
4.03038 1.4382 0 157.151 5.58083e-07
4.03038 1.4382 0 158.154 5.30137e-07
4.03038 1.4382 0 159.156 5.03669e-07
4.03038 1.4382 0 160.159 4.78592e-07
4.03038 1.4382 0 161.161 4.5483e-07
4.03038 1.4382 0 162.164 4.32308e-07
4.03038 1.4382 0 163.166 4.10957e-07
4.03038 1.4382 0 164.169 3.90711e-07
4.03038 1.4382 0 165.171 3.7151e-07
4.03038 1.4382 0 166.174 3.53296e-07
4.03038 1.4382 0 167.176 3.36015e-07
4.03038 1.4382 0 168.179 3.19616e-07
4.03038 1.4382 0 169.181 3.04053e-07
4.03038 1.4382 0 170.184 2.89278e-07
4.03038 1.4382 0 171.186 2.75251e-07
4.03038 1.4382 0 172.189 2.61932e-07
4.03038 1.4382 0 173.191 2.49282e-07
4.03038 1.4382 0 174.194 2.37266e-07
4.03038 1.4382 0 175.196 2.25851e-07
4.03038 1.4382 0 176.199 2.15005e-07
4.03038 1.4382 0 177.201 2.04699e-07
4.03038 1.4382 0 178.204 1.94904e-07
4.03038 1.4382 0 179.206 1.85593e-07
4.03038 1.4382 0 180.208 1.76742e-07
4.03038 1.4382 0 181.211 1.68327e-07
4.03038 1.4382 0 182.213 1.60326e-07
4.03038 1.4382 0 183.216 1.52717e-07
4.03038 1.4382 0 184.218 1.4548e-07
4.03038 1.4382 0 185.221 1.38596e-07
4.03038 1.4382 0 186.223 1.32048e-07
4.03038 1.4382 0 187.226 1.25818e-07
4.03038 1.4382 0 188.228 1.1989e-07
4.03038 1.4382 0 189.231 1.14249e-07
4.03038 1.4382 0 190.233 1.08881e-07
4.03038 1.4382 0 191.236 1.03772e-07
4.03038 1.4382 0 192.238 9.8909e-08
4.03038 1.4382 0 193.241 9.42797e-08
4.03038 1.4382 0 194.243 8.98725e-08
4.03038 1.4382 0 195.246 8.56764e-08
4.03038 1.4382 0 196.248 8.16809e-08
4.03038 1.4382 0 197.251 7.78763e-08
4.03038 1.4382 0 198.253 7.4253e-08
4.03038 1.4382 0 199.256 7.08022e-08
4.03038 1.4382 0 200.258 6.75153e-08
4.03038 1.4382 0 201.261 6.43845e-08
4.03038 1.4382 0 202.263 6.1402e-08
4.03038 1.4382 0 203.266 5.85606e-08
4.03038 1.4382 0 204.268 5.58535e-08
4.03038 1.4382 0 205.271 5.32741e-08
4.03038 1.4382 0 206.273 5.08163e-08
4.03038 1.4382 0 207.275 4.84741e-08
4.03038 1.4382 0 208.278 4.6242e-08
4.03038 1.4382 0 209.28 4.41147e-08
4.03038 1.4382 0 210.283 4.20871e-08
4.03038 1.4382 0 211.285 4.01544e-08
4.03038 1.4382 0 212.288 3.83121e-08
4.03038 1.4382 0 213.29 3.65559e-08
4.03038 1.4382 0 214.293 3.48816e-08
4.03038 1.4382 0 215.295 3.32854e-08
4.03038 1.4382 0 216.298 3.17635e-08
4.03038 1.4382 0 217.3 3.03123e-08
4.03038 1.4382 0 218.303 2.89286e-08
4.03038 1.4382 0 219.305 2.7609e-08
4.03038 1.4382 0 220.308 2.63506e-08
4.03038 1.4382 0 221.31 2.51505e-08
4.03038 1.4382 0 222.313 2.4006e-08
4.03038 1.4382 0 223.315 2.29143e-08
4.03038 1.4382 0 224.318 2.1873e-08
4.03038 1.4382 0 225.32 2.08798e-08
4.03038 1.4382 0 226.323 1.99323e-08
4.03038 1.4382 0 227.325 1.90284e-08
4.03038 1.4382 0 228.328 1.81662e-08
4.03038 1.4382 0 229.33 1.73435e-08
4.03038 1.4382 0 230.333 1.65587e-08
4.03038 1.4382 0 231.335 1.58098e-08
4.03038 1.4382 0 232.338 1.50953e-08
4.03038 1.4382 0 233.34 1.44135e-08
4.03038 1.4382 0 234.342 1.37629e-08
4.03038 1.4382 0 235.345 1.3142e-08
4.03038 1.4382 0 236.347 1.25496e-08
4.03038 1.4382 0 237.35 1.19841e-08
4.03038 1.4382 0 238.352 1.14445e-08
4.03038 1.4382 0 239.355 1.09295e-08
4.03038 1.4382 0 240.357 1.04379e-08
4.03038 1.4382 0 241.36 9.9687e-09
4.03038 1.4382 0 242.362 9.52085e-09
4.03038 1.4382 0 243.365 9.09336e-09
4.03038 1.4382 0 244.367 8.68528e-09
4.03038 1.4382 0 245.37 8.29572e-09
4.03038 1.4382 0 246.372 7.92384e-09
4.03038 1.4382 0 247.375 7.56881e-09
4.03038 1.4382 0 248.377 7.22986e-09
4.03038 1.4382 0 249.38 6.90626e-09
4.03038 1.4382 0 250.382 6.59729e-09
4.03038 1.4382 0 251.385 6.3023e-09
4.03038 1.4382 0 252.387 6.02064e-09
4.03038 1.4382 0 253.39 5.75169e-09
4.03038 1.4382 0 254.392 5.49488e-09
4.03038 1.4382 0 255.395 5.24965e-09
4.03038 1.4382 0 256.397 5.01548e-09
4.03038 1.4382 0 257.4 4.79185e-09
4.03038 1.4382 0 258.402 4.57829e-09
4.03038 1.4382 0 259.405 4.37434e-09
4.03038 1.4382 0 260.407 4.17957e-09
4.03038 1.4382 0 261.409 3.99354e-09
4.03038 1.4382 0 262.412 3.81588e-09
4.03038 1.4382 0 263.414 3.64619e-09
4.03038 1.4382 0 264.417 3.48411e-09
4.03038 1.4382 0 265.419 3.32931e-09
4.03038 1.4382 0 266.422 3.18144e-09
4.03038 1.4382 0 267.424 3.0402e-09
4.03038 1.4382 0 268.427 2.90528e-09
4.03038 1.4382 0 269.429 2.7764e-09
4.03038 1.4382 0 270.432 2.65329e-09
4.03038 1.4382 0 271.434 2.53568e-09
4.03038 1.4382 0 272.437 2.42333e-09
4.03038 1.4382 0 273.439 2.31599e-09
4.03038 1.4382 0 274.442 2.21345e-09
4.03038 1.4382 0 275.444 2.11549e-09
4.03038 1.4382 0 276.447 2.02189e-09
4.03038 1.4382 0 277.449 1.93247e-09
4.03038 1.4382 0 278.452 1.84704e-09
4.03038 1.4382 0 279.454 1.76541e-09
4.03038 1.4382 0 280.457 1.68741e-09
4.03038 1.4382 0 281.459 1.61289e-09
4.03038 1.4382 0 282.462 1.54168e-09
4.03038 1.4382 0 283.464 1.47364e-09
4.03038 1.4382 0 284.467 1.40862e-09
4.03038 1.4382 0 285.469 1.3465e-09
4.03038 1.4382 0 286.472 1.28713e-09
4.03038 1.4382 0 287.474 1.2304e-09
4.03038 1.4382 0 288.476 1.17619e-09
4.03038 1.4382 0 289.479 1.12438e-09
4.03038 1.4382 0 290.481 1.07487e-09
4.03038 1.4382 0 291.484 1.02755e-09
4.03038 1.4382 0 292.486 9.82333e-10
4.03038 1.4382 0 293.489 9.39117e-10
4.03038 1.4382 0 294.491 8.97815e-10
4.03038 1.4382 0 295.494 8.58341e-10
4.03038 1.4382 0 296.496 8.20613e-10
4.03038 1.4382 0 297.499 7.84555e-10
4.03038 1.4382 0 298.501 7.50091e-10
4.03038 1.4382 0 299.504 7.1715e-10
4.03038 1.4382 0 300.506 6.85665e-10
4.03038 1.4382 0 301.509 6.5557e-10
4.03038 1.4382 0 302.511 6.26805e-10
4.03038 1.4382 0 303.514 5.99309e-10
4.03038 1.4382 0 304.516 5.73026e-10
4.03038 1.4382 0 305.519 5.47903e-10
4.03038 1.4382 0 306.521 5.23888e-10
4.03038 1.4382 0 307.524 5.00932e-10
4.03038 1.4382 0 308.526 4.78987e-10
4.03038 1.4382 0 309.529 4.58009e-10
4.03038 1.4382 0 310.531 4.37954e-10
4.03038 1.4382 0 311.534 4.18783e-10
4.03038 1.4382 0 312.536 4.00456e-10
4.03038 1.4382 0 313.538 3.82935e-10
4.03038 1.4382 0 314.541 3.66185e-10
4.03038 1.4382 0 315.543 3.50171e-10
4.03038 1.4382 0 316.546 3.34861e-10
4.03038 1.4382 0 317.548 3.20225e-10
4.03038 1.4382 0 318.551 3.06231e-10
4.03038 1.4382 0 319.553 2.92852e-10
4.03038 1.4382 0 320.556 2.8006e-10
4.03038 1.4382 0 321.558 2.6783e-10
4.03038 1.4382 0 322.561 2.56137e-10
4.03038 1.4382 0 323.563 2.44957e-10
4.03038 1.4382 0 324.566 2.34267e-10
4.03038 1.4382 0 325.568 2.24046e-10
4.03038 1.4382 0 326.571 2.14273e-10
4.03038 1.4382 0 327.573 2.04929e-10
4.03038 1.4382 0 328.576 1.95994e-10
4.03038 1.4382 0 329.578 1.8745e-10
4.03038 1.4382 0 330.581 1.7928e-10
4.03038 1.4382 0 331.583 1.71469e-10
4.03038 1.4382 0 332.586 1.63999e-10
4.03038 1.4382 0 333.588 1.56856e-10
4.03038 1.4382 0 334.591 1.50025e-10
4.03038 1.4382 0 335.593 1.43493e-10
4.03038 1.4382 0 336.596 1.37247e-10
4.03038 1.4382 0 337.598 1.31274e-10
4.03038 1.4382 0 338.601 1.25562e-10
4.03038 1.4382 0 339.603 1.201e-10
4.03038 1.4382 0 340.605 1.14876e-10
4.03038 1.4382 0 341.608 1.09881e-10
4.03038 1.4382 0 342.61 1.05104e-10
4.03038 1.4382 0 343.613 1.00535e-10
4.03038 1.4382 0 344.615 9.61654e-11
4.03038 1.4382 0 345.618 9.19867e-11
4.03038 1.4382 0 346.62 8.79904e-11
4.03038 1.4382 0 347.623 8.41683e-11
4.03038 1.4382 0 348.625 8.05129e-11
4.03038 1.4382 0 349.628 7.70169e-11
4.03038 1.4382 0 350.63 7.36734e-11
4.03038 1.4382 0 351.633 7.04755e-11
4.03038 1.4382 0 352.635 6.7417e-11
4.03038 1.4382 0 353.638 6.44917e-11
4.03038 1.4382 0 354.64 6.16938e-11
4.03038 1.4382 0 355.643 5.90178e-11
4.03038 1.4382 0 356.645 5.64583e-11
4.03038 1.4382 0 357.648 5.40101e-11
4.03038 1.4382 0 358.65 5.16686e-11
4.03038 1.4382 0 359.653 4.94289e-11
4.03038 1.4382 0 360.655 4.72867e-11
4.03038 1.4382 0 361.658 4.52376e-11
4.03038 1.4382 0 362.66 4.32777e-11
4.03038 1.4382 0 363.663 4.14029e-11
4.03038 1.4382 0 364.665 3.96097e-11
4.03038 1.4382 0 365.668 3.78944e-11
4.03038 1.4382 0 366.67 3.62536e-11
4.03038 1.4382 0 367.672 3.46841e-11
4.03038 1.4382 0 368.675 3.31828e-11
4.03038 1.4382 0 369.677 3.17467e-11
4.03038 1.4382 0 370.68 3.0373e-11
4.03038 1.4382 0 371.682 2.90589e-11
4.03038 1.4382 0 372.685 2.78018e-11
4.03038 1.4382 0 373.687 2.65993e-11
4.03038 1.4382 0 374.69 2.5449e-11
4.03038 1.4382 0 375.692 2.43486e-11
4.03038 1.4382 0 376.695 2.32959e-11
4.03038 1.4382 0 377.697 2.22889e-11
4.03038 1.4382 0 378.7 2.13256e-11
4.03038 1.4382 0 379.702 2.0404e-11
4.03038 1.4382 0 380.705 1.95223e-11
4.03038 1.4382 0 381.707 1.86789e-11
4.03038 1.4382 0 382.71 1.7872e-11
4.03038 1.4382 0 383.712 1.71001e-11
4.03038 1.4382 0 384.715 1.63616e-11
4.03038 1.4382 0 385.717 1.56552e-11
4.03038 1.4382 0 386.72 1.49793e-11
4.03038 1.4382 0 387.722 1.43326e-11
4.03038 1.4382 0 388.725 1.3714e-11
4.03038 1.4382 0 389.727 1.31222e-11
4.03038 1.4382 0 390.73 1.25559e-11
4.03038 1.4382 0 391.732 1.20142e-11
4.03038 1.4382 0 392.735 1.14959e-11
4.03038 1.4382 0 393.737 1.1e-11
4.03038 1.4382 0 394.739 1.05256e-11
4.03038 1.4382 0 395.742 1.00717e-11
4.03038 1.4382 0 396.744 9.63742e-12
4.03038 1.4382 0 397.747 9.22192e-12
4.03038 1.4382 0 398.749 8.82438e-12
4.03038 1.4382 0 399.752 8.44403e-12
4.03038 1.4382 0 400.754 8.08011e-12
4.03038 1.4382 0 401.757 7.73192e-12
4.03038 1.4382 0 402.759 7.39878e-12
4.03038 1.4382 0 403.762 7.08002e-12
4.03038 1.4382 0 404.764 6.77504e-12
4.03038 1.4382 0 405.767 6.48322e-12
4.03038 1.4382 0 406.769 6.20401e-12
4.03038 1.4382 0 407.772 5.93685e-12
4.03038 1.4382 0 408.774 5.68123e-12
4.03038 1.4382 0 409.777 5.43664e-12
4.03038 1.4382 0 410.779 5.2026e-12
4.03038 1.4382 0 411.782 4.97867e-12
4.03038 1.4382 0 412.784 4.7644e-12
4.03038 1.4382 0 413.787 4.55937e-12
4.03038 1.4382 0 414.789 4.36319e-12
4.03038 1.4382 0 415.792 4.17547e-12
4.03038 1.4382 0 416.794 3.99584e-12
4.03038 1.4382 0 417.797 3.82396e-12
4.03038 1.4382 0 418.799 3.65949e-12
4.03038 1.4382 0 419.802 3.50211e-12
4.03038 1.4382 0 420.804 3.35152e-12
4.03038 1.4382 0 421.806 3.20741e-12
4.03038 1.4382 0 422.809 3.06952e-12
4.03038 1.4382 0 423.811 2.93757e-12
4.03038 1.4382 0 424.814 2.8113e-12
4.03038 1.4382 0 425.816 2.69048e-12
4.03038 1.4382 0 426.819 2.57485e-12
4.03038 1.4382 0 427.821 2.46421e-12
4.03038 1.4382 0 428.824 2.35833e-12
4.03038 1.4382 0 429.826 2.25701e-12
4.03038 1.4382 0 430.829 2.16006e-12
4.03038 1.4382 0 431.831 2.06728e-12
4.03038 1.4382 0 432.834 1.97849e-12
4.03038 1.4382 0 433.836 1.89352e-12
4.03038 1.4382 0 434.839 1.81221e-12
4.03038 1.4382 0 435.841 1.7344e-12
4.03038 1.4382 0 436.844 1.65994e-12
4.03038 1.4382 0 437.846 1.58868e-12
4.03038 1.4382 0 438.849 1.52048e-12
4.03038 1.4382 0 439.851 1.45522e-12
4.03038 1.4382 0 440.854 1.39277e-12
4.03038 1.4382 0 441.856 1.333e-12
4.03038 1.4382 0 442.859 1.2758e-12
4.03038 1.4382 0 443.861 1.22106e-12
4.03038 1.4382 0 444.864 1.16867e-12
4.03038 1.4382 0 445.866 1.11854e-12
4.03038 1.4382 0 446.868 1.07056e-12
4.03038 1.4382 0 447.871 1.02464e-12
4.03038 1.4382 0 448.873 9.80701e-13
4.03038 1.4382 0 449.876 9.38645e-13
4.03038 1.4382 0 450.878 8.98397e-13
4.03038 1.4382 0 451.881 8.59877e-13
4.03038 1.4382 0 452.883 8.23013e-13
4.03038 1.4382 0 453.886 7.87731e-13
4.03038 1.4382 0 454.888 7.53965e-13
4.03038 1.4382 0 455.891 7.21649e-13
4.03038 1.4382 0 456.893 6.90721e-13
4.03038 1.4382 0 457.896 6.6112e-13
4.03038 1.4382 0 458.898 6.32791e-13
4.03038 1.4382 0 459.901 6.05677e-13
4.03038 1.4382 0 460.903 5.79728e-13
4.03038 1.4382 0 461.906 5.54892e-13
4.03038 1.4382 0 462.908 5.31122e-13
4.03038 1.4382 0 463.911 5.08372e-13
4.03038 1.4382 0 464.913 4.86598e-13
4.03038 1.4382 0 465.916 4.65759e-13
4.03038 1.4382 0 466.918 4.45813e-13
4.03038 1.4382 0 467.921 4.26723e-13
4.03038 1.4382 0 468.923 4.08452e-13
4.03038 1.4382 0 469.926 3.90965e-13
4.03038 1.4382 0 470.928 3.74227e-13
4.03038 1.4382 0 471.931 3.58207e-13
4.03038 1.4382 0 472.933 3.42875e-13
4.03038 1.4382 0 473.935 3.28199e-13
4.03038 1.4382 0 474.938 3.14153e-13
4.03038 1.4382 0 475.94 3.00709e-13
4.03038 1.4382 0 476.943 2.87841e-13
4.03038 1.4382 0 477.945 2.75525e-13
4.03038 1.4382 0 478.948 2.63736e-13
4.03038 1.4382 0 479.95 2.52453e-13
4.03038 1.4382 0 480.953 2.41653e-13
4.03038 1.4382 0 481.955 2.31316e-13
4.03038 1.4382 0 482.958 2.21422e-13
4.03038 1.4382 0 483.96 2.11952e-13
4.03038 1.4382 0 484.963 2.02887e-13
4.03038 1.4382 0 485.965 1.94211e-13
4.03038 1.4382 0 486.968 1.85906e-13
4.03038 1.4382 0 487.97 1.77957e-13
4.03038 1.4382 0 488.973 1.70349e-13
4.03038 1.4382 0 489.975 1.63066e-13
4.03038 1.4382 0 490.978 1.56095e-13
4.03038 1.4382 0 491.98 1.49422e-13
4.03038 1.4382 0 492.983 1.43035e-13
4.03038 1.4382 0 493.985 1.36922e-13
4.03038 1.4382 0 494.988 1.3107e-13
4.03038 1.4382 0 495.99 1.25469e-13
4.03038 1.4382 0 496.993 1.20107e-13
4.03038 1.4382 0 497.995 1.14975e-13
4.03038 1.4382 0 498.998 1.10062e-13
4.03038 1.4382 0 500 1.0536e-13

