0.661645 1.4382 0 150.015 3.90455e-05
0.661645 1.4382 0 151.017 7.16559e-05
0.661645 1.4382 0 152.02 7.50471e-05
0.661645 1.4382 0 153.022 7.45511e-05
0.661645 1.4382 0 154.025 7.3802e-05
0.661645 1.4382 0 155.027 7.30471e-05
0.661645 1.4382 0 156.03 7.23011e-05
0.661645 1.4382 0 157.032 7.15644e-05
0.661645 1.4382 0 158.035 7.08364e-05
0.661645 1.4382 0 159.037 7.01167e-05
0.661645 1.4382 0 160.04 6.94052e-05
0.661645 1.4382 0 161.042 6.87015e-05
0.661645 1.4382 0 162.045 6.80055e-05
0.661645 1.4382 0 163.047 6.73171e-05
0.661645 1.4382 0 164.05 6.66361e-05
0.661645 1.4382 0 165.052 6.59625e-05
0.661645 1.4382 0 166.054 6.52959e-05
0.661645 1.4382 0 167.057 6.46365e-05
0.661645 1.4382 0 168.059 6.3984e-05
0.661645 1.4382 0 169.062 6.33385e-05
0.661645 1.4382 0 170.064 6.26997e-05
0.661645 1.4382 0 171.067 6.20676e-05
0.661645 1.4382 0 172.069 6.14422e-05
0.661645 1.4382 0 173.072 6.08233e-05
0.661645 1.4382 0 174.074 6.02108e-05
0.661645 1.4382 0 175.077 5.96048e-05
0.661645 1.4382 0 176.079 5.90051e-05
0.661645 1.4382 0 177.082 5.84116e-05
0.661645 1.4382 0 178.084 5.78243e-05
0.661645 1.4382 0 179.087 5.72431e-05
0.661645 1.4382 0 180.089 5.66679e-05
0.661645 1.4382 0 181.092 5.60987e-05
0.661645 1.4382 0 182.094 5.55354e-05
0.661645 1.4382 0 183.096 5.4978e-05
0.661645 1.4382 0 184.099 5.44263e-05
0.661645 1.4382 0 185.101 5.38803e-05
0.661645 1.4382 0 186.104 5.334e-05
0.661645 1.4382 0 187.106 5.28052e-05
0.661645 1.4382 0 188.109 5.2276e-05
0.661645 1.4382 0 189.111 5.17523e-05
0.661645 1.4382 0 190.114 5.12339e-05
0.661645 1.4382 0 191.116 5.0721e-05
0.661645 1.4382 0 192.119 5.02133e-05
0.661645 1.4382 0 193.121 4.97108e-05
0.661645 1.4382 0 194.124 4.92135e-05
0.661645 1.4382 0 195.126 4.87214e-05
0.661645 1.4382 0 196.129 4.82343e-05
0.661645 1.4382 0 197.131 4.77522e-05
0.661645 1.4382 0 198.133 4.72751e-05
0.661645 1.4382 0 199.136 4.68029e-05
0.661645 1.4382 0 200.138 4.63356e-05
0.661645 1.4382 0 201.141 4.5873e-05
0.661645 1.4382 0 202.143 4.54153e-05
0.661645 1.4382 0 203.146 4.49622e-05
0.661645 1.4382 0 204.148 4.45138e-05
0.661645 1.4382 0 205.151 4.407e-05
0.661645 1.4382 0 206.153 4.36307e-05
0.661645 1.4382 0 207.156 4.3196e-05
0.661645 1.4382 0 208.158 4.27657e-05
0.661645 1.4382 0 209.161 4.23399e-05
0.661645 1.4382 0 210.163 4.19184e-05
0.661645 1.4382 0 211.166 4.15013e-05
0.661645 1.4382 0 212.168 4.10884e-05
0.661645 1.4382 0 213.171 4.06797e-05
0.661645 1.4382 0 214.173 4.02753e-05
0.661645 1.4382 0 215.175 3.9875e-05
0.661645 1.4382 0 216.178 3.94788e-05
0.661645 1.4382 0 217.18 3.90866e-05
0.661645 1.4382 0 218.183 3.86985e-05
0.661645 1.4382 0 219.185 3.83144e-05
0.661645 1.4382 0 220.188 3.79341e-05
0.661645 1.4382 0 221.19 3.75578e-05
0.661645 1.4382 0 222.193 3.71853e-05
0.661645 1.4382 0 223.195 3.68167e-05
0.661645 1.4382 0 224.198 3.64518e-05
0.661645 1.4382 0 225.2 3.60906e-05
0.661645 1.4382 0 226.203 3.57332e-05
0.661645 1.4382 0 227.205 3.53794e-05
0.661645 1.4382 0 228.208 3.50292e-05
0.661645 1.4382 0 229.21 3.46826e-05
0.661645 1.4382 0 230.212 3.43395e-05
0.661645 1.4382 0 231.215 3.39999e-05
0.661645 1.4382 0 232.217 3.36638e-05
0.661645 1.4382 0 233.22 3.33312e-05
0.661645 1.4382 0 234.222 3.30019e-05
0.661645 1.4382 0 235.225 3.2676e-05
0.661645 1.4382 0 236.227 3.23534e-05
0.661645 1.4382 0 237.23 3.20341e-05
0.661645 1.4382 0 238.232 3.17181e-05
0.661645 1.4382 0 239.235 3.14052e-05
0.661645 1.4382 0 240.237 3.10956e-05
0.661645 1.4382 0 241.24 3.07892e-05
0.661645 1.4382 0 242.242 3.04858e-05
0.661645 1.4382 0 243.245 3.01856e-05
0.661645 1.4382 0 244.247 2.98884e-05
0.661645 1.4382 0 245.25 2.95942e-05
0.661645 1.4382 0 246.252 2.9303e-05
0.661645 1.4382 0 247.254 2.90148e-05
0.661645 1.4382 0 248.257 2.87295e-05
0.661645 1.4382 0 249.259 2.84472e-05
0.661645 1.4382 0 250.262 2.81677e-05
0.661645 1.4382 0 251.264 2.7891e-05
0.661645 1.4382 0 252.267 2.76172e-05
0.661645 1.4382 0 253.269 2.73461e-05
0.661645 1.4382 0 254.272 2.70778e-05
0.661645 1.4382 0 255.274 2.68122e-05
0.661645 1.4382 0 256.277 2.65493e-05
0.661645 1.4382 0 257.279 2.62891e-05
0.661645 1.4382 0 258.282 2.60316e-05
0.661645 1.4382 0 259.284 2.57766e-05
0.661645 1.4382 0 260.287 2.55242e-05
0.661645 1.4382 0 261.289 2.52744e-05
0.661645 1.4382 0 262.291 2.50272e-05
0.661645 1.4382 0 263.294 2.47824e-05
0.661645 1.4382 0 264.296 2.45401e-05
0.661645 1.4382 0 265.299 2.43003e-05
0.661645 1.4382 0 266.301 2.40629e-05
0.661645 1.4382 0 267.304 2.38279e-05
0.661645 1.4382 0 268.306 2.35953e-05
0.661645 1.4382 0 269.309 2.3365e-05
0.661645 1.4382 0 270.311 2.31371e-05
0.661645 1.4382 0 271.314 2.29115e-05
0.661645 1.4382 0 272.316 2.26882e-05
0.661645 1.4382 0 273.319 2.24671e-05
0.661645 1.4382 0 274.321 2.22483e-05
0.661645 1.4382 0 275.324 2.20316e-05
0.661645 1.4382 0 276.326 2.18172e-05
0.661645 1.4382 0 277.329 2.16049e-05
0.661645 1.4382 0 278.331 2.13948e-05
0.661645 1.4382 0 279.333 2.11868e-05
0.661645 1.4382 0 280.336 2.09809e-05
0.661645 1.4382 0 281.338 2.07771e-05
0.661645 1.4382 0 282.341 2.05753e-05
0.661645 1.4382 0 283.343 2.03755e-05
0.661645 1.4382 0 284.346 2.01778e-05
0.661645 1.4382 0 285.348 1.99821e-05
0.661645 1.4382 0 286.351 1.97883e-05
0.661645 1.4382 0 287.353 1.95965e-05
0.661645 1.4382 0 288.356 1.94067e-05
0.661645 1.4382 0 289.358 1.92187e-05
0.661645 1.4382 0 290.361 1.90326e-05
0.661645 1.4382 0 291.363 1.88485e-05
0.661645 1.4382 0 292.366 1.86661e-05
0.661645 1.4382 0 293.368 1.84856e-05
0.661645 1.4382 0 294.37 1.83069e-05
0.661645 1.4382 0 295.373 1.813e-05
0.661645 1.4382 0 296.375 1.79549e-05
0.661645 1.4382 0 297.378 1.77815e-05
0.661645 1.4382 0 298.38 1.76099e-05
0.661645 1.4382 0 299.383 1.744e-05
0.661645 1.4382 0 300.385 1.72718e-05
0.661645 1.4382 0 301.388 1.71053e-05
0.661645 1.4382 0 302.39 1.69405e-05
0.661645 1.4382 0 303.393 1.67773e-05
0.661645 1.4382 0 304.395 1.66158e-05
0.661645 1.4382 0 305.398 1.64558e-05
0.661645 1.4382 0 306.4 1.62975e-05
0.661645 1.4382 0 307.403 1.61408e-05
0.661645 1.4382 0 308.405 1.59856e-05
0.661645 1.4382 0 309.408 1.5832e-05
0.661645 1.4382 0 310.41 1.56799e-05
0.661645 1.4382 0 311.412 1.55293e-05
0.661645 1.4382 0 312.415 1.53803e-05
0.661645 1.4382 0 313.417 1.52327e-05
0.661645 1.4382 0 314.42 1.50866e-05
0.661645 1.4382 0 315.422 1.4942e-05
0.661645 1.4382 0 316.425 1.47988e-05
0.661645 1.4382 0 317.427 1.4657e-05
0.661645 1.4382 0 318.43 1.45167e-05
0.661645 1.4382 0 319.432 1.43778e-05
0.661645 1.4382 0 320.435 1.42402e-05
0.661645 1.4382 0 321.437 1.4104e-05
0.661645 1.4382 0 322.44 1.39692e-05
0.661645 1.4382 0 323.442 1.38357e-05
0.661645 1.4382 0 324.445 1.37035e-05
0.661645 1.4382 0 325.447 1.35727e-05
0.661645 1.4382 0 326.449 1.34431e-05
0.661645 1.4382 0 327.452 1.33149e-05
0.661645 1.4382 0 328.454 1.31879e-05
0.661645 1.4382 0 329.457 1.30622e-05
0.661645 1.4382 0 330.459 1.29377e-05
0.661645 1.4382 0 331.462 1.28145e-05
0.661645 1.4382 0 332.464 1.26924e-05
0.661645 1.4382 0 333.467 1.25716e-05
0.661645 1.4382 0 334.469 1.2452e-05
0.661645 1.4382 0 335.472 1.23336e-05
0.661645 1.4382 0 336.474 1.22164e-05
0.661645 1.4382 0 337.477 1.21003e-05
0.661645 1.4382 0 338.479 1.19854e-05
0.661645 1.4382 0 339.482 1.18716e-05
0.661645 1.4382 0 340.484 1.17589e-05
0.661645 1.4382 0 341.487 1.16474e-05
0.661645 1.4382 0 342.489 1.15369e-05
0.661645 1.4382 0 343.491 1.14275e-05
0.661645 1.4382 0 344.494 1.13193e-05
0.661645 1.4382 0 345.496 1.12121e-05
0.661645 1.4382 0 346.499 1.11059e-05
0.661645 1.4382 0 347.501 1.10008e-05
0.661645 1.4382 0 348.504 1.08967e-05
0.661645 1.4382 0 349.506 1.07937e-05
0.661645 1.4382 0 350.509 1.06917e-05
0.661645 1.4382 0 351.511 1.05907e-05
0.661645 1.4382 0 352.514 1.04906e-05
0.661645 1.4382 0 353.516 1.03916e-05
0.661645 1.4382 0 354.519 1.02935e-05
0.661645 1.4382 0 355.521 1.01964e-05
0.661645 1.4382 0 356.524 1.01003e-05
0.661645 1.4382 0 357.526 1.00051e-05
0.661645 1.4382 0 358.528 9.91085e-06
0.661645 1.4382 0 359.531 9.81751e-06
0.661645 1.4382 0 360.533 9.7251e-06
0.661645 1.4382 0 361.536 9.63358e-06
0.661645 1.4382 0 362.538 9.54297e-06
0.661645 1.4382 0 363.541 9.45325e-06
0.661645 1.4382 0 364.543 9.3644e-06
0.661645 1.4382 0 365.546 9.27643e-06
0.661645 1.4382 0 366.548 9.18932e-06
0.661645 1.4382 0 367.551 9.10306e-06
0.661645 1.4382 0 368.553 9.01764e-06
0.661645 1.4382 0 369.556 8.93306e-06
0.661645 1.4382 0 370.558 8.84931e-06
0.661645 1.4382 0 371.561 8.76638e-06
0.661645 1.4382 0 372.563 8.68426e-06
0.661645 1.4382 0 373.566 8.60294e-06
0.661645 1.4382 0 374.568 8.52241e-06
0.661645 1.4382 0 375.57 8.44267e-06
0.661645 1.4382 0 376.573 8.36371e-06
0.661645 1.4382 0 377.575 8.28552e-06
0.661645 1.4382 0 378.578 8.20809e-06
0.661645 1.4382 0 379.58 8.13142e-06
0.661645 1.4382 0 380.583 8.05549e-06
0.661645 1.4382 0 381.585 7.9803e-06
0.661645 1.4382 0 382.588 7.90585e-06
0.661645 1.4382 0 383.59 7.83212e-06
0.661645 1.4382 0 384.593 7.7591e-06
0.661645 1.4382 0 385.595 7.6868e-06
0.661645 1.4382 0 386.598 7.61519e-06
0.661645 1.4382 0 387.6 7.54429e-06
0.661645 1.4382 0 388.603 7.47407e-06
0.661645 1.4382 0 389.605 7.40453e-06
0.661645 1.4382 0 390.607 7.33567e-06
0.661645 1.4382 0 391.61 7.26748e-06
0.661645 1.4382 0 392.612 7.19994e-06
0.661645 1.4382 0 393.615 7.13306e-06
0.661645 1.4382 0 394.617 7.06683e-06
0.661645 1.4382 0 395.62 7.00124e-06
0.661645 1.4382 0 396.622 6.93629e-06
0.661645 1.4382 0 397.625 6.87196e-06
0.661645 1.4382 0 398.627 6.80826e-06
0.661645 1.4382 0 399.63 6.74517e-06
0.661645 1.4382 0 400.632 6.68269e-06
0.661645 1.4382 0 401.635 6.62081e-06
0.661645 1.4382 0 402.637 6.55953e-06
0.661645 1.4382 0 403.64 6.49885e-06
0.661645 1.4382 0 404.642 6.43874e-06
0.661645 1.4382 0 405.645 6.37922e-06
0.661645 1.4382 0 406.647 6.32027e-06
0.661645 1.4382 0 407.649 6.26189e-06
0.661645 1.4382 0 408.652 6.20407e-06
0.661645 1.4382 0 409.654 6.14681e-06
0.661645 1.4382 0 410.657 6.0901e-06
0.661645 1.4382 0 411.659 6.03393e-06
0.661645 1.4382 0 412.662 5.97831e-06
0.661645 1.4382 0 413.664 5.92321e-06
0.661645 1.4382 0 414.667 5.86865e-06
0.661645 1.4382 0 415.669 5.81461e-06
0.661645 1.4382 0 416.672 5.76109e-06
0.661645 1.4382 0 417.674 5.70809e-06
0.661645 1.4382 0 418.677 5.65559e-06
0.661645 1.4382 0 419.679 5.60359e-06
0.661645 1.4382 0 420.682 5.55209e-06
0.661645 1.4382 0 421.684 5.50109e-06
0.661645 1.4382 0 422.686 5.45057e-06
0.661645 1.4382 0 423.689 5.40054e-06
0.661645 1.4382 0 424.691 5.35099e-06
0.661645 1.4382 0 425.694 5.30191e-06
0.661645 1.4382 0 426.696 5.2533e-06
0.661645 1.4382 0 427.699 5.20515e-06
0.661645 1.4382 0 428.701 5.15746e-06
0.661645 1.4382 0 429.704 5.11023e-06
0.661645 1.4382 0 430.706 5.06345e-06
0.661645 1.4382 0 431.709 5.01711e-06
0.661645 1.4382 0 432.711 4.97122e-06
0.661645 1.4382 0 433.714 4.92576e-06
0.661645 1.4382 0 434.716 4.88074e-06
0.661645 1.4382 0 435.719 4.83615e-06
0.661645 1.4382 0 436.721 4.79198e-06
0.661645 1.4382 0 437.724 4.74823e-06
0.661645 1.4382 0 438.726 4.70489e-06
0.661645 1.4382 0 439.728 4.66197e-06
0.661645 1.4382 0 440.731 4.61946e-06
0.661645 1.4382 0 441.733 4.57734e-06
0.661645 1.4382 0 442.736 4.53563e-06
0.661645 1.4382 0 443.738 4.49432e-06
0.661645 1.4382 0 444.741 4.4534e-06
0.661645 1.4382 0 445.743 4.41286e-06
0.661645 1.4382 0 446.746 4.37271e-06
0.661645 1.4382 0 447.748 4.33294e-06
0.661645 1.4382 0 448.751 4.29354e-06
0.661645 1.4382 0 449.753 4.25452e-06
0.661645 1.4382 0 450.756 4.21587e-06
0.661645 1.4382 0 451.758 4.17758e-06
0.661645 1.4382 0 452.761 4.13966e-06
0.661645 1.4382 0 453.763 4.10209e-06
0.661645 1.4382 0 454.765 4.06488e-06
0.661645 1.4382 0 455.768 4.02802e-06
0.661645 1.4382 0 456.77 3.99151e-06
0.661645 1.4382 0 457.773 3.95534e-06
0.661645 1.4382 0 458.775 3.91951e-06
0.661645 1.4382 0 459.778 3.88402e-06
0.661645 1.4382 0 460.78 3.84887e-06
0.661645 1.4382 0 461.783 3.81404e-06
0.661645 1.4382 0 462.785 3.77955e-06
0.661645 1.4382 0 463.788 3.74537e-06
0.661645 1.4382 0 464.79 3.71152e-06
0.661645 1.4382 0 465.793 3.67799e-06
0.661645 1.4382 0 466.795 3.64478e-06
0.661645 1.4382 0 467.798 3.61187e-06
0.661645 1.4382 0 468.8 3.57927e-06
0.661645 1.4382 0 469.803 3.54698e-06
0.661645 1.4382 0 470.805 3.515e-06
0.661645 1.4382 0 471.807 3.48331e-06
0.661645 1.4382 0 472.81 3.45192e-06
0.661645 1.4382 0 473.812 3.42083e-06
0.661645 1.4382 0 474.815 3.39002e-06
0.661645 1.4382 0 475.817 3.3595e-06
0.661645 1.4382 0 476.82 3.32927e-06
0.661645 1.4382 0 477.822 3.29933e-06
0.661645 1.4382 0 478.825 3.26966e-06
0.661645 1.4382 0 479.827 3.24027e-06
0.661645 1.4382 0 480.83 3.21115e-06
0.661645 1.4382 0 481.832 3.18231e-06
0.661645 1.4382 0 482.835 3.15374e-06
0.661645 1.4382 0 483.837 3.12543e-06
0.661645 1.4382 0 484.84 3.09738e-06
0.661645 1.4382 0 485.842 3.0696e-06
0.661645 1.4382 0 486.844 3.04208e-06
0.661645 1.4382 0 487.847 3.01481e-06
0.661645 1.4382 0 488.849 2.9878e-06
0.661645 1.4382 0 489.852 2.96104e-06
0.661645 1.4382 0 490.854 2.93453e-06
0.661645 1.4382 0 491.857 2.90826e-06
0.661645 1.4382 0 492.859 2.88224e-06
0.661645 1.4382 0 493.862 2.85646e-06
0.661645 1.4382 0 494.864 2.83092e-06
0.661645 1.4382 0 495.867 2.80562e-06
0.661645 1.4382 0 496.869 2.78055e-06
0.661645 1.4382 0 497.872 2.75571e-06
0.661645 1.4382 0 498.874 2.73111e-06
0.661645 1.4382 0 499.877 2.70673e-06
0.661645 1.4382 0 500.879 2.68258e-06
0.661645 1.4382 0 501.882 2.65866e-06
0.661645 1.4382 0 502.884 2.63495e-06
0.661645 1.4382 0 503.886 2.61146e-06
0.661645 1.4382 0 504.889 2.5882e-06
0.661645 1.4382 0 505.891 2.56514e-06
0.661645 1.4382 0 506.894 2.5423e-06
0.661645 1.4382 0 507.896 2.51967e-06
0.661645 1.4382 0 508.899 2.49725e-06
0.661645 1.4382 0 509.901 2.47504e-06
0.661645 1.4382 0 510.904 2.45303e-06
0.661645 1.4382 0 511.906 2.43123e-06
0.661645 1.4382 0 512.909 2.40962e-06
0.661645 1.4382 0 513.911 2.38822e-06
0.661645 1.4382 0 514.914 2.36701e-06
0.661645 1.4382 0 515.916 2.346e-06
0.661645 1.4382 0 516.919 2.32518e-06
0.661645 1.4382 0 517.921 2.30456e-06
0.661645 1.4382 0 518.923 2.28412e-06
0.661645 1.4382 0 519.926 2.26387e-06
0.661645 1.4382 0 520.928 2.24381e-06
0.661645 1.4382 0 521.931 2.22393e-06
0.661645 1.4382 0 522.933 2.20424e-06
0.661645 1.4382 0 523.936 2.18472e-06
0.661645 1.4382 0 524.938 2.16539e-06
0.661645 1.4382 0 525.941 2.14623e-06
0.661645 1.4382 0 526.943 2.12725e-06
0.661645 1.4382 0 527.946 2.10844e-06
0.661645 1.4382 0 528.948 2.0898e-06
0.661645 1.4382 0 529.951 2.07134e-06
0.661645 1.4382 0 530.953 2.05304e-06
0.661645 1.4382 0 531.956 2.03491e-06
0.661645 1.4382 0 532.958 2.01695e-06
0.661645 1.4382 0 533.961 1.99915e-06
0.661645 1.4382 0 534.963 1.98152e-06
0.661645 1.4382 0 535.965 1.96405e-06
0.661645 1.4382 0 536.968 1.94673e-06
0.661645 1.4382 0 537.97 1.92958e-06
0.661645 1.4382 0 538.973 1.91258e-06
0.661645 1.4382 0 539.975 1.89573e-06
0.661645 1.4382 0 540.978 1.87904e-06
0.661645 1.4382 0 541.98 1.8625e-06
0.661645 1.4382 0 542.983 1.84612e-06
0.661645 1.4382 0 543.985 1.82988e-06
0.661645 1.4382 0 544.988 1.81379e-06
0.661645 1.4382 0 545.99 1.79785e-06
0.661645 1.4382 0 546.993 1.78205e-06
0.661645 1.4382 0 547.995 1.76639e-06
0.661645 1.4382 0 548.998 1.75088e-06
0.661645 1.4382 0 550 1.73551e-06

