0.437062 1.82408 0 100.01 3.87251e-07
0.437062 1.82408 0 101.012 6.73724e-07
0.437062 1.82408 0 102.015 6.40305e-07
0.437062 1.82408 0 103.017 6.00707e-07
0.437062 1.82408 0 104.02 5.70977e-07
0.437062 1.82408 0 105.022 5.47394e-07
0.437062 1.82408 0 106.025 5.27747e-07
0.437062 1.82408 0 107.027 5.10829e-07
0.437062 1.82408 0 108.03 4.95918e-07
0.437062 1.82408 0 109.032 4.82549e-07
0.437062 1.82408 0 110.035 4.70401e-07
0.437062 1.82408 0 111.037 4.5925e-07
0.437062 1.82408 0 112.04 4.48925e-07
0.437062 1.82408 0 113.042 4.39299e-07
0.437062 1.82408 0 114.045 4.30274e-07
0.437062 1.82408 0 115.047 4.21769e-07
0.437062 1.82408 0 116.05 4.13721e-07
0.437062 1.82408 0 117.052 4.06077e-07
0.437062 1.82408 0 118.055 3.98795e-07
0.437062 1.82408 0 119.057 3.91837e-07
0.437062 1.82408 0 120.06 3.85173e-07
0.437062 1.82408 0 121.062 3.78776e-07
0.437062 1.82408 0 122.065 3.72624e-07
0.437062 1.82408 0 123.067 3.66696e-07
0.437062 1.82408 0 124.07 3.60975e-07
0.437062 1.82408 0 125.072 3.55446e-07
0.437062 1.82408 0 126.075 3.50096e-07
0.437062 1.82408 0 127.077 3.44911e-07
0.437062 1.82408 0 128.079 3.39883e-07
0.437062 1.82408 0 129.082 3.35e-07
0.437062 1.82408 0 130.084 3.30254e-07
0.437062 1.82408 0 131.087 3.25637e-07
0.437062 1.82408 0 132.089 3.21143e-07
0.437062 1.82408 0 133.092 3.16764e-07
0.437062 1.82408 0 134.094 3.12494e-07
0.437062 1.82408 0 135.097 3.08329e-07
0.437062 1.82408 0 136.099 3.04262e-07
0.437062 1.82408 0 137.102 3.0029e-07
0.437062 1.82408 0 138.104 2.96408e-07
0.437062 1.82408 0 139.107 2.92612e-07
0.437062 1.82408 0 140.109 2.88898e-07
0.437062 1.82408 0 141.112 2.85264e-07
0.437062 1.82408 0 142.114 2.81705e-07
0.437062 1.82408 0 143.117 2.78219e-07
0.437062 1.82408 0 144.119 2.74802e-07
0.437062 1.82408 0 145.122 2.71453e-07
0.437062 1.82408 0 146.124 2.68169e-07
0.437062 1.82408 0 147.127 2.64948e-07
0.437062 1.82408 0 148.129 2.61787e-07
0.437062 1.82408 0 149.132 2.58684e-07
0.437062 1.82408 0 150.134 2.55637e-07
0.437062 1.82408 0 151.137 2.52645e-07
0.437062 1.82408 0 152.139 2.49706e-07
0.437062 1.82408 0 153.142 2.46818e-07
0.437062 1.82408 0 154.144 2.43979e-07
0.437062 1.82408 0 155.146 2.41189e-07
0.437062 1.82408 0 156.149 2.38445e-07
0.437062 1.82408 0 157.151 2.35746e-07
0.437062 1.82408 0 158.154 2.33092e-07
0.437062 1.82408 0 159.156 2.3048e-07
0.437062 1.82408 0 160.159 2.2791e-07
0.437062 1.82408 0 161.161 2.2538e-07
0.437062 1.82408 0 162.164 2.2289e-07
0.437062 1.82408 0 163.166 2.20439e-07
0.437062 1.82408 0 164.169 2.18024e-07
0.437062 1.82408 0 165.171 2.15647e-07
0.437062 1.82408 0 166.174 2.13304e-07
0.437062 1.82408 0 167.176 2.10997e-07
0.437062 1.82408 0 168.179 2.08724e-07
0.437062 1.82408 0 169.181 2.06483e-07
0.437062 1.82408 0 170.184 2.04275e-07
0.437062 1.82408 0 171.186 2.02098e-07
0.437062 1.82408 0 172.189 1.99953e-07
0.437062 1.82408 0 173.191 1.97837e-07
0.437062 1.82408 0 174.194 1.95751e-07
0.437062 1.82408 0 175.196 1.93694e-07
0.437062 1.82408 0 176.199 1.91665e-07
0.437062 1.82408 0 177.201 1.89664e-07
0.437062 1.82408 0 178.204 1.8769e-07
0.437062 1.82408 0 179.206 1.85743e-07
0.437062 1.82408 0 180.208 1.83821e-07
0.437062 1.82408 0 181.211 1.81925e-07
0.437062 1.82408 0 182.213 1.80054e-07
0.437062 1.82408 0 183.216 1.78207e-07
0.437062 1.82408 0 184.218 1.76384e-07
0.437062 1.82408 0 185.221 1.74585e-07
0.437062 1.82408 0 186.223 1.72809e-07
0.437062 1.82408 0 187.226 1.71056e-07
0.437062 1.82408 0 188.228 1.69324e-07
0.437062 1.82408 0 189.231 1.67615e-07
0.437062 1.82408 0 190.233 1.65927e-07
0.437062 1.82408 0 191.236 1.6426e-07
0.437062 1.82408 0 192.238 1.62614e-07
0.437062 1.82408 0 193.241 1.60988e-07
0.437062 1.82408 0 194.243 1.59381e-07
0.437062 1.82408 0 195.246 1.57795e-07
0.437062 1.82408 0 196.248 1.56228e-07
0.437062 1.82408 0 197.251 1.54679e-07
0.437062 1.82408 0 198.253 1.53149e-07
0.437062 1.82408 0 199.256 1.51638e-07
0.437062 1.82408 0 200.258 1.50144e-07
0.437062 1.82408 0 201.261 1.48668e-07
0.437062 1.82408 0 202.263 1.4721e-07
0.437062 1.82408 0 203.266 1.45769e-07
0.437062 1.82408 0 204.268 1.44344e-07
0.437062 1.82408 0 205.271 1.42936e-07
0.437062 1.82408 0 206.273 1.41545e-07
0.437062 1.82408 0 207.275 1.40169e-07
0.437062 1.82408 0 208.278 1.38809e-07
0.437062 1.82408 0 209.28 1.37465e-07
0.437062 1.82408 0 210.283 1.36136e-07
0.437062 1.82408 0 211.285 1.34822e-07
0.437062 1.82408 0 212.288 1.33523e-07
0.437062 1.82408 0 213.29 1.32239e-07
0.437062 1.82408 0 214.293 1.30969e-07
0.437062 1.82408 0 215.295 1.29714e-07
0.437062 1.82408 0 216.298 1.28472e-07
0.437062 1.82408 0 217.3 1.27244e-07
0.437062 1.82408 0 218.303 1.2603e-07
0.437062 1.82408 0 219.305 1.24829e-07
0.437062 1.82408 0 220.308 1.23641e-07
0.437062 1.82408 0 221.31 1.22466e-07
0.437062 1.82408 0 222.313 1.21304e-07
0.437062 1.82408 0 223.315 1.20155e-07
0.437062 1.82408 0 224.318 1.19019e-07
0.437062 1.82408 0 225.32 1.17894e-07
0.437062 1.82408 0 226.323 1.16782e-07
0.437062 1.82408 0 227.325 1.15681e-07
0.437062 1.82408 0 228.328 1.14593e-07
0.437062 1.82408 0 229.33 1.13516e-07
0.437062 1.82408 0 230.333 1.12451e-07
0.437062 1.82408 0 231.335 1.11397e-07
0.437062 1.82408 0 232.338 1.10354e-07
0.437062 1.82408 0 233.34 1.09322e-07
0.437062 1.82408 0 234.342 1.08301e-07
0.437062 1.82408 0 235.345 1.07291e-07
0.437062 1.82408 0 236.347 1.06291e-07
0.437062 1.82408 0 237.35 1.05302e-07
0.437062 1.82408 0 238.352 1.04323e-07
0.437062 1.82408 0 239.355 1.03355e-07
0.437062 1.82408 0 240.357 1.02396e-07
0.437062 1.82408 0 241.36 1.01447e-07
0.437062 1.82408 0 242.362 1.00509e-07
0.437062 1.82408 0 243.365 9.95795e-08
0.437062 1.82408 0 244.367 9.866e-08
0.437062 1.82408 0 245.37 9.77499e-08
0.437062 1.82408 0 246.372 9.68491e-08
0.437062 1.82408 0 247.375 9.59576e-08
0.437062 1.82408 0 248.377 9.50751e-08
0.437062 1.82408 0 249.38 9.42017e-08
0.437062 1.82408 0 250.382 9.33371e-08
0.437062 1.82408 0 251.385 9.24813e-08
0.437062 1.82408 0 252.387 9.16342e-08
0.437062 1.82408 0 253.39 9.07956e-08
0.437062 1.82408 0 254.392 8.99655e-08
0.437062 1.82408 0 255.395 8.91437e-08
0.437062 1.82408 0 256.397 8.83302e-08
0.437062 1.82408 0 257.4 8.75248e-08
0.437062 1.82408 0 258.402 8.67275e-08
0.437062 1.82408 0 259.405 8.59382e-08
0.437062 1.82408 0 260.407 8.51568e-08
0.437062 1.82408 0 261.409 8.43831e-08
0.437062 1.82408 0 262.412 8.36171e-08
0.437062 1.82408 0 263.414 8.28587e-08
0.437062 1.82408 0 264.417 8.21078e-08
0.437062 1.82408 0 265.419 8.13644e-08
0.437062 1.82408 0 266.422 8.06283e-08
0.437062 1.82408 0 267.424 7.98994e-08
0.437062 1.82408 0 268.427 7.91777e-08
0.437062 1.82408 0 269.429 7.84631e-08
0.437062 1.82408 0 270.432 7.77555e-08
0.437062 1.82408 0 271.434 7.70548e-08
0.437062 1.82408 0 272.437 7.6361e-08
0.437062 1.82408 0 273.439 7.5674e-08
0.437062 1.82408 0 274.442 7.49936e-08
0.437062 1.82408 0 275.444 7.43199e-08
0.437062 1.82408 0 276.447 7.36527e-08
0.437062 1.82408 0 277.449 7.2992e-08
0.437062 1.82408 0 278.452 7.23377e-08
0.437062 1.82408 0 279.454 7.16898e-08
0.437062 1.82408 0 280.457 7.10481e-08
0.437062 1.82408 0 281.459 7.04126e-08
0.437062 1.82408 0 282.462 6.97832e-08
0.437062 1.82408 0 283.464 6.91599e-08
0.437062 1.82408 0 284.467 6.85425e-08
0.437062 1.82408 0 285.469 6.79311e-08
0.437062 1.82408 0 286.472 6.73256e-08
0.437062 1.82408 0 287.474 6.67258e-08
0.437062 1.82408 0 288.476 6.61318e-08
0.437062 1.82408 0 289.479 6.55435e-08
0.437062 1.82408 0 290.481 6.49608e-08
0.437062 1.82408 0 291.484 6.43836e-08
0.437062 1.82408 0 292.486 6.38119e-08
0.437062 1.82408 0 293.489 6.32457e-08
0.437062 1.82408 0 294.491 6.26848e-08
0.437062 1.82408 0 295.494 6.21293e-08
0.437062 1.82408 0 296.496 6.1579e-08
0.437062 1.82408 0 297.499 6.1034e-08
0.437062 1.82408 0 298.501 6.0494e-08
0.437062 1.82408 0 299.504 5.99592e-08
0.437062 1.82408 0 300.506 5.94295e-08
0.437062 1.82408 0 301.509 5.89047e-08
0.437062 1.82408 0 302.511 5.83848e-08
0.437062 1.82408 0 303.514 5.78699e-08
0.437062 1.82408 0 304.516 5.73598e-08
0.437062 1.82408 0 305.519 5.68544e-08
0.437062 1.82408 0 306.521 5.63539e-08
0.437062 1.82408 0 307.524 5.5858e-08
0.437062 1.82408 0 308.526 5.53667e-08
0.437062 1.82408 0 309.529 5.488e-08
0.437062 1.82408 0 310.531 5.43979e-08
0.437062 1.82408 0 311.534 5.39203e-08
0.437062 1.82408 0 312.536 5.34471e-08
0.437062 1.82408 0 313.538 5.29783e-08
0.437062 1.82408 0 314.541 5.25139e-08
0.437062 1.82408 0 315.543 5.20538e-08
0.437062 1.82408 0 316.546 5.1598e-08
0.437062 1.82408 0 317.548 5.11464e-08
0.437062 1.82408 0 318.551 5.0699e-08
0.437062 1.82408 0 319.553 5.02557e-08
0.437062 1.82408 0 320.556 4.98165e-08
0.437062 1.82408 0 321.558 4.93814e-08
0.437062 1.82408 0 322.561 4.89503e-08
0.437062 1.82408 0 323.563 4.85232e-08
0.437062 1.82408 0 324.566 4.81e-08
0.437062 1.82408 0 325.568 4.76808e-08
0.437062 1.82408 0 326.571 4.72654e-08
0.437062 1.82408 0 327.573 4.68538e-08
0.437062 1.82408 0 328.576 4.6446e-08
0.437062 1.82408 0 329.578 4.60419e-08
0.437062 1.82408 0 330.581 4.56415e-08
0.437062 1.82408 0 331.583 4.52448e-08
0.437062 1.82408 0 332.586 4.48518e-08
0.437062 1.82408 0 333.588 4.44623e-08
0.437062 1.82408 0 334.591 4.40764e-08
0.437062 1.82408 0 335.593 4.36941e-08
0.437062 1.82408 0 336.596 4.33152e-08
0.437062 1.82408 0 337.598 4.29398e-08
0.437062 1.82408 0 338.601 4.25678e-08
0.437062 1.82408 0 339.603 4.21992e-08
0.437062 1.82408 0 340.605 4.18339e-08
0.437062 1.82408 0 341.608 4.1472e-08
0.437062 1.82408 0 342.61 4.11134e-08
0.437062 1.82408 0 343.613 4.0758e-08
0.437062 1.82408 0 344.615 4.04059e-08
0.437062 1.82408 0 345.618 4.00569e-08
0.437062 1.82408 0 346.62 3.97111e-08
0.437062 1.82408 0 347.623 3.93685e-08
0.437062 1.82408 0 348.625 3.90289e-08
0.437062 1.82408 0 349.628 3.86924e-08
0.437062 1.82408 0 350.63 3.8359e-08
0.437062 1.82408 0 351.633 3.80286e-08
0.437062 1.82408 0 352.635 3.77011e-08
0.437062 1.82408 0 353.638 3.73767e-08
0.437062 1.82408 0 354.64 3.70551e-08
0.437062 1.82408 0 355.643 3.67364e-08
0.437062 1.82408 0 356.645 3.64207e-08
0.437062 1.82408 0 357.648 3.61077e-08
0.437062 1.82408 0 358.65 3.57976e-08
0.437062 1.82408 0 359.653 3.54903e-08
0.437062 1.82408 0 360.655 3.51857e-08
0.437062 1.82408 0 361.658 3.48838e-08
0.437062 1.82408 0 362.66 3.45847e-08
0.437062 1.82408 0 363.663 3.42882e-08
0.437062 1.82408 0 364.665 3.39945e-08
0.437062 1.82408 0 365.668 3.37033e-08
0.437062 1.82408 0 366.67 3.34147e-08
0.437062 1.82408 0 367.672 3.31288e-08
0.437062 1.82408 0 368.675 3.28453e-08
0.437062 1.82408 0 369.677 3.25645e-08
0.437062 1.82408 0 370.68 3.22861e-08
0.437062 1.82408 0 371.682 3.20102e-08
0.437062 1.82408 0 372.685 3.17368e-08
0.437062 1.82408 0 373.687 3.14658e-08
0.437062 1.82408 0 374.69 3.11972e-08
0.437062 1.82408 0 375.692 3.0931e-08
0.437062 1.82408 0 376.695 3.06672e-08
0.437062 1.82408 0 377.697 3.04058e-08
0.437062 1.82408 0 378.7 3.01466e-08
0.437062 1.82408 0 379.702 2.98898e-08
0.437062 1.82408 0 380.705 2.96352e-08
0.437062 1.82408 0 381.707 2.93829e-08
0.437062 1.82408 0 382.71 2.91329e-08
0.437062 1.82408 0 383.712 2.8885e-08
0.437062 1.82408 0 384.715 2.86394e-08
0.437062 1.82408 0 385.717 2.83959e-08
0.437062 1.82408 0 386.72 2.81546e-08
0.437062 1.82408 0 387.722 2.79155e-08
0.437062 1.82408 0 388.725 2.76784e-08
0.437062 1.82408 0 389.727 2.74434e-08
0.437062 1.82408 0 390.73 2.72106e-08
0.437062 1.82408 0 391.732 2.69797e-08
0.437062 1.82408 0 392.735 2.67509e-08
0.437062 1.82408 0 393.737 2.65242e-08
0.437062 1.82408 0 394.739 2.62994e-08
0.437062 1.82408 0 395.742 2.60766e-08
0.437062 1.82408 0 396.744 2.58558e-08
0.437062 1.82408 0 397.747 2.56369e-08
0.437062 1.82408 0 398.749 2.542e-08
0.437062 1.82408 0 399.752 2.52049e-08
0.437062 1.82408 0 400.754 2.49918e-08
0.437062 1.82408 0 401.757 2.47805e-08
0.437062 1.82408 0 402.759 2.4571e-08
0.437062 1.82408 0 403.762 2.43635e-08
0.437062 1.82408 0 404.764 2.41577e-08
0.437062 1.82408 0 405.767 2.39537e-08
0.437062 1.82408 0 406.769 2.37516e-08
0.437062 1.82408 0 407.772 2.35512e-08
0.437062 1.82408 0 408.774 2.33525e-08
0.437062 1.82408 0 409.777 2.31556e-08
0.437062 1.82408 0 410.779 2.29604e-08
0.437062 1.82408 0 411.782 2.2767e-08
0.437062 1.82408 0 412.784 2.25752e-08
0.437062 1.82408 0 413.787 2.23851e-08
0.437062 1.82408 0 414.789 2.21967e-08
0.437062 1.82408 0 415.792 2.20099e-08
0.437062 1.82408 0 416.794 2.18247e-08
0.437062 1.82408 0 417.797 2.16412e-08
0.437062 1.82408 0 418.799 2.14592e-08
0.437062 1.82408 0 419.802 2.12788e-08
0.437062 1.82408 0 420.804 2.11001e-08
0.437062 1.82408 0 421.806 2.09228e-08
0.437062 1.82408 0 422.809 2.07471e-08
0.437062 1.82408 0 423.811 2.0573e-08
0.437062 1.82408 0 424.814 2.04003e-08
0.437062 1.82408 0 425.816 2.02292e-08
0.437062 1.82408 0 426.819 2.00595e-08
0.437062 1.82408 0 427.821 1.98914e-08
0.437062 1.82408 0 428.824 1.97246e-08
0.437062 1.82408 0 429.826 1.95594e-08
0.437062 1.82408 0 430.829 1.93955e-08
0.437062 1.82408 0 431.831 1.92331e-08
0.437062 1.82408 0 432.834 1.90721e-08
0.437062 1.82408 0 433.836 1.89125e-08
0.437062 1.82408 0 434.839 1.87543e-08
0.437062 1.82408 0 435.841 1.85974e-08
0.437062 1.82408 0 436.844 1.84419e-08
0.437062 1.82408 0 437.846 1.82877e-08
0.437062 1.82408 0 438.849 1.81349e-08
0.437062 1.82408 0 439.851 1.79834e-08
0.437062 1.82408 0 440.854 1.78332e-08
0.437062 1.82408 0 441.856 1.76843e-08
0.437062 1.82408 0 442.859 1.75367e-08
0.437062 1.82408 0 443.861 1.73904e-08
0.437062 1.82408 0 444.864 1.72453e-08
0.437062 1.82408 0 445.866 1.71015e-08
0.437062 1.82408 0 446.868 1.6959e-08
0.437062 1.82408 0 447.871 1.68176e-08
0.437062 1.82408 0 448.873 1.66775e-08
0.437062 1.82408 0 449.876 1.65386e-08
0.437062 1.82408 0 450.878 1.64008e-08
0.437062 1.82408 0 451.881 1.62643e-08
0.437062 1.82408 0 452.883 1.61289e-08
0.437062 1.82408 0 453.886 1.59947e-08
0.437062 1.82408 0 454.888 1.58617e-08
0.437062 1.82408 0 455.891 1.57298e-08
0.437062 1.82408 0 456.893 1.5599e-08
0.437062 1.82408 0 457.896 1.54694e-08
0.437062 1.82408 0 458.898 1.53408e-08
0.437062 1.82408 0 459.901 1.52134e-08
0.437062 1.82408 0 460.903 1.50871e-08
0.437062 1.82408 0 461.906 1.49618e-08
0.437062 1.82408 0 462.908 1.48376e-08
0.437062 1.82408 0 463.911 1.47145e-08
0.437062 1.82408 0 464.913 1.45924e-08
0.437062 1.82408 0 465.916 1.44714e-08
0.437062 1.82408 0 466.918 1.43515e-08
0.437062 1.82408 0 467.921 1.42325e-08
0.437062 1.82408 0 468.923 1.41146e-08
0.437062 1.82408 0 469.926 1.39976e-08
0.437062 1.82408 0 470.928 1.38817e-08
0.437062 1.82408 0 471.931 1.37668e-08
0.437062 1.82408 0 472.933 1.36528e-08
0.437062 1.82408 0 473.935 1.35398e-08
0.437062 1.82408 0 474.938 1.34278e-08
0.437062 1.82408 0 475.94 1.33168e-08
0.437062 1.82408 0 476.943 1.32067e-08
0.437062 1.82408 0 477.945 1.30975e-08
0.437062 1.82408 0 478.948 1.29892e-08
0.437062 1.82408 0 479.95 1.28819e-08
0.437062 1.82408 0 480.953 1.27755e-08
0.437062 1.82408 0 481.955 1.267e-08
0.437062 1.82408 0 482.958 1.25654e-08
0.437062 1.82408 0 483.96 1.24617e-08
0.437062 1.82408 0 484.963 1.23589e-08
0.437062 1.82408 0 485.965 1.22569e-08
0.437062 1.82408 0 486.968 1.21558e-08
0.437062 1.82408 0 487.97 1.20556e-08
0.437062 1.82408 0 488.973 1.19562e-08
0.437062 1.82408 0 489.975 1.18577e-08
0.437062 1.82408 0 490.978 1.176e-08
0.437062 1.82408 0 491.98 1.16631e-08
0.437062 1.82408 0 492.983 1.15671e-08
0.437062 1.82408 0 493.985 1.14719e-08
0.437062 1.82408 0 494.988 1.13775e-08
0.437062 1.82408 0 495.99 1.12838e-08
0.437062 1.82408 0 496.993 1.1191e-08
0.437062 1.82408 0 497.995 1.1099e-08
0.437062 1.82408 0 498.998 1.10077e-08
0.437062 1.82408 0 500 1.09172e-08
0.437062 1.82408 0 100.01 3.87251e-07
0.437062 1.82408 0 101.012 6.73724e-07
0.437062 1.82408 0 102.015 6.40305e-07
0.437062 1.82408 0 103.017 6.00707e-07
0.437062 1.82408 0 104.02 5.70977e-07
0.437062 1.82408 0 105.022 5.47394e-07
0.437062 1.82408 0 106.025 5.27747e-07
0.437062 1.82408 0 107.027 5.10829e-07
0.437062 1.82408 0 108.03 4.95918e-07
0.437062 1.82408 0 109.032 4.82549e-07
0.437062 1.82408 0 110.035 4.70401e-07
0.437062 1.82408 0 111.037 4.5925e-07
0.437062 1.82408 0 112.04 4.48925e-07
0.437062 1.82408 0 113.042 4.39299e-07
0.437062 1.82408 0 114.045 4.30274e-07
0.437062 1.82408 0 115.047 4.21769e-07
0.437062 1.82408 0 116.05 4.13721e-07
0.437062 1.82408 0 117.052 4.06077e-07
0.437062 1.82408 0 118.055 3.98795e-07
0.437062 1.82408 0 119.057 3.91837e-07
0.437062 1.82408 0 120.06 3.85173e-07
0.437062 1.82408 0 121.062 3.78776e-07
0.437062 1.82408 0 122.065 3.72624e-07
0.437062 1.82408 0 123.067 3.66696e-07
0.437062 1.82408 0 124.07 3.60975e-07
0.437062 1.82408 0 125.072 3.55446e-07
0.437062 1.82408 0 126.075 3.50096e-07
0.437062 1.82408 0 127.077 3.44911e-07
0.437062 1.82408 0 128.079 3.39883e-07
0.437062 1.82408 0 129.082 3.35e-07
0.437062 1.82408 0 130.084 3.30254e-07
0.437062 1.82408 0 131.087 3.25637e-07
0.437062 1.82408 0 132.089 3.21143e-07
0.437062 1.82408 0 133.092 3.16764e-07
0.437062 1.82408 0 134.094 3.12494e-07
0.437062 1.82408 0 135.097 3.08329e-07
0.437062 1.82408 0 136.099 3.04262e-07
0.437062 1.82408 0 137.102 3.0029e-07
0.437062 1.82408 0 138.104 2.96408e-07
0.437062 1.82408 0 139.107 2.92612e-07
0.437062 1.82408 0 140.109 2.88898e-07
0.437062 1.82408 0 141.112 2.85264e-07
0.437062 1.82408 0 142.114 2.81705e-07
0.437062 1.82408 0 143.117 2.78219e-07
0.437062 1.82408 0 144.119 2.74802e-07
0.437062 1.82408 0 145.122 2.71453e-07
0.437062 1.82408 0 146.124 2.68169e-07
0.437062 1.82408 0 147.127 2.64948e-07
0.437062 1.82408 0 148.129 2.61787e-07
0.437062 1.82408 0 149.132 2.58684e-07
0.437062 1.82408 0 150.134 2.55637e-07
0.437062 1.82408 0 151.137 2.52645e-07
0.437062 1.82408 0 152.139 2.49706e-07
0.437062 1.82408 0 153.142 2.46818e-07
0.437062 1.82408 0 154.144 2.43979e-07
0.437062 1.82408 0 155.146 2.41189e-07
0.437062 1.82408 0 156.149 2.38445e-07
0.437062 1.82408 0 157.151 2.35746e-07
0.437062 1.82408 0 158.154 2.33092e-07
0.437062 1.82408 0 159.156 2.3048e-07
0.437062 1.82408 0 160.159 2.2791e-07
0.437062 1.82408 0 161.161 2.2538e-07
0.437062 1.82408 0 162.164 2.2289e-07
0.437062 1.82408 0 163.166 2.20439e-07
0.437062 1.82408 0 164.169 2.18024e-07
0.437062 1.82408 0 165.171 2.15647e-07
0.437062 1.82408 0 166.174 2.13304e-07
0.437062 1.82408 0 167.176 2.10997e-07
0.437062 1.82408 0 168.179 2.08724e-07
0.437062 1.82408 0 169.181 2.06483e-07
0.437062 1.82408 0 170.184 2.04275e-07
0.437062 1.82408 0 171.186 2.02098e-07
0.437062 1.82408 0 172.189 1.99953e-07
0.437062 1.82408 0 173.191 1.97837e-07
0.437062 1.82408 0 174.194 1.95751e-07
0.437062 1.82408 0 175.196 1.93694e-07
0.437062 1.82408 0 176.199 1.91665e-07
0.437062 1.82408 0 177.201 1.89664e-07
0.437062 1.82408 0 178.204 1.8769e-07
0.437062 1.82408 0 179.206 1.85743e-07
0.437062 1.82408 0 180.208 1.83821e-07
0.437062 1.82408 0 181.211 1.81925e-07
0.437062 1.82408 0 182.213 1.80054e-07
0.437062 1.82408 0 183.216 1.78207e-07
0.437062 1.82408 0 184.218 1.76384e-07
0.437062 1.82408 0 185.221 1.74585e-07
0.437062 1.82408 0 186.223 1.72809e-07
0.437062 1.82408 0 187.226 1.71056e-07
0.437062 1.82408 0 188.228 1.69324e-07
0.437062 1.82408 0 189.231 1.67615e-07
0.437062 1.82408 0 190.233 1.65927e-07
0.437062 1.82408 0 191.236 1.6426e-07
0.437062 1.82408 0 192.238 1.62614e-07
0.437062 1.82408 0 193.241 1.60988e-07
0.437062 1.82408 0 194.243 1.59381e-07
0.437062 1.82408 0 195.246 1.57795e-07
0.437062 1.82408 0 196.248 1.56228e-07
0.437062 1.82408 0 197.251 1.54679e-07
0.437062 1.82408 0 198.253 1.53149e-07
0.437062 1.82408 0 199.256 1.51638e-07
0.437062 1.82408 0 200.258 1.50144e-07
0.437062 1.82408 0 201.261 1.48668e-07
0.437062 1.82408 0 202.263 1.4721e-07
0.437062 1.82408 0 203.266 1.45769e-07
0.437062 1.82408 0 204.268 1.44344e-07
0.437062 1.82408 0 205.271 1.42936e-07
0.437062 1.82408 0 206.273 1.41545e-07
0.437062 1.82408 0 207.275 1.40169e-07
0.437062 1.82408 0 208.278 1.38809e-07
0.437062 1.82408 0 209.28 1.37465e-07
0.437062 1.82408 0 210.283 1.36136e-07
0.437062 1.82408 0 211.285 1.34822e-07
0.437062 1.82408 0 212.288 1.33523e-07
0.437062 1.82408 0 213.29 1.32239e-07
0.437062 1.82408 0 214.293 1.30969e-07
0.437062 1.82408 0 215.295 1.29714e-07
0.437062 1.82408 0 216.298 1.28472e-07
0.437062 1.82408 0 217.3 1.27244e-07
0.437062 1.82408 0 218.303 1.2603e-07
0.437062 1.82408 0 219.305 1.24829e-07
0.437062 1.82408 0 220.308 1.23641e-07
0.437062 1.82408 0 221.31 1.22466e-07
0.437062 1.82408 0 222.313 1.21304e-07
0.437062 1.82408 0 223.315 1.20155e-07
0.437062 1.82408 0 224.318 1.19019e-07
0.437062 1.82408 0 225.32 1.17894e-07
0.437062 1.82408 0 226.323 1.16782e-07
0.437062 1.82408 0 227.325 1.15681e-07
0.437062 1.82408 0 228.328 1.14593e-07
0.437062 1.82408 0 229.33 1.13516e-07
0.437062 1.82408 0 230.333 1.12451e-07
0.437062 1.82408 0 231.335 1.11397e-07
0.437062 1.82408 0 232.338 1.10354e-07
0.437062 1.82408 0 233.34 1.09322e-07
0.437062 1.82408 0 234.342 1.08301e-07
0.437062 1.82408 0 235.345 1.07291e-07
0.437062 1.82408 0 236.347 1.06291e-07
0.437062 1.82408 0 237.35 1.05302e-07
0.437062 1.82408 0 238.352 1.04323e-07
0.437062 1.82408 0 239.355 1.03355e-07
0.437062 1.82408 0 240.357 1.02396e-07
0.437062 1.82408 0 241.36 1.01447e-07
0.437062 1.82408 0 242.362 1.00509e-07
0.437062 1.82408 0 243.365 9.95795e-08
0.437062 1.82408 0 244.367 9.866e-08
0.437062 1.82408 0 245.37 9.77499e-08
0.437062 1.82408 0 246.372 9.68491e-08
0.437062 1.82408 0 247.375 9.59576e-08
0.437062 1.82408 0 248.377 9.50751e-08
0.437062 1.82408 0 249.38 9.42017e-08
0.437062 1.82408 0 250.382 9.33371e-08
0.437062 1.82408 0 251.385 9.24813e-08
0.437062 1.82408 0 252.387 9.16342e-08
0.437062 1.82408 0 253.39 9.07956e-08
0.437062 1.82408 0 254.392 8.99655e-08
0.437062 1.82408 0 255.395 8.91437e-08
0.437062 1.82408 0 256.397 8.83302e-08
0.437062 1.82408 0 257.4 8.75248e-08
0.437062 1.82408 0 258.402 8.67275e-08
0.437062 1.82408 0 259.405 8.59382e-08
0.437062 1.82408 0 260.407 8.51568e-08
0.437062 1.82408 0 261.409 8.43831e-08
0.437062 1.82408 0 262.412 8.36171e-08
0.437062 1.82408 0 263.414 8.28587e-08
0.437062 1.82408 0 264.417 8.21078e-08
0.437062 1.82408 0 265.419 8.13644e-08
0.437062 1.82408 0 266.422 8.06283e-08
0.437062 1.82408 0 267.424 7.98994e-08
0.437062 1.82408 0 268.427 7.91777e-08
0.437062 1.82408 0 269.429 7.84631e-08
0.437062 1.82408 0 270.432 7.77555e-08
0.437062 1.82408 0 271.434 7.70548e-08
0.437062 1.82408 0 272.437 7.6361e-08
0.437062 1.82408 0 273.439 7.5674e-08
0.437062 1.82408 0 274.442 7.49936e-08
0.437062 1.82408 0 275.444 7.43199e-08
0.437062 1.82408 0 276.447 7.36527e-08
0.437062 1.82408 0 277.449 7.2992e-08
0.437062 1.82408 0 278.452 7.23377e-08
0.437062 1.82408 0 279.454 7.16898e-08
0.437062 1.82408 0 280.457 7.10481e-08
0.437062 1.82408 0 281.459 7.04126e-08
0.437062 1.82408 0 282.462 6.97832e-08
0.437062 1.82408 0 283.464 6.91599e-08
0.437062 1.82408 0 284.467 6.85425e-08
0.437062 1.82408 0 285.469 6.79311e-08
0.437062 1.82408 0 286.472 6.73256e-08
0.437062 1.82408 0 287.474 6.67258e-08
0.437062 1.82408 0 288.476 6.61318e-08
0.437062 1.82408 0 289.479 6.55435e-08
0.437062 1.82408 0 290.481 6.49608e-08
0.437062 1.82408 0 291.484 6.43836e-08
0.437062 1.82408 0 292.486 6.38119e-08
0.437062 1.82408 0 293.489 6.32457e-08
0.437062 1.82408 0 294.491 6.26848e-08
0.437062 1.82408 0 295.494 6.21293e-08
0.437062 1.82408 0 296.496 6.1579e-08
0.437062 1.82408 0 297.499 6.1034e-08
0.437062 1.82408 0 298.501 6.0494e-08
0.437062 1.82408 0 299.504 5.99592e-08
0.437062 1.82408 0 300.506 5.94295e-08
0.437062 1.82408 0 301.509 5.89047e-08
0.437062 1.82408 0 302.511 5.83848e-08
0.437062 1.82408 0 303.514 5.78699e-08
0.437062 1.82408 0 304.516 5.73598e-08
0.437062 1.82408 0 305.519 5.68544e-08
0.437062 1.82408 0 306.521 5.63539e-08
0.437062 1.82408 0 307.524 5.5858e-08
0.437062 1.82408 0 308.526 5.53667e-08
0.437062 1.82408 0 309.529 5.488e-08
0.437062 1.82408 0 310.531 5.43979e-08
0.437062 1.82408 0 311.534 5.39203e-08
0.437062 1.82408 0 312.536 5.34471e-08
0.437062 1.82408 0 313.538 5.29783e-08
0.437062 1.82408 0 314.541 5.25139e-08
0.437062 1.82408 0 315.543 5.20538e-08
0.437062 1.82408 0 316.546 5.1598e-08
0.437062 1.82408 0 317.548 5.11464e-08
0.437062 1.82408 0 318.551 5.0699e-08
0.437062 1.82408 0 319.553 5.02557e-08
0.437062 1.82408 0 320.556 4.98165e-08
0.437062 1.82408 0 321.558 4.93814e-08
0.437062 1.82408 0 322.561 4.89503e-08
0.437062 1.82408 0 323.563 4.85232e-08
0.437062 1.82408 0 324.566 4.81e-08
0.437062 1.82408 0 325.568 4.76808e-08
0.437062 1.82408 0 326.571 4.72654e-08
0.437062 1.82408 0 327.573 4.68538e-08
0.437062 1.82408 0 328.576 4.6446e-08
0.437062 1.82408 0 329.578 4.60419e-08
0.437062 1.82408 0 330.581 4.56415e-08
0.437062 1.82408 0 331.583 4.52448e-08
0.437062 1.82408 0 332.586 4.48518e-08
0.437062 1.82408 0 333.588 4.44623e-08
0.437062 1.82408 0 334.591 4.40764e-08
0.437062 1.82408 0 335.593 4.36941e-08
0.437062 1.82408 0 336.596 4.33152e-08
0.437062 1.82408 0 337.598 4.29398e-08
0.437062 1.82408 0 338.601 4.25678e-08
0.437062 1.82408 0 339.603 4.21992e-08
0.437062 1.82408 0 340.605 4.18339e-08
0.437062 1.82408 0 341.608 4.1472e-08
0.437062 1.82408 0 342.61 4.11134e-08
0.437062 1.82408 0 343.613 4.0758e-08
0.437062 1.82408 0 344.615 4.04059e-08
0.437062 1.82408 0 345.618 4.00569e-08
0.437062 1.82408 0 346.62 3.97111e-08
0.437062 1.82408 0 347.623 3.93685e-08
0.437062 1.82408 0 348.625 3.90289e-08
0.437062 1.82408 0 349.628 3.86924e-08
0.437062 1.82408 0 350.63 3.8359e-08
0.437062 1.82408 0 351.633 3.80286e-08
0.437062 1.82408 0 352.635 3.77011e-08
0.437062 1.82408 0 353.638 3.73767e-08
0.437062 1.82408 0 354.64 3.70551e-08
0.437062 1.82408 0 355.643 3.67364e-08
0.437062 1.82408 0 356.645 3.64207e-08
0.437062 1.82408 0 357.648 3.61077e-08
0.437062 1.82408 0 358.65 3.57976e-08
0.437062 1.82408 0 359.653 3.54903e-08
0.437062 1.82408 0 360.655 3.51857e-08
0.437062 1.82408 0 361.658 3.48838e-08
0.437062 1.82408 0 362.66 3.45847e-08
0.437062 1.82408 0 363.663 3.42882e-08
0.437062 1.82408 0 364.665 3.39945e-08
0.437062 1.82408 0 365.668 3.37033e-08
0.437062 1.82408 0 366.67 3.34147e-08
0.437062 1.82408 0 367.672 3.31288e-08
0.437062 1.82408 0 368.675 3.28453e-08
0.437062 1.82408 0 369.677 3.25645e-08
0.437062 1.82408 0 370.68 3.22861e-08
0.437062 1.82408 0 371.682 3.20102e-08
0.437062 1.82408 0 372.685 3.17368e-08
0.437062 1.82408 0 373.687 3.14658e-08
0.437062 1.82408 0 374.69 3.11972e-08
0.437062 1.82408 0 375.692 3.0931e-08
0.437062 1.82408 0 376.695 3.06672e-08
0.437062 1.82408 0 377.697 3.04058e-08
0.437062 1.82408 0 378.7 3.01466e-08
0.437062 1.82408 0 379.702 2.98898e-08
0.437062 1.82408 0 380.705 2.96352e-08
0.437062 1.82408 0 381.707 2.93829e-08
0.437062 1.82408 0 382.71 2.91329e-08
0.437062 1.82408 0 383.712 2.8885e-08
0.437062 1.82408 0 384.715 2.86394e-08
0.437062 1.82408 0 385.717 2.83959e-08
0.437062 1.82408 0 386.72 2.81546e-08
0.437062 1.82408 0 387.722 2.79155e-08
0.437062 1.82408 0 388.725 2.76784e-08
0.437062 1.82408 0 389.727 2.74434e-08
0.437062 1.82408 0 390.73 2.72106e-08
0.437062 1.82408 0 391.732 2.69797e-08
0.437062 1.82408 0 392.735 2.67509e-08
0.437062 1.82408 0 393.737 2.65242e-08
0.437062 1.82408 0 394.739 2.62994e-08
0.437062 1.82408 0 395.742 2.60766e-08
0.437062 1.82408 0 396.744 2.58558e-08
0.437062 1.82408 0 397.747 2.56369e-08
0.437062 1.82408 0 398.749 2.542e-08
0.437062 1.82408 0 399.752 2.52049e-08
0.437062 1.82408 0 400.754 2.49918e-08
0.437062 1.82408 0 401.757 2.47805e-08
0.437062 1.82408 0 402.759 2.4571e-08
0.437062 1.82408 0 403.762 2.43635e-08
0.437062 1.82408 0 404.764 2.41577e-08
0.437062 1.82408 0 405.767 2.39537e-08
0.437062 1.82408 0 406.769 2.37516e-08
0.437062 1.82408 0 407.772 2.35512e-08
0.437062 1.82408 0 408.774 2.33525e-08
0.437062 1.82408 0 409.777 2.31556e-08
0.437062 1.82408 0 410.779 2.29604e-08
0.437062 1.82408 0 411.782 2.2767e-08
0.437062 1.82408 0 412.784 2.25752e-08
0.437062 1.82408 0 413.787 2.23851e-08
0.437062 1.82408 0 414.789 2.21967e-08
0.437062 1.82408 0 415.792 2.20099e-08
0.437062 1.82408 0 416.794 2.18247e-08
0.437062 1.82408 0 417.797 2.16412e-08
0.437062 1.82408 0 418.799 2.14592e-08
0.437062 1.82408 0 419.802 2.12788e-08
0.437062 1.82408 0 420.804 2.11001e-08
0.437062 1.82408 0 421.806 2.09228e-08
0.437062 1.82408 0 422.809 2.07471e-08
0.437062 1.82408 0 423.811 2.0573e-08
0.437062 1.82408 0 424.814 2.04003e-08
0.437062 1.82408 0 425.816 2.02292e-08
0.437062 1.82408 0 426.819 2.00595e-08
0.437062 1.82408 0 427.821 1.98914e-08
0.437062 1.82408 0 428.824 1.97246e-08
0.437062 1.82408 0 429.826 1.95594e-08
0.437062 1.82408 0 430.829 1.93955e-08
0.437062 1.82408 0 431.831 1.92331e-08
0.437062 1.82408 0 432.834 1.90721e-08
0.437062 1.82408 0 433.836 1.89125e-08
0.437062 1.82408 0 434.839 1.87543e-08
0.437062 1.82408 0 435.841 1.85974e-08
0.437062 1.82408 0 436.844 1.84419e-08
0.437062 1.82408 0 437.846 1.82877e-08
0.437062 1.82408 0 438.849 1.81349e-08
0.437062 1.82408 0 439.851 1.79834e-08
0.437062 1.82408 0 440.854 1.78332e-08
0.437062 1.82408 0 441.856 1.76843e-08
0.437062 1.82408 0 442.859 1.75367e-08
0.437062 1.82408 0 443.861 1.73904e-08
0.437062 1.82408 0 444.864 1.72453e-08
0.437062 1.82408 0 445.866 1.71015e-08
0.437062 1.82408 0 446.868 1.6959e-08
0.437062 1.82408 0 447.871 1.68176e-08
0.437062 1.82408 0 448.873 1.66775e-08
0.437062 1.82408 0 449.876 1.65386e-08
0.437062 1.82408 0 450.878 1.64008e-08
0.437062 1.82408 0 451.881 1.62643e-08
0.437062 1.82408 0 452.883 1.61289e-08
0.437062 1.82408 0 453.886 1.59947e-08
0.437062 1.82408 0 454.888 1.58617e-08
0.437062 1.82408 0 455.891 1.57298e-08
0.437062 1.82408 0 456.893 1.5599e-08
0.437062 1.82408 0 457.896 1.54694e-08
0.437062 1.82408 0 458.898 1.53408e-08
0.437062 1.82408 0 459.901 1.52134e-08
0.437062 1.82408 0 460.903 1.50871e-08
0.437062 1.82408 0 461.906 1.49618e-08
0.437062 1.82408 0 462.908 1.48376e-08
0.437062 1.82408 0 463.911 1.47145e-08
0.437062 1.82408 0 464.913 1.45924e-08
0.437062 1.82408 0 465.916 1.44714e-08
0.437062 1.82408 0 466.918 1.43515e-08
0.437062 1.82408 0 467.921 1.42325e-08
0.437062 1.82408 0 468.923 1.41146e-08
0.437062 1.82408 0 469.926 1.39976e-08
0.437062 1.82408 0 470.928 1.38817e-08
0.437062 1.82408 0 471.931 1.37668e-08
0.437062 1.82408 0 472.933 1.36528e-08
0.437062 1.82408 0 473.935 1.35398e-08
0.437062 1.82408 0 474.938 1.34278e-08
0.437062 1.82408 0 475.94 1.33168e-08
0.437062 1.82408 0 476.943 1.32067e-08
0.437062 1.82408 0 477.945 1.30975e-08
0.437062 1.82408 0 478.948 1.29892e-08
0.437062 1.82408 0 479.95 1.28819e-08
0.437062 1.82408 0 480.953 1.27755e-08
0.437062 1.82408 0 481.955 1.267e-08
0.437062 1.82408 0 482.958 1.25654e-08
0.437062 1.82408 0 483.96 1.24617e-08
0.437062 1.82408 0 484.963 1.23589e-08
0.437062 1.82408 0 485.965 1.22569e-08
0.437062 1.82408 0 486.968 1.21558e-08
0.437062 1.82408 0 487.97 1.20556e-08
0.437062 1.82408 0 488.973 1.19562e-08
0.437062 1.82408 0 489.975 1.18577e-08
0.437062 1.82408 0 490.978 1.176e-08
0.437062 1.82408 0 491.98 1.16631e-08
0.437062 1.82408 0 492.983 1.15671e-08
0.437062 1.82408 0 493.985 1.14719e-08
0.437062 1.82408 0 494.988 1.13775e-08
0.437062 1.82408 0 495.99 1.12838e-08
0.437062 1.82408 0 496.993 1.1191e-08
0.437062 1.82408 0 497.995 1.1099e-08
0.437062 1.82408 0 498.998 1.10077e-08
0.437062 1.82408 0 500 1.09172e-08
0.437062 1.82408 0 100.01 3.87251e-07
0.437062 1.82408 0 101.012 6.73724e-07
0.437062 1.82408 0 102.015 6.40305e-07
0.437062 1.82408 0 103.017 6.00707e-07
0.437062 1.82408 0 104.02 5.70977e-07
0.437062 1.82408 0 105.022 5.47394e-07
0.437062 1.82408 0 106.025 5.27747e-07
0.437062 1.82408 0 107.027 5.10829e-07
0.437062 1.82408 0 108.03 4.95918e-07
0.437062 1.82408 0 109.032 4.82549e-07
0.437062 1.82408 0 110.035 4.70401e-07
0.437062 1.82408 0 111.037 4.5925e-07
0.437062 1.82408 0 112.04 4.48925e-07
0.437062 1.82408 0 113.042 4.39299e-07
0.437062 1.82408 0 114.045 4.30274e-07
0.437062 1.82408 0 115.047 4.21769e-07
0.437062 1.82408 0 116.05 4.13721e-07
0.437062 1.82408 0 117.052 4.06077e-07
0.437062 1.82408 0 118.055 3.98795e-07
0.437062 1.82408 0 119.057 3.91837e-07
0.437062 1.82408 0 120.06 3.85173e-07
0.437062 1.82408 0 121.062 3.78776e-07
0.437062 1.82408 0 122.065 3.72624e-07
0.437062 1.82408 0 123.067 3.66696e-07
0.437062 1.82408 0 124.07 3.60975e-07
0.437062 1.82408 0 125.072 3.55446e-07
0.437062 1.82408 0 126.075 3.50096e-07
0.437062 1.82408 0 127.077 3.44911e-07
0.437062 1.82408 0 128.079 3.39883e-07
0.437062 1.82408 0 129.082 3.35e-07
0.437062 1.82408 0 130.084 3.30254e-07
0.437062 1.82408 0 131.087 3.25637e-07
0.437062 1.82408 0 132.089 3.21143e-07
0.437062 1.82408 0 133.092 3.16764e-07
0.437062 1.82408 0 134.094 3.12494e-07
0.437062 1.82408 0 135.097 3.08329e-07
0.437062 1.82408 0 136.099 3.04262e-07
0.437062 1.82408 0 137.102 3.0029e-07
0.437062 1.82408 0 138.104 2.96408e-07
0.437062 1.82408 0 139.107 2.92612e-07
0.437062 1.82408 0 140.109 2.88898e-07
0.437062 1.82408 0 141.112 2.85264e-07
0.437062 1.82408 0 142.114 2.81705e-07
0.437062 1.82408 0 143.117 2.78219e-07
0.437062 1.82408 0 144.119 2.74802e-07
0.437062 1.82408 0 145.122 2.71453e-07
0.437062 1.82408 0 146.124 2.68169e-07
0.437062 1.82408 0 147.127 2.64948e-07
0.437062 1.82408 0 148.129 2.61787e-07
0.437062 1.82408 0 149.132 2.58684e-07
0.437062 1.82408 0 150.134 2.55637e-07
0.437062 1.82408 0 151.137 2.52645e-07
0.437062 1.82408 0 152.139 2.49706e-07
0.437062 1.82408 0 153.142 2.46818e-07
0.437062 1.82408 0 154.144 2.43979e-07
0.437062 1.82408 0 155.146 2.41189e-07
0.437062 1.82408 0 156.149 2.38445e-07
0.437062 1.82408 0 157.151 2.35746e-07
0.437062 1.82408 0 158.154 2.33092e-07
0.437062 1.82408 0 159.156 2.3048e-07
0.437062 1.82408 0 160.159 2.2791e-07
0.437062 1.82408 0 161.161 2.2538e-07
0.437062 1.82408 0 162.164 2.2289e-07
0.437062 1.82408 0 163.166 2.20439e-07
0.437062 1.82408 0 164.169 2.18024e-07
0.437062 1.82408 0 165.171 2.15647e-07
0.437062 1.82408 0 166.174 2.13304e-07
0.437062 1.82408 0 167.176 2.10997e-07
0.437062 1.82408 0 168.179 2.08724e-07
0.437062 1.82408 0 169.181 2.06483e-07
0.437062 1.82408 0 170.184 2.04275e-07
0.437062 1.82408 0 171.186 2.02098e-07
0.437062 1.82408 0 172.189 1.99953e-07
0.437062 1.82408 0 173.191 1.97837e-07
0.437062 1.82408 0 174.194 1.95751e-07
0.437062 1.82408 0 175.196 1.93694e-07
0.437062 1.82408 0 176.199 1.91665e-07
0.437062 1.82408 0 177.201 1.89664e-07
0.437062 1.82408 0 178.204 1.8769e-07
0.437062 1.82408 0 179.206 1.85743e-07
0.437062 1.82408 0 180.208 1.83821e-07
0.437062 1.82408 0 181.211 1.81925e-07
0.437062 1.82408 0 182.213 1.80054e-07
0.437062 1.82408 0 183.216 1.78207e-07
0.437062 1.82408 0 184.218 1.76384e-07
0.437062 1.82408 0 185.221 1.74585e-07
0.437062 1.82408 0 186.223 1.72809e-07
0.437062 1.82408 0 187.226 1.71056e-07
0.437062 1.82408 0 188.228 1.69324e-07
0.437062 1.82408 0 189.231 1.67615e-07
0.437062 1.82408 0 190.233 1.65927e-07
0.437062 1.82408 0 191.236 1.6426e-07
0.437062 1.82408 0 192.238 1.62614e-07
0.437062 1.82408 0 193.241 1.60988e-07
0.437062 1.82408 0 194.243 1.59381e-07
0.437062 1.82408 0 195.246 1.57795e-07
0.437062 1.82408 0 196.248 1.56228e-07
0.437062 1.82408 0 197.251 1.54679e-07
0.437062 1.82408 0 198.253 1.53149e-07
0.437062 1.82408 0 199.256 1.51638e-07
0.437062 1.82408 0 200.258 1.50144e-07
0.437062 1.82408 0 201.261 1.48668e-07
0.437062 1.82408 0 202.263 1.4721e-07
0.437062 1.82408 0 203.266 1.45769e-07
0.437062 1.82408 0 204.268 1.44344e-07
0.437062 1.82408 0 205.271 1.42936e-07
0.437062 1.82408 0 206.273 1.41545e-07
0.437062 1.82408 0 207.275 1.40169e-07
0.437062 1.82408 0 208.278 1.38809e-07
0.437062 1.82408 0 209.28 1.37465e-07
0.437062 1.82408 0 210.283 1.36136e-07
0.437062 1.82408 0 211.285 1.34822e-07
0.437062 1.82408 0 212.288 1.33523e-07
0.437062 1.82408 0 213.29 1.32239e-07
0.437062 1.82408 0 214.293 1.30969e-07
0.437062 1.82408 0 215.295 1.29714e-07
0.437062 1.82408 0 216.298 1.28472e-07
0.437062 1.82408 0 217.3 1.27244e-07
0.437062 1.82408 0 218.303 1.2603e-07
0.437062 1.82408 0 219.305 1.24829e-07
0.437062 1.82408 0 220.308 1.23641e-07
0.437062 1.82408 0 221.31 1.22466e-07
0.437062 1.82408 0 222.313 1.21304e-07
0.437062 1.82408 0 223.315 1.20155e-07
0.437062 1.82408 0 224.318 1.19019e-07
0.437062 1.82408 0 225.32 1.17894e-07
0.437062 1.82408 0 226.323 1.16782e-07
0.437062 1.82408 0 227.325 1.15681e-07
0.437062 1.82408 0 228.328 1.14593e-07
0.437062 1.82408 0 229.33 1.13516e-07
0.437062 1.82408 0 230.333 1.12451e-07
0.437062 1.82408 0 231.335 1.11397e-07
0.437062 1.82408 0 232.338 1.10354e-07
0.437062 1.82408 0 233.34 1.09322e-07
0.437062 1.82408 0 234.342 1.08301e-07
0.437062 1.82408 0 235.345 1.07291e-07
0.437062 1.82408 0 236.347 1.06291e-07
0.437062 1.82408 0 237.35 1.05302e-07
0.437062 1.82408 0 238.352 1.04323e-07
0.437062 1.82408 0 239.355 1.03355e-07
0.437062 1.82408 0 240.357 1.02396e-07
0.437062 1.82408 0 241.36 1.01447e-07
0.437062 1.82408 0 242.362 1.00509e-07
0.437062 1.82408 0 243.365 9.95795e-08
0.437062 1.82408 0 244.367 9.866e-08
0.437062 1.82408 0 245.37 9.77499e-08
0.437062 1.82408 0 246.372 9.68491e-08
0.437062 1.82408 0 247.375 9.59576e-08
0.437062 1.82408 0 248.377 9.50751e-08
0.437062 1.82408 0 249.38 9.42017e-08
0.437062 1.82408 0 250.382 9.33371e-08
0.437062 1.82408 0 251.385 9.24813e-08
0.437062 1.82408 0 252.387 9.16342e-08
0.437062 1.82408 0 253.39 9.07956e-08
0.437062 1.82408 0 254.392 8.99655e-08
0.437062 1.82408 0 255.395 8.91437e-08
0.437062 1.82408 0 256.397 8.83302e-08
0.437062 1.82408 0 257.4 8.75248e-08
0.437062 1.82408 0 258.402 8.67275e-08
0.437062 1.82408 0 259.405 8.59382e-08
0.437062 1.82408 0 260.407 8.51568e-08
0.437062 1.82408 0 261.409 8.43831e-08
0.437062 1.82408 0 262.412 8.36171e-08
0.437062 1.82408 0 263.414 8.28587e-08
0.437062 1.82408 0 264.417 8.21078e-08
0.437062 1.82408 0 265.419 8.13644e-08
0.437062 1.82408 0 266.422 8.06283e-08
0.437062 1.82408 0 267.424 7.98994e-08
0.437062 1.82408 0 268.427 7.91777e-08
0.437062 1.82408 0 269.429 7.84631e-08
0.437062 1.82408 0 270.432 7.77555e-08
0.437062 1.82408 0 271.434 7.70548e-08
0.437062 1.82408 0 272.437 7.6361e-08
0.437062 1.82408 0 273.439 7.5674e-08
0.437062 1.82408 0 274.442 7.49936e-08
0.437062 1.82408 0 275.444 7.43199e-08
0.437062 1.82408 0 276.447 7.36527e-08
0.437062 1.82408 0 277.449 7.2992e-08
0.437062 1.82408 0 278.452 7.23377e-08
0.437062 1.82408 0 279.454 7.16898e-08
0.437062 1.82408 0 280.457 7.10481e-08
0.437062 1.82408 0 281.459 7.04126e-08
0.437062 1.82408 0 282.462 6.97832e-08
0.437062 1.82408 0 283.464 6.91599e-08
0.437062 1.82408 0 284.467 6.85425e-08
0.437062 1.82408 0 285.469 6.79311e-08
0.437062 1.82408 0 286.472 6.73256e-08
0.437062 1.82408 0 287.474 6.67258e-08
0.437062 1.82408 0 288.476 6.61318e-08
0.437062 1.82408 0 289.479 6.55435e-08
0.437062 1.82408 0 290.481 6.49608e-08
0.437062 1.82408 0 291.484 6.43836e-08
0.437062 1.82408 0 292.486 6.38119e-08
0.437062 1.82408 0 293.489 6.32457e-08
0.437062 1.82408 0 294.491 6.26848e-08
0.437062 1.82408 0 295.494 6.21293e-08
0.437062 1.82408 0 296.496 6.1579e-08
0.437062 1.82408 0 297.499 6.1034e-08
0.437062 1.82408 0 298.501 6.0494e-08
0.437062 1.82408 0 299.504 5.99592e-08
0.437062 1.82408 0 300.506 5.94295e-08
0.437062 1.82408 0 301.509 5.89047e-08
0.437062 1.82408 0 302.511 5.83848e-08
0.437062 1.82408 0 303.514 5.78699e-08
0.437062 1.82408 0 304.516 5.73598e-08
0.437062 1.82408 0 305.519 5.68544e-08
0.437062 1.82408 0 306.521 5.63539e-08
0.437062 1.82408 0 307.524 5.5858e-08
0.437062 1.82408 0 308.526 5.53667e-08
0.437062 1.82408 0 309.529 5.488e-08
0.437062 1.82408 0 310.531 5.43979e-08
0.437062 1.82408 0 311.534 5.39203e-08
0.437062 1.82408 0 312.536 5.34471e-08
0.437062 1.82408 0 313.538 5.29783e-08
0.437062 1.82408 0 314.541 5.25139e-08
0.437062 1.82408 0 315.543 5.20538e-08
0.437062 1.82408 0 316.546 5.1598e-08
0.437062 1.82408 0 317.548 5.11464e-08
0.437062 1.82408 0 318.551 5.0699e-08
0.437062 1.82408 0 319.553 5.02557e-08
0.437062 1.82408 0 320.556 4.98165e-08
0.437062 1.82408 0 321.558 4.93814e-08
0.437062 1.82408 0 322.561 4.89503e-08
0.437062 1.82408 0 323.563 4.85232e-08
0.437062 1.82408 0 324.566 4.81e-08
0.437062 1.82408 0 325.568 4.76808e-08
0.437062 1.82408 0 326.571 4.72654e-08
0.437062 1.82408 0 327.573 4.68538e-08
0.437062 1.82408 0 328.576 4.6446e-08
0.437062 1.82408 0 329.578 4.60419e-08
0.437062 1.82408 0 330.581 4.56415e-08
0.437062 1.82408 0 331.583 4.52448e-08
0.437062 1.82408 0 332.586 4.48518e-08
0.437062 1.82408 0 333.588 4.44623e-08
0.437062 1.82408 0 334.591 4.40764e-08
0.437062 1.82408 0 335.593 4.36941e-08
0.437062 1.82408 0 336.596 4.33152e-08
0.437062 1.82408 0 337.598 4.29398e-08
0.437062 1.82408 0 338.601 4.25678e-08
0.437062 1.82408 0 339.603 4.21992e-08
0.437062 1.82408 0 340.605 4.18339e-08
0.437062 1.82408 0 341.608 4.1472e-08
0.437062 1.82408 0 342.61 4.11134e-08
0.437062 1.82408 0 343.613 4.0758e-08
0.437062 1.82408 0 344.615 4.04059e-08
0.437062 1.82408 0 345.618 4.00569e-08
0.437062 1.82408 0 346.62 3.97111e-08
0.437062 1.82408 0 347.623 3.93685e-08
0.437062 1.82408 0 348.625 3.90289e-08
0.437062 1.82408 0 349.628 3.86924e-08
0.437062 1.82408 0 350.63 3.8359e-08
0.437062 1.82408 0 351.633 3.80286e-08
0.437062 1.82408 0 352.635 3.77011e-08
0.437062 1.82408 0 353.638 3.73767e-08
0.437062 1.82408 0 354.64 3.70551e-08
0.437062 1.82408 0 355.643 3.67364e-08
0.437062 1.82408 0 356.645 3.64207e-08
0.437062 1.82408 0 357.648 3.61077e-08
0.437062 1.82408 0 358.65 3.57976e-08
0.437062 1.82408 0 359.653 3.54903e-08
0.437062 1.82408 0 360.655 3.51857e-08
0.437062 1.82408 0 361.658 3.48838e-08
0.437062 1.82408 0 362.66 3.45847e-08
0.437062 1.82408 0 363.663 3.42882e-08
0.437062 1.82408 0 364.665 3.39945e-08
0.437062 1.82408 0 365.668 3.37033e-08
0.437062 1.82408 0 366.67 3.34147e-08
0.437062 1.82408 0 367.672 3.31288e-08
0.437062 1.82408 0 368.675 3.28453e-08
0.437062 1.82408 0 369.677 3.25645e-08
0.437062 1.82408 0 370.68 3.22861e-08
0.437062 1.82408 0 371.682 3.20102e-08
0.437062 1.82408 0 372.685 3.17368e-08
0.437062 1.82408 0 373.687 3.14658e-08
0.437062 1.82408 0 374.69 3.11972e-08
0.437062 1.82408 0 375.692 3.0931e-08
0.437062 1.82408 0 376.695 3.06672e-08
0.437062 1.82408 0 377.697 3.04058e-08
0.437062 1.82408 0 378.7 3.01466e-08
0.437062 1.82408 0 379.702 2.98898e-08
0.437062 1.82408 0 380.705 2.96352e-08
0.437062 1.82408 0 381.707 2.93829e-08
0.437062 1.82408 0 382.71 2.91329e-08
0.437062 1.82408 0 383.712 2.8885e-08
0.437062 1.82408 0 384.715 2.86394e-08
0.437062 1.82408 0 385.717 2.83959e-08
0.437062 1.82408 0 386.72 2.81546e-08
0.437062 1.82408 0 387.722 2.79155e-08
0.437062 1.82408 0 388.725 2.76784e-08
0.437062 1.82408 0 389.727 2.74434e-08
0.437062 1.82408 0 390.73 2.72106e-08
0.437062 1.82408 0 391.732 2.69797e-08
0.437062 1.82408 0 392.735 2.67509e-08
0.437062 1.82408 0 393.737 2.65242e-08
0.437062 1.82408 0 394.739 2.62994e-08
0.437062 1.82408 0 395.742 2.60766e-08
0.437062 1.82408 0 396.744 2.58558e-08
0.437062 1.82408 0 397.747 2.56369e-08
0.437062 1.82408 0 398.749 2.542e-08
0.437062 1.82408 0 399.752 2.52049e-08
0.437062 1.82408 0 400.754 2.49918e-08
0.437062 1.82408 0 401.757 2.47805e-08
0.437062 1.82408 0 402.759 2.4571e-08
0.437062 1.82408 0 403.762 2.43635e-08
0.437062 1.82408 0 404.764 2.41577e-08
0.437062 1.82408 0 405.767 2.39537e-08
0.437062 1.82408 0 406.769 2.37516e-08
0.437062 1.82408 0 407.772 2.35512e-08
0.437062 1.82408 0 408.774 2.33525e-08
0.437062 1.82408 0 409.777 2.31556e-08
0.437062 1.82408 0 410.779 2.29604e-08
0.437062 1.82408 0 411.782 2.2767e-08
0.437062 1.82408 0 412.784 2.25752e-08
0.437062 1.82408 0 413.787 2.23851e-08
0.437062 1.82408 0 414.789 2.21967e-08
0.437062 1.82408 0 415.792 2.20099e-08
0.437062 1.82408 0 416.794 2.18247e-08
0.437062 1.82408 0 417.797 2.16412e-08
0.437062 1.82408 0 418.799 2.14592e-08
0.437062 1.82408 0 419.802 2.12788e-08
0.437062 1.82408 0 420.804 2.11001e-08
0.437062 1.82408 0 421.806 2.09228e-08
0.437062 1.82408 0 422.809 2.07471e-08
0.437062 1.82408 0 423.811 2.0573e-08
0.437062 1.82408 0 424.814 2.04003e-08
0.437062 1.82408 0 425.816 2.02292e-08
0.437062 1.82408 0 426.819 2.00595e-08
0.437062 1.82408 0 427.821 1.98914e-08
0.437062 1.82408 0 428.824 1.97246e-08
0.437062 1.82408 0 429.826 1.95594e-08
0.437062 1.82408 0 430.829 1.93955e-08
0.437062 1.82408 0 431.831 1.92331e-08
0.437062 1.82408 0 432.834 1.90721e-08
0.437062 1.82408 0 433.836 1.89125e-08
0.437062 1.82408 0 434.839 1.87543e-08
0.437062 1.82408 0 435.841 1.85974e-08
0.437062 1.82408 0 436.844 1.84419e-08
0.437062 1.82408 0 437.846 1.82877e-08
0.437062 1.82408 0 438.849 1.81349e-08
0.437062 1.82408 0 439.851 1.79834e-08
0.437062 1.82408 0 440.854 1.78332e-08
0.437062 1.82408 0 441.856 1.76843e-08
0.437062 1.82408 0 442.859 1.75367e-08
0.437062 1.82408 0 443.861 1.73904e-08
0.437062 1.82408 0 444.864 1.72453e-08
0.437062 1.82408 0 445.866 1.71015e-08
0.437062 1.82408 0 446.868 1.6959e-08
0.437062 1.82408 0 447.871 1.68176e-08
0.437062 1.82408 0 448.873 1.66775e-08
0.437062 1.82408 0 449.876 1.65386e-08
0.437062 1.82408 0 450.878 1.64008e-08
0.437062 1.82408 0 451.881 1.62643e-08
0.437062 1.82408 0 452.883 1.61289e-08
0.437062 1.82408 0 453.886 1.59947e-08
0.437062 1.82408 0 454.888 1.58617e-08
0.437062 1.82408 0 455.891 1.57298e-08
0.437062 1.82408 0 456.893 1.5599e-08
0.437062 1.82408 0 457.896 1.54694e-08
0.437062 1.82408 0 458.898 1.53408e-08
0.437062 1.82408 0 459.901 1.52134e-08
0.437062 1.82408 0 460.903 1.50871e-08
0.437062 1.82408 0 461.906 1.49618e-08
0.437062 1.82408 0 462.908 1.48376e-08
0.437062 1.82408 0 463.911 1.47145e-08
0.437062 1.82408 0 464.913 1.45924e-08
0.437062 1.82408 0 465.916 1.44714e-08
0.437062 1.82408 0 466.918 1.43515e-08
0.437062 1.82408 0 467.921 1.42325e-08
0.437062 1.82408 0 468.923 1.41146e-08
0.437062 1.82408 0 469.926 1.39976e-08
0.437062 1.82408 0 470.928 1.38817e-08
0.437062 1.82408 0 471.931 1.37668e-08
0.437062 1.82408 0 472.933 1.36528e-08
0.437062 1.82408 0 473.935 1.35398e-08
0.437062 1.82408 0 474.938 1.34278e-08
0.437062 1.82408 0 475.94 1.33168e-08
0.437062 1.82408 0 476.943 1.32067e-08
0.437062 1.82408 0 477.945 1.30975e-08
0.437062 1.82408 0 478.948 1.29892e-08
0.437062 1.82408 0 479.95 1.28819e-08
0.437062 1.82408 0 480.953 1.27755e-08
0.437062 1.82408 0 481.955 1.267e-08
0.437062 1.82408 0 482.958 1.25654e-08
0.437062 1.82408 0 483.96 1.24617e-08
0.437062 1.82408 0 484.963 1.23589e-08
0.437062 1.82408 0 485.965 1.22569e-08
0.437062 1.82408 0 486.968 1.21558e-08
0.437062 1.82408 0 487.97 1.20556e-08
0.437062 1.82408 0 488.973 1.19562e-08
0.437062 1.82408 0 489.975 1.18577e-08
0.437062 1.82408 0 490.978 1.176e-08
0.437062 1.82408 0 491.98 1.16631e-08
0.437062 1.82408 0 492.983 1.15671e-08
0.437062 1.82408 0 493.985 1.14719e-08
0.437062 1.82408 0 494.988 1.13775e-08
0.437062 1.82408 0 495.99 1.12838e-08
0.437062 1.82408 0 496.993 1.1191e-08
0.437062 1.82408 0 497.995 1.1099e-08
0.437062 1.82408 0 498.998 1.10077e-08
0.437062 1.82408 0 500 1.09172e-08
0.437062 1.82408 0 100.01 3.87251e-07
0.437062 1.82408 0 101.012 6.73724e-07
0.437062 1.82408 0 102.015 6.40305e-07
0.437062 1.82408 0 103.017 6.00707e-07
0.437062 1.82408 0 104.02 5.70977e-07
0.437062 1.82408 0 105.022 5.47394e-07
0.437062 1.82408 0 106.025 5.27747e-07
0.437062 1.82408 0 107.027 5.10829e-07
0.437062 1.82408 0 108.03 4.95918e-07
0.437062 1.82408 0 109.032 4.82549e-07
0.437062 1.82408 0 110.035 4.70401e-07
0.437062 1.82408 0 111.037 4.5925e-07
0.437062 1.82408 0 112.04 4.48925e-07
0.437062 1.82408 0 113.042 4.39299e-07
0.437062 1.82408 0 114.045 4.30274e-07
0.437062 1.82408 0 115.047 4.21769e-07
0.437062 1.82408 0 116.05 4.13721e-07
0.437062 1.82408 0 117.052 4.06077e-07
0.437062 1.82408 0 118.055 3.98795e-07
0.437062 1.82408 0 119.057 3.91837e-07
0.437062 1.82408 0 120.06 3.85173e-07
0.437062 1.82408 0 121.062 3.78776e-07
0.437062 1.82408 0 122.065 3.72624e-07
0.437062 1.82408 0 123.067 3.66696e-07
0.437062 1.82408 0 124.07 3.60975e-07
0.437062 1.82408 0 125.072 3.55446e-07
0.437062 1.82408 0 126.075 3.50096e-07
0.437062 1.82408 0 127.077 3.44911e-07
0.437062 1.82408 0 128.079 3.39883e-07
0.437062 1.82408 0 129.082 3.35e-07
0.437062 1.82408 0 130.084 3.30254e-07
0.437062 1.82408 0 131.087 3.25637e-07
0.437062 1.82408 0 132.089 3.21143e-07
0.437062 1.82408 0 133.092 3.16764e-07
0.437062 1.82408 0 134.094 3.12494e-07
0.437062 1.82408 0 135.097 3.08329e-07
0.437062 1.82408 0 136.099 3.04262e-07
0.437062 1.82408 0 137.102 3.0029e-07
0.437062 1.82408 0 138.104 2.96408e-07
0.437062 1.82408 0 139.107 2.92612e-07
0.437062 1.82408 0 140.109 2.88898e-07
0.437062 1.82408 0 141.112 2.85264e-07
0.437062 1.82408 0 142.114 2.81705e-07
0.437062 1.82408 0 143.117 2.78219e-07
0.437062 1.82408 0 144.119 2.74802e-07
0.437062 1.82408 0 145.122 2.71453e-07
0.437062 1.82408 0 146.124 2.68169e-07
0.437062 1.82408 0 147.127 2.64948e-07
0.437062 1.82408 0 148.129 2.61787e-07
0.437062 1.82408 0 149.132 2.58684e-07
0.437062 1.82408 0 150.134 2.55637e-07
0.437062 1.82408 0 151.137 2.52645e-07
0.437062 1.82408 0 152.139 2.49706e-07
0.437062 1.82408 0 153.142 2.46818e-07
0.437062 1.82408 0 154.144 2.43979e-07
0.437062 1.82408 0 155.146 2.41189e-07
0.437062 1.82408 0 156.149 2.38445e-07
0.437062 1.82408 0 157.151 2.35746e-07
0.437062 1.82408 0 158.154 2.33092e-07
0.437062 1.82408 0 159.156 2.3048e-07
0.437062 1.82408 0 160.159 2.2791e-07
0.437062 1.82408 0 161.161 2.2538e-07
0.437062 1.82408 0 162.164 2.2289e-07
0.437062 1.82408 0 163.166 2.20439e-07
0.437062 1.82408 0 164.169 2.18024e-07
0.437062 1.82408 0 165.171 2.15647e-07
0.437062 1.82408 0 166.174 2.13304e-07
0.437062 1.82408 0 167.176 2.10997e-07
0.437062 1.82408 0 168.179 2.08724e-07
0.437062 1.82408 0 169.181 2.06483e-07
0.437062 1.82408 0 170.184 2.04275e-07
0.437062 1.82408 0 171.186 2.02098e-07
0.437062 1.82408 0 172.189 1.99953e-07
0.437062 1.82408 0 173.191 1.97837e-07
0.437062 1.82408 0 174.194 1.95751e-07
0.437062 1.82408 0 175.196 1.93694e-07
0.437062 1.82408 0 176.199 1.91665e-07
0.437062 1.82408 0 177.201 1.89664e-07
0.437062 1.82408 0 178.204 1.8769e-07
0.437062 1.82408 0 179.206 1.85743e-07
0.437062 1.82408 0 180.208 1.83821e-07
0.437062 1.82408 0 181.211 1.81925e-07
0.437062 1.82408 0 182.213 1.80054e-07
0.437062 1.82408 0 183.216 1.78207e-07
0.437062 1.82408 0 184.218 1.76384e-07
0.437062 1.82408 0 185.221 1.74585e-07
0.437062 1.82408 0 186.223 1.72809e-07
0.437062 1.82408 0 187.226 1.71056e-07
0.437062 1.82408 0 188.228 1.69324e-07
0.437062 1.82408 0 189.231 1.67615e-07
0.437062 1.82408 0 190.233 1.65927e-07
0.437062 1.82408 0 191.236 1.6426e-07
0.437062 1.82408 0 192.238 1.62614e-07
0.437062 1.82408 0 193.241 1.60988e-07
0.437062 1.82408 0 194.243 1.59381e-07
0.437062 1.82408 0 195.246 1.57795e-07
0.437062 1.82408 0 196.248 1.56228e-07
0.437062 1.82408 0 197.251 1.54679e-07
0.437062 1.82408 0 198.253 1.53149e-07
0.437062 1.82408 0 199.256 1.51638e-07
0.437062 1.82408 0 200.258 1.50144e-07
0.437062 1.82408 0 201.261 1.48668e-07
0.437062 1.82408 0 202.263 1.4721e-07
0.437062 1.82408 0 203.266 1.45769e-07
0.437062 1.82408 0 204.268 1.44344e-07
0.437062 1.82408 0 205.271 1.42936e-07
0.437062 1.82408 0 206.273 1.41545e-07
0.437062 1.82408 0 207.275 1.40169e-07
0.437062 1.82408 0 208.278 1.38809e-07
0.437062 1.82408 0 209.28 1.37465e-07
0.437062 1.82408 0 210.283 1.36136e-07
0.437062 1.82408 0 211.285 1.34822e-07
0.437062 1.82408 0 212.288 1.33523e-07
0.437062 1.82408 0 213.29 1.32239e-07
0.437062 1.82408 0 214.293 1.30969e-07
0.437062 1.82408 0 215.295 1.29714e-07
0.437062 1.82408 0 216.298 1.28472e-07
0.437062 1.82408 0 217.3 1.27244e-07
0.437062 1.82408 0 218.303 1.2603e-07
0.437062 1.82408 0 219.305 1.24829e-07
0.437062 1.82408 0 220.308 1.23641e-07
0.437062 1.82408 0 221.31 1.22466e-07
0.437062 1.82408 0 222.313 1.21304e-07
0.437062 1.82408 0 223.315 1.20155e-07
0.437062 1.82408 0 224.318 1.19019e-07
0.437062 1.82408 0 225.32 1.17894e-07
0.437062 1.82408 0 226.323 1.16782e-07
0.437062 1.82408 0 227.325 1.15681e-07
0.437062 1.82408 0 228.328 1.14593e-07
0.437062 1.82408 0 229.33 1.13516e-07
0.437062 1.82408 0 230.333 1.12451e-07
0.437062 1.82408 0 231.335 1.11397e-07
0.437062 1.82408 0 232.338 1.10354e-07
0.437062 1.82408 0 233.34 1.09322e-07
0.437062 1.82408 0 234.342 1.08301e-07
0.437062 1.82408 0 235.345 1.07291e-07
0.437062 1.82408 0 236.347 1.06291e-07
0.437062 1.82408 0 237.35 1.05302e-07
0.437062 1.82408 0 238.352 1.04323e-07
0.437062 1.82408 0 239.355 1.03355e-07
0.437062 1.82408 0 240.357 1.02396e-07
0.437062 1.82408 0 241.36 1.01447e-07
0.437062 1.82408 0 242.362 1.00509e-07
0.437062 1.82408 0 243.365 9.95795e-08
0.437062 1.82408 0 244.367 9.866e-08
0.437062 1.82408 0 245.37 9.77499e-08
0.437062 1.82408 0 246.372 9.68491e-08
0.437062 1.82408 0 247.375 9.59576e-08
0.437062 1.82408 0 248.377 9.50751e-08
0.437062 1.82408 0 249.38 9.42017e-08
0.437062 1.82408 0 250.382 9.33371e-08
0.437062 1.82408 0 251.385 9.24813e-08
0.437062 1.82408 0 252.387 9.16342e-08
0.437062 1.82408 0 253.39 9.07956e-08
0.437062 1.82408 0 254.392 8.99655e-08
0.437062 1.82408 0 255.395 8.91437e-08
0.437062 1.82408 0 256.397 8.83302e-08
0.437062 1.82408 0 257.4 8.75248e-08
0.437062 1.82408 0 258.402 8.67275e-08
0.437062 1.82408 0 259.405 8.59382e-08
0.437062 1.82408 0 260.407 8.51568e-08
0.437062 1.82408 0 261.409 8.43831e-08
0.437062 1.82408 0 262.412 8.36171e-08
0.437062 1.82408 0 263.414 8.28587e-08
0.437062 1.82408 0 264.417 8.21078e-08
0.437062 1.82408 0 265.419 8.13644e-08
0.437062 1.82408 0 266.422 8.06283e-08
0.437062 1.82408 0 267.424 7.98994e-08
0.437062 1.82408 0 268.427 7.91777e-08
0.437062 1.82408 0 269.429 7.84631e-08
0.437062 1.82408 0 270.432 7.77555e-08
0.437062 1.82408 0 271.434 7.70548e-08
0.437062 1.82408 0 272.437 7.6361e-08
0.437062 1.82408 0 273.439 7.5674e-08
0.437062 1.82408 0 274.442 7.49936e-08
0.437062 1.82408 0 275.444 7.43199e-08
0.437062 1.82408 0 276.447 7.36527e-08
0.437062 1.82408 0 277.449 7.2992e-08
0.437062 1.82408 0 278.452 7.23377e-08
0.437062 1.82408 0 279.454 7.16898e-08
0.437062 1.82408 0 280.457 7.10481e-08
0.437062 1.82408 0 281.459 7.04126e-08
0.437062 1.82408 0 282.462 6.97832e-08
0.437062 1.82408 0 283.464 6.91599e-08
0.437062 1.82408 0 284.467 6.85425e-08
0.437062 1.82408 0 285.469 6.79311e-08
0.437062 1.82408 0 286.472 6.73256e-08
0.437062 1.82408 0 287.474 6.67258e-08
0.437062 1.82408 0 288.476 6.61318e-08
0.437062 1.82408 0 289.479 6.55435e-08
0.437062 1.82408 0 290.481 6.49608e-08
0.437062 1.82408 0 291.484 6.43836e-08
0.437062 1.82408 0 292.486 6.38119e-08
0.437062 1.82408 0 293.489 6.32457e-08
0.437062 1.82408 0 294.491 6.26848e-08
0.437062 1.82408 0 295.494 6.21293e-08
0.437062 1.82408 0 296.496 6.1579e-08
0.437062 1.82408 0 297.499 6.1034e-08
0.437062 1.82408 0 298.501 6.0494e-08
0.437062 1.82408 0 299.504 5.99592e-08
0.437062 1.82408 0 300.506 5.94295e-08
0.437062 1.82408 0 301.509 5.89047e-08
0.437062 1.82408 0 302.511 5.83848e-08
0.437062 1.82408 0 303.514 5.78699e-08
0.437062 1.82408 0 304.516 5.73598e-08
0.437062 1.82408 0 305.519 5.68544e-08
0.437062 1.82408 0 306.521 5.63539e-08
0.437062 1.82408 0 307.524 5.5858e-08
0.437062 1.82408 0 308.526 5.53667e-08
0.437062 1.82408 0 309.529 5.488e-08
0.437062 1.82408 0 310.531 5.43979e-08
0.437062 1.82408 0 311.534 5.39203e-08
0.437062 1.82408 0 312.536 5.34471e-08
0.437062 1.82408 0 313.538 5.29783e-08
0.437062 1.82408 0 314.541 5.25139e-08
0.437062 1.82408 0 315.543 5.20538e-08
0.437062 1.82408 0 316.546 5.1598e-08
0.437062 1.82408 0 317.548 5.11464e-08
0.437062 1.82408 0 318.551 5.0699e-08
0.437062 1.82408 0 319.553 5.02557e-08
0.437062 1.82408 0 320.556 4.98165e-08
0.437062 1.82408 0 321.558 4.93814e-08
0.437062 1.82408 0 322.561 4.89503e-08
0.437062 1.82408 0 323.563 4.85232e-08
0.437062 1.82408 0 324.566 4.81e-08
0.437062 1.82408 0 325.568 4.76808e-08
0.437062 1.82408 0 326.571 4.72654e-08
0.437062 1.82408 0 327.573 4.68538e-08
0.437062 1.82408 0 328.576 4.6446e-08
0.437062 1.82408 0 329.578 4.60419e-08
0.437062 1.82408 0 330.581 4.56415e-08
0.437062 1.82408 0 331.583 4.52448e-08
0.437062 1.82408 0 332.586 4.48518e-08
0.437062 1.82408 0 333.588 4.44623e-08
0.437062 1.82408 0 334.591 4.40764e-08
0.437062 1.82408 0 335.593 4.36941e-08
0.437062 1.82408 0 336.596 4.33152e-08
0.437062 1.82408 0 337.598 4.29398e-08
0.437062 1.82408 0 338.601 4.25678e-08
0.437062 1.82408 0 339.603 4.21992e-08
0.437062 1.82408 0 340.605 4.18339e-08
0.437062 1.82408 0 341.608 4.1472e-08
0.437062 1.82408 0 342.61 4.11134e-08
0.437062 1.82408 0 343.613 4.0758e-08
0.437062 1.82408 0 344.615 4.04059e-08
0.437062 1.82408 0 345.618 4.00569e-08
0.437062 1.82408 0 346.62 3.97111e-08
0.437062 1.82408 0 347.623 3.93685e-08
0.437062 1.82408 0 348.625 3.90289e-08
0.437062 1.82408 0 349.628 3.86924e-08
0.437062 1.82408 0 350.63 3.8359e-08
0.437062 1.82408 0 351.633 3.80286e-08
0.437062 1.82408 0 352.635 3.77011e-08
0.437062 1.82408 0 353.638 3.73767e-08
0.437062 1.82408 0 354.64 3.70551e-08
0.437062 1.82408 0 355.643 3.67364e-08
0.437062 1.82408 0 356.645 3.64207e-08
0.437062 1.82408 0 357.648 3.61077e-08
0.437062 1.82408 0 358.65 3.57976e-08
0.437062 1.82408 0 359.653 3.54903e-08
0.437062 1.82408 0 360.655 3.51857e-08
0.437062 1.82408 0 361.658 3.48838e-08
0.437062 1.82408 0 362.66 3.45847e-08
0.437062 1.82408 0 363.663 3.42882e-08
0.437062 1.82408 0 364.665 3.39945e-08
0.437062 1.82408 0 365.668 3.37033e-08
0.437062 1.82408 0 366.67 3.34147e-08
0.437062 1.82408 0 367.672 3.31288e-08
0.437062 1.82408 0 368.675 3.28453e-08
0.437062 1.82408 0 369.677 3.25645e-08
0.437062 1.82408 0 370.68 3.22861e-08
0.437062 1.82408 0 371.682 3.20102e-08
0.437062 1.82408 0 372.685 3.17368e-08
0.437062 1.82408 0 373.687 3.14658e-08
0.437062 1.82408 0 374.69 3.11972e-08
0.437062 1.82408 0 375.692 3.0931e-08
0.437062 1.82408 0 376.695 3.06672e-08
0.437062 1.82408 0 377.697 3.04058e-08
0.437062 1.82408 0 378.7 3.01466e-08
0.437062 1.82408 0 379.702 2.98898e-08
0.437062 1.82408 0 380.705 2.96352e-08
0.437062 1.82408 0 381.707 2.93829e-08
0.437062 1.82408 0 382.71 2.91329e-08
0.437062 1.82408 0 383.712 2.8885e-08
0.437062 1.82408 0 384.715 2.86394e-08
0.437062 1.82408 0 385.717 2.83959e-08
0.437062 1.82408 0 386.72 2.81546e-08
0.437062 1.82408 0 387.722 2.79155e-08
0.437062 1.82408 0 388.725 2.76784e-08
0.437062 1.82408 0 389.727 2.74434e-08
0.437062 1.82408 0 390.73 2.72106e-08
0.437062 1.82408 0 391.732 2.69797e-08
0.437062 1.82408 0 392.735 2.67509e-08
0.437062 1.82408 0 393.737 2.65242e-08
0.437062 1.82408 0 394.739 2.62994e-08
0.437062 1.82408 0 395.742 2.60766e-08
0.437062 1.82408 0 396.744 2.58558e-08
0.437062 1.82408 0 397.747 2.56369e-08
0.437062 1.82408 0 398.749 2.542e-08
0.437062 1.82408 0 399.752 2.52049e-08
0.437062 1.82408 0 400.754 2.49918e-08
0.437062 1.82408 0 401.757 2.47805e-08
0.437062 1.82408 0 402.759 2.4571e-08
0.437062 1.82408 0 403.762 2.43635e-08
0.437062 1.82408 0 404.764 2.41577e-08
0.437062 1.82408 0 405.767 2.39537e-08
0.437062 1.82408 0 406.769 2.37516e-08
0.437062 1.82408 0 407.772 2.35512e-08
0.437062 1.82408 0 408.774 2.33525e-08
0.437062 1.82408 0 409.777 2.31556e-08
0.437062 1.82408 0 410.779 2.29604e-08
0.437062 1.82408 0 411.782 2.2767e-08
0.437062 1.82408 0 412.784 2.25752e-08
0.437062 1.82408 0 413.787 2.23851e-08
0.437062 1.82408 0 414.789 2.21967e-08
0.437062 1.82408 0 415.792 2.20099e-08
0.437062 1.82408 0 416.794 2.18247e-08
0.437062 1.82408 0 417.797 2.16412e-08
0.437062 1.82408 0 418.799 2.14592e-08
0.437062 1.82408 0 419.802 2.12788e-08
0.437062 1.82408 0 420.804 2.11001e-08
0.437062 1.82408 0 421.806 2.09228e-08
0.437062 1.82408 0 422.809 2.07471e-08
0.437062 1.82408 0 423.811 2.0573e-08
0.437062 1.82408 0 424.814 2.04003e-08
0.437062 1.82408 0 425.816 2.02292e-08
0.437062 1.82408 0 426.819 2.00595e-08
0.437062 1.82408 0 427.821 1.98914e-08
0.437062 1.82408 0 428.824 1.97246e-08
0.437062 1.82408 0 429.826 1.95594e-08
0.437062 1.82408 0 430.829 1.93955e-08
0.437062 1.82408 0 431.831 1.92331e-08
0.437062 1.82408 0 432.834 1.90721e-08
0.437062 1.82408 0 433.836 1.89125e-08
0.437062 1.82408 0 434.839 1.87543e-08
0.437062 1.82408 0 435.841 1.85974e-08
0.437062 1.82408 0 436.844 1.84419e-08
0.437062 1.82408 0 437.846 1.82877e-08
0.437062 1.82408 0 438.849 1.81349e-08
0.437062 1.82408 0 439.851 1.79834e-08
0.437062 1.82408 0 440.854 1.78332e-08
0.437062 1.82408 0 441.856 1.76843e-08
0.437062 1.82408 0 442.859 1.75367e-08
0.437062 1.82408 0 443.861 1.73904e-08
0.437062 1.82408 0 444.864 1.72453e-08
0.437062 1.82408 0 445.866 1.71015e-08
0.437062 1.82408 0 446.868 1.6959e-08
0.437062 1.82408 0 447.871 1.68176e-08
0.437062 1.82408 0 448.873 1.66775e-08
0.437062 1.82408 0 449.876 1.65386e-08
0.437062 1.82408 0 450.878 1.64008e-08
0.437062 1.82408 0 451.881 1.62643e-08
0.437062 1.82408 0 452.883 1.61289e-08
0.437062 1.82408 0 453.886 1.59947e-08
0.437062 1.82408 0 454.888 1.58617e-08
0.437062 1.82408 0 455.891 1.57298e-08
0.437062 1.82408 0 456.893 1.5599e-08
0.437062 1.82408 0 457.896 1.54694e-08
0.437062 1.82408 0 458.898 1.53408e-08
0.437062 1.82408 0 459.901 1.52134e-08
0.437062 1.82408 0 460.903 1.50871e-08
0.437062 1.82408 0 461.906 1.49618e-08
0.437062 1.82408 0 462.908 1.48376e-08
0.437062 1.82408 0 463.911 1.47145e-08
0.437062 1.82408 0 464.913 1.45924e-08
0.437062 1.82408 0 465.916 1.44714e-08
0.437062 1.82408 0 466.918 1.43515e-08
0.437062 1.82408 0 467.921 1.42325e-08
0.437062 1.82408 0 468.923 1.41146e-08
0.437062 1.82408 0 469.926 1.39976e-08
0.437062 1.82408 0 470.928 1.38817e-08
0.437062 1.82408 0 471.931 1.37668e-08
0.437062 1.82408 0 472.933 1.36528e-08
0.437062 1.82408 0 473.935 1.35398e-08
0.437062 1.82408 0 474.938 1.34278e-08
0.437062 1.82408 0 475.94 1.33168e-08
0.437062 1.82408 0 476.943 1.32067e-08
0.437062 1.82408 0 477.945 1.30975e-08
0.437062 1.82408 0 478.948 1.29892e-08
0.437062 1.82408 0 479.95 1.28819e-08
0.437062 1.82408 0 480.953 1.27755e-08
0.437062 1.82408 0 481.955 1.267e-08
0.437062 1.82408 0 482.958 1.25654e-08
0.437062 1.82408 0 483.96 1.24617e-08
0.437062 1.82408 0 484.963 1.23589e-08
0.437062 1.82408 0 485.965 1.22569e-08
0.437062 1.82408 0 486.968 1.21558e-08
0.437062 1.82408 0 487.97 1.20556e-08
0.437062 1.82408 0 488.973 1.19562e-08
0.437062 1.82408 0 489.975 1.18577e-08
0.437062 1.82408 0 490.978 1.176e-08
0.437062 1.82408 0 491.98 1.16631e-08
0.437062 1.82408 0 492.983 1.15671e-08
0.437062 1.82408 0 493.985 1.14719e-08
0.437062 1.82408 0 494.988 1.13775e-08
0.437062 1.82408 0 495.99 1.12838e-08
0.437062 1.82408 0 496.993 1.1191e-08
0.437062 1.82408 0 497.995 1.1099e-08
0.437062 1.82408 0 498.998 1.10077e-08
0.437062 1.82408 0 500 1.09172e-08
