0.40284 1.4382 200 150.015 4.9094e-07
0.40284 1.4382 200 151.017 8.64944e-07
0.40284 1.4382 200 152.02 8.71781e-07
0.40284 1.4382 200 153.022 8.44888e-07
0.40284 1.4382 200 154.025 8.20395e-07
0.40284 1.4382 200 155.027 7.99442e-07
0.40284 1.4382 200 156.03 7.81043e-07
0.40284 1.4382 200 157.032 7.64483e-07
0.40284 1.4382 200 158.035 7.49309e-07
0.40284 1.4382 200 159.037 7.35226e-07
0.40284 1.4382 200 160.04 7.22031e-07
0.40284 1.4382 200 161.042 7.09577e-07
0.40284 1.4382 200 162.045 6.97756e-07
0.40284 1.4382 200 163.047 6.86483e-07
0.40284 1.4382 200 164.05 6.75692e-07
0.40284 1.4382 200 165.052 6.65331e-07
0.40284 1.4382 200 166.054 6.55356e-07
0.40284 1.4382 200 167.057 6.45732e-07
0.40284 1.4382 200 168.059 6.36428e-07
0.40284 1.4382 200 169.062 6.27418e-07
0.40284 1.4382 200 170.064 6.18681e-07
0.40284 1.4382 200 171.067 6.10198e-07
0.40284 1.4382 200 172.069 6.01951e-07
0.40284 1.4382 200 173.072 5.93925e-07
0.40284 1.4382 200 174.074 5.86108e-07
0.40284 1.4382 200 175.077 5.78488e-07
0.40284 1.4382 200 176.079 5.71054e-07
0.40284 1.4382 200 177.082 5.63797e-07
0.40284 1.4382 200 178.084 5.56707e-07
0.40284 1.4382 200 179.087 5.49778e-07
0.40284 1.4382 200 180.089 5.43001e-07
0.40284 1.4382 200 181.092 5.3637e-07
0.40284 1.4382 200 182.094 5.29879e-07
0.40284 1.4382 200 183.096 5.23522e-07
0.40284 1.4382 200 184.099 5.17294e-07
0.40284 1.4382 200 185.101 5.1119e-07
0.40284 1.4382 200 186.104 5.05205e-07
0.40284 1.4382 200 187.106 4.99336e-07
0.40284 1.4382 200 188.109 4.93577e-07
0.40284 1.4382 200 189.111 4.87926e-07
0.40284 1.4382 200 190.114 4.82378e-07
0.40284 1.4382 200 191.116 4.76931e-07
0.40284 1.4382 200 192.119 4.7158e-07
0.40284 1.4382 200 193.121 4.66324e-07
0.40284 1.4382 200 194.124 4.61159e-07
0.40284 1.4382 200 195.126 4.56082e-07
0.40284 1.4382 200 196.129 4.51092e-07
0.40284 1.4382 200 197.131 4.46185e-07
0.40284 1.4382 200 198.133 4.41359e-07
0.40284 1.4382 200 199.136 4.36612e-07
0.40284 1.4382 200 200.138 4.31942e-07
0.40284 1.4382 200 201.141 4.27347e-07
0.40284 1.4382 200 202.143 4.22825e-07
0.40284 1.4382 200 203.146 4.18374e-07
0.40284 1.4382 200 204.148 4.13992e-07
0.40284 1.4382 200 205.151 4.09677e-07
0.40284 1.4382 200 206.153 4.05428e-07
0.40284 1.4382 200 207.156 4.01244e-07
0.40284 1.4382 200 208.158 3.97122e-07
0.40284 1.4382 200 209.161 3.93062e-07
0.40284 1.4382 200 210.163 3.89061e-07
0.40284 1.4382 200 211.166 3.85119e-07
0.40284 1.4382 200 212.168 3.81234e-07
0.40284 1.4382 200 213.171 3.77405e-07
0.40284 1.4382 200 214.173 3.73631e-07
0.40284 1.4382 200 215.175 3.6991e-07
0.40284 1.4382 200 216.178 3.66241e-07
0.40284 1.4382 200 217.18 3.62624e-07
0.40284 1.4382 200 218.183 3.59057e-07
0.40284 1.4382 200 219.185 3.55539e-07
0.40284 1.4382 200 220.188 3.5207e-07
0.40284 1.4382 200 221.19 3.48647e-07
0.40284 1.4382 200 222.193 3.45271e-07
0.40284 1.4382 200 223.195 3.4194e-07
0.40284 1.4382 200 224.198 3.38653e-07
0.40284 1.4382 200 225.2 3.3541e-07
0.40284 1.4382 200 226.203 3.3221e-07
0.40284 1.4382 200 227.205 3.29052e-07
0.40284 1.4382 200 228.208 3.25934e-07
0.40284 1.4382 200 229.21 3.22857e-07
0.40284 1.4382 200 230.212 3.1982e-07
0.40284 1.4382 200 231.215 3.16821e-07
0.40284 1.4382 200 232.217 3.13861e-07
0.40284 1.4382 200 233.22 3.10938e-07
0.40284 1.4382 200 234.222 3.08052e-07
0.40284 1.4382 200 235.225 3.05202e-07
0.40284 1.4382 200 236.227 3.02388e-07
0.40284 1.4382 200 237.23 2.99608e-07
0.40284 1.4382 200 238.232 2.96863e-07
0.40284 1.4382 200 239.235 2.94151e-07
0.40284 1.4382 200 240.237 2.91473e-07
0.40284 1.4382 200 241.24 2.88827e-07
0.40284 1.4382 200 242.242 2.86213e-07
0.40284 1.4382 200 243.245 2.8363e-07
0.40284 1.4382 200 244.247 2.81078e-07
0.40284 1.4382 200 245.25 2.78557e-07
0.40284 1.4382 200 246.252 2.76066e-07
0.40284 1.4382 200 247.254 2.73604e-07
0.40284 1.4382 200 248.257 2.71171e-07
0.40284 1.4382 200 249.259 2.68767e-07
0.40284 1.4382 200 250.262 2.6639e-07
0.40284 1.4382 200 251.264 2.64041e-07
0.40284 1.4382 200 252.267 2.6172e-07
0.40284 1.4382 200 253.269 2.59425e-07
0.40284 1.4382 200 254.272 2.57156e-07
0.40284 1.4382 200 255.274 2.54913e-07
0.40284 1.4382 200 256.277 2.52696e-07
0.40284 1.4382 200 257.279 2.50504e-07
0.40284 1.4382 200 258.282 2.48337e-07
0.40284 1.4382 200 259.284 2.46194e-07
0.40284 1.4382 200 260.287 2.44074e-07
0.40284 1.4382 200 261.289 2.41979e-07
0.40284 1.4382 200 262.291 2.39907e-07
0.40284 1.4382 200 263.294 2.37857e-07
0.40284 1.4382 200 264.296 2.35831e-07
0.40284 1.4382 200 265.299 2.33826e-07
0.40284 1.4382 200 266.301 2.31844e-07
0.40284 1.4382 200 267.304 2.29883e-07
0.40284 1.4382 200 268.306 2.27943e-07
0.40284 1.4382 200 269.309 2.26025e-07
0.40284 1.4382 200 270.311 2.24127e-07
0.40284 1.4382 200 271.314 2.22249e-07
0.40284 1.4382 200 272.316 2.20392e-07
0.40284 1.4382 200 273.319 2.18554e-07
0.40284 1.4382 200 274.321 2.16736e-07
0.40284 1.4382 200 275.324 2.14937e-07
0.40284 1.4382 200 276.326 2.13157e-07
0.40284 1.4382 200 277.329 2.11396e-07
0.40284 1.4382 200 278.331 2.09654e-07
0.40284 1.4382 200 279.333 2.07929e-07
0.40284 1.4382 200 280.336 2.06223e-07
0.40284 1.4382 200 281.338 2.04534e-07
0.40284 1.4382 200 282.341 2.02863e-07
0.40284 1.4382 200 283.343 2.01209e-07
0.40284 1.4382 200 284.346 1.99573e-07
0.40284 1.4382 200 285.348 1.97952e-07
0.40284 1.4382 200 286.351 1.96349e-07
0.40284 1.4382 200 287.353 1.94762e-07
0.40284 1.4382 200 288.356 1.93191e-07
0.40284 1.4382 200 289.358 1.91636e-07
0.40284 1.4382 200 290.361 1.90096e-07
0.40284 1.4382 200 291.363 1.88573e-07
0.40284 1.4382 200 292.366 1.87064e-07
0.40284 1.4382 200 293.368 1.85571e-07
0.40284 1.4382 200 294.37 1.84092e-07
0.40284 1.4382 200 295.373 1.82628e-07
0.40284 1.4382 200 296.375 1.81179e-07
0.40284 1.4382 200 297.378 1.79744e-07
0.40284 1.4382 200 298.38 1.78324e-07
0.40284 1.4382 200 299.383 1.76917e-07
0.40284 1.4382 200 300.385 1.75524e-07
0.40284 1.4382 200 301.388 1.74145e-07
0.40284 1.4382 200 302.39 1.72779e-07
0.40284 1.4382 200 303.393 1.71427e-07
0.40284 1.4382 200 304.395 1.70087e-07
0.40284 1.4382 200 305.398 1.68761e-07
0.40284 1.4382 200 306.4 1.67447e-07
0.40284 1.4382 200 307.403 1.66146e-07
0.40284 1.4382 200 308.405 1.64858e-07
0.40284 1.4382 200 309.408 1.63582e-07
0.40284 1.4382 200 310.41 1.62318e-07
0.40284 1.4382 200 311.412 1.61066e-07
0.40284 1.4382 200 312.415 1.59826e-07
0.40284 1.4382 200 313.417 1.58598e-07
0.40284 1.4382 200 314.42 1.57382e-07
0.40284 1.4382 200 315.422 1.56177e-07
0.40284 1.4382 200 316.425 1.54983e-07
0.40284 1.4382 200 317.427 1.53801e-07
0.40284 1.4382 200 318.43 1.52629e-07
0.40284 1.4382 200 319.432 1.51469e-07
0.40284 1.4382 200 320.435 1.50319e-07
0.40284 1.4382 200 321.437 1.4918e-07
0.40284 1.4382 200 322.44 1.48052e-07
0.40284 1.4382 200 323.442 1.46934e-07
0.40284 1.4382 200 324.445 1.45826e-07
0.40284 1.4382 200 325.447 1.44729e-07
0.40284 1.4382 200 326.449 1.43642e-07
0.40284 1.4382 200 327.452 1.42564e-07
0.40284 1.4382 200 328.454 1.41497e-07
0.40284 1.4382 200 329.457 1.40439e-07
0.40284 1.4382 200 330.459 1.39391e-07
0.40284 1.4382 200 331.462 1.38352e-07
0.40284 1.4382 200 332.464 1.37323e-07
0.40284 1.4382 200 333.467 1.36303e-07
0.40284 1.4382 200 334.469 1.35292e-07
0.40284 1.4382 200 335.472 1.34291e-07
0.40284 1.4382 200 336.474 1.33298e-07
0.40284 1.4382 200 337.477 1.32314e-07
0.40284 1.4382 200 338.479 1.3134e-07
0.40284 1.4382 200 339.482 1.30373e-07
0.40284 1.4382 200 340.484 1.29416e-07
0.40284 1.4382 200 341.487 1.28467e-07
0.40284 1.4382 200 342.489 1.27526e-07
0.40284 1.4382 200 343.491 1.26593e-07
0.40284 1.4382 200 344.494 1.25669e-07
0.40284 1.4382 200 345.496 1.24753e-07
0.40284 1.4382 200 346.499 1.23845e-07
0.40284 1.4382 200 347.501 1.22945e-07
0.40284 1.4382 200 348.504 1.22053e-07
0.40284 1.4382 200 349.506 1.21169e-07
0.40284 1.4382 200 350.509 1.20292e-07
0.40284 1.4382 200 351.511 1.19423e-07
0.40284 1.4382 200 352.514 1.18561e-07
0.40284 1.4382 200 353.516 1.17707e-07
0.40284 1.4382 200 354.519 1.16861e-07
0.40284 1.4382 200 355.521 1.16021e-07
0.40284 1.4382 200 356.524 1.15189e-07
0.40284 1.4382 200 357.526 1.14364e-07
0.40284 1.4382 200 358.528 1.13546e-07
0.40284 1.4382 200 359.531 1.12735e-07
0.40284 1.4382 200 360.533 1.11931e-07
0.40284 1.4382 200 361.536 1.11134e-07
0.40284 1.4382 200 362.538 1.10344e-07
0.40284 1.4382 200 363.541 1.0956e-07
0.40284 1.4382 200 364.543 1.08783e-07
0.40284 1.4382 200 365.546 1.08013e-07
0.40284 1.4382 200 366.548 1.07249e-07
0.40284 1.4382 200 367.551 1.06491e-07
0.40284 1.4382 200 368.553 1.0574e-07
0.40284 1.4382 200 369.556 1.04995e-07
0.40284 1.4382 200 370.558 1.04256e-07
0.40284 1.4382 200 371.561 1.03524e-07
0.40284 1.4382 200 372.563 1.02798e-07
0.40284 1.4382 200 373.566 1.02077e-07
0.40284 1.4382 200 374.568 1.01363e-07
0.40284 1.4382 200 375.57 1.00655e-07
0.40284 1.4382 200 376.573 9.99521e-08
0.40284 1.4382 200 377.575 9.92554e-08
0.40284 1.4382 200 378.578 9.85644e-08
0.40284 1.4382 200 379.58 9.78791e-08
0.40284 1.4382 200 380.583 9.71995e-08
0.40284 1.4382 200 381.585 9.65254e-08
0.40284 1.4382 200 382.588 9.58568e-08
0.40284 1.4382 200 383.59 9.51938e-08
0.40284 1.4382 200 384.593 9.45361e-08
0.40284 1.4382 200 385.595 9.38837e-08
0.40284 1.4382 200 386.598 9.32367e-08
0.40284 1.4382 200 387.6 9.2595e-08
0.40284 1.4382 200 388.603 9.19584e-08
0.40284 1.4382 200 389.605 9.1327e-08
0.40284 1.4382 200 390.607 9.07006e-08
0.40284 1.4382 200 391.61 9.00794e-08
0.40284 1.4382 200 392.612 8.94631e-08
0.40284 1.4382 200 393.615 8.88518e-08
0.40284 1.4382 200 394.617 8.82453e-08
0.40284 1.4382 200 395.62 8.76438e-08
0.40284 1.4382 200 396.622 8.7047e-08
0.40284 1.4382 200 397.625 8.6455e-08
0.40284 1.4382 200 398.627 8.58677e-08
0.40284 1.4382 200 399.63 8.52851e-08
0.40284 1.4382 200 400.632 8.47071e-08
0.40284 1.4382 200 401.635 8.41337e-08
0.40284 1.4382 200 402.637 8.35649e-08
0.40284 1.4382 200 403.64 8.30005e-08
0.40284 1.4382 200 404.642 8.24406e-08
0.40284 1.4382 200 405.645 8.18851e-08
0.40284 1.4382 200 406.647 8.13339e-08
0.40284 1.4382 200 407.649 8.07871e-08
0.40284 1.4382 200 408.652 8.02445e-08
0.40284 1.4382 200 409.654 7.97063e-08
0.40284 1.4382 200 410.657 7.91722e-08
0.40284 1.4382 200 411.659 7.86422e-08
0.40284 1.4382 200 412.662 7.81164e-08
0.40284 1.4382 200 413.664 7.75947e-08
0.40284 1.4382 200 414.667 7.70771e-08
0.40284 1.4382 200 415.669 7.65634e-08
0.40284 1.4382 200 416.672 7.60538e-08
0.40284 1.4382 200 417.674 7.5548e-08
0.40284 1.4382 200 418.677 7.50462e-08
0.40284 1.4382 200 419.679 7.45482e-08
0.40284 1.4382 200 420.682 7.40541e-08
0.40284 1.4382 200 421.684 7.35637e-08
0.40284 1.4382 200 422.686 7.30771e-08
0.40284 1.4382 200 423.689 7.25943e-08
0.40284 1.4382 200 424.691 7.21151e-08
0.40284 1.4382 200 425.694 7.16396e-08
0.40284 1.4382 200 426.696 7.11677e-08
0.40284 1.4382 200 427.699 7.06994e-08
0.40284 1.4382 200 428.701 7.02347e-08
0.40284 1.4382 200 429.704 6.97734e-08
0.40284 1.4382 200 430.706 6.93157e-08
0.40284 1.4382 200 431.709 6.88615e-08
0.40284 1.4382 200 432.711 6.84106e-08
0.40284 1.4382 200 433.714 6.79632e-08
0.40284 1.4382 200 434.716 6.75192e-08
0.40284 1.4382 200 435.719 6.70784e-08
0.40284 1.4382 200 436.721 6.6641e-08
0.40284 1.4382 200 437.724 6.62069e-08
0.40284 1.4382 200 438.726 6.5776e-08
0.40284 1.4382 200 439.728 6.53484e-08
0.40284 1.4382 200 440.731 6.49239e-08
0.40284 1.4382 200 441.733 6.45026e-08
0.40284 1.4382 200 442.736 6.40845e-08
0.40284 1.4382 200 443.738 6.36694e-08
0.40284 1.4382 200 444.741 6.32575e-08
0.40284 1.4382 200 445.743 6.28486e-08
0.40284 1.4382 200 446.746 6.24427e-08
0.40284 1.4382 200 447.748 6.20398e-08
0.40284 1.4382 200 448.751 6.16399e-08
0.40284 1.4382 200 449.753 6.1243e-08
0.40284 1.4382 200 450.756 6.08489e-08
0.40284 1.4382 200 451.758 6.04578e-08
0.40284 1.4382 200 452.761 6.00695e-08
0.40284 1.4382 200 453.763 5.96841e-08
0.40284 1.4382 200 454.765 5.93016e-08
0.40284 1.4382 200 455.768 5.89218e-08
0.40284 1.4382 200 456.77 5.85448e-08
0.40284 1.4382 200 457.773 5.81705e-08
0.40284 1.4382 200 458.775 5.7799e-08
0.40284 1.4382 200 459.778 5.74301e-08
0.40284 1.4382 200 460.78 5.7064e-08
0.40284 1.4382 200 461.783 5.67005e-08
0.40284 1.4382 200 462.785 5.63397e-08
0.40284 1.4382 200 463.788 5.59814e-08
0.40284 1.4382 200 464.79 5.56258e-08
0.40284 1.4382 200 465.793 5.52727e-08
0.40284 1.4382 200 466.795 5.49221e-08
0.40284 1.4382 200 467.798 5.45741e-08
0.40284 1.4382 200 468.8 5.42286e-08
0.40284 1.4382 200 469.803 5.38856e-08
0.40284 1.4382 200 470.805 5.35451e-08
0.40284 1.4382 200 471.807 5.32069e-08
0.40284 1.4382 200 472.81 5.28712e-08
0.40284 1.4382 200 473.812 5.25379e-08
0.40284 1.4382 200 474.815 5.2207e-08
0.40284 1.4382 200 475.817 5.18785e-08
0.40284 1.4382 200 476.82 5.15522e-08
0.40284 1.4382 200 477.822 5.12283e-08
0.40284 1.4382 200 478.825 5.09068e-08
0.40284 1.4382 200 479.827 5.05874e-08
0.40284 1.4382 200 480.83 5.02704e-08
0.40284 1.4382 200 481.832 4.99556e-08
0.40284 1.4382 200 482.835 4.9643e-08
0.40284 1.4382 200 483.837 4.93327e-08
0.40284 1.4382 200 484.84 4.90245e-08
0.40284 1.4382 200 485.842 4.87185e-08
0.40284 1.4382 200 486.844 4.84146e-08
0.40284 1.4382 200 487.847 4.81129e-08
0.40284 1.4382 200 488.849 4.78133e-08
0.40284 1.4382 200 489.852 4.75158e-08
0.40284 1.4382 200 490.854 4.72204e-08
0.40284 1.4382 200 491.857 4.69271e-08
0.40284 1.4382 200 492.859 4.66358e-08
0.40284 1.4382 200 493.862 4.63465e-08
0.40284 1.4382 200 494.864 4.60593e-08
0.40284 1.4382 200 495.867 4.5774e-08
0.40284 1.4382 200 496.869 4.54908e-08
0.40284 1.4382 200 497.872 4.52095e-08
0.40284 1.4382 200 498.874 4.49301e-08
0.40284 1.4382 200 499.877 4.46527e-08
0.40284 1.4382 200 500.879 4.43773e-08
0.40284 1.4382 200 501.882 4.41037e-08
0.40284 1.4382 200 502.884 4.3832e-08
0.40284 1.4382 200 503.886 4.35622e-08
0.40284 1.4382 200 504.889 4.32943e-08
0.40284 1.4382 200 505.891 4.30282e-08
0.40284 1.4382 200 506.894 4.27639e-08
0.40284 1.4382 200 507.896 4.25015e-08
0.40284 1.4382 200 508.899 4.22408e-08
0.40284 1.4382 200 509.901 4.1982e-08
0.40284 1.4382 200 510.904 4.17249e-08
0.40284 1.4382 200 511.906 4.14696e-08
0.40284 1.4382 200 512.909 4.1216e-08
0.40284 1.4382 200 513.911 4.09641e-08
0.40284 1.4382 200 514.914 4.0714e-08
0.40284 1.4382 200 515.916 4.04656e-08
0.40284 1.4382 200 516.919 4.02189e-08
0.40284 1.4382 200 517.921 3.99738e-08
0.40284 1.4382 200 518.923 3.97304e-08
0.40284 1.4382 200 519.926 3.94887e-08
0.40284 1.4382 200 520.928 3.92486e-08
0.40284 1.4382 200 521.931 3.90101e-08
0.40284 1.4382 200 522.933 3.87733e-08
0.40284 1.4382 200 523.936 3.8538e-08
0.40284 1.4382 200 524.938 3.83043e-08
0.40284 1.4382 200 525.941 3.80723e-08
0.40284 1.4382 200 526.943 3.78417e-08
0.40284 1.4382 200 527.946 3.76128e-08
0.40284 1.4382 200 528.948 3.73853e-08
0.40284 1.4382 200 529.951 3.71594e-08
0.40284 1.4382 200 530.953 3.6935e-08
0.40284 1.4382 200 531.956 3.67121e-08
0.40284 1.4382 200 532.958 3.64908e-08
0.40284 1.4382 200 533.961 3.62708e-08
0.40284 1.4382 200 534.963 3.60524e-08
0.40284 1.4382 200 535.965 3.58354e-08
0.40284 1.4382 200 536.968 3.56199e-08
0.40284 1.4382 200 537.97 3.54058e-08
0.40284 1.4382 200 538.973 3.51931e-08
0.40284 1.4382 200 539.975 3.49819e-08
0.40284 1.4382 200 540.978 3.4772e-08
0.40284 1.4382 200 541.98 3.45636e-08
0.40284 1.4382 200 542.983 3.43565e-08
0.40284 1.4382 200 543.985 3.41508e-08
0.40284 1.4382 200 544.988 3.39465e-08
0.40284 1.4382 200 545.99 3.37435e-08
0.40284 1.4382 200 546.993 3.35418e-08
0.40284 1.4382 200 547.995 3.33415e-08
0.40284 1.4382 200 548.998 3.31425e-08
0.40284 1.4382 200 550 3.29448e-08
