2.15387 1.4382 200 150.015 2.28199e-05
2.15387 1.4382 200 151.017 4.07978e-05
2.15387 1.4382 200 152.02 4.12162e-05
2.15387 1.4382 200 153.022 3.95666e-05
2.15387 1.4382 200 154.025 3.78189e-05
2.15387 1.4382 200 155.027 3.61502e-05
2.15387 1.4382 200 156.03 3.45711e-05
2.15387 1.4382 200 157.032 3.30766e-05
2.15387 1.4382 200 158.035 3.1661e-05
2.15387 1.4382 200 159.037 3.03192e-05
2.15387 1.4382 200 160.04 2.90462e-05
2.15387 1.4382 200 161.042 2.7838e-05
2.15387 1.4382 200 162.045 2.66904e-05
2.15387 1.4382 200 163.047 2.55998e-05
2.15387 1.4382 200 164.05 2.45628e-05
2.15387 1.4382 200 165.052 2.35763e-05
2.15387 1.4382 200 166.054 2.26374e-05
2.15387 1.4382 200 167.057 2.17433e-05
2.15387 1.4382 200 168.059 2.08915e-05
2.15387 1.4382 200 169.062 2.00797e-05
2.15387 1.4382 200 170.064 1.93056e-05
2.15387 1.4382 200 171.067 1.85671e-05
2.15387 1.4382 200 172.069 1.78624e-05
2.15387 1.4382 200 173.072 1.71896e-05
2.15387 1.4382 200 174.074 1.65471e-05
2.15387 1.4382 200 175.077 1.59331e-05
2.15387 1.4382 200 176.079 1.53463e-05
2.15387 1.4382 200 177.082 1.47852e-05
2.15387 1.4382 200 178.084 1.42484e-05
2.15387 1.4382 200 179.087 1.37349e-05
2.15387 1.4382 200 180.089 1.32433e-05
2.15387 1.4382 200 181.092 1.27726e-05
2.15387 1.4382 200 182.094 1.23217e-05
2.15387 1.4382 200 183.096 1.18897e-05
2.15387 1.4382 200 184.099 1.14756e-05
2.15387 1.4382 200 185.101 1.10785e-05
2.15387 1.4382 200 186.104 1.06977e-05
2.15387 1.4382 200 187.106 1.03324e-05
2.15387 1.4382 200 188.109 9.98181e-06
2.15387 1.4382 200 189.111 9.64523e-06
2.15387 1.4382 200 190.114 9.32203e-06
2.15387 1.4382 200 191.116 9.01158e-06
2.15387 1.4382 200 192.119 8.71328e-06
2.15387 1.4382 200 193.121 8.4266e-06
2.15387 1.4382 200 194.124 8.15098e-06
2.15387 1.4382 200 195.126 7.88595e-06
2.15387 1.4382 200 196.129 7.63101e-06
2.15387 1.4382 200 197.131 7.38572e-06
2.15387 1.4382 200 198.133 7.14966e-06
2.15387 1.4382 200 199.136 6.92241e-06
2.15387 1.4382 200 200.138 6.70359e-06
2.15387 1.4382 200 201.141 6.49284e-06
2.15387 1.4382 200 202.143 6.28981e-06
2.15387 1.4382 200 203.146 6.09417e-06
2.15387 1.4382 200 204.148 5.90559e-06
2.15387 1.4382 200 205.151 5.7238e-06
2.15387 1.4382 200 206.153 5.54849e-06
2.15387 1.4382 200 207.156 5.37941e-06
2.15387 1.4382 200 208.158 5.21629e-06
2.15387 1.4382 200 209.161 5.05888e-06
2.15387 1.4382 200 210.163 4.90696e-06
2.15387 1.4382 200 211.166 4.76029e-06
2.15387 1.4382 200 212.168 4.61868e-06
2.15387 1.4382 200 213.171 4.48191e-06
2.15387 1.4382 200 214.173 4.34979e-06
2.15387 1.4382 200 215.175 4.22214e-06
2.15387 1.4382 200 216.178 4.09878e-06
2.15387 1.4382 200 217.18 3.97954e-06
2.15387 1.4382 200 218.183 3.86427e-06
2.15387 1.4382 200 219.185 3.75281e-06
2.15387 1.4382 200 220.188 3.64501e-06
2.15387 1.4382 200 221.19 3.54074e-06
2.15387 1.4382 200 222.193 3.43985e-06
2.15387 1.4382 200 223.195 3.34223e-06
2.15387 1.4382 200 224.198 3.24775e-06
2.15387 1.4382 200 225.2 3.15629e-06
2.15387 1.4382 200 226.203 3.06775e-06
2.15387 1.4382 200 227.205 2.982e-06
2.15387 1.4382 200 228.208 2.89896e-06
2.15387 1.4382 200 229.21 2.81852e-06
2.15387 1.4382 200 230.212 2.7406e-06
2.15387 1.4382 200 231.215 2.66508e-06
2.15387 1.4382 200 232.217 2.59191e-06
2.15387 1.4382 200 233.22 2.52098e-06
2.15387 1.4382 200 234.222 2.45222e-06
2.15387 1.4382 200 235.225 2.38555e-06
2.15387 1.4382 200 236.227 2.3209e-06
2.15387 1.4382 200 237.23 2.2582e-06
2.15387 1.4382 200 238.232 2.19739e-06
2.15387 1.4382 200 239.235 2.13839e-06
2.15387 1.4382 200 240.237 2.08115e-06
2.15387 1.4382 200 241.24 2.02561e-06
2.15387 1.4382 200 242.242 1.9717e-06
2.15387 1.4382 200 243.245 1.91938e-06
2.15387 1.4382 200 244.247 1.86859e-06
2.15387 1.4382 200 245.25 1.81928e-06
2.15387 1.4382 200 246.252 1.77139e-06
2.15387 1.4382 200 247.254 1.72489e-06
2.15387 1.4382 200 248.257 1.67973e-06
2.15387 1.4382 200 249.259 1.63587e-06
2.15387 1.4382 200 250.262 1.59325e-06
2.15387 1.4382 200 251.264 1.55185e-06
2.15387 1.4382 200 252.267 1.51163e-06
2.15387 1.4382 200 253.269 1.47253e-06
2.15387 1.4382 200 254.272 1.43454e-06
2.15387 1.4382 200 255.274 1.39761e-06
2.15387 1.4382 200 256.277 1.36172e-06
2.15387 1.4382 200 257.279 1.32682e-06
2.15387 1.4382 200 258.282 1.29289e-06
2.15387 1.4382 200 259.284 1.2599e-06
2.15387 1.4382 200 260.287 1.22781e-06
2.15387 1.4382 200 261.289 1.19661e-06
2.15387 1.4382 200 262.291 1.16626e-06
2.15387 1.4382 200 263.294 1.13674e-06
2.15387 1.4382 200 264.296 1.10802e-06
2.15387 1.4382 200 265.299 1.08009e-06
2.15387 1.4382 200 266.301 1.0529e-06
2.15387 1.4382 200 267.304 1.02645e-06
2.15387 1.4382 200 268.306 1.00071e-06
2.15387 1.4382 200 269.309 9.75658e-07
2.15387 1.4382 200 270.311 9.51276e-07
2.15387 1.4382 200 271.314 9.27544e-07
2.15387 1.4382 200 272.316 9.04441e-07
2.15387 1.4382 200 273.319 8.81951e-07
2.15387 1.4382 200 274.321 8.60055e-07
2.15387 1.4382 200 275.324 8.38736e-07
2.15387 1.4382 200 276.326 8.17978e-07
2.15387 1.4382 200 277.329 7.97764e-07
2.15387 1.4382 200 278.331 7.78078e-07
2.15387 1.4382 200 279.333 7.58906e-07
2.15387 1.4382 200 280.336 7.40232e-07
2.15387 1.4382 200 281.338 7.22044e-07
2.15387 1.4382 200 282.341 7.04327e-07
2.15387 1.4382 200 283.343 6.87067e-07
2.15387 1.4382 200 284.346 6.70253e-07
2.15387 1.4382 200 285.348 6.53871e-07
2.15387 1.4382 200 286.351 6.3791e-07
2.15387 1.4382 200 287.353 6.22357e-07
2.15387 1.4382 200 288.356 6.07202e-07
2.15387 1.4382 200 289.358 5.92434e-07
2.15387 1.4382 200 290.361 5.78042e-07
2.15387 1.4382 200 291.363 5.64015e-07
2.15387 1.4382 200 292.366 5.50344e-07
2.15387 1.4382 200 293.368 5.37019e-07
2.15387 1.4382 200 294.37 5.24031e-07
2.15387 1.4382 200 295.373 5.1137e-07
2.15387 1.4382 200 296.375 4.99028e-07
2.15387 1.4382 200 297.378 4.86996e-07
2.15387 1.4382 200 298.38 4.75266e-07
2.15387 1.4382 200 299.383 4.6383e-07
2.15387 1.4382 200 300.385 4.52679e-07
2.15387 1.4382 200 301.388 4.41807e-07
2.15387 1.4382 200 302.39 4.31205e-07
2.15387 1.4382 200 303.393 4.20868e-07
2.15387 1.4382 200 304.395 4.10787e-07
2.15387 1.4382 200 305.398 4.00956e-07
2.15387 1.4382 200 306.4 3.91368e-07
2.15387 1.4382 200 307.403 3.82017e-07
2.15387 1.4382 200 308.405 3.72898e-07
2.15387 1.4382 200 309.408 3.64003e-07
2.15387 1.4382 200 310.41 3.55327e-07
2.15387 1.4382 200 311.412 3.46864e-07
2.15387 1.4382 200 312.415 3.38609e-07
2.15387 1.4382 200 313.417 3.30557e-07
2.15387 1.4382 200 314.42 3.22702e-07
2.15387 1.4382 200 315.422 3.15038e-07
2.15387 1.4382 200 316.425 3.07562e-07
2.15387 1.4382 200 317.427 3.00269e-07
2.15387 1.4382 200 318.43 2.93153e-07
2.15387 1.4382 200 319.432 2.8621e-07
2.15387 1.4382 200 320.435 2.79436e-07
2.15387 1.4382 200 321.437 2.72827e-07
2.15387 1.4382 200 322.44 2.66378e-07
2.15387 1.4382 200 323.442 2.60085e-07
2.15387 1.4382 200 324.445 2.53944e-07
2.15387 1.4382 200 325.447 2.47952e-07
2.15387 1.4382 200 326.449 2.42105e-07
2.15387 1.4382 200 327.452 2.36398e-07
2.15387 1.4382 200 328.454 2.3083e-07
2.15387 1.4382 200 329.457 2.25395e-07
2.15387 1.4382 200 330.459 2.20091e-07
2.15387 1.4382 200 331.462 2.14915e-07
2.15387 1.4382 200 332.464 2.09862e-07
2.15387 1.4382 200 333.467 2.04931e-07
2.15387 1.4382 200 334.469 2.00119e-07
2.15387 1.4382 200 335.472 1.95421e-07
2.15387 1.4382 200 336.474 1.90836e-07
2.15387 1.4382 200 337.477 1.86361e-07
2.15387 1.4382 200 338.479 1.81992e-07
2.15387 1.4382 200 339.482 1.77728e-07
2.15387 1.4382 200 340.484 1.73565e-07
2.15387 1.4382 200 341.487 1.69502e-07
2.15387 1.4382 200 342.489 1.65535e-07
2.15387 1.4382 200 343.491 1.61663e-07
2.15387 1.4382 200 344.494 1.57883e-07
2.15387 1.4382 200 345.496 1.54193e-07
2.15387 1.4382 200 346.499 1.5059e-07
2.15387 1.4382 200 347.501 1.47073e-07
2.15387 1.4382 200 348.504 1.43639e-07
2.15387 1.4382 200 349.506 1.40287e-07
2.15387 1.4382 200 350.509 1.37014e-07
2.15387 1.4382 200 351.511 1.33818e-07
2.15387 1.4382 200 352.514 1.30698e-07
2.15387 1.4382 200 353.516 1.27652e-07
2.15387 1.4382 200 354.519 1.24678e-07
2.15387 1.4382 200 355.521 1.21774e-07
2.15387 1.4382 200 356.524 1.18939e-07
2.15387 1.4382 200 357.526 1.1617e-07
2.15387 1.4382 200 358.528 1.13467e-07
2.15387 1.4382 200 359.531 1.10827e-07
2.15387 1.4382 200 360.533 1.0825e-07
2.15387 1.4382 200 361.536 1.05733e-07
2.15387 1.4382 200 362.538 1.03275e-07
2.15387 1.4382 200 363.541 1.00875e-07
2.15387 1.4382 200 364.543 9.85319e-08
2.15387 1.4382 200 365.546 9.62435e-08
2.15387 1.4382 200 366.548 9.40088e-08
2.15387 1.4382 200 367.551 9.18265e-08
2.15387 1.4382 200 368.553 8.96955e-08
2.15387 1.4382 200 369.556 8.76144e-08
2.15387 1.4382 200 370.558 8.5582e-08
2.15387 1.4382 200 371.561 8.35973e-08
2.15387 1.4382 200 372.563 8.1659e-08
2.15387 1.4382 200 373.566 7.97661e-08
2.15387 1.4382 200 374.568 7.79175e-08
2.15387 1.4382 200 375.57 7.61121e-08
2.15387 1.4382 200 376.573 7.43489e-08
2.15387 1.4382 200 377.575 7.26269e-08
2.15387 1.4382 200 378.578 7.09452e-08
2.15387 1.4382 200 379.58 6.93027e-08
2.15387 1.4382 200 380.583 6.76985e-08
2.15387 1.4382 200 381.585 6.61318e-08
2.15387 1.4382 200 382.588 6.46016e-08
2.15387 1.4382 200 383.59 6.31071e-08
2.15387 1.4382 200 384.593 6.16474e-08
2.15387 1.4382 200 385.595 6.02217e-08
2.15387 1.4382 200 386.598 5.88293e-08
2.15387 1.4382 200 387.6 5.74693e-08
2.15387 1.4382 200 388.603 5.61409e-08
2.15387 1.4382 200 389.605 5.48435e-08
2.15387 1.4382 200 390.607 5.35762e-08
2.15387 1.4382 200 391.61 5.23384e-08
2.15387 1.4382 200 392.612 5.11294e-08
2.15387 1.4382 200 393.615 4.99485e-08
2.15387 1.4382 200 394.617 4.87951e-08
2.15387 1.4382 200 395.62 4.76684e-08
2.15387 1.4382 200 396.622 4.65679e-08
2.15387 1.4382 200 397.625 4.5493e-08
2.15387 1.4382 200 398.627 4.4443e-08
2.15387 1.4382 200 399.63 4.34174e-08
2.15387 1.4382 200 400.632 4.24156e-08
2.15387 1.4382 200 401.635 4.1437e-08
2.15387 1.4382 200 402.637 4.04811e-08
2.15387 1.4382 200 403.64 3.95474e-08
2.15387 1.4382 200 404.642 3.86354e-08
2.15387 1.4382 200 405.645 3.77444e-08
2.15387 1.4382 200 406.647 3.68741e-08
2.15387 1.4382 200 407.649 3.6024e-08
2.15387 1.4382 200 408.652 3.51936e-08
2.15387 1.4382 200 409.654 3.43824e-08
2.15387 1.4382 200 410.657 3.359e-08
2.15387 1.4382 200 411.659 3.28159e-08
2.15387 1.4382 200 412.662 3.20598e-08
2.15387 1.4382 200 413.664 3.13211e-08
2.15387 1.4382 200 414.667 3.05995e-08
2.15387 1.4382 200 415.669 2.98946e-08
2.15387 1.4382 200 416.672 2.92061e-08
2.15387 1.4382 200 417.674 2.85334e-08
2.15387 1.4382 200 418.677 2.78763e-08
2.15387 1.4382 200 419.679 2.72344e-08
2.15387 1.4382 200 420.682 2.66073e-08
2.15387 1.4382 200 421.684 2.59947e-08
2.15387 1.4382 200 422.686 2.53963e-08
2.15387 1.4382 200 423.689 2.48117e-08
2.15387 1.4382 200 424.691 2.42406e-08
2.15387 1.4382 200 425.694 2.36826e-08
2.15387 1.4382 200 426.696 2.31376e-08
2.15387 1.4382 200 427.699 2.26052e-08
2.15387 1.4382 200 428.701 2.2085e-08
2.15387 1.4382 200 429.704 2.15768e-08
2.15387 1.4382 200 430.706 2.10804e-08
2.15387 1.4382 200 431.709 2.05954e-08
2.15387 1.4382 200 432.711 2.01216e-08
2.15387 1.4382 200 433.714 1.96588e-08
2.15387 1.4382 200 434.716 1.92066e-08
2.15387 1.4382 200 435.719 1.87649e-08
2.15387 1.4382 200 436.721 1.83333e-08
2.15387 1.4382 200 437.724 1.79117e-08
2.15387 1.4382 200 438.726 1.74998e-08
2.15387 1.4382 200 439.728 1.70974e-08
2.15387 1.4382 200 440.731 1.67043e-08
2.15387 1.4382 200 441.733 1.63202e-08
2.15387 1.4382 200 442.736 1.5945e-08
2.15387 1.4382 200 443.738 1.55784e-08
2.15387 1.4382 200 444.741 1.52203e-08
2.15387 1.4382 200 445.743 1.48704e-08
2.15387 1.4382 200 446.746 1.45286e-08
2.15387 1.4382 200 447.748 1.41947e-08
2.15387 1.4382 200 448.751 1.38684e-08
2.15387 1.4382 200 449.753 1.35497e-08
2.15387 1.4382 200 450.756 1.32383e-08
2.15387 1.4382 200 451.758 1.29341e-08
2.15387 1.4382 200 452.761 1.26368e-08
2.15387 1.4382 200 453.763 1.23465e-08
2.15387 1.4382 200 454.765 1.20628e-08
2.15387 1.4382 200 455.768 1.17856e-08
2.15387 1.4382 200 456.77 1.15148e-08
2.15387 1.4382 200 457.773 1.12503e-08
2.15387 1.4382 200 458.775 1.09918e-08
2.15387 1.4382 200 459.778 1.07393e-08
2.15387 1.4382 200 460.78 1.04926e-08
2.15387 1.4382 200 461.783 1.02515e-08
2.15387 1.4382 200 462.785 1.00161e-08
2.15387 1.4382 200 463.788 9.78599e-09
2.15387 1.4382 200 464.79 9.56122e-09
2.15387 1.4382 200 465.793 9.34161e-09
2.15387 1.4382 200 466.795 9.12705e-09
2.15387 1.4382 200 467.798 8.91743e-09
2.15387 1.4382 200 468.8 8.71263e-09
2.15387 1.4382 200 469.803 8.51253e-09
2.15387 1.4382 200 470.805 8.31704e-09
2.15387 1.4382 200 471.807 8.12604e-09
2.15387 1.4382 200 472.81 7.93944e-09
2.15387 1.4382 200 473.812 7.75712e-09
2.15387 1.4382 200 474.815 7.579e-09
2.15387 1.4382 200 475.817 7.40497e-09
2.15387 1.4382 200 476.82 7.23494e-09
2.15387 1.4382 200 477.822 7.06882e-09
2.15387 1.4382 200 478.825 6.90652e-09
2.15387 1.4382 200 479.827 6.74794e-09
2.15387 1.4382 200 480.83 6.59301e-09
2.15387 1.4382 200 481.832 6.44164e-09
2.15387 1.4382 200 482.835 6.29375e-09
2.15387 1.4382 200 483.837 6.14926e-09
2.15387 1.4382 200 484.84 6.00809e-09
2.15387 1.4382 200 485.842 5.87016e-09
2.15387 1.4382 200 486.844 5.7354e-09
2.15387 1.4382 200 487.847 5.60374e-09
2.15387 1.4382 200 488.849 5.4751e-09
2.15387 1.4382 200 489.852 5.34942e-09
2.15387 1.4382 200 490.854 5.22662e-09
2.15387 1.4382 200 491.857 5.10665e-09
2.15387 1.4382 200 492.859 4.98943e-09
2.15387 1.4382 200 493.862 4.8749e-09
2.15387 1.4382 200 494.864 4.76301e-09
2.15387 1.4382 200 495.867 4.65368e-09
2.15387 1.4382 200 496.869 4.54687e-09
2.15387 1.4382 200 497.872 4.4425e-09
2.15387 1.4382 200 498.874 4.34054e-09
2.15387 1.4382 200 499.877 4.24091e-09
2.15387 1.4382 200 500.879 4.14358e-09
2.15387 1.4382 200 501.882 4.04848e-09
2.15387 1.4382 200 502.884 3.95556e-09
2.15387 1.4382 200 503.886 3.86478e-09
2.15387 1.4382 200 504.889 3.77608e-09
2.15387 1.4382 200 505.891 3.68942e-09
2.15387 1.4382 200 506.894 3.60475e-09
2.15387 1.4382 200 507.896 3.52202e-09
2.15387 1.4382 200 508.899 3.44119e-09
2.15387 1.4382 200 509.901 3.36222e-09
2.15387 1.4382 200 510.904 3.28506e-09
2.15387 1.4382 200 511.906 3.20967e-09
2.15387 1.4382 200 512.909 3.13601e-09
2.15387 1.4382 200 513.911 3.06404e-09
2.15387 1.4382 200 514.914 2.99373e-09
2.15387 1.4382 200 515.916 2.92503e-09
2.15387 1.4382 200 516.919 2.8579e-09
2.15387 1.4382 200 517.921 2.79232e-09
2.15387 1.4382 200 518.923 2.72825e-09
2.15387 1.4382 200 519.926 2.66564e-09
2.15387 1.4382 200 520.928 2.60447e-09
2.15387 1.4382 200 521.931 2.5447e-09
2.15387 1.4382 200 522.933 2.48631e-09
2.15387 1.4382 200 523.936 2.42926e-09
2.15387 1.4382 200 524.938 2.37351e-09
2.15387 1.4382 200 525.941 2.31905e-09
2.15387 1.4382 200 526.943 2.26584e-09
2.15387 1.4382 200 527.946 2.21384e-09
2.15387 1.4382 200 528.948 2.16304e-09
2.15387 1.4382 200 529.951 2.11341e-09
2.15387 1.4382 200 530.953 2.06492e-09
2.15387 1.4382 200 531.956 2.01753e-09
2.15387 1.4382 200 532.958 1.97124e-09
2.15387 1.4382 200 533.961 1.92601e-09
2.15387 1.4382 200 534.963 1.88181e-09
2.15387 1.4382 200 535.965 1.83864e-09
2.15387 1.4382 200 536.968 1.79645e-09
2.15387 1.4382 200 537.97 1.75523e-09
2.15387 1.4382 200 538.973 1.71495e-09
2.15387 1.4382 200 539.975 1.6756e-09
2.15387 1.4382 200 540.978 1.63715e-09
2.15387 1.4382 200 541.98 1.59959e-09
2.15387 1.4382 200 542.983 1.56289e-09
2.15387 1.4382 200 543.985 1.52703e-09
2.15387 1.4382 200 544.988 1.49199e-09
2.15387 1.4382 200 545.99 1.45775e-09
2.15387 1.4382 200 546.993 1.42431e-09
2.15387 1.4382 200 547.995 1.39163e-09
2.15387 1.4382 200 548.998 1.3597e-09
2.15387 1.4382 200 550 1.3285e-09
