2.04906 1.4382 0 150.015 3.14371e-05
2.04906 1.4382 0 151.017 5.63623e-05
2.04906 1.4382 0 152.02 5.6887e-05
2.04906 1.4382 0 153.022 5.43648e-05
2.04906 1.4382 0 154.025 5.17775e-05
2.04906 1.4382 0 155.027 4.93145e-05
2.04906 1.4382 0 156.03 4.69791e-05
2.04906 1.4382 0 157.032 4.47639e-05
2.04906 1.4382 0 158.035 4.26618e-05
2.04906 1.4382 0 159.037 4.06664e-05
2.04906 1.4382 0 160.04 3.87716e-05
2.04906 1.4382 0 161.042 3.69719e-05
2.04906 1.4382 0 162.045 3.52621e-05
2.04906 1.4382 0 163.047 3.36374e-05
2.04906 1.4382 0 164.05 3.20932e-05
2.04906 1.4382 0 165.052 3.06251e-05
2.04906 1.4382 0 166.054 2.92292e-05
2.04906 1.4382 0 167.057 2.79017e-05
2.04906 1.4382 0 168.059 2.66389e-05
2.04906 1.4382 0 169.062 2.54376e-05
2.04906 1.4382 0 170.064 2.42944e-05
2.04906 1.4382 0 171.067 2.32063e-05
2.04906 1.4382 0 172.069 2.21706e-05
2.04906 1.4382 0 173.072 2.11846e-05
2.04906 1.4382 0 174.074 2.02456e-05
2.04906 1.4382 0 175.077 1.93513e-05
2.04906 1.4382 0 176.079 1.84994e-05
2.04906 1.4382 0 177.082 1.76878e-05
2.04906 1.4382 0 178.084 1.69144e-05
2.04906 1.4382 0 179.087 1.61773e-05
2.04906 1.4382 0 180.089 1.54747e-05
2.04906 1.4382 0 181.092 1.48049e-05
2.04906 1.4382 0 182.094 1.41661e-05
2.04906 1.4382 0 183.096 1.3557e-05
2.04906 1.4382 0 184.099 1.29759e-05
2.04906 1.4382 0 185.101 1.24216e-05
2.04906 1.4382 0 186.104 1.18927e-05
2.04906 1.4382 0 187.106 1.1388e-05
2.04906 1.4382 0 188.109 1.09062e-05
2.04906 1.4382 0 189.111 1.04463e-05
2.04906 1.4382 0 190.114 1.00072e-05
2.04906 1.4382 0 191.116 9.58796e-06
2.04906 1.4382 0 192.119 9.18751e-06
2.04906 1.4382 0 193.121 8.80499e-06
2.04906 1.4382 0 194.124 8.43956e-06
2.04906 1.4382 0 195.126 8.09038e-06
2.04906 1.4382 0 196.129 7.75669e-06
2.04906 1.4382 0 197.131 7.43776e-06
2.04906 1.4382 0 198.133 7.13288e-06
2.04906 1.4382 0 199.136 6.84139e-06
2.04906 1.4382 0 200.138 6.56267e-06
2.04906 1.4382 0 201.141 6.29611e-06
2.04906 1.4382 0 202.143 6.04115e-06
2.04906 1.4382 0 203.146 5.79724e-06
2.04906 1.4382 0 204.148 5.56388e-06
2.04906 1.4382 0 205.151 5.34058e-06
2.04906 1.4382 0 206.153 5.12688e-06
2.04906 1.4382 0 207.156 4.92232e-06
2.04906 1.4382 0 208.158 4.7265e-06
2.04906 1.4382 0 209.161 4.53902e-06
2.04906 1.4382 0 210.163 4.35949e-06
2.04906 1.4382 0 211.166 4.18755e-06
2.04906 1.4382 0 212.168 4.02287e-06
2.04906 1.4382 0 213.171 3.86511e-06
2.04906 1.4382 0 214.173 3.71397e-06
2.04906 1.4382 0 215.175 3.56914e-06
2.04906 1.4382 0 216.178 3.43035e-06
2.04906 1.4382 0 217.18 3.29732e-06
2.04906 1.4382 0 218.183 3.16981e-06
2.04906 1.4382 0 219.185 3.04756e-06
2.04906 1.4382 0 220.188 2.93035e-06
2.04906 1.4382 0 221.19 2.81795e-06
2.04906 1.4382 0 222.193 2.71015e-06
2.04906 1.4382 0 223.195 2.60675e-06
2.04906 1.4382 0 224.198 2.50757e-06
2.04906 1.4382 0 225.2 2.41241e-06
2.04906 1.4382 0 226.203 2.3211e-06
2.04906 1.4382 0 227.205 2.23347e-06
2.04906 1.4382 0 228.208 2.14938e-06
2.04906 1.4382 0 229.21 2.06866e-06
2.04906 1.4382 0 230.212 1.99117e-06
2.04906 1.4382 0 231.215 1.91677e-06
2.04906 1.4382 0 232.217 1.84534e-06
2.04906 1.4382 0 233.22 1.77674e-06
2.04906 1.4382 0 234.222 1.71086e-06
2.04906 1.4382 0 235.225 1.64758e-06
2.04906 1.4382 0 236.227 1.58679e-06
2.04906 1.4382 0 237.23 1.52839e-06
2.04906 1.4382 0 238.232 1.47228e-06
2.04906 1.4382 0 239.235 1.41836e-06
2.04906 1.4382 0 240.237 1.36654e-06
2.04906 1.4382 0 241.24 1.31674e-06
2.04906 1.4382 0 242.242 1.26886e-06
2.04906 1.4382 0 243.245 1.22284e-06
2.04906 1.4382 0 244.247 1.1786e-06
2.04906 1.4382 0 245.25 1.13605e-06
2.04906 1.4382 0 246.252 1.09514e-06
2.04906 1.4382 0 247.254 1.0558e-06
2.04906 1.4382 0 248.257 1.01795e-06
2.04906 1.4382 0 249.259 9.81552e-07
2.04906 1.4382 0 250.262 9.46534e-07
2.04906 1.4382 0 251.264 9.12844e-07
2.04906 1.4382 0 252.267 8.80428e-07
2.04906 1.4382 0 253.269 8.49234e-07
2.04906 1.4382 0 254.272 8.19215e-07
2.04906 1.4382 0 255.274 7.90322e-07
2.04906 1.4382 0 256.277 7.62512e-07
2.04906 1.4382 0 257.279 7.35741e-07
2.04906 1.4382 0 258.282 7.09967e-07
2.04906 1.4382 0 259.284 6.85153e-07
2.04906 1.4382 0 260.287 6.61259e-07
2.04906 1.4382 0 261.289 6.3825e-07
2.04906 1.4382 0 262.291 6.1609e-07
2.04906 1.4382 0 263.294 5.94747e-07
2.04906 1.4382 0 264.296 5.74189e-07
2.04906 1.4382 0 265.299 5.54385e-07
2.04906 1.4382 0 266.301 5.35306e-07
2.04906 1.4382 0 267.304 5.16924e-07
2.04906 1.4382 0 268.306 4.99212e-07
2.04906 1.4382 0 269.309 4.82143e-07
2.04906 1.4382 0 270.311 4.65694e-07
2.04906 1.4382 0 271.314 4.4984e-07
2.04906 1.4382 0 272.316 4.34559e-07
2.04906 1.4382 0 273.319 4.19829e-07
2.04906 1.4382 0 274.321 4.05628e-07
2.04906 1.4382 0 275.324 3.91937e-07
2.04906 1.4382 0 276.326 3.78736e-07
2.04906 1.4382 0 277.329 3.66007e-07
2.04906 1.4382 0 278.331 3.53732e-07
2.04906 1.4382 0 279.333 3.41894e-07
2.04906 1.4382 0 280.336 3.30476e-07
2.04906 1.4382 0 281.338 3.19462e-07
2.04906 1.4382 0 282.341 3.08838e-07
2.04906 1.4382 0 283.343 2.98589e-07
2.04906 1.4382 0 284.346 2.88701e-07
2.04906 1.4382 0 285.348 2.7916e-07
2.04906 1.4382 0 286.351 2.69954e-07
2.04906 1.4382 0 287.353 2.6107e-07
2.04906 1.4382 0 288.356 2.52496e-07
2.04906 1.4382 0 289.358 2.44221e-07
2.04906 1.4382 0 290.361 2.36234e-07
2.04906 1.4382 0 291.363 2.28524e-07
2.04906 1.4382 0 292.366 2.21081e-07
2.04906 1.4382 0 293.368 2.13896e-07
2.04906 1.4382 0 294.37 2.06958e-07
2.04906 1.4382 0 295.373 2.0026e-07
2.04906 1.4382 0 296.375 1.93791e-07
2.04906 1.4382 0 297.378 1.87544e-07
2.04906 1.4382 0 298.38 1.81512e-07
2.04906 1.4382 0 299.383 1.75685e-07
2.04906 1.4382 0 300.385 1.70057e-07
2.04906 1.4382 0 301.388 1.6462e-07
2.04906 1.4382 0 302.39 1.59368e-07
2.04906 1.4382 0 303.393 1.54294e-07
2.04906 1.4382 0 304.395 1.49392e-07
2.04906 1.4382 0 305.398 1.44655e-07
2.04906 1.4382 0 306.4 1.40078e-07
2.04906 1.4382 0 307.403 1.35654e-07
2.04906 1.4382 0 308.405 1.31379e-07
2.04906 1.4382 0 309.408 1.27248e-07
2.04906 1.4382 0 310.41 1.23254e-07
2.04906 1.4382 0 311.412 1.19394e-07
2.04906 1.4382 0 312.415 1.15662e-07
2.04906 1.4382 0 313.417 1.12054e-07
2.04906 1.4382 0 314.42 1.08566e-07
2.04906 1.4382 0 315.422 1.05194e-07
2.04906 1.4382 0 316.425 1.01933e-07
2.04906 1.4382 0 317.427 9.8779e-08
2.04906 1.4382 0 318.43 9.57293e-08
2.04906 1.4382 0 319.432 9.27797e-08
2.04906 1.4382 0 320.435 8.99269e-08
2.04906 1.4382 0 321.437 8.71674e-08
2.04906 1.4382 0 322.44 8.4498e-08
2.04906 1.4382 0 323.442 8.19157e-08
2.04906 1.4382 0 324.445 7.94174e-08
2.04906 1.4382 0 325.447 7.70003e-08
2.04906 1.4382 0 326.449 7.46615e-08
2.04906 1.4382 0 327.452 7.23983e-08
2.04906 1.4382 0 328.454 7.02083e-08
2.04906 1.4382 0 329.457 6.80888e-08
2.04906 1.4382 0 330.459 6.60375e-08
2.04906 1.4382 0 331.462 6.4052e-08
2.04906 1.4382 0 332.464 6.21302e-08
2.04906 1.4382 0 333.467 6.02698e-08
2.04906 1.4382 0 334.469 5.84689e-08
2.04906 1.4382 0 335.472 5.67253e-08
2.04906 1.4382 0 336.474 5.50371e-08
2.04906 1.4382 0 337.477 5.34025e-08
2.04906 1.4382 0 338.479 5.18197e-08
2.04906 1.4382 0 339.482 5.02869e-08
2.04906 1.4382 0 340.484 4.88025e-08
2.04906 1.4382 0 341.487 4.73648e-08
2.04906 1.4382 0 342.489 4.59723e-08
2.04906 1.4382 0 343.491 4.46235e-08
2.04906 1.4382 0 344.494 4.3317e-08
2.04906 1.4382 0 345.496 4.20512e-08
2.04906 1.4382 0 346.499 4.0825e-08
2.04906 1.4382 0 347.501 3.96369e-08
2.04906 1.4382 0 348.504 3.84857e-08
2.04906 1.4382 0 349.506 3.73703e-08
2.04906 1.4382 0 350.509 3.62893e-08
2.04906 1.4382 0 351.511 3.52418e-08
2.04906 1.4382 0 352.514 3.42265e-08
2.04906 1.4382 0 353.516 3.32425e-08
2.04906 1.4382 0 354.519 3.22887e-08
2.04906 1.4382 0 355.521 3.13641e-08
2.04906 1.4382 0 356.524 3.04678e-08
2.04906 1.4382 0 357.526 2.95989e-08
2.04906 1.4382 0 358.528 2.87565e-08
2.04906 1.4382 0 359.531 2.79396e-08
2.04906 1.4382 0 360.533 2.71476e-08
2.04906 1.4382 0 361.536 2.63796e-08
2.04906 1.4382 0 362.538 2.56348e-08
2.04906 1.4382 0 363.541 2.49124e-08
2.04906 1.4382 0 364.543 2.42119e-08
2.04906 1.4382 0 365.546 2.35323e-08
2.04906 1.4382 0 366.548 2.28732e-08
2.04906 1.4382 0 367.551 2.22338e-08
2.04906 1.4382 0 368.553 2.16135e-08
2.04906 1.4382 0 369.556 2.10117e-08
2.04906 1.4382 0 370.558 2.04278e-08
2.04906 1.4382 0 371.561 1.98613e-08
2.04906 1.4382 0 372.563 1.93116e-08
2.04906 1.4382 0 373.566 1.87781e-08
2.04906 1.4382 0 374.568 1.82604e-08
2.04906 1.4382 0 375.57 1.7758e-08
2.04906 1.4382 0 376.573 1.72703e-08
2.04906 1.4382 0 377.575 1.67969e-08
2.04906 1.4382 0 378.578 1.63374e-08
2.04906 1.4382 0 379.58 1.58914e-08
2.04906 1.4382 0 380.583 1.54584e-08
2.04906 1.4382 0 381.585 1.5038e-08
2.04906 1.4382 0 382.588 1.46298e-08
2.04906 1.4382 0 383.59 1.42334e-08
2.04906 1.4382 0 384.593 1.38486e-08
2.04906 1.4382 0 385.595 1.34748e-08
2.04906 1.4382 0 386.598 1.31119e-08
2.04906 1.4382 0 387.6 1.27594e-08
2.04906 1.4382 0 388.603 1.2417e-08
2.04906 1.4382 0 389.605 1.20844e-08
2.04906 1.4382 0 390.607 1.17614e-08
2.04906 1.4382 0 391.61 1.14476e-08
2.04906 1.4382 0 392.612 1.11427e-08
2.04906 1.4382 0 393.615 1.08465e-08
2.04906 1.4382 0 394.617 1.05587e-08
2.04906 1.4382 0 395.62 1.02791e-08
2.04906 1.4382 0 396.622 1.00074e-08
2.04906 1.4382 0 397.625 9.74333e-09
2.04906 1.4382 0 398.627 9.48672e-09
2.04906 1.4382 0 399.63 9.23733e-09
2.04906 1.4382 0 400.632 8.99494e-09
2.04906 1.4382 0 401.635 8.75934e-09
2.04906 1.4382 0 402.637 8.53032e-09
2.04906 1.4382 0 403.64 8.3077e-09
2.04906 1.4382 0 404.642 8.09128e-09
2.04906 1.4382 0 405.645 7.88087e-09
2.04906 1.4382 0 406.647 7.6763e-09
2.04906 1.4382 0 407.649 7.47739e-09
2.04906 1.4382 0 408.652 7.28398e-09
2.04906 1.4382 0 409.654 7.09591e-09
2.04906 1.4382 0 410.657 6.91301e-09
2.04906 1.4382 0 411.659 6.73514e-09
2.04906 1.4382 0 412.662 6.56214e-09
2.04906 1.4382 0 413.664 6.39388e-09
2.04906 1.4382 0 414.667 6.23022e-09
2.04906 1.4382 0 415.669 6.07102e-09
2.04906 1.4382 0 416.672 5.91615e-09
2.04906 1.4382 0 417.674 5.76549e-09
2.04906 1.4382 0 418.677 5.61891e-09
2.04906 1.4382 0 419.679 5.4763e-09
2.04906 1.4382 0 420.682 5.33755e-09
2.04906 1.4382 0 421.684 5.20253e-09
2.04906 1.4382 0 422.686 5.07114e-09
2.04906 1.4382 0 423.689 4.94329e-09
2.04906 1.4382 0 424.691 4.81886e-09
2.04906 1.4382 0 425.694 4.69776e-09
2.04906 1.4382 0 426.696 4.5799e-09
2.04906 1.4382 0 427.699 4.46517e-09
2.04906 1.4382 0 428.701 4.3535e-09
2.04906 1.4382 0 429.704 4.2448e-09
2.04906 1.4382 0 430.706 4.13898e-09
2.04906 1.4382 0 431.709 4.03596e-09
2.04906 1.4382 0 432.711 3.93566e-09
2.04906 1.4382 0 433.714 3.838e-09
2.04906 1.4382 0 434.716 3.74291e-09
2.04906 1.4382 0 435.719 3.65033e-09
2.04906 1.4382 0 436.721 3.56017e-09
2.04906 1.4382 0 437.724 3.47237e-09
2.04906 1.4382 0 438.726 3.38686e-09
2.04906 1.4382 0 439.728 3.30359e-09
2.04906 1.4382 0 440.731 3.22248e-09
2.04906 1.4382 0 441.733 3.14348e-09
2.04906 1.4382 0 442.736 3.06653e-09
2.04906 1.4382 0 443.738 2.99157e-09
2.04906 1.4382 0 444.741 2.91855e-09
2.04906 1.4382 0 445.743 2.84742e-09
2.04906 1.4382 0 446.746 2.77812e-09
2.04906 1.4382 0 447.748 2.7106e-09
2.04906 1.4382 0 448.751 2.64481e-09
2.04906 1.4382 0 449.753 2.58072e-09
2.04906 1.4382 0 450.756 2.51826e-09
2.04906 1.4382 0 451.758 2.45739e-09
2.04906 1.4382 0 452.761 2.39808e-09
2.04906 1.4382 0 453.763 2.34028e-09
2.04906 1.4382 0 454.765 2.28395e-09
2.04906 1.4382 0 455.768 2.22904e-09
2.04906 1.4382 0 456.77 2.17553e-09
2.04906 1.4382 0 457.773 2.12337e-09
2.04906 1.4382 0 458.775 2.07253e-09
2.04906 1.4382 0 459.778 2.02297e-09
2.04906 1.4382 0 460.78 1.97466e-09
2.04906 1.4382 0 461.783 1.92756e-09
2.04906 1.4382 0 462.785 1.88164e-09
2.04906 1.4382 0 463.788 1.83687e-09
2.04906 1.4382 0 464.79 1.79322e-09
2.04906 1.4382 0 465.793 1.75066e-09
2.04906 1.4382 0 466.795 1.70916e-09
2.04906 1.4382 0 467.798 1.6687e-09
2.04906 1.4382 0 468.8 1.62924e-09
2.04906 1.4382 0 469.803 1.59076e-09
2.04906 1.4382 0 470.805 1.55323e-09
2.04906 1.4382 0 471.807 1.51663e-09
2.04906 1.4382 0 472.81 1.48094e-09
2.04906 1.4382 0 473.812 1.44612e-09
2.04906 1.4382 0 474.815 1.41216e-09
2.04906 1.4382 0 475.817 1.37904e-09
2.04906 1.4382 0 476.82 1.34673e-09
2.04906 1.4382 0 477.822 1.31521e-09
2.04906 1.4382 0 478.825 1.28447e-09
2.04906 1.4382 0 479.827 1.25447e-09
2.04906 1.4382 0 480.83 1.22521e-09
2.04906 1.4382 0 481.832 1.19666e-09
2.04906 1.4382 0 482.835 1.1688e-09
2.04906 1.4382 0 483.837 1.14163e-09
2.04906 1.4382 0 484.84 1.11511e-09
2.04906 1.4382 0 485.842 1.08923e-09
2.04906 1.4382 0 486.844 1.06398e-09
2.04906 1.4382 0 487.847 1.03935e-09
2.04906 1.4382 0 488.849 1.0153e-09
2.04906 1.4382 0 489.852 9.91837e-10
2.04906 1.4382 0 490.854 9.68937e-10
2.04906 1.4382 0 491.857 9.46588e-10
2.04906 1.4382 0 492.859 9.24775e-10
2.04906 1.4382 0 493.862 9.03485e-10
2.04906 1.4382 0 494.864 8.82705e-10
2.04906 1.4382 0 495.867 8.62422e-10
2.04906 1.4382 0 496.869 8.42623e-10
2.04906 1.4382 0 497.872 8.23297e-10
2.04906 1.4382 0 498.874 8.04431e-10
2.04906 1.4382 0 499.877 7.86014e-10
2.04906 1.4382 0 500.879 7.68034e-10
2.04906 1.4382 0 501.882 7.50482e-10
2.04906 1.4382 0 502.884 7.33345e-10
2.04906 1.4382 0 503.886 7.16614e-10
2.04906 1.4382 0 504.889 7.00279e-10
2.04906 1.4382 0 505.891 6.8433e-10
2.04906 1.4382 0 506.894 6.68756e-10
2.04906 1.4382 0 507.896 6.5355e-10
2.04906 1.4382 0 508.899 6.38702e-10
2.04906 1.4382 0 509.901 6.24203e-10
2.04906 1.4382 0 510.904 6.10044e-10
2.04906 1.4382 0 511.906 5.96218e-10
2.04906 1.4382 0 512.909 5.82715e-10
2.04906 1.4382 0 513.911 5.69528e-10
2.04906 1.4382 0 514.914 5.5665e-10
2.04906 1.4382 0 515.916 5.44073e-10
2.04906 1.4382 0 516.919 5.31788e-10
2.04906 1.4382 0 517.921 5.19791e-10
2.04906 1.4382 0 518.923 5.08072e-10
2.04906 1.4382 0 519.926 4.96626e-10
2.04906 1.4382 0 520.928 4.85446e-10
2.04906 1.4382 0 521.931 4.74525e-10
2.04906 1.4382 0 522.933 4.63857e-10
2.04906 1.4382 0 523.936 4.53436e-10
2.04906 1.4382 0 524.938 4.43257e-10
2.04906 1.4382 0 525.941 4.33313e-10
2.04906 1.4382 0 526.943 4.23598e-10
2.04906 1.4382 0 527.946 4.14107e-10
2.04906 1.4382 0 528.948 4.04836e-10
2.04906 1.4382 0 529.951 3.95777e-10
2.04906 1.4382 0 530.953 3.86927e-10
2.04906 1.4382 0 531.956 3.7828e-10
2.04906 1.4382 0 532.958 3.69832e-10
2.04906 1.4382 0 533.961 3.61578e-10
2.04906 1.4382 0 534.963 3.53512e-10
2.04906 1.4382 0 535.965 3.45632e-10
2.04906 1.4382 0 536.968 3.37931e-10
2.04906 1.4382 0 537.97 3.30407e-10
2.04906 1.4382 0 538.973 3.23054e-10
2.04906 1.4382 0 539.975 3.1587e-10
2.04906 1.4382 0 540.978 3.08849e-10
2.04906 1.4382 0 541.98 3.01987e-10
2.04906 1.4382 0 542.983 2.95282e-10
2.04906 1.4382 0 543.985 2.8873e-10
2.04906 1.4382 0 544.988 2.82326e-10
2.04906 1.4382 0 545.99 2.76068e-10
2.04906 1.4382 0 546.993 2.69951e-10
2.04906 1.4382 0 547.995 2.63974e-10
2.04906 1.4382 0 548.998 2.58131e-10
2.04906 1.4382 0 550 2.52421e-10

