0.531173 1.4382 0 150.015 4.60702e-07
0.531173 1.4382 0 151.017 8.18082e-07
0.531173 1.4382 0 152.02 8.26474e-07
0.531173 1.4382 0 153.022 8.00392e-07
0.531173 1.4382 0 154.025 7.77898e-07
0.531173 1.4382 0 155.027 7.59069e-07
0.531173 1.4382 0 156.03 7.42712e-07
0.531173 1.4382 0 157.032 7.28094e-07
0.531173 1.4382 0 158.035 7.14771e-07
0.531173 1.4382 0 159.037 7.02455e-07
0.531173 1.4382 0 160.04 6.90947e-07
0.531173 1.4382 0 161.042 6.80106e-07
0.531173 1.4382 0 162.045 6.69827e-07
0.531173 1.4382 0 163.047 6.60032e-07
0.531173 1.4382 0 164.05 6.50656e-07
0.531173 1.4382 0 165.052 6.4165e-07
0.531173 1.4382 0 166.054 6.32973e-07
0.531173 1.4382 0 167.057 6.24593e-07
0.531173 1.4382 0 168.059 6.16482e-07
0.531173 1.4382 0 169.062 6.08616e-07
0.531173 1.4382 0 170.064 6.00975e-07
0.531173 1.4382 0 171.067 5.93543e-07
0.531173 1.4382 0 172.069 5.86303e-07
0.531173 1.4382 0 173.072 5.79244e-07
0.531173 1.4382 0 174.074 5.72353e-07
0.531173 1.4382 0 175.077 5.6562e-07
0.531173 1.4382 0 176.079 5.59037e-07
0.531173 1.4382 0 177.082 5.52595e-07
0.531173 1.4382 0 178.084 5.46288e-07
0.531173 1.4382 0 179.087 5.40107e-07
0.531173 1.4382 0 180.089 5.34048e-07
0.531173 1.4382 0 181.092 5.28104e-07
0.531173 1.4382 0 182.094 5.22271e-07
0.531173 1.4382 0 183.096 5.16545e-07
0.531173 1.4382 0 184.099 5.1092e-07
0.531173 1.4382 0 185.101 5.05394e-07
0.531173 1.4382 0 186.104 4.99961e-07
0.531173 1.4382 0 187.106 4.9462e-07
0.531173 1.4382 0 188.109 4.89367e-07
0.531173 1.4382 0 189.111 4.84198e-07
0.531173 1.4382 0 190.114 4.79111e-07
0.531173 1.4382 0 191.116 4.74104e-07
0.531173 1.4382 0 192.119 4.69174e-07
0.531173 1.4382 0 193.121 4.64319e-07
0.531173 1.4382 0 194.124 4.59537e-07
0.531173 1.4382 0 195.126 4.54825e-07
0.531173 1.4382 0 196.129 4.50181e-07
0.531173 1.4382 0 197.131 4.45605e-07
0.531173 1.4382 0 198.133 4.41093e-07
0.531173 1.4382 0 199.136 4.36645e-07
0.531173 1.4382 0 200.138 4.32259e-07
0.531173 1.4382 0 201.141 4.27933e-07
0.531173 1.4382 0 202.143 4.23665e-07
0.531173 1.4382 0 203.146 4.19456e-07
0.531173 1.4382 0 204.148 4.15302e-07
0.531173 1.4382 0 205.151 4.11203e-07
0.531173 1.4382 0 206.153 4.07158e-07
0.531173 1.4382 0 207.156 4.03166e-07
0.531173 1.4382 0 208.158 3.99225e-07
0.531173 1.4382 0 209.161 3.95334e-07
0.531173 1.4382 0 210.163 3.91492e-07
0.531173 1.4382 0 211.166 3.87699e-07
0.531173 1.4382 0 212.168 3.83953e-07
0.531173 1.4382 0 213.171 3.80254e-07
0.531173 1.4382 0 214.173 3.76599e-07
0.531173 1.4382 0 215.175 3.7299e-07
0.531173 1.4382 0 216.178 3.69424e-07
0.531173 1.4382 0 217.18 3.65902e-07
0.531173 1.4382 0 218.183 3.62421e-07
0.531173 1.4382 0 219.185 3.58982e-07
0.531173 1.4382 0 220.188 3.55584e-07
0.531173 1.4382 0 221.19 3.52226e-07
0.531173 1.4382 0 222.193 3.48907e-07
0.531173 1.4382 0 223.195 3.45627e-07
0.531173 1.4382 0 224.198 3.42384e-07
0.531173 1.4382 0 225.2 3.39179e-07
0.531173 1.4382 0 226.203 3.36011e-07
0.531173 1.4382 0 227.205 3.32879e-07
0.531173 1.4382 0 228.208 3.29782e-07
0.531173 1.4382 0 229.21 3.2672e-07
0.531173 1.4382 0 230.212 3.23693e-07
0.531173 1.4382 0 231.215 3.20699e-07
0.531173 1.4382 0 232.217 3.17739e-07
0.531173 1.4382 0 233.22 3.14812e-07
0.531173 1.4382 0 234.222 3.11917e-07
0.531173 1.4382 0 235.225 3.09053e-07
0.531173 1.4382 0 236.227 3.06222e-07
0.531173 1.4382 0 237.23 3.03421e-07
0.531173 1.4382 0 238.232 3.0065e-07
0.531173 1.4382 0 239.235 2.97909e-07
0.531173 1.4382 0 240.237 2.95198e-07
0.531173 1.4382 0 241.24 2.92517e-07
0.531173 1.4382 0 242.242 2.89863e-07
0.531173 1.4382 0 243.245 2.87238e-07
0.531173 1.4382 0 244.247 2.84641e-07
0.531173 1.4382 0 245.25 2.82072e-07
0.531173 1.4382 0 246.252 2.7953e-07
0.531173 1.4382 0 247.254 2.77014e-07
0.531173 1.4382 0 248.257 2.74525e-07
0.531173 1.4382 0 249.259 2.72061e-07
0.531173 1.4382 0 250.262 2.69624e-07
0.531173 1.4382 0 251.264 2.67212e-07
0.531173 1.4382 0 252.267 2.64824e-07
0.531173 1.4382 0 253.269 2.62462e-07
0.531173 1.4382 0 254.272 2.60124e-07
0.531173 1.4382 0 255.274 2.57809e-07
0.531173 1.4382 0 256.277 2.55519e-07
0.531173 1.4382 0 257.279 2.53252e-07
0.531173 1.4382 0 258.282 2.51008e-07
0.531173 1.4382 0 259.284 2.48787e-07
0.531173 1.4382 0 260.287 2.46588e-07
0.531173 1.4382 0 261.289 2.44411e-07
0.531173 1.4382 0 262.291 2.42257e-07
0.531173 1.4382 0 263.294 2.40124e-07
0.531173 1.4382 0 264.296 2.38012e-07
0.531173 1.4382 0 265.299 2.35922e-07
0.531173 1.4382 0 266.301 2.33853e-07
0.531173 1.4382 0 267.304 2.31804e-07
0.531173 1.4382 0 268.306 2.29775e-07
0.531173 1.4382 0 269.309 2.27767e-07
0.531173 1.4382 0 270.311 2.25778e-07
0.531173 1.4382 0 271.314 2.23809e-07
0.531173 1.4382 0 272.316 2.2186e-07
0.531173 1.4382 0 273.319 2.1993e-07
0.531173 1.4382 0 274.321 2.18018e-07
0.531173 1.4382 0 275.324 2.16126e-07
0.531173 1.4382 0 276.326 2.14251e-07
0.531173 1.4382 0 277.329 2.12395e-07
0.531173 1.4382 0 278.331 2.10558e-07
0.531173 1.4382 0 279.333 2.08738e-07
0.531173 1.4382 0 280.336 2.06935e-07
0.531173 1.4382 0 281.338 2.0515e-07
0.531173 1.4382 0 282.341 2.03383e-07
0.531173 1.4382 0 283.343 2.01632e-07
0.531173 1.4382 0 284.346 1.99898e-07
0.531173 1.4382 0 285.348 1.98181e-07
0.531173 1.4382 0 286.351 1.9648e-07
0.531173 1.4382 0 287.353 1.94796e-07
0.531173 1.4382 0 288.356 1.93128e-07
0.531173 1.4382 0 289.358 1.91475e-07
0.531173 1.4382 0 290.361 1.89839e-07
0.531173 1.4382 0 291.363 1.88217e-07
0.531173 1.4382 0 292.366 1.86612e-07
0.531173 1.4382 0 293.368 1.85021e-07
0.531173 1.4382 0 294.37 1.83446e-07
0.531173 1.4382 0 295.373 1.81885e-07
0.531173 1.4382 0 296.375 1.80339e-07
0.531173 1.4382 0 297.378 1.78808e-07
0.531173 1.4382 0 298.38 1.77291e-07
0.531173 1.4382 0 299.383 1.75788e-07
0.531173 1.4382 0 300.385 1.743e-07
0.531173 1.4382 0 301.388 1.72825e-07
0.531173 1.4382 0 302.39 1.71364e-07
0.531173 1.4382 0 303.393 1.69917e-07
0.531173 1.4382 0 304.395 1.68483e-07
0.531173 1.4382 0 305.398 1.67062e-07
0.531173 1.4382 0 306.4 1.65655e-07
0.531173 1.4382 0 307.403 1.64261e-07
0.531173 1.4382 0 308.405 1.6288e-07
0.531173 1.4382 0 309.408 1.61511e-07
0.531173 1.4382 0 310.41 1.60155e-07
0.531173 1.4382 0 311.412 1.58812e-07
0.531173 1.4382 0 312.415 1.57481e-07
0.531173 1.4382 0 313.417 1.56162e-07
0.531173 1.4382 0 314.42 1.54855e-07
0.531173 1.4382 0 315.422 1.53561e-07
0.531173 1.4382 0 316.425 1.52278e-07
0.531173 1.4382 0 317.427 1.51007e-07
0.531173 1.4382 0 318.43 1.49748e-07
0.531173 1.4382 0 319.432 1.485e-07
0.531173 1.4382 0 320.435 1.47263e-07
0.531173 1.4382 0 321.437 1.46038e-07
0.531173 1.4382 0 322.44 1.44824e-07
0.531173 1.4382 0 323.442 1.43621e-07
0.531173 1.4382 0 324.445 1.42428e-07
0.531173 1.4382 0 325.447 1.41247e-07
0.531173 1.4382 0 326.449 1.40076e-07
0.531173 1.4382 0 327.452 1.38916e-07
0.531173 1.4382 0 328.454 1.37767e-07
0.531173 1.4382 0 329.457 1.36628e-07
0.531173 1.4382 0 330.459 1.35499e-07
0.531173 1.4382 0 331.462 1.3438e-07
0.531173 1.4382 0 332.464 1.33271e-07
0.531173 1.4382 0 333.467 1.32172e-07
0.531173 1.4382 0 334.469 1.31083e-07
0.531173 1.4382 0 335.472 1.30004e-07
0.531173 1.4382 0 336.474 1.28935e-07
0.531173 1.4382 0 337.477 1.27875e-07
0.531173 1.4382 0 338.479 1.26825e-07
0.531173 1.4382 0 339.482 1.25783e-07
0.531173 1.4382 0 340.484 1.24752e-07
0.531173 1.4382 0 341.487 1.23729e-07
0.531173 1.4382 0 342.489 1.22716e-07
0.531173 1.4382 0 343.491 1.21711e-07
0.531173 1.4382 0 344.494 1.20716e-07
0.531173 1.4382 0 345.496 1.19729e-07
0.531173 1.4382 0 346.499 1.18751e-07
0.531173 1.4382 0 347.501 1.17782e-07
0.531173 1.4382 0 348.504 1.16821e-07
0.531173 1.4382 0 349.506 1.15869e-07
0.531173 1.4382 0 350.509 1.14925e-07
0.531173 1.4382 0 351.511 1.13989e-07
0.531173 1.4382 0 352.514 1.13062e-07
0.531173 1.4382 0 353.516 1.12143e-07
0.531173 1.4382 0 354.519 1.11232e-07
0.531173 1.4382 0 355.521 1.10329e-07
0.531173 1.4382 0 356.524 1.09434e-07
0.531173 1.4382 0 357.526 1.08546e-07
0.531173 1.4382 0 358.528 1.07667e-07
0.531173 1.4382 0 359.531 1.06795e-07
0.531173 1.4382 0 360.533 1.05931e-07
0.531173 1.4382 0 361.536 1.05074e-07
0.531173 1.4382 0 362.538 1.04225e-07
0.531173 1.4382 0 363.541 1.03384e-07
0.531173 1.4382 0 364.543 1.02549e-07
0.531173 1.4382 0 365.546 1.01722e-07
0.531173 1.4382 0 366.548 1.00902e-07
0.531173 1.4382 0 367.551 1.00089e-07
0.531173 1.4382 0 368.553 9.92837e-08
0.531173 1.4382 0 369.556 9.84849e-08
0.531173 1.4382 0 370.558 9.76931e-08
0.531173 1.4382 0 371.561 9.69081e-08
0.531173 1.4382 0 372.563 9.613e-08
0.531173 1.4382 0 373.566 9.53585e-08
0.531173 1.4382 0 374.568 9.45937e-08
0.531173 1.4382 0 375.57 9.38356e-08
0.531173 1.4382 0 376.573 9.30839e-08
0.531173 1.4382 0 377.575 9.23388e-08
0.531173 1.4382 0 378.578 9.16e-08
0.531173 1.4382 0 379.58 9.08677e-08
0.531173 1.4382 0 380.583 9.01416e-08
0.531173 1.4382 0 381.585 8.94217e-08
0.531173 1.4382 0 382.588 8.8708e-08
0.531173 1.4382 0 383.59 8.80005e-08
0.531173 1.4382 0 384.593 8.7299e-08
0.531173 1.4382 0 385.595 8.66035e-08
0.531173 1.4382 0 386.598 8.5914e-08
0.531173 1.4382 0 387.6 8.52304e-08
0.531173 1.4382 0 388.603 8.45526e-08
0.531173 1.4382 0 389.605 8.38806e-08
0.531173 1.4382 0 390.607 8.32143e-08
0.531173 1.4382 0 391.61 8.25537e-08
0.531173 1.4382 0 392.612 8.18987e-08
0.531173 1.4382 0 393.615 8.12493e-08
0.531173 1.4382 0 394.617 8.06054e-08
0.531173 1.4382 0 395.62 7.9967e-08
0.531173 1.4382 0 396.622 7.9334e-08
0.531173 1.4382 0 397.625 7.87064e-08
0.531173 1.4382 0 398.627 7.80841e-08
0.531173 1.4382 0 399.63 7.74671e-08
0.531173 1.4382 0 400.632 7.68553e-08
0.531173 1.4382 0 401.635 7.62487e-08
0.531173 1.4382 0 402.637 7.56472e-08
0.531173 1.4382 0 403.64 7.50507e-08
0.531173 1.4382 0 404.642 7.44594e-08
0.531173 1.4382 0 405.645 7.3873e-08
0.531173 1.4382 0 406.647 7.32915e-08
0.531173 1.4382 0 407.649 7.27149e-08
0.531173 1.4382 0 408.652 7.21432e-08
0.531173 1.4382 0 409.654 7.15763e-08
0.531173 1.4382 0 410.657 7.10142e-08
0.531173 1.4382 0 411.659 7.04568e-08
0.531173 1.4382 0 412.662 6.9904e-08
0.531173 1.4382 0 413.664 6.93559e-08
0.531173 1.4382 0 414.667 6.88124e-08
0.531173 1.4382 0 415.669 6.82735e-08
0.531173 1.4382 0 416.672 6.7739e-08
0.531173 1.4382 0 417.674 6.7209e-08
0.531173 1.4382 0 418.677 6.66835e-08
0.531173 1.4382 0 419.679 6.61623e-08
0.531173 1.4382 0 420.682 6.56455e-08
0.531173 1.4382 0 421.684 6.5133e-08
0.531173 1.4382 0 422.686 6.46247e-08
0.531173 1.4382 0 423.689 6.41207e-08
0.531173 1.4382 0 424.691 6.36209e-08
0.531173 1.4382 0 425.694 6.31253e-08
0.531173 1.4382 0 426.696 6.26338e-08
0.531173 1.4382 0 427.699 6.21463e-08
0.531173 1.4382 0 428.701 6.16629e-08
0.531173 1.4382 0 429.704 6.11835e-08
0.531173 1.4382 0 430.706 6.07081e-08
0.531173 1.4382 0 431.709 6.02366e-08
0.531173 1.4382 0 432.711 5.9769e-08
0.531173 1.4382 0 433.714 5.93053e-08
0.531173 1.4382 0 434.716 5.88454e-08
0.531173 1.4382 0 435.719 5.83893e-08
0.531173 1.4382 0 436.721 5.7937e-08
0.531173 1.4382 0 437.724 5.74885e-08
0.531173 1.4382 0 438.726 5.70436e-08
0.531173 1.4382 0 439.728 5.66023e-08
0.531173 1.4382 0 440.731 5.61648e-08
0.531173 1.4382 0 441.733 5.57308e-08
0.531173 1.4382 0 442.736 5.53004e-08
0.531173 1.4382 0 443.738 5.48735e-08
0.531173 1.4382 0 444.741 5.44501e-08
0.531173 1.4382 0 445.743 5.40302e-08
0.531173 1.4382 0 446.746 5.36138e-08
0.531173 1.4382 0 447.748 5.32007e-08
0.531173 1.4382 0 448.751 5.27911e-08
0.531173 1.4382 0 449.753 5.23848e-08
0.531173 1.4382 0 450.756 5.19818e-08
0.531173 1.4382 0 451.758 5.15821e-08
0.531173 1.4382 0 452.761 5.11857e-08
0.531173 1.4382 0 453.763 5.07926e-08
0.531173 1.4382 0 454.765 5.04026e-08
0.531173 1.4382 0 455.768 5.00158e-08
0.531173 1.4382 0 456.77 4.96322e-08
0.531173 1.4382 0 457.773 4.92517e-08
0.531173 1.4382 0 458.775 4.88743e-08
0.531173 1.4382 0 459.778 4.84999e-08
0.531173 1.4382 0 460.78 4.81286e-08
0.531173 1.4382 0 461.783 4.77604e-08
0.531173 1.4382 0 462.785 4.73951e-08
0.531173 1.4382 0 463.788 4.70328e-08
0.531173 1.4382 0 464.79 4.66734e-08
0.531173 1.4382 0 465.793 4.63169e-08
0.531173 1.4382 0 466.795 4.59634e-08
0.531173 1.4382 0 467.798 4.56127e-08
0.531173 1.4382 0 468.8 4.52648e-08
0.531173 1.4382 0 469.803 4.49197e-08
0.531173 1.4382 0 470.805 4.45775e-08
0.531173 1.4382 0 471.807 4.4238e-08
0.531173 1.4382 0 472.81 4.39012e-08
0.531173 1.4382 0 473.812 4.35672e-08
0.531173 1.4382 0 474.815 4.32358e-08
0.531173 1.4382 0 475.817 4.29071e-08
0.531173 1.4382 0 476.82 4.25811e-08
0.531173 1.4382 0 477.822 4.22577e-08
0.531173 1.4382 0 478.825 4.19369e-08
0.531173 1.4382 0 479.827 4.16187e-08
0.531173 1.4382 0 480.83 4.1303e-08
0.531173 1.4382 0 481.832 4.09899e-08
0.531173 1.4382 0 482.835 4.06793e-08
0.531173 1.4382 0 483.837 4.03712e-08
0.531173 1.4382 0 484.84 4.00655e-08
0.531173 1.4382 0 485.842 3.97623e-08
0.531173 1.4382 0 486.844 3.94615e-08
0.531173 1.4382 0 487.847 3.91632e-08
0.531173 1.4382 0 488.849 3.88672e-08
0.531173 1.4382 0 489.852 3.85736e-08
0.531173 1.4382 0 490.854 3.82823e-08
0.531173 1.4382 0 491.857 3.79934e-08
0.531173 1.4382 0 492.859 3.77068e-08
0.531173 1.4382 0 493.862 3.74224e-08
0.531173 1.4382 0 494.864 3.71404e-08
0.531173 1.4382 0 495.867 3.68605e-08
0.531173 1.4382 0 496.869 3.65829e-08
0.531173 1.4382 0 497.872 3.63076e-08
0.531173 1.4382 0 498.874 3.60344e-08
0.531173 1.4382 0 499.877 3.57633e-08
0.531173 1.4382 0 500.879 3.54945e-08
0.531173 1.4382 0 501.882 3.52278e-08
0.531173 1.4382 0 502.884 3.49631e-08
0.531173 1.4382 0 503.886 3.47006e-08
0.531173 1.4382 0 504.889 3.44402e-08
0.531173 1.4382 0 505.891 3.41818e-08
0.531173 1.4382 0 506.894 3.39255e-08
0.531173 1.4382 0 507.896 3.36712e-08
0.531173 1.4382 0 508.899 3.3419e-08
0.531173 1.4382 0 509.901 3.31687e-08
0.531173 1.4382 0 510.904 3.29204e-08
0.531173 1.4382 0 511.906 3.2674e-08
0.531173 1.4382 0 512.909 3.24296e-08
0.531173 1.4382 0 513.911 3.21872e-08
0.531173 1.4382 0 514.914 3.19466e-08
0.531173 1.4382 0 515.916 3.1708e-08
0.531173 1.4382 0 516.919 3.14712e-08
0.531173 1.4382 0 517.921 3.12363e-08
0.531173 1.4382 0 518.923 3.10032e-08
0.531173 1.4382 0 519.926 3.0772e-08
0.531173 1.4382 0 520.928 3.05426e-08
0.531173 1.4382 0 521.931 3.0315e-08
0.531173 1.4382 0 522.933 3.00892e-08
0.531173 1.4382 0 523.936 2.98652e-08
0.531173 1.4382 0 524.938 2.96429e-08
0.531173 1.4382 0 525.941 2.94223e-08
0.531173 1.4382 0 526.943 2.92035e-08
0.531173 1.4382 0 527.946 2.89864e-08
0.531173 1.4382 0 528.948 2.87711e-08
0.531173 1.4382 0 529.951 2.85574e-08
0.531173 1.4382 0 530.953 2.83453e-08
0.531173 1.4382 0 531.956 2.81349e-08
0.531173 1.4382 0 532.958 2.79262e-08
0.531173 1.4382 0 533.961 2.77191e-08
0.531173 1.4382 0 534.963 2.75136e-08
0.531173 1.4382 0 535.965 2.73098e-08
0.531173 1.4382 0 536.968 2.71075e-08
0.531173 1.4382 0 537.97 2.69068e-08
0.531173 1.4382 0 538.973 2.67076e-08
0.531173 1.4382 0 539.975 2.651e-08
0.531173 1.4382 0 540.978 2.6314e-08
0.531173 1.4382 0 541.98 2.61194e-08
0.531173 1.4382 0 542.983 2.59264e-08
0.531173 1.4382 0 543.985 2.57349e-08
0.531173 1.4382 0 544.988 2.55449e-08
0.531173 1.4382 0 545.99 2.53563e-08
0.531173 1.4382 0 546.993 2.51693e-08
0.531173 1.4382 0 547.995 2.49836e-08
0.531173 1.4382 0 548.998 2.47994e-08
0.531173 1.4382 0 550 2.46167e-08

