0.504081 1.4382 200 150.015 5.46343e-06
0.504081 1.4382 200 151.017 9.92084e-06
0.504081 1.4382 200 152.02 1.02928e-05
0.504081 1.4382 200 153.022 1.01658e-05
0.504081 1.4382 200 154.025 9.99856e-06
0.504081 1.4382 200 155.027 9.83297e-06
0.504081 1.4382 200 156.03 9.67218e-06
0.504081 1.4382 200 157.032 9.51586e-06
0.504081 1.4382 200 158.035 9.36358e-06
0.504081 1.4382 200 159.037 9.21497e-06
0.504081 1.4382 200 160.04 9.0698e-06
0.504081 1.4382 200 161.042 8.92785e-06
0.504081 1.4382 200 162.045 8.78897e-06
0.504081 1.4382 200 163.047 8.65302e-06
0.504081 1.4382 200 164.05 8.51987e-06
0.504081 1.4382 200 165.052 8.38943e-06
0.504081 1.4382 200 166.054 8.26159e-06
0.504081 1.4382 200 167.057 8.13628e-06
0.504081 1.4382 200 168.059 8.0134e-06
0.504081 1.4382 200 169.062 7.8929e-06
0.504081 1.4382 200 170.064 7.77468e-06
0.504081 1.4382 200 171.067 7.6587e-06
0.504081 1.4382 200 172.069 7.5449e-06
0.504081 1.4382 200 173.072 7.4332e-06
0.504081 1.4382 200 174.074 7.32356e-06
0.504081 1.4382 200 175.077 7.21592e-06
0.504081 1.4382 200 176.079 7.11023e-06
0.504081 1.4382 200 177.082 7.00645e-06
0.504081 1.4382 200 178.084 6.90452e-06
0.504081 1.4382 200 179.087 6.80441e-06
0.504081 1.4382 200 180.089 6.70606e-06
0.504081 1.4382 200 181.092 6.60944e-06
0.504081 1.4382 200 182.094 6.51451e-06
0.504081 1.4382 200 183.096 6.42122e-06
0.504081 1.4382 200 184.099 6.32954e-06
0.504081 1.4382 200 185.101 6.23944e-06
0.504081 1.4382 200 186.104 6.15087e-06
0.504081 1.4382 200 187.106 6.06381e-06
0.504081 1.4382 200 188.109 5.97822e-06
0.504081 1.4382 200 189.111 5.89407e-06
0.504081 1.4382 200 190.114 5.81133e-06
0.504081 1.4382 200 191.116 5.72997e-06
0.504081 1.4382 200 192.119 5.64995e-06
0.504081 1.4382 200 193.121 5.57126e-06
0.504081 1.4382 200 194.124 5.49386e-06
0.504081 1.4382 200 195.126 5.41772e-06
0.504081 1.4382 200 196.129 5.34283e-06
0.504081 1.4382 200 197.131 5.26915e-06
0.504081 1.4382 200 198.133 5.19666e-06
0.504081 1.4382 200 199.136 5.12534e-06
0.504081 1.4382 200 200.138 5.05517e-06
0.504081 1.4382 200 201.141 4.98611e-06
0.504081 1.4382 200 202.143 4.91816e-06
0.504081 1.4382 200 203.146 4.85128e-06
0.504081 1.4382 200 204.148 4.78545e-06
0.504081 1.4382 200 205.151 4.72067e-06
0.504081 1.4382 200 206.153 4.6569e-06
0.504081 1.4382 200 207.156 4.59412e-06
0.504081 1.4382 200 208.158 4.53233e-06
0.504081 1.4382 200 209.161 4.47149e-06
0.504081 1.4382 200 210.163 4.41159e-06
0.504081 1.4382 200 211.166 4.35262e-06
0.504081 1.4382 200 212.168 4.29455e-06
0.504081 1.4382 200 213.171 4.23738e-06
0.504081 1.4382 200 214.173 4.18108e-06
0.504081 1.4382 200 215.175 4.12563e-06
0.504081 1.4382 200 216.178 4.07103e-06
0.504081 1.4382 200 217.18 4.01725e-06
0.504081 1.4382 200 218.183 3.96429e-06
0.504081 1.4382 200 219.185 3.91212e-06
0.504081 1.4382 200 220.188 3.86073e-06
0.504081 1.4382 200 221.19 3.81012e-06
0.504081 1.4382 200 222.193 3.76026e-06
0.504081 1.4382 200 223.195 3.71114e-06
0.504081 1.4382 200 224.198 3.66275e-06
0.504081 1.4382 200 225.2 3.61507e-06
0.504081 1.4382 200 226.203 3.5681e-06
0.504081 1.4382 200 227.205 3.52183e-06
0.504081 1.4382 200 228.208 3.47623e-06
0.504081 1.4382 200 229.21 3.4313e-06
0.504081 1.4382 200 230.212 3.38702e-06
0.504081 1.4382 200 231.215 3.34339e-06
0.504081 1.4382 200 232.217 3.3004e-06
0.504081 1.4382 200 233.22 3.25803e-06
0.504081 1.4382 200 234.222 3.21627e-06
0.504081 1.4382 200 235.225 3.17512e-06
0.504081 1.4382 200 236.227 3.13455e-06
0.504081 1.4382 200 237.23 3.09457e-06
0.504081 1.4382 200 238.232 3.05517e-06
0.504081 1.4382 200 239.235 3.01633e-06
0.504081 1.4382 200 240.237 2.97804e-06
0.504081 1.4382 200 241.24 2.94029e-06
0.504081 1.4382 200 242.242 2.90309e-06
0.504081 1.4382 200 243.245 2.86641e-06
0.504081 1.4382 200 244.247 2.83025e-06
0.504081 1.4382 200 245.25 2.7946e-06
0.504081 1.4382 200 246.252 2.75945e-06
0.504081 1.4382 200 247.254 2.7248e-06
0.504081 1.4382 200 248.257 2.69063e-06
0.504081 1.4382 200 249.259 2.65694e-06
0.504081 1.4382 200 250.262 2.62373e-06
0.504081 1.4382 200 251.264 2.59097e-06
0.504081 1.4382 200 252.267 2.55867e-06
0.504081 1.4382 200 253.269 2.52682e-06
0.504081 1.4382 200 254.272 2.49541e-06
0.504081 1.4382 200 255.274 2.46444e-06
0.504081 1.4382 200 256.277 2.43389e-06
0.504081 1.4382 200 257.279 2.40377e-06
0.504081 1.4382 200 258.282 2.37406e-06
0.504081 1.4382 200 259.284 2.34476e-06
0.504081 1.4382 200 260.287 2.31586e-06
0.504081 1.4382 200 261.289 2.28735e-06
0.504081 1.4382 200 262.291 2.25924e-06
0.504081 1.4382 200 263.294 2.2315e-06
0.504081 1.4382 200 264.296 2.20415e-06
0.504081 1.4382 200 265.299 2.17716e-06
0.504081 1.4382 200 266.301 2.15055e-06
0.504081 1.4382 200 267.304 2.12429e-06
0.504081 1.4382 200 268.306 2.09839e-06
0.504081 1.4382 200 269.309 2.07284e-06
0.504081 1.4382 200 270.311 2.04763e-06
0.504081 1.4382 200 271.314 2.02276e-06
0.504081 1.4382 200 272.316 1.99822e-06
0.504081 1.4382 200 273.319 1.97402e-06
0.504081 1.4382 200 274.321 1.95013e-06
0.504081 1.4382 200 275.324 1.92657e-06
0.504081 1.4382 200 276.326 1.90332e-06
0.504081 1.4382 200 277.329 1.88038e-06
0.504081 1.4382 200 278.331 1.85775e-06
0.504081 1.4382 200 279.333 1.83541e-06
0.504081 1.4382 200 280.336 1.81338e-06
0.504081 1.4382 200 281.338 1.79163e-06
0.504081 1.4382 200 282.341 1.77017e-06
0.504081 1.4382 200 283.343 1.74899e-06
0.504081 1.4382 200 284.346 1.7281e-06
0.504081 1.4382 200 285.348 1.70748e-06
0.504081 1.4382 200 286.351 1.68712e-06
0.504081 1.4382 200 287.353 1.66704e-06
0.504081 1.4382 200 288.356 1.64722e-06
0.504081 1.4382 200 289.358 1.62766e-06
0.504081 1.4382 200 290.361 1.60835e-06
0.504081 1.4382 200 291.363 1.5893e-06
0.504081 1.4382 200 292.366 1.57049e-06
0.504081 1.4382 200 293.368 1.55193e-06
0.504081 1.4382 200 294.37 1.5336e-06
0.504081 1.4382 200 295.373 1.51552e-06
0.504081 1.4382 200 296.375 1.49767e-06
0.504081 1.4382 200 297.378 1.48005e-06
0.504081 1.4382 200 298.38 1.46266e-06
0.504081 1.4382 200 299.383 1.44549e-06
0.504081 1.4382 200 300.385 1.42854e-06
0.504081 1.4382 200 301.388 1.41182e-06
0.504081 1.4382 200 302.39 1.3953e-06
0.504081 1.4382 200 303.393 1.379e-06
0.504081 1.4382 200 304.395 1.36291e-06
0.504081 1.4382 200 305.398 1.34702e-06
0.504081 1.4382 200 306.4 1.33133e-06
0.504081 1.4382 200 307.403 1.31585e-06
0.504081 1.4382 200 308.405 1.30056e-06
0.504081 1.4382 200 309.408 1.28547e-06
0.504081 1.4382 200 310.41 1.27057e-06
0.504081 1.4382 200 311.412 1.25585e-06
0.504081 1.4382 200 312.415 1.24133e-06
0.504081 1.4382 200 313.417 1.22698e-06
0.504081 1.4382 200 314.42 1.21282e-06
0.504081 1.4382 200 315.422 1.19884e-06
0.504081 1.4382 200 316.425 1.18503e-06
0.504081 1.4382 200 317.427 1.1714e-06
0.504081 1.4382 200 318.43 1.15794e-06
0.504081 1.4382 200 319.432 1.14465e-06
0.504081 1.4382 200 320.435 1.13152e-06
0.504081 1.4382 200 321.437 1.11856e-06
0.504081 1.4382 200 322.44 1.10576e-06
0.504081 1.4382 200 323.442 1.09313e-06
0.504081 1.4382 200 324.445 1.08064e-06
0.504081 1.4382 200 325.447 1.06832e-06
0.504081 1.4382 200 326.449 1.05615e-06
0.504081 1.4382 200 327.452 1.04413e-06
0.504081 1.4382 200 328.454 1.03225e-06
0.504081 1.4382 200 329.457 1.02053e-06
0.504081 1.4382 200 330.459 1.00895e-06
0.504081 1.4382 200 331.462 9.97515e-07
0.504081 1.4382 200 332.464 9.86221e-07
0.504081 1.4382 200 333.467 9.75066e-07
0.504081 1.4382 200 334.469 9.64048e-07
0.504081 1.4382 200 335.472 9.53167e-07
0.504081 1.4382 200 336.474 9.42419e-07
0.504081 1.4382 200 337.477 9.31803e-07
0.504081 1.4382 200 338.479 9.21318e-07
0.504081 1.4382 200 339.482 9.10961e-07
0.504081 1.4382 200 340.484 9.00731e-07
0.504081 1.4382 200 341.487 8.90626e-07
0.504081 1.4382 200 342.489 8.80644e-07
0.504081 1.4382 200 343.491 8.70785e-07
0.504081 1.4382 200 344.494 8.61045e-07
0.504081 1.4382 200 345.496 8.51425e-07
0.504081 1.4382 200 346.499 8.41921e-07
0.504081 1.4382 200 347.501 8.32532e-07
0.504081 1.4382 200 348.504 8.23258e-07
0.504081 1.4382 200 349.506 8.14096e-07
0.504081 1.4382 200 350.509 8.05045e-07
0.504081 1.4382 200 351.511 7.96103e-07
0.504081 1.4382 200 352.514 7.8727e-07
0.504081 1.4382 200 353.516 7.78543e-07
0.504081 1.4382 200 354.519 7.69921e-07
0.504081 1.4382 200 355.521 7.61403e-07
0.504081 1.4382 200 356.524 7.52988e-07
0.504081 1.4382 200 357.526 7.44673e-07
0.504081 1.4382 200 358.528 7.36459e-07
0.504081 1.4382 200 359.531 7.28343e-07
0.504081 1.4382 200 360.533 7.20324e-07
0.504081 1.4382 200 361.536 7.12401e-07
0.504081 1.4382 200 362.538 7.04573e-07
0.504081 1.4382 200 363.541 6.96839e-07
0.504081 1.4382 200 364.543 6.89196e-07
0.504081 1.4382 200 365.546 6.81645e-07
0.504081 1.4382 200 366.548 6.74184e-07
0.504081 1.4382 200 367.551 6.66811e-07
0.504081 1.4382 200 368.553 6.59526e-07
0.504081 1.4382 200 369.556 6.52327e-07
0.504081 1.4382 200 370.558 6.45214e-07
0.504081 1.4382 200 371.561 6.38184e-07
0.504081 1.4382 200 372.563 6.31238e-07
0.504081 1.4382 200 373.566 6.24374e-07
0.504081 1.4382 200 374.568 6.17592e-07
0.504081 1.4382 200 375.57 6.10889e-07
0.504081 1.4382 200 376.573 6.04265e-07
0.504081 1.4382 200 377.575 5.97719e-07
0.504081 1.4382 200 378.578 5.9125e-07
0.504081 1.4382 200 379.58 5.84857e-07
0.504081 1.4382 200 380.583 5.78538e-07
0.504081 1.4382 200 381.585 5.72294e-07
0.504081 1.4382 200 382.588 5.66124e-07
0.504081 1.4382 200 383.59 5.60025e-07
0.504081 1.4382 200 384.593 5.53997e-07
0.504081 1.4382 200 385.595 5.4804e-07
0.504081 1.4382 200 386.598 5.42153e-07
0.504081 1.4382 200 387.6 5.36334e-07
0.504081 1.4382 200 388.603 5.30582e-07
0.504081 1.4382 200 389.605 5.24898e-07
0.504081 1.4382 200 390.607 5.19279e-07
0.504081 1.4382 200 391.61 5.13726e-07
0.504081 1.4382 200 392.612 5.08237e-07
0.504081 1.4382 200 393.615 5.02812e-07
0.504081 1.4382 200 394.617 4.9745e-07
0.504081 1.4382 200 395.62 4.92149e-07
0.504081 1.4382 200 396.622 4.8691e-07
0.504081 1.4382 200 397.625 4.81731e-07
0.504081 1.4382 200 398.627 4.76612e-07
0.504081 1.4382 200 399.63 4.71552e-07
0.504081 1.4382 200 400.632 4.6655e-07
0.504081 1.4382 200 401.635 4.61605e-07
0.504081 1.4382 200 402.637 4.56718e-07
0.504081 1.4382 200 403.64 4.51886e-07
0.504081 1.4382 200 404.642 4.4711e-07
0.504081 1.4382 200 405.645 4.42388e-07
0.504081 1.4382 200 406.647 4.3772e-07
0.504081 1.4382 200 407.649 4.33106e-07
0.504081 1.4382 200 408.652 4.28544e-07
0.504081 1.4382 200 409.654 4.24035e-07
0.504081 1.4382 200 410.657 4.19577e-07
0.504081 1.4382 200 411.659 4.15169e-07
0.504081 1.4382 200 412.662 4.10812e-07
0.504081 1.4382 200 413.664 4.06504e-07
0.504081 1.4382 200 414.667 4.02245e-07
0.504081 1.4382 200 415.669 3.98035e-07
0.504081 1.4382 200 416.672 3.93872e-07
0.504081 1.4382 200 417.674 3.89756e-07
0.504081 1.4382 200 418.677 3.85687e-07
0.504081 1.4382 200 419.679 3.81663e-07
0.504081 1.4382 200 420.682 3.77686e-07
0.504081 1.4382 200 421.684 3.73753e-07
0.504081 1.4382 200 422.686 3.69864e-07
0.504081 1.4382 200 423.689 3.66019e-07
0.504081 1.4382 200 424.691 3.62218e-07
0.504081 1.4382 200 425.694 3.58459e-07
0.504081 1.4382 200 426.696 3.54742e-07
0.504081 1.4382 200 427.699 3.51067e-07
0.504081 1.4382 200 428.701 3.47433e-07
0.504081 1.4382 200 429.704 3.4384e-07
0.504081 1.4382 200 430.706 3.40287e-07
0.504081 1.4382 200 431.709 3.36774e-07
0.504081 1.4382 200 432.711 3.333e-07
0.504081 1.4382 200 433.714 3.29864e-07
0.504081 1.4382 200 434.716 3.26467e-07
0.504081 1.4382 200 435.719 3.23108e-07
0.504081 1.4382 200 436.721 3.19786e-07
0.504081 1.4382 200 437.724 3.16502e-07
0.504081 1.4382 200 438.726 3.13253e-07
0.504081 1.4382 200 439.728 3.10041e-07
0.504081 1.4382 200 440.731 3.06864e-07
0.504081 1.4382 200 441.733 3.03723e-07
0.504081 1.4382 200 442.736 3.00616e-07
0.504081 1.4382 200 443.738 2.97543e-07
0.504081 1.4382 200 444.741 2.94505e-07
0.504081 1.4382 200 445.743 2.915e-07
0.504081 1.4382 200 446.746 2.88528e-07
0.504081 1.4382 200 447.748 2.85589e-07
0.504081 1.4382 200 448.751 2.82682e-07
0.504081 1.4382 200 449.753 2.79808e-07
0.504081 1.4382 200 450.756 2.76964e-07
0.504081 1.4382 200 451.758 2.74152e-07
0.504081 1.4382 200 452.761 2.71371e-07
0.504081 1.4382 200 453.763 2.68621e-07
0.504081 1.4382 200 454.765 2.659e-07
0.504081 1.4382 200 455.768 2.63209e-07
0.504081 1.4382 200 456.77 2.60548e-07
0.504081 1.4382 200 457.773 2.57916e-07
0.504081 1.4382 200 458.775 2.55312e-07
0.504081 1.4382 200 459.778 2.52737e-07
0.504081 1.4382 200 460.78 2.5019e-07
0.504081 1.4382 200 461.783 2.47671e-07
0.504081 1.4382 200 462.785 2.45179e-07
0.504081 1.4382 200 463.788 2.42714e-07
0.504081 1.4382 200 464.79 2.40275e-07
0.504081 1.4382 200 465.793 2.37864e-07
0.504081 1.4382 200 466.795 2.35478e-07
0.504081 1.4382 200 467.798 2.33118e-07
0.504081 1.4382 200 468.8 2.30784e-07
0.504081 1.4382 200 469.803 2.28475e-07
0.504081 1.4382 200 470.805 2.26191e-07
0.504081 1.4382 200 471.807 2.23932e-07
0.504081 1.4382 200 472.81 2.21697e-07
0.504081 1.4382 200 473.812 2.19486e-07
0.504081 1.4382 200 474.815 2.17298e-07
0.504081 1.4382 200 475.817 2.15135e-07
0.504081 1.4382 200 476.82 2.12994e-07
0.504081 1.4382 200 477.822 2.10877e-07
0.504081 1.4382 200 478.825 2.08782e-07
0.504081 1.4382 200 479.827 2.0671e-07
0.504081 1.4382 200 480.83 2.0466e-07
0.504081 1.4382 200 481.832 2.02632e-07
0.504081 1.4382 200 482.835 2.00625e-07
0.504081 1.4382 200 483.837 1.9864e-07
0.504081 1.4382 200 484.84 1.96677e-07
0.504081 1.4382 200 485.842 1.94734e-07
0.504081 1.4382 200 486.844 1.92811e-07
0.504081 1.4382 200 487.847 1.9091e-07
0.504081 1.4382 200 488.849 1.89028e-07
0.504081 1.4382 200 489.852 1.87167e-07
0.504081 1.4382 200 490.854 1.85325e-07
0.504081 1.4382 200 491.857 1.83503e-07
0.504081 1.4382 200 492.859 1.817e-07
0.504081 1.4382 200 493.862 1.79916e-07
0.504081 1.4382 200 494.864 1.78151e-07
0.504081 1.4382 200 495.867 1.76405e-07
0.504081 1.4382 200 496.869 1.74677e-07
0.504081 1.4382 200 497.872 1.72968e-07
0.504081 1.4382 200 498.874 1.71276e-07
0.504081 1.4382 200 499.877 1.69603e-07
0.504081 1.4382 200 500.879 1.67947e-07
0.504081 1.4382 200 501.882 1.66308e-07
0.504081 1.4382 200 502.884 1.64687e-07
0.504081 1.4382 200 503.886 1.63083e-07
0.504081 1.4382 200 504.889 1.61495e-07
0.504081 1.4382 200 505.891 1.59924e-07
0.504081 1.4382 200 506.894 1.5837e-07
0.504081 1.4382 200 507.896 1.56832e-07
0.504081 1.4382 200 508.899 1.5531e-07
0.504081 1.4382 200 509.901 1.53804e-07
0.504081 1.4382 200 510.904 1.52314e-07
0.504081 1.4382 200 511.906 1.50839e-07
0.504081 1.4382 200 512.909 1.49379e-07
0.504081 1.4382 200 513.911 1.47935e-07
0.504081 1.4382 200 514.914 1.46506e-07
0.504081 1.4382 200 515.916 1.45092e-07
0.504081 1.4382 200 516.919 1.43692e-07
0.504081 1.4382 200 517.921 1.42307e-07
0.504081 1.4382 200 518.923 1.40937e-07
0.504081 1.4382 200 519.926 1.3958e-07
0.504081 1.4382 200 520.928 1.38238e-07
0.504081 1.4382 200 521.931 1.3691e-07
0.504081 1.4382 200 522.933 1.35595e-07
0.504081 1.4382 200 523.936 1.34294e-07
0.504081 1.4382 200 524.938 1.33006e-07
0.504081 1.4382 200 525.941 1.31732e-07
0.504081 1.4382 200 526.943 1.30471e-07
0.504081 1.4382 200 527.946 1.29223e-07
0.504081 1.4382 200 528.948 1.27987e-07
0.504081 1.4382 200 529.951 1.26765e-07
0.504081 1.4382 200 530.953 1.25554e-07
0.504081 1.4382 200 531.956 1.24357e-07
0.504081 1.4382 200 532.958 1.23172e-07
0.504081 1.4382 200 533.961 1.21998e-07
0.504081 1.4382 200 534.963 1.20837e-07
0.504081 1.4382 200 535.965 1.19688e-07
0.504081 1.4382 200 536.968 1.18551e-07
0.504081 1.4382 200 537.97 1.17425e-07
0.504081 1.4382 200 538.973 1.1631e-07
0.504081 1.4382 200 539.975 1.15207e-07
0.504081 1.4382 200 540.978 1.14116e-07
0.504081 1.4382 200 541.98 1.13035e-07
0.504081 1.4382 200 542.983 1.11966e-07
0.504081 1.4382 200 543.985 1.10907e-07
0.504081 1.4382 200 544.988 1.09859e-07
0.504081 1.4382 200 545.99 1.08822e-07
0.504081 1.4382 200 546.993 1.07795e-07
0.504081 1.4382 200 547.995 1.06779e-07
0.504081 1.4382 200 548.998 1.05773e-07
0.504081 1.4382 200 550 1.04777e-07
