4.38686 1.4382 0 150.015 9.67586e-06
4.38686 1.4382 0 151.017 1.58805e-05
4.38686 1.4382 0 152.02 1.4311e-05
4.38686 1.4382 0 153.022 1.24478e-05
4.38686 1.4382 0 154.025 1.09708e-05
4.38686 1.4382 0 155.027 9.77961e-06
4.38686 1.4382 0 156.03 8.79074e-06
4.38686 1.4382 0 157.032 7.95238e-06
4.38686 1.4382 0 158.035 7.23052e-06
4.38686 1.4382 0 159.037 6.60156e-06
4.38686 1.4382 0 160.04 6.04833e-06
4.38686 1.4382 0 161.042 5.55795e-06
4.38686 1.4382 0 162.045 5.12045e-06
4.38686 1.4382 0 163.047 4.72799e-06
4.38686 1.4382 0 164.05 4.37427e-06
4.38686 1.4382 0 165.052 4.05414e-06
4.38686 1.4382 0 166.054 3.76338e-06
4.38686 1.4382 0 167.057 3.49845e-06
4.38686 1.4382 0 168.059 3.25636e-06
4.38686 1.4382 0 169.062 3.03458e-06
4.38686 1.4382 0 170.064 2.83094e-06
4.38686 1.4382 0 171.067 2.64357e-06
4.38686 1.4382 0 172.069 2.47084e-06
4.38686 1.4382 0 173.072 2.31133e-06
4.38686 1.4382 0 174.074 2.16379e-06
4.38686 1.4382 0 175.077 2.02714e-06
4.38686 1.4382 0 176.079 1.9004e-06
4.38686 1.4382 0 177.082 1.78269e-06
4.38686 1.4382 0 178.084 1.67326e-06
4.38686 1.4382 0 179.087 1.57142e-06
4.38686 1.4382 0 180.089 1.47653e-06
4.38686 1.4382 0 181.092 1.38806e-06
4.38686 1.4382 0 182.094 1.30548e-06
4.38686 1.4382 0 183.096 1.22835e-06
4.38686 1.4382 0 184.099 1.15625e-06
4.38686 1.4382 0 185.101 1.08881e-06
4.38686 1.4382 0 186.104 1.02568e-06
4.38686 1.4382 0 187.106 9.6655e-07
4.38686 1.4382 0 188.109 9.11131e-07
4.38686 1.4382 0 189.111 8.59163e-07
4.38686 1.4382 0 190.114 8.10404e-07
4.38686 1.4382 0 191.116 7.64633e-07
4.38686 1.4382 0 192.119 7.21646e-07
4.38686 1.4382 0 193.121 6.81256e-07
4.38686 1.4382 0 194.124 6.43288e-07
4.38686 1.4382 0 195.126 6.07584e-07
4.38686 1.4382 0 196.129 5.73994e-07
4.38686 1.4382 0 197.131 5.42382e-07
4.38686 1.4382 0 198.133 5.1262e-07
4.38686 1.4382 0 199.136 4.84591e-07
4.38686 1.4382 0 200.138 4.58186e-07
4.38686 1.4382 0 201.141 4.33301e-07
4.38686 1.4382 0 202.143 4.09843e-07
4.38686 1.4382 0 203.146 3.87723e-07
4.38686 1.4382 0 204.148 3.6686e-07
4.38686 1.4382 0 205.151 3.47176e-07
4.38686 1.4382 0 206.153 3.28601e-07
4.38686 1.4382 0 207.156 3.11067e-07
4.38686 1.4382 0 208.158 2.94512e-07
4.38686 1.4382 0 209.161 2.78879e-07
4.38686 1.4382 0 210.163 2.64111e-07
4.38686 1.4382 0 211.166 2.5016e-07
4.38686 1.4382 0 212.168 2.36976e-07
4.38686 1.4382 0 213.171 2.24515e-07
4.38686 1.4382 0 214.173 2.12736e-07
4.38686 1.4382 0 215.175 2.01598e-07
4.38686 1.4382 0 216.178 1.91066e-07
4.38686 1.4382 0 217.18 1.81104e-07
4.38686 1.4382 0 218.183 1.7168e-07
4.38686 1.4382 0 219.185 1.62764e-07
4.38686 1.4382 0 220.188 1.54326e-07
4.38686 1.4382 0 221.19 1.46341e-07
4.38686 1.4382 0 222.193 1.38782e-07
4.38686 1.4382 0 223.195 1.31626e-07
4.38686 1.4382 0 224.198 1.24851e-07
4.38686 1.4382 0 225.2 1.18435e-07
4.38686 1.4382 0 226.203 1.12358e-07
4.38686 1.4382 0 227.205 1.06602e-07
4.38686 1.4382 0 228.208 1.0115e-07
4.38686 1.4382 0 229.21 9.59838e-08
4.38686 1.4382 0 230.212 9.1089e-08
4.38686 1.4382 0 231.215 8.64504e-08
4.38686 1.4382 0 232.217 8.20542e-08
4.38686 1.4382 0 233.22 7.78872e-08
4.38686 1.4382 0 234.222 7.39372e-08
4.38686 1.4382 0 235.225 7.01924e-08
4.38686 1.4382 0 236.227 6.66418e-08
4.38686 1.4382 0 237.23 6.3275e-08
4.38686 1.4382 0 238.232 6.00823e-08
4.38686 1.4382 0 239.235 5.70543e-08
4.38686 1.4382 0 240.237 5.41823e-08
4.38686 1.4382 0 241.24 5.1458e-08
4.38686 1.4382 0 242.242 4.88736e-08
4.38686 1.4382 0 243.245 4.64217e-08
4.38686 1.4382 0 244.247 4.40953e-08
4.38686 1.4382 0 245.25 4.18879e-08
4.38686 1.4382 0 246.252 3.97932e-08
4.38686 1.4382 0 247.254 3.78053e-08
4.38686 1.4382 0 248.257 3.59185e-08
4.38686 1.4382 0 249.259 3.41277e-08
4.38686 1.4382 0 250.262 3.24278e-08
4.38686 1.4382 0 251.264 3.08141e-08
4.38686 1.4382 0 252.267 2.92822e-08
4.38686 1.4382 0 253.269 2.78277e-08
4.38686 1.4382 0 254.272 2.64467e-08
4.38686 1.4382 0 255.274 2.51354e-08
4.38686 1.4382 0 256.277 2.38902e-08
4.38686 1.4382 0 257.279 2.27077e-08
4.38686 1.4382 0 258.282 2.15847e-08
4.38686 1.4382 0 259.284 2.05181e-08
4.38686 1.4382 0 260.287 1.9505e-08
4.38686 1.4382 0 261.289 1.85427e-08
4.38686 1.4382 0 262.291 1.76286e-08
4.38686 1.4382 0 263.294 1.67602e-08
4.38686 1.4382 0 264.296 1.59352e-08
4.38686 1.4382 0 265.299 1.51514e-08
4.38686 1.4382 0 266.301 1.44067e-08
4.38686 1.4382 0 267.304 1.36991e-08
4.38686 1.4382 0 268.306 1.30267e-08
4.38686 1.4382 0 269.309 1.23878e-08
4.38686 1.4382 0 270.311 1.17806e-08
4.38686 1.4382 0 271.314 1.12036e-08
4.38686 1.4382 0 272.316 1.06552e-08
4.38686 1.4382 0 273.319 1.0134e-08
4.38686 1.4382 0 274.321 9.63861e-09
4.38686 1.4382 0 275.324 9.16773e-09
4.38686 1.4382 0 276.326 8.72013e-09
4.38686 1.4382 0 277.329 8.29464e-09
4.38686 1.4382 0 278.331 7.89016e-09
4.38686 1.4382 0 279.333 7.50564e-09
4.38686 1.4382 0 280.336 7.14007e-09
4.38686 1.4382 0 281.338 6.7925e-09
4.38686 1.4382 0 282.341 6.46204e-09
4.38686 1.4382 0 283.343 6.14784e-09
4.38686 1.4382 0 284.346 5.84907e-09
4.38686 1.4382 0 285.348 5.56498e-09
4.38686 1.4382 0 286.351 5.29484e-09
4.38686 1.4382 0 287.353 5.03794e-09
4.38686 1.4382 0 288.356 4.79364e-09
4.38686 1.4382 0 289.358 4.5613e-09
4.38686 1.4382 0 290.361 4.34034e-09
4.38686 1.4382 0 291.363 4.13019e-09
4.38686 1.4382 0 292.366 3.93031e-09
4.38686 1.4382 0 293.368 3.74019e-09
4.38686 1.4382 0 294.37 3.55936e-09
4.38686 1.4382 0 295.373 3.38736e-09
4.38686 1.4382 0 296.375 3.22374e-09
4.38686 1.4382 0 297.378 3.0681e-09
4.38686 1.4382 0 298.38 2.92004e-09
4.38686 1.4382 0 299.383 2.77919e-09
4.38686 1.4382 0 300.385 2.64519e-09
4.38686 1.4382 0 301.388 2.51771e-09
4.38686 1.4382 0 302.39 2.39643e-09
4.38686 1.4382 0 303.393 2.28103e-09
4.38686 1.4382 0 304.395 2.17124e-09
4.38686 1.4382 0 305.398 2.06678e-09
4.38686 1.4382 0 306.4 1.96739e-09
4.38686 1.4382 0 307.403 1.87281e-09
4.38686 1.4382 0 308.405 1.78282e-09
4.38686 1.4382 0 309.408 1.69718e-09
4.38686 1.4382 0 310.41 1.61569e-09
4.38686 1.4382 0 311.412 1.53814e-09
4.38686 1.4382 0 312.415 1.46435e-09
4.38686 1.4382 0 313.417 1.39412e-09
4.38686 1.4382 0 314.42 1.32728e-09
4.38686 1.4382 0 315.422 1.26367e-09
4.38686 1.4382 0 316.425 1.20314e-09
4.38686 1.4382 0 317.427 1.14552e-09
4.38686 1.4382 0 318.43 1.09068e-09
4.38686 1.4382 0 319.432 1.03849e-09
4.38686 1.4382 0 320.435 9.88806e-10
4.38686 1.4382 0 321.437 9.41519e-10
4.38686 1.4382 0 322.44 8.96509e-10
4.38686 1.4382 0 323.442 8.53666e-10
4.38686 1.4382 0 324.445 8.12883e-10
4.38686 1.4382 0 325.447 7.74061e-10
4.38686 1.4382 0 326.449 7.37106e-10
4.38686 1.4382 0 327.452 7.01926e-10
4.38686 1.4382 0 328.454 6.68436e-10
4.38686 1.4382 0 329.457 6.36554e-10
4.38686 1.4382 0 330.459 6.06201e-10
4.38686 1.4382 0 331.462 5.77306e-10
4.38686 1.4382 0 332.464 5.49795e-10
4.38686 1.4382 0 333.467 5.23604e-10
4.38686 1.4382 0 334.469 4.98668e-10
4.38686 1.4382 0 335.472 4.74926e-10
4.38686 1.4382 0 336.474 4.52322e-10
4.38686 1.4382 0 337.477 4.30799e-10
4.38686 1.4382 0 338.479 4.10307e-10
4.38686 1.4382 0 339.482 3.90794e-10
4.38686 1.4382 0 340.484 3.72215e-10
4.38686 1.4382 0 341.487 3.54524e-10
4.38686 1.4382 0 342.489 3.37679e-10
4.38686 1.4382 0 343.491 3.21638e-10
4.38686 1.4382 0 344.494 3.06363e-10
4.38686 1.4382 0 345.496 2.91818e-10
4.38686 1.4382 0 346.499 2.77967e-10
4.38686 1.4382 0 347.501 2.64777e-10
4.38686 1.4382 0 348.504 2.52216e-10
4.38686 1.4382 0 349.506 2.40253e-10
4.38686 1.4382 0 350.509 2.28861e-10
4.38686 1.4382 0 351.511 2.18012e-10
4.38686 1.4382 0 352.514 2.0768e-10
4.38686 1.4382 0 353.516 1.9784e-10
4.38686 1.4382 0 354.519 1.88469e-10
4.38686 1.4382 0 355.521 1.79543e-10
4.38686 1.4382 0 356.524 1.71042e-10
4.38686 1.4382 0 357.526 1.62946e-10
4.38686 1.4382 0 358.528 1.55234e-10
4.38686 1.4382 0 359.531 1.4789e-10
4.38686 1.4382 0 360.533 1.40894e-10
4.38686 1.4382 0 361.536 1.34231e-10
4.38686 1.4382 0 362.538 1.27884e-10
4.38686 1.4382 0 363.541 1.21839e-10
4.38686 1.4382 0 364.543 1.16081e-10
4.38686 1.4382 0 365.546 1.10596e-10
4.38686 1.4382 0 366.548 1.05372e-10
4.38686 1.4382 0 367.551 1.00395e-10
4.38686 1.4382 0 368.553 9.56543e-11
4.38686 1.4382 0 369.556 9.11385e-11
4.38686 1.4382 0 370.558 8.68367e-11
4.38686 1.4382 0 371.561 8.27389e-11
4.38686 1.4382 0 372.563 7.88352e-11
4.38686 1.4382 0 373.566 7.51165e-11
4.38686 1.4382 0 374.568 7.15739e-11
4.38686 1.4382 0 375.57 6.8199e-11
4.38686 1.4382 0 376.573 6.4984e-11
4.38686 1.4382 0 377.575 6.1921e-11
4.38686 1.4382 0 378.578 5.9003e-11
4.38686 1.4382 0 379.58 5.62231e-11
4.38686 1.4382 0 380.583 5.35746e-11
4.38686 1.4382 0 381.585 5.10514e-11
4.38686 1.4382 0 382.588 4.86475e-11
4.38686 1.4382 0 383.59 4.63572e-11
4.38686 1.4382 0 384.593 4.41751e-11
4.38686 1.4382 0 385.595 4.20961e-11
4.38686 1.4382 0 386.598 4.01153e-11
4.38686 1.4382 0 387.6 3.8228e-11
4.38686 1.4382 0 388.603 3.64299e-11
4.38686 1.4382 0 389.605 3.47166e-11
4.38686 1.4382 0 390.607 3.30842e-11
4.38686 1.4382 0 391.61 3.15288e-11
4.38686 1.4382 0 392.612 3.00468e-11
4.38686 1.4382 0 393.615 2.86347e-11
4.38686 1.4382 0 394.617 2.72892e-11
4.38686 1.4382 0 395.62 2.60072e-11
4.38686 1.4382 0 396.622 2.47855e-11
4.38686 1.4382 0 397.625 2.36215e-11
4.38686 1.4382 0 398.627 2.25123e-11
4.38686 1.4382 0 399.63 2.14553e-11
4.38686 1.4382 0 400.632 2.04481e-11
4.38686 1.4382 0 401.635 1.94884e-11
4.38686 1.4382 0 402.637 1.85739e-11
4.38686 1.4382 0 403.64 1.77024e-11
4.38686 1.4382 0 404.642 1.68719e-11
4.38686 1.4382 0 405.645 1.60805e-11
4.38686 1.4382 0 406.647 1.53264e-11
4.38686 1.4382 0 407.649 1.46077e-11
4.38686 1.4382 0 408.652 1.39228e-11
4.38686 1.4382 0 409.654 1.32701e-11
4.38686 1.4382 0 410.657 1.26482e-11
4.38686 1.4382 0 411.659 1.20554e-11
4.38686 1.4382 0 412.662 1.14905e-11
4.38686 1.4382 0 413.664 1.09522e-11
4.38686 1.4382 0 414.667 1.04392e-11
4.38686 1.4382 0 415.669 9.95023e-12
4.38686 1.4382 0 416.672 9.48426e-12
4.38686 1.4382 0 417.674 9.04017e-12
4.38686 1.4382 0 418.677 8.61694e-12
4.38686 1.4382 0 419.679 8.21357e-12
4.38686 1.4382 0 420.682 7.82914e-12
4.38686 1.4382 0 421.684 7.46275e-12
4.38686 1.4382 0 422.686 7.11356e-12
4.38686 1.4382 0 423.689 6.78075e-12
4.38686 1.4382 0 424.691 6.46355e-12
4.38686 1.4382 0 425.694 6.16123e-12
4.38686 1.4382 0 426.696 5.87309e-12
4.38686 1.4382 0 427.699 5.59846e-12
4.38686 1.4382 0 428.701 5.3367e-12
4.38686 1.4382 0 429.704 5.08722e-12
4.38686 1.4382 0 430.706 4.84942e-12
4.38686 1.4382 0 431.709 4.62278e-12
4.38686 1.4382 0 432.711 4.40675e-12
4.38686 1.4382 0 433.714 4.20084e-12
4.38686 1.4382 0 434.716 4.00458e-12
4.38686 1.4382 0 435.719 3.81751e-12
4.38686 1.4382 0 436.721 3.6392e-12
4.38686 1.4382 0 437.724 3.46923e-12
4.38686 1.4382 0 438.726 3.30723e-12
4.38686 1.4382 0 439.728 3.15281e-12
4.38686 1.4382 0 440.731 3.00562e-12
4.38686 1.4382 0 441.733 2.86531e-12
4.38686 1.4382 0 442.736 2.73157e-12
4.38686 1.4382 0 443.738 2.60409e-12
4.38686 1.4382 0 444.741 2.48257e-12
4.38686 1.4382 0 445.743 2.36673e-12
4.38686 1.4382 0 446.746 2.25631e-12
4.38686 1.4382 0 447.748 2.15106e-12
4.38686 1.4382 0 448.751 2.05073e-12
4.38686 1.4382 0 449.753 1.95508e-12
4.38686 1.4382 0 450.756 1.86391e-12
4.38686 1.4382 0 451.758 1.777e-12
4.38686 1.4382 0 452.761 1.69415e-12
4.38686 1.4382 0 453.763 1.61517e-12
4.38686 1.4382 0 454.765 1.53988e-12
4.38686 1.4382 0 455.768 1.46811e-12
4.38686 1.4382 0 456.77 1.39969e-12
4.38686 1.4382 0 457.773 1.33446e-12
4.38686 1.4382 0 458.775 1.27228e-12
4.38686 1.4382 0 459.778 1.21301e-12
4.38686 1.4382 0 460.78 1.1565e-12
4.38686 1.4382 0 461.783 1.10263e-12
4.38686 1.4382 0 462.785 1.05127e-12
4.38686 1.4382 0 463.788 1.00232e-12
4.38686 1.4382 0 464.79 9.55641e-13
4.38686 1.4382 0 465.793 9.11145e-13
4.38686 1.4382 0 466.795 8.68725e-13
4.38686 1.4382 0 467.798 8.28283e-13
4.38686 1.4382 0 468.8 7.89728e-13
4.38686 1.4382 0 469.803 7.52971e-13
4.38686 1.4382 0 470.805 7.17928e-13
4.38686 1.4382 0 471.807 6.84519e-13
4.38686 1.4382 0 472.81 6.52668e-13
4.38686 1.4382 0 473.812 6.22302e-13
4.38686 1.4382 0 474.815 5.93351e-13
4.38686 1.4382 0 475.817 5.6575e-13
4.38686 1.4382 0 476.82 5.39435e-13
4.38686 1.4382 0 477.822 5.14346e-13
4.38686 1.4382 0 478.825 4.90426e-13
4.38686 1.4382 0 479.827 4.67621e-13
4.38686 1.4382 0 480.83 4.45878e-13
4.38686 1.4382 0 481.832 4.25148e-13
4.38686 1.4382 0 482.835 4.05383e-13
4.38686 1.4382 0 483.837 3.86539e-13
4.38686 1.4382 0 484.84 3.68572e-13
4.38686 1.4382 0 485.842 3.51442e-13
4.38686 1.4382 0 486.844 3.3511e-13
4.38686 1.4382 0 487.847 3.19537e-13
4.38686 1.4382 0 488.849 3.0469e-13
4.38686 1.4382 0 489.852 2.90534e-13
4.38686 1.4382 0 490.854 2.77036e-13
4.38686 1.4382 0 491.857 2.64167e-13
4.38686 1.4382 0 492.859 2.51897e-13
4.38686 1.4382 0 493.862 2.40197e-13
4.38686 1.4382 0 494.864 2.29042e-13
4.38686 1.4382 0 495.867 2.18406e-13
4.38686 1.4382 0 496.869 2.08264e-13
4.38686 1.4382 0 497.872 1.98594e-13
4.38686 1.4382 0 498.874 1.89374e-13
4.38686 1.4382 0 499.877 1.80582e-13
4.38686 1.4382 0 500.879 1.722e-13
4.38686 1.4382 0 501.882 1.64207e-13
4.38686 1.4382 0 502.884 1.56586e-13
4.38686 1.4382 0 503.886 1.49319e-13
4.38686 1.4382 0 504.889 1.42389e-13
4.38686 1.4382 0 505.891 1.35782e-13
4.38686 1.4382 0 506.894 1.29482e-13
4.38686 1.4382 0 507.896 1.23475e-13
4.38686 1.4382 0 508.899 1.17746e-13
4.38686 1.4382 0 509.901 1.12284e-13
4.38686 1.4382 0 510.904 1.07076e-13
4.38686 1.4382 0 511.906 1.0211e-13
4.38686 1.4382 0 512.909 9.73738e-14
4.38686 1.4382 0 513.911 9.28581e-14
4.38686 1.4382 0 514.914 8.85521e-14
4.38686 1.4382 0 515.916 8.44461e-14
4.38686 1.4382 0 516.919 8.05307e-14
4.38686 1.4382 0 517.921 7.67971e-14
4.38686 1.4382 0 518.923 7.32369e-14
4.38686 1.4382 0 519.926 6.9842e-14
4.38686 1.4382 0 520.928 6.66046e-14
4.38686 1.4382 0 521.931 6.35176e-14
4.38686 1.4382 0 522.933 6.05738e-14
4.38686 1.4382 0 523.936 5.77666e-14
4.38686 1.4382 0 524.938 5.50897e-14
4.38686 1.4382 0 525.941 5.2537e-14
4.38686 1.4382 0 526.943 5.01028e-14
4.38686 1.4382 0 527.946 4.77815e-14
4.38686 1.4382 0 528.948 4.55679e-14
4.38686 1.4382 0 529.951 4.3457e-14
4.38686 1.4382 0 530.953 4.1444e-14
4.38686 1.4382 0 531.956 3.95243e-14
4.38686 1.4382 0 532.958 3.76938e-14
4.38686 1.4382 0 533.961 3.59481e-14
4.38686 1.4382 0 534.963 3.42833e-14
4.38686 1.4382 0 535.965 3.26958e-14
4.38686 1.4382 0 536.968 3.11818e-14
4.38686 1.4382 0 537.97 2.97381e-14
4.38686 1.4382 0 538.973 2.83612e-14
4.38686 1.4382 0 539.975 2.70482e-14
4.38686 1.4382 0 540.978 2.57961e-14
4.38686 1.4382 0 541.98 2.4602e-14
4.38686 1.4382 0 542.983 2.34633e-14
4.38686 1.4382 0 543.985 2.23773e-14
4.38686 1.4382 0 544.988 2.13416e-14
4.38686 1.4382 0 545.99 2.0354e-14
4.38686 1.4382 0 546.993 1.94121e-14
4.38686 1.4382 0 547.995 1.85138e-14
4.38686 1.4382 0 548.998 1.76572e-14
4.38686 1.4382 0 550 1.68402e-14

