1.48297 1.4382 0 100.01 7.81253e-06
1.48297 1.4382 0 101.012 1.4441e-05
1.48297 1.4382 0 102.015 1.45076e-05
1.48297 1.4382 0 103.017 1.40363e-05
1.48297 1.4382 0 104.02 1.35635e-05
1.48297 1.4382 0 105.022 1.31091e-05
1.48297 1.4382 0 106.025 1.26723e-05
1.48297 1.4382 0 107.027 1.22517e-05
1.48297 1.4382 0 108.03 1.18464e-05
1.48297 1.4382 0 109.032 1.14554e-05
1.48297 1.4382 0 110.035 1.10782e-05
1.48297 1.4382 0 111.037 1.07141e-05
1.48297 1.4382 0 112.04 1.03626e-05
1.48297 1.4382 0 113.042 1.00231e-05
1.48297 1.4382 0 114.045 9.69531e-06
1.48297 1.4382 0 115.047 9.37865e-06
1.48297 1.4382 0 116.05 9.07274e-06
1.48297 1.4382 0 117.052 8.77719e-06
1.48297 1.4382 0 118.055 8.49161e-06
1.48297 1.4382 0 119.057 8.21564e-06
1.48297 1.4382 0 120.06 7.94895e-06
1.48297 1.4382 0 121.062 7.6912e-06
1.48297 1.4382 0 122.065 7.44208e-06
1.48297 1.4382 0 123.067 7.20129e-06
1.48297 1.4382 0 124.07 6.96852e-06
1.48297 1.4382 0 125.072 6.74352e-06
1.48297 1.4382 0 126.075 6.52599e-06
1.48297 1.4382 0 127.077 6.3157e-06
1.48297 1.4382 0 128.079 6.11238e-06
1.48297 1.4382 0 129.082 5.9158e-06
1.48297 1.4382 0 130.084 5.72572e-06
1.48297 1.4382 0 131.087 5.54192e-06
1.48297 1.4382 0 132.089 5.3642e-06
1.48297 1.4382 0 133.092 5.19233e-06
1.48297 1.4382 0 134.094 5.02613e-06
1.48297 1.4382 0 135.097 4.8654e-06
1.48297 1.4382 0 136.099 4.70995e-06
1.48297 1.4382 0 137.102 4.5596e-06
1.48297 1.4382 0 138.104 4.41419e-06
1.48297 1.4382 0 139.107 4.27355e-06
1.48297 1.4382 0 140.109 4.13751e-06
1.48297 1.4382 0 141.112 4.00592e-06
1.48297 1.4382 0 142.114 3.87863e-06
1.48297 1.4382 0 143.117 3.75549e-06
1.48297 1.4382 0 144.119 3.63638e-06
1.48297 1.4382 0 145.122 3.52114e-06
1.48297 1.4382 0 146.124 3.40966e-06
1.48297 1.4382 0 147.127 3.3018e-06
1.48297 1.4382 0 148.129 3.19745e-06
1.48297 1.4382 0 149.132 3.09649e-06
1.48297 1.4382 0 150.134 2.99881e-06
1.48297 1.4382 0 151.137 2.90429e-06
1.48297 1.4382 0 152.139 2.81283e-06
1.48297 1.4382 0 153.142 2.72434e-06
1.48297 1.4382 0 154.144 2.6387e-06
1.48297 1.4382 0 155.146 2.55583e-06
1.48297 1.4382 0 156.149 2.47564e-06
1.48297 1.4382 0 157.151 2.39803e-06
1.48297 1.4382 0 158.154 2.32292e-06
1.48297 1.4382 0 159.156 2.25024e-06
1.48297 1.4382 0 160.159 2.17989e-06
1.48297 1.4382 0 161.161 2.1118e-06
1.48297 1.4382 0 162.164 2.0459e-06
1.48297 1.4382 0 163.166 1.98211e-06
1.48297 1.4382 0 164.169 1.92037e-06
1.48297 1.4382 0 165.171 1.86061e-06
1.48297 1.4382 0 166.174 1.80276e-06
1.48297 1.4382 0 167.176 1.74676e-06
1.48297 1.4382 0 168.179 1.69255e-06
1.48297 1.4382 0 169.181 1.64008e-06
1.48297 1.4382 0 170.184 1.58927e-06
1.48297 1.4382 0 171.186 1.54009e-06
1.48297 1.4382 0 172.189 1.49247e-06
1.48297 1.4382 0 173.191 1.44637e-06
1.48297 1.4382 0 174.194 1.40174e-06
1.48297 1.4382 0 175.196 1.35853e-06
1.48297 1.4382 0 176.199 1.31668e-06
1.48297 1.4382 0 177.201 1.27617e-06
1.48297 1.4382 0 178.204 1.23694e-06
1.48297 1.4382 0 179.206 1.19895e-06
1.48297 1.4382 0 180.208 1.16216e-06
1.48297 1.4382 0 181.211 1.12654e-06
1.48297 1.4382 0 182.213 1.09205e-06
1.48297 1.4382 0 183.216 1.05864e-06
1.48297 1.4382 0 184.218 1.02629e-06
1.48297 1.4382 0 185.221 9.94953e-07
1.48297 1.4382 0 186.223 9.64607e-07
1.48297 1.4382 0 187.226 9.35216e-07
1.48297 1.4382 0 188.228 9.0675e-07
1.48297 1.4382 0 189.231 8.79178e-07
1.48297 1.4382 0 190.233 8.52471e-07
1.48297 1.4382 0 191.236 8.26603e-07
1.48297 1.4382 0 192.238 8.01545e-07
1.48297 1.4382 0 193.241 7.77272e-07
1.48297 1.4382 0 194.243 7.53759e-07
1.48297 1.4382 0 195.246 7.30981e-07
1.48297 1.4382 0 196.248 7.08914e-07
1.48297 1.4382 0 197.251 6.87536e-07
1.48297 1.4382 0 198.253 6.66826e-07
1.48297 1.4382 0 199.256 6.4676e-07
1.48297 1.4382 0 200.258 6.27319e-07
1.48297 1.4382 0 201.261 6.08483e-07
1.48297 1.4382 0 202.263 5.90233e-07
1.48297 1.4382 0 203.266 5.7255e-07
1.48297 1.4382 0 204.268 5.55415e-07
1.48297 1.4382 0 205.271 5.38811e-07
1.48297 1.4382 0 206.273 5.22722e-07
1.48297 1.4382 0 207.275 5.07131e-07
1.48297 1.4382 0 208.278 4.92022e-07
1.48297 1.4382 0 209.28 4.7738e-07
1.48297 1.4382 0 210.283 4.6319e-07
1.48297 1.4382 0 211.285 4.49437e-07
1.48297 1.4382 0 212.288 4.36109e-07
1.48297 1.4382 0 213.29 4.2319e-07
1.48297 1.4382 0 214.293 4.1067e-07
1.48297 1.4382 0 215.295 3.98534e-07
1.48297 1.4382 0 216.298 3.8677e-07
1.48297 1.4382 0 217.3 3.75368e-07
1.48297 1.4382 0 218.303 3.64315e-07
1.48297 1.4382 0 219.305 3.53601e-07
1.48297 1.4382 0 220.308 3.43214e-07
1.48297 1.4382 0 221.31 3.33145e-07
1.48297 1.4382 0 222.313 3.23384e-07
1.48297 1.4382 0 223.315 3.1392e-07
1.48297 1.4382 0 224.318 3.04745e-07
1.48297 1.4382 0 225.32 2.9585e-07
1.48297 1.4382 0 226.323 2.87225e-07
1.48297 1.4382 0 227.325 2.78862e-07
1.48297 1.4382 0 228.328 2.70753e-07
1.48297 1.4382 0 229.33 2.6289e-07
1.48297 1.4382 0 230.333 2.55266e-07
1.48297 1.4382 0 231.335 2.47873e-07
1.48297 1.4382 0 232.338 2.40703e-07
1.48297 1.4382 0 233.34 2.3375e-07
1.48297 1.4382 0 234.342 2.27007e-07
1.48297 1.4382 0 235.345 2.20467e-07
1.48297 1.4382 0 236.347 2.14124e-07
1.48297 1.4382 0 237.35 2.07973e-07
1.48297 1.4382 0 238.352 2.02006e-07
1.48297 1.4382 0 239.355 1.96219e-07
1.48297 1.4382 0 240.357 1.90605e-07
1.48297 1.4382 0 241.36 1.8516e-07
1.48297 1.4382 0 242.362 1.79878e-07
1.48297 1.4382 0 243.365 1.74754e-07
1.48297 1.4382 0 244.367 1.69783e-07
1.48297 1.4382 0 245.37 1.6496e-07
1.48297 1.4382 0 246.372 1.60282e-07
1.48297 1.4382 0 247.375 1.55742e-07
1.48297 1.4382 0 248.377 1.51338e-07
1.48297 1.4382 0 249.38 1.47065e-07
1.48297 1.4382 0 250.382 1.42919e-07
1.48297 1.4382 0 251.385 1.38896e-07
1.48297 1.4382 0 252.387 1.34992e-07
1.48297 1.4382 0 253.39 1.31204e-07
1.48297 1.4382 0 254.392 1.27528e-07
1.48297 1.4382 0 255.395 1.2396e-07
1.48297 1.4382 0 256.397 1.20497e-07
1.48297 1.4382 0 257.4 1.17137e-07
1.48297 1.4382 0 258.402 1.13876e-07
1.48297 1.4382 0 259.405 1.1071e-07
1.48297 1.4382 0 260.407 1.07638e-07
1.48297 1.4382 0 261.409 1.04655e-07
1.48297 1.4382 0 262.412 1.01761e-07
1.48297 1.4382 0 263.414 9.89503e-08
1.48297 1.4382 0 264.417 9.62223e-08
1.48297 1.4382 0 265.419 9.3574e-08
1.48297 1.4382 0 266.422 9.10029e-08
1.48297 1.4382 0 267.424 8.85067e-08
1.48297 1.4382 0 268.427 8.60831e-08
1.48297 1.4382 0 269.429 8.373e-08
1.48297 1.4382 0 270.432 8.14452e-08
1.48297 1.4382 0 271.434 7.92266e-08
1.48297 1.4382 0 272.437 7.70723e-08
1.48297 1.4382 0 273.439 7.49802e-08
1.48297 1.4382 0 274.442 7.29486e-08
1.48297 1.4382 0 275.444 7.09756e-08
1.48297 1.4382 0 276.447 6.90594e-08
1.48297 1.4382 0 277.449 6.71984e-08
1.48297 1.4382 0 278.452 6.53908e-08
1.48297 1.4382 0 279.454 6.36351e-08
1.48297 1.4382 0 280.457 6.19298e-08
1.48297 1.4382 0 281.459 6.02732e-08
1.48297 1.4382 0 282.462 5.8664e-08
1.48297 1.4382 0 283.464 5.71007e-08
1.48297 1.4382 0 284.467 5.5582e-08
1.48297 1.4382 0 285.469 5.41065e-08
1.48297 1.4382 0 286.472 5.26729e-08
1.48297 1.4382 0 287.474 5.12801e-08
1.48297 1.4382 0 288.476 4.99267e-08
1.48297 1.4382 0 289.479 4.86116e-08
1.48297 1.4382 0 290.481 4.73337e-08
1.48297 1.4382 0 291.484 4.60919e-08
1.48297 1.4382 0 292.486 4.48851e-08
1.48297 1.4382 0 293.489 4.37123e-08
1.48297 1.4382 0 294.491 4.25724e-08
1.48297 1.4382 0 295.494 4.14645e-08
1.48297 1.4382 0 296.496 4.03876e-08
1.48297 1.4382 0 297.499 3.93409e-08
1.48297 1.4382 0 298.501 3.83234e-08
1.48297 1.4382 0 299.504 3.73344e-08
1.48297 1.4382 0 300.506 3.63728e-08
1.48297 1.4382 0 301.509 3.5438e-08
1.48297 1.4382 0 302.511 3.45292e-08
1.48297 1.4382 0 303.514 3.36455e-08
1.48297 1.4382 0 304.516 3.27863e-08
1.48297 1.4382 0 305.519 3.19509e-08
1.48297 1.4382 0 306.521 3.11385e-08
1.48297 1.4382 0 307.524 3.03485e-08
1.48297 1.4382 0 308.526 2.95802e-08
1.48297 1.4382 0 309.529 2.8833e-08
1.48297 1.4382 0 310.531 2.81063e-08
1.48297 1.4382 0 311.534 2.73995e-08
1.48297 1.4382 0 312.536 2.6712e-08
1.48297 1.4382 0 313.538 2.60433e-08
1.48297 1.4382 0 314.541 2.53927e-08
1.48297 1.4382 0 315.543 2.47599e-08
1.48297 1.4382 0 316.546 2.41442e-08
1.48297 1.4382 0 317.548 2.35452e-08
1.48297 1.4382 0 318.551 2.29624e-08
1.48297 1.4382 0 319.553 2.23954e-08
1.48297 1.4382 0 320.556 2.18436e-08
1.48297 1.4382 0 321.558 2.13067e-08
1.48297 1.4382 0 322.561 2.07842e-08
1.48297 1.4382 0 323.563 2.02757e-08
1.48297 1.4382 0 324.566 1.97808e-08
1.48297 1.4382 0 325.568 1.92991e-08
1.48297 1.4382 0 326.571 1.88303e-08
1.48297 1.4382 0 327.573 1.83739e-08
1.48297 1.4382 0 328.576 1.79297e-08
1.48297 1.4382 0 329.578 1.74973e-08
1.48297 1.4382 0 330.581 1.70762e-08
1.48297 1.4382 0 331.583 1.66664e-08
1.48297 1.4382 0 332.586 1.62673e-08
1.48297 1.4382 0 333.588 1.58787e-08
1.48297 1.4382 0 334.591 1.55003e-08
1.48297 1.4382 0 335.593 1.51319e-08
1.48297 1.4382 0 336.596 1.47731e-08
1.48297 1.4382 0 337.598 1.44236e-08
1.48297 1.4382 0 338.601 1.40833e-08
1.48297 1.4382 0 339.603 1.37518e-08
1.48297 1.4382 0 340.605 1.34289e-08
1.48297 1.4382 0 341.608 1.31144e-08
1.48297 1.4382 0 342.61 1.2808e-08
1.48297 1.4382 0 343.613 1.25096e-08
1.48297 1.4382 0 344.615 1.22188e-08
1.48297 1.4382 0 345.618 1.19354e-08
1.48297 1.4382 0 346.62 1.16594e-08
1.48297 1.4382 0 347.623 1.13904e-08
1.48297 1.4382 0 348.625 1.11283e-08
1.48297 1.4382 0 349.628 1.08728e-08
1.48297 1.4382 0 350.63 1.06239e-08
1.48297 1.4382 0 351.633 1.03812e-08
1.48297 1.4382 0 352.635 1.01448e-08
1.48297 1.4382 0 353.638 9.91424e-09
1.48297 1.4382 0 354.64 9.68954e-09
1.48297 1.4382 0 355.643 9.47049e-09
1.48297 1.4382 0 356.645 9.25693e-09
1.48297 1.4382 0 357.648 9.04873e-09
1.48297 1.4382 0 358.65 8.84573e-09
1.48297 1.4382 0 359.653 8.64779e-09
1.48297 1.4382 0 360.655 8.45478e-09
1.48297 1.4382 0 361.658 8.26656e-09
1.48297 1.4382 0 362.66 8.083e-09
1.48297 1.4382 0 363.663 7.90398e-09
1.48297 1.4382 0 364.665 7.72937e-09
1.48297 1.4382 0 365.668 7.55906e-09
1.48297 1.4382 0 366.67 7.39293e-09
1.48297 1.4382 0 367.672 7.23087e-09
1.48297 1.4382 0 368.675 7.07277e-09
1.48297 1.4382 0 369.677 6.91852e-09
1.48297 1.4382 0 370.68 6.76802e-09
1.48297 1.4382 0 371.682 6.62118e-09
1.48297 1.4382 0 372.685 6.47789e-09
1.48297 1.4382 0 373.687 6.33806e-09
1.48297 1.4382 0 374.69 6.2016e-09
1.48297 1.4382 0 375.692 6.06842e-09
1.48297 1.4382 0 376.695 5.93843e-09
1.48297 1.4382 0 377.697 5.81156e-09
1.48297 1.4382 0 378.7 5.68771e-09
1.48297 1.4382 0 379.702 5.56681e-09
1.48297 1.4382 0 380.705 5.44878e-09
1.48297 1.4382 0 381.707 5.33355e-09
1.48297 1.4382 0 382.71 5.22104e-09
1.48297 1.4382 0 383.712 5.11119e-09
1.48297 1.4382 0 384.715 5.00392e-09
1.48297 1.4382 0 385.717 4.89916e-09
1.48297 1.4382 0 386.72 4.79686e-09
1.48297 1.4382 0 387.722 4.69695e-09
1.48297 1.4382 0 388.725 4.59936e-09
1.48297 1.4382 0 389.727 4.50405e-09
1.48297 1.4382 0 390.73 4.41094e-09
1.48297 1.4382 0 391.732 4.31998e-09
1.48297 1.4382 0 392.735 4.23112e-09
1.48297 1.4382 0 393.737 4.14431e-09
1.48297 1.4382 0 394.739 4.05949e-09
1.48297 1.4382 0 395.742 3.97661e-09
1.48297 1.4382 0 396.744 3.89562e-09
1.48297 1.4382 0 397.747 3.81648e-09
1.48297 1.4382 0 398.749 3.73914e-09
1.48297 1.4382 0 399.752 3.66355e-09
1.48297 1.4382 0 400.754 3.58966e-09
1.48297 1.4382 0 401.757 3.51745e-09
1.48297 1.4382 0 402.759 3.44685e-09
1.48297 1.4382 0 403.762 3.37785e-09
1.48297 1.4382 0 404.764 3.31038e-09
1.48297 1.4382 0 405.767 3.24442e-09
1.48297 1.4382 0 406.769 3.17993e-09
1.48297 1.4382 0 407.772 3.11688e-09
1.48297 1.4382 0 408.774 3.05522e-09
1.48297 1.4382 0 409.777 2.99492e-09
1.48297 1.4382 0 410.779 2.93595e-09
1.48297 1.4382 0 411.782 2.87828e-09
1.48297 1.4382 0 412.784 2.82187e-09
1.48297 1.4382 0 413.787 2.7667e-09
1.48297 1.4382 0 414.789 2.71273e-09
1.48297 1.4382 0 415.792 2.65993e-09
1.48297 1.4382 0 416.794 2.60828e-09
1.48297 1.4382 0 417.797 2.55775e-09
1.48297 1.4382 0 418.799 2.50831e-09
1.48297 1.4382 0 419.802 2.45993e-09
1.48297 1.4382 0 420.804 2.4126e-09
1.48297 1.4382 0 421.806 2.36627e-09
1.48297 1.4382 0 422.809 2.32094e-09
1.48297 1.4382 0 423.811 2.27658e-09
1.48297 1.4382 0 424.814 2.23316e-09
1.48297 1.4382 0 425.816 2.19066e-09
1.48297 1.4382 0 426.819 2.14906e-09
1.48297 1.4382 0 427.821 2.10833e-09
1.48297 1.4382 0 428.824 2.06847e-09
1.48297 1.4382 0 429.826 2.02944e-09
1.48297 1.4382 0 430.829 1.99123e-09
1.48297 1.4382 0 431.831 1.95382e-09
1.48297 1.4382 0 432.834 1.91719e-09
1.48297 1.4382 0 433.836 1.88132e-09
1.48297 1.4382 0 434.839 1.84619e-09
1.48297 1.4382 0 435.841 1.81179e-09
1.48297 1.4382 0 436.844 1.7781e-09
1.48297 1.4382 0 437.846 1.74511e-09
1.48297 1.4382 0 438.849 1.71279e-09
1.48297 1.4382 0 439.851 1.68113e-09
1.48297 1.4382 0 440.854 1.65012e-09
1.48297 1.4382 0 441.856 1.61974e-09
1.48297 1.4382 0 442.859 1.58998e-09
1.48297 1.4382 0 443.861 1.56083e-09
1.48297 1.4382 0 444.864 1.53226e-09
1.48297 1.4382 0 445.866 1.50427e-09
1.48297 1.4382 0 446.868 1.47685e-09
1.48297 1.4382 0 447.871 1.44997e-09
1.48297 1.4382 0 448.873 1.42363e-09
1.48297 1.4382 0 449.876 1.39782e-09
1.48297 1.4382 0 450.878 1.37253e-09
1.48297 1.4382 0 451.881 1.34774e-09
1.48297 1.4382 0 452.883 1.32344e-09
1.48297 1.4382 0 453.886 1.29962e-09
1.48297 1.4382 0 454.888 1.27627e-09
1.48297 1.4382 0 455.891 1.25338e-09
1.48297 1.4382 0 456.893 1.23094e-09
1.48297 1.4382 0 457.896 1.20894e-09
1.48297 1.4382 0 458.898 1.18738e-09
1.48297 1.4382 0 459.901 1.16623e-09
1.48297 1.4382 0 460.903 1.1455e-09
1.48297 1.4382 0 461.906 1.12516e-09
1.48297 1.4382 0 462.908 1.10523e-09
1.48297 1.4382 0 463.911 1.08568e-09
1.48297 1.4382 0 464.913 1.0665e-09
1.48297 1.4382 0 465.916 1.0477e-09
1.48297 1.4382 0 466.918 1.02925e-09
1.48297 1.4382 0 467.921 1.01116e-09
1.48297 1.4382 0 468.923 9.9342e-10
1.48297 1.4382 0 469.926 9.76016e-10
1.48297 1.4382 0 470.928 9.58942e-10
1.48297 1.4382 0 471.931 9.42194e-10
1.48297 1.4382 0 472.933 9.25762e-10
1.48297 1.4382 0 473.935 9.09642e-10
1.48297 1.4382 0 474.938 8.93827e-10
1.48297 1.4382 0 475.94 8.78309e-10
1.48297 1.4382 0 476.943 8.63083e-10
1.48297 1.4382 0 477.945 8.48143e-10
1.48297 1.4382 0 478.948 8.33483e-10
1.48297 1.4382 0 479.95 8.19096e-10
1.48297 1.4382 0 480.953 8.04978e-10
1.48297 1.4382 0 481.955 7.91123e-10
1.48297 1.4382 0 482.958 7.77525e-10
1.48297 1.4382 0 483.96 7.64179e-10
1.48297 1.4382 0 484.963 7.5108e-10
1.48297 1.4382 0 485.965 7.38222e-10
1.48297 1.4382 0 486.968 7.25602e-10
1.48297 1.4382 0 487.97 7.13214e-10
1.48297 1.4382 0 488.973 7.01053e-10
1.48297 1.4382 0 489.975 6.89115e-10
1.48297 1.4382 0 490.978 6.77395e-10
1.48297 1.4382 0 491.98 6.65888e-10
1.48297 1.4382 0 492.983 6.54592e-10
1.48297 1.4382 0 493.985 6.435e-10
1.48297 1.4382 0 494.988 6.3261e-10
1.48297 1.4382 0 495.99 6.21918e-10
1.48297 1.4382 0 496.993 6.11418e-10
1.48297 1.4382 0 497.995 6.01108e-10
1.48297 1.4382 0 498.998 5.90983e-10
1.48297 1.4382 0 500 5.81041e-10

