2.55598 1.4382 0 150.015 2.06612e-05
2.55598 1.4382 0 151.017 3.67236e-05
2.55598 1.4382 0 152.02 3.65814e-05
2.55598 1.4382 0 153.022 3.45051e-05
2.55598 1.4382 0 154.025 3.24531e-05
2.55598 1.4382 0 155.027 3.05382e-05
2.55598 1.4382 0 156.03 2.87541e-05
2.55598 1.4382 0 157.032 2.709e-05
2.55598 1.4382 0 158.035 2.5536e-05
2.55598 1.4382 0 159.037 2.40836e-05
2.55598 1.4382 0 160.04 2.27251e-05
2.55598 1.4382 0 161.042 2.14535e-05
2.55598 1.4382 0 162.045 2.02627e-05
2.55598 1.4382 0 163.047 1.91467e-05
2.55598 1.4382 0 164.05 1.81004e-05
2.55598 1.4382 0 165.052 1.71189e-05
2.55598 1.4382 0 166.054 1.61976e-05
2.55598 1.4382 0 167.057 1.53325e-05
2.55598 1.4382 0 168.059 1.45198e-05
2.55598 1.4382 0 169.062 1.37559e-05
2.55598 1.4382 0 170.064 1.30375e-05
2.55598 1.4382 0 171.067 1.23616e-05
2.55598 1.4382 0 172.069 1.17255e-05
2.55598 1.4382 0 173.072 1.11265e-05
2.55598 1.4382 0 174.074 1.05623e-05
2.55598 1.4382 0 175.077 1.00305e-05
2.55598 1.4382 0 176.079 9.52906e-06
2.55598 1.4382 0 177.082 9.05611e-06
2.55598 1.4382 0 178.084 8.60982e-06
2.55598 1.4382 0 179.087 8.18852e-06
2.55598 1.4382 0 180.089 7.79063e-06
2.55598 1.4382 0 181.092 7.41471e-06
2.55598 1.4382 0 182.094 7.0594e-06
2.55598 1.4382 0 183.096 6.72345e-06
2.55598 1.4382 0 184.099 6.40567e-06
2.55598 1.4382 0 185.101 6.10496e-06
2.55598 1.4382 0 186.104 5.82031e-06
2.55598 1.4382 0 187.106 5.55074e-06
2.55598 1.4382 0 188.109 5.29537e-06
2.55598 1.4382 0 189.111 5.05335e-06
2.55598 1.4382 0 190.114 4.82391e-06
2.55598 1.4382 0 191.116 4.60632e-06
2.55598 1.4382 0 192.119 4.39987e-06
2.55598 1.4382 0 193.121 4.20395e-06
2.55598 1.4382 0 194.124 4.01794e-06
2.55598 1.4382 0 195.126 3.84128e-06
2.55598 1.4382 0 196.129 3.67344e-06
2.55598 1.4382 0 197.131 3.51393e-06
2.55598 1.4382 0 198.133 3.36229e-06
2.55598 1.4382 0 199.136 3.21807e-06
2.55598 1.4382 0 200.138 3.08087e-06
2.55598 1.4382 0 201.141 2.95031e-06
2.55598 1.4382 0 202.143 2.82602e-06
2.55598 1.4382 0 203.146 2.70767e-06
2.55598 1.4382 0 204.148 2.59493e-06
2.55598 1.4382 0 205.151 2.48751e-06
2.55598 1.4382 0 206.153 2.38512e-06
2.55598 1.4382 0 207.156 2.2875e-06
2.55598 1.4382 0 208.158 2.1944e-06
2.55598 1.4382 0 209.161 2.10558e-06
2.55598 1.4382 0 210.163 2.02082e-06
2.55598 1.4382 0 211.166 1.93991e-06
2.55598 1.4382 0 212.168 1.86266e-06
2.55598 1.4382 0 213.171 1.78887e-06
2.55598 1.4382 0 214.173 1.71838e-06
2.55598 1.4382 0 215.175 1.65101e-06
2.55598 1.4382 0 216.178 1.58662e-06
2.55598 1.4382 0 217.18 1.52505e-06
2.55598 1.4382 0 218.183 1.46617e-06
2.55598 1.4382 0 219.185 1.40983e-06
2.55598 1.4382 0 220.188 1.35593e-06
2.55598 1.4382 0 221.19 1.30433e-06
2.55598 1.4382 0 222.193 1.25493e-06
2.55598 1.4382 0 223.195 1.20763e-06
2.55598 1.4382 0 224.198 1.16232e-06
2.55598 1.4382 0 225.2 1.11891e-06
2.55598 1.4382 0 226.203 1.07731e-06
2.55598 1.4382 0 227.205 1.03743e-06
2.55598 1.4382 0 228.208 9.99197e-07
2.55598 1.4382 0 229.21 9.62532e-07
2.55598 1.4382 0 230.212 9.27363e-07
2.55598 1.4382 0 231.215 8.93622e-07
2.55598 1.4382 0 232.217 8.61243e-07
2.55598 1.4382 0 233.22 8.30165e-07
2.55598 1.4382 0 234.222 8.00329e-07
2.55598 1.4382 0 235.225 7.71679e-07
2.55598 1.4382 0 236.227 7.44164e-07
2.55598 1.4382 0 237.23 7.17732e-07
2.55598 1.4382 0 238.232 6.92335e-07
2.55598 1.4382 0 239.235 6.67929e-07
2.55598 1.4382 0 240.237 6.44471e-07
2.55598 1.4382 0 241.24 6.21918e-07
2.55598 1.4382 0 242.242 6.00233e-07
2.55598 1.4382 0 243.245 5.79378e-07
2.55598 1.4382 0 244.247 5.59317e-07
2.55598 1.4382 0 245.25 5.40017e-07
2.55598 1.4382 0 246.252 5.21446e-07
2.55598 1.4382 0 247.254 5.03573e-07
2.55598 1.4382 0 248.257 4.86369e-07
2.55598 1.4382 0 249.259 4.69807e-07
2.55598 1.4382 0 250.262 4.53859e-07
2.55598 1.4382 0 251.264 4.385e-07
2.55598 1.4382 0 252.267 4.23707e-07
2.55598 1.4382 0 253.269 4.09456e-07
2.55598 1.4382 0 254.272 3.95725e-07
2.55598 1.4382 0 255.274 3.82493e-07
2.55598 1.4382 0 256.277 3.69741e-07
2.55598 1.4382 0 257.279 3.57449e-07
2.55598 1.4382 0 258.282 3.45598e-07
2.55598 1.4382 0 259.284 3.34172e-07
2.55598 1.4382 0 260.287 3.23153e-07
2.55598 1.4382 0 261.289 3.12526e-07
2.55598 1.4382 0 262.291 3.02276e-07
2.55598 1.4382 0 263.294 2.92387e-07
2.55598 1.4382 0 264.296 2.82845e-07
2.55598 1.4382 0 265.299 2.73638e-07
2.55598 1.4382 0 266.301 2.64753e-07
2.55598 1.4382 0 267.304 2.56176e-07
2.55598 1.4382 0 268.306 2.47897e-07
2.55598 1.4382 0 269.309 2.39905e-07
2.55598 1.4382 0 270.311 2.32188e-07
2.55598 1.4382 0 271.314 2.24735e-07
2.55598 1.4382 0 272.316 2.17538e-07
2.55598 1.4382 0 273.319 2.10587e-07
2.55598 1.4382 0 274.321 2.03872e-07
2.55598 1.4382 0 275.324 1.97385e-07
2.55598 1.4382 0 276.326 1.91117e-07
2.55598 1.4382 0 277.329 1.85061e-07
2.55598 1.4382 0 278.331 1.79209e-07
2.55598 1.4382 0 279.333 1.73552e-07
2.55598 1.4382 0 280.336 1.68085e-07
2.55598 1.4382 0 281.338 1.628e-07
2.55598 1.4382 0 282.341 1.57691e-07
2.55598 1.4382 0 283.343 1.52752e-07
2.55598 1.4382 0 284.346 1.47975e-07
2.55598 1.4382 0 285.348 1.43357e-07
2.55598 1.4382 0 286.351 1.3889e-07
2.55598 1.4382 0 287.353 1.3457e-07
2.55598 1.4382 0 288.356 1.30392e-07
2.55598 1.4382 0 289.358 1.2635e-07
2.55598 1.4382 0 290.361 1.2244e-07
2.55598 1.4382 0 291.363 1.18656e-07
2.55598 1.4382 0 292.366 1.14996e-07
2.55598 1.4382 0 293.368 1.11454e-07
2.55598 1.4382 0 294.37 1.08027e-07
2.55598 1.4382 0 295.373 1.04709e-07
2.55598 1.4382 0 296.375 1.01499e-07
2.55598 1.4382 0 297.378 9.83915e-08
2.55598 1.4382 0 298.38 9.53835e-08
2.55598 1.4382 0 299.383 9.24716e-08
2.55598 1.4382 0 300.385 8.96525e-08
2.55598 1.4382 0 301.388 8.69231e-08
2.55598 1.4382 0 302.39 8.42803e-08
2.55598 1.4382 0 303.393 8.17214e-08
2.55598 1.4382 0 304.395 7.92433e-08
2.55598 1.4382 0 305.398 7.68435e-08
2.55598 1.4382 0 306.4 7.45193e-08
2.55598 1.4382 0 307.403 7.22682e-08
2.55598 1.4382 0 308.405 7.00878e-08
2.55598 1.4382 0 309.408 6.79758e-08
2.55598 1.4382 0 310.41 6.59298e-08
2.55598 1.4382 0 311.412 6.39477e-08
2.55598 1.4382 0 312.415 6.20274e-08
2.55598 1.4382 0 313.417 6.01669e-08
2.55598 1.4382 0 314.42 5.83641e-08
2.55598 1.4382 0 315.422 5.66174e-08
2.55598 1.4382 0 316.425 5.49247e-08
2.55598 1.4382 0 317.427 5.32844e-08
2.55598 1.4382 0 318.43 5.16947e-08
2.55598 1.4382 0 319.432 5.01541e-08
2.55598 1.4382 0 320.435 4.86609e-08
2.55598 1.4382 0 321.437 4.72136e-08
2.55598 1.4382 0 322.44 4.58107e-08
2.55598 1.4382 0 323.442 4.44508e-08
2.55598 1.4382 0 324.445 4.31325e-08
2.55598 1.4382 0 325.447 4.18546e-08
2.55598 1.4382 0 326.449 4.06156e-08
2.55598 1.4382 0 327.452 3.94145e-08
2.55598 1.4382 0 328.454 3.82499e-08
2.55598 1.4382 0 329.457 3.71207e-08
2.55598 1.4382 0 330.459 3.60258e-08
2.55598 1.4382 0 331.462 3.49641e-08
2.55598 1.4382 0 332.464 3.39345e-08
2.55598 1.4382 0 333.467 3.29361e-08
2.55598 1.4382 0 334.469 3.19679e-08
2.55598 1.4382 0 335.472 3.10289e-08
2.55598 1.4382 0 336.474 3.01182e-08
2.55598 1.4382 0 337.477 2.9235e-08
2.55598 1.4382 0 338.479 2.83783e-08
2.55598 1.4382 0 339.482 2.75473e-08
2.55598 1.4382 0 340.484 2.67413e-08
2.55598 1.4382 0 341.487 2.59594e-08
2.55598 1.4382 0 342.489 2.5201e-08
2.55598 1.4382 0 343.491 2.44652e-08
2.55598 1.4382 0 344.494 2.37514e-08
2.55598 1.4382 0 345.496 2.3059e-08
2.55598 1.4382 0 346.499 2.23872e-08
2.55598 1.4382 0 347.501 2.17354e-08
2.55598 1.4382 0 348.504 2.1103e-08
2.55598 1.4382 0 349.506 2.04894e-08
2.55598 1.4382 0 350.509 1.9894e-08
2.55598 1.4382 0 351.511 1.93163e-08
2.55598 1.4382 0 352.514 1.87558e-08
2.55598 1.4382 0 353.516 1.82118e-08
2.55598 1.4382 0 354.519 1.7684e-08
2.55598 1.4382 0 355.521 1.71717e-08
2.55598 1.4382 0 356.524 1.66746e-08
2.55598 1.4382 0 357.526 1.61922e-08
2.55598 1.4382 0 358.528 1.5724e-08
2.55598 1.4382 0 359.531 1.52696e-08
2.55598 1.4382 0 360.533 1.48286e-08
2.55598 1.4382 0 361.536 1.44006e-08
2.55598 1.4382 0 362.538 1.39851e-08
2.55598 1.4382 0 363.541 1.35819e-08
2.55598 1.4382 0 364.543 1.31905e-08
2.55598 1.4382 0 365.546 1.28105e-08
2.55598 1.4382 0 366.548 1.24418e-08
2.55598 1.4382 0 367.551 1.20838e-08
2.55598 1.4382 0 368.553 1.17363e-08
2.55598 1.4382 0 369.556 1.13989e-08
2.55598 1.4382 0 370.558 1.10714e-08
2.55598 1.4382 0 371.561 1.07535e-08
2.55598 1.4382 0 372.563 1.04449e-08
2.55598 1.4382 0 373.566 1.01452e-08
2.55598 1.4382 0 374.568 9.85431e-09
2.55598 1.4382 0 375.57 9.57188e-09
2.55598 1.4382 0 376.573 9.29767e-09
2.55598 1.4382 0 377.575 9.03143e-09
2.55598 1.4382 0 378.578 8.77293e-09
2.55598 1.4382 0 379.58 8.52195e-09
2.55598 1.4382 0 380.583 8.27825e-09
2.55598 1.4382 0 381.585 8.04162e-09
2.55598 1.4382 0 382.588 7.81185e-09
2.55598 1.4382 0 383.59 7.58875e-09
2.55598 1.4382 0 384.593 7.3721e-09
2.55598 1.4382 0 385.595 7.16173e-09
2.55598 1.4382 0 386.598 6.95744e-09
2.55598 1.4382 0 387.6 6.75906e-09
2.55598 1.4382 0 388.603 6.56641e-09
2.55598 1.4382 0 389.605 6.37933e-09
2.55598 1.4382 0 390.607 6.19764e-09
2.55598 1.4382 0 391.61 6.0212e-09
2.55598 1.4382 0 392.612 5.84985e-09
2.55598 1.4382 0 393.615 5.68343e-09
2.55598 1.4382 0 394.617 5.52181e-09
2.55598 1.4382 0 395.62 5.36485e-09
2.55598 1.4382 0 396.622 5.21239e-09
2.55598 1.4382 0 397.625 5.06433e-09
2.55598 1.4382 0 398.627 4.92052e-09
2.55598 1.4382 0 399.63 4.78084e-09
2.55598 1.4382 0 400.632 4.64518e-09
2.55598 1.4382 0 401.635 4.5134e-09
2.55598 1.4382 0 402.637 4.38541e-09
2.55598 1.4382 0 403.64 4.26109e-09
2.55598 1.4382 0 404.642 4.14034e-09
2.55598 1.4382 0 405.645 4.02304e-09
2.55598 1.4382 0 406.647 3.90911e-09
2.55598 1.4382 0 407.649 3.79843e-09
2.55598 1.4382 0 408.652 3.69093e-09
2.55598 1.4382 0 409.654 3.58649e-09
2.55598 1.4382 0 410.657 3.48505e-09
2.55598 1.4382 0 411.659 3.3865e-09
2.55598 1.4382 0 412.662 3.29077e-09
2.55598 1.4382 0 413.664 3.19777e-09
2.55598 1.4382 0 414.667 3.10743e-09
2.55598 1.4382 0 415.669 3.01966e-09
2.55598 1.4382 0 416.672 2.9344e-09
2.55598 1.4382 0 417.674 2.85157e-09
2.55598 1.4382 0 418.677 2.7711e-09
2.55598 1.4382 0 419.679 2.69292e-09
2.55598 1.4382 0 420.682 2.61697e-09
2.55598 1.4382 0 421.684 2.54318e-09
2.55598 1.4382 0 422.686 2.47149e-09
2.55598 1.4382 0 423.689 2.40184e-09
2.55598 1.4382 0 424.691 2.33417e-09
2.55598 1.4382 0 425.694 2.26842e-09
2.55598 1.4382 0 426.696 2.20454e-09
2.55598 1.4382 0 427.699 2.14248e-09
2.55598 1.4382 0 428.701 2.08218e-09
2.55598 1.4382 0 429.704 2.02359e-09
2.55598 1.4382 0 430.706 1.96666e-09
2.55598 1.4382 0 431.709 1.91135e-09
2.55598 1.4382 0 432.711 1.85761e-09
2.55598 1.4382 0 433.714 1.80539e-09
2.55598 1.4382 0 434.716 1.75465e-09
2.55598 1.4382 0 435.719 1.70535e-09
2.55598 1.4382 0 436.721 1.65744e-09
2.55598 1.4382 0 437.724 1.61089e-09
2.55598 1.4382 0 438.726 1.56566e-09
2.55598 1.4382 0 439.728 1.52171e-09
2.55598 1.4382 0 440.731 1.479e-09
2.55598 1.4382 0 441.733 1.4375e-09
2.55598 1.4382 0 442.736 1.39717e-09
2.55598 1.4382 0 443.738 1.35798e-09
2.55598 1.4382 0 444.741 1.3199e-09
2.55598 1.4382 0 445.743 1.2829e-09
2.55598 1.4382 0 446.746 1.24694e-09
2.55598 1.4382 0 447.748 1.21199e-09
2.55598 1.4382 0 448.751 1.17803e-09
2.55598 1.4382 0 449.753 1.14503e-09
2.55598 1.4382 0 450.756 1.11296e-09
2.55598 1.4382 0 451.758 1.0818e-09
2.55598 1.4382 0 452.761 1.05151e-09
2.55598 1.4382 0 453.763 1.02208e-09
2.55598 1.4382 0 454.765 9.93476e-10
2.55598 1.4382 0 455.768 9.65678e-10
2.55598 1.4382 0 456.77 9.38663e-10
2.55598 1.4382 0 457.773 9.12409e-10
2.55598 1.4382 0 458.775 8.86894e-10
2.55598 1.4382 0 459.778 8.62097e-10
2.55598 1.4382 0 460.78 8.37998e-10
2.55598 1.4382 0 461.783 8.14577e-10
2.55598 1.4382 0 462.785 7.91814e-10
2.55598 1.4382 0 463.788 7.69691e-10
2.55598 1.4382 0 464.79 7.4819e-10
2.55598 1.4382 0 465.793 7.27294e-10
2.55598 1.4382 0 466.795 7.06984e-10
2.55598 1.4382 0 467.798 6.87245e-10
2.55598 1.4382 0 468.8 6.68061e-10
2.55598 1.4382 0 469.803 6.49415e-10
2.55598 1.4382 0 470.805 6.31292e-10
2.55598 1.4382 0 471.807 6.13678e-10
2.55598 1.4382 0 472.81 5.96558e-10
2.55598 1.4382 0 473.812 5.79919e-10
2.55598 1.4382 0 474.815 5.63746e-10
2.55598 1.4382 0 475.817 5.48027e-10
2.55598 1.4382 0 476.82 5.32749e-10
2.55598 1.4382 0 477.822 5.17898e-10
2.55598 1.4382 0 478.825 5.03464e-10
2.55598 1.4382 0 479.827 4.89435e-10
2.55598 1.4382 0 480.83 4.75798e-10
2.55598 1.4382 0 481.832 4.62543e-10
2.55598 1.4382 0 482.835 4.4966e-10
2.55598 1.4382 0 483.837 4.37137e-10
2.55598 1.4382 0 484.84 4.24964e-10
2.55598 1.4382 0 485.842 4.13133e-10
2.55598 1.4382 0 486.844 4.01632e-10
2.55598 1.4382 0 487.847 3.90453e-10
2.55598 1.4382 0 488.849 3.79587e-10
2.55598 1.4382 0 489.852 3.69025e-10
2.55598 1.4382 0 490.854 3.58758e-10
2.55598 1.4382 0 491.857 3.48778e-10
2.55598 1.4382 0 492.859 3.39077e-10
2.55598 1.4382 0 493.862 3.29647e-10
2.55598 1.4382 0 494.864 3.2048e-10
2.55598 1.4382 0 495.867 3.1157e-10
2.55598 1.4382 0 496.869 3.02909e-10
2.55598 1.4382 0 497.872 2.94489e-10
2.55598 1.4382 0 498.874 2.86304e-10
2.55598 1.4382 0 499.877 2.78348e-10
2.55598 1.4382 0 500.879 2.70614e-10
2.55598 1.4382 0 501.882 2.63096e-10
2.55598 1.4382 0 502.884 2.55788e-10
2.55598 1.4382 0 503.886 2.48684e-10
2.55598 1.4382 0 504.889 2.41777e-10
2.55598 1.4382 0 505.891 2.35064e-10
2.55598 1.4382 0 506.894 2.28537e-10
2.55598 1.4382 0 507.896 2.22193e-10
2.55598 1.4382 0 508.899 2.16025e-10
2.55598 1.4382 0 509.901 2.10029e-10
2.55598 1.4382 0 510.904 2.04201e-10
2.55598 1.4382 0 511.906 1.98534e-10
2.55598 1.4382 0 512.909 1.93026e-10
2.55598 1.4382 0 513.911 1.87671e-10
2.55598 1.4382 0 514.914 1.82465e-10
2.55598 1.4382 0 515.916 1.77405e-10
2.55598 1.4382 0 516.919 1.72485e-10
2.55598 1.4382 0 517.921 1.67702e-10
2.55598 1.4382 0 518.923 1.63052e-10
2.55598 1.4382 0 519.926 1.58532e-10
2.55598 1.4382 0 520.928 1.54137e-10
2.55598 1.4382 0 521.931 1.49865e-10
2.55598 1.4382 0 522.933 1.45712e-10
2.55598 1.4382 0 523.936 1.41674e-10
2.55598 1.4382 0 524.938 1.37748e-10
2.55598 1.4382 0 525.941 1.33932e-10
2.55598 1.4382 0 526.943 1.30221e-10
2.55598 1.4382 0 527.946 1.26614e-10
2.55598 1.4382 0 528.948 1.23107e-10
2.55598 1.4382 0 529.951 1.19698e-10
2.55598 1.4382 0 530.953 1.16383e-10
2.55598 1.4382 0 531.956 1.13161e-10
2.55598 1.4382 0 532.958 1.10028e-10
2.55598 1.4382 0 533.961 1.06982e-10
2.55598 1.4382 0 534.963 1.04021e-10
2.55598 1.4382 0 535.965 1.01141e-10
2.55598 1.4382 0 536.968 9.83423e-11
2.55598 1.4382 0 537.97 9.56209e-11
2.55598 1.4382 0 538.973 9.29751e-11
2.55598 1.4382 0 539.975 9.04027e-11
2.55598 1.4382 0 540.978 8.79017e-11
2.55598 1.4382 0 541.98 8.54701e-11
2.55598 1.4382 0 542.983 8.3106e-11
2.55598 1.4382 0 543.985 8.08075e-11
2.55598 1.4382 0 544.988 7.85728e-11
2.55598 1.4382 0 545.99 7.64e-11
2.55598 1.4382 0 546.993 7.42876e-11
2.55598 1.4382 0 547.995 7.22337e-11
2.55598 1.4382 0 548.998 7.02368e-11
2.55598 1.4382 0 550 6.82953e-11

