3.78369 1.4382 0 100.01 1.51282e-05
3.78369 1.4382 0 101.012 2.57361e-05
3.78369 1.4382 0 102.015 2.33047e-05
3.78369 1.4382 0 103.017 2.06481e-05
3.78369 1.4382 0 104.02 1.84924e-05
3.78369 1.4382 0 105.022 1.67009e-05
3.78369 1.4382 0 106.025 1.51771e-05
3.78369 1.4382 0 107.027 1.38599e-05
3.78369 1.4382 0 108.03 1.27077e-05
3.78369 1.4382 0 109.032 1.16906e-05
3.78369 1.4382 0 110.035 1.0786e-05
3.78369 1.4382 0 111.037 9.97669e-06
3.78369 1.4382 0 112.04 9.24868e-06
3.78369 1.4382 0 113.042 8.59086e-06
3.78369 1.4382 0 114.045 7.99409e-06
3.78369 1.4382 0 115.047 7.4508e-06
3.78369 1.4382 0 116.05 6.95463e-06
3.78369 1.4382 0 117.052 6.50021e-06
3.78369 1.4382 0 118.055 6.08295e-06
3.78369 1.4382 0 119.057 5.69892e-06
3.78369 1.4382 0 120.06 5.34471e-06
3.78369 1.4382 0 121.062 5.01738e-06
3.78369 1.4382 0 122.065 4.71432e-06
3.78369 1.4382 0 123.067 4.43328e-06
3.78369 1.4382 0 124.07 4.17225e-06
3.78369 1.4382 0 125.072 3.92945e-06
3.78369 1.4382 0 126.075 3.70332e-06
3.78369 1.4382 0 127.077 3.49244e-06
3.78369 1.4382 0 128.079 3.29557e-06
3.78369 1.4382 0 129.082 3.11156e-06
3.78369 1.4382 0 130.084 2.9394e-06
3.78369 1.4382 0 131.087 2.77818e-06
3.78369 1.4382 0 132.089 2.62706e-06
3.78369 1.4382 0 133.092 2.48529e-06
3.78369 1.4382 0 134.094 2.35219e-06
3.78369 1.4382 0 135.097 2.22712e-06
3.78369 1.4382 0 136.099 2.10953e-06
3.78369 1.4382 0 137.102 1.99889e-06
3.78369 1.4382 0 138.104 1.89472e-06
3.78369 1.4382 0 139.107 1.79659e-06
3.78369 1.4382 0 140.109 1.70408e-06
3.78369 1.4382 0 141.112 1.61684e-06
3.78369 1.4382 0 142.114 1.53452e-06
3.78369 1.4382 0 143.117 1.45679e-06
3.78369 1.4382 0 144.119 1.38338e-06
3.78369 1.4382 0 145.122 1.31401e-06
3.78369 1.4382 0 146.124 1.24842e-06
3.78369 1.4382 0 147.127 1.18639e-06
3.78369 1.4382 0 148.129 1.12771e-06
3.78369 1.4382 0 149.132 1.07216e-06
3.78369 1.4382 0 150.134 1.01956e-06
3.78369 1.4382 0 151.137 9.69745e-07
3.78369 1.4382 0 152.139 9.22544e-07
3.78369 1.4382 0 153.142 8.77807e-07
3.78369 1.4382 0 154.144 8.35392e-07
3.78369 1.4382 0 155.146 7.95167e-07
3.78369 1.4382 0 156.149 7.57009e-07
3.78369 1.4382 0 157.151 7.208e-07
3.78369 1.4382 0 158.154 6.86434e-07
3.78369 1.4382 0 159.156 6.53806e-07
3.78369 1.4382 0 160.159 6.22823e-07
3.78369 1.4382 0 161.161 5.93394e-07
3.78369 1.4382 0 162.164 5.65434e-07
3.78369 1.4382 0 163.166 5.38866e-07
3.78369 1.4382 0 164.169 5.13613e-07
3.78369 1.4382 0 165.171 4.89606e-07
3.78369 1.4382 0 166.174 4.6678e-07
3.78369 1.4382 0 167.176 4.45071e-07
3.78369 1.4382 0 168.179 4.24421e-07
3.78369 1.4382 0 169.181 4.04776e-07
3.78369 1.4382 0 170.184 3.86083e-07
3.78369 1.4382 0 171.186 3.68292e-07
3.78369 1.4382 0 172.189 3.51358e-07
3.78369 1.4382 0 173.191 3.35237e-07
3.78369 1.4382 0 174.194 3.19887e-07
3.78369 1.4382 0 175.196 3.05269e-07
3.78369 1.4382 0 176.199 2.91347e-07
3.78369 1.4382 0 177.201 2.78085e-07
3.78369 1.4382 0 178.204 2.65451e-07
3.78369 1.4382 0 179.206 2.53412e-07
3.78369 1.4382 0 180.208 2.4194e-07
3.78369 1.4382 0 181.211 2.31007e-07
3.78369 1.4382 0 182.213 2.20585e-07
3.78369 1.4382 0 183.216 2.1065e-07
3.78369 1.4382 0 184.218 2.01178e-07
3.78369 1.4382 0 185.221 1.92147e-07
3.78369 1.4382 0 186.223 1.83534e-07
3.78369 1.4382 0 187.226 1.7532e-07
3.78369 1.4382 0 188.228 1.67486e-07
3.78369 1.4382 0 189.231 1.60012e-07
3.78369 1.4382 0 190.233 1.52882e-07
3.78369 1.4382 0 191.236 1.4608e-07
3.78369 1.4382 0 192.238 1.39589e-07
3.78369 1.4382 0 193.241 1.33395e-07
3.78369 1.4382 0 194.243 1.27483e-07
3.78369 1.4382 0 195.246 1.21841e-07
3.78369 1.4382 0 196.248 1.16456e-07
3.78369 1.4382 0 197.251 1.11314e-07
3.78369 1.4382 0 198.253 1.06406e-07
3.78369 1.4382 0 199.256 1.0172e-07
3.78369 1.4382 0 200.258 9.72458e-08
3.78369 1.4382 0 201.261 9.29731e-08
3.78369 1.4382 0 202.263 8.88928e-08
3.78369 1.4382 0 203.266 8.49959e-08
3.78369 1.4382 0 204.268 8.12739e-08
3.78369 1.4382 0 205.271 7.77187e-08
3.78369 1.4382 0 206.273 7.43226e-08
3.78369 1.4382 0 207.275 7.10783e-08
3.78369 1.4382 0 208.278 6.79788e-08
3.78369 1.4382 0 209.28 6.50173e-08
3.78369 1.4382 0 210.283 6.21877e-08
3.78369 1.4382 0 211.285 5.94839e-08
3.78369 1.4382 0 212.288 5.69e-08
3.78369 1.4382 0 213.29 5.44307e-08
3.78369 1.4382 0 214.293 5.20707e-08
3.78369 1.4382 0 215.295 4.98151e-08
3.78369 1.4382 0 216.298 4.76591e-08
3.78369 1.4382 0 217.3 4.55983e-08
3.78369 1.4382 0 218.303 4.36282e-08
3.78369 1.4382 0 219.305 4.17448e-08
3.78369 1.4382 0 220.308 3.99443e-08
3.78369 1.4382 0 221.31 3.82228e-08
3.78369 1.4382 0 222.313 3.65768e-08
3.78369 1.4382 0 223.315 3.5003e-08
3.78369 1.4382 0 224.318 3.34981e-08
3.78369 1.4382 0 225.32 3.20589e-08
3.78369 1.4382 0 226.323 3.06827e-08
3.78369 1.4382 0 227.325 2.93665e-08
3.78369 1.4382 0 228.328 2.81076e-08
3.78369 1.4382 0 229.33 2.69037e-08
3.78369 1.4382 0 230.333 2.57521e-08
3.78369 1.4382 0 231.335 2.46506e-08
3.78369 1.4382 0 232.338 2.35969e-08
3.78369 1.4382 0 233.34 2.25889e-08
3.78369 1.4382 0 234.342 2.16247e-08
3.78369 1.4382 0 235.345 2.07022e-08
3.78369 1.4382 0 236.347 1.98197e-08
3.78369 1.4382 0 237.35 1.89753e-08
3.78369 1.4382 0 238.352 1.81674e-08
3.78369 1.4382 0 239.355 1.73944e-08
3.78369 1.4382 0 240.357 1.66547e-08
3.78369 1.4382 0 241.36 1.59469e-08
3.78369 1.4382 0 242.362 1.52696e-08
3.78369 1.4382 0 243.365 1.46215e-08
3.78369 1.4382 0 244.367 1.40012e-08
3.78369 1.4382 0 245.37 1.34076e-08
3.78369 1.4382 0 246.372 1.28395e-08
3.78369 1.4382 0 247.375 1.22957e-08
3.78369 1.4382 0 248.377 1.17753e-08
3.78369 1.4382 0 249.38 1.12772e-08
3.78369 1.4382 0 250.382 1.08004e-08
3.78369 1.4382 0 251.385 1.0344e-08
3.78369 1.4382 0 252.387 9.90707e-09
3.78369 1.4382 0 253.39 9.48886e-09
3.78369 1.4382 0 254.392 9.0885e-09
3.78369 1.4382 0 255.395 8.70523e-09
3.78369 1.4382 0 256.397 8.33831e-09
3.78369 1.4382 0 257.4 7.98702e-09
3.78369 1.4382 0 258.402 7.6507e-09
3.78369 1.4382 0 259.405 7.32869e-09
3.78369 1.4382 0 260.407 7.02039e-09
3.78369 1.4382 0 261.409 6.72519e-09
3.78369 1.4382 0 262.412 6.44253e-09
3.78369 1.4382 0 263.414 6.17188e-09
3.78369 1.4382 0 264.417 5.91272e-09
3.78369 1.4382 0 265.419 5.66455e-09
3.78369 1.4382 0 266.422 5.4269e-09
3.78369 1.4382 0 267.424 5.19932e-09
3.78369 1.4382 0 268.427 4.98137e-09
3.78369 1.4382 0 269.429 4.77266e-09
3.78369 1.4382 0 270.432 4.57277e-09
3.78369 1.4382 0 271.434 4.38133e-09
3.78369 1.4382 0 272.437 4.19798e-09
3.78369 1.4382 0 273.439 4.02238e-09
3.78369 1.4382 0 274.442 3.85419e-09
3.78369 1.4382 0 275.444 3.69309e-09
3.78369 1.4382 0 276.447 3.53879e-09
3.78369 1.4382 0 277.449 3.391e-09
3.78369 1.4382 0 278.452 3.24943e-09
3.78369 1.4382 0 279.454 3.11382e-09
3.78369 1.4382 0 280.457 2.98392e-09
3.78369 1.4382 0 281.459 2.85949e-09
3.78369 1.4382 0 282.462 2.74029e-09
3.78369 1.4382 0 283.464 2.6261e-09
3.78369 1.4382 0 284.467 2.5167e-09
3.78369 1.4382 0 285.469 2.4119e-09
3.78369 1.4382 0 286.472 2.3115e-09
3.78369 1.4382 0 287.474 2.21532e-09
3.78369 1.4382 0 288.476 2.12316e-09
3.78369 1.4382 0 289.479 2.03487e-09
3.78369 1.4382 0 290.481 1.95028e-09
3.78369 1.4382 0 291.484 1.86924e-09
3.78369 1.4382 0 292.486 1.79158e-09
3.78369 1.4382 0 293.489 1.71718e-09
3.78369 1.4382 0 294.491 1.64589e-09
3.78369 1.4382 0 295.494 1.57758e-09
3.78369 1.4382 0 296.496 1.51213e-09
3.78369 1.4382 0 297.499 1.44941e-09
3.78369 1.4382 0 298.501 1.38932e-09
3.78369 1.4382 0 299.504 1.33173e-09
3.78369 1.4382 0 300.506 1.27654e-09
3.78369 1.4382 0 301.509 1.22366e-09
3.78369 1.4382 0 302.511 1.17299e-09
3.78369 1.4382 0 303.514 1.12442e-09
3.78369 1.4382 0 304.516 1.07788e-09
3.78369 1.4382 0 305.519 1.03328e-09
3.78369 1.4382 0 306.521 9.90541e-10
3.78369 1.4382 0 307.524 9.49578e-10
3.78369 1.4382 0 308.526 9.1032e-10
3.78369 1.4382 0 309.529 8.72696e-10
3.78369 1.4382 0 310.531 8.36636e-10
3.78369 1.4382 0 311.534 8.02076e-10
3.78369 1.4382 0 312.536 7.68953e-10
3.78369 1.4382 0 313.538 7.37205e-10
3.78369 1.4382 0 314.541 7.06777e-10
3.78369 1.4382 0 315.543 6.77612e-10
3.78369 1.4382 0 316.546 6.49658e-10
3.78369 1.4382 0 317.548 6.22864e-10
3.78369 1.4382 0 318.551 5.97181e-10
3.78369 1.4382 0 319.553 5.72564e-10
3.78369 1.4382 0 320.556 5.48967e-10
3.78369 1.4382 0 321.558 5.26348e-10
3.78369 1.4382 0 322.561 5.04667e-10
3.78369 1.4382 0 323.563 4.83884e-10
3.78369 1.4382 0 324.566 4.63961e-10
3.78369 1.4382 0 325.568 4.44863e-10
3.78369 1.4382 0 326.571 4.26556e-10
3.78369 1.4382 0 327.573 4.09006e-10
3.78369 1.4382 0 328.576 3.92182e-10
3.78369 1.4382 0 329.578 3.76054e-10
3.78369 1.4382 0 330.581 3.60592e-10
3.78369 1.4382 0 331.583 3.4577e-10
3.78369 1.4382 0 332.586 3.3156e-10
3.78369 1.4382 0 333.588 3.17937e-10
3.78369 1.4382 0 334.591 3.04876e-10
3.78369 1.4382 0 335.593 2.92355e-10
3.78369 1.4382 0 336.596 2.80351e-10
3.78369 1.4382 0 337.598 2.68842e-10
3.78369 1.4382 0 338.601 2.57808e-10
3.78369 1.4382 0 339.603 2.47228e-10
3.78369 1.4382 0 340.605 2.37086e-10
3.78369 1.4382 0 341.608 2.27361e-10
3.78369 1.4382 0 342.61 2.18037e-10
3.78369 1.4382 0 343.613 2.09097e-10
3.78369 1.4382 0 344.615 2.00525e-10
3.78369 1.4382 0 345.618 1.92307e-10
3.78369 1.4382 0 346.62 1.84427e-10
3.78369 1.4382 0 347.623 1.76871e-10
3.78369 1.4382 0 348.625 1.69626e-10
3.78369 1.4382 0 349.628 1.62679e-10
3.78369 1.4382 0 350.63 1.56019e-10
3.78369 1.4382 0 351.633 1.49631e-10
3.78369 1.4382 0 352.635 1.43507e-10
3.78369 1.4382 0 353.638 1.37634e-10
3.78369 1.4382 0 354.64 1.32003e-10
3.78369 1.4382 0 355.643 1.26603e-10
3.78369 1.4382 0 356.645 1.21425e-10
3.78369 1.4382 0 357.648 1.1646e-10
3.78369 1.4382 0 358.65 1.11698e-10
3.78369 1.4382 0 359.653 1.07132e-10
3.78369 1.4382 0 360.655 1.02754e-10
3.78369 1.4382 0 361.658 9.85546e-11
3.78369 1.4382 0 362.66 9.4528e-11
3.78369 1.4382 0 363.663 9.06665e-11
3.78369 1.4382 0 364.665 8.69634e-11
3.78369 1.4382 0 365.668 8.34121e-11
3.78369 1.4382 0 366.67 8.00065e-11
3.78369 1.4382 0 367.672 7.67404e-11
3.78369 1.4382 0 368.675 7.36081e-11
3.78369 1.4382 0 369.677 7.06042e-11
3.78369 1.4382 0 370.68 6.77234e-11
3.78369 1.4382 0 371.682 6.49605e-11
3.78369 1.4382 0 372.685 6.23108e-11
3.78369 1.4382 0 373.687 5.97695e-11
3.78369 1.4382 0 374.69 5.73323e-11
3.78369 1.4382 0 375.692 5.49948e-11
3.78369 1.4382 0 376.695 5.2753e-11
3.78369 1.4382 0 377.697 5.06029e-11
3.78369 1.4382 0 378.7 4.85407e-11
3.78369 1.4382 0 379.702 4.65629e-11
3.78369 1.4382 0 380.705 4.46659e-11
3.78369 1.4382 0 381.707 4.28465e-11
3.78369 1.4382 0 382.71 4.11014e-11
3.78369 1.4382 0 383.712 3.94277e-11
3.78369 1.4382 0 384.715 3.78224e-11
3.78369 1.4382 0 385.717 3.62826e-11
3.78369 1.4382 0 386.72 3.48057e-11
3.78369 1.4382 0 387.722 3.33892e-11
3.78369 1.4382 0 388.725 3.20305e-11
3.78369 1.4382 0 389.727 3.07272e-11
3.78369 1.4382 0 390.73 2.94772e-11
3.78369 1.4382 0 391.732 2.82782e-11
3.78369 1.4382 0 392.735 2.71281e-11
3.78369 1.4382 0 393.737 2.60249e-11
3.78369 1.4382 0 394.739 2.49668e-11
3.78369 1.4382 0 395.742 2.39517e-11
3.78369 1.4382 0 396.744 2.29781e-11
3.78369 1.4382 0 397.747 2.20442e-11
3.78369 1.4382 0 398.749 2.11484e-11
3.78369 1.4382 0 399.752 2.02891e-11
3.78369 1.4382 0 400.754 1.94647e-11
3.78369 1.4382 0 401.757 1.8674e-11
3.78369 1.4382 0 402.759 1.79155e-11
3.78369 1.4382 0 403.762 1.71879e-11
3.78369 1.4382 0 404.764 1.649e-11
3.78369 1.4382 0 405.767 1.58205e-11
3.78369 1.4382 0 406.769 1.51782e-11
3.78369 1.4382 0 407.772 1.45621e-11
3.78369 1.4382 0 408.774 1.3971e-11
3.78369 1.4382 0 409.777 1.3404e-11
3.78369 1.4382 0 410.779 1.28601e-11
3.78369 1.4382 0 411.782 1.23384e-11
3.78369 1.4382 0 412.784 1.18378e-11
3.78369 1.4382 0 413.787 1.13576e-11
3.78369 1.4382 0 414.789 1.0897e-11
3.78369 1.4382 0 415.792 1.04551e-11
3.78369 1.4382 0 416.794 1.00311e-11
3.78369 1.4382 0 417.797 9.62439e-12
3.78369 1.4382 0 418.799 9.23421e-12
3.78369 1.4382 0 419.802 8.8599e-12
3.78369 1.4382 0 420.804 8.50079e-12
3.78369 1.4382 0 421.806 8.15628e-12
3.78369 1.4382 0 422.809 7.82577e-12
3.78369 1.4382 0 423.811 7.50868e-12
3.78369 1.4382 0 424.814 7.20448e-12
3.78369 1.4382 0 425.816 6.91263e-12
3.78369 1.4382 0 426.819 6.63263e-12
3.78369 1.4382 0 427.821 6.364e-12
3.78369 1.4382 0 428.824 6.10628e-12
3.78369 1.4382 0 429.826 5.85903e-12
3.78369 1.4382 0 430.829 5.62181e-12
3.78369 1.4382 0 431.831 5.39421e-12
3.78369 1.4382 0 432.834 5.17586e-12
3.78369 1.4382 0 433.836 4.96636e-12
3.78369 1.4382 0 434.839 4.76536e-12
3.78369 1.4382 0 435.841 4.57252e-12
3.78369 1.4382 0 436.844 4.3875e-12
3.78369 1.4382 0 437.846 4.20998e-12
3.78369 1.4382 0 438.849 4.03967e-12
3.78369 1.4382 0 439.851 3.87626e-12
3.78369 1.4382 0 440.854 3.71947e-12
3.78369 1.4382 0 441.856 3.56904e-12
3.78369 1.4382 0 442.859 3.42471e-12
3.78369 1.4382 0 443.861 3.28623e-12
3.78369 1.4382 0 444.864 3.15336e-12
3.78369 1.4382 0 445.866 3.02587e-12
3.78369 1.4382 0 446.868 2.90355e-12
3.78369 1.4382 0 447.871 2.78619e-12
3.78369 1.4382 0 448.873 2.67358e-12
3.78369 1.4382 0 449.876 2.56553e-12
3.78369 1.4382 0 450.878 2.46186e-12
3.78369 1.4382 0 451.881 2.36239e-12
3.78369 1.4382 0 452.883 2.26694e-12
3.78369 1.4382 0 453.886 2.17536e-12
3.78369 1.4382 0 454.888 2.08748e-12
3.78369 1.4382 0 455.891 2.00317e-12
3.78369 1.4382 0 456.893 1.92226e-12
3.78369 1.4382 0 457.896 1.84463e-12
3.78369 1.4382 0 458.898 1.77014e-12
3.78369 1.4382 0 459.901 1.69867e-12
3.78369 1.4382 0 460.903 1.63009e-12
3.78369 1.4382 0 461.906 1.56428e-12
3.78369 1.4382 0 462.908 1.50113e-12
3.78369 1.4382 0 463.911 1.44054e-12
3.78369 1.4382 0 464.913 1.3824e-12
3.78369 1.4382 0 465.916 1.32661e-12
3.78369 1.4382 0 466.918 1.27308e-12
3.78369 1.4382 0 467.921 1.22171e-12
3.78369 1.4382 0 468.923 1.17241e-12
3.78369 1.4382 0 469.926 1.12511e-12
3.78369 1.4382 0 470.928 1.07973e-12
3.78369 1.4382 0 471.931 1.03617e-12
3.78369 1.4382 0 472.933 9.94379e-13
3.78369 1.4382 0 473.935 9.54274e-13
3.78369 1.4382 0 474.938 9.1579e-13
3.78369 1.4382 0 475.94 8.78861e-13
3.78369 1.4382 0 476.943 8.43424e-13
3.78369 1.4382 0 477.945 8.09418e-13
3.78369 1.4382 0 478.948 7.76786e-13
3.78369 1.4382 0 479.95 7.45472e-13
3.78369 1.4382 0 480.953 7.15422e-13
3.78369 1.4382 0 481.955 6.86586e-13
3.78369 1.4382 0 482.958 6.58914e-13
3.78369 1.4382 0 483.96 6.32359e-13
3.78369 1.4382 0 484.963 6.06877e-13
3.78369 1.4382 0 485.965 5.82423e-13
3.78369 1.4382 0 486.968 5.58956e-13
3.78369 1.4382 0 487.97 5.36437e-13
3.78369 1.4382 0 488.973 5.14826e-13
3.78369 1.4382 0 489.975 4.94087e-13
3.78369 1.4382 0 490.978 4.74186e-13
3.78369 1.4382 0 491.98 4.55087e-13
3.78369 1.4382 0 492.983 4.36759e-13
3.78369 1.4382 0 493.985 4.1917e-13
3.78369 1.4382 0 494.988 4.0229e-13
3.78369 1.4382 0 495.99 3.86092e-13
3.78369 1.4382 0 496.993 3.70547e-13
3.78369 1.4382 0 497.995 3.55628e-13
3.78369 1.4382 0 498.998 3.41312e-13
3.78369 1.4382 0 500 3.27572e-13

