1.05235 1.4382 0 150.015 7.75613e-07
1.05235 1.4382 0 151.017 1.37457e-06
1.05235 1.4382 0 152.02 1.37442e-06
1.05235 1.4382 0 153.022 1.3092e-06
1.05235 1.4382 0 154.025 1.24768e-06
1.05235 1.4382 0 155.027 1.19206e-06
1.05235 1.4382 0 156.03 1.14123e-06
1.05235 1.4382 0 157.032 1.09441e-06
1.05235 1.4382 0 158.035 1.05105e-06
1.05235 1.4382 0 159.037 1.01078e-06
1.05235 1.4382 0 160.04 9.73302e-07
1.05235 1.4382 0 161.042 9.38379e-07
1.05235 1.4382 0 162.045 9.05815e-07
1.05235 1.4382 0 163.047 8.75439e-07
1.05235 1.4382 0 164.05 8.47101e-07
1.05235 1.4382 0 165.052 8.20668e-07
1.05235 1.4382 0 166.054 7.96018e-07
1.05235 1.4382 0 167.057 7.73041e-07
1.05235 1.4382 0 168.059 7.51635e-07
1.05235 1.4382 0 169.062 7.31704e-07
1.05235 1.4382 0 170.064 7.13161e-07
1.05235 1.4382 0 171.067 6.95923e-07
1.05235 1.4382 0 172.069 6.79913e-07
1.05235 1.4382 0 173.072 6.6506e-07
1.05235 1.4382 0 174.074 6.51293e-07
1.05235 1.4382 0 175.077 6.38549e-07
1.05235 1.4382 0 176.079 6.26768e-07
1.05235 1.4382 0 177.082 6.1589e-07
1.05235 1.4382 0 178.084 6.05863e-07
1.05235 1.4382 0 179.087 5.96634e-07
1.05235 1.4382 0 180.089 5.88155e-07
1.05235 1.4382 0 181.092 5.80378e-07
1.05235 1.4382 0 182.094 5.73262e-07
1.05235 1.4382 0 183.096 5.66763e-07
1.05235 1.4382 0 184.099 5.60842e-07
1.05235 1.4382 0 185.101 5.55462e-07
1.05235 1.4382 0 186.104 5.50587e-07
1.05235 1.4382 0 187.106 5.46184e-07
1.05235 1.4382 0 188.109 5.42221e-07
1.05235 1.4382 0 189.111 5.38667e-07
1.05235 1.4382 0 190.114 5.35494e-07
1.05235 1.4382 0 191.116 5.32674e-07
1.05235 1.4382 0 192.119 5.30182e-07
1.05235 1.4382 0 193.121 5.27993e-07
1.05235 1.4382 0 194.124 5.26084e-07
1.05235 1.4382 0 195.126 5.24433e-07
1.05235 1.4382 0 196.129 5.2302e-07
1.05235 1.4382 0 197.131 5.21824e-07
1.05235 1.4382 0 198.133 5.20827e-07
1.05235 1.4382 0 199.136 5.20011e-07
1.05235 1.4382 0 200.138 5.19361e-07
1.05235 1.4382 0 201.141 5.18859e-07
1.05235 1.4382 0 202.143 5.18492e-07
1.05235 1.4382 0 203.146 5.18246e-07
1.05235 1.4382 0 204.148 5.18106e-07
1.05235 1.4382 0 205.151 5.18062e-07
1.05235 1.4382 0 206.153 5.181e-07
1.05235 1.4382 0 207.156 5.1821e-07
1.05235 1.4382 0 208.158 5.18383e-07
1.05235 1.4382 0 209.161 5.18607e-07
1.05235 1.4382 0 210.163 5.18874e-07
1.05235 1.4382 0 211.166 5.19176e-07
1.05235 1.4382 0 212.168 5.19504e-07
1.05235 1.4382 0 213.171 5.19851e-07
1.05235 1.4382 0 214.173 5.20209e-07
1.05235 1.4382 0 215.175 5.20573e-07
1.05235 1.4382 0 216.178 5.20937e-07
1.05235 1.4382 0 217.18 5.21293e-07
1.05235 1.4382 0 218.183 5.21638e-07
1.05235 1.4382 0 219.185 5.21967e-07
1.05235 1.4382 0 220.188 5.22274e-07
1.05235 1.4382 0 221.19 5.22556e-07
1.05235 1.4382 0 222.193 5.22809e-07
1.05235 1.4382 0 223.195 5.23029e-07
1.05235 1.4382 0 224.198 5.23213e-07
1.05235 1.4382 0 225.2 5.23358e-07
1.05235 1.4382 0 226.203 5.23462e-07
1.05235 1.4382 0 227.205 5.23521e-07
1.05235 1.4382 0 228.208 5.23534e-07
1.05235 1.4382 0 229.21 5.23499e-07
1.05235 1.4382 0 230.212 5.23414e-07
1.05235 1.4382 0 231.215 5.23277e-07
1.05235 1.4382 0 232.217 5.23087e-07
1.05235 1.4382 0 233.22 5.22842e-07
1.05235 1.4382 0 234.222 5.22542e-07
1.05235 1.4382 0 235.225 5.22186e-07
1.05235 1.4382 0 236.227 5.21774e-07
1.05235 1.4382 0 237.23 5.21303e-07
1.05235 1.4382 0 238.232 5.20775e-07
1.05235 1.4382 0 239.235 5.20188e-07
1.05235 1.4382 0 240.237 5.19543e-07
1.05235 1.4382 0 241.24 5.18839e-07
1.05235 1.4382 0 242.242 5.18076e-07
1.05235 1.4382 0 243.245 5.17255e-07
1.05235 1.4382 0 244.247 5.16375e-07
1.05235 1.4382 0 245.25 5.15437e-07
1.05235 1.4382 0 246.252 5.14442e-07
1.05235 1.4382 0 247.254 5.13389e-07
1.05235 1.4382 0 248.257 5.1228e-07
1.05235 1.4382 0 249.259 5.11114e-07
1.05235 1.4382 0 250.262 5.09892e-07
1.05235 1.4382 0 251.264 5.08615e-07
1.05235 1.4382 0 252.267 5.07284e-07
1.05235 1.4382 0 253.269 5.059e-07
1.05235 1.4382 0 254.272 5.04463e-07
1.05235 1.4382 0 255.274 5.02974e-07
1.05235 1.4382 0 256.277 5.01433e-07
1.05235 1.4382 0 257.279 4.99843e-07
1.05235 1.4382 0 258.282 4.98204e-07
1.05235 1.4382 0 259.284 4.96516e-07
1.05235 1.4382 0 260.287 4.94781e-07
1.05235 1.4382 0 261.289 4.93e-07
1.05235 1.4382 0 262.291 4.91174e-07
1.05235 1.4382 0 263.294 4.89304e-07
1.05235 1.4382 0 264.296 4.8739e-07
1.05235 1.4382 0 265.299 4.85435e-07
1.05235 1.4382 0 266.301 4.83439e-07
1.05235 1.4382 0 267.304 4.81402e-07
1.05235 1.4382 0 268.306 4.79327e-07
1.05235 1.4382 0 269.309 4.77214e-07
1.05235 1.4382 0 270.311 4.75065e-07
1.05235 1.4382 0 271.314 4.7288e-07
1.05235 1.4382 0 272.316 4.70661e-07
1.05235 1.4382 0 273.319 4.68408e-07
1.05235 1.4382 0 274.321 4.66124e-07
1.05235 1.4382 0 275.324 4.63808e-07
1.05235 1.4382 0 276.326 4.61461e-07
1.05235 1.4382 0 277.329 4.59086e-07
1.05235 1.4382 0 278.331 4.56683e-07
1.05235 1.4382 0 279.333 4.54254e-07
1.05235 1.4382 0 280.336 4.51798e-07
1.05235 1.4382 0 281.338 4.49318e-07
1.05235 1.4382 0 282.341 4.46813e-07
1.05235 1.4382 0 283.343 4.44286e-07
1.05235 1.4382 0 284.346 4.41738e-07
1.05235 1.4382 0 285.348 4.39168e-07
1.05235 1.4382 0 286.351 4.36579e-07
1.05235 1.4382 0 287.353 4.33971e-07
1.05235 1.4382 0 288.356 4.31346e-07
1.05235 1.4382 0 289.358 4.28703e-07
1.05235 1.4382 0 290.361 4.26045e-07
1.05235 1.4382 0 291.363 4.23371e-07
1.05235 1.4382 0 292.366 4.20683e-07
1.05235 1.4382 0 293.368 4.17983e-07
1.05235 1.4382 0 294.37 4.15269e-07
1.05235 1.4382 0 295.373 4.12545e-07
1.05235 1.4382 0 296.375 4.09809e-07
1.05235 1.4382 0 297.378 4.07064e-07
1.05235 1.4382 0 298.38 4.0431e-07
1.05235 1.4382 0 299.383 4.01547e-07
1.05235 1.4382 0 300.385 3.98777e-07
1.05235 1.4382 0 301.388 3.96001e-07
1.05235 1.4382 0 302.39 3.93218e-07
1.05235 1.4382 0 303.393 3.90431e-07
1.05235 1.4382 0 304.395 3.87638e-07
1.05235 1.4382 0 305.398 3.84843e-07
1.05235 1.4382 0 306.4 3.82044e-07
1.05235 1.4382 0 307.403 3.79242e-07
1.05235 1.4382 0 308.405 3.76439e-07
1.05235 1.4382 0 309.408 3.73635e-07
1.05235 1.4382 0 310.41 3.7083e-07
1.05235 1.4382 0 311.412 3.68025e-07
1.05235 1.4382 0 312.415 3.65221e-07
1.05235 1.4382 0 313.417 3.62418e-07
1.05235 1.4382 0 314.42 3.59618e-07
1.05235 1.4382 0 315.422 3.56819e-07
1.05235 1.4382 0 316.425 3.54024e-07
1.05235 1.4382 0 317.427 3.51232e-07
1.05235 1.4382 0 318.43 3.48444e-07
1.05235 1.4382 0 319.432 3.45661e-07
1.05235 1.4382 0 320.435 3.42882e-07
1.05235 1.4382 0 321.437 3.40109e-07
1.05235 1.4382 0 322.44 3.37342e-07
1.05235 1.4382 0 323.442 3.34581e-07
1.05235 1.4382 0 324.445 3.31827e-07
1.05235 1.4382 0 325.447 3.2908e-07
1.05235 1.4382 0 326.449 3.26341e-07
1.05235 1.4382 0 327.452 3.2361e-07
1.05235 1.4382 0 328.454 3.20887e-07
1.05235 1.4382 0 329.457 3.18173e-07
1.05235 1.4382 0 330.459 3.15467e-07
1.05235 1.4382 0 331.462 3.12772e-07
1.05235 1.4382 0 332.464 3.10086e-07
1.05235 1.4382 0 333.467 3.0741e-07
1.05235 1.4382 0 334.469 3.04745e-07
1.05235 1.4382 0 335.472 3.0209e-07
1.05235 1.4382 0 336.474 2.99446e-07
1.05235 1.4382 0 337.477 2.96813e-07
1.05235 1.4382 0 338.479 2.94192e-07
1.05235 1.4382 0 339.482 2.91583e-07
1.05235 1.4382 0 340.484 2.88986e-07
1.05235 1.4382 0 341.487 2.86401e-07
1.05235 1.4382 0 342.489 2.83828e-07
1.05235 1.4382 0 343.491 2.81268e-07
1.05235 1.4382 0 344.494 2.78722e-07
1.05235 1.4382 0 345.496 2.76188e-07
1.05235 1.4382 0 346.499 2.73667e-07
1.05235 1.4382 0 347.501 2.7116e-07
1.05235 1.4382 0 348.504 2.68667e-07
1.05235 1.4382 0 349.506 2.66188e-07
1.05235 1.4382 0 350.509 2.63722e-07
1.05235 1.4382 0 351.511 2.61271e-07
1.05235 1.4382 0 352.514 2.58834e-07
1.05235 1.4382 0 353.516 2.56411e-07
1.05235 1.4382 0 354.519 2.54003e-07
1.05235 1.4382 0 355.521 2.5161e-07
1.05235 1.4382 0 356.524 2.49231e-07
1.05235 1.4382 0 357.526 2.46867e-07
1.05235 1.4382 0 358.528 2.44519e-07
1.05235 1.4382 0 359.531 2.42185e-07
1.05235 1.4382 0 360.533 2.39866e-07
1.05235 1.4382 0 361.536 2.37563e-07
1.05235 1.4382 0 362.538 2.35275e-07
1.05235 1.4382 0 363.541 2.33003e-07
1.05235 1.4382 0 364.543 2.30746e-07
1.05235 1.4382 0 365.546 2.28504e-07
1.05235 1.4382 0 366.548 2.26278e-07
1.05235 1.4382 0 367.551 2.24068e-07
1.05235 1.4382 0 368.553 2.21874e-07
1.05235 1.4382 0 369.556 2.19695e-07
1.05235 1.4382 0 370.558 2.17532e-07
1.05235 1.4382 0 371.561 2.15384e-07
1.05235 1.4382 0 372.563 2.13253e-07
1.05235 1.4382 0 373.566 2.11137e-07
1.05235 1.4382 0 374.568 2.09037e-07
1.05235 1.4382 0 375.57 2.06953e-07
1.05235 1.4382 0 376.573 2.04885e-07
1.05235 1.4382 0 377.575 2.02832e-07
1.05235 1.4382 0 378.578 2.00796e-07
1.05235 1.4382 0 379.58 1.98775e-07
1.05235 1.4382 0 380.583 1.9677e-07
1.05235 1.4382 0 381.585 1.94781e-07
1.05235 1.4382 0 382.588 1.92808e-07
1.05235 1.4382 0 383.59 1.9085e-07
1.05235 1.4382 0 384.593 1.88909e-07
1.05235 1.4382 0 385.595 1.86983e-07
1.05235 1.4382 0 386.598 1.85072e-07
1.05235 1.4382 0 387.6 1.83178e-07
1.05235 1.4382 0 388.603 1.81299e-07
1.05235 1.4382 0 389.605 1.79436e-07
1.05235 1.4382 0 390.607 1.77588e-07
1.05235 1.4382 0 391.61 1.75756e-07
1.05235 1.4382 0 392.612 1.73939e-07
1.05235 1.4382 0 393.615 1.72138e-07
1.05235 1.4382 0 394.617 1.70352e-07
1.05235 1.4382 0 395.62 1.68581e-07
1.05235 1.4382 0 396.622 1.66826e-07
1.05235 1.4382 0 397.625 1.65086e-07
1.05235 1.4382 0 398.627 1.63361e-07
1.05235 1.4382 0 399.63 1.61651e-07
1.05235 1.4382 0 400.632 1.59956e-07
1.05235 1.4382 0 401.635 1.58276e-07
1.05235 1.4382 0 402.637 1.56612e-07
1.05235 1.4382 0 403.64 1.54962e-07
1.05235 1.4382 0 404.642 1.53326e-07
1.05235 1.4382 0 405.645 1.51706e-07
1.05235 1.4382 0 406.647 1.501e-07
1.05235 1.4382 0 407.649 1.48509e-07
1.05235 1.4382 0 408.652 1.46932e-07
1.05235 1.4382 0 409.654 1.4537e-07
1.05235 1.4382 0 410.657 1.43822e-07
1.05235 1.4382 0 411.659 1.42288e-07
1.05235 1.4382 0 412.662 1.40768e-07
1.05235 1.4382 0 413.664 1.39263e-07
1.05235 1.4382 0 414.667 1.37771e-07
1.05235 1.4382 0 415.669 1.36294e-07
1.05235 1.4382 0 416.672 1.3483e-07
1.05235 1.4382 0 417.674 1.33381e-07
1.05235 1.4382 0 418.677 1.31945e-07
1.05235 1.4382 0 419.679 1.30522e-07
1.05235 1.4382 0 420.682 1.29113e-07
1.05235 1.4382 0 421.684 1.27718e-07
1.05235 1.4382 0 422.686 1.26336e-07
1.05235 1.4382 0 423.689 1.24967e-07
1.05235 1.4382 0 424.691 1.23611e-07
1.05235 1.4382 0 425.694 1.22269e-07
1.05235 1.4382 0 426.696 1.20939e-07
1.05235 1.4382 0 427.699 1.19623e-07
1.05235 1.4382 0 428.701 1.18319e-07
1.05235 1.4382 0 429.704 1.17028e-07
1.05235 1.4382 0 430.706 1.15749e-07
1.05235 1.4382 0 431.709 1.14484e-07
1.05235 1.4382 0 432.711 1.1323e-07
1.05235 1.4382 0 433.714 1.11989e-07
1.05235 1.4382 0 434.716 1.10761e-07
1.05235 1.4382 0 435.719 1.09544e-07
1.05235 1.4382 0 436.721 1.0834e-07
1.05235 1.4382 0 437.724 1.07148e-07
1.05235 1.4382 0 438.726 1.05967e-07
1.05235 1.4382 0 439.728 1.04799e-07
1.05235 1.4382 0 440.731 1.03642e-07
1.05235 1.4382 0 441.733 1.02497e-07
1.05235 1.4382 0 442.736 1.01364e-07
1.05235 1.4382 0 443.738 1.00241e-07
1.05235 1.4382 0 444.741 9.91308e-08
1.05235 1.4382 0 445.743 9.80314e-08
1.05235 1.4382 0 446.746 9.69432e-08
1.05235 1.4382 0 447.748 9.58662e-08
1.05235 1.4382 0 448.751 9.48001e-08
1.05235 1.4382 0 449.753 9.3745e-08
1.05235 1.4382 0 450.756 9.27008e-08
1.05235 1.4382 0 451.758 9.16673e-08
1.05235 1.4382 0 452.761 9.06444e-08
1.05235 1.4382 0 453.763 8.96321e-08
1.05235 1.4382 0 454.765 8.86303e-08
1.05235 1.4382 0 455.768 8.76389e-08
1.05235 1.4382 0 456.77 8.66579e-08
1.05235 1.4382 0 457.773 8.5687e-08
1.05235 1.4382 0 458.775 8.47262e-08
1.05235 1.4382 0 459.778 8.37755e-08
1.05235 1.4382 0 460.78 8.28348e-08
1.05235 1.4382 0 461.783 8.19039e-08
1.05235 1.4382 0 462.785 8.09828e-08
1.05235 1.4382 0 463.788 8.00713e-08
1.05235 1.4382 0 464.79 7.91695e-08
1.05235 1.4382 0 465.793 7.82772e-08
1.05235 1.4382 0 466.795 7.73944e-08
1.05235 1.4382 0 467.798 7.65208e-08
1.05235 1.4382 0 468.8 7.56566e-08
1.05235 1.4382 0 469.803 7.48015e-08
1.05235 1.4382 0 470.805 7.39556e-08
1.05235 1.4382 0 471.807 7.31186e-08
1.05235 1.4382 0 472.81 7.22906e-08
1.05235 1.4382 0 473.812 7.14714e-08
1.05235 1.4382 0 474.815 7.0661e-08
1.05235 1.4382 0 475.817 6.98592e-08
1.05235 1.4382 0 476.82 6.90661e-08
1.05235 1.4382 0 477.822 6.82815e-08
1.05235 1.4382 0 478.825 6.75053e-08
1.05235 1.4382 0 479.827 6.67375e-08
1.05235 1.4382 0 480.83 6.5978e-08
1.05235 1.4382 0 481.832 6.52267e-08
1.05235 1.4382 0 482.835 6.44835e-08
1.05235 1.4382 0 483.837 6.37483e-08
1.05235 1.4382 0 484.84 6.30212e-08
1.05235 1.4382 0 485.842 6.23019e-08
1.05235 1.4382 0 486.844 6.15904e-08
1.05235 1.4382 0 487.847 6.08867e-08
1.05235 1.4382 0 488.849 6.01907e-08
1.05235 1.4382 0 489.852 5.95022e-08
1.05235 1.4382 0 490.854 5.88212e-08
1.05235 1.4382 0 491.857 5.81477e-08
1.05235 1.4382 0 492.859 5.74816e-08
1.05235 1.4382 0 493.862 5.68228e-08
1.05235 1.4382 0 494.864 5.61712e-08
1.05235 1.4382 0 495.867 5.55267e-08
1.05235 1.4382 0 496.869 5.48894e-08
1.05235 1.4382 0 497.872 5.4259e-08
1.05235 1.4382 0 498.874 5.36356e-08
1.05235 1.4382 0 499.877 5.30191e-08
1.05235 1.4382 0 500.879 5.24093e-08
1.05235 1.4382 0 501.882 5.18063e-08
1.05235 1.4382 0 502.884 5.121e-08
1.05235 1.4382 0 503.886 5.06203e-08
1.05235 1.4382 0 504.889 5.00371e-08
1.05235 1.4382 0 505.891 4.94603e-08
1.05235 1.4382 0 506.894 4.889e-08
1.05235 1.4382 0 507.896 4.8326e-08
1.05235 1.4382 0 508.899 4.77683e-08
1.05235 1.4382 0 509.901 4.72168e-08
1.05235 1.4382 0 510.904 4.66714e-08
1.05235 1.4382 0 511.906 4.61321e-08
1.05235 1.4382 0 512.909 4.55989e-08
1.05235 1.4382 0 513.911 4.50715e-08
1.05235 1.4382 0 514.914 4.45501e-08
1.05235 1.4382 0 515.916 4.40345e-08
1.05235 1.4382 0 516.919 4.35247e-08
1.05235 1.4382 0 517.921 4.30206e-08
1.05235 1.4382 0 518.923 4.25222e-08
1.05235 1.4382 0 519.926 4.20293e-08
1.05235 1.4382 0 520.928 4.1542e-08
1.05235 1.4382 0 521.931 4.10601e-08
1.05235 1.4382 0 522.933 4.05837e-08
1.05235 1.4382 0 523.936 4.01127e-08
1.05235 1.4382 0 524.938 3.96469e-08
1.05235 1.4382 0 525.941 3.91864e-08
1.05235 1.4382 0 526.943 3.87311e-08
1.05235 1.4382 0 527.946 3.82809e-08
1.05235 1.4382 0 528.948 3.78358e-08
1.05235 1.4382 0 529.951 3.73958e-08
1.05235 1.4382 0 530.953 3.69607e-08
1.05235 1.4382 0 531.956 3.65306e-08
1.05235 1.4382 0 532.958 3.61053e-08
1.05235 1.4382 0 533.961 3.56848e-08
1.05235 1.4382 0 534.963 3.52691e-08
1.05235 1.4382 0 535.965 3.48582e-08
1.05235 1.4382 0 536.968 3.44519e-08
1.05235 1.4382 0 537.97 3.40502e-08
1.05235 1.4382 0 538.973 3.36531e-08
1.05235 1.4382 0 539.975 3.32605e-08
1.05235 1.4382 0 540.978 3.28723e-08
1.05235 1.4382 0 541.98 3.24886e-08
1.05235 1.4382 0 542.983 3.21093e-08
1.05235 1.4382 0 543.985 3.17343e-08
1.05235 1.4382 0 544.988 3.13636e-08
1.05235 1.4382 0 545.99 3.09971e-08
1.05235 1.4382 0 546.993 3.06348e-08
1.05235 1.4382 0 547.995 3.02766e-08
1.05235 1.4382 0 548.998 2.99225e-08
1.05235 1.4382 0 550 2.95725e-08

