0.0599071 1.4382 0 150.015 1.65359e-07
0.0599071 1.4382 0 151.017 2.75477e-07
0.0599071 1.4382 0 152.02 2.57641e-07
0.0599071 1.4382 0 153.022 2.35083e-07
0.0599071 1.4382 0 154.025 2.18208e-07
0.0599071 1.4382 0 155.027 2.0513e-07
0.0599071 1.4382 0 156.03 1.94502e-07
0.0599071 1.4382 0 157.032 1.85569e-07
0.0599071 1.4382 0 158.035 1.77877e-07
0.0599071 1.4382 0 159.037 1.71131e-07
0.0599071 1.4382 0 160.04 1.65132e-07
0.0599071 1.4382 0 161.042 1.59737e-07
0.0599071 1.4382 0 162.045 1.54841e-07
0.0599071 1.4382 0 163.047 1.50363e-07
0.0599071 1.4382 0 164.05 1.46242e-07
0.0599071 1.4382 0 165.052 1.42429e-07
0.0599071 1.4382 0 166.054 1.38882e-07
0.0599071 1.4382 0 167.057 1.35571e-07
0.0599071 1.4382 0 168.059 1.32467e-07
0.0599071 1.4382 0 169.062 1.29549e-07
0.0599071 1.4382 0 170.064 1.26797e-07
0.0599071 1.4382 0 171.067 1.24194e-07
0.0599071 1.4382 0 172.069 1.21728e-07
0.0599071 1.4382 0 173.072 1.19385e-07
0.0599071 1.4382 0 174.074 1.17155e-07
0.0599071 1.4382 0 175.077 1.1503e-07
0.0599071 1.4382 0 176.079 1.12999e-07
0.0599071 1.4382 0 177.082 1.11057e-07
0.0599071 1.4382 0 178.084 1.09197e-07
0.0599071 1.4382 0 179.087 1.07412e-07
0.0599071 1.4382 0 180.089 1.05698e-07
0.0599071 1.4382 0 181.092 1.04051e-07
0.0599071 1.4382 0 182.094 1.02465e-07
0.0599071 1.4382 0 183.096 1.00937e-07
0.0599071 1.4382 0 184.099 9.9463e-08
0.0599071 1.4382 0 185.101 9.80404e-08
0.0599071 1.4382 0 186.104 9.66661e-08
0.0599071 1.4382 0 187.106 9.53373e-08
0.0599071 1.4382 0 188.109 9.40515e-08
0.0599071 1.4382 0 189.111 9.28064e-08
0.0599071 1.4382 0 190.114 9.16e-08
0.0599071 1.4382 0 191.116 9.04302e-08
0.0599071 1.4382 0 192.119 8.92952e-08
0.0599071 1.4382 0 193.121 8.81933e-08
0.0599071 1.4382 0 194.124 8.71231e-08
0.0599071 1.4382 0 195.126 8.60829e-08
0.0599071 1.4382 0 196.129 8.50715e-08
0.0599071 1.4382 0 197.131 8.40875e-08
0.0599071 1.4382 0 198.133 8.31297e-08
0.0599071 1.4382 0 199.136 8.2197e-08
0.0599071 1.4382 0 200.138 8.12884e-08
0.0599071 1.4382 0 201.141 8.04029e-08
0.0599071 1.4382 0 202.143 7.95395e-08
0.0599071 1.4382 0 203.146 7.86973e-08
0.0599071 1.4382 0 204.148 7.78755e-08
0.0599071 1.4382 0 205.151 7.70733e-08
0.0599071 1.4382 0 206.153 7.62899e-08
0.0599071 1.4382 0 207.156 7.55247e-08
0.0599071 1.4382 0 208.158 7.4777e-08
0.0599071 1.4382 0 209.161 7.40462e-08
0.0599071 1.4382 0 210.163 7.33316e-08
0.0599071 1.4382 0 211.166 7.26327e-08
0.0599071 1.4382 0 212.168 7.19489e-08
0.0599071 1.4382 0 213.171 7.12797e-08
0.0599071 1.4382 0 214.173 7.06246e-08
0.0599071 1.4382 0 215.175 6.99832e-08
0.0599071 1.4382 0 216.178 6.93549e-08
0.0599071 1.4382 0 217.18 6.87395e-08
0.0599071 1.4382 0 218.183 6.81364e-08
0.0599071 1.4382 0 219.185 6.75452e-08
0.0599071 1.4382 0 220.188 6.69657e-08
0.0599071 1.4382 0 221.19 6.63973e-08
0.0599071 1.4382 0 222.193 6.58399e-08
0.0599071 1.4382 0 223.195 6.5293e-08
0.0599071 1.4382 0 224.198 6.47564e-08
0.0599071 1.4382 0 225.2 6.42297e-08
0.0599071 1.4382 0 226.203 6.37127e-08
0.0599071 1.4382 0 227.205 6.3205e-08
0.0599071 1.4382 0 228.208 6.27065e-08
0.0599071 1.4382 0 229.21 6.22168e-08
0.0599071 1.4382 0 230.212 6.17357e-08
0.0599071 1.4382 0 231.215 6.12629e-08
0.0599071 1.4382 0 232.217 6.07983e-08
0.0599071 1.4382 0 233.22 6.03417e-08
0.0599071 1.4382 0 234.222 5.98927e-08
0.0599071 1.4382 0 235.225 5.94512e-08
0.0599071 1.4382 0 236.227 5.9017e-08
0.0599071 1.4382 0 237.23 5.85899e-08
0.0599071 1.4382 0 238.232 5.81698e-08
0.0599071 1.4382 0 239.235 5.77564e-08
0.0599071 1.4382 0 240.237 5.73495e-08
0.0599071 1.4382 0 241.24 5.69491e-08
0.0599071 1.4382 0 242.242 5.6555e-08
0.0599071 1.4382 0 243.245 5.61669e-08
0.0599071 1.4382 0 244.247 5.57848e-08
0.0599071 1.4382 0 245.25 5.54085e-08
0.0599071 1.4382 0 246.252 5.50378e-08
0.0599071 1.4382 0 247.254 5.46727e-08
0.0599071 1.4382 0 248.257 5.4313e-08
0.0599071 1.4382 0 249.259 5.39585e-08
0.0599071 1.4382 0 250.262 5.36092e-08
0.0599071 1.4382 0 251.264 5.3265e-08
0.0599071 1.4382 0 252.267 5.29256e-08
0.0599071 1.4382 0 253.269 5.25911e-08
0.0599071 1.4382 0 254.272 5.22612e-08
0.0599071 1.4382 0 255.274 5.19359e-08
0.0599071 1.4382 0 256.277 5.16151e-08
0.0599071 1.4382 0 257.279 5.12987e-08
0.0599071 1.4382 0 258.282 5.09866e-08
0.0599071 1.4382 0 259.284 5.06787e-08
0.0599071 1.4382 0 260.287 5.03749e-08
0.0599071 1.4382 0 261.289 5.00752e-08
0.0599071 1.4382 0 262.291 4.97793e-08
0.0599071 1.4382 0 263.294 4.94874e-08
0.0599071 1.4382 0 264.296 4.91991e-08
0.0599071 1.4382 0 265.299 4.89146e-08
0.0599071 1.4382 0 266.301 4.86337e-08
0.0599071 1.4382 0 267.304 4.83564e-08
0.0599071 1.4382 0 268.306 4.80825e-08
0.0599071 1.4382 0 269.309 4.7812e-08
0.0599071 1.4382 0 270.311 4.75448e-08
0.0599071 1.4382 0 271.314 4.7281e-08
0.0599071 1.4382 0 272.316 4.70203e-08
0.0599071 1.4382 0 273.319 4.67627e-08
0.0599071 1.4382 0 274.321 4.65083e-08
0.0599071 1.4382 0 275.324 4.62568e-08
0.0599071 1.4382 0 276.326 4.60083e-08
0.0599071 1.4382 0 277.329 4.57627e-08
0.0599071 1.4382 0 278.331 4.552e-08
0.0599071 1.4382 0 279.333 4.52801e-08
0.0599071 1.4382 0 280.336 4.50429e-08
0.0599071 1.4382 0 281.338 4.48084e-08
0.0599071 1.4382 0 282.341 4.45765e-08
0.0599071 1.4382 0 283.343 4.43472e-08
0.0599071 1.4382 0 284.346 4.41205e-08
0.0599071 1.4382 0 285.348 4.38962e-08
0.0599071 1.4382 0 286.351 4.36744e-08
0.0599071 1.4382 0 287.353 4.34551e-08
0.0599071 1.4382 0 288.356 4.32381e-08
0.0599071 1.4382 0 289.358 4.30234e-08
0.0599071 1.4382 0 290.361 4.2811e-08
0.0599071 1.4382 0 291.363 4.26008e-08
0.0599071 1.4382 0 292.366 4.23929e-08
0.0599071 1.4382 0 293.368 4.21871e-08
0.0599071 1.4382 0 294.37 4.19834e-08
0.0599071 1.4382 0 295.373 4.17819e-08
0.0599071 1.4382 0 296.375 4.15824e-08
0.0599071 1.4382 0 297.378 4.13849e-08
0.0599071 1.4382 0 298.38 4.11894e-08
0.0599071 1.4382 0 299.383 4.09958e-08
0.0599071 1.4382 0 300.385 4.08042e-08
0.0599071 1.4382 0 301.388 4.06145e-08
0.0599071 1.4382 0 302.39 4.04266e-08
0.0599071 1.4382 0 303.393 4.02406e-08
0.0599071 1.4382 0 304.395 4.00563e-08
0.0599071 1.4382 0 305.398 3.98739e-08
0.0599071 1.4382 0 306.4 3.96932e-08
0.0599071 1.4382 0 307.403 3.95141e-08
0.0599071 1.4382 0 308.405 3.93368e-08
0.0599071 1.4382 0 309.408 3.91612e-08
0.0599071 1.4382 0 310.41 3.89871e-08
0.0599071 1.4382 0 311.412 3.88147e-08
0.0599071 1.4382 0 312.415 3.86439e-08
0.0599071 1.4382 0 313.417 3.84746e-08
0.0599071 1.4382 0 314.42 3.83069e-08
0.0599071 1.4382 0 315.422 3.81407e-08
0.0599071 1.4382 0 316.425 3.7976e-08
0.0599071 1.4382 0 317.427 3.78127e-08
0.0599071 1.4382 0 318.43 3.76509e-08
0.0599071 1.4382 0 319.432 3.74905e-08
0.0599071 1.4382 0 320.435 3.73315e-08
0.0599071 1.4382 0 321.437 3.71739e-08
0.0599071 1.4382 0 322.44 3.70177e-08
0.0599071 1.4382 0 323.442 3.68628e-08
0.0599071 1.4382 0 324.445 3.67092e-08
0.0599071 1.4382 0 325.447 3.6557e-08
0.0599071 1.4382 0 326.449 3.6406e-08
0.0599071 1.4382 0 327.452 3.62563e-08
0.0599071 1.4382 0 328.454 3.61078e-08
0.0599071 1.4382 0 329.457 3.59606e-08
0.0599071 1.4382 0 330.459 3.58146e-08
0.0599071 1.4382 0 331.462 3.56698e-08
0.0599071 1.4382 0 332.464 3.55262e-08
0.0599071 1.4382 0 333.467 3.53837e-08
0.0599071 1.4382 0 334.469 3.52424e-08
0.0599071 1.4382 0 335.472 3.51022e-08
0.0599071 1.4382 0 336.474 3.49632e-08
0.0599071 1.4382 0 337.477 3.48252e-08
0.0599071 1.4382 0 338.479 3.46883e-08
0.0599071 1.4382 0 339.482 3.45526e-08
0.0599071 1.4382 0 340.484 3.44178e-08
0.0599071 1.4382 0 341.487 3.42841e-08
0.0599071 1.4382 0 342.489 3.41515e-08
0.0599071 1.4382 0 343.491 3.40199e-08
0.0599071 1.4382 0 344.494 3.38892e-08
0.0599071 1.4382 0 345.496 3.37596e-08
0.0599071 1.4382 0 346.499 3.3631e-08
0.0599071 1.4382 0 347.501 3.35033e-08
0.0599071 1.4382 0 348.504 3.33765e-08
0.0599071 1.4382 0 349.506 3.32508e-08
0.0599071 1.4382 0 350.509 3.31259e-08
0.0599071 1.4382 0 351.511 3.3002e-08
0.0599071 1.4382 0 352.514 3.2879e-08
0.0599071 1.4382 0 353.516 3.27568e-08
0.0599071 1.4382 0 354.519 3.26356e-08
0.0599071 1.4382 0 355.521 3.25152e-08
0.0599071 1.4382 0 356.524 3.23957e-08
0.0599071 1.4382 0 357.526 3.22771e-08
0.0599071 1.4382 0 358.528 3.21593e-08
0.0599071 1.4382 0 359.531 3.20423e-08
0.0599071 1.4382 0 360.533 3.19262e-08
0.0599071 1.4382 0 361.536 3.18109e-08
0.0599071 1.4382 0 362.538 3.16964e-08
0.0599071 1.4382 0 363.541 3.15826e-08
0.0599071 1.4382 0 364.543 3.14697e-08
0.0599071 1.4382 0 365.546 3.13575e-08
0.0599071 1.4382 0 366.548 3.12462e-08
0.0599071 1.4382 0 367.551 3.11355e-08
0.0599071 1.4382 0 368.553 3.10256e-08
0.0599071 1.4382 0 369.556 3.09165e-08
0.0599071 1.4382 0 370.558 3.08081e-08
0.0599071 1.4382 0 371.561 3.07004e-08
0.0599071 1.4382 0 372.563 3.05935e-08
0.0599071 1.4382 0 373.566 3.04872e-08
0.0599071 1.4382 0 374.568 3.03817e-08
0.0599071 1.4382 0 375.57 3.02768e-08
0.0599071 1.4382 0 376.573 3.01726e-08
0.0599071 1.4382 0 377.575 3.00691e-08
0.0599071 1.4382 0 378.578 2.99663e-08
0.0599071 1.4382 0 379.58 2.98642e-08
0.0599071 1.4382 0 380.583 2.97627e-08
0.0599071 1.4382 0 381.585 2.96618e-08
0.0599071 1.4382 0 382.588 2.95616e-08
0.0599071 1.4382 0 383.59 2.9462e-08
0.0599071 1.4382 0 384.593 2.93631e-08
0.0599071 1.4382 0 385.595 2.92648e-08
0.0599071 1.4382 0 386.598 2.91671e-08
0.0599071 1.4382 0 387.6 2.907e-08
0.0599071 1.4382 0 388.603 2.89735e-08
0.0599071 1.4382 0 389.605 2.88776e-08
0.0599071 1.4382 0 390.607 2.87823e-08
0.0599071 1.4382 0 391.61 2.86876e-08
0.0599071 1.4382 0 392.612 2.85934e-08
0.0599071 1.4382 0 393.615 2.84999e-08
0.0599071 1.4382 0 394.617 2.84069e-08
0.0599071 1.4382 0 395.62 2.83144e-08
0.0599071 1.4382 0 396.622 2.82226e-08
0.0599071 1.4382 0 397.625 2.81312e-08
0.0599071 1.4382 0 398.627 2.80404e-08
0.0599071 1.4382 0 399.63 2.79502e-08
0.0599071 1.4382 0 400.632 2.78605e-08
0.0599071 1.4382 0 401.635 2.77713e-08
0.0599071 1.4382 0 402.637 2.76826e-08
0.0599071 1.4382 0 403.64 2.75945e-08
0.0599071 1.4382 0 404.642 2.75069e-08
0.0599071 1.4382 0 405.645 2.74198e-08
0.0599071 1.4382 0 406.647 2.73332e-08
0.0599071 1.4382 0 407.649 2.7247e-08
0.0599071 1.4382 0 408.652 2.71614e-08
0.0599071 1.4382 0 409.654 2.70763e-08
0.0599071 1.4382 0 410.657 2.69917e-08
0.0599071 1.4382 0 411.659 2.69075e-08
0.0599071 1.4382 0 412.662 2.68238e-08
0.0599071 1.4382 0 413.664 2.67406e-08
0.0599071 1.4382 0 414.667 2.66578e-08
0.0599071 1.4382 0 415.669 2.65756e-08
0.0599071 1.4382 0 416.672 2.64937e-08
0.0599071 1.4382 0 417.674 2.64124e-08
0.0599071 1.4382 0 418.677 2.63314e-08
0.0599071 1.4382 0 419.679 2.6251e-08
0.0599071 1.4382 0 420.682 2.61709e-08
0.0599071 1.4382 0 421.684 2.60913e-08
0.0599071 1.4382 0 422.686 2.60122e-08
0.0599071 1.4382 0 423.689 2.59335e-08
0.0599071 1.4382 0 424.691 2.58552e-08
0.0599071 1.4382 0 425.694 2.57773e-08
0.0599071 1.4382 0 426.696 2.56998e-08
0.0599071 1.4382 0 427.699 2.56228e-08
0.0599071 1.4382 0 428.701 2.55462e-08
0.0599071 1.4382 0 429.704 2.54699e-08
0.0599071 1.4382 0 430.706 2.53941e-08
0.0599071 1.4382 0 431.709 2.53187e-08
0.0599071 1.4382 0 432.711 2.52437e-08
0.0599071 1.4382 0 433.714 2.51691e-08
0.0599071 1.4382 0 434.716 2.50948e-08
0.0599071 1.4382 0 435.719 2.5021e-08
0.0599071 1.4382 0 436.721 2.49475e-08
0.0599071 1.4382 0 437.724 2.48745e-08
0.0599071 1.4382 0 438.726 2.48018e-08
0.0599071 1.4382 0 439.728 2.47294e-08
0.0599071 1.4382 0 440.731 2.46575e-08
0.0599071 1.4382 0 441.733 2.45859e-08
0.0599071 1.4382 0 442.736 2.45147e-08
0.0599071 1.4382 0 443.738 2.44438e-08
0.0599071 1.4382 0 444.741 2.43734e-08
0.0599071 1.4382 0 445.743 2.43032e-08
0.0599071 1.4382 0 446.746 2.42334e-08
0.0599071 1.4382 0 447.748 2.4164e-08
0.0599071 1.4382 0 448.751 2.40949e-08
0.0599071 1.4382 0 449.753 2.40262e-08
0.0599071 1.4382 0 450.756 2.39578e-08
0.0599071 1.4382 0 451.758 2.38897e-08
0.0599071 1.4382 0 452.761 2.3822e-08
0.0599071 1.4382 0 453.763 2.37546e-08
0.0599071 1.4382 0 454.765 2.36876e-08
0.0599071 1.4382 0 455.768 2.36209e-08
0.0599071 1.4382 0 456.77 2.35545e-08
0.0599071 1.4382 0 457.773 2.34884e-08
0.0599071 1.4382 0 458.775 2.34227e-08
0.0599071 1.4382 0 459.778 2.33572e-08
0.0599071 1.4382 0 460.78 2.32921e-08
0.0599071 1.4382 0 461.783 2.32273e-08
0.0599071 1.4382 0 462.785 2.31628e-08
0.0599071 1.4382 0 463.788 2.30987e-08
0.0599071 1.4382 0 464.79 2.30348e-08
0.0599071 1.4382 0 465.793 2.29712e-08
0.0599071 1.4382 0 466.795 2.2908e-08
0.0599071 1.4382 0 467.798 2.2845e-08
0.0599071 1.4382 0 468.8 2.27823e-08
0.0599071 1.4382 0 469.803 2.272e-08
0.0599071 1.4382 0 470.805 2.26579e-08
0.0599071 1.4382 0 471.807 2.25961e-08
0.0599071 1.4382 0 472.81 2.25346e-08
0.0599071 1.4382 0 473.812 2.24734e-08
0.0599071 1.4382 0 474.815 2.24125e-08
0.0599071 1.4382 0 475.817 2.23519e-08
0.0599071 1.4382 0 476.82 2.22915e-08
0.0599071 1.4382 0 477.822 2.22314e-08
0.0599071 1.4382 0 478.825 2.21716e-08
0.0599071 1.4382 0 479.827 2.21121e-08
0.0599071 1.4382 0 480.83 2.20528e-08
0.0599071 1.4382 0 481.832 2.19939e-08
0.0599071 1.4382 0 482.835 2.19351e-08
0.0599071 1.4382 0 483.837 2.18767e-08
0.0599071 1.4382 0 484.84 2.18185e-08
0.0599071 1.4382 0 485.842 2.17606e-08
0.0599071 1.4382 0 486.844 2.17029e-08
0.0599071 1.4382 0 487.847 2.16455e-08
0.0599071 1.4382 0 488.849 2.15884e-08
0.0599071 1.4382 0 489.852 2.15315e-08
0.0599071 1.4382 0 490.854 2.14749e-08
0.0599071 1.4382 0 491.857 2.14185e-08
0.0599071 1.4382 0 492.859 2.13624e-08
0.0599071 1.4382 0 493.862 2.13065e-08
0.0599071 1.4382 0 494.864 2.12509e-08
0.0599071 1.4382 0 495.867 2.11955e-08
0.0599071 1.4382 0 496.869 2.11403e-08
0.0599071 1.4382 0 497.872 2.10854e-08
0.0599071 1.4382 0 498.874 2.10308e-08
0.0599071 1.4382 0 499.877 2.09763e-08
0.0599071 1.4382 0 500.879 2.09221e-08
0.0599071 1.4382 0 501.882 2.08682e-08
0.0599071 1.4382 0 502.884 2.08145e-08
0.0599071 1.4382 0 503.886 2.0761e-08
0.0599071 1.4382 0 504.889 2.07077e-08
0.0599071 1.4382 0 505.891 2.06547e-08
0.0599071 1.4382 0 506.894 2.06019e-08
0.0599071 1.4382 0 507.896 2.05493e-08
0.0599071 1.4382 0 508.899 2.0497e-08
0.0599071 1.4382 0 509.901 2.04449e-08
0.0599071 1.4382 0 510.904 2.0393e-08
0.0599071 1.4382 0 511.906 2.03413e-08
0.0599071 1.4382 0 512.909 2.02898e-08
0.0599071 1.4382 0 513.911 2.02386e-08
0.0599071 1.4382 0 514.914 2.01875e-08
0.0599071 1.4382 0 515.916 2.01367e-08
0.0599071 1.4382 0 516.919 2.00861e-08
0.0599071 1.4382 0 517.921 2.00357e-08
0.0599071 1.4382 0 518.923 1.99855e-08
0.0599071 1.4382 0 519.926 1.99356e-08
0.0599071 1.4382 0 520.928 1.98858e-08
0.0599071 1.4382 0 521.931 1.98363e-08
0.0599071 1.4382 0 522.933 1.97869e-08
0.0599071 1.4382 0 523.936 1.97378e-08
0.0599071 1.4382 0 524.938 1.96888e-08
0.0599071 1.4382 0 525.941 1.96401e-08
0.0599071 1.4382 0 526.943 1.95915e-08
0.0599071 1.4382 0 527.946 1.95432e-08
0.0599071 1.4382 0 528.948 1.9495e-08
0.0599071 1.4382 0 529.951 1.94471e-08
0.0599071 1.4382 0 530.953 1.93993e-08
0.0599071 1.4382 0 531.956 1.93517e-08
0.0599071 1.4382 0 532.958 1.93044e-08
0.0599071 1.4382 0 533.961 1.92572e-08
0.0599071 1.4382 0 534.963 1.92102e-08
0.0599071 1.4382 0 535.965 1.91634e-08
0.0599071 1.4382 0 536.968 1.91168e-08
0.0599071 1.4382 0 537.97 1.90703e-08
0.0599071 1.4382 0 538.973 1.90241e-08
0.0599071 1.4382 0 539.975 1.8978e-08
0.0599071 1.4382 0 540.978 1.89322e-08
0.0599071 1.4382 0 541.98 1.88865e-08
0.0599071 1.4382 0 542.983 1.8841e-08
0.0599071 1.4382 0 543.985 1.87956e-08
0.0599071 1.4382 0 544.988 1.87505e-08
0.0599071 1.4382 0 545.99 1.87055e-08
0.0599071 1.4382 0 546.993 1.86607e-08
0.0599071 1.4382 0 547.995 1.86161e-08
0.0599071 1.4382 0 548.998 1.85716e-08
0.0599071 1.4382 0 550 1.85274e-08

