2.8326 1.4382 0 100.01 1.76658e-05
2.8326 1.4382 0 101.012 3.18912e-05
2.8326 1.4382 0 102.015 3.0941e-05
2.8326 1.4382 0 103.017 2.89229e-05
2.8326 1.4382 0 104.02 2.70363e-05
2.8326 1.4382 0 105.022 2.53053e-05
2.8326 1.4382 0 106.025 2.37126e-05
2.8326 1.4382 0 107.027 2.22432e-05
2.8326 1.4382 0 108.03 2.08847e-05
2.8326 1.4382 0 109.032 1.96267e-05
2.8326 1.4382 0 110.035 1.84601e-05
2.8326 1.4382 0 111.037 1.73768e-05
2.8326 1.4382 0 112.04 1.63696e-05
2.8326 1.4382 0 113.042 1.54322e-05
2.8326 1.4382 0 114.045 1.45588e-05
2.8326 1.4382 0 115.047 1.37442e-05
2.8326 1.4382 0 116.05 1.29838e-05
2.8326 1.4382 0 117.052 1.22733e-05
2.8326 1.4382 0 118.055 1.16087e-05
2.8326 1.4382 0 119.057 1.09867e-05
2.8326 1.4382 0 120.06 1.0404e-05
2.8326 1.4382 0 121.062 9.85759e-06
2.8326 1.4382 0 122.065 9.3449e-06
2.8326 1.4382 0 123.067 8.86347e-06
2.8326 1.4382 0 124.07 8.41104e-06
2.8326 1.4382 0 125.072 7.98556e-06
2.8326 1.4382 0 126.075 7.58514e-06
2.8326 1.4382 0 127.077 7.20806e-06
2.8326 1.4382 0 128.079 6.85272e-06
2.8326 1.4382 0 129.082 6.51764e-06
2.8326 1.4382 0 130.084 6.20147e-06
2.8326 1.4382 0 131.087 5.90297e-06
2.8326 1.4382 0 132.089 5.62098e-06
2.8326 1.4382 0 133.092 5.35444e-06
2.8326 1.4382 0 134.094 5.10236e-06
2.8326 1.4382 0 135.097 4.86382e-06
2.8326 1.4382 0 136.099 4.63799e-06
2.8326 1.4382 0 137.102 4.42407e-06
2.8326 1.4382 0 138.104 4.22133e-06
2.8326 1.4382 0 139.107 4.02911e-06
2.8326 1.4382 0 140.109 3.84676e-06
2.8326 1.4382 0 141.112 3.67372e-06
2.8326 1.4382 0 142.114 3.50942e-06
2.8326 1.4382 0 143.117 3.35336e-06
2.8326 1.4382 0 144.119 3.20507e-06
2.8326 1.4382 0 145.122 3.0641e-06
2.8326 1.4382 0 146.124 2.93005e-06
2.8326 1.4382 0 147.127 2.80252e-06
2.8326 1.4382 0 148.129 2.68115e-06
2.8326 1.4382 0 149.132 2.5656e-06
2.8326 1.4382 0 150.134 2.45557e-06
2.8326 1.4382 0 151.137 2.35074e-06
2.8326 1.4382 0 152.139 2.25085e-06
2.8326 1.4382 0 153.142 2.15563e-06
2.8326 1.4382 0 154.144 2.06483e-06
2.8326 1.4382 0 155.146 1.97823e-06
2.8326 1.4382 0 156.149 1.8956e-06
2.8326 1.4382 0 157.151 1.81674e-06
2.8326 1.4382 0 158.154 1.74146e-06
2.8326 1.4382 0 159.156 1.66959e-06
2.8326 1.4382 0 160.159 1.60094e-06
2.8326 1.4382 0 161.161 1.53535e-06
2.8326 1.4382 0 162.164 1.47268e-06
2.8326 1.4382 0 163.166 1.41279e-06
2.8326 1.4382 0 164.169 1.35553e-06
2.8326 1.4382 0 165.171 1.30077e-06
2.8326 1.4382 0 166.174 1.24841e-06
2.8326 1.4382 0 167.176 1.19832e-06
2.8326 1.4382 0 168.179 1.15039e-06
2.8326 1.4382 0 169.181 1.10452e-06
2.8326 1.4382 0 170.184 1.06062e-06
2.8326 1.4382 0 171.186 1.01859e-06
2.8326 1.4382 0 172.189 9.78342e-07
2.8326 1.4382 0 173.191 9.39801e-07
2.8326 1.4382 0 174.194 9.02884e-07
2.8326 1.4382 0 175.196 8.67517e-07
2.8326 1.4382 0 176.199 8.33629e-07
2.8326 1.4382 0 177.201 8.01154e-07
2.8326 1.4382 0 178.204 7.70027e-07
2.8326 1.4382 0 179.206 7.40188e-07
2.8326 1.4382 0 180.208 7.1158e-07
2.8326 1.4382 0 181.211 6.84147e-07
2.8326 1.4382 0 182.213 6.57838e-07
2.8326 1.4382 0 183.216 6.32603e-07
2.8326 1.4382 0 184.218 6.08395e-07
2.8326 1.4382 0 185.221 5.85169e-07
2.8326 1.4382 0 186.223 5.62882e-07
2.8326 1.4382 0 187.226 5.41493e-07
2.8326 1.4382 0 188.228 5.20965e-07
2.8326 1.4382 0 189.231 5.01259e-07
2.8326 1.4382 0 190.233 4.8234e-07
2.8326 1.4382 0 191.236 4.64176e-07
2.8326 1.4382 0 192.238 4.46733e-07
2.8326 1.4382 0 193.241 4.29981e-07
2.8326 1.4382 0 194.243 4.13892e-07
2.8326 1.4382 0 195.246 3.98437e-07
2.8326 1.4382 0 196.248 3.83589e-07
2.8326 1.4382 0 197.251 3.69323e-07
2.8326 1.4382 0 198.253 3.55616e-07
2.8326 1.4382 0 199.256 3.42443e-07
2.8326 1.4382 0 200.258 3.29783e-07
2.8326 1.4382 0 201.261 3.17614e-07
2.8326 1.4382 0 202.263 3.05916e-07
2.8326 1.4382 0 203.266 2.94671e-07
2.8326 1.4382 0 204.268 2.83859e-07
2.8326 1.4382 0 205.271 2.73462e-07
2.8326 1.4382 0 206.273 2.63465e-07
2.8326 1.4382 0 207.275 2.5385e-07
2.8326 1.4382 0 208.278 2.44603e-07
2.8326 1.4382 0 209.28 2.35708e-07
2.8326 1.4382 0 210.283 2.27151e-07
2.8326 1.4382 0 211.285 2.1892e-07
2.8326 1.4382 0 212.288 2.10999e-07
2.8326 1.4382 0 213.29 2.03379e-07
2.8326 1.4382 0 214.293 1.96045e-07
2.8326 1.4382 0 215.295 1.88988e-07
2.8326 1.4382 0 216.298 1.82195e-07
2.8326 1.4382 0 217.3 1.75658e-07
2.8326 1.4382 0 218.303 1.69365e-07
2.8326 1.4382 0 219.305 1.63306e-07
2.8326 1.4382 0 220.308 1.57474e-07
2.8326 1.4382 0 221.31 1.51859e-07
2.8326 1.4382 0 222.313 1.46452e-07
2.8326 1.4382 0 223.315 1.41245e-07
2.8326 1.4382 0 224.318 1.36231e-07
2.8326 1.4382 0 225.32 1.31403e-07
2.8326 1.4382 0 226.323 1.26752e-07
2.8326 1.4382 0 227.325 1.22272e-07
2.8326 1.4382 0 228.328 1.17957e-07
2.8326 1.4382 0 229.33 1.138e-07
2.8326 1.4382 0 230.333 1.09795e-07
2.8326 1.4382 0 231.335 1.05936e-07
2.8326 1.4382 0 232.338 1.02219e-07
2.8326 1.4382 0 233.34 9.86362e-08
2.8326 1.4382 0 234.342 9.5184e-08
2.8326 1.4382 0 235.345 9.1857e-08
2.8326 1.4382 0 236.347 8.86507e-08
2.8326 1.4382 0 237.35 8.55603e-08
2.8326 1.4382 0 238.352 8.25815e-08
2.8326 1.4382 0 239.355 7.97102e-08
2.8326 1.4382 0 240.357 7.69422e-08
2.8326 1.4382 0 241.36 7.42738e-08
2.8326 1.4382 0 242.362 7.17011e-08
2.8326 1.4382 0 243.365 6.92206e-08
2.8326 1.4382 0 244.367 6.68288e-08
2.8326 1.4382 0 245.37 6.45225e-08
2.8326 1.4382 0 246.372 6.22985e-08
2.8326 1.4382 0 247.375 6.01537e-08
2.8326 1.4382 0 248.377 5.80853e-08
2.8326 1.4382 0 249.38 5.60902e-08
2.8326 1.4382 0 250.382 5.4166e-08
2.8326 1.4382 0 251.385 5.23099e-08
2.8326 1.4382 0 252.387 5.05194e-08
2.8326 1.4382 0 253.39 4.87922e-08
2.8326 1.4382 0 254.392 4.71259e-08
2.8326 1.4382 0 255.395 4.55183e-08
2.8326 1.4382 0 256.397 4.39673e-08
2.8326 1.4382 0 257.4 4.24707e-08
2.8326 1.4382 0 258.402 4.10267e-08
2.8326 1.4382 0 259.405 3.96332e-08
2.8326 1.4382 0 260.407 3.82885e-08
2.8326 1.4382 0 261.409 3.69907e-08
2.8326 1.4382 0 262.412 3.57383e-08
2.8326 1.4382 0 263.414 3.45295e-08
2.8326 1.4382 0 264.417 3.33628e-08
2.8326 1.4382 0 265.419 3.22366e-08
2.8326 1.4382 0 266.422 3.11496e-08
2.8326 1.4382 0 267.424 3.01002e-08
2.8326 1.4382 0 268.427 2.90873e-08
2.8326 1.4382 0 269.429 2.81093e-08
2.8326 1.4382 0 270.432 2.71651e-08
2.8326 1.4382 0 271.434 2.62536e-08
2.8326 1.4382 0 272.437 2.53734e-08
2.8326 1.4382 0 273.439 2.45236e-08
2.8326 1.4382 0 274.442 2.37029e-08
2.8326 1.4382 0 275.444 2.29105e-08
2.8326 1.4382 0 276.447 2.21453e-08
2.8326 1.4382 0 277.449 2.14063e-08
2.8326 1.4382 0 278.452 2.06926e-08
2.8326 1.4382 0 279.454 2.00033e-08
2.8326 1.4382 0 280.457 1.93375e-08
2.8326 1.4382 0 281.459 1.86945e-08
2.8326 1.4382 0 282.462 1.80734e-08
2.8326 1.4382 0 283.464 1.74734e-08
2.8326 1.4382 0 284.467 1.68939e-08
2.8326 1.4382 0 285.469 1.6334e-08
2.8326 1.4382 0 286.472 1.57932e-08
2.8326 1.4382 0 287.474 1.52707e-08
2.8326 1.4382 0 288.476 1.47658e-08
2.8326 1.4382 0 289.479 1.42781e-08
2.8326 1.4382 0 290.481 1.38069e-08
2.8326 1.4382 0 291.484 1.33515e-08
2.8326 1.4382 0 292.486 1.29116e-08
2.8326 1.4382 0 293.489 1.24864e-08
2.8326 1.4382 0 294.491 1.20756e-08
2.8326 1.4382 0 295.494 1.16786e-08
2.8326 1.4382 0 296.496 1.12949e-08
2.8326 1.4382 0 297.499 1.09242e-08
2.8326 1.4382 0 298.501 1.05658e-08
2.8326 1.4382 0 299.504 1.02195e-08
2.8326 1.4382 0 300.506 9.88476e-09
2.8326 1.4382 0 301.509 9.56122e-09
2.8326 1.4382 0 302.511 9.2485e-09
2.8326 1.4382 0 303.514 8.94622e-09
2.8326 1.4382 0 304.516 8.65403e-09
2.8326 1.4382 0 305.519 8.37157e-09
2.8326 1.4382 0 306.521 8.09853e-09
2.8326 1.4382 0 307.524 7.83456e-09
2.8326 1.4382 0 308.526 7.57938e-09
2.8326 1.4382 0 309.529 7.33267e-09
2.8326 1.4382 0 310.531 7.09415e-09
2.8326 1.4382 0 311.534 6.86354e-09
2.8326 1.4382 0 312.536 6.64058e-09
2.8326 1.4382 0 313.538 6.42499e-09
2.8326 1.4382 0 314.541 6.21654e-09
2.8326 1.4382 0 315.543 6.01498e-09
2.8326 1.4382 0 316.546 5.82007e-09
2.8326 1.4382 0 317.548 5.6316e-09
2.8326 1.4382 0 318.551 5.44934e-09
2.8326 1.4382 0 319.553 5.27309e-09
2.8326 1.4382 0 320.556 5.10265e-09
2.8326 1.4382 0 321.558 4.93781e-09
2.8326 1.4382 0 322.561 4.77839e-09
2.8326 1.4382 0 323.563 4.6242e-09
2.8326 1.4382 0 324.566 4.47508e-09
2.8326 1.4382 0 325.568 4.33086e-09
2.8326 1.4382 0 326.571 4.19135e-09
2.8326 1.4382 0 327.573 4.05642e-09
2.8326 1.4382 0 328.576 3.92591e-09
2.8326 1.4382 0 329.578 3.79966e-09
2.8326 1.4382 0 330.581 3.67754e-09
2.8326 1.4382 0 331.583 3.55942e-09
2.8326 1.4382 0 332.586 3.44514e-09
2.8326 1.4382 0 333.588 3.3346e-09
2.8326 1.4382 0 334.591 3.22765e-09
2.8326 1.4382 0 335.593 3.1242e-09
2.8326 1.4382 0 336.596 3.02411e-09
2.8326 1.4382 0 337.598 2.92727e-09
2.8326 1.4382 0 338.601 2.83359e-09
2.8326 1.4382 0 339.603 2.74294e-09
2.8326 1.4382 0 340.605 2.65525e-09
2.8326 1.4382 0 341.608 2.57039e-09
2.8326 1.4382 0 342.61 2.48829e-09
2.8326 1.4382 0 343.613 2.40885e-09
2.8326 1.4382 0 344.615 2.33199e-09
2.8326 1.4382 0 345.618 2.25761e-09
2.8326 1.4382 0 346.62 2.18564e-09
2.8326 1.4382 0 347.623 2.11599e-09
2.8326 1.4382 0 348.625 2.04859e-09
2.8326 1.4382 0 349.628 1.98338e-09
2.8326 1.4382 0 350.63 1.92026e-09
2.8326 1.4382 0 351.633 1.85918e-09
2.8326 1.4382 0 352.635 1.80008e-09
2.8326 1.4382 0 353.638 1.74287e-09
2.8326 1.4382 0 354.64 1.68751e-09
2.8326 1.4382 0 355.643 1.63393e-09
2.8326 1.4382 0 356.645 1.58207e-09
2.8326 1.4382 0 357.648 1.53188e-09
2.8326 1.4382 0 358.65 1.4833e-09
2.8326 1.4382 0 359.653 1.43629e-09
2.8326 1.4382 0 360.655 1.39078e-09
2.8326 1.4382 0 361.658 1.34673e-09
2.8326 1.4382 0 362.66 1.3041e-09
2.8326 1.4382 0 363.663 1.26283e-09
2.8326 1.4382 0 364.665 1.22288e-09
2.8326 1.4382 0 365.668 1.18421e-09
2.8326 1.4382 0 366.67 1.14678e-09
2.8326 1.4382 0 367.672 1.11054e-09
2.8326 1.4382 0 368.675 1.07547e-09
2.8326 1.4382 0 369.677 1.04151e-09
2.8326 1.4382 0 370.68 1.00864e-09
2.8326 1.4382 0 371.682 9.7682e-10
2.8326 1.4382 0 372.685 9.46014e-10
2.8326 1.4382 0 373.687 9.1619e-10
2.8326 1.4382 0 374.69 8.87317e-10
2.8326 1.4382 0 375.692 8.59364e-10
2.8326 1.4382 0 376.695 8.32301e-10
2.8326 1.4382 0 377.697 8.06099e-10
2.8326 1.4382 0 378.7 7.80731e-10
2.8326 1.4382 0 379.702 7.5617e-10
2.8326 1.4382 0 380.705 7.3239e-10
2.8326 1.4382 0 381.707 7.09365e-10
2.8326 1.4382 0 382.71 6.87072e-10
2.8326 1.4382 0 383.712 6.65487e-10
2.8326 1.4382 0 384.715 6.44586e-10
2.8326 1.4382 0 385.717 6.24349e-10
2.8326 1.4382 0 386.72 6.04753e-10
2.8326 1.4382 0 387.722 5.85778e-10
2.8326 1.4382 0 388.725 5.67405e-10
2.8326 1.4382 0 389.727 5.49613e-10
2.8326 1.4382 0 390.73 5.32385e-10
2.8326 1.4382 0 391.732 5.15702e-10
2.8326 1.4382 0 392.735 4.99546e-10
2.8326 1.4382 0 393.737 4.83902e-10
2.8326 1.4382 0 394.739 4.68752e-10
2.8326 1.4382 0 395.742 4.5408e-10
2.8326 1.4382 0 396.744 4.39873e-10
2.8326 1.4382 0 397.747 4.26113e-10
2.8326 1.4382 0 398.749 4.12788e-10
2.8326 1.4382 0 399.752 3.99883e-10
2.8326 1.4382 0 400.754 3.87385e-10
2.8326 1.4382 0 401.757 3.75282e-10
2.8326 1.4382 0 402.759 3.63559e-10
2.8326 1.4382 0 403.762 3.52206e-10
2.8326 1.4382 0 404.764 3.41211e-10
2.8326 1.4382 0 405.767 3.30562e-10
2.8326 1.4382 0 406.769 3.20248e-10
2.8326 1.4382 0 407.772 3.10258e-10
2.8326 1.4382 0 408.774 3.00582e-10
2.8326 1.4382 0 409.777 2.91211e-10
2.8326 1.4382 0 410.779 2.82134e-10
2.8326 1.4382 0 411.782 2.73343e-10
2.8326 1.4382 0 412.784 2.64827e-10
2.8326 1.4382 0 413.787 2.56579e-10
2.8326 1.4382 0 414.789 2.4859e-10
2.8326 1.4382 0 415.792 2.40851e-10
2.8326 1.4382 0 416.794 2.33356e-10
2.8326 1.4382 0 417.797 2.26095e-10
2.8326 1.4382 0 418.799 2.19062e-10
2.8326 1.4382 0 419.802 2.12249e-10
2.8326 1.4382 0 420.804 2.0565e-10
2.8326 1.4382 0 421.806 1.99257e-10
2.8326 1.4382 0 422.809 1.93065e-10
2.8326 1.4382 0 423.811 1.87066e-10
2.8326 1.4382 0 424.814 1.81255e-10
2.8326 1.4382 0 425.816 1.75626e-10
2.8326 1.4382 0 426.819 1.70173e-10
2.8326 1.4382 0 427.821 1.64891e-10
2.8326 1.4382 0 428.824 1.59773e-10
2.8326 1.4382 0 429.826 1.54816e-10
2.8326 1.4382 0 430.829 1.50013e-10
2.8326 1.4382 0 431.831 1.4536e-10
2.8326 1.4382 0 432.834 1.40853e-10
2.8326 1.4382 0 433.836 1.36486e-10
2.8326 1.4382 0 434.839 1.32256e-10
2.8326 1.4382 0 435.841 1.28157e-10
2.8326 1.4382 0 436.844 1.24187e-10
2.8326 1.4382 0 437.846 1.2034e-10
2.8326 1.4382 0 438.849 1.16613e-10
2.8326 1.4382 0 439.851 1.13002e-10
2.8326 1.4382 0 440.854 1.09504e-10
2.8326 1.4382 0 441.856 1.06114e-10
2.8326 1.4382 0 442.859 1.02831e-10
2.8326 1.4382 0 443.861 9.96492e-11
2.8326 1.4382 0 444.864 9.65667e-11
2.8326 1.4382 0 445.866 9.35801e-11
2.8326 1.4382 0 446.868 9.06865e-11
2.8326 1.4382 0 447.871 8.78828e-11
2.8326 1.4382 0 448.873 8.51664e-11
2.8326 1.4382 0 449.876 8.25344e-11
2.8326 1.4382 0 450.878 7.99842e-11
2.8326 1.4382 0 451.881 7.75132e-11
2.8326 1.4382 0 452.883 7.5119e-11
2.8326 1.4382 0 453.886 7.27992e-11
2.8326 1.4382 0 454.888 7.05514e-11
2.8326 1.4382 0 455.891 6.83734e-11
2.8326 1.4382 0 456.893 6.6263e-11
2.8326 1.4382 0 457.896 6.42181e-11
2.8326 1.4382 0 458.898 6.22366e-11
2.8326 1.4382 0 459.901 6.03167e-11
2.8326 1.4382 0 460.903 5.84562e-11
2.8326 1.4382 0 461.906 5.66534e-11
2.8326 1.4382 0 462.908 5.49066e-11
2.8326 1.4382 0 463.911 5.32138e-11
2.8326 1.4382 0 464.913 5.15736e-11
2.8326 1.4382 0 465.916 4.99841e-11
2.8326 1.4382 0 466.918 4.84439e-11
2.8326 1.4382 0 467.921 4.69513e-11
2.8326 1.4382 0 468.923 4.5505e-11
2.8326 1.4382 0 469.926 4.41035e-11
2.8326 1.4382 0 470.928 4.27453e-11
2.8326 1.4382 0 471.931 4.14292e-11
2.8326 1.4382 0 472.933 4.01538e-11
2.8326 1.4382 0 473.935 3.89178e-11
2.8326 1.4382 0 474.938 3.772e-11
2.8326 1.4382 0 475.94 3.65593e-11
2.8326 1.4382 0 476.943 3.54345e-11
2.8326 1.4382 0 477.945 3.43445e-11
2.8326 1.4382 0 478.948 3.32881e-11
2.8326 1.4382 0 479.95 3.22644e-11
2.8326 1.4382 0 480.953 3.12722e-11
2.8326 1.4382 0 481.955 3.03108e-11
2.8326 1.4382 0 482.958 2.9379e-11
2.8326 1.4382 0 483.96 2.8476e-11
2.8326 1.4382 0 484.963 2.76009e-11
2.8326 1.4382 0 485.965 2.67528e-11
2.8326 1.4382 0 486.968 2.59308e-11
2.8326 1.4382 0 487.97 2.51343e-11
2.8326 1.4382 0 488.973 2.43623e-11
2.8326 1.4382 0 489.975 2.36141e-11
2.8326 1.4382 0 490.978 2.2889e-11
2.8326 1.4382 0 491.98 2.21862e-11
2.8326 1.4382 0 492.983 2.15051e-11
2.8326 1.4382 0 493.985 2.0845e-11
2.8326 1.4382 0 494.988 2.02052e-11
2.8326 1.4382 0 495.99 1.95852e-11
2.8326 1.4382 0 496.993 1.89843e-11
2.8326 1.4382 0 497.995 1.84018e-11
2.8326 1.4382 0 498.998 1.78374e-11
2.8326 1.4382 0 500 1.72903e-11

