0.929717 1.4382 200 150.015 2.35793e-06
0.929717 1.4382 200 151.017 4.25019e-06
0.929717 1.4382 200 152.02 4.36628e-06
0.929717 1.4382 200 153.022 4.27334e-06
0.929717 1.4382 200 154.025 4.16771e-06
0.929717 1.4382 200 155.027 4.06602e-06
0.929717 1.4382 200 156.03 3.96886e-06
0.929717 1.4382 200 157.032 3.87566e-06
0.929717 1.4382 200 158.035 3.78593e-06
0.929717 1.4382 200 159.037 3.69934e-06
0.929717 1.4382 200 160.04 3.61561e-06
0.929717 1.4382 200 161.042 3.53455e-06
0.929717 1.4382 200 162.045 3.45598e-06
0.929717 1.4382 200 163.047 3.37976e-06
0.929717 1.4382 200 164.05 3.30577e-06
0.929717 1.4382 200 165.052 3.23391e-06
0.929717 1.4382 200 166.054 3.16407e-06
0.929717 1.4382 200 167.057 3.09616e-06
0.929717 1.4382 200 168.059 3.03011e-06
0.929717 1.4382 200 169.062 2.96583e-06
0.929717 1.4382 200 170.064 2.90327e-06
0.929717 1.4382 200 171.067 2.84236e-06
0.929717 1.4382 200 172.069 2.78303e-06
0.929717 1.4382 200 173.072 2.72523e-06
0.929717 1.4382 200 174.074 2.66891e-06
0.929717 1.4382 200 175.077 2.61402e-06
0.929717 1.4382 200 176.079 2.5605e-06
0.929717 1.4382 200 177.082 2.50831e-06
0.929717 1.4382 200 178.084 2.45741e-06
0.929717 1.4382 200 179.087 2.40776e-06
0.929717 1.4382 200 180.089 2.35932e-06
0.929717 1.4382 200 181.092 2.31205e-06
0.929717 1.4382 200 182.094 2.26591e-06
0.929717 1.4382 200 183.096 2.22087e-06
0.929717 1.4382 200 184.099 2.1769e-06
0.929717 1.4382 200 185.101 2.13396e-06
0.929717 1.4382 200 186.104 2.09203e-06
0.929717 1.4382 200 187.106 2.05107e-06
0.929717 1.4382 200 188.109 2.01106e-06
0.929717 1.4382 200 189.111 1.97197e-06
0.929717 1.4382 200 190.114 1.93377e-06
0.929717 1.4382 200 191.116 1.89644e-06
0.929717 1.4382 200 192.119 1.85995e-06
0.929717 1.4382 200 193.121 1.82428e-06
0.929717 1.4382 200 194.124 1.78941e-06
0.929717 1.4382 200 195.126 1.75532e-06
0.929717 1.4382 200 196.129 1.72198e-06
0.929717 1.4382 200 197.131 1.68938e-06
0.929717 1.4382 200 198.133 1.6575e-06
0.929717 1.4382 200 199.136 1.62631e-06
0.929717 1.4382 200 200.138 1.5958e-06
0.929717 1.4382 200 201.141 1.56595e-06
0.929717 1.4382 200 202.143 1.53674e-06
0.929717 1.4382 200 203.146 1.50816e-06
0.929717 1.4382 200 204.148 1.48019e-06
0.929717 1.4382 200 205.151 1.45282e-06
0.929717 1.4382 200 206.153 1.42603e-06
0.929717 1.4382 200 207.156 1.3998e-06
0.929717 1.4382 200 208.158 1.37412e-06
0.929717 1.4382 200 209.161 1.34899e-06
0.929717 1.4382 200 210.163 1.32437e-06
0.929717 1.4382 200 211.166 1.30027e-06
0.929717 1.4382 200 212.168 1.27667e-06
0.929717 1.4382 200 213.171 1.25356e-06
0.929717 1.4382 200 214.173 1.23092e-06
0.929717 1.4382 200 215.175 1.20875e-06
0.929717 1.4382 200 216.178 1.18702e-06
0.929717 1.4382 200 217.18 1.16574e-06
0.929717 1.4382 200 218.183 1.1449e-06
0.929717 1.4382 200 219.185 1.12447e-06
0.929717 1.4382 200 220.188 1.10446e-06
0.929717 1.4382 200 221.19 1.08484e-06
0.929717 1.4382 200 222.193 1.06562e-06
0.929717 1.4382 200 223.195 1.04679e-06
0.929717 1.4382 200 224.198 1.02833e-06
0.929717 1.4382 200 225.2 1.01023e-06
0.929717 1.4382 200 226.203 9.92495e-07
0.929717 1.4382 200 227.205 9.75108e-07
0.929717 1.4382 200 228.208 9.58062e-07
0.929717 1.4382 200 229.21 9.4135e-07
0.929717 1.4382 200 230.212 9.24965e-07
0.929717 1.4382 200 231.215 9.08899e-07
0.929717 1.4382 200 232.217 8.93146e-07
0.929717 1.4382 200 233.22 8.77697e-07
0.929717 1.4382 200 234.222 8.62547e-07
0.929717 1.4382 200 235.225 8.47689e-07
0.929717 1.4382 200 236.227 8.33117e-07
0.929717 1.4382 200 237.23 8.18824e-07
0.929717 1.4382 200 238.232 8.04804e-07
0.929717 1.4382 200 239.235 7.91051e-07
0.929717 1.4382 200 240.237 7.7756e-07
0.929717 1.4382 200 241.24 7.64325e-07
0.929717 1.4382 200 242.242 7.5134e-07
0.929717 1.4382 200 243.245 7.386e-07
0.929717 1.4382 200 244.247 7.261e-07
0.929717 1.4382 200 245.25 7.13834e-07
0.929717 1.4382 200 246.252 7.01799e-07
0.929717 1.4382 200 247.254 6.89988e-07
0.929717 1.4382 200 248.257 6.78397e-07
0.929717 1.4382 200 249.259 6.67022e-07
0.929717 1.4382 200 250.262 6.55858e-07
0.929717 1.4382 200 251.264 6.44901e-07
0.929717 1.4382 200 252.267 6.34146e-07
0.929717 1.4382 200 253.269 6.23589e-07
0.929717 1.4382 200 254.272 6.13226e-07
0.929717 1.4382 200 255.274 6.03054e-07
0.929717 1.4382 200 256.277 5.93067e-07
0.929717 1.4382 200 257.279 5.83263e-07
0.929717 1.4382 200 258.282 5.73637e-07
0.929717 1.4382 200 259.284 5.64187e-07
0.929717 1.4382 200 260.287 5.54907e-07
0.929717 1.4382 200 261.289 5.45796e-07
0.929717 1.4382 200 262.291 5.3685e-07
0.929717 1.4382 200 263.294 5.28065e-07
0.929717 1.4382 200 264.296 5.19437e-07
0.929717 1.4382 200 265.299 5.10965e-07
0.929717 1.4382 200 266.301 5.02644e-07
0.929717 1.4382 200 267.304 4.94473e-07
0.929717 1.4382 200 268.306 4.86447e-07
0.929717 1.4382 200 269.309 4.78564e-07
0.929717 1.4382 200 270.311 4.70821e-07
0.929717 1.4382 200 271.314 4.63215e-07
0.929717 1.4382 200 272.316 4.55744e-07
0.929717 1.4382 200 273.319 4.48405e-07
0.929717 1.4382 200 274.321 4.41196e-07
0.929717 1.4382 200 275.324 4.34113e-07
0.929717 1.4382 200 276.326 4.27155e-07
0.929717 1.4382 200 277.329 4.20319e-07
0.929717 1.4382 200 278.331 4.13602e-07
0.929717 1.4382 200 279.333 4.07003e-07
0.929717 1.4382 200 280.336 4.00519e-07
0.929717 1.4382 200 281.338 3.94147e-07
0.929717 1.4382 200 282.341 3.87887e-07
0.929717 1.4382 200 283.343 3.81735e-07
0.929717 1.4382 200 284.346 3.75689e-07
0.929717 1.4382 200 285.348 3.69748e-07
0.929717 1.4382 200 286.351 3.6391e-07
0.929717 1.4382 200 287.353 3.58172e-07
0.929717 1.4382 200 288.356 3.52532e-07
0.929717 1.4382 200 289.358 3.4699e-07
0.929717 1.4382 200 290.361 3.41542e-07
0.929717 1.4382 200 291.363 3.36188e-07
0.929717 1.4382 200 292.366 3.30925e-07
0.929717 1.4382 200 293.368 3.25751e-07
0.929717 1.4382 200 294.37 3.20666e-07
0.929717 1.4382 200 295.373 3.15667e-07
0.929717 1.4382 200 296.375 3.10753e-07
0.929717 1.4382 200 297.378 3.05922e-07
0.929717 1.4382 200 298.38 3.01172e-07
0.929717 1.4382 200 299.383 2.96503e-07
0.929717 1.4382 200 300.385 2.91913e-07
0.929717 1.4382 200 301.388 2.87399e-07
0.929717 1.4382 200 302.39 2.82962e-07
0.929717 1.4382 200 303.393 2.78599e-07
0.929717 1.4382 200 304.395 2.74309e-07
0.929717 1.4382 200 305.398 2.7009e-07
0.929717 1.4382 200 306.4 2.65942e-07
0.929717 1.4382 200 307.403 2.61863e-07
0.929717 1.4382 200 308.405 2.57852e-07
0.929717 1.4382 200 309.408 2.53908e-07
0.929717 1.4382 200 310.41 2.50029e-07
0.929717 1.4382 200 311.412 2.46214e-07
0.929717 1.4382 200 312.415 2.42463e-07
0.929717 1.4382 200 313.417 2.38773e-07
0.929717 1.4382 200 314.42 2.35144e-07
0.929717 1.4382 200 315.422 2.31575e-07
0.929717 1.4382 200 316.425 2.28064e-07
0.929717 1.4382 200 317.427 2.24611e-07
0.929717 1.4382 200 318.43 2.21215e-07
0.929717 1.4382 200 319.432 2.17874e-07
0.929717 1.4382 200 320.435 2.14588e-07
0.929717 1.4382 200 321.437 2.11355e-07
0.929717 1.4382 200 322.44 2.08175e-07
0.929717 1.4382 200 323.442 2.05047e-07
0.929717 1.4382 200 324.445 2.0197e-07
0.929717 1.4382 200 325.447 1.98942e-07
0.929717 1.4382 200 326.449 1.95964e-07
0.929717 1.4382 200 327.452 1.93034e-07
0.929717 1.4382 200 328.454 1.90151e-07
0.929717 1.4382 200 329.457 1.87315e-07
0.929717 1.4382 200 330.459 1.84524e-07
0.929717 1.4382 200 331.462 1.81778e-07
0.929717 1.4382 200 332.464 1.79076e-07
0.929717 1.4382 200 333.467 1.76418e-07
0.929717 1.4382 200 334.469 1.73802e-07
0.929717 1.4382 200 335.472 1.71228e-07
0.929717 1.4382 200 336.474 1.68695e-07
0.929717 1.4382 200 337.477 1.66203e-07
0.929717 1.4382 200 338.479 1.6375e-07
0.929717 1.4382 200 339.482 1.61336e-07
0.929717 1.4382 200 340.484 1.58961e-07
0.929717 1.4382 200 341.487 1.56623e-07
0.929717 1.4382 200 342.489 1.54323e-07
0.929717 1.4382 200 343.491 1.52059e-07
0.929717 1.4382 200 344.494 1.4983e-07
0.929717 1.4382 200 345.496 1.47637e-07
0.929717 1.4382 200 346.499 1.45478e-07
0.929717 1.4382 200 347.501 1.43354e-07
0.929717 1.4382 200 348.504 1.41262e-07
0.929717 1.4382 200 349.506 1.39204e-07
0.929717 1.4382 200 350.509 1.37178e-07
0.929717 1.4382 200 351.511 1.35183e-07
0.929717 1.4382 200 352.514 1.3322e-07
0.929717 1.4382 200 353.516 1.31288e-07
0.929717 1.4382 200 354.519 1.29385e-07
0.929717 1.4382 200 355.521 1.27512e-07
0.929717 1.4382 200 356.524 1.25669e-07
0.929717 1.4382 200 357.526 1.23854e-07
0.929717 1.4382 200 358.528 1.22067e-07
0.929717 1.4382 200 359.531 1.20308e-07
0.929717 1.4382 200 360.533 1.18576e-07
0.929717 1.4382 200 361.536 1.16871e-07
0.929717 1.4382 200 362.538 1.15192e-07
0.929717 1.4382 200 363.541 1.1354e-07
0.929717 1.4382 200 364.543 1.11912e-07
0.929717 1.4382 200 365.546 1.1031e-07
0.929717 1.4382 200 366.548 1.08732e-07
0.929717 1.4382 200 367.551 1.07179e-07
0.929717 1.4382 200 368.553 1.05649e-07
0.929717 1.4382 200 369.556 1.04143e-07
0.929717 1.4382 200 370.558 1.0266e-07
0.929717 1.4382 200 371.561 1.012e-07
0.929717 1.4382 200 372.563 9.97615e-08
0.929717 1.4382 200 373.566 9.83453e-08
0.929717 1.4382 200 374.568 9.69506e-08
0.929717 1.4382 200 375.57 9.55771e-08
0.929717 1.4382 200 376.573 9.42245e-08
0.929717 1.4382 200 377.575 9.28924e-08
0.929717 1.4382 200 378.578 9.15805e-08
0.929717 1.4382 200 379.58 9.02885e-08
0.929717 1.4382 200 380.583 8.9016e-08
0.929717 1.4382 200 381.585 8.77627e-08
0.929717 1.4382 200 382.588 8.65283e-08
0.929717 1.4382 200 383.59 8.53125e-08
0.929717 1.4382 200 384.593 8.4115e-08
0.929717 1.4382 200 385.595 8.29355e-08
0.929717 1.4382 200 386.598 8.17738e-08
0.929717 1.4382 200 387.6 8.06294e-08
0.929717 1.4382 200 388.603 7.95022e-08
0.929717 1.4382 200 389.605 7.83919e-08
0.929717 1.4382 200 390.607 7.72981e-08
0.929717 1.4382 200 391.61 7.62207e-08
0.929717 1.4382 200 392.612 7.51594e-08
0.929717 1.4382 200 393.615 7.41139e-08
0.929717 1.4382 200 394.617 7.30839e-08
0.929717 1.4382 200 395.62 7.20693e-08
0.929717 1.4382 200 396.622 7.10697e-08
0.929717 1.4382 200 397.625 7.00849e-08
0.929717 1.4382 200 398.627 6.91147e-08
0.929717 1.4382 200 399.63 6.81589e-08
0.929717 1.4382 200 400.632 6.72172e-08
0.929717 1.4382 200 401.635 6.62894e-08
0.929717 1.4382 200 402.637 6.53754e-08
0.929717 1.4382 200 403.64 6.44747e-08
0.929717 1.4382 200 404.642 6.35874e-08
0.929717 1.4382 200 405.645 6.2713e-08
0.929717 1.4382 200 406.647 6.18516e-08
0.929717 1.4382 200 407.649 6.10027e-08
0.929717 1.4382 200 408.652 6.01663e-08
0.929717 1.4382 200 409.654 5.93422e-08
0.929717 1.4382 200 410.657 5.85301e-08
0.929717 1.4382 200 411.659 5.77298e-08
0.929717 1.4382 200 412.662 5.69413e-08
0.929717 1.4382 200 413.664 5.61642e-08
0.929717 1.4382 200 414.667 5.53985e-08
0.929717 1.4382 200 415.669 5.46439e-08
0.929717 1.4382 200 416.672 5.39002e-08
0.929717 1.4382 200 417.674 5.31674e-08
0.929717 1.4382 200 418.677 5.24452e-08
0.929717 1.4382 200 419.679 5.17334e-08
0.929717 1.4382 200 420.682 5.1032e-08
0.929717 1.4382 200 421.684 5.03406e-08
0.929717 1.4382 200 422.686 4.96593e-08
0.929717 1.4382 200 423.689 4.89878e-08
0.929717 1.4382 200 424.691 4.8326e-08
0.929717 1.4382 200 425.694 4.76737e-08
0.929717 1.4382 200 426.696 4.70308e-08
0.929717 1.4382 200 427.699 4.63971e-08
0.929717 1.4382 200 428.701 4.57726e-08
0.929717 1.4382 200 429.704 4.51569e-08
0.929717 1.4382 200 430.706 4.45501e-08
0.929717 1.4382 200 431.709 4.3952e-08
0.929717 1.4382 200 432.711 4.33625e-08
0.929717 1.4382 200 433.714 4.27813e-08
0.929717 1.4382 200 434.716 4.22085e-08
0.929717 1.4382 200 435.719 4.16438e-08
0.929717 1.4382 200 436.721 4.10871e-08
0.929717 1.4382 200 437.724 4.05384e-08
0.929717 1.4382 200 438.726 3.99975e-08
0.929717 1.4382 200 439.728 3.94642e-08
0.929717 1.4382 200 440.731 3.89385e-08
0.929717 1.4382 200 441.733 3.84203e-08
0.929717 1.4382 200 442.736 3.79094e-08
0.929717 1.4382 200 443.738 3.74057e-08
0.929717 1.4382 200 444.741 3.69091e-08
0.929717 1.4382 200 445.743 3.64196e-08
0.929717 1.4382 200 446.746 3.59369e-08
0.929717 1.4382 200 447.748 3.54611e-08
0.929717 1.4382 200 448.751 3.49919e-08
0.929717 1.4382 200 449.753 3.45293e-08
0.929717 1.4382 200 450.756 3.40733e-08
0.929717 1.4382 200 451.758 3.36236e-08
0.929717 1.4382 200 452.761 3.31803e-08
0.929717 1.4382 200 453.763 3.27431e-08
0.929717 1.4382 200 454.765 3.23121e-08
0.929717 1.4382 200 455.768 3.18871e-08
0.929717 1.4382 200 456.77 3.1468e-08
0.929717 1.4382 200 457.773 3.10548e-08
0.929717 1.4382 200 458.775 3.06473e-08
0.929717 1.4382 200 459.778 3.02455e-08
0.929717 1.4382 200 460.78 2.98493e-08
0.929717 1.4382 200 461.783 2.94586e-08
0.929717 1.4382 200 462.785 2.90734e-08
0.929717 1.4382 200 463.788 2.86934e-08
0.929717 1.4382 200 464.79 2.83188e-08
0.929717 1.4382 200 465.793 2.79493e-08
0.929717 1.4382 200 466.795 2.7585e-08
0.929717 1.4382 200 467.798 2.72256e-08
0.929717 1.4382 200 468.8 2.68713e-08
0.929717 1.4382 200 469.803 2.65218e-08
0.929717 1.4382 200 470.805 2.61772e-08
0.929717 1.4382 200 471.807 2.58373e-08
0.929717 1.4382 200 472.81 2.5502e-08
0.929717 1.4382 200 473.812 2.51714e-08
0.929717 1.4382 200 474.815 2.48454e-08
0.929717 1.4382 200 475.817 2.45238e-08
0.929717 1.4382 200 476.82 2.42066e-08
0.929717 1.4382 200 477.822 2.38937e-08
0.929717 1.4382 200 478.825 2.35852e-08
0.929717 1.4382 200 479.827 2.32808e-08
0.929717 1.4382 200 480.83 2.29806e-08
0.929717 1.4382 200 481.832 2.26845e-08
0.929717 1.4382 200 482.835 2.23925e-08
0.929717 1.4382 200 483.837 2.21044e-08
0.929717 1.4382 200 484.84 2.18203e-08
0.929717 1.4382 200 485.842 2.154e-08
0.929717 1.4382 200 486.844 2.12635e-08
0.929717 1.4382 200 487.847 2.09908e-08
0.929717 1.4382 200 488.849 2.07218e-08
0.929717 1.4382 200 489.852 2.04564e-08
0.929717 1.4382 200 490.854 2.01946e-08
0.929717 1.4382 200 491.857 1.99364e-08
0.929717 1.4382 200 492.859 1.96816e-08
0.929717 1.4382 200 493.862 1.94303e-08
0.929717 1.4382 200 494.864 1.91824e-08
0.929717 1.4382 200 495.867 1.89378e-08
0.929717 1.4382 200 496.869 1.86966e-08
0.929717 1.4382 200 497.872 1.84585e-08
0.929717 1.4382 200 498.874 1.82237e-08
0.929717 1.4382 200 499.877 1.7992e-08
0.929717 1.4382 200 500.879 1.77635e-08
0.929717 1.4382 200 501.882 1.7538e-08
0.929717 1.4382 200 502.884 1.73155e-08
0.929717 1.4382 200 503.886 1.7096e-08
0.929717 1.4382 200 504.889 1.68795e-08
0.929717 1.4382 200 505.891 1.66658e-08
0.929717 1.4382 200 506.894 1.6455e-08
0.929717 1.4382 200 507.896 1.6247e-08
0.929717 1.4382 200 508.899 1.60418e-08
0.929717 1.4382 200 509.901 1.58393e-08
0.929717 1.4382 200 510.904 1.56395e-08
0.929717 1.4382 200 511.906 1.54424e-08
0.929717 1.4382 200 512.909 1.52479e-08
0.929717 1.4382 200 513.911 1.5056e-08
0.929717 1.4382 200 514.914 1.48666e-08
0.929717 1.4382 200 515.916 1.46797e-08
0.929717 1.4382 200 516.919 1.44953e-08
0.929717 1.4382 200 517.921 1.43134e-08
0.929717 1.4382 200 518.923 1.41338e-08
0.929717 1.4382 200 519.926 1.39567e-08
0.929717 1.4382 200 520.928 1.37818e-08
0.929717 1.4382 200 521.931 1.36093e-08
0.929717 1.4382 200 522.933 1.34391e-08
0.929717 1.4382 200 523.936 1.32711e-08
0.929717 1.4382 200 524.938 1.31053e-08
0.929717 1.4382 200 525.941 1.29417e-08
0.929717 1.4382 200 526.943 1.27802e-08
0.929717 1.4382 200 527.946 1.26209e-08
0.929717 1.4382 200 528.948 1.24636e-08
0.929717 1.4382 200 529.951 1.23084e-08
0.929717 1.4382 200 530.953 1.21553e-08
0.929717 1.4382 200 531.956 1.20041e-08
0.929717 1.4382 200 532.958 1.1855e-08
0.929717 1.4382 200 533.961 1.17078e-08
0.929717 1.4382 200 534.963 1.15625e-08
0.929717 1.4382 200 535.965 1.14191e-08
0.929717 1.4382 200 536.968 1.12775e-08
0.929717 1.4382 200 537.97 1.11378e-08
0.929717 1.4382 200 538.973 1.1e-08
0.929717 1.4382 200 539.975 1.08639e-08
0.929717 1.4382 200 540.978 1.07296e-08
0.929717 1.4382 200 541.98 1.0597e-08
0.929717 1.4382 200 542.983 1.04662e-08
0.929717 1.4382 200 543.985 1.03371e-08
0.929717 1.4382 200 544.988 1.02096e-08
0.929717 1.4382 200 545.99 1.00838e-08
0.929717 1.4382 200 546.993 9.95959e-09
0.929717 1.4382 200 547.995 9.83701e-09
0.929717 1.4382 200 548.998 9.71601e-09
0.929717 1.4382 200 550 9.59658e-09
