4.38472 1.4382 0 150.015 9.70128e-06
4.38472 1.4382 0 151.017 1.59235e-05
4.38472 1.4382 0 152.02 1.43507e-05
4.38472 1.4382 0 153.022 1.24827e-05
4.38472 1.4382 0 154.025 1.10015e-05
4.38472 1.4382 0 155.027 9.8069e-06
4.38472 1.4382 0 156.03 8.81516e-06
4.38472 1.4382 0 157.032 7.97435e-06
4.38472 1.4382 0 158.035 7.2504e-06
4.38472 1.4382 0 159.037 6.61962e-06
4.38472 1.4382 0 160.04 6.06481e-06
4.38472 1.4382 0 161.042 5.57304e-06
4.38472 1.4382 0 162.045 5.13431e-06
4.38472 1.4382 0 163.047 4.74076e-06
4.38472 1.4382 0 164.05 4.38606e-06
4.38472 1.4382 0 165.052 4.06506e-06
4.38472 1.4382 0 166.054 3.77351e-06
4.38472 1.4382 0 167.057 3.50786e-06
4.38472 1.4382 0 168.059 3.26512e-06
4.38472 1.4382 0 169.062 3.04275e-06
4.38472 1.4382 0 170.064 2.83857e-06
4.38472 1.4382 0 171.067 2.6507e-06
4.38472 1.4382 0 172.069 2.47751e-06
4.38472 1.4382 0 173.072 2.31759e-06
4.38472 1.4382 0 174.074 2.16967e-06
4.38472 1.4382 0 175.077 2.03266e-06
4.38472 1.4382 0 176.079 1.90558e-06
4.38472 1.4382 0 177.082 1.78757e-06
4.38472 1.4382 0 178.084 1.67786e-06
4.38472 1.4382 0 179.087 1.57575e-06
4.38472 1.4382 0 180.089 1.48062e-06
4.38472 1.4382 0 181.092 1.39191e-06
4.38472 1.4382 0 182.094 1.30912e-06
4.38472 1.4382 0 183.096 1.23179e-06
4.38472 1.4382 0 184.099 1.15951e-06
4.38472 1.4382 0 185.101 1.09189e-06
4.38472 1.4382 0 186.104 1.02859e-06
4.38472 1.4382 0 187.106 9.69306e-07
4.38472 1.4382 0 188.109 9.13742e-07
4.38472 1.4382 0 189.111 8.61637e-07
4.38472 1.4382 0 190.114 8.12749e-07
4.38472 1.4382 0 191.116 7.66857e-07
4.38472 1.4382 0 192.119 7.23756e-07
4.38472 1.4382 0 193.121 6.83257e-07
4.38472 1.4382 0 194.124 6.45188e-07
4.38472 1.4382 0 195.126 6.09388e-07
4.38472 1.4382 0 196.129 5.75707e-07
4.38472 1.4382 0 197.131 5.4401e-07
4.38472 1.4382 0 198.133 5.14167e-07
4.38472 1.4382 0 199.136 4.86062e-07
4.38472 1.4382 0 200.138 4.59583e-07
4.38472 1.4382 0 201.141 4.3463e-07
4.38472 1.4382 0 202.143 4.11107e-07
4.38472 1.4382 0 203.146 3.88926e-07
4.38472 1.4382 0 204.148 3.68004e-07
4.38472 1.4382 0 205.151 3.48265e-07
4.38472 1.4382 0 206.153 3.29637e-07
4.38472 1.4382 0 207.156 3.12053e-07
4.38472 1.4382 0 208.158 2.95451e-07
4.38472 1.4382 0 209.161 2.79773e-07
4.38472 1.4382 0 210.163 2.64963e-07
4.38472 1.4382 0 211.166 2.50971e-07
4.38472 1.4382 0 212.168 2.37749e-07
4.38472 1.4382 0 213.171 2.25252e-07
4.38472 1.4382 0 214.173 2.13438e-07
4.38472 1.4382 0 215.175 2.02267e-07
4.38472 1.4382 0 216.178 1.91703e-07
4.38472 1.4382 0 217.18 1.81711e-07
4.38472 1.4382 0 218.183 1.72259e-07
4.38472 1.4382 0 219.185 1.63316e-07
4.38472 1.4382 0 220.188 1.54853e-07
4.38472 1.4382 0 221.19 1.46843e-07
4.38472 1.4382 0 222.193 1.39261e-07
4.38472 1.4382 0 223.195 1.32083e-07
4.38472 1.4382 0 224.198 1.25286e-07
4.38472 1.4382 0 225.2 1.1885e-07
4.38472 1.4382 0 226.203 1.12754e-07
4.38472 1.4382 0 227.205 1.0698e-07
4.38472 1.4382 0 228.208 1.0151e-07
4.38472 1.4382 0 229.21 9.6328e-08
4.38472 1.4382 0 230.212 9.14174e-08
4.38472 1.4382 0 231.215 8.67638e-08
4.38472 1.4382 0 232.217 8.23533e-08
4.38472 1.4382 0 233.22 7.81727e-08
4.38472 1.4382 0 234.222 7.42097e-08
4.38472 1.4382 0 235.225 7.04525e-08
4.38472 1.4382 0 236.227 6.68901e-08
4.38472 1.4382 0 237.23 6.3512e-08
4.38472 1.4382 0 238.232 6.03085e-08
4.38472 1.4382 0 239.235 5.72703e-08
4.38472 1.4382 0 240.237 5.43885e-08
4.38472 1.4382 0 241.24 5.16549e-08
4.38472 1.4382 0 242.242 4.90616e-08
4.38472 1.4382 0 243.245 4.66012e-08
4.38472 1.4382 0 244.247 4.42668e-08
4.38472 1.4382 0 245.25 4.20516e-08
4.38472 1.4382 0 246.252 3.99495e-08
4.38472 1.4382 0 247.254 3.79545e-08
4.38472 1.4382 0 248.257 3.60611e-08
4.38472 1.4382 0 249.259 3.42639e-08
4.38472 1.4382 0 250.262 3.25579e-08
4.38472 1.4382 0 251.264 3.09384e-08
4.38472 1.4382 0 252.267 2.94008e-08
4.38472 1.4382 0 253.269 2.79411e-08
4.38472 1.4382 0 254.272 2.6555e-08
4.38472 1.4382 0 255.274 2.52389e-08
4.38472 1.4382 0 256.277 2.3989e-08
4.38472 1.4382 0 257.279 2.28021e-08
4.38472 1.4382 0 258.282 2.16749e-08
4.38472 1.4382 0 259.284 2.06042e-08
4.38472 1.4382 0 260.287 1.95873e-08
4.38472 1.4382 0 261.289 1.86213e-08
4.38472 1.4382 0 262.291 1.77037e-08
4.38472 1.4382 0 263.294 1.68319e-08
4.38472 1.4382 0 264.296 1.60037e-08
4.38472 1.4382 0 265.299 1.52169e-08
4.38472 1.4382 0 266.301 1.44693e-08
4.38472 1.4382 0 267.304 1.37589e-08
4.38472 1.4382 0 268.306 1.30839e-08
4.38472 1.4382 0 269.309 1.24424e-08
4.38472 1.4382 0 270.311 1.18328e-08
4.38472 1.4382 0 271.314 1.12535e-08
4.38472 1.4382 0 272.316 1.07029e-08
4.38472 1.4382 0 273.319 1.01795e-08
4.38472 1.4382 0 274.321 9.68212e-09
4.38472 1.4382 0 275.324 9.20931e-09
4.38472 1.4382 0 276.326 8.75986e-09
4.38472 1.4382 0 277.329 8.33261e-09
4.38472 1.4382 0 278.331 7.92645e-09
4.38472 1.4382 0 279.333 7.54032e-09
4.38472 1.4382 0 280.336 7.17321e-09
4.38472 1.4382 0 281.338 6.82417e-09
4.38472 1.4382 0 282.341 6.49231e-09
4.38472 1.4382 0 283.343 6.17676e-09
4.38472 1.4382 0 284.346 5.87672e-09
4.38472 1.4382 0 285.348 5.59141e-09
4.38472 1.4382 0 286.351 5.32009e-09
4.38472 1.4382 0 287.353 5.06208e-09
4.38472 1.4382 0 288.356 4.81671e-09
4.38472 1.4382 0 289.358 4.58335e-09
4.38472 1.4382 0 290.361 4.36142e-09
4.38472 1.4382 0 291.363 4.15033e-09
4.38472 1.4382 0 292.366 3.94956e-09
4.38472 1.4382 0 293.368 3.7586e-09
4.38472 1.4382 0 294.37 3.57695e-09
4.38472 1.4382 0 295.373 3.40417e-09
4.38472 1.4382 0 296.375 3.23981e-09
4.38472 1.4382 0 297.378 3.08346e-09
4.38472 1.4382 0 298.38 2.93472e-09
4.38472 1.4382 0 299.383 2.79322e-09
4.38472 1.4382 0 300.385 2.6586e-09
4.38472 1.4382 0 301.388 2.53053e-09
4.38472 1.4382 0 302.39 2.40868e-09
4.38472 1.4382 0 303.393 2.29275e-09
4.38472 1.4382 0 304.395 2.18244e-09
4.38472 1.4382 0 305.398 2.07749e-09
4.38472 1.4382 0 306.4 1.97762e-09
4.38472 1.4382 0 307.403 1.88259e-09
4.38472 1.4382 0 308.405 1.79217e-09
4.38472 1.4382 0 309.408 1.70612e-09
4.38472 1.4382 0 310.41 1.62424e-09
4.38472 1.4382 0 311.412 1.54631e-09
4.38472 1.4382 0 312.415 1.47215e-09
4.38472 1.4382 0 313.417 1.40158e-09
4.38472 1.4382 0 314.42 1.33442e-09
4.38472 1.4382 0 315.422 1.27049e-09
4.38472 1.4382 0 316.425 1.20965e-09
4.38472 1.4382 0 317.427 1.15175e-09
4.38472 1.4382 0 318.43 1.09664e-09
4.38472 1.4382 0 319.432 1.04418e-09
4.38472 1.4382 0 320.435 9.9425e-10
4.38472 1.4382 0 321.437 9.46723e-10
4.38472 1.4382 0 322.44 9.01484e-10
4.38472 1.4382 0 323.442 8.58421e-10
4.38472 1.4382 0 324.445 8.17429e-10
4.38472 1.4382 0 325.447 7.78407e-10
4.38472 1.4382 0 326.449 7.4126e-10
4.38472 1.4382 0 327.452 7.05897e-10
4.38472 1.4382 0 328.454 6.72232e-10
4.38472 1.4382 0 329.457 6.40183e-10
4.38472 1.4382 0 330.459 6.09671e-10
4.38472 1.4382 0 331.462 5.80622e-10
4.38472 1.4382 0 332.464 5.52966e-10
4.38472 1.4382 0 333.467 5.26635e-10
4.38472 1.4382 0 334.469 5.01566e-10
4.38472 1.4382 0 335.472 4.77697e-10
4.38472 1.4382 0 336.474 4.5497e-10
4.38472 1.4382 0 337.477 4.33331e-10
4.38472 1.4382 0 338.479 4.12727e-10
4.38472 1.4382 0 339.482 3.93108e-10
4.38472 1.4382 0 340.484 3.74427e-10
4.38472 1.4382 0 341.487 3.56639e-10
4.38472 1.4382 0 342.489 3.397e-10
4.38472 1.4382 0 343.491 3.23571e-10
4.38472 1.4382 0 344.494 3.08211e-10
4.38472 1.4382 0 345.496 2.93584e-10
4.38472 1.4382 0 346.499 2.79655e-10
4.38472 1.4382 0 347.501 2.66391e-10
4.38472 1.4382 0 348.504 2.53759e-10
4.38472 1.4382 0 349.506 2.41729e-10
4.38472 1.4382 0 350.509 2.30272e-10
4.38472 1.4382 0 351.511 2.19361e-10
4.38472 1.4382 0 352.514 2.08969e-10
4.38472 1.4382 0 353.516 1.99072e-10
4.38472 1.4382 0 354.519 1.89647e-10
4.38472 1.4382 0 355.521 1.80669e-10
4.38472 1.4382 0 356.524 1.72119e-10
4.38472 1.4382 0 357.526 1.63975e-10
4.38472 1.4382 0 358.528 1.56218e-10
4.38472 1.4382 0 359.531 1.4883e-10
4.38472 1.4382 0 360.533 1.41793e-10
4.38472 1.4382 0 361.536 1.35091e-10
4.38472 1.4382 0 362.538 1.28706e-10
4.38472 1.4382 0 363.541 1.22625e-10
4.38472 1.4382 0 364.543 1.16832e-10
4.38472 1.4382 0 365.546 1.11314e-10
4.38472 1.4382 0 366.548 1.06058e-10
4.38472 1.4382 0 367.551 1.01051e-10
4.38472 1.4382 0 368.553 9.62817e-11
4.38472 1.4382 0 369.556 9.17382e-11
4.38472 1.4382 0 370.558 8.74101e-11
4.38472 1.4382 0 371.561 8.3287e-11
4.38472 1.4382 0 372.563 7.93593e-11
4.38472 1.4382 0 373.566 7.56175e-11
4.38472 1.4382 0 374.568 7.20528e-11
4.38472 1.4382 0 375.57 6.86569e-11
4.38472 1.4382 0 376.573 6.54216e-11
4.38472 1.4382 0 377.575 6.23395e-11
4.38472 1.4382 0 378.578 5.94031e-11
4.38472 1.4382 0 379.58 5.66055e-11
4.38472 1.4382 0 380.583 5.39402e-11
4.38472 1.4382 0 381.585 5.14009e-11
4.38472 1.4382 0 382.588 4.89816e-11
4.38472 1.4382 0 383.59 4.66766e-11
4.38472 1.4382 0 384.593 4.44804e-11
4.38472 1.4382 0 385.595 4.2388e-11
4.38472 1.4382 0 386.598 4.03943e-11
4.38472 1.4382 0 387.6 3.84948e-11
4.38472 1.4382 0 388.603 3.66849e-11
4.38472 1.4382 0 389.605 3.49604e-11
4.38472 1.4382 0 390.607 3.33173e-11
4.38472 1.4382 0 391.61 3.17517e-11
4.38472 1.4382 0 392.612 3.02598e-11
4.38472 1.4382 0 393.615 2.88384e-11
4.38472 1.4382 0 394.617 2.74839e-11
4.38472 1.4382 0 395.62 2.61933e-11
4.38472 1.4382 0 396.622 2.49634e-11
4.38472 1.4382 0 397.625 2.37915e-11
4.38472 1.4382 0 398.627 2.26748e-11
4.38472 1.4382 0 399.63 2.16107e-11
4.38472 1.4382 0 400.632 2.05967e-11
4.38472 1.4382 0 401.635 1.96304e-11
4.38472 1.4382 0 402.637 1.87096e-11
4.38472 1.4382 0 403.64 1.78322e-11
4.38472 1.4382 0 404.642 1.6996e-11
4.38472 1.4382 0 405.645 1.61991e-11
4.38472 1.4382 0 406.647 1.54398e-11
4.38472 1.4382 0 407.649 1.47161e-11
4.38472 1.4382 0 408.652 1.40264e-11
4.38472 1.4382 0 409.654 1.33692e-11
4.38472 1.4382 0 410.657 1.27429e-11
4.38472 1.4382 0 411.659 1.2146e-11
4.38472 1.4382 0 412.662 1.15771e-11
4.38472 1.4382 0 413.664 1.10349e-11
4.38472 1.4382 0 414.667 1.05183e-11
4.38472 1.4382 0 415.669 1.00258e-11
4.38472 1.4382 0 416.672 9.55654e-12
4.38472 1.4382 0 417.674 9.10927e-12
4.38472 1.4382 0 418.677 8.68299e-12
4.38472 1.4382 0 419.679 8.27672e-12
4.38472 1.4382 0 420.682 7.88951e-12
4.38472 1.4382 0 421.684 7.52046e-12
4.38472 1.4382 0 422.686 7.16872e-12
4.38472 1.4382 0 423.689 6.83348e-12
4.38472 1.4382 0 424.691 6.51396e-12
4.38472 1.4382 0 425.694 6.20942e-12
4.38472 1.4382 0 426.696 5.91915e-12
4.38472 1.4382 0 427.699 5.64249e-12
4.38472 1.4382 0 428.701 5.3788e-12
4.38472 1.4382 0 429.704 5.12746e-12
4.38472 1.4382 0 430.706 4.88789e-12
4.38472 1.4382 0 431.709 4.65955e-12
4.38472 1.4382 0 432.711 4.4419e-12
4.38472 1.4382 0 433.714 4.23444e-12
4.38472 1.4382 0 434.716 4.0367e-12
4.38472 1.4382 0 435.719 3.84821e-12
4.38472 1.4382 0 436.721 3.66855e-12
4.38472 1.4382 0 437.724 3.49729e-12
4.38472 1.4382 0 438.726 3.33405e-12
4.38472 1.4382 0 439.728 3.17845e-12
4.38472 1.4382 0 440.731 3.03013e-12
4.38472 1.4382 0 441.733 2.88874e-12
4.38472 1.4382 0 442.736 2.75397e-12
4.38472 1.4382 0 443.738 2.6255e-12
4.38472 1.4382 0 444.741 2.50304e-12
4.38472 1.4382 0 445.743 2.3863e-12
4.38472 1.4382 0 446.746 2.27502e-12
4.38472 1.4382 0 447.748 2.16894e-12
4.38472 1.4382 0 448.751 2.06781e-12
4.38472 1.4382 0 449.753 1.97142e-12
4.38472 1.4382 0 450.756 1.87952e-12
4.38472 1.4382 0 451.758 1.79192e-12
4.38472 1.4382 0 452.761 1.70841e-12
4.38472 1.4382 0 453.763 1.62881e-12
4.38472 1.4382 0 454.765 1.55292e-12
4.38472 1.4382 0 455.768 1.48057e-12
4.38472 1.4382 0 456.77 1.4116e-12
4.38472 1.4382 0 457.773 1.34585e-12
4.38472 1.4382 0 458.775 1.28317e-12
4.38472 1.4382 0 459.778 1.22341e-12
4.38472 1.4382 0 460.78 1.16645e-12
4.38472 1.4382 0 461.783 1.11214e-12
4.38472 1.4382 0 462.785 1.06036e-12
4.38472 1.4382 0 463.788 1.011e-12
4.38472 1.4382 0 464.79 9.63945e-13
4.38472 1.4382 0 465.793 9.19083e-13
4.38472 1.4382 0 466.795 8.76312e-13
4.38472 1.4382 0 467.798 8.35536e-13
4.38472 1.4382 0 468.8 7.96661e-13
4.38472 1.4382 0 469.803 7.59598e-13
4.38472 1.4382 0 470.805 7.24263e-13
4.38472 1.4382 0 471.807 6.90574e-13
4.38472 1.4382 0 472.81 6.58456e-13
4.38472 1.4382 0 473.812 6.27834e-13
4.38472 1.4382 0 474.815 5.98639e-13
4.38472 1.4382 0 475.817 5.70804e-13
4.38472 1.4382 0 476.82 5.44266e-13
4.38472 1.4382 0 477.822 5.18964e-13
4.38472 1.4382 0 478.825 4.94841e-13
4.38472 1.4382 0 479.827 4.7184e-13
4.38472 1.4382 0 480.83 4.49911e-13
4.38472 1.4382 0 481.832 4.29003e-13
4.38472 1.4382 0 482.835 4.09068e-13
4.38472 1.4382 0 483.837 3.90061e-13
4.38472 1.4382 0 484.84 3.71939e-13
4.38472 1.4382 0 485.842 3.54661e-13
4.38472 1.4382 0 486.844 3.38186e-13
4.38472 1.4382 0 487.847 3.22478e-13
4.38472 1.4382 0 488.849 3.07501e-13
4.38472 1.4382 0 489.852 2.93221e-13
4.38472 1.4382 0 490.854 2.79604e-13
4.38472 1.4382 0 491.857 2.66622e-13
4.38472 1.4382 0 492.859 2.54243e-13
4.38472 1.4382 0 493.862 2.4244e-13
4.38472 1.4382 0 494.864 2.31185e-13
4.38472 1.4382 0 495.867 2.20454e-13
4.38472 1.4382 0 496.869 2.10222e-13
4.38472 1.4382 0 497.872 2.00466e-13
4.38472 1.4382 0 498.874 1.91163e-13
4.38472 1.4382 0 499.877 1.82293e-13
4.38472 1.4382 0 500.879 1.73834e-13
4.38472 1.4382 0 501.882 1.65769e-13
4.38472 1.4382 0 502.884 1.58079e-13
4.38472 1.4382 0 503.886 1.50746e-13
4.38472 1.4382 0 504.889 1.43754e-13
4.38472 1.4382 0 505.891 1.37086e-13
4.38472 1.4382 0 506.894 1.30728e-13
4.38472 1.4382 0 507.896 1.24666e-13
4.38472 1.4382 0 508.899 1.18885e-13
4.38472 1.4382 0 509.901 1.13373e-13
4.38472 1.4382 0 510.904 1.08116e-13
4.38472 1.4382 0 511.906 1.03104e-13
4.38472 1.4382 0 512.909 9.83243e-14
4.38472 1.4382 0 513.911 9.37666e-14
4.38472 1.4382 0 514.914 8.94204e-14
4.38472 1.4382 0 515.916 8.5276e-14
4.38472 1.4382 0 516.919 8.1324e-14
4.38472 1.4382 0 517.921 7.75553e-14
4.38472 1.4382 0 518.923 7.39616e-14
4.38472 1.4382 0 519.926 7.05346e-14
4.38472 1.4382 0 520.928 6.72667e-14
4.38472 1.4382 0 521.931 6.41503e-14
4.38472 1.4382 0 522.933 6.11786e-14
4.38472 1.4382 0 523.936 5.83447e-14
4.38472 1.4382 0 524.938 5.56422e-14
4.38472 1.4382 0 525.941 5.30651e-14
4.38472 1.4382 0 526.943 5.06075e-14
4.38472 1.4382 0 527.946 4.82639e-14
4.38472 1.4382 0 528.948 4.6029e-14
4.38472 1.4382 0 529.951 4.38977e-14
4.38472 1.4382 0 530.953 4.18652e-14
4.38472 1.4382 0 531.956 3.99269e-14
4.38472 1.4382 0 532.958 3.80785e-14
4.38472 1.4382 0 533.961 3.63158e-14
4.38472 1.4382 0 534.963 3.46348e-14
4.38472 1.4382 0 535.965 3.30317e-14
4.38472 1.4382 0 536.968 3.15029e-14
4.38472 1.4382 0 537.97 3.0045e-14
4.38472 1.4382 0 538.973 2.86546e-14
4.38472 1.4382 0 539.975 2.73286e-14
4.38472 1.4382 0 540.978 2.60641e-14
4.38472 1.4382 0 541.98 2.48581e-14
4.38472 1.4382 0 542.983 2.3708e-14
4.38472 1.4382 0 543.985 2.26112e-14
4.38472 1.4382 0 544.988 2.15652e-14
4.38472 1.4382 0 545.99 2.05677e-14
4.38472 1.4382 0 546.993 1.96163e-14
4.38472 1.4382 0 547.995 1.8709e-14
4.38472 1.4382 0 548.998 1.78438e-14
4.38472 1.4382 0 550 1.70185e-14

