1.20349 1.4382 0 150.015 1.00556e-05
1.20349 1.4382 0 151.017 1.83157e-05
1.20349 1.4382 0 152.02 1.8982e-05
1.20349 1.4382 0 153.022 1.86581e-05
1.20349 1.4382 0 154.025 1.82802e-05
1.20349 1.4382 0 155.027 1.79098e-05
1.20349 1.4382 0 156.03 1.75494e-05
1.20349 1.4382 0 157.032 1.71983e-05
1.20349 1.4382 0 158.035 1.6856e-05
1.20349 1.4382 0 159.037 1.6522e-05
1.20349 1.4382 0 160.04 1.61959e-05
1.20349 1.4382 0 161.042 1.58774e-05
1.20349 1.4382 0 162.045 1.55662e-05
1.20349 1.4382 0 163.047 1.52621e-05
1.20349 1.4382 0 164.05 1.49648e-05
1.20349 1.4382 0 165.052 1.46742e-05
1.20349 1.4382 0 166.054 1.439e-05
1.20349 1.4382 0 167.057 1.41121e-05
1.20349 1.4382 0 168.059 1.38403e-05
1.20349 1.4382 0 169.062 1.35744e-05
1.20349 1.4382 0 170.064 1.33142e-05
1.20349 1.4382 0 171.067 1.30597e-05
1.20349 1.4382 0 172.069 1.28107e-05
1.20349 1.4382 0 173.072 1.2567e-05
1.20349 1.4382 0 174.074 1.23285e-05
1.20349 1.4382 0 175.077 1.20951e-05
1.20349 1.4382 0 176.079 1.18666e-05
1.20349 1.4382 0 177.082 1.1643e-05
1.20349 1.4382 0 178.084 1.1424e-05
1.20349 1.4382 0 179.087 1.12097e-05
1.20349 1.4382 0 180.089 1.09998e-05
1.20349 1.4382 0 181.092 1.07944e-05
1.20349 1.4382 0 182.094 1.05932e-05
1.20349 1.4382 0 183.096 1.03961e-05
1.20349 1.4382 0 184.099 1.02032e-05
1.20349 1.4382 0 185.101 1.00142e-05
1.20349 1.4382 0 186.104 9.82909e-06
1.20349 1.4382 0 187.106 9.64779e-06
1.20349 1.4382 0 188.109 9.4702e-06
1.20349 1.4382 0 189.111 9.29622e-06
1.20349 1.4382 0 190.114 9.12579e-06
1.20349 1.4382 0 191.116 8.95881e-06
1.20349 1.4382 0 192.119 8.79521e-06
1.20349 1.4382 0 193.121 8.63491e-06
1.20349 1.4382 0 194.124 8.47783e-06
1.20349 1.4382 0 195.126 8.32391e-06
1.20349 1.4382 0 196.129 8.17307e-06
1.20349 1.4382 0 197.131 8.02524e-06
1.20349 1.4382 0 198.133 7.88036e-06
1.20349 1.4382 0 199.136 7.73835e-06
1.20349 1.4382 0 200.138 7.59916e-06
1.20349 1.4382 0 201.141 7.46273e-06
1.20349 1.4382 0 202.143 7.32898e-06
1.20349 1.4382 0 203.146 7.19787e-06
1.20349 1.4382 0 204.148 7.06933e-06
1.20349 1.4382 0 205.151 6.94331e-06
1.20349 1.4382 0 206.153 6.81975e-06
1.20349 1.4382 0 207.156 6.69861e-06
1.20349 1.4382 0 208.158 6.57981e-06
1.20349 1.4382 0 209.161 6.46333e-06
1.20349 1.4382 0 210.163 6.3491e-06
1.20349 1.4382 0 211.166 6.23707e-06
1.20349 1.4382 0 212.168 6.12721e-06
1.20349 1.4382 0 213.171 6.01946e-06
1.20349 1.4382 0 214.173 5.91378e-06
1.20349 1.4382 0 215.175 5.81012e-06
1.20349 1.4382 0 216.178 5.70844e-06
1.20349 1.4382 0 217.18 5.60871e-06
1.20349 1.4382 0 218.183 5.51087e-06
1.20349 1.4382 0 219.185 5.41488e-06
1.20349 1.4382 0 220.188 5.32072e-06
1.20349 1.4382 0 221.19 5.22833e-06
1.20349 1.4382 0 222.193 5.13769e-06
1.20349 1.4382 0 223.195 5.04876e-06
1.20349 1.4382 0 224.198 4.9615e-06
1.20349 1.4382 0 225.2 4.87587e-06
1.20349 1.4382 0 226.203 4.79185e-06
1.20349 1.4382 0 227.205 4.70939e-06
1.20349 1.4382 0 228.208 4.62847e-06
1.20349 1.4382 0 229.21 4.54906e-06
1.20349 1.4382 0 230.212 4.47112e-06
1.20349 1.4382 0 231.215 4.39463e-06
1.20349 1.4382 0 232.217 4.31955e-06
1.20349 1.4382 0 233.22 4.24586e-06
1.20349 1.4382 0 234.222 4.17352e-06
1.20349 1.4382 0 235.225 4.10251e-06
1.20349 1.4382 0 236.227 4.03281e-06
1.20349 1.4382 0 237.23 3.96438e-06
1.20349 1.4382 0 238.232 3.89721e-06
1.20349 1.4382 0 239.235 3.83126e-06
1.20349 1.4382 0 240.237 3.76651e-06
1.20349 1.4382 0 241.24 3.70294e-06
1.20349 1.4382 0 242.242 3.64053e-06
1.20349 1.4382 0 243.245 3.57924e-06
1.20349 1.4382 0 244.247 3.51907e-06
1.20349 1.4382 0 245.25 3.45998e-06
1.20349 1.4382 0 246.252 3.40195e-06
1.20349 1.4382 0 247.254 3.34497e-06
1.20349 1.4382 0 248.257 3.28901e-06
1.20349 1.4382 0 249.259 3.23406e-06
1.20349 1.4382 0 250.262 3.18009e-06
1.20349 1.4382 0 251.264 3.12708e-06
1.20349 1.4382 0 252.267 3.07502e-06
1.20349 1.4382 0 253.269 3.02389e-06
1.20349 1.4382 0 254.272 2.97366e-06
1.20349 1.4382 0 255.274 2.92433e-06
1.20349 1.4382 0 256.277 2.87587e-06
1.20349 1.4382 0 257.279 2.82827e-06
1.20349 1.4382 0 258.282 2.78151e-06
1.20349 1.4382 0 259.284 2.73557e-06
1.20349 1.4382 0 260.287 2.69045e-06
1.20349 1.4382 0 261.289 2.64611e-06
1.20349 1.4382 0 262.291 2.60256e-06
1.20349 1.4382 0 263.294 2.55977e-06
1.20349 1.4382 0 264.296 2.51772e-06
1.20349 1.4382 0 265.299 2.47642e-06
1.20349 1.4382 0 266.301 2.43583e-06
1.20349 1.4382 0 267.304 2.39595e-06
1.20349 1.4382 0 268.306 2.35676e-06
1.20349 1.4382 0 269.309 2.31826e-06
1.20349 1.4382 0 270.311 2.28042e-06
1.20349 1.4382 0 271.314 2.24324e-06
1.20349 1.4382 0 272.316 2.2067e-06
1.20349 1.4382 0 273.319 2.17079e-06
1.20349 1.4382 0 274.321 2.1355e-06
1.20349 1.4382 0 275.324 2.10082e-06
1.20349 1.4382 0 276.326 2.06674e-06
1.20349 1.4382 0 277.329 2.03324e-06
1.20349 1.4382 0 278.331 2.00032e-06
1.20349 1.4382 0 279.333 1.96796e-06
1.20349 1.4382 0 280.336 1.93615e-06
1.20349 1.4382 0 281.338 1.90489e-06
1.20349 1.4382 0 282.341 1.87416e-06
1.20349 1.4382 0 283.343 1.84395e-06
1.20349 1.4382 0 284.346 1.81426e-06
1.20349 1.4382 0 285.348 1.78507e-06
1.20349 1.4382 0 286.351 1.75638e-06
1.20349 1.4382 0 287.353 1.72817e-06
1.20349 1.4382 0 288.356 1.70044e-06
1.20349 1.4382 0 289.358 1.67318e-06
1.20349 1.4382 0 290.361 1.64638e-06
1.20349 1.4382 0 291.363 1.62004e-06
1.20349 1.4382 0 292.366 1.59413e-06
1.20349 1.4382 0 293.368 1.56866e-06
1.20349 1.4382 0 294.37 1.54362e-06
1.20349 1.4382 0 295.373 1.519e-06
1.20349 1.4382 0 296.375 1.4948e-06
1.20349 1.4382 0 297.378 1.471e-06
1.20349 1.4382 0 298.38 1.44759e-06
1.20349 1.4382 0 299.383 1.42458e-06
1.20349 1.4382 0 300.385 1.40195e-06
1.20349 1.4382 0 301.388 1.3797e-06
1.20349 1.4382 0 302.39 1.35782e-06
1.20349 1.4382 0 303.393 1.33631e-06
1.20349 1.4382 0 304.395 1.31515e-06
1.20349 1.4382 0 305.398 1.29434e-06
1.20349 1.4382 0 306.4 1.27388e-06
1.20349 1.4382 0 307.403 1.25375e-06
1.20349 1.4382 0 308.405 1.23396e-06
1.20349 1.4382 0 309.408 1.2145e-06
1.20349 1.4382 0 310.41 1.19535e-06
1.20349 1.4382 0 311.412 1.17653e-06
1.20349 1.4382 0 312.415 1.15801e-06
1.20349 1.4382 0 313.417 1.1398e-06
1.20349 1.4382 0 314.42 1.12188e-06
1.20349 1.4382 0 315.422 1.10426e-06
1.20349 1.4382 0 316.425 1.08693e-06
1.20349 1.4382 0 317.427 1.06989e-06
1.20349 1.4382 0 318.43 1.05312e-06
1.20349 1.4382 0 319.432 1.03663e-06
1.20349 1.4382 0 320.435 1.02041e-06
1.20349 1.4382 0 321.437 1.00445e-06
1.20349 1.4382 0 322.44 9.88749e-07
1.20349 1.4382 0 323.442 9.73307e-07
1.20349 1.4382 0 324.445 9.58116e-07
1.20349 1.4382 0 325.447 9.43173e-07
1.20349 1.4382 0 326.449 9.28472e-07
1.20349 1.4382 0 327.452 9.14009e-07
1.20349 1.4382 0 328.454 8.99781e-07
1.20349 1.4382 0 329.457 8.85784e-07
1.20349 1.4382 0 330.459 8.72013e-07
1.20349 1.4382 0 331.462 8.58465e-07
1.20349 1.4382 0 332.464 8.45136e-07
1.20349 1.4382 0 333.467 8.32023e-07
1.20349 1.4382 0 334.469 8.1912e-07
1.20349 1.4382 0 335.472 8.06426e-07
1.20349 1.4382 0 336.474 7.93936e-07
1.20349 1.4382 0 337.477 7.81647e-07
1.20349 1.4382 0 338.479 7.69556e-07
1.20349 1.4382 0 339.482 7.57659e-07
1.20349 1.4382 0 340.484 7.45952e-07
1.20349 1.4382 0 341.487 7.34434e-07
1.20349 1.4382 0 342.489 7.231e-07
1.20349 1.4382 0 343.491 7.11947e-07
1.20349 1.4382 0 344.494 7.00973e-07
1.20349 1.4382 0 345.496 6.90175e-07
1.20349 1.4382 0 346.499 6.79548e-07
1.20349 1.4382 0 347.501 6.69092e-07
1.20349 1.4382 0 348.504 6.58802e-07
1.20349 1.4382 0 349.506 6.48676e-07
1.20349 1.4382 0 350.509 6.38711e-07
1.20349 1.4382 0 351.511 6.28905e-07
1.20349 1.4382 0 352.514 6.19254e-07
1.20349 1.4382 0 353.516 6.09757e-07
1.20349 1.4382 0 354.519 6.00411e-07
1.20349 1.4382 0 355.521 5.91213e-07
1.20349 1.4382 0 356.524 5.82161e-07
1.20349 1.4382 0 357.526 5.73252e-07
1.20349 1.4382 0 358.528 5.64484e-07
1.20349 1.4382 0 359.531 5.55855e-07
1.20349 1.4382 0 360.533 5.47362e-07
1.20349 1.4382 0 361.536 5.39003e-07
1.20349 1.4382 0 362.538 5.30776e-07
1.20349 1.4382 0 363.541 5.22679e-07
1.20349 1.4382 0 364.543 5.14709e-07
1.20349 1.4382 0 365.546 5.06865e-07
1.20349 1.4382 0 366.548 4.99145e-07
1.20349 1.4382 0 367.551 4.91546e-07
1.20349 1.4382 0 368.553 4.84066e-07
1.20349 1.4382 0 369.556 4.76704e-07
1.20349 1.4382 0 370.558 4.69457e-07
1.20349 1.4382 0 371.561 4.62324e-07
1.20349 1.4382 0 372.563 4.55302e-07
1.20349 1.4382 0 373.566 4.48391e-07
1.20349 1.4382 0 374.568 4.41588e-07
1.20349 1.4382 0 375.57 4.34891e-07
1.20349 1.4382 0 376.573 4.28299e-07
1.20349 1.4382 0 377.575 4.2181e-07
1.20349 1.4382 0 378.578 4.15422e-07
1.20349 1.4382 0 379.58 4.09134e-07
1.20349 1.4382 0 380.583 4.02944e-07
1.20349 1.4382 0 381.585 3.96851e-07
1.20349 1.4382 0 382.588 3.90852e-07
1.20349 1.4382 0 383.59 3.84947e-07
1.20349 1.4382 0 384.593 3.79133e-07
1.20349 1.4382 0 385.595 3.7341e-07
1.20349 1.4382 0 386.598 3.67776e-07
1.20349 1.4382 0 387.6 3.62229e-07
1.20349 1.4382 0 388.603 3.56768e-07
1.20349 1.4382 0 389.605 3.51393e-07
1.20349 1.4382 0 390.607 3.461e-07
1.20349 1.4382 0 391.61 3.40889e-07
1.20349 1.4382 0 392.612 3.35759e-07
1.20349 1.4382 0 393.615 3.30709e-07
1.20349 1.4382 0 394.617 3.25736e-07
1.20349 1.4382 0 395.62 3.2084e-07
1.20349 1.4382 0 396.622 3.1602e-07
1.20349 1.4382 0 397.625 3.11275e-07
1.20349 1.4382 0 398.627 3.06602e-07
1.20349 1.4382 0 399.63 3.02002e-07
1.20349 1.4382 0 400.632 2.97473e-07
1.20349 1.4382 0 401.635 2.93013e-07
1.20349 1.4382 0 402.637 2.88622e-07
1.20349 1.4382 0 403.64 2.84298e-07
1.20349 1.4382 0 404.642 2.80041e-07
1.20349 1.4382 0 405.645 2.7585e-07
1.20349 1.4382 0 406.647 2.71723e-07
1.20349 1.4382 0 407.649 2.67659e-07
1.20349 1.4382 0 408.652 2.63657e-07
1.20349 1.4382 0 409.654 2.59717e-07
1.20349 1.4382 0 410.657 2.55837e-07
1.20349 1.4382 0 411.659 2.52017e-07
1.20349 1.4382 0 412.662 2.48256e-07
1.20349 1.4382 0 413.664 2.44551e-07
1.20349 1.4382 0 414.667 2.40904e-07
1.20349 1.4382 0 415.669 2.37312e-07
1.20349 1.4382 0 416.672 2.33775e-07
1.20349 1.4382 0 417.674 2.30293e-07
1.20349 1.4382 0 418.677 2.26863e-07
1.20349 1.4382 0 419.679 2.23486e-07
1.20349 1.4382 0 420.682 2.2016e-07
1.20349 1.4382 0 421.684 2.16885e-07
1.20349 1.4382 0 422.686 2.1366e-07
1.20349 1.4382 0 423.689 2.10484e-07
1.20349 1.4382 0 424.691 2.07356e-07
1.20349 1.4382 0 425.694 2.04276e-07
1.20349 1.4382 0 426.696 2.01243e-07
1.20349 1.4382 0 427.699 1.98256e-07
1.20349 1.4382 0 428.701 1.95314e-07
1.20349 1.4382 0 429.704 1.92417e-07
1.20349 1.4382 0 430.706 1.89564e-07
1.20349 1.4382 0 431.709 1.86754e-07
1.20349 1.4382 0 432.711 1.83987e-07
1.20349 1.4382 0 433.714 1.81262e-07
1.20349 1.4382 0 434.716 1.78578e-07
1.20349 1.4382 0 435.719 1.75934e-07
1.20349 1.4382 0 436.721 1.73331e-07
1.20349 1.4382 0 437.724 1.70767e-07
1.20349 1.4382 0 438.726 1.68242e-07
1.20349 1.4382 0 439.728 1.65755e-07
1.20349 1.4382 0 440.731 1.63306e-07
1.20349 1.4382 0 441.733 1.60894e-07
1.20349 1.4382 0 442.736 1.58518e-07
1.20349 1.4382 0 443.738 1.56178e-07
1.20349 1.4382 0 444.741 1.53873e-07
1.20349 1.4382 0 445.743 1.51603e-07
1.20349 1.4382 0 446.746 1.49368e-07
1.20349 1.4382 0 447.748 1.47166e-07
1.20349 1.4382 0 448.751 1.44997e-07
1.20349 1.4382 0 449.753 1.4286e-07
1.20349 1.4382 0 450.756 1.40756e-07
1.20349 1.4382 0 451.758 1.38684e-07
1.20349 1.4382 0 452.761 1.36643e-07
1.20349 1.4382 0 453.763 1.34632e-07
1.20349 1.4382 0 454.765 1.32652e-07
1.20349 1.4382 0 455.768 1.30701e-07
1.20349 1.4382 0 456.77 1.2878e-07
1.20349 1.4382 0 457.773 1.26887e-07
1.20349 1.4382 0 458.775 1.25023e-07
1.20349 1.4382 0 459.778 1.23187e-07
1.20349 1.4382 0 460.78 1.21379e-07
1.20349 1.4382 0 461.783 1.19597e-07
1.20349 1.4382 0 462.785 1.17842e-07
1.20349 1.4382 0 463.788 1.16114e-07
1.20349 1.4382 0 464.79 1.14411e-07
1.20349 1.4382 0 465.793 1.12734e-07
1.20349 1.4382 0 466.795 1.11082e-07
1.20349 1.4382 0 467.798 1.09454e-07
1.20349 1.4382 0 468.8 1.07851e-07
1.20349 1.4382 0 469.803 1.06272e-07
1.20349 1.4382 0 470.805 1.04716e-07
1.20349 1.4382 0 471.807 1.03184e-07
1.20349 1.4382 0 472.81 1.01675e-07
1.20349 1.4382 0 473.812 1.00188e-07
1.20349 1.4382 0 474.815 9.87227e-08
1.20349 1.4382 0 475.817 9.72798e-08
1.20349 1.4382 0 476.82 9.58583e-08
1.20349 1.4382 0 477.822 9.4458e-08
1.20349 1.4382 0 478.825 9.30785e-08
1.20349 1.4382 0 479.827 9.17196e-08
1.20349 1.4382 0 480.83 9.03809e-08
1.20349 1.4382 0 481.832 8.90621e-08
1.20349 1.4382 0 482.835 8.77629e-08
1.20349 1.4382 0 483.837 8.6483e-08
1.20349 1.4382 0 484.84 8.52222e-08
1.20349 1.4382 0 485.842 8.398e-08
1.20349 1.4382 0 486.844 8.27563e-08
1.20349 1.4382 0 487.847 8.15508e-08
1.20349 1.4382 0 488.849 8.03631e-08
1.20349 1.4382 0 489.852 7.91931e-08
1.20349 1.4382 0 490.854 7.80404e-08
1.20349 1.4382 0 491.857 7.69048e-08
1.20349 1.4382 0 492.859 7.57861e-08
1.20349 1.4382 0 493.862 7.46838e-08
1.20349 1.4382 0 494.864 7.3598e-08
1.20349 1.4382 0 495.867 7.25282e-08
1.20349 1.4382 0 496.869 7.14742e-08
1.20349 1.4382 0 497.872 7.04358e-08
1.20349 1.4382 0 498.874 6.94128e-08
1.20349 1.4382 0 499.877 6.84048e-08
1.20349 1.4382 0 500.879 6.74118e-08
1.20349 1.4382 0 501.882 6.64335e-08
1.20349 1.4382 0 502.884 6.54696e-08
1.20349 1.4382 0 503.886 6.45199e-08
1.20349 1.4382 0 504.889 6.35843e-08
1.20349 1.4382 0 505.891 6.26624e-08
1.20349 1.4382 0 506.894 6.17542e-08
1.20349 1.4382 0 507.896 6.08593e-08
1.20349 1.4382 0 508.899 5.99776e-08
1.20349 1.4382 0 509.901 5.9109e-08
1.20349 1.4382 0 510.904 5.82531e-08
1.20349 1.4382 0 511.906 5.74098e-08
1.20349 1.4382 0 512.909 5.6579e-08
1.20349 1.4382 0 513.911 5.57603e-08
1.20349 1.4382 0 514.914 5.49537e-08
1.20349 1.4382 0 515.916 5.4159e-08
1.20349 1.4382 0 516.919 5.3376e-08
1.20349 1.4382 0 517.921 5.26044e-08
1.20349 1.4382 0 518.923 5.18442e-08
1.20349 1.4382 0 519.926 5.10952e-08
1.20349 1.4382 0 520.928 5.03572e-08
1.20349 1.4382 0 521.931 4.963e-08
1.20349 1.4382 0 522.933 4.89135e-08
1.20349 1.4382 0 523.936 4.82075e-08
1.20349 1.4382 0 524.938 4.75118e-08
1.20349 1.4382 0 525.941 4.68264e-08
1.20349 1.4382 0 526.943 4.6151e-08
1.20349 1.4382 0 527.946 4.54855e-08
1.20349 1.4382 0 528.948 4.48297e-08
1.20349 1.4382 0 529.951 4.41836e-08
1.20349 1.4382 0 530.953 4.35469e-08
1.20349 1.4382 0 531.956 4.29196e-08
1.20349 1.4382 0 532.958 4.23014e-08
1.20349 1.4382 0 533.961 4.16922e-08
1.20349 1.4382 0 534.963 4.1092e-08
1.20349 1.4382 0 535.965 4.05006e-08
1.20349 1.4382 0 536.968 3.99178e-08
1.20349 1.4382 0 537.97 3.93435e-08
1.20349 1.4382 0 538.973 3.87776e-08
1.20349 1.4382 0 539.975 3.822e-08
1.20349 1.4382 0 540.978 3.76705e-08
1.20349 1.4382 0 541.98 3.7129e-08
1.20349 1.4382 0 542.983 3.65954e-08
1.20349 1.4382 0 543.985 3.60697e-08
1.20349 1.4382 0 544.988 3.55516e-08
1.20349 1.4382 0 545.99 3.5041e-08
1.20349 1.4382 0 546.993 3.45379e-08
1.20349 1.4382 0 547.995 3.40421e-08
1.20349 1.4382 0 548.998 3.35536e-08
1.20349 1.4382 0 550 3.30721e-08

