1.35179 1.4382 0 100.01 8.2126e-07
1.35179 1.4382 0 101.012 1.49171e-06
1.35179 1.4382 0 102.015 1.47471e-06
1.35179 1.4382 0 103.017 1.41343e-06
1.35179 1.4382 0 104.02 1.35805e-06
1.35179 1.4382 0 105.022 1.3079e-06
1.35179 1.4382 0 106.025 1.26157e-06
1.35179 1.4382 0 107.027 1.21823e-06
1.35179 1.4382 0 108.03 1.17737e-06
1.35179 1.4382 0 109.032 1.13864e-06
1.35179 1.4382 0 110.035 1.10179e-06
1.35179 1.4382 0 111.037 1.06662e-06
1.35179 1.4382 0 112.04 1.03298e-06
1.35179 1.4382 0 113.042 1.00076e-06
1.35179 1.4382 0 114.045 9.69847e-07
1.35179 1.4382 0 115.047 9.40158e-07
1.35179 1.4382 0 116.05 9.11617e-07
1.35179 1.4382 0 117.052 8.84158e-07
1.35179 1.4382 0 118.055 8.5772e-07
1.35179 1.4382 0 119.057 8.3225e-07
1.35179 1.4382 0 120.06 8.077e-07
1.35179 1.4382 0 121.062 7.84025e-07
1.35179 1.4382 0 122.065 7.61184e-07
1.35179 1.4382 0 123.067 7.39139e-07
1.35179 1.4382 0 124.07 7.17855e-07
1.35179 1.4382 0 125.072 6.97299e-07
1.35179 1.4382 0 126.075 6.77441e-07
1.35179 1.4382 0 127.077 6.5825e-07
1.35179 1.4382 0 128.079 6.397e-07
1.35179 1.4382 0 129.082 6.21765e-07
1.35179 1.4382 0 130.084 6.0442e-07
1.35179 1.4382 0 131.087 5.87643e-07
1.35179 1.4382 0 132.089 5.71412e-07
1.35179 1.4382 0 133.092 5.55705e-07
1.35179 1.4382 0 134.094 5.40503e-07
1.35179 1.4382 0 135.097 5.25786e-07
1.35179 1.4382 0 136.099 5.11538e-07
1.35179 1.4382 0 137.102 4.9774e-07
1.35179 1.4382 0 138.104 4.84376e-07
1.35179 1.4382 0 139.107 4.7143e-07
1.35179 1.4382 0 140.109 4.58888e-07
1.35179 1.4382 0 141.112 4.46735e-07
1.35179 1.4382 0 142.114 4.34956e-07
1.35179 1.4382 0 143.117 4.2354e-07
1.35179 1.4382 0 144.119 4.12472e-07
1.35179 1.4382 0 145.122 4.01742e-07
1.35179 1.4382 0 146.124 3.91336e-07
1.35179 1.4382 0 147.127 3.81245e-07
1.35179 1.4382 0 148.129 3.71457e-07
1.35179 1.4382 0 149.132 3.61962e-07
1.35179 1.4382 0 150.134 3.52749e-07
1.35179 1.4382 0 151.137 3.4381e-07
1.35179 1.4382 0 152.139 3.35136e-07
1.35179 1.4382 0 153.142 3.26716e-07
1.35179 1.4382 0 154.144 3.18543e-07
1.35179 1.4382 0 155.146 3.10609e-07
1.35179 1.4382 0 156.149 3.02905e-07
1.35179 1.4382 0 157.151 2.95425e-07
1.35179 1.4382 0 158.154 2.8816e-07
1.35179 1.4382 0 159.156 2.81104e-07
1.35179 1.4382 0 160.159 2.74249e-07
1.35179 1.4382 0 161.161 2.6759e-07
1.35179 1.4382 0 162.164 2.6112e-07
1.35179 1.4382 0 163.166 2.54833e-07
1.35179 1.4382 0 164.169 2.48723e-07
1.35179 1.4382 0 165.171 2.42784e-07
1.35179 1.4382 0 166.174 2.37011e-07
1.35179 1.4382 0 167.176 2.31399e-07
1.35179 1.4382 0 168.179 2.25942e-07
1.35179 1.4382 0 169.181 2.20636e-07
1.35179 1.4382 0 170.184 2.15476e-07
1.35179 1.4382 0 171.186 2.10457e-07
1.35179 1.4382 0 172.189 2.05575e-07
1.35179 1.4382 0 173.191 2.00826e-07
1.35179 1.4382 0 174.194 1.96205e-07
1.35179 1.4382 0 175.196 1.91709e-07
1.35179 1.4382 0 176.199 1.87333e-07
1.35179 1.4382 0 177.201 1.83075e-07
1.35179 1.4382 0 178.204 1.7893e-07
1.35179 1.4382 0 179.206 1.74895e-07
1.35179 1.4382 0 180.208 1.70967e-07
1.35179 1.4382 0 181.211 1.67142e-07
1.35179 1.4382 0 182.213 1.63418e-07
1.35179 1.4382 0 183.216 1.5979e-07
1.35179 1.4382 0 184.218 1.56258e-07
1.35179 1.4382 0 185.221 1.52816e-07
1.35179 1.4382 0 186.223 1.49464e-07
1.35179 1.4382 0 187.226 1.46198e-07
1.35179 1.4382 0 188.228 1.43015e-07
1.35179 1.4382 0 189.231 1.39914e-07
1.35179 1.4382 0 190.233 1.36891e-07
1.35179 1.4382 0 191.236 1.33945e-07
1.35179 1.4382 0 192.238 1.31074e-07
1.35179 1.4382 0 193.241 1.28274e-07
1.35179 1.4382 0 194.243 1.25544e-07
1.35179 1.4382 0 195.246 1.22883e-07
1.35179 1.4382 0 196.248 1.20287e-07
1.35179 1.4382 0 197.251 1.17756e-07
1.35179 1.4382 0 198.253 1.15287e-07
1.35179 1.4382 0 199.256 1.12878e-07
1.35179 1.4382 0 200.258 1.10529e-07
1.35179 1.4382 0 201.261 1.08236e-07
1.35179 1.4382 0 202.263 1.05999e-07
1.35179 1.4382 0 203.266 1.03816e-07
1.35179 1.4382 0 204.268 1.01686e-07
1.35179 1.4382 0 205.271 9.96066e-08
1.35179 1.4382 0 206.273 9.75768e-08
1.35179 1.4382 0 207.275 9.55952e-08
1.35179 1.4382 0 208.278 9.36605e-08
1.35179 1.4382 0 209.28 9.17714e-08
1.35179 1.4382 0 210.283 8.99267e-08
1.35179 1.4382 0 211.285 8.81251e-08
1.35179 1.4382 0 212.288 8.63656e-08
1.35179 1.4382 0 213.29 8.46468e-08
1.35179 1.4382 0 214.293 8.29678e-08
1.35179 1.4382 0 215.295 8.13275e-08
1.35179 1.4382 0 216.298 7.97248e-08
1.35179 1.4382 0 217.3 7.81587e-08
1.35179 1.4382 0 218.303 7.66283e-08
1.35179 1.4382 0 219.305 7.51326e-08
1.35179 1.4382 0 220.308 7.36707e-08
1.35179 1.4382 0 221.31 7.22416e-08
1.35179 1.4382 0 222.313 7.08447e-08
1.35179 1.4382 0 223.315 6.94789e-08
1.35179 1.4382 0 224.318 6.81435e-08
1.35179 1.4382 0 225.32 6.68377e-08
1.35179 1.4382 0 226.323 6.55607e-08
1.35179 1.4382 0 227.325 6.43118e-08
1.35179 1.4382 0 228.328 6.30903e-08
1.35179 1.4382 0 229.33 6.18955e-08
1.35179 1.4382 0 230.333 6.07267e-08
1.35179 1.4382 0 231.335 5.95832e-08
1.35179 1.4382 0 232.338 5.84643e-08
1.35179 1.4382 0 233.34 5.73696e-08
1.35179 1.4382 0 234.342 5.62983e-08
1.35179 1.4382 0 235.345 5.52499e-08
1.35179 1.4382 0 236.347 5.42238e-08
1.35179 1.4382 0 237.35 5.32195e-08
1.35179 1.4382 0 238.352 5.22364e-08
1.35179 1.4382 0 239.355 5.1274e-08
1.35179 1.4382 0 240.357 5.03317e-08
1.35179 1.4382 0 241.36 4.94092e-08
1.35179 1.4382 0 242.362 4.85059e-08
1.35179 1.4382 0 243.365 4.76213e-08
1.35179 1.4382 0 244.367 4.67551e-08
1.35179 1.4382 0 245.37 4.59067e-08
1.35179 1.4382 0 246.372 4.50757e-08
1.35179 1.4382 0 247.375 4.42617e-08
1.35179 1.4382 0 248.377 4.34644e-08
1.35179 1.4382 0 249.38 4.26832e-08
1.35179 1.4382 0 250.382 4.19179e-08
1.35179 1.4382 0 251.385 4.1168e-08
1.35179 1.4382 0 252.387 4.04333e-08
1.35179 1.4382 0 253.39 3.97133e-08
1.35179 1.4382 0 254.392 3.90077e-08
1.35179 1.4382 0 255.395 3.83161e-08
1.35179 1.4382 0 256.397 3.76383e-08
1.35179 1.4382 0 257.4 3.69739e-08
1.35179 1.4382 0 258.402 3.63227e-08
1.35179 1.4382 0 259.405 3.56842e-08
1.35179 1.4382 0 260.407 3.50583e-08
1.35179 1.4382 0 261.409 3.44446e-08
1.35179 1.4382 0 262.412 3.38429e-08
1.35179 1.4382 0 263.414 3.32529e-08
1.35179 1.4382 0 264.417 3.26743e-08
1.35179 1.4382 0 265.419 3.2107e-08
1.35179 1.4382 0 266.422 3.15505e-08
1.35179 1.4382 0 267.424 3.10047e-08
1.35179 1.4382 0 268.427 3.04694e-08
1.35179 1.4382 0 269.429 2.99443e-08
1.35179 1.4382 0 270.432 2.94292e-08
1.35179 1.4382 0 271.434 2.89239e-08
1.35179 1.4382 0 272.437 2.84281e-08
1.35179 1.4382 0 273.439 2.79417e-08
1.35179 1.4382 0 274.442 2.74645e-08
1.35179 1.4382 0 275.444 2.69962e-08
1.35179 1.4382 0 276.447 2.65367e-08
1.35179 1.4382 0 277.449 2.60858e-08
1.35179 1.4382 0 278.452 2.56433e-08
1.35179 1.4382 0 279.454 2.5209e-08
1.35179 1.4382 0 280.457 2.47827e-08
1.35179 1.4382 0 281.459 2.43643e-08
1.35179 1.4382 0 282.462 2.39537e-08
1.35179 1.4382 0 283.464 2.35505e-08
1.35179 1.4382 0 284.467 2.31548e-08
1.35179 1.4382 0 285.469 2.27663e-08
1.35179 1.4382 0 286.472 2.23849e-08
1.35179 1.4382 0 287.474 2.20105e-08
1.35179 1.4382 0 288.476 2.16428e-08
1.35179 1.4382 0 289.479 2.12818e-08
1.35179 1.4382 0 290.481 2.09273e-08
1.35179 1.4382 0 291.484 2.05792e-08
1.35179 1.4382 0 292.486 2.02374e-08
1.35179 1.4382 0 293.489 1.99017e-08
1.35179 1.4382 0 294.491 1.9572e-08
1.35179 1.4382 0 295.494 1.92482e-08
1.35179 1.4382 0 296.496 1.89302e-08
1.35179 1.4382 0 297.499 1.86178e-08
1.35179 1.4382 0 298.501 1.8311e-08
1.35179 1.4382 0 299.504 1.80096e-08
1.35179 1.4382 0 300.506 1.77135e-08
1.35179 1.4382 0 301.509 1.74227e-08
1.35179 1.4382 0 302.511 1.71369e-08
1.35179 1.4382 0 303.514 1.68562e-08
1.35179 1.4382 0 304.516 1.65804e-08
1.35179 1.4382 0 305.519 1.63095e-08
1.35179 1.4382 0 306.521 1.60432e-08
1.35179 1.4382 0 307.524 1.57816e-08
1.35179 1.4382 0 308.526 1.55246e-08
1.35179 1.4382 0 309.529 1.5272e-08
1.35179 1.4382 0 310.531 1.50238e-08
1.35179 1.4382 0 311.534 1.47798e-08
1.35179 1.4382 0 312.536 1.45401e-08
1.35179 1.4382 0 313.538 1.43045e-08
1.35179 1.4382 0 314.541 1.4073e-08
1.35179 1.4382 0 315.543 1.38454e-08
1.35179 1.4382 0 316.546 1.36218e-08
1.35179 1.4382 0 317.548 1.34019e-08
1.35179 1.4382 0 318.551 1.31858e-08
1.35179 1.4382 0 319.553 1.29734e-08
1.35179 1.4382 0 320.556 1.27646e-08
1.35179 1.4382 0 321.558 1.25594e-08
1.35179 1.4382 0 322.561 1.23576e-08
1.35179 1.4382 0 323.563 1.21593e-08
1.35179 1.4382 0 324.566 1.19643e-08
1.35179 1.4382 0 325.568 1.17726e-08
1.35179 1.4382 0 326.571 1.15841e-08
1.35179 1.4382 0 327.573 1.13988e-08
1.35179 1.4382 0 328.576 1.12167e-08
1.35179 1.4382 0 329.578 1.10375e-08
1.35179 1.4382 0 330.581 1.08614e-08
1.35179 1.4382 0 331.583 1.06882e-08
1.35179 1.4382 0 332.586 1.05179e-08
1.35179 1.4382 0 333.588 1.03505e-08
1.35179 1.4382 0 334.591 1.01859e-08
1.35179 1.4382 0 335.593 1.00239e-08
1.35179 1.4382 0 336.596 9.86471e-09
1.35179 1.4382 0 337.598 9.70813e-09
1.35179 1.4382 0 338.601 9.55414e-09
1.35179 1.4382 0 339.603 9.4027e-09
1.35179 1.4382 0 340.605 9.25376e-09
1.35179 1.4382 0 341.608 9.10729e-09
1.35179 1.4382 0 342.61 8.96322e-09
1.35179 1.4382 0 343.613 8.82153e-09
1.35179 1.4382 0 344.615 8.68217e-09
1.35179 1.4382 0 345.618 8.5451e-09
1.35179 1.4382 0 346.62 8.41028e-09
1.35179 1.4382 0 347.623 8.27767e-09
1.35179 1.4382 0 348.625 8.14722e-09
1.35179 1.4382 0 349.628 8.01891e-09
1.35179 1.4382 0 350.63 7.8927e-09
1.35179 1.4382 0 351.633 7.76855e-09
1.35179 1.4382 0 352.635 7.64642e-09
1.35179 1.4382 0 353.638 7.52627e-09
1.35179 1.4382 0 354.64 7.40808e-09
1.35179 1.4382 0 355.643 7.29182e-09
1.35179 1.4382 0 356.645 7.17743e-09
1.35179 1.4382 0 357.648 7.06491e-09
1.35179 1.4382 0 358.65 6.9542e-09
1.35179 1.4382 0 359.653 6.84529e-09
1.35179 1.4382 0 360.655 6.73814e-09
1.35179 1.4382 0 361.658 6.63272e-09
1.35179 1.4382 0 362.66 6.529e-09
1.35179 1.4382 0 363.663 6.42695e-09
1.35179 1.4382 0 364.665 6.32654e-09
1.35179 1.4382 0 365.668 6.22775e-09
1.35179 1.4382 0 366.67 6.13055e-09
1.35179 1.4382 0 367.672 6.03491e-09
1.35179 1.4382 0 368.675 5.9408e-09
1.35179 1.4382 0 369.677 5.84821e-09
1.35179 1.4382 0 370.68 5.7571e-09
1.35179 1.4382 0 371.682 5.66744e-09
1.35179 1.4382 0 372.685 5.57922e-09
1.35179 1.4382 0 373.687 5.49241e-09
1.35179 1.4382 0 374.69 5.40699e-09
1.35179 1.4382 0 375.692 5.32293e-09
1.35179 1.4382 0 376.695 5.24021e-09
1.35179 1.4382 0 377.697 5.1588e-09
1.35179 1.4382 0 378.7 5.0787e-09
1.35179 1.4382 0 379.702 4.99987e-09
1.35179 1.4382 0 380.705 4.92229e-09
1.35179 1.4382 0 381.707 4.84594e-09
1.35179 1.4382 0 382.71 4.77081e-09
1.35179 1.4382 0 383.712 4.69687e-09
1.35179 1.4382 0 384.715 4.6241e-09
1.35179 1.4382 0 385.717 4.55248e-09
1.35179 1.4382 0 386.72 4.482e-09
1.35179 1.4382 0 387.722 4.41263e-09
1.35179 1.4382 0 388.725 4.34436e-09
1.35179 1.4382 0 389.727 4.27717e-09
1.35179 1.4382 0 390.73 4.21104e-09
1.35179 1.4382 0 391.732 4.14595e-09
1.35179 1.4382 0 392.735 4.08189e-09
1.35179 1.4382 0 393.737 4.01884e-09
1.35179 1.4382 0 394.739 3.95678e-09
1.35179 1.4382 0 395.742 3.8957e-09
1.35179 1.4382 0 396.744 3.83559e-09
1.35179 1.4382 0 397.747 3.77641e-09
1.35179 1.4382 0 398.749 3.71817e-09
1.35179 1.4382 0 399.752 3.66084e-09
1.35179 1.4382 0 400.754 3.60441e-09
1.35179 1.4382 0 401.757 3.54887e-09
1.35179 1.4382 0 402.759 3.4942e-09
1.35179 1.4382 0 403.762 3.44039e-09
1.35179 1.4382 0 404.764 3.38742e-09
1.35179 1.4382 0 405.767 3.33527e-09
1.35179 1.4382 0 406.769 3.28395e-09
1.35179 1.4382 0 407.772 3.23343e-09
1.35179 1.4382 0 408.774 3.18369e-09
1.35179 1.4382 0 409.777 3.13474e-09
1.35179 1.4382 0 410.779 3.08655e-09
1.35179 1.4382 0 411.782 3.03911e-09
1.35179 1.4382 0 412.784 2.99242e-09
1.35179 1.4382 0 413.787 2.94645e-09
1.35179 1.4382 0 414.789 2.9012e-09
1.35179 1.4382 0 415.792 2.85665e-09
1.35179 1.4382 0 416.794 2.8128e-09
1.35179 1.4382 0 417.797 2.76963e-09
1.35179 1.4382 0 418.799 2.72713e-09
1.35179 1.4382 0 419.802 2.6853e-09
1.35179 1.4382 0 420.804 2.64411e-09
1.35179 1.4382 0 421.806 2.60357e-09
1.35179 1.4382 0 422.809 2.56366e-09
1.35179 1.4382 0 423.811 2.52436e-09
1.35179 1.4382 0 424.814 2.48568e-09
1.35179 1.4382 0 425.816 2.4476e-09
1.35179 1.4382 0 426.819 2.4101e-09
1.35179 1.4382 0 427.821 2.37319e-09
1.35179 1.4382 0 428.824 2.33686e-09
1.35179 1.4382 0 429.826 2.30108e-09
1.35179 1.4382 0 430.829 2.26586e-09
1.35179 1.4382 0 431.831 2.23119e-09
1.35179 1.4382 0 432.834 2.19705e-09
1.35179 1.4382 0 433.836 2.16344e-09
1.35179 1.4382 0 434.839 2.13035e-09
1.35179 1.4382 0 435.841 2.09778e-09
1.35179 1.4382 0 436.844 2.0657e-09
1.35179 1.4382 0 437.846 2.03413e-09
1.35179 1.4382 0 438.849 2.00304e-09
1.35179 1.4382 0 439.851 1.97243e-09
1.35179 1.4382 0 440.854 1.94229e-09
1.35179 1.4382 0 441.856 1.91262e-09
1.35179 1.4382 0 442.859 1.88341e-09
1.35179 1.4382 0 443.861 1.85465e-09
1.35179 1.4382 0 444.864 1.82633e-09
1.35179 1.4382 0 445.866 1.79845e-09
1.35179 1.4382 0 446.868 1.771e-09
1.35179 1.4382 0 447.871 1.74398e-09
1.35179 1.4382 0 448.873 1.71737e-09
1.35179 1.4382 0 449.876 1.69116e-09
1.35179 1.4382 0 450.878 1.66537e-09
1.35179 1.4382 0 451.881 1.63997e-09
1.35179 1.4382 0 452.883 1.61496e-09
1.35179 1.4382 0 453.886 1.59033e-09
1.35179 1.4382 0 454.888 1.56609e-09
1.35179 1.4382 0 455.891 1.54222e-09
1.35179 1.4382 0 456.893 1.51871e-09
1.35179 1.4382 0 457.896 1.49557e-09
1.35179 1.4382 0 458.898 1.47278e-09
1.35179 1.4382 0 459.901 1.45035e-09
1.35179 1.4382 0 460.903 1.42825e-09
1.35179 1.4382 0 461.906 1.4065e-09
1.35179 1.4382 0 462.908 1.38508e-09
1.35179 1.4382 0 463.911 1.36399e-09
1.35179 1.4382 0 464.913 1.34322e-09
1.35179 1.4382 0 465.916 1.32278e-09
1.35179 1.4382 0 466.918 1.30264e-09
1.35179 1.4382 0 467.921 1.28282e-09
1.35179 1.4382 0 468.923 1.2633e-09
1.35179 1.4382 0 469.926 1.24408e-09
1.35179 1.4382 0 470.928 1.22515e-09
1.35179 1.4382 0 471.931 1.20651e-09
1.35179 1.4382 0 472.933 1.18816e-09
1.35179 1.4382 0 473.935 1.17009e-09
1.35179 1.4382 0 474.938 1.1523e-09
1.35179 1.4382 0 475.94 1.13478e-09
1.35179 1.4382 0 476.943 1.11753e-09
1.35179 1.4382 0 477.945 1.10054e-09
1.35179 1.4382 0 478.948 1.08381e-09
1.35179 1.4382 0 479.95 1.06734e-09
1.35179 1.4382 0 480.953 1.05112e-09
1.35179 1.4382 0 481.955 1.03515e-09
1.35179 1.4382 0 482.958 1.01942e-09
1.35179 1.4382 0 483.96 1.00394e-09
1.35179 1.4382 0 484.963 9.88688e-10
1.35179 1.4382 0 485.965 9.73672e-10
1.35179 1.4382 0 486.968 9.58885e-10
1.35179 1.4382 0 487.97 9.44324e-10
1.35179 1.4382 0 488.973 9.29986e-10
1.35179 1.4382 0 489.975 9.15867e-10
1.35179 1.4382 0 490.978 9.01964e-10
1.35179 1.4382 0 491.98 8.88273e-10
1.35179 1.4382 0 492.983 8.74791e-10
1.35179 1.4382 0 493.985 8.61515e-10
1.35179 1.4382 0 494.988 8.48442e-10
1.35179 1.4382 0 495.99 8.35568e-10
1.35179 1.4382 0 496.993 8.22891e-10
1.35179 1.4382 0 497.995 8.10407e-10
1.35179 1.4382 0 498.998 7.98114e-10
1.35179 1.4382 0 500 7.86009e-10

