0.102685 1.4382 200 150.015 2.01648e-07
0.102685 1.4382 200 151.017 3.36843e-07
0.102685 1.4382 200 152.02 3.20899e-07
0.102685 1.4382 200 153.022 2.98382e-07
0.102685 1.4382 200 154.025 2.80799e-07
0.102685 1.4382 200 155.027 2.66899e-07
0.102685 1.4382 200 156.03 2.55449e-07
0.102685 1.4382 200 157.032 2.4571e-07
0.102685 1.4382 200 158.035 2.3723e-07
0.102685 1.4382 200 159.037 2.29715e-07
0.102685 1.4382 200 160.04 2.22965e-07
0.102685 1.4382 200 161.042 2.16837e-07
0.102685 1.4382 200 162.045 2.11225e-07
0.102685 1.4382 200 163.047 2.06049e-07
0.102685 1.4382 200 164.05 2.01245e-07
0.102685 1.4382 200 165.052 1.96763e-07
0.102685 1.4382 200 166.054 1.92564e-07
0.102685 1.4382 200 167.057 1.88615e-07
0.102685 1.4382 200 168.059 1.84887e-07
0.102685 1.4382 200 169.062 1.81357e-07
0.102685 1.4382 200 170.064 1.78007e-07
0.102685 1.4382 200 171.067 1.74819e-07
0.102685 1.4382 200 172.069 1.7178e-07
0.102685 1.4382 200 173.072 1.68875e-07
0.102685 1.4382 200 174.074 1.66095e-07
0.102685 1.4382 200 175.077 1.63429e-07
0.102685 1.4382 200 176.079 1.60869e-07
0.102685 1.4382 200 177.082 1.58408e-07
0.102685 1.4382 200 178.084 1.56038e-07
0.102685 1.4382 200 179.087 1.53753e-07
0.102685 1.4382 200 180.089 1.51549e-07
0.102685 1.4382 200 181.092 1.49419e-07
0.102685 1.4382 200 182.094 1.4736e-07
0.102685 1.4382 200 183.096 1.45367e-07
0.102685 1.4382 200 184.099 1.43436e-07
0.102685 1.4382 200 185.101 1.41564e-07
0.102685 1.4382 200 186.104 1.39749e-07
0.102685 1.4382 200 187.106 1.37986e-07
0.102685 1.4382 200 188.109 1.36273e-07
0.102685 1.4382 200 189.111 1.34609e-07
0.102685 1.4382 200 190.114 1.32989e-07
0.102685 1.4382 200 191.116 1.31413e-07
0.102685 1.4382 200 192.119 1.29878e-07
0.102685 1.4382 200 193.121 1.28383e-07
0.102685 1.4382 200 194.124 1.26925e-07
0.102685 1.4382 200 195.126 1.25504e-07
0.102685 1.4382 200 196.129 1.24116e-07
0.102685 1.4382 200 197.131 1.22762e-07
0.102685 1.4382 200 198.133 1.2144e-07
0.102685 1.4382 200 199.136 1.20149e-07
0.102685 1.4382 200 200.138 1.18886e-07
0.102685 1.4382 200 201.141 1.17652e-07
0.102685 1.4382 200 202.143 1.16445e-07
0.102685 1.4382 200 203.146 1.15264e-07
0.102685 1.4382 200 204.148 1.14108e-07
0.102685 1.4382 200 205.151 1.12977e-07
0.102685 1.4382 200 206.153 1.11869e-07
0.102685 1.4382 200 207.156 1.10784e-07
0.102685 1.4382 200 208.158 1.0972e-07
0.102685 1.4382 200 209.161 1.08678e-07
0.102685 1.4382 200 210.163 1.07656e-07
0.102685 1.4382 200 211.166 1.06654e-07
0.102685 1.4382 200 212.168 1.05671e-07
0.102685 1.4382 200 213.171 1.04706e-07
0.102685 1.4382 200 214.173 1.0376e-07
0.102685 1.4382 200 215.175 1.02831e-07
0.102685 1.4382 200 216.178 1.01919e-07
0.102685 1.4382 200 217.18 1.01023e-07
0.102685 1.4382 200 218.183 1.00144e-07
0.102685 1.4382 200 219.185 9.92793e-08
0.102685 1.4382 200 220.188 9.84301e-08
0.102685 1.4382 200 221.19 9.75954e-08
0.102685 1.4382 200 222.193 9.6775e-08
0.102685 1.4382 200 223.195 9.59683e-08
0.102685 1.4382 200 224.198 9.51751e-08
0.102685 1.4382 200 225.2 9.4395e-08
0.102685 1.4382 200 226.203 9.36276e-08
0.102685 1.4382 200 227.205 9.28726e-08
0.102685 1.4382 200 228.208 9.21296e-08
0.102685 1.4382 200 229.21 9.13984e-08
0.102685 1.4382 200 230.212 9.06787e-08
0.102685 1.4382 200 231.215 8.99702e-08
0.102685 1.4382 200 232.217 8.92726e-08
0.102685 1.4382 200 233.22 8.85856e-08
0.102685 1.4382 200 234.222 8.79089e-08
0.102685 1.4382 200 235.225 8.72425e-08
0.102685 1.4382 200 236.227 8.65859e-08
0.102685 1.4382 200 237.23 8.59389e-08
0.102685 1.4382 200 238.232 8.53014e-08
0.102685 1.4382 200 239.235 8.46731e-08
0.102685 1.4382 200 240.237 8.40538e-08
0.102685 1.4382 200 241.24 8.34433e-08
0.102685 1.4382 200 242.242 8.28414e-08
0.102685 1.4382 200 243.245 8.2248e-08
0.102685 1.4382 200 244.247 8.16627e-08
0.102685 1.4382 200 245.25 8.10855e-08
0.102685 1.4382 200 246.252 8.05162e-08
0.102685 1.4382 200 247.254 7.99546e-08
0.102685 1.4382 200 248.257 7.94005e-08
0.102685 1.4382 200 249.259 7.88538e-08
0.102685 1.4382 200 250.262 7.83144e-08
0.102685 1.4382 200 251.264 7.7782e-08
0.102685 1.4382 200 252.267 7.72566e-08
0.102685 1.4382 200 253.269 7.67379e-08
0.102685 1.4382 200 254.272 7.6226e-08
0.102685 1.4382 200 255.274 7.57205e-08
0.102685 1.4382 200 256.277 7.52215e-08
0.102685 1.4382 200 257.279 7.47287e-08
0.102685 1.4382 200 258.282 7.4242e-08
0.102685 1.4382 200 259.284 7.37614e-08
0.102685 1.4382 200 260.287 7.32867e-08
0.102685 1.4382 200 261.289 7.28178e-08
0.102685 1.4382 200 262.291 7.23546e-08
0.102685 1.4382 200 263.294 7.1897e-08
0.102685 1.4382 200 264.296 7.14449e-08
0.102685 1.4382 200 265.299 7.09981e-08
0.102685 1.4382 200 266.301 7.05566e-08
0.102685 1.4382 200 267.304 7.01203e-08
0.102685 1.4382 200 268.306 6.96891e-08
0.102685 1.4382 200 269.309 6.92629e-08
0.102685 1.4382 200 270.311 6.88416e-08
0.102685 1.4382 200 271.314 6.84251e-08
0.102685 1.4382 200 272.316 6.80134e-08
0.102685 1.4382 200 273.319 6.76063e-08
0.102685 1.4382 200 274.321 6.72037e-08
0.102685 1.4382 200 275.324 6.68057e-08
0.102685 1.4382 200 276.326 6.64121e-08
0.102685 1.4382 200 277.329 6.60228e-08
0.102685 1.4382 200 278.331 6.56378e-08
0.102685 1.4382 200 279.333 6.5257e-08
0.102685 1.4382 200 280.336 6.48803e-08
0.102685 1.4382 200 281.338 6.45077e-08
0.102685 1.4382 200 282.341 6.41391e-08
0.102685 1.4382 200 283.343 6.37744e-08
0.102685 1.4382 200 284.346 6.34135e-08
0.102685 1.4382 200 285.348 6.30565e-08
0.102685 1.4382 200 286.351 6.27032e-08
0.102685 1.4382 200 287.353 6.23535e-08
0.102685 1.4382 200 288.356 6.20075e-08
0.102685 1.4382 200 289.358 6.1665e-08
0.102685 1.4382 200 290.361 6.13261e-08
0.102685 1.4382 200 291.363 6.09906e-08
0.102685 1.4382 200 292.366 6.06585e-08
0.102685 1.4382 200 293.368 6.03297e-08
0.102685 1.4382 200 294.37 6.00042e-08
0.102685 1.4382 200 295.373 5.9682e-08
0.102685 1.4382 200 296.375 5.9363e-08
0.102685 1.4382 200 297.378 5.90471e-08
0.102685 1.4382 200 298.38 5.87343e-08
0.102685 1.4382 200 299.383 5.84246e-08
0.102685 1.4382 200 300.385 5.81178e-08
0.102685 1.4382 200 301.388 5.7814e-08
0.102685 1.4382 200 302.39 5.75132e-08
0.102685 1.4382 200 303.393 5.72152e-08
0.102685 1.4382 200 304.395 5.692e-08
0.102685 1.4382 200 305.398 5.66277e-08
0.102685 1.4382 200 306.4 5.63381e-08
0.102685 1.4382 200 307.403 5.60512e-08
0.102685 1.4382 200 308.405 5.57669e-08
0.102685 1.4382 200 309.408 5.54853e-08
0.102685 1.4382 200 310.41 5.52063e-08
0.102685 1.4382 200 311.412 5.49299e-08
0.102685 1.4382 200 312.415 5.4656e-08
0.102685 1.4382 200 313.417 5.43846e-08
0.102685 1.4382 200 314.42 5.41156e-08
0.102685 1.4382 200 315.422 5.38491e-08
0.102685 1.4382 200 316.425 5.35849e-08
0.102685 1.4382 200 317.427 5.33231e-08
0.102685 1.4382 200 318.43 5.30637e-08
0.102685 1.4382 200 319.432 5.28065e-08
0.102685 1.4382 200 320.435 5.25516e-08
0.102685 1.4382 200 321.437 5.22989e-08
0.102685 1.4382 200 322.44 5.20484e-08
0.102685 1.4382 200 323.442 5.18001e-08
0.102685 1.4382 200 324.445 5.15539e-08
0.102685 1.4382 200 325.447 5.13099e-08
0.102685 1.4382 200 326.449 5.10679e-08
0.102685 1.4382 200 327.452 5.0828e-08
0.102685 1.4382 200 328.454 5.05901e-08
0.102685 1.4382 200 329.457 5.03543e-08
0.102685 1.4382 200 330.459 5.01204e-08
0.102685 1.4382 200 331.462 4.98885e-08
0.102685 1.4382 200 332.464 4.96585e-08
0.102685 1.4382 200 333.467 4.94304e-08
0.102685 1.4382 200 334.469 4.92042e-08
0.102685 1.4382 200 335.472 4.89799e-08
0.102685 1.4382 200 336.474 4.87574e-08
0.102685 1.4382 200 337.477 4.85367e-08
0.102685 1.4382 200 338.479 4.83178e-08
0.102685 1.4382 200 339.482 4.81006e-08
0.102685 1.4382 200 340.484 4.78852e-08
0.102685 1.4382 200 341.487 4.76716e-08
0.102685 1.4382 200 342.489 4.74596e-08
0.102685 1.4382 200 343.491 4.72494e-08
0.102685 1.4382 200 344.494 4.70407e-08
0.102685 1.4382 200 345.496 4.68338e-08
0.102685 1.4382 200 346.499 4.66284e-08
0.102685 1.4382 200 347.501 4.64247e-08
0.102685 1.4382 200 348.504 4.62225e-08
0.102685 1.4382 200 349.506 4.60219e-08
0.102685 1.4382 200 350.509 4.58229e-08
0.102685 1.4382 200 351.511 4.56254e-08
0.102685 1.4382 200 352.514 4.54294e-08
0.102685 1.4382 200 353.516 4.52349e-08
0.102685 1.4382 200 354.519 4.50418e-08
0.102685 1.4382 200 355.521 4.48503e-08
0.102685 1.4382 200 356.524 4.46601e-08
0.102685 1.4382 200 357.526 4.44714e-08
0.102685 1.4382 200 358.528 4.42841e-08
0.102685 1.4382 200 359.531 4.40982e-08
0.102685 1.4382 200 360.533 4.39137e-08
0.102685 1.4382 200 361.536 4.37305e-08
0.102685 1.4382 200 362.538 4.35487e-08
0.102685 1.4382 200 363.541 4.33682e-08
0.102685 1.4382 200 364.543 4.3189e-08
0.102685 1.4382 200 365.546 4.30112e-08
0.102685 1.4382 200 366.548 4.28346e-08
0.102685 1.4382 200 367.551 4.26593e-08
0.102685 1.4382 200 368.553 4.24852e-08
0.102685 1.4382 200 369.556 4.23124e-08
0.102685 1.4382 200 370.558 4.21409e-08
0.102685 1.4382 200 371.561 4.19705e-08
0.102685 1.4382 200 372.563 4.18013e-08
0.102685 1.4382 200 373.566 4.16334e-08
0.102685 1.4382 200 374.568 4.14666e-08
0.102685 1.4382 200 375.57 4.1301e-08
0.102685 1.4382 200 376.573 4.11365e-08
0.102685 1.4382 200 377.575 4.09732e-08
0.102685 1.4382 200 378.578 4.0811e-08
0.102685 1.4382 200 379.58 4.065e-08
0.102685 1.4382 200 380.583 4.049e-08
0.102685 1.4382 200 381.585 4.03311e-08
0.102685 1.4382 200 382.588 4.01733e-08
0.102685 1.4382 200 383.59 4.00166e-08
0.102685 1.4382 200 384.593 3.9861e-08
0.102685 1.4382 200 385.595 3.97063e-08
0.102685 1.4382 200 386.598 3.95528e-08
0.102685 1.4382 200 387.6 3.94002e-08
0.102685 1.4382 200 388.603 3.92487e-08
0.102685 1.4382 200 389.605 3.90982e-08
0.102685 1.4382 200 390.607 3.89487e-08
0.102685 1.4382 200 391.61 3.88001e-08
0.102685 1.4382 200 392.612 3.86526e-08
0.102685 1.4382 200 393.615 3.8506e-08
0.102685 1.4382 200 394.617 3.83603e-08
0.102685 1.4382 200 395.62 3.82156e-08
0.102685 1.4382 200 396.622 3.80719e-08
0.102685 1.4382 200 397.625 3.7929e-08
0.102685 1.4382 200 398.627 3.77871e-08
0.102685 1.4382 200 399.63 3.76461e-08
0.102685 1.4382 200 400.632 3.7506e-08
0.102685 1.4382 200 401.635 3.73668e-08
0.102685 1.4382 200 402.637 3.72285e-08
0.102685 1.4382 200 403.64 3.70911e-08
0.102685 1.4382 200 404.642 3.69545e-08
0.102685 1.4382 200 405.645 3.68188e-08
0.102685 1.4382 200 406.647 3.66839e-08
0.102685 1.4382 200 407.649 3.65499e-08
0.102685 1.4382 200 408.652 3.64167e-08
0.102685 1.4382 200 409.654 3.62843e-08
0.102685 1.4382 200 410.657 3.61528e-08
0.102685 1.4382 200 411.659 3.6022e-08
0.102685 1.4382 200 412.662 3.58921e-08
0.102685 1.4382 200 413.664 3.57629e-08
0.102685 1.4382 200 414.667 3.56346e-08
0.102685 1.4382 200 415.669 3.5507e-08
0.102685 1.4382 200 416.672 3.53802e-08
0.102685 1.4382 200 417.674 3.52541e-08
0.102685 1.4382 200 418.677 3.51288e-08
0.102685 1.4382 200 419.679 3.50043e-08
0.102685 1.4382 200 420.682 3.48805e-08
0.102685 1.4382 200 421.684 3.47575e-08
0.102685 1.4382 200 422.686 3.46351e-08
0.102685 1.4382 200 423.689 3.45135e-08
0.102685 1.4382 200 424.691 3.43926e-08
0.102685 1.4382 200 425.694 3.42725e-08
0.102685 1.4382 200 426.696 3.4153e-08
0.102685 1.4382 200 427.699 3.40342e-08
0.102685 1.4382 200 428.701 3.39162e-08
0.102685 1.4382 200 429.704 3.37988e-08
0.102685 1.4382 200 430.706 3.3682e-08
0.102685 1.4382 200 431.709 3.3566e-08
0.102685 1.4382 200 432.711 3.34506e-08
0.102685 1.4382 200 433.714 3.33359e-08
0.102685 1.4382 200 434.716 3.32219e-08
0.102685 1.4382 200 435.719 3.31085e-08
0.102685 1.4382 200 436.721 3.29957e-08
0.102685 1.4382 200 437.724 3.28836e-08
0.102685 1.4382 200 438.726 3.27721e-08
0.102685 1.4382 200 439.728 3.26612e-08
0.102685 1.4382 200 440.731 3.2551e-08
0.102685 1.4382 200 441.733 3.24413e-08
0.102685 1.4382 200 442.736 3.23323e-08
0.102685 1.4382 200 443.738 3.22239e-08
0.102685 1.4382 200 444.741 3.21161e-08
0.102685 1.4382 200 445.743 3.20089e-08
0.102685 1.4382 200 446.746 3.19023e-08
0.102685 1.4382 200 447.748 3.17962e-08
0.102685 1.4382 200 448.751 3.16908e-08
0.102685 1.4382 200 449.753 3.15859e-08
0.102685 1.4382 200 450.756 3.14816e-08
0.102685 1.4382 200 451.758 3.13778e-08
0.102685 1.4382 200 452.761 3.12746e-08
0.102685 1.4382 200 453.763 3.1172e-08
0.102685 1.4382 200 454.765 3.10699e-08
0.102685 1.4382 200 455.768 3.09684e-08
0.102685 1.4382 200 456.77 3.08674e-08
0.102685 1.4382 200 457.773 3.0767e-08
0.102685 1.4382 200 458.775 3.0667e-08
0.102685 1.4382 200 459.778 3.05677e-08
0.102685 1.4382 200 460.78 3.04688e-08
0.102685 1.4382 200 461.783 3.03705e-08
0.102685 1.4382 200 462.785 3.02726e-08
0.102685 1.4382 200 463.788 3.01753e-08
0.102685 1.4382 200 464.79 3.00785e-08
0.102685 1.4382 200 465.793 2.99822e-08
0.102685 1.4382 200 466.795 2.98864e-08
0.102685 1.4382 200 467.798 2.97911e-08
0.102685 1.4382 200 468.8 2.96963e-08
0.102685 1.4382 200 469.803 2.9602e-08
0.102685 1.4382 200 470.805 2.95082e-08
0.102685 1.4382 200 471.807 2.94148e-08
0.102685 1.4382 200 472.81 2.93219e-08
0.102685 1.4382 200 473.812 2.92295e-08
0.102685 1.4382 200 474.815 2.91376e-08
0.102685 1.4382 200 475.817 2.90461e-08
0.102685 1.4382 200 476.82 2.89551e-08
0.102685 1.4382 200 477.822 2.88645e-08
0.102685 1.4382 200 478.825 2.87744e-08
0.102685 1.4382 200 479.827 2.86848e-08
0.102685 1.4382 200 480.83 2.85956e-08
0.102685 1.4382 200 481.832 2.85068e-08
0.102685 1.4382 200 482.835 2.84185e-08
0.102685 1.4382 200 483.837 2.83306e-08
0.102685 1.4382 200 484.84 2.82432e-08
0.102685 1.4382 200 485.842 2.81562e-08
0.102685 1.4382 200 486.844 2.80696e-08
0.102685 1.4382 200 487.847 2.79834e-08
0.102685 1.4382 200 488.849 2.78977e-08
0.102685 1.4382 200 489.852 2.78124e-08
0.102685 1.4382 200 490.854 2.77275e-08
0.102685 1.4382 200 491.857 2.7643e-08
0.102685 1.4382 200 492.859 2.75589e-08
0.102685 1.4382 200 493.862 2.74752e-08
0.102685 1.4382 200 494.864 2.73919e-08
0.102685 1.4382 200 495.867 2.73091e-08
0.102685 1.4382 200 496.869 2.72266e-08
0.102685 1.4382 200 497.872 2.71445e-08
0.102685 1.4382 200 498.874 2.70628e-08
0.102685 1.4382 200 499.877 2.69815e-08
0.102685 1.4382 200 500.879 2.69006e-08
0.102685 1.4382 200 501.882 2.682e-08
0.102685 1.4382 200 502.884 2.67399e-08
0.102685 1.4382 200 503.886 2.66601e-08
0.102685 1.4382 200 504.889 2.65807e-08
0.102685 1.4382 200 505.891 2.65016e-08
0.102685 1.4382 200 506.894 2.6423e-08
0.102685 1.4382 200 507.896 2.63446e-08
0.102685 1.4382 200 508.899 2.62667e-08
0.102685 1.4382 200 509.901 2.61891e-08
0.102685 1.4382 200 510.904 2.61119e-08
0.102685 1.4382 200 511.906 2.6035e-08
0.102685 1.4382 200 512.909 2.59585e-08
0.102685 1.4382 200 513.911 2.58824e-08
0.102685 1.4382 200 514.914 2.58065e-08
0.102685 1.4382 200 515.916 2.57311e-08
0.102685 1.4382 200 516.919 2.56559e-08
0.102685 1.4382 200 517.921 2.55812e-08
0.102685 1.4382 200 518.923 2.55067e-08
0.102685 1.4382 200 519.926 2.54326e-08
0.102685 1.4382 200 520.928 2.53588e-08
0.102685 1.4382 200 521.931 2.52854e-08
0.102685 1.4382 200 522.933 2.52123e-08
0.102685 1.4382 200 523.936 2.51395e-08
0.102685 1.4382 200 524.938 2.5067e-08
0.102685 1.4382 200 525.941 2.49949e-08
0.102685 1.4382 200 526.943 2.49231e-08
0.102685 1.4382 200 527.946 2.48516e-08
0.102685 1.4382 200 528.948 2.47804e-08
0.102685 1.4382 200 529.951 2.47095e-08
0.102685 1.4382 200 530.953 2.46389e-08
0.102685 1.4382 200 531.956 2.45687e-08
0.102685 1.4382 200 532.958 2.44987e-08
0.102685 1.4382 200 533.961 2.44291e-08
0.102685 1.4382 200 534.963 2.43598e-08
0.102685 1.4382 200 535.965 2.42907e-08
0.102685 1.4382 200 536.968 2.4222e-08
0.102685 1.4382 200 537.97 2.41536e-08
0.102685 1.4382 200 538.973 2.40854e-08
0.102685 1.4382 200 539.975 2.40176e-08
0.102685 1.4382 200 540.978 2.395e-08
0.102685 1.4382 200 541.98 2.38828e-08
0.102685 1.4382 200 542.983 2.38158e-08
0.102685 1.4382 200 543.985 2.37491e-08
0.102685 1.4382 200 544.988 2.36827e-08
0.102685 1.4382 200 545.99 2.36166e-08
0.102685 1.4382 200 546.993 2.35507e-08
0.102685 1.4382 200 547.995 2.34851e-08
0.102685 1.4382 200 548.998 2.34199e-08
0.102685 1.4382 200 550 2.33548e-08
