2.94668 1.4382 0 100.01 1.59615e-05
2.94668 1.4382 0 101.012 2.86843e-05
2.94668 1.4382 0 102.015 2.76517e-05
2.94668 1.4382 0 103.017 2.56927e-05
2.94668 1.4382 0 104.02 2.38819e-05
2.94668 1.4382 0 105.022 2.22343e-05
2.94668 1.4382 0 106.025 2.07297e-05
2.94668 1.4382 0 107.027 1.93512e-05
2.94668 1.4382 0 108.03 1.80852e-05
2.94668 1.4382 0 109.032 1.69202e-05
2.94668 1.4382 0 110.035 1.58464e-05
2.94668 1.4382 0 111.037 1.4855e-05
2.94668 1.4382 0 112.04 1.39385e-05
2.94668 1.4382 0 113.042 1.309e-05
2.94668 1.4382 0 114.045 1.23037e-05
2.94668 1.4382 0 115.047 1.15741e-05
2.94668 1.4382 0 116.05 1.08963e-05
2.94668 1.4382 0 117.052 1.0266e-05
2.94668 1.4382 0 118.055 9.67924e-06
2.94668 1.4382 0 119.057 9.13254e-06
2.94668 1.4382 0 120.06 8.62264e-06
2.94668 1.4382 0 121.062 8.14661e-06
2.94668 1.4382 0 122.065 7.70182e-06
2.94668 1.4382 0 123.067 7.28586e-06
2.94668 1.4382 0 124.07 6.89651e-06
2.94668 1.4382 0 125.072 6.53178e-06
2.94668 1.4382 0 126.075 6.18985e-06
2.94668 1.4382 0 127.077 5.86902e-06
2.94668 1.4382 0 128.079 5.56779e-06
2.94668 1.4382 0 129.082 5.28473e-06
2.94668 1.4382 0 130.084 5.01856e-06
2.94668 1.4382 0 131.087 4.7681e-06
2.94668 1.4382 0 132.089 4.53227e-06
2.94668 1.4382 0 133.092 4.31006e-06
2.94668 1.4382 0 134.094 4.10054e-06
2.94668 1.4382 0 135.097 3.90288e-06
2.94668 1.4382 0 136.099 3.71628e-06
2.94668 1.4382 0 137.102 3.54003e-06
2.94668 1.4382 0 138.104 3.37345e-06
2.94668 1.4382 0 139.107 3.21593e-06
2.94668 1.4382 0 140.109 3.06688e-06
2.94668 1.4382 0 141.112 2.92578e-06
2.94668 1.4382 0 142.114 2.79214e-06
2.94668 1.4382 0 143.117 2.6655e-06
2.94668 1.4382 0 144.119 2.54543e-06
2.94668 1.4382 0 145.122 2.43153e-06
2.94668 1.4382 0 146.124 2.32345e-06
2.94668 1.4382 0 147.127 2.22083e-06
2.94668 1.4382 0 148.129 2.12335e-06
2.94668 1.4382 0 149.132 2.03073e-06
2.94668 1.4382 0 150.134 1.94267e-06
2.94668 1.4382 0 151.137 1.85893e-06
2.94668 1.4382 0 152.139 1.77926e-06
2.94668 1.4382 0 153.142 1.70342e-06
2.94668 1.4382 0 154.144 1.63122e-06
2.94668 1.4382 0 155.146 1.56244e-06
2.94668 1.4382 0 156.149 1.49691e-06
2.94668 1.4382 0 157.151 1.43445e-06
2.94668 1.4382 0 158.154 1.37489e-06
2.94668 1.4382 0 159.156 1.31809e-06
2.94668 1.4382 0 160.159 1.26389e-06
2.94668 1.4382 0 161.161 1.21216e-06
2.94668 1.4382 0 162.164 1.16277e-06
2.94668 1.4382 0 163.166 1.11561e-06
2.94668 1.4382 0 164.169 1.07056e-06
2.94668 1.4382 0 165.171 1.02751e-06
2.94668 1.4382 0 166.174 9.8637e-07
2.94668 1.4382 0 167.176 9.47034e-07
2.94668 1.4382 0 168.179 9.09417e-07
2.94668 1.4382 0 169.181 8.73435e-07
2.94668 1.4382 0 170.184 8.39008e-07
2.94668 1.4382 0 171.186 8.06061e-07
2.94668 1.4382 0 172.189 7.74523e-07
2.94668 1.4382 0 173.191 7.44327e-07
2.94668 1.4382 0 174.194 7.1541e-07
2.94668 1.4382 0 175.196 6.8771e-07
2.94668 1.4382 0 176.199 6.61172e-07
2.94668 1.4382 0 177.201 6.35741e-07
2.94668 1.4382 0 178.204 6.11366e-07
2.94668 1.4382 0 179.206 5.87998e-07
2.94668 1.4382 0 180.208 5.65592e-07
2.94668 1.4382 0 181.211 5.44105e-07
2.94668 1.4382 0 182.213 5.23494e-07
2.94668 1.4382 0 183.216 5.0372e-07
2.94668 1.4382 0 184.218 4.84746e-07
2.94668 1.4382 0 185.221 4.66537e-07
2.94668 1.4382 0 186.223 4.49059e-07
2.94668 1.4382 0 187.226 4.32279e-07
2.94668 1.4382 0 188.228 4.16168e-07
2.94668 1.4382 0 189.231 4.00697e-07
2.94668 1.4382 0 190.233 3.85836e-07
2.94668 1.4382 0 191.236 3.71562e-07
2.94668 1.4382 0 192.238 3.57848e-07
2.94668 1.4382 0 193.241 3.4467e-07
2.94668 1.4382 0 194.243 3.32006e-07
2.94668 1.4382 0 195.246 3.19835e-07
2.94668 1.4382 0 196.248 3.08135e-07
2.94668 1.4382 0 197.251 2.96886e-07
2.94668 1.4382 0 198.253 2.86071e-07
2.94668 1.4382 0 199.256 2.75671e-07
2.94668 1.4382 0 200.258 2.65669e-07
2.94668 1.4382 0 201.261 2.56049e-07
2.94668 1.4382 0 202.263 2.46794e-07
2.94668 1.4382 0 203.266 2.37891e-07
2.94668 1.4382 0 204.268 2.29325e-07
2.94668 1.4382 0 205.271 2.21082e-07
2.94668 1.4382 0 206.273 2.13149e-07
2.94668 1.4382 0 207.275 2.05514e-07
2.94668 1.4382 0 208.278 1.98165e-07
2.94668 1.4382 0 209.28 1.9109e-07
2.94668 1.4382 0 210.283 1.84279e-07
2.94668 1.4382 0 211.285 1.77721e-07
2.94668 1.4382 0 212.288 1.71407e-07
2.94668 1.4382 0 213.29 1.65326e-07
2.94668 1.4382 0 214.293 1.59469e-07
2.94668 1.4382 0 215.295 1.53829e-07
2.94668 1.4382 0 216.298 1.48395e-07
2.94668 1.4382 0 217.3 1.43161e-07
2.94668 1.4382 0 218.303 1.38119e-07
2.94668 1.4382 0 219.305 1.33261e-07
2.94668 1.4382 0 220.308 1.2858e-07
2.94668 1.4382 0 221.31 1.24069e-07
2.94668 1.4382 0 222.313 1.19722e-07
2.94668 1.4382 0 223.315 1.15533e-07
2.94668 1.4382 0 224.318 1.11495e-07
2.94668 1.4382 0 225.32 1.07603e-07
2.94668 1.4382 0 226.323 1.03852e-07
2.94668 1.4382 0 227.325 1.00235e-07
2.94668 1.4382 0 228.328 9.67489e-08
2.94668 1.4382 0 229.33 9.33874e-08
2.94668 1.4382 0 230.333 9.01464e-08
2.94668 1.4382 0 231.335 8.70212e-08
2.94668 1.4382 0 232.338 8.40076e-08
2.94668 1.4382 0 233.34 8.11014e-08
2.94668 1.4382 0 234.342 7.82987e-08
2.94668 1.4382 0 235.345 7.55956e-08
2.94668 1.4382 0 236.347 7.29884e-08
2.94668 1.4382 0 237.35 7.04736e-08
2.94668 1.4382 0 238.352 6.80477e-08
2.94668 1.4382 0 239.355 6.57076e-08
2.94668 1.4382 0 240.357 6.34501e-08
2.94668 1.4382 0 241.36 6.12721e-08
2.94668 1.4382 0 242.362 5.91708e-08
2.94668 1.4382 0 243.365 5.71434e-08
2.94668 1.4382 0 244.367 5.51871e-08
2.94668 1.4382 0 245.37 5.32994e-08
2.94668 1.4382 0 246.372 5.14778e-08
2.94668 1.4382 0 247.375 4.972e-08
2.94668 1.4382 0 248.377 4.80235e-08
2.94668 1.4382 0 249.38 4.63862e-08
2.94668 1.4382 0 250.382 4.48061e-08
2.94668 1.4382 0 251.385 4.32809e-08
2.94668 1.4382 0 252.387 4.18088e-08
2.94668 1.4382 0 253.39 4.03878e-08
2.94668 1.4382 0 254.392 3.90161e-08
2.94668 1.4382 0 255.395 3.7692e-08
2.94668 1.4382 0 256.397 3.64138e-08
2.94668 1.4382 0 257.4 3.51798e-08
2.94668 1.4382 0 258.402 3.39884e-08
2.94668 1.4382 0 259.405 3.28382e-08
2.94668 1.4382 0 260.407 3.17276e-08
2.94668 1.4382 0 261.409 3.06553e-08
2.94668 1.4382 0 262.412 2.962e-08
2.94668 1.4382 0 263.414 2.86202e-08
2.94668 1.4382 0 264.417 2.76548e-08
2.94668 1.4382 0 265.419 2.67226e-08
2.94668 1.4382 0 266.422 2.58224e-08
2.94668 1.4382 0 267.424 2.4953e-08
2.94668 1.4382 0 268.427 2.41134e-08
2.94668 1.4382 0 269.429 2.33025e-08
2.94668 1.4382 0 270.432 2.25194e-08
2.94668 1.4382 0 271.434 2.1763e-08
2.94668 1.4382 0 272.437 2.10324e-08
2.94668 1.4382 0 273.439 2.03268e-08
2.94668 1.4382 0 274.442 1.96452e-08
2.94668 1.4382 0 275.444 1.89868e-08
2.94668 1.4382 0 276.447 1.83508e-08
2.94668 1.4382 0 277.449 1.77365e-08
2.94668 1.4382 0 278.452 1.7143e-08
2.94668 1.4382 0 279.454 1.65697e-08
2.94668 1.4382 0 280.457 1.60159e-08
2.94668 1.4382 0 281.459 1.54808e-08
2.94668 1.4382 0 282.462 1.49639e-08
2.94668 1.4382 0 283.464 1.44645e-08
2.94668 1.4382 0 284.467 1.3982e-08
2.94668 1.4382 0 285.469 1.35158e-08
2.94668 1.4382 0 286.472 1.30653e-08
2.94668 1.4382 0 287.474 1.26301e-08
2.94668 1.4382 0 288.476 1.22096e-08
2.94668 1.4382 0 289.479 1.18032e-08
2.94668 1.4382 0 290.481 1.14106e-08
2.94668 1.4382 0 291.484 1.10312e-08
2.94668 1.4382 0 292.486 1.06646e-08
2.94668 1.4382 0 293.489 1.03103e-08
2.94668 1.4382 0 294.491 9.9679e-09
2.94668 1.4382 0 295.494 9.63704e-09
2.94668 1.4382 0 296.496 9.31729e-09
2.94668 1.4382 0 297.499 9.00828e-09
2.94668 1.4382 0 298.501 8.70964e-09
2.94668 1.4382 0 299.504 8.42102e-09
2.94668 1.4382 0 300.506 8.14208e-09
2.94668 1.4382 0 301.509 7.87248e-09
2.94668 1.4382 0 302.511 7.61192e-09
2.94668 1.4382 0 303.514 7.36007e-09
2.94668 1.4382 0 304.516 7.11665e-09
2.94668 1.4382 0 305.519 6.88137e-09
2.94668 1.4382 0 306.521 6.65396e-09
2.94668 1.4382 0 307.524 6.43414e-09
2.94668 1.4382 0 308.526 6.22166e-09
2.94668 1.4382 0 309.529 6.01628e-09
2.94668 1.4382 0 310.531 5.81774e-09
2.94668 1.4382 0 311.534 5.62583e-09
2.94668 1.4382 0 312.536 5.44031e-09
2.94668 1.4382 0 313.538 5.26097e-09
2.94668 1.4382 0 314.541 5.08761e-09
2.94668 1.4382 0 315.543 4.92001e-09
2.94668 1.4382 0 316.546 4.75799e-09
2.94668 1.4382 0 317.548 4.60136e-09
2.94668 1.4382 0 318.551 4.44993e-09
2.94668 1.4382 0 319.553 4.30353e-09
2.94668 1.4382 0 320.556 4.162e-09
2.94668 1.4382 0 321.558 4.02517e-09
2.94668 1.4382 0 322.561 3.89287e-09
2.94668 1.4382 0 323.563 3.76497e-09
2.94668 1.4382 0 324.566 3.6413e-09
2.94668 1.4382 0 325.568 3.52174e-09
2.94668 1.4382 0 326.571 3.40613e-09
2.94668 1.4382 0 327.573 3.29436e-09
2.94668 1.4382 0 328.576 3.18628e-09
2.94668 1.4382 0 329.578 3.08179e-09
2.94668 1.4382 0 330.581 2.98074e-09
2.94668 1.4382 0 331.583 2.88304e-09
2.94668 1.4382 0 332.586 2.78857e-09
2.94668 1.4382 0 333.588 2.69722e-09
2.94668 1.4382 0 334.591 2.60889e-09
2.94668 1.4382 0 335.593 2.52348e-09
2.94668 1.4382 0 336.596 2.44088e-09
2.94668 1.4382 0 337.598 2.36101e-09
2.94668 1.4382 0 338.601 2.28378e-09
2.94668 1.4382 0 339.603 2.20909e-09
2.94668 1.4382 0 340.605 2.13686e-09
2.94668 1.4382 0 341.608 2.06701e-09
2.94668 1.4382 0 342.61 1.99947e-09
2.94668 1.4382 0 343.613 1.93415e-09
2.94668 1.4382 0 344.615 1.87097e-09
2.94668 1.4382 0 345.618 1.80988e-09
2.94668 1.4382 0 346.62 1.7508e-09
2.94668 1.4382 0 347.623 1.69366e-09
2.94668 1.4382 0 348.625 1.6384e-09
2.94668 1.4382 0 349.628 1.58495e-09
2.94668 1.4382 0 350.63 1.53327e-09
2.94668 1.4382 0 351.633 1.48328e-09
2.94668 1.4382 0 352.635 1.43493e-09
2.94668 1.4382 0 353.638 1.38816e-09
2.94668 1.4382 0 354.64 1.34294e-09
2.94668 1.4382 0 355.643 1.29919e-09
2.94668 1.4382 0 356.645 1.25688e-09
2.94668 1.4382 0 357.648 1.21596e-09
2.94668 1.4382 0 358.65 1.17638e-09
2.94668 1.4382 0 359.653 1.1381e-09
2.94668 1.4382 0 360.655 1.10107e-09
2.94668 1.4382 0 361.658 1.06525e-09
2.94668 1.4382 0 362.66 1.03061e-09
2.94668 1.4382 0 363.663 9.97101e-10
2.94668 1.4382 0 364.665 9.64689e-10
2.94668 1.4382 0 365.668 9.33336e-10
2.94668 1.4382 0 366.67 9.03009e-10
2.94668 1.4382 0 367.672 8.73674e-10
2.94668 1.4382 0 368.675 8.45298e-10
2.94668 1.4382 0 369.677 8.17849e-10
2.94668 1.4382 0 370.68 7.91297e-10
2.94668 1.4382 0 371.682 7.65612e-10
2.94668 1.4382 0 372.685 7.40766e-10
2.94668 1.4382 0 373.687 7.16731e-10
2.94668 1.4382 0 374.69 6.93481e-10
2.94668 1.4382 0 375.692 6.7099e-10
2.94668 1.4382 0 376.695 6.49232e-10
2.94668 1.4382 0 377.697 6.28184e-10
2.94668 1.4382 0 378.7 6.07822e-10
2.94668 1.4382 0 379.702 5.88124e-10
2.94668 1.4382 0 380.705 5.69068e-10
2.94668 1.4382 0 381.707 5.50633e-10
2.94668 1.4382 0 382.71 5.32799e-10
2.94668 1.4382 0 383.712 5.15546e-10
2.94668 1.4382 0 384.715 4.98854e-10
2.94668 1.4382 0 385.717 4.82706e-10
2.94668 1.4382 0 386.72 4.67083e-10
2.94668 1.4382 0 387.722 4.51969e-10
2.94668 1.4382 0 388.725 4.37346e-10
2.94668 1.4382 0 389.727 4.232e-10
2.94668 1.4382 0 390.73 4.09513e-10
2.94668 1.4382 0 391.732 3.96271e-10
2.94668 1.4382 0 392.735 3.8346e-10
2.94668 1.4382 0 393.737 3.71064e-10
2.94668 1.4382 0 394.739 3.59072e-10
2.94668 1.4382 0 395.742 3.47469e-10
2.94668 1.4382 0 396.744 3.36244e-10
2.94668 1.4382 0 397.747 3.25382e-10
2.94668 1.4382 0 398.749 3.14874e-10
2.94668 1.4382 0 399.752 3.04706e-10
2.94668 1.4382 0 400.754 2.94868e-10
2.94668 1.4382 0 401.757 2.8535e-10
2.94668 1.4382 0 402.759 2.7614e-10
2.94668 1.4382 0 403.762 2.67229e-10
2.94668 1.4382 0 404.764 2.58607e-10
2.94668 1.4382 0 405.767 2.50265e-10
2.94668 1.4382 0 406.769 2.42192e-10
2.94668 1.4382 0 407.772 2.34382e-10
2.94668 1.4382 0 408.774 2.26824e-10
2.94668 1.4382 0 409.777 2.19512e-10
2.94668 1.4382 0 410.779 2.12436e-10
2.94668 1.4382 0 411.782 2.05589e-10
2.94668 1.4382 0 412.784 1.98965e-10
2.94668 1.4382 0 413.787 1.92554e-10
2.94668 1.4382 0 414.789 1.86351e-10
2.94668 1.4382 0 415.792 1.80349e-10
2.94668 1.4382 0 416.794 1.74541e-10
2.94668 1.4382 0 417.797 1.6892e-10
2.94668 1.4382 0 418.799 1.63482e-10
2.94668 1.4382 0 419.802 1.58219e-10
2.94668 1.4382 0 420.804 1.53127e-10
2.94668 1.4382 0 421.806 1.48199e-10
2.94668 1.4382 0 422.809 1.43431e-10
2.94668 1.4382 0 423.811 1.38816e-10
2.94668 1.4382 0 424.814 1.34351e-10
2.94668 1.4382 0 425.816 1.3003e-10
2.94668 1.4382 0 426.819 1.25848e-10
2.94668 1.4382 0 427.821 1.21802e-10
2.94668 1.4382 0 428.824 1.17886e-10
2.94668 1.4382 0 429.826 1.14096e-10
2.94668 1.4382 0 430.829 1.10429e-10
2.94668 1.4382 0 431.831 1.0688e-10
2.94668 1.4382 0 432.834 1.03446e-10
2.94668 1.4382 0 433.836 1.00123e-10
2.94668 1.4382 0 434.839 9.69064e-11
2.94668 1.4382 0 435.841 9.37938e-11
2.94668 1.4382 0 436.844 9.07816e-11
2.94668 1.4382 0 437.846 8.78666e-11
2.94668 1.4382 0 438.849 8.50455e-11
2.94668 1.4382 0 439.851 8.23153e-11
2.94668 1.4382 0 440.854 7.96731e-11
2.94668 1.4382 0 441.856 7.7116e-11
2.94668 1.4382 0 442.859 7.46414e-11
2.94668 1.4382 0 443.861 7.22464e-11
2.94668 1.4382 0 444.864 6.99286e-11
2.94668 1.4382 0 445.866 6.76854e-11
2.94668 1.4382 0 446.868 6.55145e-11
2.94668 1.4382 0 447.871 6.34134e-11
2.94668 1.4382 0 448.873 6.13799e-11
2.94668 1.4382 0 449.876 5.94119e-11
2.94668 1.4382 0 450.878 5.75073e-11
2.94668 1.4382 0 451.881 5.56639e-11
2.94668 1.4382 0 452.883 5.38798e-11
2.94668 1.4382 0 453.886 5.21531e-11
2.94668 1.4382 0 454.888 5.0482e-11
2.94668 1.4382 0 455.891 4.88645e-11
2.94668 1.4382 0 456.893 4.72991e-11
2.94668 1.4382 0 457.896 4.5784e-11
2.94668 1.4382 0 458.898 4.43176e-11
2.94668 1.4382 0 459.901 4.28984e-11
2.94668 1.4382 0 460.903 4.15247e-11
2.94668 1.4382 0 461.906 4.01952e-11
2.94668 1.4382 0 462.908 3.89084e-11
2.94668 1.4382 0 463.911 3.76629e-11
2.94668 1.4382 0 464.913 3.64574e-11
2.94668 1.4382 0 465.916 3.52907e-11
2.94668 1.4382 0 466.918 3.41614e-11
2.94668 1.4382 0 467.921 3.30683e-11
2.94668 1.4382 0 468.923 3.20104e-11
2.94668 1.4382 0 469.926 3.09864e-11
2.94668 1.4382 0 470.928 2.99953e-11
2.94668 1.4382 0 471.931 2.90359e-11
2.94668 1.4382 0 472.933 2.81074e-11
2.94668 1.4382 0 473.935 2.72086e-11
2.94668 1.4382 0 474.938 2.63387e-11
2.94668 1.4382 0 475.94 2.54967e-11
2.94668 1.4382 0 476.943 2.46817e-11
2.94668 1.4382 0 477.945 2.38928e-11
2.94668 1.4382 0 478.948 2.31292e-11
2.94668 1.4382 0 479.95 2.23901e-11
2.94668 1.4382 0 480.953 2.16747e-11
2.94668 1.4382 0 481.955 2.09822e-11
2.94668 1.4382 0 482.958 2.03119e-11
2.94668 1.4382 0 483.96 1.96631e-11
2.94668 1.4382 0 484.963 1.9035e-11
2.94668 1.4382 0 485.965 1.84271e-11
2.94668 1.4382 0 486.968 1.78387e-11
2.94668 1.4382 0 487.97 1.72691e-11
2.94668 1.4382 0 488.973 1.67177e-11
2.94668 1.4382 0 489.975 1.6184e-11
2.94668 1.4382 0 490.978 1.56674e-11
2.94668 1.4382 0 491.98 1.51673e-11
2.94668 1.4382 0 492.983 1.46833e-11
2.94668 1.4382 0 493.985 1.42147e-11
2.94668 1.4382 0 494.988 1.37611e-11
2.94668 1.4382 0 495.99 1.33221e-11
2.94668 1.4382 0 496.993 1.28971e-11
2.94668 1.4382 0 497.995 1.24856e-11
2.94668 1.4382 0 498.998 1.20874e-11
2.94668 1.4382 0 500 1.17019e-11

