2.18381 1.4382 200 150.015 2.33431e-05
2.18381 1.4382 200 151.017 4.17076e-05
2.18381 1.4382 200 152.02 4.20971e-05
2.18381 1.4382 200 153.022 4.03722e-05
2.18381 1.4382 200 154.025 3.85479e-05
2.18381 1.4382 200 155.027 3.6806e-05
2.18381 1.4382 200 156.03 3.51575e-05
2.18381 1.4382 200 157.032 3.35974e-05
2.18381 1.4382 200 158.035 3.21199e-05
2.18381 1.4382 200 159.037 3.07196e-05
2.18381 1.4382 200 160.04 2.93916e-05
2.18381 1.4382 200 161.042 2.81315e-05
2.18381 1.4382 200 162.045 2.69352e-05
2.18381 1.4382 200 163.047 2.57988e-05
2.18381 1.4382 200 164.05 2.47188e-05
2.18381 1.4382 200 165.052 2.36919e-05
2.18381 1.4382 200 166.054 2.27151e-05
2.18381 1.4382 200 167.057 2.17855e-05
2.18381 1.4382 200 168.059 2.09005e-05
2.18381 1.4382 200 169.062 2.00576e-05
2.18381 1.4382 200 170.064 1.92544e-05
2.18381 1.4382 200 171.067 1.84888e-05
2.18381 1.4382 200 172.069 1.77588e-05
2.18381 1.4382 200 173.072 1.70623e-05
2.18381 1.4382 200 174.074 1.63977e-05
2.18381 1.4382 200 175.077 1.57633e-05
2.18381 1.4382 200 176.079 1.51574e-05
2.18381 1.4382 200 177.082 1.45786e-05
2.18381 1.4382 200 178.084 1.40255e-05
2.18381 1.4382 200 179.087 1.34968e-05
2.18381 1.4382 200 180.089 1.29912e-05
2.18381 1.4382 200 181.092 1.25075e-05
2.18381 1.4382 200 182.094 1.20448e-05
2.18381 1.4382 200 183.096 1.16018e-05
2.18381 1.4382 200 184.099 1.11778e-05
2.18381 1.4382 200 185.101 1.07716e-05
2.18381 1.4382 200 186.104 1.03825e-05
2.18381 1.4382 200 187.106 1.00097e-05
2.18381 1.4382 200 188.109 9.65225e-06
2.18381 1.4382 200 189.111 9.30956e-06
2.18381 1.4382 200 190.114 8.98089e-06
2.18381 1.4382 200 191.116 8.66559e-06
2.18381 1.4382 200 192.119 8.36302e-06
2.18381 1.4382 200 193.121 8.0726e-06
2.18381 1.4382 200 194.124 7.79377e-06
2.18381 1.4382 200 195.126 7.52599e-06
2.18381 1.4382 200 196.129 7.26877e-06
2.18381 1.4382 200 197.131 7.02162e-06
2.18381 1.4382 200 198.133 6.7841e-06
2.18381 1.4382 200 199.136 6.55578e-06
2.18381 1.4382 200 200.138 6.33624e-06
2.18381 1.4382 200 201.141 6.12509e-06
2.18381 1.4382 200 202.143 5.92198e-06
2.18381 1.4382 200 203.146 5.72655e-06
2.18381 1.4382 200 204.148 5.53847e-06
2.18381 1.4382 200 205.151 5.35743e-06
2.18381 1.4382 200 206.153 5.18311e-06
2.18381 1.4382 200 207.156 5.01524e-06
2.18381 1.4382 200 208.158 4.85354e-06
2.18381 1.4382 200 209.161 4.69775e-06
2.18381 1.4382 200 210.163 4.54763e-06
2.18381 1.4382 200 211.166 4.40294e-06
2.18381 1.4382 200 212.168 4.26345e-06
2.18381 1.4382 200 213.171 4.12896e-06
2.18381 1.4382 200 214.173 3.99926e-06
2.18381 1.4382 200 215.175 3.87415e-06
2.18381 1.4382 200 216.178 3.75345e-06
2.18381 1.4382 200 217.18 3.63698e-06
2.18381 1.4382 200 218.183 3.52457e-06
2.18381 1.4382 200 219.185 3.41606e-06
2.18381 1.4382 200 220.188 3.3113e-06
2.18381 1.4382 200 221.19 3.21015e-06
2.18381 1.4382 200 222.193 3.11245e-06
2.18381 1.4382 200 223.195 3.01807e-06
2.18381 1.4382 200 224.198 2.92689e-06
2.18381 1.4382 200 225.2 2.83879e-06
2.18381 1.4382 200 226.203 2.75364e-06
2.18381 1.4382 200 227.205 2.67133e-06
2.18381 1.4382 200 228.208 2.59176e-06
2.18381 1.4382 200 229.21 2.51483e-06
2.18381 1.4382 200 230.212 2.44043e-06
2.18381 1.4382 200 231.215 2.36846e-06
2.18381 1.4382 200 232.217 2.29885e-06
2.18381 1.4382 200 233.22 2.2315e-06
2.18381 1.4382 200 234.222 2.16633e-06
2.18381 1.4382 200 235.225 2.10326e-06
2.18381 1.4382 200 236.227 2.04222e-06
2.18381 1.4382 200 237.23 1.98313e-06
2.18381 1.4382 200 238.232 1.92592e-06
2.18381 1.4382 200 239.235 1.87052e-06
2.18381 1.4382 200 240.237 1.81687e-06
2.18381 1.4382 200 241.24 1.76491e-06
2.18381 1.4382 200 242.242 1.71457e-06
2.18381 1.4382 200 243.245 1.66581e-06
2.18381 1.4382 200 244.247 1.61856e-06
2.18381 1.4382 200 245.25 1.57277e-06
2.18381 1.4382 200 246.252 1.5284e-06
2.18381 1.4382 200 247.254 1.48539e-06
2.18381 1.4382 200 248.257 1.4437e-06
2.18381 1.4382 200 249.259 1.40328e-06
2.18381 1.4382 200 250.262 1.36409e-06
2.18381 1.4382 200 251.264 1.32608e-06
2.18381 1.4382 200 252.267 1.28923e-06
2.18381 1.4382 200 253.269 1.25348e-06
2.18381 1.4382 200 254.272 1.2188e-06
2.18381 1.4382 200 255.274 1.18517e-06
2.18381 1.4382 200 256.277 1.15253e-06
2.18381 1.4382 200 257.279 1.12086e-06
2.18381 1.4382 200 258.282 1.09013e-06
2.18381 1.4382 200 259.284 1.0603e-06
2.18381 1.4382 200 260.287 1.03136e-06
2.18381 1.4382 200 261.289 1.00326e-06
2.18381 1.4382 200 262.291 9.75981e-07
2.18381 1.4382 200 263.294 9.49498e-07
2.18381 1.4382 200 264.296 9.23785e-07
2.18381 1.4382 200 265.299 8.98817e-07
2.18381 1.4382 200 266.301 8.7457e-07
2.18381 1.4382 200 267.304 8.51022e-07
2.18381 1.4382 200 268.306 8.2815e-07
2.18381 1.4382 200 269.309 8.05934e-07
2.18381 1.4382 200 270.311 7.84352e-07
2.18381 1.4382 200 271.314 7.63385e-07
2.18381 1.4382 200 272.316 7.43013e-07
2.18381 1.4382 200 273.319 7.2322e-07
2.18381 1.4382 200 274.321 7.03985e-07
2.18381 1.4382 200 275.324 6.85294e-07
2.18381 1.4382 200 276.326 6.67128e-07
2.18381 1.4382 200 277.329 6.49471e-07
2.18381 1.4382 200 278.331 6.3231e-07
2.18381 1.4382 200 279.333 6.15627e-07
2.18381 1.4382 200 280.336 5.99409e-07
2.18381 1.4382 200 281.338 5.83642e-07
2.18381 1.4382 200 282.341 5.68313e-07
2.18381 1.4382 200 283.343 5.53407e-07
2.18381 1.4382 200 284.346 5.38913e-07
2.18381 1.4382 200 285.348 5.24819e-07
2.18381 1.4382 200 286.351 5.11112e-07
2.18381 1.4382 200 287.353 4.97781e-07
2.18381 1.4382 200 288.356 4.84815e-07
2.18381 1.4382 200 289.358 4.72203e-07
2.18381 1.4382 200 290.361 4.59935e-07
2.18381 1.4382 200 291.363 4.48002e-07
2.18381 1.4382 200 292.366 4.36392e-07
2.18381 1.4382 200 293.368 4.25097e-07
2.18381 1.4382 200 294.37 4.14107e-07
2.18381 1.4382 200 295.373 4.03415e-07
2.18381 1.4382 200 296.375 3.93011e-07
2.18381 1.4382 200 297.378 3.82886e-07
2.18381 1.4382 200 298.38 3.73034e-07
2.18381 1.4382 200 299.383 3.63446e-07
2.18381 1.4382 200 300.385 3.54115e-07
2.18381 1.4382 200 301.388 3.45033e-07
2.18381 1.4382 200 302.39 3.36193e-07
2.18381 1.4382 200 303.393 3.27589e-07
2.18381 1.4382 200 304.395 3.19213e-07
2.18381 1.4382 200 305.398 3.1106e-07
2.18381 1.4382 200 306.4 3.03123e-07
2.18381 1.4382 200 307.403 2.95396e-07
2.18381 1.4382 200 308.405 2.87874e-07
2.18381 1.4382 200 309.408 2.8055e-07
2.18381 1.4382 200 310.41 2.73419e-07
2.18381 1.4382 200 311.412 2.66476e-07
2.18381 1.4382 200 312.415 2.59715e-07
2.18381 1.4382 200 313.417 2.53131e-07
2.18381 1.4382 200 314.42 2.4672e-07
2.18381 1.4382 200 315.422 2.40477e-07
2.18381 1.4382 200 316.425 2.34397e-07
2.18381 1.4382 200 317.427 2.28475e-07
2.18381 1.4382 200 318.43 2.22708e-07
2.18381 1.4382 200 319.432 2.17092e-07
2.18381 1.4382 200 320.435 2.11621e-07
2.18381 1.4382 200 321.437 2.06292e-07
2.18381 1.4382 200 322.44 2.01101e-07
2.18381 1.4382 200 323.442 1.96045e-07
2.18381 1.4382 200 324.445 1.9112e-07
2.18381 1.4382 200 325.447 1.86322e-07
2.18381 1.4382 200 326.449 1.81648e-07
2.18381 1.4382 200 327.452 1.77094e-07
2.18381 1.4382 200 328.454 1.72658e-07
2.18381 1.4382 200 329.457 1.68336e-07
2.18381 1.4382 200 330.459 1.64125e-07
2.18381 1.4382 200 331.462 1.60022e-07
2.18381 1.4382 200 332.464 1.56024e-07
2.18381 1.4382 200 333.467 1.52129e-07
2.18381 1.4382 200 334.469 1.48333e-07
2.18381 1.4382 200 335.472 1.44635e-07
2.18381 1.4382 200 336.474 1.41031e-07
2.18381 1.4382 200 337.477 1.37519e-07
2.18381 1.4382 200 338.479 1.34096e-07
2.18381 1.4382 200 339.482 1.30761e-07
2.18381 1.4382 200 340.484 1.27511e-07
2.18381 1.4382 200 341.487 1.24343e-07
2.18381 1.4382 200 342.489 1.21256e-07
2.18381 1.4382 200 343.491 1.18247e-07
2.18381 1.4382 200 344.494 1.15314e-07
2.18381 1.4382 200 345.496 1.12456e-07
2.18381 1.4382 200 346.499 1.0967e-07
2.18381 1.4382 200 347.501 1.06955e-07
2.18381 1.4382 200 348.504 1.04308e-07
2.18381 1.4382 200 349.506 1.01728e-07
2.18381 1.4382 200 350.509 9.92129e-08
2.18381 1.4382 200 351.511 9.67615e-08
2.18381 1.4382 200 352.514 9.43718e-08
2.18381 1.4382 200 353.516 9.20424e-08
2.18381 1.4382 200 354.519 8.97715e-08
2.18381 1.4382 200 355.521 8.75577e-08
2.18381 1.4382 200 356.524 8.53995e-08
2.18381 1.4382 200 357.526 8.32955e-08
2.18381 1.4382 200 358.528 8.12443e-08
2.18381 1.4382 200 359.531 7.92446e-08
2.18381 1.4382 200 360.533 7.72949e-08
2.18381 1.4382 200 361.536 7.5394e-08
2.18381 1.4382 200 362.538 7.35407e-08
2.18381 1.4382 200 363.541 7.17337e-08
2.18381 1.4382 200 364.543 6.99719e-08
2.18381 1.4382 200 365.546 6.82541e-08
2.18381 1.4382 200 366.548 6.65791e-08
2.18381 1.4382 200 367.551 6.49459e-08
2.18381 1.4382 200 368.553 6.33535e-08
2.18381 1.4382 200 369.556 6.18007e-08
2.18381 1.4382 200 370.558 6.02865e-08
2.18381 1.4382 200 371.561 5.881e-08
2.18381 1.4382 200 372.563 5.73703e-08
2.18381 1.4382 200 373.566 5.59663e-08
2.18381 1.4382 200 374.568 5.45972e-08
2.18381 1.4382 200 375.57 5.32621e-08
2.18381 1.4382 200 376.573 5.19601e-08
2.18381 1.4382 200 377.575 5.06904e-08
2.18381 1.4382 200 378.578 4.94521e-08
2.18381 1.4382 200 379.58 4.82446e-08
2.18381 1.4382 200 380.583 4.70669e-08
2.18381 1.4382 200 381.585 4.59184e-08
2.18381 1.4382 200 382.588 4.47982e-08
2.18381 1.4382 200 383.59 4.37058e-08
2.18381 1.4382 200 384.593 4.26404e-08
2.18381 1.4382 200 385.595 4.16013e-08
2.18381 1.4382 200 386.598 4.05878e-08
2.18381 1.4382 200 387.6 3.95993e-08
2.18381 1.4382 200 388.603 3.86352e-08
2.18381 1.4382 200 389.605 3.76949e-08
2.18381 1.4382 200 390.607 3.67778e-08
2.18381 1.4382 200 391.61 3.58832e-08
2.18381 1.4382 200 392.612 3.50106e-08
2.18381 1.4382 200 393.615 3.41596e-08
2.18381 1.4382 200 394.617 3.33294e-08
2.18381 1.4382 200 395.62 3.25197e-08
2.18381 1.4382 200 396.622 3.17299e-08
2.18381 1.4382 200 397.625 3.09594e-08
2.18381 1.4382 200 398.627 3.02079e-08
2.18381 1.4382 200 399.63 2.94749e-08
2.18381 1.4382 200 400.632 2.87598e-08
2.18381 1.4382 200 401.635 2.80623e-08
2.18381 1.4382 200 402.637 2.73818e-08
2.18381 1.4382 200 403.64 2.67181e-08
2.18381 1.4382 200 404.642 2.60706e-08
2.18381 1.4382 200 405.645 2.54389e-08
2.18381 1.4382 200 406.647 2.48227e-08
2.18381 1.4382 200 407.649 2.42216e-08
2.18381 1.4382 200 408.652 2.36352e-08
2.18381 1.4382 200 409.654 2.30632e-08
2.18381 1.4382 200 410.657 2.25051e-08
2.18381 1.4382 200 411.659 2.19607e-08
2.18381 1.4382 200 412.662 2.14295e-08
2.18381 1.4382 200 413.664 2.09114e-08
2.18381 1.4382 200 414.667 2.04058e-08
2.18381 1.4382 200 415.669 1.99126e-08
2.18381 1.4382 200 416.672 1.94315e-08
2.18381 1.4382 200 417.674 1.89621e-08
2.18381 1.4382 200 418.677 1.85041e-08
2.18381 1.4382 200 419.679 1.80573e-08
2.18381 1.4382 200 420.682 1.76213e-08
2.18381 1.4382 200 421.684 1.7196e-08
2.18381 1.4382 200 422.686 1.67811e-08
2.18381 1.4382 200 423.689 1.63762e-08
2.18381 1.4382 200 424.691 1.59812e-08
2.18381 1.4382 200 425.694 1.55958e-08
2.18381 1.4382 200 426.696 1.52198e-08
2.18381 1.4382 200 427.699 1.48529e-08
2.18381 1.4382 200 428.701 1.4495e-08
2.18381 1.4382 200 429.704 1.41457e-08
2.18381 1.4382 200 430.706 1.38049e-08
2.18381 1.4382 200 431.709 1.34724e-08
2.18381 1.4382 200 432.711 1.3148e-08
2.18381 1.4382 200 433.714 1.28314e-08
2.18381 1.4382 200 434.716 1.25225e-08
2.18381 1.4382 200 435.719 1.22212e-08
2.18381 1.4382 200 436.721 1.19271e-08
2.18381 1.4382 200 437.724 1.16401e-08
2.18381 1.4382 200 438.726 1.13601e-08
2.18381 1.4382 200 439.728 1.10869e-08
2.18381 1.4382 200 440.731 1.08204e-08
2.18381 1.4382 200 441.733 1.05602e-08
2.18381 1.4382 200 442.736 1.03064e-08
2.18381 1.4382 200 443.738 1.00587e-08
2.18381 1.4382 200 444.741 9.81702e-09
2.18381 1.4382 200 445.743 9.58118e-09
2.18381 1.4382 200 446.746 9.35105e-09
2.18381 1.4382 200 447.748 9.12648e-09
2.18381 1.4382 200 448.751 8.90734e-09
2.18381 1.4382 200 449.753 8.6935e-09
2.18381 1.4382 200 450.756 8.48482e-09
2.18381 1.4382 200 451.758 8.28119e-09
2.18381 1.4382 200 452.761 8.08248e-09
2.18381 1.4382 200 453.763 7.88857e-09
2.18381 1.4382 200 454.765 7.69934e-09
2.18381 1.4382 200 455.768 7.51468e-09
2.18381 1.4382 200 456.77 7.33448e-09
2.18381 1.4382 200 457.773 7.15862e-09
2.18381 1.4382 200 458.775 6.98701e-09
2.18381 1.4382 200 459.778 6.81954e-09
2.18381 1.4382 200 460.78 6.65611e-09
2.18381 1.4382 200 461.783 6.49661e-09
2.18381 1.4382 200 462.785 6.34097e-09
2.18381 1.4382 200 463.788 6.18907e-09
2.18381 1.4382 200 464.79 6.04084e-09
2.18381 1.4382 200 465.793 5.89617e-09
2.18381 1.4382 200 466.795 5.75499e-09
2.18381 1.4382 200 467.798 5.61721e-09
2.18381 1.4382 200 468.8 5.48275e-09
2.18381 1.4382 200 469.803 5.35153e-09
2.18381 1.4382 200 470.805 5.22346e-09
2.18381 1.4382 200 471.807 5.09848e-09
2.18381 1.4382 200 472.81 4.9765e-09
2.18381 1.4382 200 473.812 4.85746e-09
2.18381 1.4382 200 474.815 4.74128e-09
2.18381 1.4382 200 475.817 4.6279e-09
2.18381 1.4382 200 476.82 4.51724e-09
2.18381 1.4382 200 477.822 4.40924e-09
2.18381 1.4382 200 478.825 4.30384e-09
2.18381 1.4382 200 479.827 4.20097e-09
2.18381 1.4382 200 480.83 4.10057e-09
2.18381 1.4382 200 481.832 4.00259e-09
2.18381 1.4382 200 482.835 3.90696e-09
2.18381 1.4382 200 483.837 3.81362e-09
2.18381 1.4382 200 484.84 3.72253e-09
2.18381 1.4382 200 485.842 3.63362e-09
2.18381 1.4382 200 486.844 3.54685e-09
2.18381 1.4382 200 487.847 3.46215e-09
2.18381 1.4382 200 488.849 3.3795e-09
2.18381 1.4382 200 489.852 3.29882e-09
2.18381 1.4382 200 490.854 3.22008e-09
2.18381 1.4382 200 491.857 3.14323e-09
2.18381 1.4382 200 492.859 3.06822e-09
2.18381 1.4382 200 493.862 2.99501e-09
2.18381 1.4382 200 494.864 2.92356e-09
2.18381 1.4382 200 495.867 2.85381e-09
2.18381 1.4382 200 496.869 2.78574e-09
2.18381 1.4382 200 497.872 2.7193e-09
2.18381 1.4382 200 498.874 2.65445e-09
2.18381 1.4382 200 499.877 2.59116e-09
2.18381 1.4382 200 500.879 2.52938e-09
2.18381 1.4382 200 501.882 2.46908e-09
2.18381 1.4382 200 502.884 2.41023e-09
2.18381 1.4382 200 503.886 2.35278e-09
2.18381 1.4382 200 504.889 2.29671e-09
2.18381 1.4382 200 505.891 2.24198e-09
2.18381 1.4382 200 506.894 2.18857e-09
2.18381 1.4382 200 507.896 2.13643e-09
2.18381 1.4382 200 508.899 2.08553e-09
2.18381 1.4382 200 509.901 2.03586e-09
2.18381 1.4382 200 510.904 1.98737e-09
2.18381 1.4382 200 511.906 1.94004e-09
2.18381 1.4382 200 512.909 1.89385e-09
2.18381 1.4382 200 513.911 1.84876e-09
2.18381 1.4382 200 514.914 1.80474e-09
2.18381 1.4382 200 515.916 1.76178e-09
2.18381 1.4382 200 516.919 1.71985e-09
2.18381 1.4382 200 517.921 1.67892e-09
2.18381 1.4382 200 518.923 1.63896e-09
2.18381 1.4382 200 519.926 1.59996e-09
2.18381 1.4382 200 520.928 1.56189e-09
2.18381 1.4382 200 521.931 1.52474e-09
2.18381 1.4382 200 522.933 1.48846e-09
2.18381 1.4382 200 523.936 1.45306e-09
2.18381 1.4382 200 524.938 1.4185e-09
2.18381 1.4382 200 525.941 1.38477e-09
2.18381 1.4382 200 526.943 1.35184e-09
2.18381 1.4382 200 527.946 1.31969e-09
2.18381 1.4382 200 528.948 1.28832e-09
2.18381 1.4382 200 529.951 1.25769e-09
2.18381 1.4382 200 530.953 1.22779e-09
2.18381 1.4382 200 531.956 1.19861e-09
2.18381 1.4382 200 532.958 1.17012e-09
2.18381 1.4382 200 533.961 1.14232e-09
2.18381 1.4382 200 534.963 1.11517e-09
2.18381 1.4382 200 535.965 1.08867e-09
2.18381 1.4382 200 536.968 1.06281e-09
2.18381 1.4382 200 537.97 1.03756e-09
2.18381 1.4382 200 538.973 1.01291e-09
2.18381 1.4382 200 539.975 9.88855e-10
2.18381 1.4382 200 540.978 9.65369e-10
2.18381 1.4382 200 541.98 9.42443e-10
2.18381 1.4382 200 542.983 9.20064e-10
2.18381 1.4382 200 543.985 8.98217e-10
2.18381 1.4382 200 544.988 8.76892e-10
2.18381 1.4382 200 545.99 8.56074e-10
2.18381 1.4382 200 546.993 8.35752e-10
2.18381 1.4382 200 547.995 8.15914e-10
2.18381 1.4382 200 548.998 7.96548e-10
2.18381 1.4382 200 550 7.77644e-10
