3.76658 1.4382 0 100.01 1.5159e-05
3.76658 1.4382 0 101.012 2.58015e-05
3.76658 1.4382 0 102.015 2.33782e-05
3.76658 1.4382 0 103.017 2.07233e-05
3.76658 1.4382 0 104.02 1.85671e-05
3.76658 1.4382 0 105.022 1.67742e-05
3.76658 1.4382 0 106.025 1.52483e-05
3.76658 1.4382 0 107.027 1.39287e-05
3.76658 1.4382 0 108.03 1.27739e-05
3.76658 1.4382 0 109.032 1.17543e-05
3.76658 1.4382 0 110.035 1.08472e-05
3.76658 1.4382 0 111.037 1.00354e-05
3.76658 1.4382 0 112.04 9.30498e-06
3.76658 1.4382 0 113.042 8.64484e-06
3.76658 1.4382 0 114.045 8.04585e-06
3.76658 1.4382 0 115.047 7.50044e-06
3.76658 1.4382 0 116.05 7.00223e-06
3.76658 1.4382 0 117.052 6.54587e-06
3.76658 1.4382 0 118.055 6.12676e-06
3.76658 1.4382 0 119.057 5.74097e-06
3.76658 1.4382 0 120.06 5.38508e-06
3.76658 1.4382 0 121.062 5.05614e-06
3.76658 1.4382 0 122.065 4.75155e-06
3.76658 1.4382 0 123.067 4.46905e-06
3.76658 1.4382 0 124.07 4.20662e-06
3.76658 1.4382 0 125.072 3.96249e-06
3.76658 1.4382 0 126.075 3.73509e-06
3.76658 1.4382 0 127.077 3.52299e-06
3.76658 1.4382 0 128.079 3.32495e-06
3.76658 1.4382 0 129.082 3.13983e-06
3.76658 1.4382 0 130.084 2.9666e-06
3.76658 1.4382 0 131.087 2.80436e-06
3.76658 1.4382 0 132.089 2.65226e-06
3.76658 1.4382 0 133.092 2.50955e-06
3.76658 1.4382 0 134.094 2.37555e-06
3.76658 1.4382 0 135.097 2.24962e-06
3.76658 1.4382 0 136.099 2.1312e-06
3.76658 1.4382 0 137.102 2.01976e-06
3.76658 1.4382 0 138.104 1.91483e-06
3.76658 1.4382 0 139.107 1.81595e-06
3.76658 1.4382 0 140.109 1.72274e-06
3.76658 1.4382 0 141.112 1.63482e-06
3.76658 1.4382 0 142.114 1.55184e-06
3.76658 1.4382 0 143.117 1.47349e-06
3.76658 1.4382 0 144.119 1.39947e-06
3.76658 1.4382 0 145.122 1.32952e-06
3.76658 1.4382 0 146.124 1.26337e-06
3.76658 1.4382 0 147.127 1.20081e-06
3.76658 1.4382 0 148.129 1.1416e-06
3.76658 1.4382 0 149.132 1.08555e-06
3.76658 1.4382 0 150.134 1.03248e-06
3.76658 1.4382 0 151.137 9.82195e-07
3.76658 1.4382 0 152.139 9.34548e-07
3.76658 1.4382 0 153.142 8.8938e-07
3.76658 1.4382 0 154.144 8.46551e-07
3.76658 1.4382 0 155.146 8.05927e-07
3.76658 1.4382 0 156.149 7.67384e-07
3.76658 1.4382 0 157.151 7.30805e-07
3.76658 1.4382 0 158.154 6.9608e-07
3.76658 1.4382 0 159.156 6.63109e-07
3.76658 1.4382 0 160.159 6.31793e-07
3.76658 1.4382 0 161.161 6.02044e-07
3.76658 1.4382 0 162.164 5.73776e-07
3.76658 1.4382 0 163.166 5.46909e-07
3.76658 1.4382 0 164.169 5.2137e-07
3.76658 1.4382 0 165.171 4.97086e-07
3.76658 1.4382 0 166.174 4.73993e-07
3.76658 1.4382 0 167.176 4.52027e-07
3.76658 1.4382 0 168.179 4.31129e-07
3.76658 1.4382 0 169.181 4.11245e-07
3.76658 1.4382 0 170.184 3.92321e-07
3.76658 1.4382 0 171.186 3.74308e-07
3.76658 1.4382 0 172.189 3.57159e-07
3.76658 1.4382 0 173.191 3.40831e-07
3.76658 1.4382 0 174.194 3.25281e-07
3.76658 1.4382 0 175.196 3.10471e-07
3.76658 1.4382 0 176.199 2.96363e-07
3.76658 1.4382 0 177.201 2.82922e-07
3.76658 1.4382 0 178.204 2.70115e-07
3.76658 1.4382 0 179.206 2.5791e-07
3.76658 1.4382 0 180.208 2.46278e-07
3.76658 1.4382 0 181.211 2.35189e-07
3.76658 1.4382 0 182.213 2.24618e-07
3.76658 1.4382 0 183.216 2.14539e-07
3.76658 1.4382 0 184.218 2.04928e-07
3.76658 1.4382 0 185.221 1.95762e-07
3.76658 1.4382 0 186.223 1.87021e-07
3.76658 1.4382 0 187.226 1.78682e-07
3.76658 1.4382 0 188.228 1.70727e-07
3.76658 1.4382 0 189.231 1.63137e-07
3.76658 1.4382 0 190.233 1.55895e-07
3.76658 1.4382 0 191.236 1.48985e-07
3.76658 1.4382 0 192.238 1.4239e-07
3.76658 1.4382 0 193.241 1.36095e-07
3.76658 1.4382 0 194.243 1.30087e-07
3.76658 1.4382 0 195.246 1.24352e-07
3.76658 1.4382 0 196.248 1.18876e-07
3.76658 1.4382 0 197.251 1.13648e-07
3.76658 1.4382 0 198.253 1.08656e-07
3.76658 1.4382 0 199.256 1.03889e-07
3.76658 1.4382 0 200.258 9.93367e-08
3.76658 1.4382 0 201.261 9.49889e-08
3.76658 1.4382 0 202.263 9.08361e-08
3.76658 1.4382 0 203.266 8.68693e-08
3.76658 1.4382 0 204.268 8.30799e-08
3.76658 1.4382 0 205.271 7.94597e-08
3.76658 1.4382 0 206.273 7.60009e-08
3.76658 1.4382 0 207.275 7.26962e-08
3.76658 1.4382 0 208.278 6.95383e-08
3.76658 1.4382 0 209.28 6.65207e-08
3.76658 1.4382 0 210.283 6.36369e-08
3.76658 1.4382 0 211.285 6.08808e-08
3.76658 1.4382 0 212.288 5.82465e-08
3.76658 1.4382 0 213.29 5.57286e-08
3.76658 1.4382 0 214.293 5.33218e-08
3.76658 1.4382 0 215.295 5.1021e-08
3.76658 1.4382 0 216.298 4.88215e-08
3.76658 1.4382 0 217.3 4.67186e-08
3.76658 1.4382 0 218.303 4.4708e-08
3.76658 1.4382 0 219.305 4.27856e-08
3.76658 1.4382 0 220.308 4.09474e-08
3.76658 1.4382 0 221.31 3.91896e-08
3.76658 1.4382 0 222.313 3.75086e-08
3.76658 1.4382 0 223.315 3.59011e-08
3.76658 1.4382 0 224.318 3.43636e-08
3.76658 1.4382 0 225.32 3.28931e-08
3.76658 1.4382 0 226.323 3.14866e-08
3.76658 1.4382 0 227.325 3.01413e-08
3.76658 1.4382 0 228.328 2.88543e-08
3.76658 1.4382 0 229.33 2.76233e-08
3.76658 1.4382 0 230.333 2.64456e-08
3.76658 1.4382 0 231.335 2.53189e-08
3.76658 1.4382 0 232.338 2.42409e-08
3.76658 1.4382 0 233.34 2.32096e-08
3.76658 1.4382 0 234.342 2.22228e-08
3.76658 1.4382 0 235.345 2.12786e-08
3.76658 1.4382 0 236.347 2.03751e-08
3.76658 1.4382 0 237.35 1.95105e-08
3.76658 1.4382 0 238.352 1.86831e-08
3.76658 1.4382 0 239.355 1.78913e-08
3.76658 1.4382 0 240.357 1.71336e-08
3.76658 1.4382 0 241.36 1.64084e-08
3.76658 1.4382 0 242.362 1.57143e-08
3.76658 1.4382 0 243.365 1.50499e-08
3.76658 1.4382 0 244.367 1.4414e-08
3.76658 1.4382 0 245.37 1.38053e-08
3.76658 1.4382 0 246.372 1.32227e-08
3.76658 1.4382 0 247.375 1.2665e-08
3.76658 1.4382 0 248.377 1.21311e-08
3.76658 1.4382 0 249.38 1.162e-08
3.76658 1.4382 0 250.382 1.11306e-08
3.76658 1.4382 0 251.385 1.06622e-08
3.76658 1.4382 0 252.387 1.02137e-08
3.76658 1.4382 0 253.39 9.78425e-09
3.76658 1.4382 0 254.392 9.3731e-09
3.76658 1.4382 0 255.395 8.97942e-09
3.76658 1.4382 0 256.397 8.60247e-09
3.76658 1.4382 0 257.4 8.24152e-09
3.76658 1.4382 0 258.402 7.89589e-09
3.76658 1.4382 0 259.405 7.56491e-09
3.76658 1.4382 0 260.407 7.24795e-09
3.76658 1.4382 0 261.409 6.94442e-09
3.76658 1.4382 0 262.412 6.65374e-09
3.76658 1.4382 0 263.414 6.37535e-09
3.76658 1.4382 0 264.417 6.10872e-09
3.76658 1.4382 0 265.419 5.85337e-09
3.76658 1.4382 0 266.422 5.6088e-09
3.76658 1.4382 0 267.424 5.37454e-09
3.76658 1.4382 0 268.427 5.15017e-09
3.76658 1.4382 0 269.429 4.93526e-09
3.76658 1.4382 0 270.432 4.7294e-09
3.76658 1.4382 0 271.434 4.53222e-09
3.76658 1.4382 0 272.437 4.34333e-09
3.76658 1.4382 0 273.439 4.16238e-09
3.76658 1.4382 0 274.442 3.98905e-09
3.76658 1.4382 0 275.444 3.823e-09
3.76658 1.4382 0 276.447 3.66392e-09
3.76658 1.4382 0 277.449 3.51153e-09
3.76658 1.4382 0 278.452 3.36553e-09
3.76658 1.4382 0 279.454 3.22565e-09
3.76658 1.4382 0 280.457 3.09164e-09
3.76658 1.4382 0 281.459 2.96324e-09
3.76658 1.4382 0 282.462 2.84022e-09
3.76658 1.4382 0 283.464 2.72235e-09
3.76658 1.4382 0 284.467 2.60941e-09
3.76658 1.4382 0 285.469 2.5012e-09
3.76658 1.4382 0 286.472 2.39751e-09
3.76658 1.4382 0 287.474 2.29815e-09
3.76658 1.4382 0 288.476 2.20294e-09
3.76658 1.4382 0 289.479 2.11171e-09
3.76658 1.4382 0 290.481 2.02429e-09
3.76658 1.4382 0 291.484 1.94051e-09
3.76658 1.4382 0 292.486 1.86023e-09
3.76658 1.4382 0 293.489 1.7833e-09
3.76658 1.4382 0 294.491 1.70957e-09
3.76658 1.4382 0 295.494 1.63891e-09
3.76658 1.4382 0 296.496 1.57119e-09
3.76658 1.4382 0 297.499 1.50629e-09
3.76658 1.4382 0 298.501 1.44409e-09
3.76658 1.4382 0 299.504 1.38448e-09
3.76658 1.4382 0 300.506 1.32735e-09
3.76658 1.4382 0 301.509 1.27259e-09
3.76658 1.4382 0 302.511 1.2201e-09
3.76658 1.4382 0 303.514 1.1698e-09
3.76658 1.4382 0 304.516 1.12158e-09
3.76658 1.4382 0 305.519 1.07537e-09
3.76658 1.4382 0 306.521 1.03107e-09
3.76658 1.4382 0 307.524 9.88604e-10
3.76658 1.4382 0 308.526 9.47902e-10
3.76658 1.4382 0 309.529 9.08886e-10
3.76658 1.4382 0 310.531 8.71487e-10
3.76658 1.4382 0 311.534 8.35636e-10
3.76658 1.4382 0 312.536 8.0127e-10
3.76658 1.4382 0 313.538 7.68325e-10
3.76658 1.4382 0 314.541 7.36744e-10
3.76658 1.4382 0 315.543 7.06468e-10
3.76658 1.4382 0 316.546 6.77444e-10
3.76658 1.4382 0 317.548 6.4962e-10
3.76658 1.4382 0 318.551 6.22946e-10
3.76658 1.4382 0 319.553 5.97373e-10
3.76658 1.4382 0 320.556 5.72856e-10
3.76658 1.4382 0 321.558 5.49351e-10
3.76658 1.4382 0 322.561 5.26816e-10
3.76658 1.4382 0 323.563 5.05211e-10
3.76658 1.4382 0 324.566 4.84497e-10
3.76658 1.4382 0 325.568 4.64636e-10
3.76658 1.4382 0 326.571 4.45595e-10
3.76658 1.4382 0 327.573 4.27338e-10
3.76658 1.4382 0 328.576 4.09833e-10
3.76658 1.4382 0 329.578 3.93049e-10
3.76658 1.4382 0 330.581 3.76956e-10
3.76658 1.4382 0 331.583 3.61525e-10
3.76658 1.4382 0 332.586 3.4673e-10
3.76658 1.4382 0 333.588 3.32543e-10
3.76658 1.4382 0 334.591 3.18939e-10
3.76658 1.4382 0 335.593 3.05895e-10
3.76658 1.4382 0 336.596 2.93387e-10
3.76658 1.4382 0 337.598 2.81393e-10
3.76658 1.4382 0 338.601 2.69892e-10
3.76658 1.4382 0 339.603 2.58863e-10
3.76658 1.4382 0 340.605 2.48288e-10
3.76658 1.4382 0 341.608 2.38146e-10
3.76658 1.4382 0 342.61 2.2842e-10
3.76658 1.4382 0 343.613 2.19094e-10
3.76658 1.4382 0 344.615 2.1015e-10
3.76658 1.4382 0 345.618 2.01573e-10
3.76658 1.4382 0 346.62 1.93348e-10
3.76658 1.4382 0 347.623 1.8546e-10
3.76658 1.4382 0 348.625 1.77895e-10
3.76658 1.4382 0 349.628 1.7064e-10
3.76658 1.4382 0 350.63 1.63682e-10
3.76658 1.4382 0 351.633 1.57009e-10
3.76658 1.4382 0 352.635 1.5061e-10
3.76658 1.4382 0 353.638 1.44472e-10
3.76658 1.4382 0 354.64 1.38586e-10
3.76658 1.4382 0 355.643 1.32941e-10
3.76658 1.4382 0 356.645 1.27526e-10
3.76658 1.4382 0 357.648 1.22333e-10
3.76658 1.4382 0 358.65 1.17352e-10
3.76658 1.4382 0 359.653 1.12575e-10
3.76658 1.4382 0 360.655 1.07994e-10
3.76658 1.4382 0 361.658 1.03599e-10
3.76658 1.4382 0 362.66 9.9384e-11
3.76658 1.4382 0 363.663 9.53412e-11
3.76658 1.4382 0 364.665 9.14635e-11
3.76658 1.4382 0 365.668 8.77442e-11
3.76658 1.4382 0 366.67 8.41766e-11
3.76658 1.4382 0 367.672 8.07548e-11
3.76658 1.4382 0 368.675 7.74725e-11
3.76658 1.4382 0 369.677 7.43242e-11
3.76658 1.4382 0 370.68 7.13043e-11
3.76658 1.4382 0 371.682 6.84075e-11
3.76658 1.4382 0 372.685 6.56289e-11
3.76658 1.4382 0 373.687 6.29636e-11
3.76658 1.4382 0 374.69 6.04069e-11
3.76658 1.4382 0 375.692 5.79544e-11
3.76658 1.4382 0 376.695 5.56019e-11
3.76658 1.4382 0 377.697 5.33452e-11
3.76658 1.4382 0 378.7 5.11804e-11
3.76658 1.4382 0 379.702 4.91038e-11
3.76658 1.4382 0 380.705 4.71117e-11
3.76658 1.4382 0 381.707 4.52007e-11
3.76658 1.4382 0 382.71 4.33675e-11
3.76658 1.4382 0 383.712 4.1609e-11
3.76658 1.4382 0 384.715 3.99219e-11
3.76658 1.4382 0 385.717 3.83035e-11
3.76658 1.4382 0 386.72 3.6751e-11
3.76658 1.4382 0 387.722 3.52616e-11
3.76658 1.4382 0 388.725 3.38327e-11
3.76658 1.4382 0 389.727 3.24619e-11
3.76658 1.4382 0 390.73 3.11469e-11
3.76658 1.4382 0 391.732 2.98853e-11
3.76658 1.4382 0 392.735 2.8675e-11
3.76658 1.4382 0 393.737 2.75138e-11
3.76658 1.4382 0 394.739 2.63998e-11
3.76658 1.4382 0 395.742 2.53311e-11
3.76658 1.4382 0 396.744 2.43057e-11
3.76658 1.4382 0 397.747 2.3322e-11
3.76658 1.4382 0 398.749 2.23783e-11
3.76658 1.4382 0 399.752 2.14728e-11
3.76658 1.4382 0 400.754 2.06041e-11
3.76658 1.4382 0 401.757 1.97706e-11
3.76658 1.4382 0 402.759 1.8971e-11
3.76658 1.4382 0 403.762 1.82038e-11
3.76658 1.4382 0 404.764 1.74677e-11
3.76658 1.4382 0 405.767 1.67614e-11
3.76658 1.4382 0 406.769 1.60838e-11
3.76658 1.4382 0 407.772 1.54337e-11
3.76658 1.4382 0 408.774 1.48099e-11
3.76658 1.4382 0 409.777 1.42114e-11
3.76658 1.4382 0 410.779 1.36372e-11
3.76658 1.4382 0 411.782 1.30862e-11
3.76658 1.4382 0 412.784 1.25576e-11
3.76658 1.4382 0 413.787 1.20504e-11
3.76658 1.4382 0 414.789 1.15637e-11
3.76658 1.4382 0 415.792 1.10967e-11
3.76658 1.4382 0 416.794 1.06486e-11
3.76658 1.4382 0 417.797 1.02187e-11
3.76658 1.4382 0 418.799 9.8062e-12
3.76658 1.4382 0 419.802 9.41038e-12
3.76658 1.4382 0 420.804 9.03058e-12
3.76658 1.4382 0 421.806 8.66614e-12
3.76658 1.4382 0 422.809 8.31645e-12
3.76658 1.4382 0 423.811 7.98091e-12
3.76658 1.4382 0 424.814 7.65894e-12
3.76658 1.4382 0 425.816 7.35e-12
3.76658 1.4382 0 426.819 7.05355e-12
3.76658 1.4382 0 427.821 6.76908e-12
3.76658 1.4382 0 428.824 6.49612e-12
3.76658 1.4382 0 429.826 6.23419e-12
3.76658 1.4382 0 430.829 5.98285e-12
3.76658 1.4382 0 431.831 5.74166e-12
3.76658 1.4382 0 432.834 5.51023e-12
3.76658 1.4382 0 433.836 5.28814e-12
3.76658 1.4382 0 434.839 5.07503e-12
3.76658 1.4382 0 435.841 4.87052e-12
3.76658 1.4382 0 436.844 4.67428e-12
3.76658 1.4382 0 437.846 4.48596e-12
3.76658 1.4382 0 438.849 4.30525e-12
3.76658 1.4382 0 439.851 4.13183e-12
3.76658 1.4382 0 440.854 3.96542e-12
3.76658 1.4382 0 441.856 3.80572e-12
3.76658 1.4382 0 442.859 3.65247e-12
3.76658 1.4382 0 443.861 3.50541e-12
3.76658 1.4382 0 444.864 3.36428e-12
3.76658 1.4382 0 445.866 3.22884e-12
3.76658 1.4382 0 446.868 3.09887e-12
3.76658 1.4382 0 447.871 2.97414e-12
3.76658 1.4382 0 448.873 2.85445e-12
3.76658 1.4382 0 449.876 2.73958e-12
3.76658 1.4382 0 450.878 2.62934e-12
3.76658 1.4382 0 451.881 2.52355e-12
3.76658 1.4382 0 452.883 2.42203e-12
3.76658 1.4382 0 453.886 2.32459e-12
3.76658 1.4382 0 454.888 2.23109e-12
3.76658 1.4382 0 455.891 2.14136e-12
3.76658 1.4382 0 456.893 2.05524e-12
3.76658 1.4382 0 457.896 1.97259e-12
3.76658 1.4382 0 458.898 1.89327e-12
3.76658 1.4382 0 459.901 1.81715e-12
3.76658 1.4382 0 460.903 1.7441e-12
3.76658 1.4382 0 461.906 1.67399e-12
3.76658 1.4382 0 462.908 1.6067e-12
3.76658 1.4382 0 463.911 1.54212e-12
3.76658 1.4382 0 464.913 1.48014e-12
3.76658 1.4382 0 465.916 1.42066e-12
3.76658 1.4382 0 466.918 1.36358e-12
3.76658 1.4382 0 467.921 1.30879e-12
3.76658 1.4382 0 468.923 1.25621e-12
3.76658 1.4382 0 469.926 1.20574e-12
3.76658 1.4382 0 470.928 1.15731e-12
3.76658 1.4382 0 471.931 1.11082e-12
3.76658 1.4382 0 472.933 1.06621e-12
3.76658 1.4382 0 473.935 1.02339e-12
3.76658 1.4382 0 474.938 9.82295e-13
3.76658 1.4382 0 475.94 9.42853e-13
3.76658 1.4382 0 476.943 9.04997e-13
3.76658 1.4382 0 477.945 8.68664e-13
3.76658 1.4382 0 478.948 8.33792e-13
3.76658 1.4382 0 479.95 8.00323e-13
3.76658 1.4382 0 480.953 7.68199e-13
3.76658 1.4382 0 481.955 7.37368e-13
3.76658 1.4382 0 482.958 7.07775e-13
3.76658 1.4382 0 483.96 6.79373e-13
3.76658 1.4382 0 484.963 6.52113e-13
3.76658 1.4382 0 485.965 6.25948e-13
3.76658 1.4382 0 486.968 6.00835e-13
3.76658 1.4382 0 487.97 5.76731e-13
3.76658 1.4382 0 488.973 5.53596e-13
3.76658 1.4382 0 489.975 5.3139e-13
3.76658 1.4382 0 490.978 5.10077e-13
3.76658 1.4382 0 491.98 4.8962e-13
3.76658 1.4382 0 492.983 4.69985e-13
3.76658 1.4382 0 493.985 4.51139e-13
3.76658 1.4382 0 494.988 4.33049e-13
3.76658 1.4382 0 495.99 4.15687e-13
3.76658 1.4382 0 496.993 3.99021e-13
3.76658 1.4382 0 497.995 3.83025e-13
3.76658 1.4382 0 498.998 3.67671e-13
3.76658 1.4382 0 500 3.52933e-13

