2.72281 1.4382 0 150.015 1.62397e-05
2.72281 1.4382 0 151.017 2.88425e-05
2.72281 1.4382 0 152.02 2.8729e-05
2.72281 1.4382 0 153.022 2.7123e-05
2.72281 1.4382 0 154.025 2.55508e-05
2.72281 1.4382 0 155.027 2.40939e-05
2.72281 1.4382 0 156.03 2.27438e-05
2.72281 1.4382 0 157.032 2.14896e-05
2.72281 1.4382 0 158.035 2.03222e-05
2.72281 1.4382 0 159.037 1.92338e-05
2.72281 1.4382 0 160.04 1.82176e-05
2.72281 1.4382 0 161.042 1.72678e-05
2.72281 1.4382 0 162.045 1.6379e-05
2.72281 1.4382 0 163.047 1.55465e-05
2.72281 1.4382 0 164.05 1.47659e-05
2.72281 1.4382 0 165.052 1.40332e-05
2.72281 1.4382 0 166.054 1.33451e-05
2.72281 1.4382 0 167.057 1.26981e-05
2.72281 1.4382 0 168.059 1.20893e-05
2.72281 1.4382 0 169.062 1.15161e-05
2.72281 1.4382 0 170.064 1.09759e-05
2.72281 1.4382 0 171.067 1.04664e-05
2.72281 1.4382 0 172.069 9.98557e-06
2.72281 1.4382 0 173.072 9.53142e-06
2.72281 1.4382 0 174.074 9.10219e-06
2.72281 1.4382 0 175.077 8.69623e-06
2.72281 1.4382 0 176.079 8.31203e-06
2.72281 1.4382 0 177.082 7.94817e-06
2.72281 1.4382 0 178.084 7.60337e-06
2.72281 1.4382 0 179.087 7.27643e-06
2.72281 1.4382 0 180.089 6.96622e-06
2.72281 1.4382 0 181.092 6.67173e-06
2.72281 1.4382 0 182.094 6.392e-06
2.72281 1.4382 0 183.096 6.12613e-06
2.72281 1.4382 0 184.099 5.87331e-06
2.72281 1.4382 0 185.101 5.63276e-06
2.72281 1.4382 0 186.104 5.40377e-06
2.72281 1.4382 0 187.106 5.18568e-06
2.72281 1.4382 0 188.109 4.97786e-06
2.72281 1.4382 0 189.111 4.77974e-06
2.72281 1.4382 0 190.114 4.59077e-06
2.72281 1.4382 0 191.116 4.41046e-06
2.72281 1.4382 0 192.119 4.23832e-06
2.72281 1.4382 0 193.121 4.07392e-06
2.72281 1.4382 0 194.124 3.91685e-06
2.72281 1.4382 0 195.126 3.76672e-06
2.72281 1.4382 0 196.129 3.62316e-06
2.72281 1.4382 0 197.131 3.48584e-06
2.72281 1.4382 0 198.133 3.35443e-06
2.72281 1.4382 0 199.136 3.22864e-06
2.72281 1.4382 0 200.138 3.10819e-06
2.72281 1.4382 0 201.141 2.9928e-06
2.72281 1.4382 0 202.143 2.88223e-06
2.72281 1.4382 0 203.146 2.77625e-06
2.72281 1.4382 0 204.148 2.67463e-06
2.72281 1.4382 0 205.151 2.57716e-06
2.72281 1.4382 0 206.153 2.48365e-06
2.72281 1.4382 0 207.156 2.39391e-06
2.72281 1.4382 0 208.158 2.30776e-06
2.72281 1.4382 0 209.161 2.22505e-06
2.72281 1.4382 0 210.163 2.1456e-06
2.72281 1.4382 0 211.166 2.06928e-06
2.72281 1.4382 0 212.168 1.99595e-06
2.72281 1.4382 0 213.171 1.92546e-06
2.72281 1.4382 0 214.173 1.8577e-06
2.72281 1.4382 0 215.175 1.79254e-06
2.72281 1.4382 0 216.178 1.72987e-06
2.72281 1.4382 0 217.18 1.66959e-06
2.72281 1.4382 0 218.183 1.61158e-06
2.72281 1.4382 0 219.185 1.55576e-06
2.72281 1.4382 0 220.188 1.50203e-06
2.72281 1.4382 0 221.19 1.45031e-06
2.72281 1.4382 0 222.193 1.4005e-06
2.72281 1.4382 0 223.195 1.35253e-06
2.72281 1.4382 0 224.198 1.30633e-06
2.72281 1.4382 0 225.2 1.26182e-06
2.72281 1.4382 0 226.203 1.21893e-06
2.72281 1.4382 0 227.205 1.17761e-06
2.72281 1.4382 0 228.208 1.13777e-06
2.72281 1.4382 0 229.21 1.09938e-06
2.72281 1.4382 0 230.212 1.06236e-06
2.72281 1.4382 0 231.215 1.02666e-06
2.72281 1.4382 0 232.217 9.92242e-07
2.72281 1.4382 0 233.22 9.59044e-07
2.72281 1.4382 0 234.222 9.27021e-07
2.72281 1.4382 0 235.225 8.96128e-07
2.72281 1.4382 0 236.227 8.66322e-07
2.72281 1.4382 0 237.23 8.37561e-07
2.72281 1.4382 0 238.232 8.09806e-07
2.72281 1.4382 0 239.235 7.83018e-07
2.72281 1.4382 0 240.237 7.57162e-07
2.72281 1.4382 0 241.24 7.32201e-07
2.72281 1.4382 0 242.242 7.08104e-07
2.72281 1.4382 0 243.245 6.84837e-07
2.72281 1.4382 0 244.247 6.62369e-07
2.72281 1.4382 0 245.25 6.40673e-07
2.72281 1.4382 0 246.252 6.19718e-07
2.72281 1.4382 0 247.254 5.99479e-07
2.72281 1.4382 0 248.257 5.79929e-07
2.72281 1.4382 0 249.259 5.61042e-07
2.72281 1.4382 0 250.262 5.42796e-07
2.72281 1.4382 0 251.264 5.25167e-07
2.72281 1.4382 0 252.267 5.08132e-07
2.72281 1.4382 0 253.269 4.91672e-07
2.72281 1.4382 0 254.272 4.75764e-07
2.72281 1.4382 0 255.274 4.6039e-07
2.72281 1.4382 0 256.277 4.4553e-07
2.72281 1.4382 0 257.279 4.31167e-07
2.72281 1.4382 0 258.282 4.17282e-07
2.72281 1.4382 0 259.284 4.0386e-07
2.72281 1.4382 0 260.287 3.90884e-07
2.72281 1.4382 0 261.289 3.78338e-07
2.72281 1.4382 0 262.291 3.66208e-07
2.72281 1.4382 0 263.294 3.54478e-07
2.72281 1.4382 0 264.296 3.43136e-07
2.72281 1.4382 0 265.299 3.32168e-07
2.72281 1.4382 0 266.301 3.2156e-07
2.72281 1.4382 0 267.304 3.11301e-07
2.72281 1.4382 0 268.306 3.01378e-07
2.72281 1.4382 0 269.309 2.9178e-07
2.72281 1.4382 0 270.311 2.82497e-07
2.72281 1.4382 0 271.314 2.73516e-07
2.72281 1.4382 0 272.316 2.64829e-07
2.72281 1.4382 0 273.319 2.56424e-07
2.72281 1.4382 0 274.321 2.48293e-07
2.72281 1.4382 0 275.324 2.40426e-07
2.72281 1.4382 0 276.326 2.32815e-07
2.72281 1.4382 0 277.329 2.2545e-07
2.72281 1.4382 0 278.331 2.18324e-07
2.72281 1.4382 0 279.333 2.11428e-07
2.72281 1.4382 0 280.336 2.04755e-07
2.72281 1.4382 0 281.338 1.98297e-07
2.72281 1.4382 0 282.341 1.92047e-07
2.72281 1.4382 0 283.343 1.85999e-07
2.72281 1.4382 0 284.346 1.80145e-07
2.72281 1.4382 0 285.348 1.74479e-07
2.72281 1.4382 0 286.351 1.68995e-07
2.72281 1.4382 0 287.353 1.63687e-07
2.72281 1.4382 0 288.356 1.58548e-07
2.72281 1.4382 0 289.358 1.53575e-07
2.72281 1.4382 0 290.361 1.4876e-07
2.72281 1.4382 0 291.363 1.44099e-07
2.72281 1.4382 0 292.366 1.39587e-07
2.72281 1.4382 0 293.368 1.35219e-07
2.72281 1.4382 0 294.37 1.30989e-07
2.72281 1.4382 0 295.373 1.26895e-07
2.72281 1.4382 0 296.375 1.22931e-07
2.72281 1.4382 0 297.378 1.19092e-07
2.72281 1.4382 0 298.38 1.15376e-07
2.72281 1.4382 0 299.383 1.11778e-07
2.72281 1.4382 0 300.385 1.08293e-07
2.72281 1.4382 0 301.388 1.04919e-07
2.72281 1.4382 0 302.39 1.01652e-07
2.72281 1.4382 0 303.393 9.8488e-08
2.72281 1.4382 0 304.395 9.54242e-08
2.72281 1.4382 0 305.398 9.24571e-08
2.72281 1.4382 0 306.4 8.95837e-08
2.72281 1.4382 0 307.403 8.68009e-08
2.72281 1.4382 0 308.405 8.41058e-08
2.72281 1.4382 0 309.408 8.14956e-08
2.72281 1.4382 0 310.41 7.89676e-08
2.72281 1.4382 0 311.412 7.65191e-08
2.72281 1.4382 0 312.415 7.41476e-08
2.72281 1.4382 0 313.417 7.18506e-08
2.72281 1.4382 0 314.42 6.96258e-08
2.72281 1.4382 0 315.422 6.74707e-08
2.72281 1.4382 0 316.425 6.53832e-08
2.72281 1.4382 0 317.427 6.33612e-08
2.72281 1.4382 0 318.43 6.14025e-08
2.72281 1.4382 0 319.432 5.95052e-08
2.72281 1.4382 0 320.435 5.76672e-08
2.72281 1.4382 0 321.437 5.58867e-08
2.72281 1.4382 0 322.44 5.41618e-08
2.72281 1.4382 0 323.442 5.24908e-08
2.72281 1.4382 0 324.445 5.0872e-08
2.72281 1.4382 0 325.447 4.93037e-08
2.72281 1.4382 0 326.449 4.77843e-08
2.72281 1.4382 0 327.452 4.63123e-08
2.72281 1.4382 0 328.454 4.48862e-08
2.72281 1.4382 0 329.457 4.35045e-08
2.72281 1.4382 0 330.459 4.21657e-08
2.72281 1.4382 0 331.462 4.08687e-08
2.72281 1.4382 0 332.464 3.96119e-08
2.72281 1.4382 0 333.467 3.83943e-08
2.72281 1.4382 0 334.469 3.72144e-08
2.72281 1.4382 0 335.472 3.60713e-08
2.72281 1.4382 0 336.474 3.49635e-08
2.72281 1.4382 0 337.477 3.38902e-08
2.72281 1.4382 0 338.479 3.28502e-08
2.72281 1.4382 0 339.482 3.18424e-08
2.72281 1.4382 0 340.484 3.08658e-08
2.72281 1.4382 0 341.487 2.99195e-08
2.72281 1.4382 0 342.489 2.90024e-08
2.72281 1.4382 0 343.491 2.81138e-08
2.72281 1.4382 0 344.494 2.72526e-08
2.72281 1.4382 0 345.496 2.64181e-08
2.72281 1.4382 0 346.499 2.56094e-08
2.72281 1.4382 0 347.501 2.48257e-08
2.72281 1.4382 0 348.504 2.40661e-08
2.72281 1.4382 0 349.506 2.33301e-08
2.72281 1.4382 0 350.509 2.26167e-08
2.72281 1.4382 0 351.511 2.19253e-08
2.72281 1.4382 0 352.514 2.12553e-08
2.72281 1.4382 0 353.516 2.06059e-08
2.72281 1.4382 0 354.519 1.99766e-08
2.72281 1.4382 0 355.521 1.93666e-08
2.72281 1.4382 0 356.524 1.87754e-08
2.72281 1.4382 0 357.526 1.82025e-08
2.72281 1.4382 0 358.528 1.76471e-08
2.72281 1.4382 0 359.531 1.71088e-08
2.72281 1.4382 0 360.533 1.65871e-08
2.72281 1.4382 0 361.536 1.60815e-08
2.72281 1.4382 0 362.538 1.55913e-08
2.72281 1.4382 0 363.541 1.51163e-08
2.72281 1.4382 0 364.543 1.46558e-08
2.72281 1.4382 0 365.546 1.42094e-08
2.72281 1.4382 0 366.548 1.37768e-08
2.72281 1.4382 0 367.551 1.33574e-08
2.72281 1.4382 0 368.553 1.29509e-08
2.72281 1.4382 0 369.556 1.25569e-08
2.72281 1.4382 0 370.558 1.2175e-08
2.72281 1.4382 0 371.561 1.18047e-08
2.72281 1.4382 0 372.563 1.14458e-08
2.72281 1.4382 0 373.566 1.10979e-08
2.72281 1.4382 0 374.568 1.07606e-08
2.72281 1.4382 0 375.57 1.04337e-08
2.72281 1.4382 0 376.573 1.01168e-08
2.72281 1.4382 0 377.575 9.80953e-09
2.72281 1.4382 0 378.578 9.5117e-09
2.72281 1.4382 0 379.58 9.22297e-09
2.72281 1.4382 0 380.583 8.94307e-09
2.72281 1.4382 0 381.585 8.67172e-09
2.72281 1.4382 0 382.588 8.40866e-09
2.72281 1.4382 0 383.59 8.15363e-09
2.72281 1.4382 0 384.593 7.9064e-09
2.72281 1.4382 0 385.595 7.66671e-09
2.72281 1.4382 0 386.598 7.43433e-09
2.72281 1.4382 0 387.6 7.20905e-09
2.72281 1.4382 0 388.603 6.99063e-09
2.72281 1.4382 0 389.605 6.77888e-09
2.72281 1.4382 0 390.607 6.57359e-09
2.72281 1.4382 0 391.61 6.37455e-09
2.72281 1.4382 0 392.612 6.18157e-09
2.72281 1.4382 0 393.615 5.99448e-09
2.72281 1.4382 0 394.617 5.81308e-09
2.72281 1.4382 0 395.62 5.63721e-09
2.72281 1.4382 0 396.622 5.46669e-09
2.72281 1.4382 0 397.625 5.30137e-09
2.72281 1.4382 0 398.627 5.14107e-09
2.72281 1.4382 0 399.63 4.98565e-09
2.72281 1.4382 0 400.632 4.83495e-09
2.72281 1.4382 0 401.635 4.68884e-09
2.72281 1.4382 0 402.637 4.54717e-09
2.72281 1.4382 0 403.64 4.40981e-09
2.72281 1.4382 0 404.642 4.27662e-09
2.72281 1.4382 0 405.645 4.14747e-09
2.72281 1.4382 0 406.647 4.02225e-09
2.72281 1.4382 0 407.649 3.90083e-09
2.72281 1.4382 0 408.652 3.7831e-09
2.72281 1.4382 0 409.654 3.66894e-09
2.72281 1.4382 0 410.657 3.55825e-09
2.72281 1.4382 0 411.659 3.45091e-09
2.72281 1.4382 0 412.662 3.34683e-09
2.72281 1.4382 0 413.664 3.24591e-09
2.72281 1.4382 0 414.667 3.14805e-09
2.72281 1.4382 0 415.669 3.05315e-09
2.72281 1.4382 0 416.672 2.96113e-09
2.72281 1.4382 0 417.674 2.8719e-09
2.72281 1.4382 0 418.677 2.78537e-09
2.72281 1.4382 0 419.679 2.70146e-09
2.72281 1.4382 0 420.682 2.62009e-09
2.72281 1.4382 0 421.684 2.54119e-09
2.72281 1.4382 0 422.686 2.46468e-09
2.72281 1.4382 0 423.689 2.39048e-09
2.72281 1.4382 0 424.691 2.31853e-09
2.72281 1.4382 0 425.694 2.24875e-09
2.72281 1.4382 0 426.696 2.18108e-09
2.72281 1.4382 0 427.699 2.11547e-09
2.72281 1.4382 0 428.701 2.05183e-09
2.72281 1.4382 0 429.704 1.99012e-09
2.72281 1.4382 0 430.706 1.93027e-09
2.72281 1.4382 0 431.709 1.87224e-09
2.72281 1.4382 0 432.711 1.81595e-09
2.72281 1.4382 0 433.714 1.76137e-09
2.72281 1.4382 0 434.716 1.70843e-09
2.72281 1.4382 0 435.719 1.6571e-09
2.72281 1.4382 0 436.721 1.60731e-09
2.72281 1.4382 0 437.724 1.55903e-09
2.72281 1.4382 0 438.726 1.5122e-09
2.72281 1.4382 0 439.728 1.46679e-09
2.72281 1.4382 0 440.731 1.42275e-09
2.72281 1.4382 0 441.733 1.38003e-09
2.72281 1.4382 0 442.736 1.33861e-09
2.72281 1.4382 0 443.738 1.29843e-09
2.72281 1.4382 0 444.741 1.25947e-09
2.72281 1.4382 0 445.743 1.22168e-09
2.72281 1.4382 0 446.746 1.18503e-09
2.72281 1.4382 0 447.748 1.14948e-09
2.72281 1.4382 0 448.751 1.115e-09
2.72281 1.4382 0 449.753 1.08157e-09
2.72281 1.4382 0 450.756 1.04914e-09
2.72281 1.4382 0 451.758 1.01768e-09
2.72281 1.4382 0 452.761 9.87179e-10
2.72281 1.4382 0 453.763 9.57591e-10
2.72281 1.4382 0 454.765 9.28895e-10
2.72281 1.4382 0 455.768 9.01062e-10
2.72281 1.4382 0 456.77 8.74066e-10
2.72281 1.4382 0 457.773 8.47883e-10
2.72281 1.4382 0 458.775 8.22487e-10
2.72281 1.4382 0 459.778 7.97855e-10
2.72281 1.4382 0 460.78 7.73965e-10
2.72281 1.4382 0 461.783 7.50792e-10
2.72281 1.4382 0 462.785 7.28316e-10
2.72281 1.4382 0 463.788 7.06516e-10
2.72281 1.4382 0 464.79 6.85371e-10
2.72281 1.4382 0 465.793 6.64861e-10
2.72281 1.4382 0 466.795 6.44968e-10
2.72281 1.4382 0 467.798 6.25672e-10
2.72281 1.4382 0 468.8 6.06956e-10
2.72281 1.4382 0 469.803 5.88803e-10
2.72281 1.4382 0 470.805 5.71194e-10
2.72281 1.4382 0 471.807 5.54114e-10
2.72281 1.4382 0 472.81 5.37546e-10
2.72281 1.4382 0 473.812 5.21477e-10
2.72281 1.4382 0 474.815 5.05889e-10
2.72281 1.4382 0 475.817 4.90769e-10
2.72281 1.4382 0 476.82 4.76103e-10
2.72281 1.4382 0 477.822 4.61876e-10
2.72281 1.4382 0 478.825 4.48077e-10
2.72281 1.4382 0 479.827 4.34691e-10
2.72281 1.4382 0 480.83 4.21707e-10
2.72281 1.4382 0 481.832 4.09112e-10
2.72281 1.4382 0 482.835 3.96895e-10
2.72281 1.4382 0 483.837 3.85043e-10
2.72281 1.4382 0 484.84 3.73548e-10
2.72281 1.4382 0 485.842 3.62396e-10
2.72281 1.4382 0 486.844 3.51579e-10
2.72281 1.4382 0 487.847 3.41086e-10
2.72281 1.4382 0 488.849 3.30907e-10
2.72281 1.4382 0 489.852 3.21033e-10
2.72281 1.4382 0 490.854 3.11454e-10
2.72281 1.4382 0 491.857 3.02163e-10
2.72281 1.4382 0 492.859 2.9315e-10
2.72281 1.4382 0 493.862 2.84406e-10
2.72281 1.4382 0 494.864 2.75924e-10
2.72281 1.4382 0 495.867 2.67696e-10
2.72281 1.4382 0 496.869 2.59715e-10
2.72281 1.4382 0 497.872 2.51972e-10
2.72281 1.4382 0 498.874 2.44461e-10
2.72281 1.4382 0 499.877 2.37174e-10
2.72281 1.4382 0 500.879 2.30105e-10
2.72281 1.4382 0 501.882 2.23248e-10
2.72281 1.4382 0 502.884 2.16596e-10
2.72281 1.4382 0 503.886 2.10143e-10
2.72281 1.4382 0 504.889 2.03883e-10
2.72281 1.4382 0 505.891 1.97809e-10
2.72281 1.4382 0 506.894 1.91918e-10
2.72281 1.4382 0 507.896 1.86202e-10
2.72281 1.4382 0 508.899 1.80657e-10
2.72281 1.4382 0 509.901 1.75278e-10
2.72281 1.4382 0 510.904 1.7006e-10
2.72281 1.4382 0 511.906 1.64997e-10
2.72281 1.4382 0 512.909 1.60086e-10
2.72281 1.4382 0 513.911 1.55321e-10
2.72281 1.4382 0 514.914 1.50699e-10
2.72281 1.4382 0 515.916 1.46214e-10
2.72281 1.4382 0 516.919 1.41864e-10
2.72281 1.4382 0 517.921 1.37643e-10
2.72281 1.4382 0 518.923 1.33548e-10
2.72281 1.4382 0 519.926 1.29576e-10
2.72281 1.4382 0 520.928 1.25722e-10
2.72281 1.4382 0 521.931 1.21983e-10
2.72281 1.4382 0 522.933 1.18355e-10
2.72281 1.4382 0 523.936 1.14836e-10
2.72281 1.4382 0 524.938 1.11422e-10
2.72281 1.4382 0 525.941 1.0811e-10
2.72281 1.4382 0 526.943 1.04896e-10
2.72281 1.4382 0 527.946 1.01778e-10
2.72281 1.4382 0 528.948 9.87533e-11
2.72281 1.4382 0 529.951 9.58187e-11
2.72281 1.4382 0 530.953 9.29715e-11
2.72281 1.4382 0 531.956 9.02091e-11
2.72281 1.4382 0 532.958 8.75291e-11
2.72281 1.4382 0 533.961 8.49289e-11
2.72281 1.4382 0 534.963 8.24062e-11
2.72281 1.4382 0 535.965 7.99587e-11
2.72281 1.4382 0 536.968 7.75841e-11
2.72281 1.4382 0 537.97 7.52802e-11
2.72281 1.4382 0 538.973 7.30449e-11
2.72281 1.4382 0 539.975 7.08762e-11
2.72281 1.4382 0 540.978 6.87721e-11
2.72281 1.4382 0 541.98 6.67306e-11
2.72281 1.4382 0 542.983 6.47499e-11
2.72281 1.4382 0 543.985 6.28281e-11
2.72281 1.4382 0 544.988 6.09636e-11
2.72281 1.4382 0 545.99 5.91546e-11
2.72281 1.4382 0 546.993 5.73993e-11
2.72281 1.4382 0 547.995 5.56964e-11
2.72281 1.4382 0 548.998 5.4044e-11
2.72281 1.4382 0 550 5.24409e-11

