1.1101 1.4382 200 150.015 2.12734e-06
1.1101 1.4382 200 151.017 3.82945e-06
1.1101 1.4382 200 152.02 3.92548e-06
1.1101 1.4382 200 153.022 3.83389e-06
1.1101 1.4382 200 154.025 3.73193e-06
1.1101 1.4382 200 155.027 3.63433e-06
1.1101 1.4382 200 156.03 3.54148e-06
1.1101 1.4382 200 157.032 3.45272e-06
1.1101 1.4382 200 158.035 3.36754e-06
1.1101 1.4382 200 159.037 3.28558e-06
1.1101 1.4382 200 160.04 3.20655e-06
1.1101 1.4382 200 161.042 3.13022e-06
1.1101 1.4382 200 162.045 3.05642e-06
1.1101 1.4382 200 163.047 2.98498e-06
1.1101 1.4382 200 164.05 2.91577e-06
1.1101 1.4382 200 165.052 2.84868e-06
1.1101 1.4382 200 166.054 2.7836e-06
1.1101 1.4382 200 167.057 2.72044e-06
1.1101 1.4382 200 168.059 2.6591e-06
1.1101 1.4382 200 169.062 2.59951e-06
1.1101 1.4382 200 170.064 2.5416e-06
1.1101 1.4382 200 171.067 2.4853e-06
1.1101 1.4382 200 172.069 2.43055e-06
1.1101 1.4382 200 173.072 2.37728e-06
1.1101 1.4382 200 174.074 2.32545e-06
1.1101 1.4382 200 175.077 2.27499e-06
1.1101 1.4382 200 176.079 2.22586e-06
1.1101 1.4382 200 177.082 2.17802e-06
1.1101 1.4382 200 178.084 2.13141e-06
1.1101 1.4382 200 179.087 2.086e-06
1.1101 1.4382 200 180.089 2.04175e-06
1.1101 1.4382 200 181.092 1.99862e-06
1.1101 1.4382 200 182.094 1.95656e-06
1.1101 1.4382 200 183.096 1.91556e-06
1.1101 1.4382 200 184.099 1.87557e-06
1.1101 1.4382 200 185.101 1.83656e-06
1.1101 1.4382 200 186.104 1.7985e-06
1.1101 1.4382 200 187.106 1.76137e-06
1.1101 1.4382 200 188.109 1.72513e-06
1.1101 1.4382 200 189.111 1.68976e-06
1.1101 1.4382 200 190.114 1.65523e-06
1.1101 1.4382 200 191.116 1.62152e-06
1.1101 1.4382 200 192.119 1.5886e-06
1.1101 1.4382 200 193.121 1.55646e-06
1.1101 1.4382 200 194.124 1.52506e-06
1.1101 1.4382 200 195.126 1.49439e-06
1.1101 1.4382 200 196.129 1.46443e-06
1.1101 1.4382 200 197.131 1.43516e-06
1.1101 1.4382 200 198.133 1.40655e-06
1.1101 1.4382 200 199.136 1.3786e-06
1.1101 1.4382 200 200.138 1.35128e-06
1.1101 1.4382 200 201.141 1.32457e-06
1.1101 1.4382 200 202.143 1.29847e-06
1.1101 1.4382 200 203.146 1.27294e-06
1.1101 1.4382 200 204.148 1.24799e-06
1.1101 1.4382 200 205.151 1.22359e-06
1.1101 1.4382 200 206.153 1.19972e-06
1.1101 1.4382 200 207.156 1.17638e-06
1.1101 1.4382 200 208.158 1.15356e-06
1.1101 1.4382 200 209.161 1.13122e-06
1.1101 1.4382 200 210.163 1.10938e-06
1.1101 1.4382 200 211.166 1.08801e-06
1.1101 1.4382 200 212.168 1.06709e-06
1.1101 1.4382 200 213.171 1.04663e-06
1.1101 1.4382 200 214.173 1.02661e-06
1.1101 1.4382 200 215.175 1.00701e-06
1.1101 1.4382 200 216.178 9.87831e-07
1.1101 1.4382 200 217.18 9.69058e-07
1.1101 1.4382 200 218.183 9.50681e-07
1.1101 1.4382 200 219.185 9.32692e-07
1.1101 1.4382 200 220.188 9.1508e-07
1.1101 1.4382 200 221.19 8.97836e-07
1.1101 1.4382 200 222.193 8.80953e-07
1.1101 1.4382 200 223.195 8.6442e-07
1.1101 1.4382 200 224.198 8.48231e-07
1.1101 1.4382 200 225.2 8.32376e-07
1.1101 1.4382 200 226.203 8.16848e-07
1.1101 1.4382 200 227.205 8.01639e-07
1.1101 1.4382 200 228.208 7.86742e-07
1.1101 1.4382 200 229.21 7.7215e-07
1.1101 1.4382 200 230.212 7.57855e-07
1.1101 1.4382 200 231.215 7.43851e-07
1.1101 1.4382 200 232.217 7.30131e-07
1.1101 1.4382 200 233.22 7.16689e-07
1.1101 1.4382 200 234.222 7.03517e-07
1.1101 1.4382 200 235.225 6.90611e-07
1.1101 1.4382 200 236.227 6.77964e-07
1.1101 1.4382 200 237.23 6.6557e-07
1.1101 1.4382 200 238.232 6.53424e-07
1.1101 1.4382 200 239.235 6.41519e-07
1.1101 1.4382 200 240.237 6.29851e-07
1.1101 1.4382 200 241.24 6.18415e-07
1.1101 1.4382 200 242.242 6.07205e-07
1.1101 1.4382 200 243.245 5.96216e-07
1.1101 1.4382 200 244.247 5.85444e-07
1.1101 1.4382 200 245.25 5.74883e-07
1.1101 1.4382 200 246.252 5.6453e-07
1.1101 1.4382 200 247.254 5.54378e-07
1.1101 1.4382 200 248.257 5.44426e-07
1.1101 1.4382 200 249.259 5.34667e-07
1.1101 1.4382 200 250.262 5.25097e-07
1.1101 1.4382 200 251.264 5.15713e-07
1.1101 1.4382 200 252.267 5.06511e-07
1.1101 1.4382 200 253.269 4.97487e-07
1.1101 1.4382 200 254.272 4.88637e-07
1.1101 1.4382 200 255.274 4.79957e-07
1.1101 1.4382 200 256.277 4.71443e-07
1.1101 1.4382 200 257.279 4.63093e-07
1.1101 1.4382 200 258.282 4.54902e-07
1.1101 1.4382 200 259.284 4.46868e-07
1.1101 1.4382 200 260.287 4.38987e-07
1.1101 1.4382 200 261.289 4.31256e-07
1.1101 1.4382 200 262.291 4.23671e-07
1.1101 1.4382 200 263.294 4.16231e-07
1.1101 1.4382 200 264.296 4.08931e-07
1.1101 1.4382 200 265.299 4.01768e-07
1.1101 1.4382 200 266.301 3.94741e-07
1.1101 1.4382 200 267.304 3.87846e-07
1.1101 1.4382 200 268.306 3.8108e-07
1.1101 1.4382 200 269.309 3.74441e-07
1.1101 1.4382 200 270.311 3.67927e-07
1.1101 1.4382 200 271.314 3.61534e-07
1.1101 1.4382 200 272.316 3.5526e-07
1.1101 1.4382 200 273.319 3.49103e-07
1.1101 1.4382 200 274.321 3.43061e-07
1.1101 1.4382 200 275.324 3.3713e-07
1.1101 1.4382 200 276.326 3.3131e-07
1.1101 1.4382 200 277.329 3.25597e-07
1.1101 1.4382 200 278.331 3.1999e-07
1.1101 1.4382 200 279.333 3.14486e-07
1.1101 1.4382 200 280.336 3.09083e-07
1.1101 1.4382 200 281.338 3.0378e-07
1.1101 1.4382 200 282.341 2.98573e-07
1.1101 1.4382 200 283.343 2.93463e-07
1.1101 1.4382 200 284.346 2.88446e-07
1.1101 1.4382 200 285.348 2.8352e-07
1.1101 1.4382 200 286.351 2.78684e-07
1.1101 1.4382 200 287.353 2.73936e-07
1.1101 1.4382 200 288.356 2.69275e-07
1.1101 1.4382 200 289.358 2.64698e-07
1.1101 1.4382 200 290.361 2.60204e-07
1.1101 1.4382 200 291.363 2.55792e-07
1.1101 1.4382 200 292.366 2.51459e-07
1.1101 1.4382 200 293.368 2.47205e-07
1.1101 1.4382 200 294.37 2.43027e-07
1.1101 1.4382 200 295.373 2.38924e-07
1.1101 1.4382 200 296.375 2.34895e-07
1.1101 1.4382 200 297.378 2.30939e-07
1.1101 1.4382 200 298.38 2.27053e-07
1.1101 1.4382 200 299.383 2.23237e-07
1.1101 1.4382 200 300.385 2.19489e-07
1.1101 1.4382 200 301.388 2.15808e-07
1.1101 1.4382 200 302.39 2.12193e-07
1.1101 1.4382 200 303.393 2.08642e-07
1.1101 1.4382 200 304.395 2.05154e-07
1.1101 1.4382 200 305.398 2.01728e-07
1.1101 1.4382 200 306.4 1.98363e-07
1.1101 1.4382 200 307.403 1.95058e-07
1.1101 1.4382 200 308.405 1.91811e-07
1.1101 1.4382 200 309.408 1.88621e-07
1.1101 1.4382 200 310.41 1.85487e-07
1.1101 1.4382 200 311.412 1.82409e-07
1.1101 1.4382 200 312.415 1.79385e-07
1.1101 1.4382 200 313.417 1.76414e-07
1.1101 1.4382 200 314.42 1.73495e-07
1.1101 1.4382 200 315.422 1.70628e-07
1.1101 1.4382 200 316.425 1.67811e-07
1.1101 1.4382 200 317.427 1.65042e-07
1.1101 1.4382 200 318.43 1.62323e-07
1.1101 1.4382 200 319.432 1.5965e-07
1.1101 1.4382 200 320.435 1.57025e-07
1.1101 1.4382 200 321.437 1.54445e-07
1.1101 1.4382 200 322.44 1.5191e-07
1.1101 1.4382 200 323.442 1.49418e-07
1.1101 1.4382 200 324.445 1.46971e-07
1.1101 1.4382 200 325.447 1.44565e-07
1.1101 1.4382 200 326.449 1.42201e-07
1.1101 1.4382 200 327.452 1.39878e-07
1.1101 1.4382 200 328.454 1.37595e-07
1.1101 1.4382 200 329.457 1.35352e-07
1.1101 1.4382 200 330.459 1.33147e-07
1.1101 1.4382 200 331.462 1.3098e-07
1.1101 1.4382 200 332.464 1.2885e-07
1.1101 1.4382 200 333.467 1.26757e-07
1.1101 1.4382 200 334.469 1.247e-07
1.1101 1.4382 200 335.472 1.22678e-07
1.1101 1.4382 200 336.474 1.2069e-07
1.1101 1.4382 200 337.477 1.18737e-07
1.1101 1.4382 200 338.479 1.16817e-07
1.1101 1.4382 200 339.482 1.14929e-07
1.1101 1.4382 200 340.484 1.13074e-07
1.1101 1.4382 200 341.487 1.1125e-07
1.1101 1.4382 200 342.489 1.09458e-07
1.1101 1.4382 200 343.491 1.07696e-07
1.1101 1.4382 200 344.494 1.05963e-07
1.1101 1.4382 200 345.496 1.04261e-07
1.1101 1.4382 200 346.499 1.02586e-07
1.1101 1.4382 200 347.501 1.00941e-07
1.1101 1.4382 200 348.504 9.93227e-08
1.1101 1.4382 200 349.506 9.7732e-08
1.1101 1.4382 200 350.509 9.61682e-08
1.1101 1.4382 200 351.511 9.46307e-08
1.1101 1.4382 200 352.514 9.3119e-08
1.1101 1.4382 200 353.516 9.16328e-08
1.1101 1.4382 200 354.519 9.01716e-08
1.1101 1.4382 200 355.521 8.87348e-08
1.1101 1.4382 200 356.524 8.73221e-08
1.1101 1.4382 200 357.526 8.59331e-08
1.1101 1.4382 200 358.528 8.45673e-08
1.1101 1.4382 200 359.531 8.32243e-08
1.1101 1.4382 200 360.533 8.19038e-08
1.1101 1.4382 200 361.536 8.06052e-08
1.1101 1.4382 200 362.538 7.93284e-08
1.1101 1.4382 200 363.541 7.80727e-08
1.1101 1.4382 200 364.543 7.68379e-08
1.1101 1.4382 200 365.546 7.56237e-08
1.1101 1.4382 200 366.548 7.44296e-08
1.1101 1.4382 200 367.551 7.32553e-08
1.1101 1.4382 200 368.553 7.21004e-08
1.1101 1.4382 200 369.556 7.09647e-08
1.1101 1.4382 200 370.558 6.98477e-08
1.1101 1.4382 200 371.561 6.87492e-08
1.1101 1.4382 200 372.563 6.76689e-08
1.1101 1.4382 200 373.566 6.66063e-08
1.1101 1.4382 200 374.568 6.55612e-08
1.1101 1.4382 200 375.57 6.45334e-08
1.1101 1.4382 200 376.573 6.35224e-08
1.1101 1.4382 200 377.575 6.2528e-08
1.1101 1.4382 200 378.578 6.155e-08
1.1101 1.4382 200 379.58 6.0588e-08
1.1101 1.4382 200 380.583 5.96418e-08
1.1101 1.4382 200 381.585 5.8711e-08
1.1101 1.4382 200 382.588 5.77955e-08
1.1101 1.4382 200 383.59 5.68949e-08
1.1101 1.4382 200 384.593 5.60091e-08
1.1101 1.4382 200 385.595 5.51377e-08
1.1101 1.4382 200 386.598 5.42804e-08
1.1101 1.4382 200 387.6 5.34372e-08
1.1101 1.4382 200 388.603 5.26076e-08
1.1101 1.4382 200 389.605 5.17916e-08
1.1101 1.4382 200 390.607 5.09888e-08
1.1101 1.4382 200 391.61 5.0199e-08
1.1101 1.4382 200 392.612 4.9422e-08
1.1101 1.4382 200 393.615 4.86576e-08
1.1101 1.4382 200 394.617 4.79056e-08
1.1101 1.4382 200 395.62 4.71658e-08
1.1101 1.4382 200 396.622 4.64379e-08
1.1101 1.4382 200 397.625 4.57217e-08
1.1101 1.4382 200 398.627 4.50171e-08
1.1101 1.4382 200 399.63 4.43239e-08
1.1101 1.4382 200 400.632 4.36418e-08
1.1101 1.4382 200 401.635 4.29707e-08
1.1101 1.4382 200 402.637 4.23103e-08
1.1101 1.4382 200 403.64 4.16606e-08
1.1101 1.4382 200 404.642 4.10213e-08
1.1101 1.4382 200 405.645 4.03923e-08
1.1101 1.4382 200 406.647 3.97733e-08
1.1101 1.4382 200 407.649 3.91643e-08
1.1101 1.4382 200 408.652 3.8565e-08
1.1101 1.4382 200 409.654 3.79753e-08
1.1101 1.4382 200 410.657 3.7395e-08
1.1101 1.4382 200 411.659 3.68239e-08
1.1101 1.4382 200 412.662 3.6262e-08
1.1101 1.4382 200 413.664 3.5709e-08
1.1101 1.4382 200 414.667 3.51648e-08
1.1101 1.4382 200 415.669 3.46293e-08
1.1101 1.4382 200 416.672 3.41022e-08
1.1101 1.4382 200 417.674 3.35836e-08
1.1101 1.4382 200 418.677 3.30732e-08
1.1101 1.4382 200 419.679 3.25709e-08
1.1101 1.4382 200 420.682 3.20765e-08
1.1101 1.4382 200 421.684 3.159e-08
1.1101 1.4382 200 422.686 3.11111e-08
1.1101 1.4382 200 423.689 3.06399e-08
1.1101 1.4382 200 424.691 3.0176e-08
1.1101 1.4382 200 425.694 2.97195e-08
1.1101 1.4382 200 426.696 2.92702e-08
1.1101 1.4382 200 427.699 2.8828e-08
1.1101 1.4382 200 428.701 2.83928e-08
1.1101 1.4382 200 429.704 2.79644e-08
1.1101 1.4382 200 430.706 2.75427e-08
1.1101 1.4382 200 431.709 2.71276e-08
1.1101 1.4382 200 432.711 2.67191e-08
1.1101 1.4382 200 433.714 2.6317e-08
1.1101 1.4382 200 434.716 2.59212e-08
1.1101 1.4382 200 435.719 2.55316e-08
1.1101 1.4382 200 436.721 2.51481e-08
1.1101 1.4382 200 437.724 2.47705e-08
1.1101 1.4382 200 438.726 2.43989e-08
1.1101 1.4382 200 439.728 2.40331e-08
1.1101 1.4382 200 440.731 2.3673e-08
1.1101 1.4382 200 441.733 2.33185e-08
1.1101 1.4382 200 442.736 2.29696e-08
1.1101 1.4382 200 443.738 2.26261e-08
1.1101 1.4382 200 444.741 2.22879e-08
1.1101 1.4382 200 445.743 2.1955e-08
1.1101 1.4382 200 446.746 2.16272e-08
1.1101 1.4382 200 447.748 2.13046e-08
1.1101 1.4382 200 448.751 2.09869e-08
1.1101 1.4382 200 449.753 2.06742e-08
1.1101 1.4382 200 450.756 2.03663e-08
1.1101 1.4382 200 451.758 2.00632e-08
1.1101 1.4382 200 452.761 1.97648e-08
1.1101 1.4382 200 453.763 1.9471e-08
1.1101 1.4382 200 454.765 1.91817e-08
1.1101 1.4382 200 455.768 1.8897e-08
1.1101 1.4382 200 456.77 1.86166e-08
1.1101 1.4382 200 457.773 1.83405e-08
1.1101 1.4382 200 458.775 1.80687e-08
1.1101 1.4382 200 459.778 1.7801e-08
1.1101 1.4382 200 460.78 1.75375e-08
1.1101 1.4382 200 461.783 1.72781e-08
1.1101 1.4382 200 462.785 1.70226e-08
1.1101 1.4382 200 463.788 1.6771e-08
1.1101 1.4382 200 464.79 1.65233e-08
1.1101 1.4382 200 465.793 1.62794e-08
1.1101 1.4382 200 466.795 1.60393e-08
1.1101 1.4382 200 467.798 1.58028e-08
1.1101 1.4382 200 468.8 1.557e-08
1.1101 1.4382 200 469.803 1.53407e-08
1.1101 1.4382 200 470.805 1.51149e-08
1.1101 1.4382 200 471.807 1.48926e-08
1.1101 1.4382 200 472.81 1.46736e-08
1.1101 1.4382 200 473.812 1.4458e-08
1.1101 1.4382 200 474.815 1.42457e-08
1.1101 1.4382 200 475.817 1.40366e-08
1.1101 1.4382 200 476.82 1.38307e-08
1.1101 1.4382 200 477.822 1.36279e-08
1.1101 1.4382 200 478.825 1.34283e-08
1.1101 1.4382 200 479.827 1.32316e-08
1.1101 1.4382 200 480.83 1.3038e-08
1.1101 1.4382 200 481.832 1.28472e-08
1.1101 1.4382 200 482.835 1.26594e-08
1.1101 1.4382 200 483.837 1.24744e-08
1.1101 1.4382 200 484.84 1.22922e-08
1.1101 1.4382 200 485.842 1.21128e-08
1.1101 1.4382 200 486.844 1.19361e-08
1.1101 1.4382 200 487.847 1.17621e-08
1.1101 1.4382 200 488.849 1.15907e-08
1.1101 1.4382 200 489.852 1.14219e-08
1.1101 1.4382 200 490.854 1.12556e-08
1.1101 1.4382 200 491.857 1.10918e-08
1.1101 1.4382 200 492.859 1.09305e-08
1.1101 1.4382 200 493.862 1.07717e-08
1.1101 1.4382 200 494.864 1.06152e-08
1.1101 1.4382 200 495.867 1.04611e-08
1.1101 1.4382 200 496.869 1.03093e-08
1.1101 1.4382 200 497.872 1.01598e-08
1.1101 1.4382 200 498.874 1.00125e-08
1.1101 1.4382 200 499.877 9.86741e-09
1.1101 1.4382 200 500.879 9.72452e-09
1.1101 1.4382 200 501.882 9.58378e-09
1.1101 1.4382 200 502.884 9.44514e-09
1.1101 1.4382 200 503.886 9.30857e-09
1.1101 1.4382 200 504.889 9.17405e-09
1.1101 1.4382 200 505.891 9.04154e-09
1.1101 1.4382 200 506.894 8.91102e-09
1.1101 1.4382 200 507.896 8.78244e-09
1.1101 1.4382 200 508.899 8.65578e-09
1.1101 1.4382 200 509.901 8.53101e-09
1.1101 1.4382 200 510.904 8.4081e-09
1.1101 1.4382 200 511.906 8.28702e-09
1.1101 1.4382 200 512.909 8.16774e-09
1.1101 1.4382 200 513.911 8.05024e-09
1.1101 1.4382 200 514.914 7.93449e-09
1.1101 1.4382 200 515.916 7.82046e-09
1.1101 1.4382 200 516.919 7.70812e-09
1.1101 1.4382 200 517.921 7.59745e-09
1.1101 1.4382 200 518.923 7.48842e-09
1.1101 1.4382 200 519.926 7.38101e-09
1.1101 1.4382 200 520.928 7.27519e-09
1.1101 1.4382 200 521.931 7.17094e-09
1.1101 1.4382 200 522.933 7.06823e-09
1.1101 1.4382 200 523.936 6.96705e-09
1.1101 1.4382 200 524.938 6.86735e-09
1.1101 1.4382 200 525.941 6.76914e-09
1.1101 1.4382 200 526.943 6.67237e-09
1.1101 1.4382 200 527.946 6.57703e-09
1.1101 1.4382 200 528.948 6.4831e-09
1.1101 1.4382 200 529.951 6.39055e-09
1.1101 1.4382 200 530.953 6.29937e-09
1.1101 1.4382 200 531.956 6.20953e-09
1.1101 1.4382 200 532.958 6.12102e-09
1.1101 1.4382 200 533.961 6.0338e-09
1.1101 1.4382 200 534.963 5.94787e-09
1.1101 1.4382 200 535.965 5.86321e-09
1.1101 1.4382 200 536.968 5.77978e-09
1.1101 1.4382 200 537.97 5.69758e-09
1.1101 1.4382 200 538.973 5.61659e-09
1.1101 1.4382 200 539.975 5.53679e-09
1.1101 1.4382 200 540.978 5.45815e-09
1.1101 1.4382 200 541.98 5.38067e-09
1.1101 1.4382 200 542.983 5.30432e-09
1.1101 1.4382 200 543.985 5.22909e-09
1.1101 1.4382 200 544.988 5.15496e-09
1.1101 1.4382 200 545.99 5.08191e-09
1.1101 1.4382 200 546.993 5.00993e-09
1.1101 1.4382 200 547.995 4.939e-09
1.1101 1.4382 200 548.998 4.86911e-09
1.1101 1.4382 200 550 4.80024e-09
