2.55812 1.4382 0 100.01 1.18182e-05
2.55812 1.4382 0 101.012 2.15036e-05
2.55812 1.4382 0 102.015 2.11143e-05
2.55812 1.4382 0 103.017 1.99764e-05
2.55812 1.4382 0 104.02 1.88928e-05
2.55812 1.4382 0 105.022 1.78843e-05
2.55812 1.4382 0 106.025 1.69429e-05
2.55812 1.4382 0 107.027 1.6062e-05
2.55812 1.4382 0 108.03 1.5236e-05
2.55812 1.4382 0 109.032 1.44605e-05
2.55812 1.4382 0 110.035 1.37316e-05
2.55812 1.4382 0 111.037 1.30457e-05
2.55812 1.4382 0 112.04 1.23998e-05
2.55812 1.4382 0 113.042 1.1791e-05
2.55812 1.4382 0 114.045 1.12168e-05
2.55812 1.4382 0 115.047 1.06748e-05
2.55812 1.4382 0 116.05 1.0163e-05
2.55812 1.4382 0 117.052 9.67931e-06
2.55812 1.4382 0 118.055 9.22195e-06
2.55812 1.4382 0 119.057 8.78924e-06
2.55812 1.4382 0 120.06 8.37964e-06
2.55812 1.4382 0 121.062 7.99171e-06
2.55812 1.4382 0 122.065 7.62413e-06
2.55812 1.4382 0 123.067 7.27565e-06
2.55812 1.4382 0 124.07 6.94515e-06
2.55812 1.4382 0 125.072 6.63153e-06
2.55812 1.4382 0 126.075 6.33382e-06
2.55812 1.4382 0 127.077 6.05109e-06
2.55812 1.4382 0 128.079 5.78248e-06
2.55812 1.4382 0 129.082 5.52717e-06
2.55812 1.4382 0 130.084 5.28441e-06
2.55812 1.4382 0 131.087 5.05351e-06
2.55812 1.4382 0 132.089 4.83381e-06
2.55812 1.4382 0 133.092 4.62467e-06
2.55812 1.4382 0 134.094 4.42554e-06
2.55812 1.4382 0 135.097 4.23587e-06
2.55812 1.4382 0 136.099 4.05515e-06
2.55812 1.4382 0 137.102 3.88291e-06
2.55812 1.4382 0 138.104 3.71869e-06
2.55812 1.4382 0 139.107 3.56208e-06
2.55812 1.4382 0 140.109 3.41268e-06
2.55812 1.4382 0 141.112 3.27011e-06
2.55812 1.4382 0 142.114 3.13404e-06
2.55812 1.4382 0 143.117 3.00413e-06
2.55812 1.4382 0 144.119 2.88007e-06
2.55812 1.4382 0 145.122 2.76157e-06
2.55812 1.4382 0 146.124 2.64835e-06
2.55812 1.4382 0 147.127 2.54014e-06
2.55812 1.4382 0 148.129 2.43671e-06
2.55812 1.4382 0 149.132 2.33782e-06
2.55812 1.4382 0 150.134 2.24326e-06
2.55812 1.4382 0 151.137 2.1528e-06
2.55812 1.4382 0 152.139 2.06626e-06
2.55812 1.4382 0 153.142 1.98346e-06
2.55812 1.4382 0 154.144 1.90421e-06
2.55812 1.4382 0 155.146 1.82834e-06
2.55812 1.4382 0 156.149 1.75571e-06
2.55812 1.4382 0 157.151 1.68616e-06
2.55812 1.4382 0 158.154 1.61954e-06
2.55812 1.4382 0 159.156 1.55573e-06
2.55812 1.4382 0 160.159 1.4946e-06
2.55812 1.4382 0 161.161 1.43601e-06
2.55812 1.4382 0 162.164 1.37987e-06
2.55812 1.4382 0 163.166 1.32605e-06
2.55812 1.4382 0 164.169 1.27446e-06
2.55812 1.4382 0 165.171 1.225e-06
2.55812 1.4382 0 166.174 1.17757e-06
2.55812 1.4382 0 167.176 1.13207e-06
2.55812 1.4382 0 168.179 1.08844e-06
2.55812 1.4382 0 169.181 1.04658e-06
2.55812 1.4382 0 170.184 1.00642e-06
2.55812 1.4382 0 171.186 9.67878e-07
2.55812 1.4382 0 172.189 9.30894e-07
2.55812 1.4382 0 173.191 8.95398e-07
2.55812 1.4382 0 174.194 8.61326e-07
2.55812 1.4382 0 175.196 8.28616e-07
2.55812 1.4382 0 176.199 7.97211e-07
2.55812 1.4382 0 177.201 7.67056e-07
2.55812 1.4382 0 178.204 7.38097e-07
2.55812 1.4382 0 179.206 7.10285e-07
2.55812 1.4382 0 180.208 6.83571e-07
2.55812 1.4382 0 181.211 6.5791e-07
2.55812 1.4382 0 182.213 6.33258e-07
2.55812 1.4382 0 183.216 6.09572e-07
2.55812 1.4382 0 184.218 5.86813e-07
2.55812 1.4382 0 185.221 5.64942e-07
2.55812 1.4382 0 186.223 5.43924e-07
2.55812 1.4382 0 187.226 5.23722e-07
2.55812 1.4382 0 188.228 5.04304e-07
2.55812 1.4382 0 189.231 4.85637e-07
2.55812 1.4382 0 190.233 4.67691e-07
2.55812 1.4382 0 191.236 4.50438e-07
2.55812 1.4382 0 192.238 4.33848e-07
2.55812 1.4382 0 193.241 4.17894e-07
2.55812 1.4382 0 194.243 4.02553e-07
2.55812 1.4382 0 195.246 3.87798e-07
2.55812 1.4382 0 196.248 3.73606e-07
2.55812 1.4382 0 197.251 3.59955e-07
2.55812 1.4382 0 198.253 3.46823e-07
2.55812 1.4382 0 199.256 3.3419e-07
2.55812 1.4382 0 200.258 3.22036e-07
2.55812 1.4382 0 201.261 3.10341e-07
2.55812 1.4382 0 202.263 2.99088e-07
2.55812 1.4382 0 203.266 2.88259e-07
2.55812 1.4382 0 204.268 2.77838e-07
2.55812 1.4382 0 205.271 2.67808e-07
2.55812 1.4382 0 206.273 2.58155e-07
2.55812 1.4382 0 207.275 2.48863e-07
2.55812 1.4382 0 208.278 2.39918e-07
2.55812 1.4382 0 209.28 2.31307e-07
2.55812 1.4382 0 210.283 2.23018e-07
2.55812 1.4382 0 211.285 2.15036e-07
2.55812 1.4382 0 212.288 2.07351e-07
2.55812 1.4382 0 213.29 1.99952e-07
2.55812 1.4382 0 214.293 1.92826e-07
2.55812 1.4382 0 215.295 1.85963e-07
2.55812 1.4382 0 216.298 1.79354e-07
2.55812 1.4382 0 217.3 1.72989e-07
2.55812 1.4382 0 218.303 1.66858e-07
2.55812 1.4382 0 219.305 1.60952e-07
2.55812 1.4382 0 220.308 1.55263e-07
2.55812 1.4382 0 221.31 1.49783e-07
2.55812 1.4382 0 222.313 1.44503e-07
2.55812 1.4382 0 223.315 1.39416e-07
2.55812 1.4382 0 224.318 1.34515e-07
2.55812 1.4382 0 225.32 1.29792e-07
2.55812 1.4382 0 226.323 1.25241e-07
2.55812 1.4382 0 227.325 1.20856e-07
2.55812 1.4382 0 228.328 1.16629e-07
2.55812 1.4382 0 229.33 1.12556e-07
2.55812 1.4382 0 230.333 1.0863e-07
2.55812 1.4382 0 231.335 1.04846e-07
2.55812 1.4382 0 232.338 1.01198e-07
2.55812 1.4382 0 233.34 9.76823e-08
2.55812 1.4382 0 234.342 9.42928e-08
2.55812 1.4382 0 235.345 9.1025e-08
2.55812 1.4382 0 236.347 8.78746e-08
2.55812 1.4382 0 237.35 8.4837e-08
2.55812 1.4382 0 238.352 8.19082e-08
2.55812 1.4382 0 239.355 7.90841e-08
2.55812 1.4382 0 240.357 7.63607e-08
2.55812 1.4382 0 241.36 7.37345e-08
2.55812 1.4382 0 242.362 7.12018e-08
2.55812 1.4382 0 243.365 6.87591e-08
2.55812 1.4382 0 244.367 6.64032e-08
2.55812 1.4382 0 245.37 6.41308e-08
2.55812 1.4382 0 246.372 6.19389e-08
2.55812 1.4382 0 247.375 5.98246e-08
2.55812 1.4382 0 248.377 5.77849e-08
2.55812 1.4382 0 249.38 5.58172e-08
2.55812 1.4382 0 250.382 5.39188e-08
2.55812 1.4382 0 251.385 5.20873e-08
2.55812 1.4382 0 252.387 5.03201e-08
2.55812 1.4382 0 253.39 4.8615e-08
2.55812 1.4382 0 254.392 4.69696e-08
2.55812 1.4382 0 255.395 4.53819e-08
2.55812 1.4382 0 256.397 4.38496e-08
2.55812 1.4382 0 257.4 4.23709e-08
2.55812 1.4382 0 258.402 4.09438e-08
2.55812 1.4382 0 259.405 3.95664e-08
2.55812 1.4382 0 260.407 3.82369e-08
2.55812 1.4382 0 261.409 3.69536e-08
2.55812 1.4382 0 262.412 3.57149e-08
2.55812 1.4382 0 263.414 3.45191e-08
2.55812 1.4382 0 264.417 3.33647e-08
2.55812 1.4382 0 265.419 3.22503e-08
2.55812 1.4382 0 266.422 3.11743e-08
2.55812 1.4382 0 267.424 3.01354e-08
2.55812 1.4382 0 268.427 2.91324e-08
2.55812 1.4382 0 269.429 2.81638e-08
2.55812 1.4382 0 270.432 2.72286e-08
2.55812 1.4382 0 271.434 2.63254e-08
2.55812 1.4382 0 272.437 2.54533e-08
2.55812 1.4382 0 273.439 2.46109e-08
2.55812 1.4382 0 274.442 2.37975e-08
2.55812 1.4382 0 275.444 2.30117e-08
2.55812 1.4382 0 276.447 2.22528e-08
2.55812 1.4382 0 277.449 2.15198e-08
2.55812 1.4382 0 278.452 2.08117e-08
2.55812 1.4382 0 279.454 2.01277e-08
2.55812 1.4382 0 280.457 1.9467e-08
2.55812 1.4382 0 281.459 1.88286e-08
2.55812 1.4382 0 282.462 1.82119e-08
2.55812 1.4382 0 283.464 1.7616e-08
2.55812 1.4382 0 284.467 1.70403e-08
2.55812 1.4382 0 285.469 1.6484e-08
2.55812 1.4382 0 286.472 1.59464e-08
2.55812 1.4382 0 287.474 1.5427e-08
2.55812 1.4382 0 288.476 1.49251e-08
2.55812 1.4382 0 289.479 1.444e-08
2.55812 1.4382 0 290.481 1.39712e-08
2.55812 1.4382 0 291.484 1.35181e-08
2.55812 1.4382 0 292.486 1.30802e-08
2.55812 1.4382 0 293.489 1.26569e-08
2.55812 1.4382 0 294.491 1.22478e-08
2.55812 1.4382 0 295.494 1.18523e-08
2.55812 1.4382 0 296.496 1.147e-08
2.55812 1.4382 0 297.499 1.11004e-08
2.55812 1.4382 0 298.501 1.07431e-08
2.55812 1.4382 0 299.504 1.03977e-08
2.55812 1.4382 0 300.506 1.00638e-08
2.55812 1.4382 0 301.509 9.74086e-09
2.55812 1.4382 0 302.511 9.42866e-09
2.55812 1.4382 0 303.514 9.12679e-09
2.55812 1.4382 0 304.516 8.83488e-09
2.55812 1.4382 0 305.519 8.5526e-09
2.55812 1.4382 0 306.521 8.27963e-09
2.55812 1.4382 0 307.524 8.01564e-09
2.55812 1.4382 0 308.526 7.76033e-09
2.55812 1.4382 0 309.529 7.51341e-09
2.55812 1.4382 0 310.531 7.27458e-09
2.55812 1.4382 0 311.534 7.04359e-09
2.55812 1.4382 0 312.536 6.82015e-09
2.55812 1.4382 0 313.538 6.60402e-09
2.55812 1.4382 0 314.541 6.39495e-09
2.55812 1.4382 0 315.543 6.19271e-09
2.55812 1.4382 0 316.546 5.99705e-09
2.55812 1.4382 0 317.548 5.80776e-09
2.55812 1.4382 0 318.551 5.62463e-09
2.55812 1.4382 0 319.553 5.44745e-09
2.55812 1.4382 0 320.556 5.27601e-09
2.55812 1.4382 0 321.558 5.11014e-09
2.55812 1.4382 0 322.561 4.94963e-09
2.55812 1.4382 0 323.563 4.79432e-09
2.55812 1.4382 0 324.566 4.64402e-09
2.55812 1.4382 0 325.568 4.49858e-09
2.55812 1.4382 0 326.571 4.35782e-09
2.55812 1.4382 0 327.573 4.2216e-09
2.55812 1.4382 0 328.576 4.08976e-09
2.55812 1.4382 0 329.578 3.96216e-09
2.55812 1.4382 0 330.581 3.83866e-09
2.55812 1.4382 0 331.583 3.71912e-09
2.55812 1.4382 0 332.586 3.6034e-09
2.55812 1.4382 0 333.588 3.4914e-09
2.55812 1.4382 0 334.591 3.38297e-09
2.55812 1.4382 0 335.593 3.27801e-09
2.55812 1.4382 0 336.596 3.17639e-09
2.55812 1.4382 0 337.598 3.07802e-09
2.55812 1.4382 0 338.601 2.98277e-09
2.55812 1.4382 0 339.603 2.89056e-09
2.55812 1.4382 0 340.605 2.80128e-09
2.55812 1.4382 0 341.608 2.71483e-09
2.55812 1.4382 0 342.61 2.63112e-09
2.55812 1.4382 0 343.613 2.55007e-09
2.55812 1.4382 0 344.615 2.47158e-09
2.55812 1.4382 0 345.618 2.39558e-09
2.55812 1.4382 0 346.62 2.32197e-09
2.55812 1.4382 0 347.623 2.25069e-09
2.55812 1.4382 0 348.625 2.18165e-09
2.55812 1.4382 0 349.628 2.11479e-09
2.55812 1.4382 0 350.63 2.05004e-09
2.55812 1.4382 0 351.633 1.98732e-09
2.55812 1.4382 0 352.635 1.92657e-09
2.55812 1.4382 0 353.638 1.86772e-09
2.55812 1.4382 0 354.64 1.81072e-09
2.55812 1.4382 0 355.643 1.75551e-09
2.55812 1.4382 0 356.645 1.70202e-09
2.55812 1.4382 0 357.648 1.65021e-09
2.55812 1.4382 0 358.65 1.60001e-09
2.55812 1.4382 0 359.653 1.55138e-09
2.55812 1.4382 0 360.655 1.50427e-09
2.55812 1.4382 0 361.658 1.45862e-09
2.55812 1.4382 0 362.66 1.41439e-09
2.55812 1.4382 0 363.663 1.37154e-09
2.55812 1.4382 0 364.665 1.33002e-09
2.55812 1.4382 0 365.668 1.28978e-09
2.55812 1.4382 0 366.67 1.2508e-09
2.55812 1.4382 0 367.672 1.21302e-09
2.55812 1.4382 0 368.675 1.17641e-09
2.55812 1.4382 0 369.677 1.14093e-09
2.55812 1.4382 0 370.68 1.10655e-09
2.55812 1.4382 0 371.682 1.07323e-09
2.55812 1.4382 0 372.685 1.04094e-09
2.55812 1.4382 0 373.687 1.00964e-09
2.55812 1.4382 0 374.69 9.79308e-10
2.55812 1.4382 0 375.692 9.49907e-10
2.55812 1.4382 0 376.695 9.21409e-10
2.55812 1.4382 0 377.697 8.93786e-10
2.55812 1.4382 0 378.7 8.67011e-10
2.55812 1.4382 0 379.702 8.41056e-10
2.55812 1.4382 0 380.705 8.15897e-10
2.55812 1.4382 0 381.707 7.91507e-10
2.55812 1.4382 0 382.71 7.67863e-10
2.55812 1.4382 0 383.712 7.44941e-10
2.55812 1.4382 0 384.715 7.22719e-10
2.55812 1.4382 0 385.717 7.01175e-10
2.55812 1.4382 0 386.72 6.80287e-10
2.55812 1.4382 0 387.722 6.60035e-10
2.55812 1.4382 0 388.725 6.404e-10
2.55812 1.4382 0 389.727 6.21361e-10
2.55812 1.4382 0 390.73 6.02901e-10
2.55812 1.4382 0 391.732 5.85001e-10
2.55812 1.4382 0 392.735 5.67644e-10
2.55812 1.4382 0 393.737 5.50813e-10
2.55812 1.4382 0 394.739 5.34492e-10
2.55812 1.4382 0 395.742 5.18665e-10
2.55812 1.4382 0 396.744 5.03316e-10
2.55812 1.4382 0 397.747 4.88431e-10
2.55812 1.4382 0 398.749 4.73995e-10
2.55812 1.4382 0 399.752 4.59995e-10
2.55812 1.4382 0 400.754 4.46416e-10
2.55812 1.4382 0 401.757 4.33247e-10
2.55812 1.4382 0 402.759 4.20474e-10
2.55812 1.4382 0 403.762 4.08085e-10
2.55812 1.4382 0 404.764 3.96069e-10
2.55812 1.4382 0 405.767 3.84414e-10
2.55812 1.4382 0 406.769 3.73108e-10
2.55812 1.4382 0 407.772 3.62141e-10
2.55812 1.4382 0 408.774 3.51503e-10
2.55812 1.4382 0 409.777 3.41184e-10
2.55812 1.4382 0 410.779 3.31173e-10
2.55812 1.4382 0 411.782 3.21462e-10
2.55812 1.4382 0 412.784 3.12041e-10
2.55812 1.4382 0 413.787 3.02901e-10
2.55812 1.4382 0 414.789 2.94034e-10
2.55812 1.4382 0 415.792 2.85431e-10
2.55812 1.4382 0 416.794 2.77085e-10
2.55812 1.4382 0 417.797 2.68988e-10
2.55812 1.4382 0 418.799 2.61131e-10
2.55812 1.4382 0 419.802 2.53508e-10
2.55812 1.4382 0 420.804 2.46111e-10
2.55812 1.4382 0 421.806 2.38935e-10
2.55812 1.4382 0 422.809 2.31971e-10
2.55812 1.4382 0 423.811 2.25214e-10
2.55812 1.4382 0 424.814 2.18657e-10
2.55812 1.4382 0 425.816 2.12294e-10
2.55812 1.4382 0 426.819 2.0612e-10
2.55812 1.4382 0 427.821 2.00128e-10
2.55812 1.4382 0 428.824 1.94314e-10
2.55812 1.4382 0 429.826 1.88671e-10
2.55812 1.4382 0 430.829 1.83195e-10
2.55812 1.4382 0 431.831 1.77881e-10
2.55812 1.4382 0 432.834 1.72723e-10
2.55812 1.4382 0 433.836 1.67718e-10
2.55812 1.4382 0 434.839 1.6286e-10
2.55812 1.4382 0 435.841 1.58145e-10
2.55812 1.4382 0 436.844 1.53568e-10
2.55812 1.4382 0 437.846 1.49126e-10
2.55812 1.4382 0 438.849 1.44815e-10
2.55812 1.4382 0 439.851 1.4063e-10
2.55812 1.4382 0 440.854 1.36569e-10
2.55812 1.4382 0 441.856 1.32626e-10
2.55812 1.4382 0 442.859 1.28799e-10
2.55812 1.4382 0 443.861 1.25084e-10
2.55812 1.4382 0 444.864 1.21478e-10
2.55812 1.4382 0 445.866 1.17977e-10
2.55812 1.4382 0 446.868 1.14579e-10
2.55812 1.4382 0 447.871 1.1128e-10
2.55812 1.4382 0 448.873 1.08078e-10
2.55812 1.4382 0 449.876 1.04969e-10
2.55812 1.4382 0 450.878 1.01951e-10
2.55812 1.4382 0 451.881 9.90209e-11
2.55812 1.4382 0 452.883 9.61762e-11
2.55812 1.4382 0 453.886 9.34145e-11
2.55812 1.4382 0 454.888 9.07332e-11
2.55812 1.4382 0 455.891 8.81299e-11
2.55812 1.4382 0 456.893 8.56024e-11
2.55812 1.4382 0 457.896 8.31484e-11
2.55812 1.4382 0 458.898 8.07658e-11
2.55812 1.4382 0 459.901 7.84523e-11
2.55812 1.4382 0 460.903 7.62061e-11
2.55812 1.4382 0 461.906 7.4025e-11
2.55812 1.4382 0 462.908 7.19072e-11
2.55812 1.4382 0 463.911 6.98508e-11
2.55812 1.4382 0 464.913 6.7854e-11
2.55812 1.4382 0 465.916 6.5915e-11
2.55812 1.4382 0 466.918 6.40322e-11
2.55812 1.4382 0 467.921 6.22038e-11
2.55812 1.4382 0 468.923 6.04284e-11
2.55812 1.4382 0 469.926 5.87042e-11
2.55812 1.4382 0 470.928 5.70299e-11
2.55812 1.4382 0 471.931 5.54039e-11
2.55812 1.4382 0 472.933 5.38249e-11
2.55812 1.4382 0 473.935 5.22915e-11
2.55812 1.4382 0 474.938 5.08023e-11
2.55812 1.4382 0 475.94 4.9356e-11
2.55812 1.4382 0 476.943 4.79514e-11
2.55812 1.4382 0 477.945 4.65872e-11
2.55812 1.4382 0 478.948 4.52623e-11
2.55812 1.4382 0 479.95 4.39756e-11
2.55812 1.4382 0 480.953 4.27259e-11
2.55812 1.4382 0 481.955 4.15121e-11
2.55812 1.4382 0 482.958 4.03331e-11
2.55812 1.4382 0 483.96 3.91881e-11
2.55812 1.4382 0 484.963 3.80759e-11
2.55812 1.4382 0 485.965 3.69957e-11
2.55812 1.4382 0 486.968 3.59465e-11
2.55812 1.4382 0 487.97 3.49273e-11
2.55812 1.4382 0 488.973 3.39374e-11
2.55812 1.4382 0 489.975 3.29758e-11
2.55812 1.4382 0 490.978 3.20418e-11
2.55812 1.4382 0 491.98 3.11345e-11
2.55812 1.4382 0 492.983 3.02532e-11
2.55812 1.4382 0 493.985 2.93971e-11
2.55812 1.4382 0 494.988 2.85655e-11
2.55812 1.4382 0 495.99 2.77577e-11
2.55812 1.4382 0 496.993 2.6973e-11
2.55812 1.4382 0 497.995 2.62106e-11
2.55812 1.4382 0 498.998 2.54701e-11
2.55812 1.4382 0 500 2.47507e-11

