4.27706 1.4382 0 150.015 1.08586e-05
4.27706 1.4382 0 151.017 1.78942e-05
4.27706 1.4382 0 152.02 1.61827e-05
4.27706 1.4382 0 153.022 1.40968e-05
4.27706 1.4382 0 154.025 1.24285e-05
4.27706 1.4382 0 155.027 1.10771e-05
4.27706 1.4382 0 156.03 9.95306e-06
4.27706 1.4382 0 157.032 8.99954e-06
4.27706 1.4382 0 158.035 8.17867e-06
4.27706 1.4382 0 159.037 7.46388e-06
4.27706 1.4382 0 160.04 6.8357e-06
4.27706 1.4382 0 161.042 6.27941e-06
4.27706 1.4382 0 162.045 5.78362e-06
4.27706 1.4382 0 163.047 5.33933e-06
4.27706 1.4382 0 164.05 4.93927e-06
4.27706 1.4382 0 165.052 4.57756e-06
4.27706 1.4382 0 166.054 4.2493e-06
4.27706 1.4382 0 167.057 3.95044e-06
4.27706 1.4382 0 168.059 3.67753e-06
4.27706 1.4382 0 169.062 3.42768e-06
4.27706 1.4382 0 170.064 3.1984e-06
4.27706 1.4382 0 171.067 2.98753e-06
4.27706 1.4382 0 172.069 2.79321e-06
4.27706 1.4382 0 173.072 2.61383e-06
4.27706 1.4382 0 174.074 2.44796e-06
4.27706 1.4382 0 175.077 2.29435e-06
4.27706 1.4382 0 176.079 2.1519e-06
4.27706 1.4382 0 177.082 2.01962e-06
4.27706 1.4382 0 178.084 1.89665e-06
4.27706 1.4382 0 179.087 1.78219e-06
4.27706 1.4382 0 180.089 1.67555e-06
4.27706 1.4382 0 181.092 1.5761e-06
4.27706 1.4382 0 182.094 1.48326e-06
4.27706 1.4382 0 183.096 1.39653e-06
4.27706 1.4382 0 184.099 1.31544e-06
4.27706 1.4382 0 185.101 1.23956e-06
4.27706 1.4382 0 186.104 1.16851e-06
4.27706 1.4382 0 187.106 1.10194e-06
4.27706 1.4382 0 188.109 1.03953e-06
4.27706 1.4382 0 189.111 9.80973e-07
4.27706 1.4382 0 190.114 9.2601e-07
4.27706 1.4382 0 191.116 8.74392e-07
4.27706 1.4382 0 192.119 8.25889e-07
4.27706 1.4382 0 193.121 7.80292e-07
4.27706 1.4382 0 194.124 7.37407e-07
4.27706 1.4382 0 195.126 6.97055e-07
4.27706 1.4382 0 196.129 6.59071e-07
4.27706 1.4382 0 197.131 6.23302e-07
4.27706 1.4382 0 198.133 5.89606e-07
4.27706 1.4382 0 199.136 5.57851e-07
4.27706 1.4382 0 200.138 5.27915e-07
4.27706 1.4382 0 201.141 4.99684e-07
4.27706 1.4382 0 202.143 4.73054e-07
4.27706 1.4382 0 203.146 4.47926e-07
4.27706 1.4382 0 204.148 4.24207e-07
4.27706 1.4382 0 205.151 4.01814e-07
4.27706 1.4382 0 206.153 3.80665e-07
4.27706 1.4382 0 207.156 3.60687e-07
4.27706 1.4382 0 208.158 3.4181e-07
4.27706 1.4382 0 209.161 3.2397e-07
4.27706 1.4382 0 210.163 3.07105e-07
4.27706 1.4382 0 211.166 2.91158e-07
4.27706 1.4382 0 212.168 2.76077e-07
4.27706 1.4382 0 213.171 2.61812e-07
4.27706 1.4382 0 214.173 2.48315e-07
4.27706 1.4382 0 215.175 2.35543e-07
4.27706 1.4382 0 216.178 2.23455e-07
4.27706 1.4382 0 217.18 2.12011e-07
4.27706 1.4382 0 218.183 2.01177e-07
4.27706 1.4382 0 219.185 1.90917e-07
4.27706 1.4382 0 220.188 1.81199e-07
4.27706 1.4382 0 221.19 1.71994e-07
4.27706 1.4382 0 222.193 1.63273e-07
4.27706 1.4382 0 223.195 1.55009e-07
4.27706 1.4382 0 224.198 1.47178e-07
4.27706 1.4382 0 225.2 1.39755e-07
4.27706 1.4382 0 226.203 1.32719e-07
4.27706 1.4382 0 227.205 1.26048e-07
4.27706 1.4382 0 228.208 1.19722e-07
4.27706 1.4382 0 229.21 1.13724e-07
4.27706 1.4382 0 230.212 1.08035e-07
4.27706 1.4382 0 231.215 1.02638e-07
4.27706 1.4382 0 232.217 9.75192e-08
4.27706 1.4382 0 233.22 9.26623e-08
4.27706 1.4382 0 234.222 8.80538e-08
4.27706 1.4382 0 235.225 8.36806e-08
4.27706 1.4382 0 236.227 7.95302e-08
4.27706 1.4382 0 237.23 7.55908e-08
4.27706 1.4382 0 238.232 7.18515e-08
4.27706 1.4382 0 239.235 6.83016e-08
4.27706 1.4382 0 240.237 6.49313e-08
4.27706 1.4382 0 241.24 6.17312e-08
4.27706 1.4382 0 242.242 5.86924e-08
4.27706 1.4382 0 243.245 5.58066e-08
4.27706 1.4382 0 244.247 5.30658e-08
4.27706 1.4382 0 245.25 5.04625e-08
4.27706 1.4382 0 246.252 4.79897e-08
4.27706 1.4382 0 247.254 4.56406e-08
4.27706 1.4382 0 248.257 4.34088e-08
4.27706 1.4382 0 249.259 4.12883e-08
4.27706 1.4382 0 250.262 3.92735e-08
4.27706 1.4382 0 251.264 3.7359e-08
4.27706 1.4382 0 252.267 3.55395e-08
4.27706 1.4382 0 253.269 3.38103e-08
4.27706 1.4382 0 254.272 3.21668e-08
4.27706 1.4382 0 255.274 3.06046e-08
4.27706 1.4382 0 256.277 2.91197e-08
4.27706 1.4382 0 257.279 2.77081e-08
4.27706 1.4382 0 258.282 2.63661e-08
4.27706 1.4382 0 259.284 2.50901e-08
4.27706 1.4382 0 260.287 2.3877e-08
4.27706 1.4382 0 261.289 2.27235e-08
4.27706 1.4382 0 262.291 2.16266e-08
4.27706 1.4382 0 263.294 2.05835e-08
4.27706 1.4382 0 264.296 1.95915e-08
4.27706 1.4382 0 265.299 1.8648e-08
4.27706 1.4382 0 266.301 1.77506e-08
4.27706 1.4382 0 267.304 1.68971e-08
4.27706 1.4382 0 268.306 1.60852e-08
4.27706 1.4382 0 269.309 1.53129e-08
4.27706 1.4382 0 270.311 1.45782e-08
4.27706 1.4382 0 271.314 1.38793e-08
4.27706 1.4382 0 272.316 1.32143e-08
4.27706 1.4382 0 273.319 1.25816e-08
4.27706 1.4382 0 274.321 1.19796e-08
4.27706 1.4382 0 275.324 1.14068e-08
4.27706 1.4382 0 276.326 1.08618e-08
4.27706 1.4382 0 277.329 1.03431e-08
4.27706 1.4382 0 278.331 9.8495e-09
4.27706 1.4382 0 279.333 9.37975e-09
4.27706 1.4382 0 280.336 8.93268e-09
4.27706 1.4382 0 281.338 8.50718e-09
4.27706 1.4382 0 282.341 8.10218e-09
4.27706 1.4382 0 283.343 7.7167e-09
4.27706 1.4382 0 284.346 7.34976e-09
4.27706 1.4382 0 285.348 7.00048e-09
4.27706 1.4382 0 286.351 6.66798e-09
4.27706 1.4382 0 287.353 6.35145e-09
4.27706 1.4382 0 288.356 6.05011e-09
4.27706 1.4382 0 289.358 5.76322e-09
4.27706 1.4382 0 290.361 5.49008e-09
4.27706 1.4382 0 291.363 5.23003e-09
4.27706 1.4382 0 292.366 4.98242e-09
4.27706 1.4382 0 293.368 4.74665e-09
4.27706 1.4382 0 294.37 4.52215e-09
4.27706 1.4382 0 295.373 4.30838e-09
4.27706 1.4382 0 296.375 4.10482e-09
4.27706 1.4382 0 297.378 3.91096e-09
4.27706 1.4382 0 298.38 3.72635e-09
4.27706 1.4382 0 299.383 3.55053e-09
4.27706 1.4382 0 300.385 3.38309e-09
4.27706 1.4382 0 301.388 3.22362e-09
4.27706 1.4382 0 302.39 3.07174e-09
4.27706 1.4382 0 303.393 2.92707e-09
4.27706 1.4382 0 304.395 2.78928e-09
4.27706 1.4382 0 305.398 2.65804e-09
4.27706 1.4382 0 306.4 2.53302e-09
4.27706 1.4382 0 307.403 2.41393e-09
4.27706 1.4382 0 308.405 2.30049e-09
4.27706 1.4382 0 309.408 2.19243e-09
4.27706 1.4382 0 310.41 2.08948e-09
4.27706 1.4382 0 311.412 1.99141e-09
4.27706 1.4382 0 312.415 1.89798e-09
4.27706 1.4382 0 313.417 1.80897e-09
4.27706 1.4382 0 314.42 1.72416e-09
4.27706 1.4382 0 315.422 1.64337e-09
4.27706 1.4382 0 316.425 1.56638e-09
4.27706 1.4382 0 317.427 1.49304e-09
4.27706 1.4382 0 318.43 1.42315e-09
4.27706 1.4382 0 319.432 1.35656e-09
4.27706 1.4382 0 320.435 1.2931e-09
4.27706 1.4382 0 321.437 1.23264e-09
4.27706 1.4382 0 322.44 1.17503e-09
4.27706 1.4382 0 323.442 1.12012e-09
4.27706 1.4382 0 324.445 1.0678e-09
4.27706 1.4382 0 325.447 1.01794e-09
4.27706 1.4382 0 326.449 9.7043e-10
4.27706 1.4382 0 327.452 9.25149e-10
4.27706 1.4382 0 328.454 8.81995e-10
4.27706 1.4382 0 329.457 8.40867e-10
4.27706 1.4382 0 330.459 8.0167e-10
4.27706 1.4382 0 331.462 7.64312e-10
4.27706 1.4382 0 332.464 7.28706e-10
4.27706 1.4382 0 333.467 6.9477e-10
4.27706 1.4382 0 334.469 6.62424e-10
4.27706 1.4382 0 335.472 6.31594e-10
4.27706 1.4382 0 336.474 6.02207e-10
4.27706 1.4382 0 337.477 5.74197e-10
4.27706 1.4382 0 338.479 5.47497e-10
4.27706 1.4382 0 339.482 5.22046e-10
4.27706 1.4382 0 340.484 4.97785e-10
4.27706 1.4382 0 341.487 4.74658e-10
4.27706 1.4382 0 342.489 4.52613e-10
4.27706 1.4382 0 343.491 4.31597e-10
4.27706 1.4382 0 344.494 4.11562e-10
4.27706 1.4382 0 345.496 3.92463e-10
4.27706 1.4382 0 346.499 3.74255e-10
4.27706 1.4382 0 347.501 3.56896e-10
4.27706 1.4382 0 348.504 3.40348e-10
4.27706 1.4382 0 349.506 3.2457e-10
4.27706 1.4382 0 350.509 3.09528e-10
4.27706 1.4382 0 351.511 2.95187e-10
4.27706 1.4382 0 352.514 2.81514e-10
4.27706 1.4382 0 353.516 2.68477e-10
4.27706 1.4382 0 354.519 2.56048e-10
4.27706 1.4382 0 355.521 2.44197e-10
4.27706 1.4382 0 356.524 2.32897e-10
4.27706 1.4382 0 357.526 2.22122e-10
4.27706 1.4382 0 358.528 2.11849e-10
4.27706 1.4382 0 359.531 2.02053e-10
4.27706 1.4382 0 360.533 1.92712e-10
4.27706 1.4382 0 361.536 1.83806e-10
4.27706 1.4382 0 362.538 1.75312e-10
4.27706 1.4382 0 363.541 1.67214e-10
4.27706 1.4382 0 364.543 1.59491e-10
4.27706 1.4382 0 365.546 1.52126e-10
4.27706 1.4382 0 366.548 1.45103e-10
4.27706 1.4382 0 367.551 1.38406e-10
4.27706 1.4382 0 368.553 1.32019e-10
4.27706 1.4382 0 369.556 1.25929e-10
4.27706 1.4382 0 370.558 1.2012e-10
4.27706 1.4382 0 371.561 1.14581e-10
4.27706 1.4382 0 372.563 1.09298e-10
4.27706 1.4382 0 373.566 1.0426e-10
4.27706 1.4382 0 374.568 9.94554e-11
4.27706 1.4382 0 375.57 9.48729e-11
4.27706 1.4382 0 376.573 9.05025e-11
4.27706 1.4382 0 377.575 8.63342e-11
4.27706 1.4382 0 378.578 8.23587e-11
4.27706 1.4382 0 379.58 7.85671e-11
4.27706 1.4382 0 380.583 7.49507e-11
4.27706 1.4382 0 381.585 7.15014e-11
4.27706 1.4382 0 382.588 6.82116e-11
4.27706 1.4382 0 383.59 6.50737e-11
4.27706 1.4382 0 384.593 6.20807e-11
4.27706 1.4382 0 385.595 5.92259e-11
4.27706 1.4382 0 386.598 5.65029e-11
4.27706 1.4382 0 387.6 5.39056e-11
4.27706 1.4382 0 388.603 5.14281e-11
4.27706 1.4382 0 389.605 4.9065e-11
4.27706 1.4382 0 390.607 4.68108e-11
4.27706 1.4382 0 391.61 4.46606e-11
4.27706 1.4382 0 392.612 4.26095e-11
4.27706 1.4382 0 393.615 4.0653e-11
4.27706 1.4382 0 394.617 3.87866e-11
4.27706 1.4382 0 395.62 3.70062e-11
4.27706 1.4382 0 396.622 3.53078e-11
4.27706 1.4382 0 397.625 3.36877e-11
4.27706 1.4382 0 398.627 3.21422e-11
4.27706 1.4382 0 399.63 3.06678e-11
4.27706 1.4382 0 400.632 2.92613e-11
4.27706 1.4382 0 401.635 2.79195e-11
4.27706 1.4382 0 402.637 2.66394e-11
4.27706 1.4382 0 403.64 2.54183e-11
4.27706 1.4382 0 404.642 2.42533e-11
4.27706 1.4382 0 405.645 2.31418e-11
4.27706 1.4382 0 406.647 2.20815e-11
4.27706 1.4382 0 407.649 2.10699e-11
4.27706 1.4382 0 408.652 2.01048e-11
4.27706 1.4382 0 409.654 1.91841e-11
4.27706 1.4382 0 410.657 1.83056e-11
4.27706 1.4382 0 411.659 1.74675e-11
4.27706 1.4382 0 412.662 1.66679e-11
4.27706 1.4382 0 413.664 1.59051e-11
4.27706 1.4382 0 414.667 1.51772e-11
4.27706 1.4382 0 415.669 1.44828e-11
4.27706 1.4382 0 416.672 1.38202e-11
4.27706 1.4382 0 417.674 1.3188e-11
4.27706 1.4382 0 418.677 1.25848e-11
4.27706 1.4382 0 419.679 1.20093e-11
4.27706 1.4382 0 420.682 1.14602e-11
4.27706 1.4382 0 421.684 1.09363e-11
4.27706 1.4382 0 422.686 1.04364e-11
4.27706 1.4382 0 423.689 9.95943e-12
4.27706 1.4382 0 424.691 9.50431e-12
4.27706 1.4382 0 425.694 9.07005e-12
4.27706 1.4382 0 426.696 8.65568e-12
4.27706 1.4382 0 427.699 8.26029e-12
4.27706 1.4382 0 428.701 7.88302e-12
4.27706 1.4382 0 429.704 7.52303e-12
4.27706 1.4382 0 430.706 7.17952e-12
4.27706 1.4382 0 431.709 6.85174e-12
4.27706 1.4382 0 432.711 6.53896e-12
4.27706 1.4382 0 433.714 6.2405e-12
4.27706 1.4382 0 434.716 5.9557e-12
4.27706 1.4382 0 435.719 5.68393e-12
4.27706 1.4382 0 436.721 5.42459e-12
4.27706 1.4382 0 437.724 5.17712e-12
4.27706 1.4382 0 438.726 4.94097e-12
4.27706 1.4382 0 439.728 4.71561e-12
4.27706 1.4382 0 440.731 4.50056e-12
4.27706 1.4382 0 441.733 4.29535e-12
4.27706 1.4382 0 442.736 4.09951e-12
4.27706 1.4382 0 443.738 3.91262e-12
4.27706 1.4382 0 444.741 3.73428e-12
4.27706 1.4382 0 445.743 3.56408e-12
4.27706 1.4382 0 446.746 3.40166e-12
4.27706 1.4382 0 447.748 3.24666e-12
4.27706 1.4382 0 448.751 3.09874e-12
4.27706 1.4382 0 449.753 2.95758e-12
4.27706 1.4382 0 450.756 2.82286e-12
4.27706 1.4382 0 451.758 2.69429e-12
4.27706 1.4382 0 452.761 2.57159e-12
4.27706 1.4382 0 453.763 2.45449e-12
4.27706 1.4382 0 454.765 2.34274e-12
4.27706 1.4382 0 455.768 2.23608e-12
4.27706 1.4382 0 456.77 2.1343e-12
4.27706 1.4382 0 457.773 2.03715e-12
4.27706 1.4382 0 458.775 1.94444e-12
4.27706 1.4382 0 459.778 1.85596e-12
4.27706 1.4382 0 460.78 1.77151e-12
4.27706 1.4382 0 461.783 1.69091e-12
4.27706 1.4382 0 462.785 1.61399e-12
4.27706 1.4382 0 463.788 1.54057e-12
4.27706 1.4382 0 464.79 1.4705e-12
4.27706 1.4382 0 465.793 1.40363e-12
4.27706 1.4382 0 466.795 1.3398e-12
4.27706 1.4382 0 467.798 1.27888e-12
4.27706 1.4382 0 468.8 1.22074e-12
4.27706 1.4382 0 469.803 1.16524e-12
4.27706 1.4382 0 470.805 1.11228e-12
4.27706 1.4382 0 471.807 1.06172e-12
4.27706 1.4382 0 472.81 1.01347e-12
4.27706 1.4382 0 473.812 9.67419e-13
4.27706 1.4382 0 474.815 9.23461e-13
4.27706 1.4382 0 475.817 8.81506e-13
4.27706 1.4382 0 476.82 8.4146e-13
4.27706 1.4382 0 477.822 8.03236e-13
4.27706 1.4382 0 478.825 7.66753e-13
4.27706 1.4382 0 479.827 7.3193e-13
4.27706 1.4382 0 480.83 6.98691e-13
4.27706 1.4382 0 481.832 6.66965e-13
4.27706 1.4382 0 482.835 6.36682e-13
4.27706 1.4382 0 483.837 6.07777e-13
4.27706 1.4382 0 484.84 5.80186e-13
4.27706 1.4382 0 485.842 5.5385e-13
4.27706 1.4382 0 486.844 5.28712e-13
4.27706 1.4382 0 487.847 5.04717e-13
4.27706 1.4382 0 488.849 4.81813e-13
4.27706 1.4382 0 489.852 4.5995e-13
4.27706 1.4382 0 490.854 4.39082e-13
4.27706 1.4382 0 491.857 4.19161e-13
4.27706 1.4382 0 492.859 4.00146e-13
4.27706 1.4382 0 493.862 3.81995e-13
4.27706 1.4382 0 494.864 3.64669e-13
4.27706 1.4382 0 495.867 3.4813e-13
4.27706 1.4382 0 496.869 3.32343e-13
4.27706 1.4382 0 497.872 3.17273e-13
4.27706 1.4382 0 498.874 3.02887e-13
4.27706 1.4382 0 499.877 2.89154e-13
4.27706 1.4382 0 500.879 2.76046e-13
4.27706 1.4382 0 501.882 2.63532e-13
4.27706 1.4382 0 502.884 2.51587e-13
4.27706 1.4382 0 503.886 2.40184e-13
4.27706 1.4382 0 504.889 2.29299e-13
4.27706 1.4382 0 505.891 2.18908e-13
4.27706 1.4382 0 506.894 2.08988e-13
4.27706 1.4382 0 507.896 1.99519e-13
4.27706 1.4382 0 508.899 1.9048e-13
4.27706 1.4382 0 509.901 1.81851e-13
4.27706 1.4382 0 510.904 1.73613e-13
4.27706 1.4382 0 511.906 1.65749e-13
4.27706 1.4382 0 512.909 1.58242e-13
4.27706 1.4382 0 513.911 1.51075e-13
4.27706 1.4382 0 514.914 1.44233e-13
4.27706 1.4382 0 515.916 1.37702e-13
4.27706 1.4382 0 516.919 1.31467e-13
4.27706 1.4382 0 517.921 1.25515e-13
4.27706 1.4382 0 518.923 1.19832e-13
4.27706 1.4382 0 519.926 1.14408e-13
4.27706 1.4382 0 520.928 1.09229e-13
4.27706 1.4382 0 521.931 1.04285e-13
4.27706 1.4382 0 522.933 9.95649e-14
4.27706 1.4382 0 523.936 9.50589e-14
4.27706 1.4382 0 524.938 9.07571e-14
4.27706 1.4382 0 525.941 8.66503e-14
4.27706 1.4382 0 526.943 8.27296e-14
4.27706 1.4382 0 527.946 7.89866e-14
4.27706 1.4382 0 528.948 7.54131e-14
4.27706 1.4382 0 529.951 7.20015e-14
4.27706 1.4382 0 530.953 6.87445e-14
4.27706 1.4382 0 531.956 6.56351e-14
4.27706 1.4382 0 532.958 6.26665e-14
4.27706 1.4382 0 533.961 5.98323e-14
4.27706 1.4382 0 534.963 5.71265e-14
4.27706 1.4382 0 535.965 5.45432e-14
4.27706 1.4382 0 536.968 5.20769e-14
4.27706 1.4382 0 537.97 4.97223e-14
4.27706 1.4382 0 538.973 4.74742e-14
4.27706 1.4382 0 539.975 4.5328e-14
4.27706 1.4382 0 540.978 4.32789e-14
4.27706 1.4382 0 541.98 4.13226e-14
4.27706 1.4382 0 542.983 3.94548e-14
4.27706 1.4382 0 543.985 3.76715e-14
4.27706 1.4382 0 544.988 3.5969e-14
4.27706 1.4382 0 545.99 3.43435e-14
4.27706 1.4382 0 546.993 3.27915e-14
4.27706 1.4382 0 547.995 3.13098e-14
4.27706 1.4382 0 548.998 2.98951e-14
4.27706 1.4382 0 550 2.85444e-14

