0.225314 1.82408 0 100.01 3.20861e-07
0.225314 1.82408 0 101.012 5.48955e-07
0.225314 1.82408 0 102.015 5.12111e-07
0.225314 1.82408 0 103.017 4.74085e-07
0.225314 1.82408 0 104.02 4.46225e-07
0.225314 1.82408 0 105.022 4.24551e-07
0.225314 1.82408 0 106.025 4.06821e-07
0.225314 1.82408 0 107.027 3.91815e-07
0.225314 1.82408 0 108.03 3.78804e-07
0.225314 1.82408 0 109.032 3.67317e-07
0.225314 1.82408 0 110.035 3.57035e-07
0.225314 1.82408 0 111.037 3.47727e-07
0.225314 1.82408 0 112.04 3.39225e-07
0.225314 1.82408 0 113.042 3.314e-07
0.225314 1.82408 0 114.045 3.24152e-07
0.225314 1.82408 0 115.047 3.17403e-07
0.225314 1.82408 0 116.05 3.11087e-07
0.225314 1.82408 0 117.052 3.05154e-07
0.225314 1.82408 0 118.055 2.99559e-07
0.225314 1.82408 0 119.057 2.94266e-07
0.225314 1.82408 0 120.06 2.89244e-07
0.225314 1.82408 0 121.062 2.84468e-07
0.225314 1.82408 0 122.065 2.79914e-07
0.225314 1.82408 0 123.067 2.75563e-07
0.225314 1.82408 0 124.07 2.71398e-07
0.225314 1.82408 0 125.072 2.67403e-07
0.225314 1.82408 0 126.075 2.63567e-07
0.225314 1.82408 0 127.077 2.59876e-07
0.225314 1.82408 0 128.079 2.5632e-07
0.225314 1.82408 0 129.082 2.5289e-07
0.225314 1.82408 0 130.084 2.49578e-07
0.225314 1.82408 0 131.087 2.46375e-07
0.225314 1.82408 0 132.089 2.43276e-07
0.225314 1.82408 0 133.092 2.40273e-07
0.225314 1.82408 0 134.094 2.37361e-07
0.225314 1.82408 0 135.097 2.34534e-07
0.225314 1.82408 0 136.099 2.31789e-07
0.225314 1.82408 0 137.102 2.2912e-07
0.225314 1.82408 0 138.104 2.26524e-07
0.225314 1.82408 0 139.107 2.23997e-07
0.225314 1.82408 0 140.109 2.21535e-07
0.225314 1.82408 0 141.112 2.19135e-07
0.225314 1.82408 0 142.114 2.16794e-07
0.225314 1.82408 0 143.117 2.1451e-07
0.225314 1.82408 0 144.119 2.1228e-07
0.225314 1.82408 0 145.122 2.10101e-07
0.225314 1.82408 0 146.124 2.07971e-07
0.225314 1.82408 0 147.127 2.05889e-07
0.225314 1.82408 0 148.129 2.03851e-07
0.225314 1.82408 0 149.132 2.01858e-07
0.225314 1.82408 0 150.134 1.99905e-07
0.225314 1.82408 0 151.137 1.97993e-07
0.225314 1.82408 0 152.139 1.96119e-07
0.225314 1.82408 0 153.142 1.94282e-07
0.225314 1.82408 0 154.144 1.9248e-07
0.225314 1.82408 0 155.146 1.90713e-07
0.225314 1.82408 0 156.149 1.88979e-07
0.225314 1.82408 0 157.151 1.87277e-07
0.225314 1.82408 0 158.154 1.85606e-07
0.225314 1.82408 0 159.156 1.83965e-07
0.225314 1.82408 0 160.159 1.82352e-07
0.225314 1.82408 0 161.161 1.80767e-07
0.225314 1.82408 0 162.164 1.79209e-07
0.225314 1.82408 0 163.166 1.77677e-07
0.225314 1.82408 0 164.169 1.76171e-07
0.225314 1.82408 0 165.171 1.74689e-07
0.225314 1.82408 0 166.174 1.7323e-07
0.225314 1.82408 0 167.176 1.71795e-07
0.225314 1.82408 0 168.179 1.70382e-07
0.225314 1.82408 0 169.181 1.68991e-07
0.225314 1.82408 0 170.184 1.67621e-07
0.225314 1.82408 0 171.186 1.66271e-07
0.225314 1.82408 0 172.189 1.64942e-07
0.225314 1.82408 0 173.191 1.63631e-07
0.225314 1.82408 0 174.194 1.6234e-07
0.225314 1.82408 0 175.196 1.61067e-07
0.225314 1.82408 0 176.199 1.59812e-07
0.225314 1.82408 0 177.201 1.58574e-07
0.225314 1.82408 0 178.204 1.57353e-07
0.225314 1.82408 0 179.206 1.56149e-07
0.225314 1.82408 0 180.208 1.54961e-07
0.225314 1.82408 0 181.211 1.53788e-07
0.225314 1.82408 0 182.213 1.52631e-07
0.225314 1.82408 0 183.216 1.51489e-07
0.225314 1.82408 0 184.218 1.50362e-07
0.225314 1.82408 0 185.221 1.49248e-07
0.225314 1.82408 0 186.223 1.48149e-07
0.225314 1.82408 0 187.226 1.47064e-07
0.225314 1.82408 0 188.228 1.45991e-07
0.225314 1.82408 0 189.231 1.44932e-07
0.225314 1.82408 0 190.233 1.43885e-07
0.225314 1.82408 0 191.236 1.42851e-07
0.225314 1.82408 0 192.238 1.41829e-07
0.225314 1.82408 0 193.241 1.40819e-07
0.225314 1.82408 0 194.243 1.39821e-07
0.225314 1.82408 0 195.246 1.38834e-07
0.225314 1.82408 0 196.248 1.37859e-07
0.225314 1.82408 0 197.251 1.36894e-07
0.225314 1.82408 0 198.253 1.3594e-07
0.225314 1.82408 0 199.256 1.34996e-07
0.225314 1.82408 0 200.258 1.34063e-07
0.225314 1.82408 0 201.261 1.3314e-07
0.225314 1.82408 0 202.263 1.32227e-07
0.225314 1.82408 0 203.266 1.31324e-07
0.225314 1.82408 0 204.268 1.3043e-07
0.225314 1.82408 0 205.271 1.29546e-07
0.225314 1.82408 0 206.273 1.28671e-07
0.225314 1.82408 0 207.275 1.27804e-07
0.225314 1.82408 0 208.278 1.26947e-07
0.225314 1.82408 0 209.28 1.26098e-07
0.225314 1.82408 0 210.283 1.25258e-07
0.225314 1.82408 0 211.285 1.24427e-07
0.225314 1.82408 0 212.288 1.23603e-07
0.225314 1.82408 0 213.29 1.22788e-07
0.225314 1.82408 0 214.293 1.21981e-07
0.225314 1.82408 0 215.295 1.21181e-07
0.225314 1.82408 0 216.298 1.2039e-07
0.225314 1.82408 0 217.3 1.19605e-07
0.225314 1.82408 0 218.303 1.18829e-07
0.225314 1.82408 0 219.305 1.18059e-07
0.225314 1.82408 0 220.308 1.17297e-07
0.225314 1.82408 0 221.31 1.16542e-07
0.225314 1.82408 0 222.313 1.15794e-07
0.225314 1.82408 0 223.315 1.15053e-07
0.225314 1.82408 0 224.318 1.14318e-07
0.225314 1.82408 0 225.32 1.1359e-07
0.225314 1.82408 0 226.323 1.12869e-07
0.225314 1.82408 0 227.325 1.12154e-07
0.225314 1.82408 0 228.328 1.11446e-07
0.225314 1.82408 0 229.33 1.10744e-07
0.225314 1.82408 0 230.333 1.10048e-07
0.225314 1.82408 0 231.335 1.09358e-07
0.225314 1.82408 0 232.338 1.08674e-07
0.225314 1.82408 0 233.34 1.07996e-07
0.225314 1.82408 0 234.342 1.07324e-07
0.225314 1.82408 0 235.345 1.06657e-07
0.225314 1.82408 0 236.347 1.05997e-07
0.225314 1.82408 0 237.35 1.05341e-07
0.225314 1.82408 0 238.352 1.04692e-07
0.225314 1.82408 0 239.355 1.04048e-07
0.225314 1.82408 0 240.357 1.03409e-07
0.225314 1.82408 0 241.36 1.02775e-07
0.225314 1.82408 0 242.362 1.02147e-07
0.225314 1.82408 0 243.365 1.01524e-07
0.225314 1.82408 0 244.367 1.00905e-07
0.225314 1.82408 0 245.37 1.00292e-07
0.225314 1.82408 0 246.372 9.96841e-08
0.225314 1.82408 0 247.375 9.90808e-08
0.225314 1.82408 0 248.377 9.84824e-08
0.225314 1.82408 0 249.38 9.78887e-08
0.225314 1.82408 0 250.382 9.72997e-08
0.225314 1.82408 0 251.385 9.67153e-08
0.225314 1.82408 0 252.387 9.61356e-08
0.225314 1.82408 0 253.39 9.55604e-08
0.225314 1.82408 0 254.392 9.49896e-08
0.225314 1.82408 0 255.395 9.44233e-08
0.225314 1.82408 0 256.397 9.38613e-08
0.225314 1.82408 0 257.4 9.33037e-08
0.225314 1.82408 0 258.402 9.27503e-08
0.225314 1.82408 0 259.405 9.22012e-08
0.225314 1.82408 0 260.407 9.16562e-08
0.225314 1.82408 0 261.409 9.11153e-08
0.225314 1.82408 0 262.412 9.05785e-08
0.225314 1.82408 0 263.414 9.00457e-08
0.225314 1.82408 0 264.417 8.9517e-08
0.225314 1.82408 0 265.419 8.89921e-08
0.225314 1.82408 0 266.422 8.84711e-08
0.225314 1.82408 0 267.424 8.7954e-08
0.225314 1.82408 0 268.427 8.74407e-08
0.225314 1.82408 0 269.429 8.69312e-08
0.225314 1.82408 0 270.432 8.64254e-08
0.225314 1.82408 0 271.434 8.59232e-08
0.225314 1.82408 0 272.437 8.54247e-08
0.225314 1.82408 0 273.439 8.49299e-08
0.225314 1.82408 0 274.442 8.44385e-08
0.225314 1.82408 0 275.444 8.39508e-08
0.225314 1.82408 0 276.447 8.34665e-08
0.225314 1.82408 0 277.449 8.29856e-08
0.225314 1.82408 0 278.452 8.25082e-08
0.225314 1.82408 0 279.454 8.20342e-08
0.225314 1.82408 0 280.457 8.15635e-08
0.225314 1.82408 0 281.459 8.10961e-08
0.225314 1.82408 0 282.462 8.06321e-08
0.225314 1.82408 0 283.464 8.01712e-08
0.225314 1.82408 0 284.467 7.97136e-08
0.225314 1.82408 0 285.469 7.92592e-08
0.225314 1.82408 0 286.472 7.8808e-08
0.225314 1.82408 0 287.474 7.83598e-08
0.225314 1.82408 0 288.476 7.79148e-08
0.225314 1.82408 0 289.479 7.74728e-08
0.225314 1.82408 0 290.481 7.70338e-08
0.225314 1.82408 0 291.484 7.65979e-08
0.225314 1.82408 0 292.486 7.61649e-08
0.225314 1.82408 0 293.489 7.57349e-08
0.225314 1.82408 0 294.491 7.53078e-08
0.225314 1.82408 0 295.494 7.48836e-08
0.225314 1.82408 0 296.496 7.44623e-08
0.225314 1.82408 0 297.499 7.40438e-08
0.225314 1.82408 0 298.501 7.36281e-08
0.225314 1.82408 0 299.504 7.32153e-08
0.225314 1.82408 0 300.506 7.28051e-08
0.225314 1.82408 0 301.509 7.23977e-08
0.225314 1.82408 0 302.511 7.19931e-08
0.225314 1.82408 0 303.514 7.15911e-08
0.225314 1.82408 0 304.516 7.11918e-08
0.225314 1.82408 0 305.519 7.07951e-08
0.225314 1.82408 0 306.521 7.0401e-08
0.225314 1.82408 0 307.524 7.00095e-08
0.225314 1.82408 0 308.526 6.96207e-08
0.225314 1.82408 0 309.529 6.92343e-08
0.225314 1.82408 0 310.531 6.88505e-08
0.225314 1.82408 0 311.534 6.84692e-08
0.225314 1.82408 0 312.536 6.80903e-08
0.225314 1.82408 0 313.538 6.7714e-08
0.225314 1.82408 0 314.541 6.734e-08
0.225314 1.82408 0 315.543 6.69685e-08
0.225314 1.82408 0 316.546 6.65994e-08
0.225314 1.82408 0 317.548 6.62327e-08
0.225314 1.82408 0 318.551 6.58683e-08
0.225314 1.82408 0 319.553 6.55063e-08
0.225314 1.82408 0 320.556 6.51466e-08
0.225314 1.82408 0 321.558 6.47892e-08
0.225314 1.82408 0 322.561 6.4434e-08
0.225314 1.82408 0 323.563 6.40812e-08
0.225314 1.82408 0 324.566 6.37305e-08
0.225314 1.82408 0 325.568 6.33821e-08
0.225314 1.82408 0 326.571 6.30359e-08
0.225314 1.82408 0 327.573 6.2692e-08
0.225314 1.82408 0 328.576 6.23501e-08
0.225314 1.82408 0 329.578 6.20105e-08
0.225314 1.82408 0 330.581 6.16729e-08
0.225314 1.82408 0 331.583 6.13375e-08
0.225314 1.82408 0 332.586 6.10042e-08
0.225314 1.82408 0 333.588 6.0673e-08
0.225314 1.82408 0 334.591 6.03438e-08
0.225314 1.82408 0 335.593 6.00167e-08
0.225314 1.82408 0 336.596 5.96917e-08
0.225314 1.82408 0 337.598 5.93686e-08
0.225314 1.82408 0 338.601 5.90476e-08
0.225314 1.82408 0 339.603 5.87285e-08
0.225314 1.82408 0 340.605 5.84115e-08
0.225314 1.82408 0 341.608 5.80964e-08
0.225314 1.82408 0 342.61 5.77832e-08
0.225314 1.82408 0 343.613 5.7472e-08
0.225314 1.82408 0 344.615 5.71627e-08
0.225314 1.82408 0 345.618 5.68552e-08
0.225314 1.82408 0 346.62 5.65497e-08
0.225314 1.82408 0 347.623 5.6246e-08
0.225314 1.82408 0 348.625 5.59442e-08
0.225314 1.82408 0 349.628 5.56443e-08
0.225314 1.82408 0 350.63 5.53461e-08
0.225314 1.82408 0 351.633 5.50498e-08
0.225314 1.82408 0 352.635 5.47553e-08
0.225314 1.82408 0 353.638 5.44626e-08
0.225314 1.82408 0 354.64 5.41717e-08
0.225314 1.82408 0 355.643 5.38825e-08
0.225314 1.82408 0 356.645 5.3595e-08
0.225314 1.82408 0 357.648 5.33093e-08
0.225314 1.82408 0 358.65 5.30254e-08
0.225314 1.82408 0 359.653 5.27431e-08
0.225314 1.82408 0 360.655 5.24625e-08
0.225314 1.82408 0 361.658 5.21837e-08
0.225314 1.82408 0 362.66 5.19064e-08
0.225314 1.82408 0 363.663 5.16309e-08
0.225314 1.82408 0 364.665 5.1357e-08
0.225314 1.82408 0 365.668 5.10848e-08
0.225314 1.82408 0 366.67 5.08141e-08
0.225314 1.82408 0 367.672 5.05451e-08
0.225314 1.82408 0 368.675 5.02777e-08
0.225314 1.82408 0 369.677 5.00119e-08
0.225314 1.82408 0 370.68 4.97476e-08
0.225314 1.82408 0 371.682 4.9485e-08
0.225314 1.82408 0 372.685 4.92239e-08
0.225314 1.82408 0 373.687 4.89643e-08
0.225314 1.82408 0 374.69 4.87063e-08
0.225314 1.82408 0 375.692 4.84498e-08
0.225314 1.82408 0 376.695 4.81948e-08
0.225314 1.82408 0 377.697 4.79413e-08
0.225314 1.82408 0 378.7 4.76893e-08
0.225314 1.82408 0 379.702 4.74388e-08
0.225314 1.82408 0 380.705 4.71897e-08
0.225314 1.82408 0 381.707 4.69422e-08
0.225314 1.82408 0 382.71 4.6696e-08
0.225314 1.82408 0 383.712 4.64513e-08
0.225314 1.82408 0 384.715 4.62081e-08
0.225314 1.82408 0 385.717 4.59663e-08
0.225314 1.82408 0 386.72 4.57259e-08
0.225314 1.82408 0 387.722 4.54868e-08
0.225314 1.82408 0 388.725 4.52492e-08
0.225314 1.82408 0 389.727 4.5013e-08
0.225314 1.82408 0 390.73 4.47781e-08
0.225314 1.82408 0 391.732 4.45446e-08
0.225314 1.82408 0 392.735 4.43125e-08
0.225314 1.82408 0 393.737 4.40817e-08
0.225314 1.82408 0 394.739 4.38522e-08
0.225314 1.82408 0 395.742 4.36241e-08
0.225314 1.82408 0 396.744 4.33973e-08
0.225314 1.82408 0 397.747 4.31718e-08
0.225314 1.82408 0 398.749 4.29476e-08
0.225314 1.82408 0 399.752 4.27247e-08
0.225314 1.82408 0 400.754 4.2503e-08
0.225314 1.82408 0 401.757 4.22827e-08
0.225314 1.82408 0 402.759 4.20636e-08
0.225314 1.82408 0 403.762 4.18458e-08
0.225314 1.82408 0 404.764 4.16292e-08
0.225314 1.82408 0 405.767 4.14139e-08
0.225314 1.82408 0 406.769 4.11998e-08
0.225314 1.82408 0 407.772 4.09869e-08
0.225314 1.82408 0 408.774 4.07752e-08
0.225314 1.82408 0 409.777 4.05648e-08
0.225314 1.82408 0 410.779 4.03555e-08
0.225314 1.82408 0 411.782 4.01475e-08
0.225314 1.82408 0 412.784 3.99406e-08
0.225314 1.82408 0 413.787 3.97349e-08
0.225314 1.82408 0 414.789 3.95304e-08
0.225314 1.82408 0 415.792 3.93271e-08
0.225314 1.82408 0 416.794 3.91249e-08
0.225314 1.82408 0 417.797 3.89238e-08
0.225314 1.82408 0 418.799 3.87239e-08
0.225314 1.82408 0 419.802 3.85251e-08
0.225314 1.82408 0 420.804 3.83274e-08
0.225314 1.82408 0 421.806 3.81309e-08
0.225314 1.82408 0 422.809 3.79355e-08
0.225314 1.82408 0 423.811 3.77411e-08
0.225314 1.82408 0 424.814 3.75479e-08
0.225314 1.82408 0 425.816 3.73558e-08
0.225314 1.82408 0 426.819 3.71647e-08
0.225314 1.82408 0 427.821 3.69747e-08
0.225314 1.82408 0 428.824 3.67858e-08
0.225314 1.82408 0 429.826 3.6598e-08
0.225314 1.82408 0 430.829 3.64112e-08
0.225314 1.82408 0 431.831 3.62254e-08
0.225314 1.82408 0 432.834 3.60407e-08
0.225314 1.82408 0 433.836 3.5857e-08
0.225314 1.82408 0 434.839 3.56744e-08
0.225314 1.82408 0 435.841 3.54927e-08
0.225314 1.82408 0 436.844 3.53121e-08
0.225314 1.82408 0 437.846 3.51325e-08
0.225314 1.82408 0 438.849 3.49539e-08
0.225314 1.82408 0 439.851 3.47763e-08
0.225314 1.82408 0 440.854 3.45997e-08
0.225314 1.82408 0 441.856 3.44241e-08
0.225314 1.82408 0 442.859 3.42494e-08
0.225314 1.82408 0 443.861 3.40757e-08
0.225314 1.82408 0 444.864 3.3903e-08
0.225314 1.82408 0 445.866 3.37313e-08
0.225314 1.82408 0 446.868 3.35604e-08
0.225314 1.82408 0 447.871 3.33906e-08
0.225314 1.82408 0 448.873 3.32217e-08
0.225314 1.82408 0 449.876 3.30537e-08
0.225314 1.82408 0 450.878 3.28866e-08
0.225314 1.82408 0 451.881 3.27205e-08
0.225314 1.82408 0 452.883 3.25553e-08
0.225314 1.82408 0 453.886 3.2391e-08
0.225314 1.82408 0 454.888 3.22276e-08
0.225314 1.82408 0 455.891 3.20651e-08
0.225314 1.82408 0 456.893 3.19035e-08
0.225314 1.82408 0 457.896 3.17428e-08
0.225314 1.82408 0 458.898 3.15829e-08
0.225314 1.82408 0 459.901 3.1424e-08
0.225314 1.82408 0 460.903 3.12659e-08
0.225314 1.82408 0 461.906 3.11087e-08
0.225314 1.82408 0 462.908 3.09523e-08
0.225314 1.82408 0 463.911 3.07969e-08
0.225314 1.82408 0 464.913 3.06422e-08
0.225314 1.82408 0 465.916 3.04884e-08
0.225314 1.82408 0 466.918 3.03355e-08
0.225314 1.82408 0 467.921 3.01834e-08
0.225314 1.82408 0 468.923 3.00321e-08
0.225314 1.82408 0 469.926 2.98816e-08
0.225314 1.82408 0 470.928 2.9732e-08
0.225314 1.82408 0 471.931 2.95832e-08
0.225314 1.82408 0 472.933 2.94352e-08
0.225314 1.82408 0 473.935 2.9288e-08
0.225314 1.82408 0 474.938 2.91416e-08
0.225314 1.82408 0 475.94 2.8996e-08
0.225314 1.82408 0 476.943 2.88511e-08
0.225314 1.82408 0 477.945 2.87071e-08
0.225314 1.82408 0 478.948 2.85639e-08
0.225314 1.82408 0 479.95 2.84214e-08
0.225314 1.82408 0 480.953 2.82797e-08
0.225314 1.82408 0 481.955 2.81388e-08
0.225314 1.82408 0 482.958 2.79986e-08
0.225314 1.82408 0 483.96 2.78592e-08
0.225314 1.82408 0 484.963 2.77206e-08
0.225314 1.82408 0 485.965 2.75826e-08
0.225314 1.82408 0 486.968 2.74455e-08
0.225314 1.82408 0 487.97 2.73091e-08
0.225314 1.82408 0 488.973 2.71734e-08
0.225314 1.82408 0 489.975 2.70384e-08
0.225314 1.82408 0 490.978 2.69042e-08
0.225314 1.82408 0 491.98 2.67707e-08
0.225314 1.82408 0 492.983 2.66379e-08
0.225314 1.82408 0 493.985 2.65059e-08
0.225314 1.82408 0 494.988 2.63745e-08
0.225314 1.82408 0 495.99 2.62439e-08
0.225314 1.82408 0 496.993 2.61139e-08
0.225314 1.82408 0 497.995 2.59847e-08
0.225314 1.82408 0 498.998 2.58561e-08
0.225314 1.82408 0 500 2.57282e-08
0.225314 1.82408 0 100.01 3.20861e-07
0.225314 1.82408 0 101.012 5.48955e-07
0.225314 1.82408 0 102.015 5.12111e-07
0.225314 1.82408 0 103.017 4.74085e-07
0.225314 1.82408 0 104.02 4.46225e-07
0.225314 1.82408 0 105.022 4.24551e-07
0.225314 1.82408 0 106.025 4.06821e-07
0.225314 1.82408 0 107.027 3.91815e-07
0.225314 1.82408 0 108.03 3.78804e-07
0.225314 1.82408 0 109.032 3.67317e-07
0.225314 1.82408 0 110.035 3.57035e-07
0.225314 1.82408 0 111.037 3.47727e-07
0.225314 1.82408 0 112.04 3.39225e-07
0.225314 1.82408 0 113.042 3.314e-07
0.225314 1.82408 0 114.045 3.24152e-07
0.225314 1.82408 0 115.047 3.17403e-07
0.225314 1.82408 0 116.05 3.11087e-07
0.225314 1.82408 0 117.052 3.05154e-07
0.225314 1.82408 0 118.055 2.99559e-07
0.225314 1.82408 0 119.057 2.94266e-07
0.225314 1.82408 0 120.06 2.89244e-07
0.225314 1.82408 0 121.062 2.84468e-07
0.225314 1.82408 0 122.065 2.79914e-07
0.225314 1.82408 0 123.067 2.75563e-07
0.225314 1.82408 0 124.07 2.71398e-07
0.225314 1.82408 0 125.072 2.67403e-07
0.225314 1.82408 0 126.075 2.63567e-07
0.225314 1.82408 0 127.077 2.59876e-07
0.225314 1.82408 0 128.079 2.5632e-07
0.225314 1.82408 0 129.082 2.5289e-07
0.225314 1.82408 0 130.084 2.49578e-07
0.225314 1.82408 0 131.087 2.46375e-07
0.225314 1.82408 0 132.089 2.43276e-07
0.225314 1.82408 0 133.092 2.40273e-07
0.225314 1.82408 0 134.094 2.37361e-07
0.225314 1.82408 0 135.097 2.34534e-07
0.225314 1.82408 0 136.099 2.31789e-07
0.225314 1.82408 0 137.102 2.2912e-07
0.225314 1.82408 0 138.104 2.26524e-07
0.225314 1.82408 0 139.107 2.23997e-07
0.225314 1.82408 0 140.109 2.21535e-07
0.225314 1.82408 0 141.112 2.19135e-07
0.225314 1.82408 0 142.114 2.16794e-07
0.225314 1.82408 0 143.117 2.1451e-07
0.225314 1.82408 0 144.119 2.1228e-07
0.225314 1.82408 0 145.122 2.10101e-07
0.225314 1.82408 0 146.124 2.07971e-07
0.225314 1.82408 0 147.127 2.05889e-07
0.225314 1.82408 0 148.129 2.03851e-07
0.225314 1.82408 0 149.132 2.01858e-07
0.225314 1.82408 0 150.134 1.99905e-07
0.225314 1.82408 0 151.137 1.97993e-07
0.225314 1.82408 0 152.139 1.96119e-07
0.225314 1.82408 0 153.142 1.94282e-07
0.225314 1.82408 0 154.144 1.9248e-07
0.225314 1.82408 0 155.146 1.90713e-07
0.225314 1.82408 0 156.149 1.88979e-07
0.225314 1.82408 0 157.151 1.87277e-07
0.225314 1.82408 0 158.154 1.85606e-07
0.225314 1.82408 0 159.156 1.83965e-07
0.225314 1.82408 0 160.159 1.82352e-07
0.225314 1.82408 0 161.161 1.80767e-07
0.225314 1.82408 0 162.164 1.79209e-07
0.225314 1.82408 0 163.166 1.77677e-07
0.225314 1.82408 0 164.169 1.76171e-07
0.225314 1.82408 0 165.171 1.74689e-07
0.225314 1.82408 0 166.174 1.7323e-07
0.225314 1.82408 0 167.176 1.71795e-07
0.225314 1.82408 0 168.179 1.70382e-07
0.225314 1.82408 0 169.181 1.68991e-07
0.225314 1.82408 0 170.184 1.67621e-07
0.225314 1.82408 0 171.186 1.66271e-07
0.225314 1.82408 0 172.189 1.64942e-07
0.225314 1.82408 0 173.191 1.63631e-07
0.225314 1.82408 0 174.194 1.6234e-07
0.225314 1.82408 0 175.196 1.61067e-07
0.225314 1.82408 0 176.199 1.59812e-07
0.225314 1.82408 0 177.201 1.58574e-07
0.225314 1.82408 0 178.204 1.57353e-07
0.225314 1.82408 0 179.206 1.56149e-07
0.225314 1.82408 0 180.208 1.54961e-07
0.225314 1.82408 0 181.211 1.53788e-07
0.225314 1.82408 0 182.213 1.52631e-07
0.225314 1.82408 0 183.216 1.51489e-07
0.225314 1.82408 0 184.218 1.50362e-07
0.225314 1.82408 0 185.221 1.49248e-07
0.225314 1.82408 0 186.223 1.48149e-07
0.225314 1.82408 0 187.226 1.47064e-07
0.225314 1.82408 0 188.228 1.45991e-07
0.225314 1.82408 0 189.231 1.44932e-07
0.225314 1.82408 0 190.233 1.43885e-07
0.225314 1.82408 0 191.236 1.42851e-07
0.225314 1.82408 0 192.238 1.41829e-07
0.225314 1.82408 0 193.241 1.40819e-07
0.225314 1.82408 0 194.243 1.39821e-07
0.225314 1.82408 0 195.246 1.38834e-07
0.225314 1.82408 0 196.248 1.37859e-07
0.225314 1.82408 0 197.251 1.36894e-07
0.225314 1.82408 0 198.253 1.3594e-07
0.225314 1.82408 0 199.256 1.34996e-07
0.225314 1.82408 0 200.258 1.34063e-07
0.225314 1.82408 0 201.261 1.3314e-07
0.225314 1.82408 0 202.263 1.32227e-07
0.225314 1.82408 0 203.266 1.31324e-07
0.225314 1.82408 0 204.268 1.3043e-07
0.225314 1.82408 0 205.271 1.29546e-07
0.225314 1.82408 0 206.273 1.28671e-07
0.225314 1.82408 0 207.275 1.27804e-07
0.225314 1.82408 0 208.278 1.26947e-07
0.225314 1.82408 0 209.28 1.26098e-07
0.225314 1.82408 0 210.283 1.25258e-07
0.225314 1.82408 0 211.285 1.24427e-07
0.225314 1.82408 0 212.288 1.23603e-07
0.225314 1.82408 0 213.29 1.22788e-07
0.225314 1.82408 0 214.293 1.21981e-07
0.225314 1.82408 0 215.295 1.21181e-07
0.225314 1.82408 0 216.298 1.2039e-07
0.225314 1.82408 0 217.3 1.19605e-07
0.225314 1.82408 0 218.303 1.18829e-07
0.225314 1.82408 0 219.305 1.18059e-07
0.225314 1.82408 0 220.308 1.17297e-07
0.225314 1.82408 0 221.31 1.16542e-07
0.225314 1.82408 0 222.313 1.15794e-07
0.225314 1.82408 0 223.315 1.15053e-07
0.225314 1.82408 0 224.318 1.14318e-07
0.225314 1.82408 0 225.32 1.1359e-07
0.225314 1.82408 0 226.323 1.12869e-07
0.225314 1.82408 0 227.325 1.12154e-07
0.225314 1.82408 0 228.328 1.11446e-07
0.225314 1.82408 0 229.33 1.10744e-07
0.225314 1.82408 0 230.333 1.10048e-07
0.225314 1.82408 0 231.335 1.09358e-07
0.225314 1.82408 0 232.338 1.08674e-07
0.225314 1.82408 0 233.34 1.07996e-07
0.225314 1.82408 0 234.342 1.07324e-07
0.225314 1.82408 0 235.345 1.06657e-07
0.225314 1.82408 0 236.347 1.05997e-07
0.225314 1.82408 0 237.35 1.05341e-07
0.225314 1.82408 0 238.352 1.04692e-07
0.225314 1.82408 0 239.355 1.04048e-07
0.225314 1.82408 0 240.357 1.03409e-07
0.225314 1.82408 0 241.36 1.02775e-07
0.225314 1.82408 0 242.362 1.02147e-07
0.225314 1.82408 0 243.365 1.01524e-07
0.225314 1.82408 0 244.367 1.00905e-07
0.225314 1.82408 0 245.37 1.00292e-07
0.225314 1.82408 0 246.372 9.96841e-08
0.225314 1.82408 0 247.375 9.90808e-08
0.225314 1.82408 0 248.377 9.84824e-08
0.225314 1.82408 0 249.38 9.78887e-08
0.225314 1.82408 0 250.382 9.72997e-08
0.225314 1.82408 0 251.385 9.67153e-08
0.225314 1.82408 0 252.387 9.61356e-08
0.225314 1.82408 0 253.39 9.55604e-08
0.225314 1.82408 0 254.392 9.49896e-08
0.225314 1.82408 0 255.395 9.44233e-08
0.225314 1.82408 0 256.397 9.38613e-08
0.225314 1.82408 0 257.4 9.33037e-08
0.225314 1.82408 0 258.402 9.27503e-08
0.225314 1.82408 0 259.405 9.22012e-08
0.225314 1.82408 0 260.407 9.16562e-08
0.225314 1.82408 0 261.409 9.11153e-08
0.225314 1.82408 0 262.412 9.05785e-08
0.225314 1.82408 0 263.414 9.00457e-08
0.225314 1.82408 0 264.417 8.9517e-08
0.225314 1.82408 0 265.419 8.89921e-08
0.225314 1.82408 0 266.422 8.84711e-08
0.225314 1.82408 0 267.424 8.7954e-08
0.225314 1.82408 0 268.427 8.74407e-08
0.225314 1.82408 0 269.429 8.69312e-08
0.225314 1.82408 0 270.432 8.64254e-08
0.225314 1.82408 0 271.434 8.59232e-08
0.225314 1.82408 0 272.437 8.54247e-08
0.225314 1.82408 0 273.439 8.49299e-08
0.225314 1.82408 0 274.442 8.44385e-08
0.225314 1.82408 0 275.444 8.39508e-08
0.225314 1.82408 0 276.447 8.34665e-08
0.225314 1.82408 0 277.449 8.29856e-08
0.225314 1.82408 0 278.452 8.25082e-08
0.225314 1.82408 0 279.454 8.20342e-08
0.225314 1.82408 0 280.457 8.15635e-08
0.225314 1.82408 0 281.459 8.10961e-08
0.225314 1.82408 0 282.462 8.06321e-08
0.225314 1.82408 0 283.464 8.01712e-08
0.225314 1.82408 0 284.467 7.97136e-08
0.225314 1.82408 0 285.469 7.92592e-08
0.225314 1.82408 0 286.472 7.8808e-08
0.225314 1.82408 0 287.474 7.83598e-08
0.225314 1.82408 0 288.476 7.79148e-08
0.225314 1.82408 0 289.479 7.74728e-08
0.225314 1.82408 0 290.481 7.70338e-08
0.225314 1.82408 0 291.484 7.65979e-08
0.225314 1.82408 0 292.486 7.61649e-08
0.225314 1.82408 0 293.489 7.57349e-08
0.225314 1.82408 0 294.491 7.53078e-08
0.225314 1.82408 0 295.494 7.48836e-08
0.225314 1.82408 0 296.496 7.44623e-08
0.225314 1.82408 0 297.499 7.40438e-08
0.225314 1.82408 0 298.501 7.36281e-08
0.225314 1.82408 0 299.504 7.32153e-08
0.225314 1.82408 0 300.506 7.28051e-08
0.225314 1.82408 0 301.509 7.23977e-08
0.225314 1.82408 0 302.511 7.19931e-08
0.225314 1.82408 0 303.514 7.15911e-08
0.225314 1.82408 0 304.516 7.11918e-08
0.225314 1.82408 0 305.519 7.07951e-08
0.225314 1.82408 0 306.521 7.0401e-08
0.225314 1.82408 0 307.524 7.00095e-08
0.225314 1.82408 0 308.526 6.96207e-08
0.225314 1.82408 0 309.529 6.92343e-08
0.225314 1.82408 0 310.531 6.88505e-08
0.225314 1.82408 0 311.534 6.84692e-08
0.225314 1.82408 0 312.536 6.80903e-08
0.225314 1.82408 0 313.538 6.7714e-08
0.225314 1.82408 0 314.541 6.734e-08
0.225314 1.82408 0 315.543 6.69685e-08
0.225314 1.82408 0 316.546 6.65994e-08
0.225314 1.82408 0 317.548 6.62327e-08
0.225314 1.82408 0 318.551 6.58683e-08
0.225314 1.82408 0 319.553 6.55063e-08
0.225314 1.82408 0 320.556 6.51466e-08
0.225314 1.82408 0 321.558 6.47892e-08
0.225314 1.82408 0 322.561 6.4434e-08
0.225314 1.82408 0 323.563 6.40812e-08
0.225314 1.82408 0 324.566 6.37305e-08
0.225314 1.82408 0 325.568 6.33821e-08
0.225314 1.82408 0 326.571 6.30359e-08
0.225314 1.82408 0 327.573 6.2692e-08
0.225314 1.82408 0 328.576 6.23501e-08
0.225314 1.82408 0 329.578 6.20105e-08
0.225314 1.82408 0 330.581 6.16729e-08
0.225314 1.82408 0 331.583 6.13375e-08
0.225314 1.82408 0 332.586 6.10042e-08
0.225314 1.82408 0 333.588 6.0673e-08
0.225314 1.82408 0 334.591 6.03438e-08
0.225314 1.82408 0 335.593 6.00167e-08
0.225314 1.82408 0 336.596 5.96917e-08
0.225314 1.82408 0 337.598 5.93686e-08
0.225314 1.82408 0 338.601 5.90476e-08
0.225314 1.82408 0 339.603 5.87285e-08
0.225314 1.82408 0 340.605 5.84115e-08
0.225314 1.82408 0 341.608 5.80964e-08
0.225314 1.82408 0 342.61 5.77832e-08
0.225314 1.82408 0 343.613 5.7472e-08
0.225314 1.82408 0 344.615 5.71627e-08
0.225314 1.82408 0 345.618 5.68552e-08
0.225314 1.82408 0 346.62 5.65497e-08
0.225314 1.82408 0 347.623 5.6246e-08
0.225314 1.82408 0 348.625 5.59442e-08
0.225314 1.82408 0 349.628 5.56443e-08
0.225314 1.82408 0 350.63 5.53461e-08
0.225314 1.82408 0 351.633 5.50498e-08
0.225314 1.82408 0 352.635 5.47553e-08
0.225314 1.82408 0 353.638 5.44626e-08
0.225314 1.82408 0 354.64 5.41717e-08
0.225314 1.82408 0 355.643 5.38825e-08
0.225314 1.82408 0 356.645 5.3595e-08
0.225314 1.82408 0 357.648 5.33093e-08
0.225314 1.82408 0 358.65 5.30254e-08
0.225314 1.82408 0 359.653 5.27431e-08
0.225314 1.82408 0 360.655 5.24625e-08
0.225314 1.82408 0 361.658 5.21837e-08
0.225314 1.82408 0 362.66 5.19064e-08
0.225314 1.82408 0 363.663 5.16309e-08
0.225314 1.82408 0 364.665 5.1357e-08
0.225314 1.82408 0 365.668 5.10848e-08
0.225314 1.82408 0 366.67 5.08141e-08
0.225314 1.82408 0 367.672 5.05451e-08
0.225314 1.82408 0 368.675 5.02777e-08
0.225314 1.82408 0 369.677 5.00119e-08
0.225314 1.82408 0 370.68 4.97476e-08
0.225314 1.82408 0 371.682 4.9485e-08
0.225314 1.82408 0 372.685 4.92239e-08
0.225314 1.82408 0 373.687 4.89643e-08
0.225314 1.82408 0 374.69 4.87063e-08
0.225314 1.82408 0 375.692 4.84498e-08
0.225314 1.82408 0 376.695 4.81948e-08
0.225314 1.82408 0 377.697 4.79413e-08
0.225314 1.82408 0 378.7 4.76893e-08
0.225314 1.82408 0 379.702 4.74388e-08
0.225314 1.82408 0 380.705 4.71897e-08
0.225314 1.82408 0 381.707 4.69422e-08
0.225314 1.82408 0 382.71 4.6696e-08
0.225314 1.82408 0 383.712 4.64513e-08
0.225314 1.82408 0 384.715 4.62081e-08
0.225314 1.82408 0 385.717 4.59663e-08
0.225314 1.82408 0 386.72 4.57259e-08
0.225314 1.82408 0 387.722 4.54868e-08
0.225314 1.82408 0 388.725 4.52492e-08
0.225314 1.82408 0 389.727 4.5013e-08
0.225314 1.82408 0 390.73 4.47781e-08
0.225314 1.82408 0 391.732 4.45446e-08
0.225314 1.82408 0 392.735 4.43125e-08
0.225314 1.82408 0 393.737 4.40817e-08
0.225314 1.82408 0 394.739 4.38522e-08
0.225314 1.82408 0 395.742 4.36241e-08
0.225314 1.82408 0 396.744 4.33973e-08
0.225314 1.82408 0 397.747 4.31718e-08
0.225314 1.82408 0 398.749 4.29476e-08
0.225314 1.82408 0 399.752 4.27247e-08
0.225314 1.82408 0 400.754 4.2503e-08
0.225314 1.82408 0 401.757 4.22827e-08
0.225314 1.82408 0 402.759 4.20636e-08
0.225314 1.82408 0 403.762 4.18458e-08
0.225314 1.82408 0 404.764 4.16292e-08
0.225314 1.82408 0 405.767 4.14139e-08
0.225314 1.82408 0 406.769 4.11998e-08
0.225314 1.82408 0 407.772 4.09869e-08
0.225314 1.82408 0 408.774 4.07752e-08
0.225314 1.82408 0 409.777 4.05648e-08
0.225314 1.82408 0 410.779 4.03555e-08
0.225314 1.82408 0 411.782 4.01475e-08
0.225314 1.82408 0 412.784 3.99406e-08
0.225314 1.82408 0 413.787 3.97349e-08
0.225314 1.82408 0 414.789 3.95304e-08
0.225314 1.82408 0 415.792 3.93271e-08
0.225314 1.82408 0 416.794 3.91249e-08
0.225314 1.82408 0 417.797 3.89238e-08
0.225314 1.82408 0 418.799 3.87239e-08
0.225314 1.82408 0 419.802 3.85251e-08
0.225314 1.82408 0 420.804 3.83274e-08
0.225314 1.82408 0 421.806 3.81309e-08
0.225314 1.82408 0 422.809 3.79355e-08
0.225314 1.82408 0 423.811 3.77411e-08
0.225314 1.82408 0 424.814 3.75479e-08
0.225314 1.82408 0 425.816 3.73558e-08
0.225314 1.82408 0 426.819 3.71647e-08
0.225314 1.82408 0 427.821 3.69747e-08
0.225314 1.82408 0 428.824 3.67858e-08
0.225314 1.82408 0 429.826 3.6598e-08
0.225314 1.82408 0 430.829 3.64112e-08
0.225314 1.82408 0 431.831 3.62254e-08
0.225314 1.82408 0 432.834 3.60407e-08
0.225314 1.82408 0 433.836 3.5857e-08
0.225314 1.82408 0 434.839 3.56744e-08
0.225314 1.82408 0 435.841 3.54927e-08
0.225314 1.82408 0 436.844 3.53121e-08
0.225314 1.82408 0 437.846 3.51325e-08
0.225314 1.82408 0 438.849 3.49539e-08
0.225314 1.82408 0 439.851 3.47763e-08
0.225314 1.82408 0 440.854 3.45997e-08
0.225314 1.82408 0 441.856 3.44241e-08
0.225314 1.82408 0 442.859 3.42494e-08
0.225314 1.82408 0 443.861 3.40757e-08
0.225314 1.82408 0 444.864 3.3903e-08
0.225314 1.82408 0 445.866 3.37313e-08
0.225314 1.82408 0 446.868 3.35604e-08
0.225314 1.82408 0 447.871 3.33906e-08
0.225314 1.82408 0 448.873 3.32217e-08
0.225314 1.82408 0 449.876 3.30537e-08
0.225314 1.82408 0 450.878 3.28866e-08
0.225314 1.82408 0 451.881 3.27205e-08
0.225314 1.82408 0 452.883 3.25553e-08
0.225314 1.82408 0 453.886 3.2391e-08
0.225314 1.82408 0 454.888 3.22276e-08
0.225314 1.82408 0 455.891 3.20651e-08
0.225314 1.82408 0 456.893 3.19035e-08
0.225314 1.82408 0 457.896 3.17428e-08
0.225314 1.82408 0 458.898 3.15829e-08
0.225314 1.82408 0 459.901 3.1424e-08
0.225314 1.82408 0 460.903 3.12659e-08
0.225314 1.82408 0 461.906 3.11087e-08
0.225314 1.82408 0 462.908 3.09523e-08
0.225314 1.82408 0 463.911 3.07969e-08
0.225314 1.82408 0 464.913 3.06422e-08
0.225314 1.82408 0 465.916 3.04884e-08
0.225314 1.82408 0 466.918 3.03355e-08
0.225314 1.82408 0 467.921 3.01834e-08
0.225314 1.82408 0 468.923 3.00321e-08
0.225314 1.82408 0 469.926 2.98816e-08
0.225314 1.82408 0 470.928 2.9732e-08
0.225314 1.82408 0 471.931 2.95832e-08
0.225314 1.82408 0 472.933 2.94352e-08
0.225314 1.82408 0 473.935 2.9288e-08
0.225314 1.82408 0 474.938 2.91416e-08
0.225314 1.82408 0 475.94 2.8996e-08
0.225314 1.82408 0 476.943 2.88511e-08
0.225314 1.82408 0 477.945 2.87071e-08
0.225314 1.82408 0 478.948 2.85639e-08
0.225314 1.82408 0 479.95 2.84214e-08
0.225314 1.82408 0 480.953 2.82797e-08
0.225314 1.82408 0 481.955 2.81388e-08
0.225314 1.82408 0 482.958 2.79986e-08
0.225314 1.82408 0 483.96 2.78592e-08
0.225314 1.82408 0 484.963 2.77206e-08
0.225314 1.82408 0 485.965 2.75826e-08
0.225314 1.82408 0 486.968 2.74455e-08
0.225314 1.82408 0 487.97 2.73091e-08
0.225314 1.82408 0 488.973 2.71734e-08
0.225314 1.82408 0 489.975 2.70384e-08
0.225314 1.82408 0 490.978 2.69042e-08
0.225314 1.82408 0 491.98 2.67707e-08
0.225314 1.82408 0 492.983 2.66379e-08
0.225314 1.82408 0 493.985 2.65059e-08
0.225314 1.82408 0 494.988 2.63745e-08
0.225314 1.82408 0 495.99 2.62439e-08
0.225314 1.82408 0 496.993 2.61139e-08
0.225314 1.82408 0 497.995 2.59847e-08
0.225314 1.82408 0 498.998 2.58561e-08
0.225314 1.82408 0 500 2.57282e-08
0.225314 1.82408 0 100.01 3.20861e-07
0.225314 1.82408 0 101.012 5.48955e-07
0.225314 1.82408 0 102.015 5.12111e-07
0.225314 1.82408 0 103.017 4.74085e-07
0.225314 1.82408 0 104.02 4.46225e-07
0.225314 1.82408 0 105.022 4.24551e-07
0.225314 1.82408 0 106.025 4.06821e-07
0.225314 1.82408 0 107.027 3.91815e-07
0.225314 1.82408 0 108.03 3.78804e-07
0.225314 1.82408 0 109.032 3.67317e-07
0.225314 1.82408 0 110.035 3.57035e-07
0.225314 1.82408 0 111.037 3.47727e-07
0.225314 1.82408 0 112.04 3.39225e-07
0.225314 1.82408 0 113.042 3.314e-07
0.225314 1.82408 0 114.045 3.24152e-07
0.225314 1.82408 0 115.047 3.17403e-07
0.225314 1.82408 0 116.05 3.11087e-07
0.225314 1.82408 0 117.052 3.05154e-07
0.225314 1.82408 0 118.055 2.99559e-07
0.225314 1.82408 0 119.057 2.94266e-07
0.225314 1.82408 0 120.06 2.89244e-07
0.225314 1.82408 0 121.062 2.84468e-07
0.225314 1.82408 0 122.065 2.79914e-07
0.225314 1.82408 0 123.067 2.75563e-07
0.225314 1.82408 0 124.07 2.71398e-07
0.225314 1.82408 0 125.072 2.67403e-07
0.225314 1.82408 0 126.075 2.63567e-07
0.225314 1.82408 0 127.077 2.59876e-07
0.225314 1.82408 0 128.079 2.5632e-07
0.225314 1.82408 0 129.082 2.5289e-07
0.225314 1.82408 0 130.084 2.49578e-07
0.225314 1.82408 0 131.087 2.46375e-07
0.225314 1.82408 0 132.089 2.43276e-07
0.225314 1.82408 0 133.092 2.40273e-07
0.225314 1.82408 0 134.094 2.37361e-07
0.225314 1.82408 0 135.097 2.34534e-07
0.225314 1.82408 0 136.099 2.31789e-07
0.225314 1.82408 0 137.102 2.2912e-07
0.225314 1.82408 0 138.104 2.26524e-07
0.225314 1.82408 0 139.107 2.23997e-07
0.225314 1.82408 0 140.109 2.21535e-07
0.225314 1.82408 0 141.112 2.19135e-07
0.225314 1.82408 0 142.114 2.16794e-07
0.225314 1.82408 0 143.117 2.1451e-07
0.225314 1.82408 0 144.119 2.1228e-07
0.225314 1.82408 0 145.122 2.10101e-07
0.225314 1.82408 0 146.124 2.07971e-07
0.225314 1.82408 0 147.127 2.05889e-07
0.225314 1.82408 0 148.129 2.03851e-07
0.225314 1.82408 0 149.132 2.01858e-07
0.225314 1.82408 0 150.134 1.99905e-07
0.225314 1.82408 0 151.137 1.97993e-07
0.225314 1.82408 0 152.139 1.96119e-07
0.225314 1.82408 0 153.142 1.94282e-07
0.225314 1.82408 0 154.144 1.9248e-07
0.225314 1.82408 0 155.146 1.90713e-07
0.225314 1.82408 0 156.149 1.88979e-07
0.225314 1.82408 0 157.151 1.87277e-07
0.225314 1.82408 0 158.154 1.85606e-07
0.225314 1.82408 0 159.156 1.83965e-07
0.225314 1.82408 0 160.159 1.82352e-07
0.225314 1.82408 0 161.161 1.80767e-07
0.225314 1.82408 0 162.164 1.79209e-07
0.225314 1.82408 0 163.166 1.77677e-07
0.225314 1.82408 0 164.169 1.76171e-07
0.225314 1.82408 0 165.171 1.74689e-07
0.225314 1.82408 0 166.174 1.7323e-07
0.225314 1.82408 0 167.176 1.71795e-07
0.225314 1.82408 0 168.179 1.70382e-07
0.225314 1.82408 0 169.181 1.68991e-07
0.225314 1.82408 0 170.184 1.67621e-07
0.225314 1.82408 0 171.186 1.66271e-07
0.225314 1.82408 0 172.189 1.64942e-07
0.225314 1.82408 0 173.191 1.63631e-07
0.225314 1.82408 0 174.194 1.6234e-07
0.225314 1.82408 0 175.196 1.61067e-07
0.225314 1.82408 0 176.199 1.59812e-07
0.225314 1.82408 0 177.201 1.58574e-07
0.225314 1.82408 0 178.204 1.57353e-07
0.225314 1.82408 0 179.206 1.56149e-07
0.225314 1.82408 0 180.208 1.54961e-07
0.225314 1.82408 0 181.211 1.53788e-07
0.225314 1.82408 0 182.213 1.52631e-07
0.225314 1.82408 0 183.216 1.51489e-07
0.225314 1.82408 0 184.218 1.50362e-07
0.225314 1.82408 0 185.221 1.49248e-07
0.225314 1.82408 0 186.223 1.48149e-07
0.225314 1.82408 0 187.226 1.47064e-07
0.225314 1.82408 0 188.228 1.45991e-07
0.225314 1.82408 0 189.231 1.44932e-07
0.225314 1.82408 0 190.233 1.43885e-07
0.225314 1.82408 0 191.236 1.42851e-07
0.225314 1.82408 0 192.238 1.41829e-07
0.225314 1.82408 0 193.241 1.40819e-07
0.225314 1.82408 0 194.243 1.39821e-07
0.225314 1.82408 0 195.246 1.38834e-07
0.225314 1.82408 0 196.248 1.37859e-07
0.225314 1.82408 0 197.251 1.36894e-07
0.225314 1.82408 0 198.253 1.3594e-07
0.225314 1.82408 0 199.256 1.34996e-07
0.225314 1.82408 0 200.258 1.34063e-07
0.225314 1.82408 0 201.261 1.3314e-07
0.225314 1.82408 0 202.263 1.32227e-07
0.225314 1.82408 0 203.266 1.31324e-07
0.225314 1.82408 0 204.268 1.3043e-07
0.225314 1.82408 0 205.271 1.29546e-07
0.225314 1.82408 0 206.273 1.28671e-07
0.225314 1.82408 0 207.275 1.27804e-07
0.225314 1.82408 0 208.278 1.26947e-07
0.225314 1.82408 0 209.28 1.26098e-07
0.225314 1.82408 0 210.283 1.25258e-07
0.225314 1.82408 0 211.285 1.24427e-07
0.225314 1.82408 0 212.288 1.23603e-07
0.225314 1.82408 0 213.29 1.22788e-07
0.225314 1.82408 0 214.293 1.21981e-07
0.225314 1.82408 0 215.295 1.21181e-07
0.225314 1.82408 0 216.298 1.2039e-07
0.225314 1.82408 0 217.3 1.19605e-07
0.225314 1.82408 0 218.303 1.18829e-07
0.225314 1.82408 0 219.305 1.18059e-07
0.225314 1.82408 0 220.308 1.17297e-07
0.225314 1.82408 0 221.31 1.16542e-07
0.225314 1.82408 0 222.313 1.15794e-07
0.225314 1.82408 0 223.315 1.15053e-07
0.225314 1.82408 0 224.318 1.14318e-07
0.225314 1.82408 0 225.32 1.1359e-07
0.225314 1.82408 0 226.323 1.12869e-07
0.225314 1.82408 0 227.325 1.12154e-07
0.225314 1.82408 0 228.328 1.11446e-07
0.225314 1.82408 0 229.33 1.10744e-07
0.225314 1.82408 0 230.333 1.10048e-07
0.225314 1.82408 0 231.335 1.09358e-07
0.225314 1.82408 0 232.338 1.08674e-07
0.225314 1.82408 0 233.34 1.07996e-07
0.225314 1.82408 0 234.342 1.07324e-07
0.225314 1.82408 0 235.345 1.06657e-07
0.225314 1.82408 0 236.347 1.05997e-07
0.225314 1.82408 0 237.35 1.05341e-07
0.225314 1.82408 0 238.352 1.04692e-07
0.225314 1.82408 0 239.355 1.04048e-07
0.225314 1.82408 0 240.357 1.03409e-07
0.225314 1.82408 0 241.36 1.02775e-07
0.225314 1.82408 0 242.362 1.02147e-07
0.225314 1.82408 0 243.365 1.01524e-07
0.225314 1.82408 0 244.367 1.00905e-07
0.225314 1.82408 0 245.37 1.00292e-07
0.225314 1.82408 0 246.372 9.96841e-08
0.225314 1.82408 0 247.375 9.90808e-08
0.225314 1.82408 0 248.377 9.84824e-08
0.225314 1.82408 0 249.38 9.78887e-08
0.225314 1.82408 0 250.382 9.72997e-08
0.225314 1.82408 0 251.385 9.67153e-08
0.225314 1.82408 0 252.387 9.61356e-08
0.225314 1.82408 0 253.39 9.55604e-08
0.225314 1.82408 0 254.392 9.49896e-08
0.225314 1.82408 0 255.395 9.44233e-08
0.225314 1.82408 0 256.397 9.38613e-08
0.225314 1.82408 0 257.4 9.33037e-08
0.225314 1.82408 0 258.402 9.27503e-08
0.225314 1.82408 0 259.405 9.22012e-08
0.225314 1.82408 0 260.407 9.16562e-08
0.225314 1.82408 0 261.409 9.11153e-08
0.225314 1.82408 0 262.412 9.05785e-08
0.225314 1.82408 0 263.414 9.00457e-08
0.225314 1.82408 0 264.417 8.9517e-08
0.225314 1.82408 0 265.419 8.89921e-08
0.225314 1.82408 0 266.422 8.84711e-08
0.225314 1.82408 0 267.424 8.7954e-08
0.225314 1.82408 0 268.427 8.74407e-08
0.225314 1.82408 0 269.429 8.69312e-08
0.225314 1.82408 0 270.432 8.64254e-08
0.225314 1.82408 0 271.434 8.59232e-08
0.225314 1.82408 0 272.437 8.54247e-08
0.225314 1.82408 0 273.439 8.49299e-08
0.225314 1.82408 0 274.442 8.44385e-08
0.225314 1.82408 0 275.444 8.39508e-08
0.225314 1.82408 0 276.447 8.34665e-08
0.225314 1.82408 0 277.449 8.29856e-08
0.225314 1.82408 0 278.452 8.25082e-08
0.225314 1.82408 0 279.454 8.20342e-08
0.225314 1.82408 0 280.457 8.15635e-08
0.225314 1.82408 0 281.459 8.10961e-08
0.225314 1.82408 0 282.462 8.06321e-08
0.225314 1.82408 0 283.464 8.01712e-08
0.225314 1.82408 0 284.467 7.97136e-08
0.225314 1.82408 0 285.469 7.92592e-08
0.225314 1.82408 0 286.472 7.8808e-08
0.225314 1.82408 0 287.474 7.83598e-08
0.225314 1.82408 0 288.476 7.79148e-08
0.225314 1.82408 0 289.479 7.74728e-08
0.225314 1.82408 0 290.481 7.70338e-08
0.225314 1.82408 0 291.484 7.65979e-08
0.225314 1.82408 0 292.486 7.61649e-08
0.225314 1.82408 0 293.489 7.57349e-08
0.225314 1.82408 0 294.491 7.53078e-08
0.225314 1.82408 0 295.494 7.48836e-08
0.225314 1.82408 0 296.496 7.44623e-08
0.225314 1.82408 0 297.499 7.40438e-08
0.225314 1.82408 0 298.501 7.36281e-08
0.225314 1.82408 0 299.504 7.32153e-08
0.225314 1.82408 0 300.506 7.28051e-08
0.225314 1.82408 0 301.509 7.23977e-08
0.225314 1.82408 0 302.511 7.19931e-08
0.225314 1.82408 0 303.514 7.15911e-08
0.225314 1.82408 0 304.516 7.11918e-08
0.225314 1.82408 0 305.519 7.07951e-08
0.225314 1.82408 0 306.521 7.0401e-08
0.225314 1.82408 0 307.524 7.00095e-08
0.225314 1.82408 0 308.526 6.96207e-08
0.225314 1.82408 0 309.529 6.92343e-08
0.225314 1.82408 0 310.531 6.88505e-08
0.225314 1.82408 0 311.534 6.84692e-08
0.225314 1.82408 0 312.536 6.80903e-08
0.225314 1.82408 0 313.538 6.7714e-08
0.225314 1.82408 0 314.541 6.734e-08
0.225314 1.82408 0 315.543 6.69685e-08
0.225314 1.82408 0 316.546 6.65994e-08
0.225314 1.82408 0 317.548 6.62327e-08
0.225314 1.82408 0 318.551 6.58683e-08
0.225314 1.82408 0 319.553 6.55063e-08
0.225314 1.82408 0 320.556 6.51466e-08
0.225314 1.82408 0 321.558 6.47892e-08
0.225314 1.82408 0 322.561 6.4434e-08
0.225314 1.82408 0 323.563 6.40812e-08
0.225314 1.82408 0 324.566 6.37305e-08
0.225314 1.82408 0 325.568 6.33821e-08
0.225314 1.82408 0 326.571 6.30359e-08
0.225314 1.82408 0 327.573 6.2692e-08
0.225314 1.82408 0 328.576 6.23501e-08
0.225314 1.82408 0 329.578 6.20105e-08
0.225314 1.82408 0 330.581 6.16729e-08
0.225314 1.82408 0 331.583 6.13375e-08
0.225314 1.82408 0 332.586 6.10042e-08
0.225314 1.82408 0 333.588 6.0673e-08
0.225314 1.82408 0 334.591 6.03438e-08
0.225314 1.82408 0 335.593 6.00167e-08
0.225314 1.82408 0 336.596 5.96917e-08
0.225314 1.82408 0 337.598 5.93686e-08
0.225314 1.82408 0 338.601 5.90476e-08
0.225314 1.82408 0 339.603 5.87285e-08
0.225314 1.82408 0 340.605 5.84115e-08
0.225314 1.82408 0 341.608 5.80964e-08
0.225314 1.82408 0 342.61 5.77832e-08
0.225314 1.82408 0 343.613 5.7472e-08
0.225314 1.82408 0 344.615 5.71627e-08
0.225314 1.82408 0 345.618 5.68552e-08
0.225314 1.82408 0 346.62 5.65497e-08
0.225314 1.82408 0 347.623 5.6246e-08
0.225314 1.82408 0 348.625 5.59442e-08
0.225314 1.82408 0 349.628 5.56443e-08
0.225314 1.82408 0 350.63 5.53461e-08
0.225314 1.82408 0 351.633 5.50498e-08
0.225314 1.82408 0 352.635 5.47553e-08
0.225314 1.82408 0 353.638 5.44626e-08
0.225314 1.82408 0 354.64 5.41717e-08
0.225314 1.82408 0 355.643 5.38825e-08
0.225314 1.82408 0 356.645 5.3595e-08
0.225314 1.82408 0 357.648 5.33093e-08
0.225314 1.82408 0 358.65 5.30254e-08
0.225314 1.82408 0 359.653 5.27431e-08
0.225314 1.82408 0 360.655 5.24625e-08
0.225314 1.82408 0 361.658 5.21837e-08
0.225314 1.82408 0 362.66 5.19064e-08
0.225314 1.82408 0 363.663 5.16309e-08
0.225314 1.82408 0 364.665 5.1357e-08
0.225314 1.82408 0 365.668 5.10848e-08
0.225314 1.82408 0 366.67 5.08141e-08
0.225314 1.82408 0 367.672 5.05451e-08
0.225314 1.82408 0 368.675 5.02777e-08
0.225314 1.82408 0 369.677 5.00119e-08
0.225314 1.82408 0 370.68 4.97476e-08
0.225314 1.82408 0 371.682 4.9485e-08
0.225314 1.82408 0 372.685 4.92239e-08
0.225314 1.82408 0 373.687 4.89643e-08
0.225314 1.82408 0 374.69 4.87063e-08
0.225314 1.82408 0 375.692 4.84498e-08
0.225314 1.82408 0 376.695 4.81948e-08
0.225314 1.82408 0 377.697 4.79413e-08
0.225314 1.82408 0 378.7 4.76893e-08
0.225314 1.82408 0 379.702 4.74388e-08
0.225314 1.82408 0 380.705 4.71897e-08
0.225314 1.82408 0 381.707 4.69422e-08
0.225314 1.82408 0 382.71 4.6696e-08
0.225314 1.82408 0 383.712 4.64513e-08
0.225314 1.82408 0 384.715 4.62081e-08
0.225314 1.82408 0 385.717 4.59663e-08
0.225314 1.82408 0 386.72 4.57259e-08
0.225314 1.82408 0 387.722 4.54868e-08
0.225314 1.82408 0 388.725 4.52492e-08
0.225314 1.82408 0 389.727 4.5013e-08
0.225314 1.82408 0 390.73 4.47781e-08
0.225314 1.82408 0 391.732 4.45446e-08
0.225314 1.82408 0 392.735 4.43125e-08
0.225314 1.82408 0 393.737 4.40817e-08
0.225314 1.82408 0 394.739 4.38522e-08
0.225314 1.82408 0 395.742 4.36241e-08
0.225314 1.82408 0 396.744 4.33973e-08
0.225314 1.82408 0 397.747 4.31718e-08
0.225314 1.82408 0 398.749 4.29476e-08
0.225314 1.82408 0 399.752 4.27247e-08
0.225314 1.82408 0 400.754 4.2503e-08
0.225314 1.82408 0 401.757 4.22827e-08
0.225314 1.82408 0 402.759 4.20636e-08
0.225314 1.82408 0 403.762 4.18458e-08
0.225314 1.82408 0 404.764 4.16292e-08
0.225314 1.82408 0 405.767 4.14139e-08
0.225314 1.82408 0 406.769 4.11998e-08
0.225314 1.82408 0 407.772 4.09869e-08
0.225314 1.82408 0 408.774 4.07752e-08
0.225314 1.82408 0 409.777 4.05648e-08
0.225314 1.82408 0 410.779 4.03555e-08
0.225314 1.82408 0 411.782 4.01475e-08
0.225314 1.82408 0 412.784 3.99406e-08
0.225314 1.82408 0 413.787 3.97349e-08
0.225314 1.82408 0 414.789 3.95304e-08
0.225314 1.82408 0 415.792 3.93271e-08
0.225314 1.82408 0 416.794 3.91249e-08
0.225314 1.82408 0 417.797 3.89238e-08
0.225314 1.82408 0 418.799 3.87239e-08
0.225314 1.82408 0 419.802 3.85251e-08
0.225314 1.82408 0 420.804 3.83274e-08
0.225314 1.82408 0 421.806 3.81309e-08
0.225314 1.82408 0 422.809 3.79355e-08
0.225314 1.82408 0 423.811 3.77411e-08
0.225314 1.82408 0 424.814 3.75479e-08
0.225314 1.82408 0 425.816 3.73558e-08
0.225314 1.82408 0 426.819 3.71647e-08
0.225314 1.82408 0 427.821 3.69747e-08
0.225314 1.82408 0 428.824 3.67858e-08
0.225314 1.82408 0 429.826 3.6598e-08
0.225314 1.82408 0 430.829 3.64112e-08
0.225314 1.82408 0 431.831 3.62254e-08
0.225314 1.82408 0 432.834 3.60407e-08
0.225314 1.82408 0 433.836 3.5857e-08
0.225314 1.82408 0 434.839 3.56744e-08
0.225314 1.82408 0 435.841 3.54927e-08
0.225314 1.82408 0 436.844 3.53121e-08
0.225314 1.82408 0 437.846 3.51325e-08
0.225314 1.82408 0 438.849 3.49539e-08
0.225314 1.82408 0 439.851 3.47763e-08
0.225314 1.82408 0 440.854 3.45997e-08
0.225314 1.82408 0 441.856 3.44241e-08
0.225314 1.82408 0 442.859 3.42494e-08
0.225314 1.82408 0 443.861 3.40757e-08
0.225314 1.82408 0 444.864 3.3903e-08
0.225314 1.82408 0 445.866 3.37313e-08
0.225314 1.82408 0 446.868 3.35604e-08
0.225314 1.82408 0 447.871 3.33906e-08
0.225314 1.82408 0 448.873 3.32217e-08
0.225314 1.82408 0 449.876 3.30537e-08
0.225314 1.82408 0 450.878 3.28866e-08
0.225314 1.82408 0 451.881 3.27205e-08
0.225314 1.82408 0 452.883 3.25553e-08
0.225314 1.82408 0 453.886 3.2391e-08
0.225314 1.82408 0 454.888 3.22276e-08
0.225314 1.82408 0 455.891 3.20651e-08
0.225314 1.82408 0 456.893 3.19035e-08
0.225314 1.82408 0 457.896 3.17428e-08
0.225314 1.82408 0 458.898 3.15829e-08
0.225314 1.82408 0 459.901 3.1424e-08
0.225314 1.82408 0 460.903 3.12659e-08
0.225314 1.82408 0 461.906 3.11087e-08
0.225314 1.82408 0 462.908 3.09523e-08
0.225314 1.82408 0 463.911 3.07969e-08
0.225314 1.82408 0 464.913 3.06422e-08
0.225314 1.82408 0 465.916 3.04884e-08
0.225314 1.82408 0 466.918 3.03355e-08
0.225314 1.82408 0 467.921 3.01834e-08
0.225314 1.82408 0 468.923 3.00321e-08
0.225314 1.82408 0 469.926 2.98816e-08
0.225314 1.82408 0 470.928 2.9732e-08
0.225314 1.82408 0 471.931 2.95832e-08
0.225314 1.82408 0 472.933 2.94352e-08
0.225314 1.82408 0 473.935 2.9288e-08
0.225314 1.82408 0 474.938 2.91416e-08
0.225314 1.82408 0 475.94 2.8996e-08
0.225314 1.82408 0 476.943 2.88511e-08
0.225314 1.82408 0 477.945 2.87071e-08
0.225314 1.82408 0 478.948 2.85639e-08
0.225314 1.82408 0 479.95 2.84214e-08
0.225314 1.82408 0 480.953 2.82797e-08
0.225314 1.82408 0 481.955 2.81388e-08
0.225314 1.82408 0 482.958 2.79986e-08
0.225314 1.82408 0 483.96 2.78592e-08
0.225314 1.82408 0 484.963 2.77206e-08
0.225314 1.82408 0 485.965 2.75826e-08
0.225314 1.82408 0 486.968 2.74455e-08
0.225314 1.82408 0 487.97 2.73091e-08
0.225314 1.82408 0 488.973 2.71734e-08
0.225314 1.82408 0 489.975 2.70384e-08
0.225314 1.82408 0 490.978 2.69042e-08
0.225314 1.82408 0 491.98 2.67707e-08
0.225314 1.82408 0 492.983 2.66379e-08
0.225314 1.82408 0 493.985 2.65059e-08
0.225314 1.82408 0 494.988 2.63745e-08
0.225314 1.82408 0 495.99 2.62439e-08
0.225314 1.82408 0 496.993 2.61139e-08
0.225314 1.82408 0 497.995 2.59847e-08
0.225314 1.82408 0 498.998 2.58561e-08
0.225314 1.82408 0 500 2.57282e-08
0.225314 1.82408 0 100.01 3.20861e-07
0.225314 1.82408 0 101.012 5.48955e-07
0.225314 1.82408 0 102.015 5.12111e-07
0.225314 1.82408 0 103.017 4.74085e-07
0.225314 1.82408 0 104.02 4.46225e-07
0.225314 1.82408 0 105.022 4.24551e-07
0.225314 1.82408 0 106.025 4.06821e-07
0.225314 1.82408 0 107.027 3.91815e-07
0.225314 1.82408 0 108.03 3.78804e-07
0.225314 1.82408 0 109.032 3.67317e-07
0.225314 1.82408 0 110.035 3.57035e-07
0.225314 1.82408 0 111.037 3.47727e-07
0.225314 1.82408 0 112.04 3.39225e-07
0.225314 1.82408 0 113.042 3.314e-07
0.225314 1.82408 0 114.045 3.24152e-07
0.225314 1.82408 0 115.047 3.17403e-07
0.225314 1.82408 0 116.05 3.11087e-07
0.225314 1.82408 0 117.052 3.05154e-07
0.225314 1.82408 0 118.055 2.99559e-07
0.225314 1.82408 0 119.057 2.94266e-07
0.225314 1.82408 0 120.06 2.89244e-07
0.225314 1.82408 0 121.062 2.84468e-07
0.225314 1.82408 0 122.065 2.79914e-07
0.225314 1.82408 0 123.067 2.75563e-07
0.225314 1.82408 0 124.07 2.71398e-07
0.225314 1.82408 0 125.072 2.67403e-07
0.225314 1.82408 0 126.075 2.63567e-07
0.225314 1.82408 0 127.077 2.59876e-07
0.225314 1.82408 0 128.079 2.5632e-07
0.225314 1.82408 0 129.082 2.5289e-07
0.225314 1.82408 0 130.084 2.49578e-07
0.225314 1.82408 0 131.087 2.46375e-07
0.225314 1.82408 0 132.089 2.43276e-07
0.225314 1.82408 0 133.092 2.40273e-07
0.225314 1.82408 0 134.094 2.37361e-07
0.225314 1.82408 0 135.097 2.34534e-07
0.225314 1.82408 0 136.099 2.31789e-07
0.225314 1.82408 0 137.102 2.2912e-07
0.225314 1.82408 0 138.104 2.26524e-07
0.225314 1.82408 0 139.107 2.23997e-07
0.225314 1.82408 0 140.109 2.21535e-07
0.225314 1.82408 0 141.112 2.19135e-07
0.225314 1.82408 0 142.114 2.16794e-07
0.225314 1.82408 0 143.117 2.1451e-07
0.225314 1.82408 0 144.119 2.1228e-07
0.225314 1.82408 0 145.122 2.10101e-07
0.225314 1.82408 0 146.124 2.07971e-07
0.225314 1.82408 0 147.127 2.05889e-07
0.225314 1.82408 0 148.129 2.03851e-07
0.225314 1.82408 0 149.132 2.01858e-07
0.225314 1.82408 0 150.134 1.99905e-07
0.225314 1.82408 0 151.137 1.97993e-07
0.225314 1.82408 0 152.139 1.96119e-07
0.225314 1.82408 0 153.142 1.94282e-07
0.225314 1.82408 0 154.144 1.9248e-07
0.225314 1.82408 0 155.146 1.90713e-07
0.225314 1.82408 0 156.149 1.88979e-07
0.225314 1.82408 0 157.151 1.87277e-07
0.225314 1.82408 0 158.154 1.85606e-07
0.225314 1.82408 0 159.156 1.83965e-07
0.225314 1.82408 0 160.159 1.82352e-07
0.225314 1.82408 0 161.161 1.80767e-07
0.225314 1.82408 0 162.164 1.79209e-07
0.225314 1.82408 0 163.166 1.77677e-07
0.225314 1.82408 0 164.169 1.76171e-07
0.225314 1.82408 0 165.171 1.74689e-07
0.225314 1.82408 0 166.174 1.7323e-07
0.225314 1.82408 0 167.176 1.71795e-07
0.225314 1.82408 0 168.179 1.70382e-07
0.225314 1.82408 0 169.181 1.68991e-07
0.225314 1.82408 0 170.184 1.67621e-07
0.225314 1.82408 0 171.186 1.66271e-07
0.225314 1.82408 0 172.189 1.64942e-07
0.225314 1.82408 0 173.191 1.63631e-07
0.225314 1.82408 0 174.194 1.6234e-07
0.225314 1.82408 0 175.196 1.61067e-07
0.225314 1.82408 0 176.199 1.59812e-07
0.225314 1.82408 0 177.201 1.58574e-07
0.225314 1.82408 0 178.204 1.57353e-07
0.225314 1.82408 0 179.206 1.56149e-07
0.225314 1.82408 0 180.208 1.54961e-07
0.225314 1.82408 0 181.211 1.53788e-07
0.225314 1.82408 0 182.213 1.52631e-07
0.225314 1.82408 0 183.216 1.51489e-07
0.225314 1.82408 0 184.218 1.50362e-07
0.225314 1.82408 0 185.221 1.49248e-07
0.225314 1.82408 0 186.223 1.48149e-07
0.225314 1.82408 0 187.226 1.47064e-07
0.225314 1.82408 0 188.228 1.45991e-07
0.225314 1.82408 0 189.231 1.44932e-07
0.225314 1.82408 0 190.233 1.43885e-07
0.225314 1.82408 0 191.236 1.42851e-07
0.225314 1.82408 0 192.238 1.41829e-07
0.225314 1.82408 0 193.241 1.40819e-07
0.225314 1.82408 0 194.243 1.39821e-07
0.225314 1.82408 0 195.246 1.38834e-07
0.225314 1.82408 0 196.248 1.37859e-07
0.225314 1.82408 0 197.251 1.36894e-07
0.225314 1.82408 0 198.253 1.3594e-07
0.225314 1.82408 0 199.256 1.34996e-07
0.225314 1.82408 0 200.258 1.34063e-07
0.225314 1.82408 0 201.261 1.3314e-07
0.225314 1.82408 0 202.263 1.32227e-07
0.225314 1.82408 0 203.266 1.31324e-07
0.225314 1.82408 0 204.268 1.3043e-07
0.225314 1.82408 0 205.271 1.29546e-07
0.225314 1.82408 0 206.273 1.28671e-07
0.225314 1.82408 0 207.275 1.27804e-07
0.225314 1.82408 0 208.278 1.26947e-07
0.225314 1.82408 0 209.28 1.26098e-07
0.225314 1.82408 0 210.283 1.25258e-07
0.225314 1.82408 0 211.285 1.24427e-07
0.225314 1.82408 0 212.288 1.23603e-07
0.225314 1.82408 0 213.29 1.22788e-07
0.225314 1.82408 0 214.293 1.21981e-07
0.225314 1.82408 0 215.295 1.21181e-07
0.225314 1.82408 0 216.298 1.2039e-07
0.225314 1.82408 0 217.3 1.19605e-07
0.225314 1.82408 0 218.303 1.18829e-07
0.225314 1.82408 0 219.305 1.18059e-07
0.225314 1.82408 0 220.308 1.17297e-07
0.225314 1.82408 0 221.31 1.16542e-07
0.225314 1.82408 0 222.313 1.15794e-07
0.225314 1.82408 0 223.315 1.15053e-07
0.225314 1.82408 0 224.318 1.14318e-07
0.225314 1.82408 0 225.32 1.1359e-07
0.225314 1.82408 0 226.323 1.12869e-07
0.225314 1.82408 0 227.325 1.12154e-07
0.225314 1.82408 0 228.328 1.11446e-07
0.225314 1.82408 0 229.33 1.10744e-07
0.225314 1.82408 0 230.333 1.10048e-07
0.225314 1.82408 0 231.335 1.09358e-07
0.225314 1.82408 0 232.338 1.08674e-07
0.225314 1.82408 0 233.34 1.07996e-07
0.225314 1.82408 0 234.342 1.07324e-07
0.225314 1.82408 0 235.345 1.06657e-07
0.225314 1.82408 0 236.347 1.05997e-07
0.225314 1.82408 0 237.35 1.05341e-07
0.225314 1.82408 0 238.352 1.04692e-07
0.225314 1.82408 0 239.355 1.04048e-07
0.225314 1.82408 0 240.357 1.03409e-07
0.225314 1.82408 0 241.36 1.02775e-07
0.225314 1.82408 0 242.362 1.02147e-07
0.225314 1.82408 0 243.365 1.01524e-07
0.225314 1.82408 0 244.367 1.00905e-07
0.225314 1.82408 0 245.37 1.00292e-07
0.225314 1.82408 0 246.372 9.96841e-08
0.225314 1.82408 0 247.375 9.90808e-08
0.225314 1.82408 0 248.377 9.84824e-08
0.225314 1.82408 0 249.38 9.78887e-08
0.225314 1.82408 0 250.382 9.72997e-08
0.225314 1.82408 0 251.385 9.67153e-08
0.225314 1.82408 0 252.387 9.61356e-08
0.225314 1.82408 0 253.39 9.55604e-08
0.225314 1.82408 0 254.392 9.49896e-08
0.225314 1.82408 0 255.395 9.44233e-08
0.225314 1.82408 0 256.397 9.38613e-08
0.225314 1.82408 0 257.4 9.33037e-08
0.225314 1.82408 0 258.402 9.27503e-08
0.225314 1.82408 0 259.405 9.22012e-08
0.225314 1.82408 0 260.407 9.16562e-08
0.225314 1.82408 0 261.409 9.11153e-08
0.225314 1.82408 0 262.412 9.05785e-08
0.225314 1.82408 0 263.414 9.00457e-08
0.225314 1.82408 0 264.417 8.9517e-08
0.225314 1.82408 0 265.419 8.89921e-08
0.225314 1.82408 0 266.422 8.84711e-08
0.225314 1.82408 0 267.424 8.7954e-08
0.225314 1.82408 0 268.427 8.74407e-08
0.225314 1.82408 0 269.429 8.69312e-08
0.225314 1.82408 0 270.432 8.64254e-08
0.225314 1.82408 0 271.434 8.59232e-08
0.225314 1.82408 0 272.437 8.54247e-08
0.225314 1.82408 0 273.439 8.49299e-08
0.225314 1.82408 0 274.442 8.44385e-08
0.225314 1.82408 0 275.444 8.39508e-08
0.225314 1.82408 0 276.447 8.34665e-08
0.225314 1.82408 0 277.449 8.29856e-08
0.225314 1.82408 0 278.452 8.25082e-08
0.225314 1.82408 0 279.454 8.20342e-08
0.225314 1.82408 0 280.457 8.15635e-08
0.225314 1.82408 0 281.459 8.10961e-08
0.225314 1.82408 0 282.462 8.06321e-08
0.225314 1.82408 0 283.464 8.01712e-08
0.225314 1.82408 0 284.467 7.97136e-08
0.225314 1.82408 0 285.469 7.92592e-08
0.225314 1.82408 0 286.472 7.8808e-08
0.225314 1.82408 0 287.474 7.83598e-08
0.225314 1.82408 0 288.476 7.79148e-08
0.225314 1.82408 0 289.479 7.74728e-08
0.225314 1.82408 0 290.481 7.70338e-08
0.225314 1.82408 0 291.484 7.65979e-08
0.225314 1.82408 0 292.486 7.61649e-08
0.225314 1.82408 0 293.489 7.57349e-08
0.225314 1.82408 0 294.491 7.53078e-08
0.225314 1.82408 0 295.494 7.48836e-08
0.225314 1.82408 0 296.496 7.44623e-08
0.225314 1.82408 0 297.499 7.40438e-08
0.225314 1.82408 0 298.501 7.36281e-08
0.225314 1.82408 0 299.504 7.32153e-08
0.225314 1.82408 0 300.506 7.28051e-08
0.225314 1.82408 0 301.509 7.23977e-08
0.225314 1.82408 0 302.511 7.19931e-08
0.225314 1.82408 0 303.514 7.15911e-08
0.225314 1.82408 0 304.516 7.11918e-08
0.225314 1.82408 0 305.519 7.07951e-08
0.225314 1.82408 0 306.521 7.0401e-08
0.225314 1.82408 0 307.524 7.00095e-08
0.225314 1.82408 0 308.526 6.96207e-08
0.225314 1.82408 0 309.529 6.92343e-08
0.225314 1.82408 0 310.531 6.88505e-08
0.225314 1.82408 0 311.534 6.84692e-08
0.225314 1.82408 0 312.536 6.80903e-08
0.225314 1.82408 0 313.538 6.7714e-08
0.225314 1.82408 0 314.541 6.734e-08
0.225314 1.82408 0 315.543 6.69685e-08
0.225314 1.82408 0 316.546 6.65994e-08
0.225314 1.82408 0 317.548 6.62327e-08
0.225314 1.82408 0 318.551 6.58683e-08
0.225314 1.82408 0 319.553 6.55063e-08
0.225314 1.82408 0 320.556 6.51466e-08
0.225314 1.82408 0 321.558 6.47892e-08
0.225314 1.82408 0 322.561 6.4434e-08
0.225314 1.82408 0 323.563 6.40812e-08
0.225314 1.82408 0 324.566 6.37305e-08
0.225314 1.82408 0 325.568 6.33821e-08
0.225314 1.82408 0 326.571 6.30359e-08
0.225314 1.82408 0 327.573 6.2692e-08
0.225314 1.82408 0 328.576 6.23501e-08
0.225314 1.82408 0 329.578 6.20105e-08
0.225314 1.82408 0 330.581 6.16729e-08
0.225314 1.82408 0 331.583 6.13375e-08
0.225314 1.82408 0 332.586 6.10042e-08
0.225314 1.82408 0 333.588 6.0673e-08
0.225314 1.82408 0 334.591 6.03438e-08
0.225314 1.82408 0 335.593 6.00167e-08
0.225314 1.82408 0 336.596 5.96917e-08
0.225314 1.82408 0 337.598 5.93686e-08
0.225314 1.82408 0 338.601 5.90476e-08
0.225314 1.82408 0 339.603 5.87285e-08
0.225314 1.82408 0 340.605 5.84115e-08
0.225314 1.82408 0 341.608 5.80964e-08
0.225314 1.82408 0 342.61 5.77832e-08
0.225314 1.82408 0 343.613 5.7472e-08
0.225314 1.82408 0 344.615 5.71627e-08
0.225314 1.82408 0 345.618 5.68552e-08
0.225314 1.82408 0 346.62 5.65497e-08
0.225314 1.82408 0 347.623 5.6246e-08
0.225314 1.82408 0 348.625 5.59442e-08
0.225314 1.82408 0 349.628 5.56443e-08
0.225314 1.82408 0 350.63 5.53461e-08
0.225314 1.82408 0 351.633 5.50498e-08
0.225314 1.82408 0 352.635 5.47553e-08
0.225314 1.82408 0 353.638 5.44626e-08
0.225314 1.82408 0 354.64 5.41717e-08
0.225314 1.82408 0 355.643 5.38825e-08
0.225314 1.82408 0 356.645 5.3595e-08
0.225314 1.82408 0 357.648 5.33093e-08
0.225314 1.82408 0 358.65 5.30254e-08
0.225314 1.82408 0 359.653 5.27431e-08
0.225314 1.82408 0 360.655 5.24625e-08
0.225314 1.82408 0 361.658 5.21837e-08
0.225314 1.82408 0 362.66 5.19064e-08
0.225314 1.82408 0 363.663 5.16309e-08
0.225314 1.82408 0 364.665 5.1357e-08
0.225314 1.82408 0 365.668 5.10848e-08
0.225314 1.82408 0 366.67 5.08141e-08
0.225314 1.82408 0 367.672 5.05451e-08
0.225314 1.82408 0 368.675 5.02777e-08
0.225314 1.82408 0 369.677 5.00119e-08
0.225314 1.82408 0 370.68 4.97476e-08
0.225314 1.82408 0 371.682 4.9485e-08
0.225314 1.82408 0 372.685 4.92239e-08
0.225314 1.82408 0 373.687 4.89643e-08
0.225314 1.82408 0 374.69 4.87063e-08
0.225314 1.82408 0 375.692 4.84498e-08
0.225314 1.82408 0 376.695 4.81948e-08
0.225314 1.82408 0 377.697 4.79413e-08
0.225314 1.82408 0 378.7 4.76893e-08
0.225314 1.82408 0 379.702 4.74388e-08
0.225314 1.82408 0 380.705 4.71897e-08
0.225314 1.82408 0 381.707 4.69422e-08
0.225314 1.82408 0 382.71 4.6696e-08
0.225314 1.82408 0 383.712 4.64513e-08
0.225314 1.82408 0 384.715 4.62081e-08
0.225314 1.82408 0 385.717 4.59663e-08
0.225314 1.82408 0 386.72 4.57259e-08
0.225314 1.82408 0 387.722 4.54868e-08
0.225314 1.82408 0 388.725 4.52492e-08
0.225314 1.82408 0 389.727 4.5013e-08
0.225314 1.82408 0 390.73 4.47781e-08
0.225314 1.82408 0 391.732 4.45446e-08
0.225314 1.82408 0 392.735 4.43125e-08
0.225314 1.82408 0 393.737 4.40817e-08
0.225314 1.82408 0 394.739 4.38522e-08
0.225314 1.82408 0 395.742 4.36241e-08
0.225314 1.82408 0 396.744 4.33973e-08
0.225314 1.82408 0 397.747 4.31718e-08
0.225314 1.82408 0 398.749 4.29476e-08
0.225314 1.82408 0 399.752 4.27247e-08
0.225314 1.82408 0 400.754 4.2503e-08
0.225314 1.82408 0 401.757 4.22827e-08
0.225314 1.82408 0 402.759 4.20636e-08
0.225314 1.82408 0 403.762 4.18458e-08
0.225314 1.82408 0 404.764 4.16292e-08
0.225314 1.82408 0 405.767 4.14139e-08
0.225314 1.82408 0 406.769 4.11998e-08
0.225314 1.82408 0 407.772 4.09869e-08
0.225314 1.82408 0 408.774 4.07752e-08
0.225314 1.82408 0 409.777 4.05648e-08
0.225314 1.82408 0 410.779 4.03555e-08
0.225314 1.82408 0 411.782 4.01475e-08
0.225314 1.82408 0 412.784 3.99406e-08
0.225314 1.82408 0 413.787 3.97349e-08
0.225314 1.82408 0 414.789 3.95304e-08
0.225314 1.82408 0 415.792 3.93271e-08
0.225314 1.82408 0 416.794 3.91249e-08
0.225314 1.82408 0 417.797 3.89238e-08
0.225314 1.82408 0 418.799 3.87239e-08
0.225314 1.82408 0 419.802 3.85251e-08
0.225314 1.82408 0 420.804 3.83274e-08
0.225314 1.82408 0 421.806 3.81309e-08
0.225314 1.82408 0 422.809 3.79355e-08
0.225314 1.82408 0 423.811 3.77411e-08
0.225314 1.82408 0 424.814 3.75479e-08
0.225314 1.82408 0 425.816 3.73558e-08
0.225314 1.82408 0 426.819 3.71647e-08
0.225314 1.82408 0 427.821 3.69747e-08
0.225314 1.82408 0 428.824 3.67858e-08
0.225314 1.82408 0 429.826 3.6598e-08
0.225314 1.82408 0 430.829 3.64112e-08
0.225314 1.82408 0 431.831 3.62254e-08
0.225314 1.82408 0 432.834 3.60407e-08
0.225314 1.82408 0 433.836 3.5857e-08
0.225314 1.82408 0 434.839 3.56744e-08
0.225314 1.82408 0 435.841 3.54927e-08
0.225314 1.82408 0 436.844 3.53121e-08
0.225314 1.82408 0 437.846 3.51325e-08
0.225314 1.82408 0 438.849 3.49539e-08
0.225314 1.82408 0 439.851 3.47763e-08
0.225314 1.82408 0 440.854 3.45997e-08
0.225314 1.82408 0 441.856 3.44241e-08
0.225314 1.82408 0 442.859 3.42494e-08
0.225314 1.82408 0 443.861 3.40757e-08
0.225314 1.82408 0 444.864 3.3903e-08
0.225314 1.82408 0 445.866 3.37313e-08
0.225314 1.82408 0 446.868 3.35604e-08
0.225314 1.82408 0 447.871 3.33906e-08
0.225314 1.82408 0 448.873 3.32217e-08
0.225314 1.82408 0 449.876 3.30537e-08
0.225314 1.82408 0 450.878 3.28866e-08
0.225314 1.82408 0 451.881 3.27205e-08
0.225314 1.82408 0 452.883 3.25553e-08
0.225314 1.82408 0 453.886 3.2391e-08
0.225314 1.82408 0 454.888 3.22276e-08
0.225314 1.82408 0 455.891 3.20651e-08
0.225314 1.82408 0 456.893 3.19035e-08
0.225314 1.82408 0 457.896 3.17428e-08
0.225314 1.82408 0 458.898 3.15829e-08
0.225314 1.82408 0 459.901 3.1424e-08
0.225314 1.82408 0 460.903 3.12659e-08
0.225314 1.82408 0 461.906 3.11087e-08
0.225314 1.82408 0 462.908 3.09523e-08
0.225314 1.82408 0 463.911 3.07969e-08
0.225314 1.82408 0 464.913 3.06422e-08
0.225314 1.82408 0 465.916 3.04884e-08
0.225314 1.82408 0 466.918 3.03355e-08
0.225314 1.82408 0 467.921 3.01834e-08
0.225314 1.82408 0 468.923 3.00321e-08
0.225314 1.82408 0 469.926 2.98816e-08
0.225314 1.82408 0 470.928 2.9732e-08
0.225314 1.82408 0 471.931 2.95832e-08
0.225314 1.82408 0 472.933 2.94352e-08
0.225314 1.82408 0 473.935 2.9288e-08
0.225314 1.82408 0 474.938 2.91416e-08
0.225314 1.82408 0 475.94 2.8996e-08
0.225314 1.82408 0 476.943 2.88511e-08
0.225314 1.82408 0 477.945 2.87071e-08
0.225314 1.82408 0 478.948 2.85639e-08
0.225314 1.82408 0 479.95 2.84214e-08
0.225314 1.82408 0 480.953 2.82797e-08
0.225314 1.82408 0 481.955 2.81388e-08
0.225314 1.82408 0 482.958 2.79986e-08
0.225314 1.82408 0 483.96 2.78592e-08
0.225314 1.82408 0 484.963 2.77206e-08
0.225314 1.82408 0 485.965 2.75826e-08
0.225314 1.82408 0 486.968 2.74455e-08
0.225314 1.82408 0 487.97 2.73091e-08
0.225314 1.82408 0 488.973 2.71734e-08
0.225314 1.82408 0 489.975 2.70384e-08
0.225314 1.82408 0 490.978 2.69042e-08
0.225314 1.82408 0 491.98 2.67707e-08
0.225314 1.82408 0 492.983 2.66379e-08
0.225314 1.82408 0 493.985 2.65059e-08
0.225314 1.82408 0 494.988 2.63745e-08
0.225314 1.82408 0 495.99 2.62439e-08
0.225314 1.82408 0 496.993 2.61139e-08
0.225314 1.82408 0 497.995 2.59847e-08
0.225314 1.82408 0 498.998 2.58561e-08
0.225314 1.82408 0 500 2.57282e-08
