1.15073 1.4382 0 100.01 7.49977e-07
1.15073 1.4382 0 101.012 1.36928e-06
1.15073 1.4382 0 102.015 1.36465e-06
1.15073 1.4382 0 103.017 1.31919e-06
1.15073 1.4382 0 104.02 1.27856e-06
1.15073 1.4382 0 105.022 1.24216e-06
1.15073 1.4382 0 106.025 1.2087e-06
1.15073 1.4382 0 107.027 1.17748e-06
1.15073 1.4382 0 108.03 1.14803e-06
1.15073 1.4382 0 109.032 1.12005e-06
1.15073 1.4382 0 110.035 1.09335e-06
1.15073 1.4382 0 111.037 1.06777e-06
1.15073 1.4382 0 112.04 1.04318e-06
1.15073 1.4382 0 113.042 1.01951e-06
1.15073 1.4382 0 114.045 9.9666e-07
1.15073 1.4382 0 115.047 9.74584e-07
1.15073 1.4382 0 116.05 9.53226e-07
1.15073 1.4382 0 117.052 9.32538e-07
1.15073 1.4382 0 118.055 9.12483e-07
1.15073 1.4382 0 119.057 8.93026e-07
1.15073 1.4382 0 120.06 8.74136e-07
1.15073 1.4382 0 121.062 8.55784e-07
1.15073 1.4382 0 122.065 8.37947e-07
1.15073 1.4382 0 123.067 8.206e-07
1.15073 1.4382 0 124.07 8.03723e-07
1.15073 1.4382 0 125.072 7.87297e-07
1.15073 1.4382 0 126.075 7.71304e-07
1.15073 1.4382 0 127.077 7.55726e-07
1.15073 1.4382 0 128.079 7.40549e-07
1.15073 1.4382 0 129.082 7.25758e-07
1.15073 1.4382 0 130.084 7.11338e-07
1.15073 1.4382 0 131.087 6.97278e-07
1.15073 1.4382 0 132.089 6.83564e-07
1.15073 1.4382 0 133.092 6.70185e-07
1.15073 1.4382 0 134.094 6.5713e-07
1.15073 1.4382 0 135.097 6.44389e-07
1.15073 1.4382 0 136.099 6.31951e-07
1.15073 1.4382 0 137.102 6.19807e-07
1.15073 1.4382 0 138.104 6.07949e-07
1.15073 1.4382 0 139.107 5.96366e-07
1.15073 1.4382 0 140.109 5.85052e-07
1.15073 1.4382 0 141.112 5.73998e-07
1.15073 1.4382 0 142.114 5.63196e-07
1.15073 1.4382 0 143.117 5.52639e-07
1.15073 1.4382 0 144.119 5.4232e-07
1.15073 1.4382 0 145.122 5.32232e-07
1.15073 1.4382 0 146.124 5.22369e-07
1.15073 1.4382 0 147.127 5.12725e-07
1.15073 1.4382 0 148.129 5.03293e-07
1.15073 1.4382 0 149.132 4.94067e-07
1.15073 1.4382 0 150.134 4.85043e-07
1.15073 1.4382 0 151.137 4.76214e-07
1.15073 1.4382 0 152.139 4.67575e-07
1.15073 1.4382 0 153.142 4.59121e-07
1.15073 1.4382 0 154.144 4.50848e-07
1.15073 1.4382 0 155.146 4.42751e-07
1.15073 1.4382 0 156.149 4.34825e-07
1.15073 1.4382 0 157.151 4.27065e-07
1.15073 1.4382 0 158.154 4.19467e-07
1.15073 1.4382 0 159.156 4.12028e-07
1.15073 1.4382 0 160.159 4.04744e-07
1.15073 1.4382 0 161.161 3.97609e-07
1.15073 1.4382 0 162.164 3.90621e-07
1.15073 1.4382 0 163.166 3.83776e-07
1.15073 1.4382 0 164.169 3.77071e-07
1.15073 1.4382 0 165.171 3.70502e-07
1.15073 1.4382 0 166.174 3.64065e-07
1.15073 1.4382 0 167.176 3.57758e-07
1.15073 1.4382 0 168.179 3.51577e-07
1.15073 1.4382 0 169.181 3.45519e-07
1.15073 1.4382 0 170.184 3.39582e-07
1.15073 1.4382 0 171.186 3.33762e-07
1.15073 1.4382 0 172.189 3.28057e-07
1.15073 1.4382 0 173.191 3.22464e-07
1.15073 1.4382 0 174.194 3.1698e-07
1.15073 1.4382 0 175.196 3.11604e-07
1.15073 1.4382 0 176.199 3.06331e-07
1.15073 1.4382 0 177.201 3.01161e-07
1.15073 1.4382 0 178.204 2.9609e-07
1.15073 1.4382 0 179.206 2.91117e-07
1.15073 1.4382 0 180.208 2.86238e-07
1.15073 1.4382 0 181.211 2.81453e-07
1.15073 1.4382 0 182.213 2.76759e-07
1.15073 1.4382 0 183.216 2.72153e-07
1.15073 1.4382 0 184.218 2.67635e-07
1.15073 1.4382 0 185.221 2.63201e-07
1.15073 1.4382 0 186.223 2.5885e-07
1.15073 1.4382 0 187.226 2.54581e-07
1.15073 1.4382 0 188.228 2.50391e-07
1.15073 1.4382 0 189.231 2.46279e-07
1.15073 1.4382 0 190.233 2.42243e-07
1.15073 1.4382 0 191.236 2.38281e-07
1.15073 1.4382 0 192.238 2.34392e-07
1.15073 1.4382 0 193.241 2.30575e-07
1.15073 1.4382 0 194.243 2.26827e-07
1.15073 1.4382 0 195.246 2.23147e-07
1.15073 1.4382 0 196.248 2.19534e-07
1.15073 1.4382 0 197.251 2.15987e-07
1.15073 1.4382 0 198.253 2.12503e-07
1.15073 1.4382 0 199.256 2.09082e-07
1.15073 1.4382 0 200.258 2.05723e-07
1.15073 1.4382 0 201.261 2.02423e-07
1.15073 1.4382 0 202.263 1.99182e-07
1.15073 1.4382 0 203.266 1.95999e-07
1.15073 1.4382 0 204.268 1.92873e-07
1.15073 1.4382 0 205.271 1.89801e-07
1.15073 1.4382 0 206.273 1.86784e-07
1.15073 1.4382 0 207.275 1.8382e-07
1.15073 1.4382 0 208.278 1.80908e-07
1.15073 1.4382 0 209.28 1.78047e-07
1.15073 1.4382 0 210.283 1.75236e-07
1.15073 1.4382 0 211.285 1.72473e-07
1.15073 1.4382 0 212.288 1.69759e-07
1.15073 1.4382 0 213.29 1.67091e-07
1.15073 1.4382 0 214.293 1.6447e-07
1.15073 1.4382 0 215.295 1.61894e-07
1.15073 1.4382 0 216.298 1.59362e-07
1.15073 1.4382 0 217.3 1.56873e-07
1.15073 1.4382 0 218.303 1.54427e-07
1.15073 1.4382 0 219.305 1.52023e-07
1.15073 1.4382 0 220.308 1.4966e-07
1.15073 1.4382 0 221.31 1.47337e-07
1.15073 1.4382 0 222.313 1.45053e-07
1.15073 1.4382 0 223.315 1.42807e-07
1.15073 1.4382 0 224.318 1.406e-07
1.15073 1.4382 0 225.32 1.3843e-07
1.15073 1.4382 0 226.323 1.36296e-07
1.15073 1.4382 0 227.325 1.34197e-07
1.15073 1.4382 0 228.328 1.32134e-07
1.15073 1.4382 0 229.33 1.30106e-07
1.15073 1.4382 0 230.333 1.28111e-07
1.15073 1.4382 0 231.335 1.26149e-07
1.15073 1.4382 0 232.338 1.2422e-07
1.15073 1.4382 0 233.34 1.22322e-07
1.15073 1.4382 0 234.342 1.20456e-07
1.15073 1.4382 0 235.345 1.18621e-07
1.15073 1.4382 0 236.347 1.16816e-07
1.15073 1.4382 0 237.35 1.1504e-07
1.15073 1.4382 0 238.352 1.13293e-07
1.15073 1.4382 0 239.355 1.11575e-07
1.15073 1.4382 0 240.357 1.09886e-07
1.15073 1.4382 0 241.36 1.08223e-07
1.15073 1.4382 0 242.362 1.06588e-07
1.15073 1.4382 0 243.365 1.04979e-07
1.15073 1.4382 0 244.367 1.03396e-07
1.15073 1.4382 0 245.37 1.01839e-07
1.15073 1.4382 0 246.372 1.00306e-07
1.15073 1.4382 0 247.375 9.87989e-08
1.15073 1.4382 0 248.377 9.73156e-08
1.15073 1.4382 0 249.38 9.58561e-08
1.15073 1.4382 0 250.382 9.442e-08
1.15073 1.4382 0 251.385 9.30068e-08
1.15073 1.4382 0 252.387 9.16163e-08
1.15073 1.4382 0 253.39 9.02478e-08
1.15073 1.4382 0 254.392 8.89012e-08
1.15073 1.4382 0 255.395 8.75759e-08
1.15073 1.4382 0 256.397 8.62717e-08
1.15073 1.4382 0 257.4 8.49881e-08
1.15073 1.4382 0 258.402 8.37248e-08
1.15073 1.4382 0 259.405 8.24815e-08
1.15073 1.4382 0 260.407 8.12577e-08
1.15073 1.4382 0 261.409 8.00532e-08
1.15073 1.4382 0 262.412 7.88677e-08
1.15073 1.4382 0 263.414 7.77007e-08
1.15073 1.4382 0 264.417 7.6552e-08
1.15073 1.4382 0 265.419 7.54213e-08
1.15073 1.4382 0 266.422 7.43083e-08
1.15073 1.4382 0 267.424 7.32126e-08
1.15073 1.4382 0 268.427 7.2134e-08
1.15073 1.4382 0 269.429 7.10722e-08
1.15073 1.4382 0 270.432 7.00268e-08
1.15073 1.4382 0 271.434 6.89977e-08
1.15073 1.4382 0 272.437 6.79846e-08
1.15073 1.4382 0 273.439 6.69871e-08
1.15073 1.4382 0 274.442 6.6005e-08
1.15073 1.4382 0 275.444 6.50381e-08
1.15073 1.4382 0 276.447 6.40861e-08
1.15073 1.4382 0 277.449 6.31487e-08
1.15073 1.4382 0 278.452 6.22258e-08
1.15073 1.4382 0 279.454 6.1317e-08
1.15073 1.4382 0 280.457 6.04222e-08
1.15073 1.4382 0 281.459 5.9541e-08
1.15073 1.4382 0 282.462 5.86734e-08
1.15073 1.4382 0 283.464 5.7819e-08
1.15073 1.4382 0 284.467 5.69777e-08
1.15073 1.4382 0 285.469 5.61492e-08
1.15073 1.4382 0 286.472 5.53333e-08
1.15073 1.4382 0 287.474 5.45298e-08
1.15073 1.4382 0 288.476 5.37385e-08
1.15073 1.4382 0 289.479 5.29592e-08
1.15073 1.4382 0 290.481 5.21918e-08
1.15073 1.4382 0 291.484 5.1436e-08
1.15073 1.4382 0 292.486 5.06916e-08
1.15073 1.4382 0 293.489 4.99584e-08
1.15073 1.4382 0 294.491 4.92364e-08
1.15073 1.4382 0 295.494 4.85252e-08
1.15073 1.4382 0 296.496 4.78247e-08
1.15073 1.4382 0 297.499 4.71348e-08
1.15073 1.4382 0 298.501 4.64552e-08
1.15073 1.4382 0 299.504 4.57859e-08
1.15073 1.4382 0 300.506 4.51266e-08
1.15073 1.4382 0 301.509 4.44772e-08
1.15073 1.4382 0 302.511 4.38375e-08
1.15073 1.4382 0 303.514 4.32074e-08
1.15073 1.4382 0 304.516 4.25867e-08
1.15073 1.4382 0 305.519 4.19753e-08
1.15073 1.4382 0 306.521 4.1373e-08
1.15073 1.4382 0 307.524 4.07796e-08
1.15073 1.4382 0 308.526 4.01951e-08
1.15073 1.4382 0 309.529 3.96194e-08
1.15073 1.4382 0 310.531 3.90521e-08
1.15073 1.4382 0 311.534 3.84933e-08
1.15073 1.4382 0 312.536 3.79428e-08
1.15073 1.4382 0 313.538 3.74005e-08
1.15073 1.4382 0 314.541 3.68662e-08
1.15073 1.4382 0 315.543 3.63398e-08
1.15073 1.4382 0 316.546 3.58211e-08
1.15073 1.4382 0 317.548 3.53102e-08
1.15073 1.4382 0 318.551 3.48068e-08
1.15073 1.4382 0 319.553 3.43108e-08
1.15073 1.4382 0 320.556 3.38222e-08
1.15073 1.4382 0 321.558 3.33407e-08
1.15073 1.4382 0 322.561 3.28663e-08
1.15073 1.4382 0 323.563 3.23989e-08
1.15073 1.4382 0 324.566 3.19384e-08
1.15073 1.4382 0 325.568 3.14846e-08
1.15073 1.4382 0 326.571 3.10375e-08
1.15073 1.4382 0 327.573 3.0597e-08
1.15073 1.4382 0 328.576 3.01629e-08
1.15073 1.4382 0 329.578 2.97352e-08
1.15073 1.4382 0 330.581 2.93137e-08
1.15073 1.4382 0 331.583 2.88984e-08
1.15073 1.4382 0 332.586 2.84892e-08
1.15073 1.4382 0 333.588 2.80859e-08
1.15073 1.4382 0 334.591 2.76885e-08
1.15073 1.4382 0 335.593 2.72969e-08
1.15073 1.4382 0 336.596 2.6911e-08
1.15073 1.4382 0 337.598 2.65308e-08
1.15073 1.4382 0 338.601 2.61561e-08
1.15073 1.4382 0 339.603 2.57868e-08
1.15073 1.4382 0 340.605 2.54229e-08
1.15073 1.4382 0 341.608 2.50643e-08
1.15073 1.4382 0 342.61 2.47109e-08
1.15073 1.4382 0 343.613 2.43626e-08
1.15073 1.4382 0 344.615 2.40193e-08
1.15073 1.4382 0 345.618 2.36811e-08
1.15073 1.4382 0 346.62 2.33477e-08
1.15073 1.4382 0 347.623 2.30192e-08
1.15073 1.4382 0 348.625 2.26954e-08
1.15073 1.4382 0 349.628 2.23763e-08
1.15073 1.4382 0 350.63 2.20618e-08
1.15073 1.4382 0 351.633 2.17518e-08
1.15073 1.4382 0 352.635 2.14463e-08
1.15073 1.4382 0 353.638 2.11452e-08
1.15073 1.4382 0 354.64 2.08485e-08
1.15073 1.4382 0 355.643 2.0556e-08
1.15073 1.4382 0 356.645 2.02677e-08
1.15073 1.4382 0 357.648 1.99836e-08
1.15073 1.4382 0 358.65 1.97036e-08
1.15073 1.4382 0 359.653 1.94276e-08
1.15073 1.4382 0 360.655 1.91556e-08
1.15073 1.4382 0 361.658 1.88874e-08
1.15073 1.4382 0 362.66 1.86231e-08
1.15073 1.4382 0 363.663 1.83627e-08
1.15073 1.4382 0 364.665 1.81059e-08
1.15073 1.4382 0 365.668 1.78528e-08
1.15073 1.4382 0 366.67 1.76034e-08
1.15073 1.4382 0 367.672 1.73575e-08
1.15073 1.4382 0 368.675 1.71151e-08
1.15073 1.4382 0 369.677 1.68762e-08
1.15073 1.4382 0 370.68 1.66407e-08
1.15073 1.4382 0 371.682 1.64086e-08
1.15073 1.4382 0 372.685 1.61798e-08
1.15073 1.4382 0 373.687 1.59542e-08
1.15073 1.4382 0 374.69 1.57319e-08
1.15073 1.4382 0 375.692 1.55127e-08
1.15073 1.4382 0 376.695 1.52967e-08
1.15073 1.4382 0 377.697 1.50837e-08
1.15073 1.4382 0 378.7 1.48738e-08
1.15073 1.4382 0 379.702 1.46668e-08
1.15073 1.4382 0 380.705 1.44628e-08
1.15073 1.4382 0 381.707 1.42617e-08
1.15073 1.4382 0 382.71 1.40635e-08
1.15073 1.4382 0 383.712 1.38681e-08
1.15073 1.4382 0 384.715 1.36754e-08
1.15073 1.4382 0 385.717 1.34855e-08
1.15073 1.4382 0 386.72 1.32983e-08
1.15073 1.4382 0 387.722 1.31137e-08
1.15073 1.4382 0 388.725 1.29318e-08
1.15073 1.4382 0 389.727 1.27524e-08
1.15073 1.4382 0 390.73 1.25755e-08
1.15073 1.4382 0 391.732 1.24012e-08
1.15073 1.4382 0 392.735 1.22293e-08
1.15073 1.4382 0 393.737 1.20599e-08
1.15073 1.4382 0 394.739 1.18929e-08
1.15073 1.4382 0 395.742 1.17282e-08
1.15073 1.4382 0 396.744 1.15658e-08
1.15073 1.4382 0 397.747 1.14058e-08
1.15073 1.4382 0 398.749 1.1248e-08
1.15073 1.4382 0 399.752 1.10924e-08
1.15073 1.4382 0 400.754 1.0939e-08
1.15073 1.4382 0 401.757 1.07878e-08
1.15073 1.4382 0 402.759 1.06387e-08
1.15073 1.4382 0 403.762 1.04917e-08
1.15073 1.4382 0 404.764 1.03468e-08
1.15073 1.4382 0 405.767 1.0204e-08
1.15073 1.4382 0 406.769 1.00631e-08
1.15073 1.4382 0 407.772 9.92421e-09
1.15073 1.4382 0 408.774 9.78728e-09
1.15073 1.4382 0 409.777 9.65228e-09
1.15073 1.4382 0 410.779 9.51917e-09
1.15073 1.4382 0 411.782 9.38793e-09
1.15073 1.4382 0 412.784 9.25853e-09
1.15073 1.4382 0 413.787 9.13095e-09
1.15073 1.4382 0 414.789 9.00516e-09
1.15073 1.4382 0 415.792 8.88114e-09
1.15073 1.4382 0 416.794 8.75885e-09
1.15073 1.4382 0 417.797 8.63828e-09
1.15073 1.4382 0 418.799 8.5194e-09
1.15073 1.4382 0 419.802 8.40218e-09
1.15073 1.4382 0 420.804 8.28661e-09
1.15073 1.4382 0 421.806 8.17265e-09
1.15073 1.4382 0 422.809 8.06029e-09
1.15073 1.4382 0 423.811 7.9495e-09
1.15073 1.4382 0 424.814 7.84025e-09
1.15073 1.4382 0 425.816 7.73254e-09
1.15073 1.4382 0 426.819 7.62633e-09
1.15073 1.4382 0 427.821 7.5216e-09
1.15073 1.4382 0 428.824 7.41834e-09
1.15073 1.4382 0 429.826 7.31652e-09
1.15073 1.4382 0 430.829 7.21612e-09
1.15073 1.4382 0 431.831 7.11712e-09
1.15073 1.4382 0 432.834 7.0195e-09
1.15073 1.4382 0 433.836 6.92325e-09
1.15073 1.4382 0 434.839 6.82833e-09
1.15073 1.4382 0 435.841 6.73474e-09
1.15073 1.4382 0 436.844 6.64245e-09
1.15073 1.4382 0 437.846 6.55145e-09
1.15073 1.4382 0 438.849 6.46171e-09
1.15073 1.4382 0 439.851 6.37322e-09
1.15073 1.4382 0 440.854 6.28597e-09
1.15073 1.4382 0 441.856 6.19992e-09
1.15073 1.4382 0 442.859 6.11508e-09
1.15073 1.4382 0 443.861 6.03141e-09
1.15073 1.4382 0 444.864 5.94891e-09
1.15073 1.4382 0 445.866 5.86755e-09
1.15073 1.4382 0 446.868 5.78732e-09
1.15073 1.4382 0 447.871 5.70821e-09
1.15073 1.4382 0 448.873 5.6302e-09
1.15073 1.4382 0 449.876 5.55326e-09
1.15073 1.4382 0 450.878 5.4774e-09
1.15073 1.4382 0 451.881 5.40259e-09
1.15073 1.4382 0 452.883 5.32881e-09
1.15073 1.4382 0 453.886 5.25606e-09
1.15073 1.4382 0 454.888 5.18432e-09
1.15073 1.4382 0 455.891 5.11357e-09
1.15073 1.4382 0 456.893 5.0438e-09
1.15073 1.4382 0 457.896 4.97499e-09
1.15073 1.4382 0 458.898 4.90714e-09
1.15073 1.4382 0 459.901 4.84023e-09
1.15073 1.4382 0 460.903 4.77424e-09
1.15073 1.4382 0 461.906 4.70917e-09
1.15073 1.4382 0 462.908 4.645e-09
1.15073 1.4382 0 463.911 4.58171e-09
1.15073 1.4382 0 464.913 4.5193e-09
1.15073 1.4382 0 465.916 4.45775e-09
1.15073 1.4382 0 466.918 4.39705e-09
1.15073 1.4382 0 467.921 4.33719e-09
1.15073 1.4382 0 468.923 4.27816e-09
1.15073 1.4382 0 469.926 4.21994e-09
1.15073 1.4382 0 470.928 4.16252e-09
1.15073 1.4382 0 471.931 4.1059e-09
1.15073 1.4382 0 472.933 4.05006e-09
1.15073 1.4382 0 473.935 3.99498e-09
1.15073 1.4382 0 474.938 3.94067e-09
1.15073 1.4382 0 475.94 3.88711e-09
1.15073 1.4382 0 476.943 3.83428e-09
1.15073 1.4382 0 477.945 3.78218e-09
1.15073 1.4382 0 478.948 3.7308e-09
1.15073 1.4382 0 479.95 3.68013e-09
1.15073 1.4382 0 480.953 3.63015e-09
1.15073 1.4382 0 481.955 3.58087e-09
1.15073 1.4382 0 482.958 3.53226e-09
1.15073 1.4382 0 483.96 3.48432e-09
1.15073 1.4382 0 484.963 3.43704e-09
1.15073 1.4382 0 485.965 3.3904e-09
1.15073 1.4382 0 486.968 3.34441e-09
1.15073 1.4382 0 487.97 3.29906e-09
1.15073 1.4382 0 488.973 3.25432e-09
1.15073 1.4382 0 489.975 3.2102e-09
1.15073 1.4382 0 490.978 3.16669e-09
1.15073 1.4382 0 491.98 3.12377e-09
1.15073 1.4382 0 492.983 3.08144e-09
1.15073 1.4382 0 493.985 3.0397e-09
1.15073 1.4382 0 494.988 2.99853e-09
1.15073 1.4382 0 495.99 2.95792e-09
1.15073 1.4382 0 496.993 2.91787e-09
1.15073 1.4382 0 497.995 2.87836e-09
1.15073 1.4382 0 498.998 2.8394e-09
1.15073 1.4382 0 500 2.80098e-09

