0.342952 1.4382 0 100.01 3.54081e-07
0.342952 1.4382 0 101.012 6.32349e-07
0.342952 1.4382 0 102.015 6.1909e-07
0.342952 1.4382 0 103.017 5.93955e-07
0.342952 1.4382 0 104.02 5.7464e-07
0.342952 1.4382 0 105.022 5.59158e-07
0.342952 1.4382 0 106.025 5.4614e-07
0.342952 1.4382 0 107.027 5.34829e-07
0.342952 1.4382 0 108.03 5.24775e-07
0.342952 1.4382 0 109.032 5.15685e-07
0.342952 1.4382 0 110.035 5.0736e-07
0.342952 1.4382 0 111.037 4.99659e-07
0.342952 1.4382 0 112.04 4.92475e-07
0.342952 1.4382 0 113.042 4.85728e-07
0.342952 1.4382 0 114.045 4.79357e-07
0.342952 1.4382 0 115.047 4.73312e-07
0.342952 1.4382 0 116.05 4.67554e-07
0.342952 1.4382 0 117.052 4.62048e-07
0.342952 1.4382 0 118.055 4.56769e-07
0.342952 1.4382 0 119.057 4.51693e-07
0.342952 1.4382 0 120.06 4.46802e-07
0.342952 1.4382 0 121.062 4.42078e-07
0.342952 1.4382 0 122.065 4.37507e-07
0.342952 1.4382 0 123.067 4.33077e-07
0.342952 1.4382 0 124.07 4.28776e-07
0.342952 1.4382 0 125.072 4.24597e-07
0.342952 1.4382 0 126.075 4.20529e-07
0.342952 1.4382 0 127.077 4.16566e-07
0.342952 1.4382 0 128.079 4.12701e-07
0.342952 1.4382 0 129.082 4.08928e-07
0.342952 1.4382 0 130.084 4.0524e-07
0.342952 1.4382 0 131.087 4.01635e-07
0.342952 1.4382 0 132.089 3.98106e-07
0.342952 1.4382 0 133.092 3.9465e-07
0.342952 1.4382 0 134.094 3.91263e-07
0.342952 1.4382 0 135.097 3.87943e-07
0.342952 1.4382 0 136.099 3.84684e-07
0.342952 1.4382 0 137.102 3.81486e-07
0.342952 1.4382 0 138.104 3.78345e-07
0.342952 1.4382 0 139.107 3.75258e-07
0.342952 1.4382 0 140.109 3.72224e-07
0.342952 1.4382 0 141.112 3.6924e-07
0.342952 1.4382 0 142.114 3.66305e-07
0.342952 1.4382 0 143.117 3.63415e-07
0.342952 1.4382 0 144.119 3.60571e-07
0.342952 1.4382 0 145.122 3.57769e-07
0.342952 1.4382 0 146.124 3.5501e-07
0.342952 1.4382 0 147.127 3.5229e-07
0.342952 1.4382 0 148.129 3.49609e-07
0.342952 1.4382 0 149.132 3.46966e-07
0.342952 1.4382 0 150.134 3.44359e-07
0.342952 1.4382 0 151.137 3.41787e-07
0.342952 1.4382 0 152.139 3.3925e-07
0.342952 1.4382 0 153.142 3.36745e-07
0.342952 1.4382 0 154.144 3.34273e-07
0.342952 1.4382 0 155.146 3.31832e-07
0.342952 1.4382 0 156.149 3.29422e-07
0.342952 1.4382 0 157.151 3.27041e-07
0.342952 1.4382 0 158.154 3.24689e-07
0.342952 1.4382 0 159.156 3.22365e-07
0.342952 1.4382 0 160.159 3.20068e-07
0.342952 1.4382 0 161.161 3.17798e-07
0.342952 1.4382 0 162.164 3.15554e-07
0.342952 1.4382 0 163.166 3.13336e-07
0.342952 1.4382 0 164.169 3.11142e-07
0.342952 1.4382 0 165.171 3.08973e-07
0.342952 1.4382 0 166.174 3.06827e-07
0.342952 1.4382 0 167.176 3.04705e-07
0.342952 1.4382 0 168.179 3.02605e-07
0.342952 1.4382 0 169.181 3.00527e-07
0.342952 1.4382 0 170.184 2.98471e-07
0.342952 1.4382 0 171.186 2.96437e-07
0.342952 1.4382 0 172.189 2.94423e-07
0.342952 1.4382 0 173.191 2.92429e-07
0.342952 1.4382 0 174.194 2.90456e-07
0.342952 1.4382 0 175.196 2.88502e-07
0.342952 1.4382 0 176.199 2.86568e-07
0.342952 1.4382 0 177.201 2.84652e-07
0.342952 1.4382 0 178.204 2.82755e-07
0.342952 1.4382 0 179.206 2.80877e-07
0.342952 1.4382 0 180.208 2.79016e-07
0.342952 1.4382 0 181.211 2.77173e-07
0.342952 1.4382 0 182.213 2.75347e-07
0.342952 1.4382 0 183.216 2.73538e-07
0.342952 1.4382 0 184.218 2.71745e-07
0.342952 1.4382 0 185.221 2.69969e-07
0.342952 1.4382 0 186.223 2.6821e-07
0.342952 1.4382 0 187.226 2.66466e-07
0.342952 1.4382 0 188.228 2.64737e-07
0.342952 1.4382 0 189.231 2.63025e-07
0.342952 1.4382 0 190.233 2.61327e-07
0.342952 1.4382 0 191.236 2.59644e-07
0.342952 1.4382 0 192.238 2.57976e-07
0.342952 1.4382 0 193.241 2.56322e-07
0.342952 1.4382 0 194.243 2.54683e-07
0.342952 1.4382 0 195.246 2.53058e-07
0.342952 1.4382 0 196.248 2.51446e-07
0.342952 1.4382 0 197.251 2.49848e-07
0.342952 1.4382 0 198.253 2.48264e-07
0.342952 1.4382 0 199.256 2.46693e-07
0.342952 1.4382 0 200.258 2.45135e-07
0.342952 1.4382 0 201.261 2.4359e-07
0.342952 1.4382 0 202.263 2.42057e-07
0.342952 1.4382 0 203.266 2.40537e-07
0.342952 1.4382 0 204.268 2.3903e-07
0.342952 1.4382 0 205.271 2.37535e-07
0.342952 1.4382 0 206.273 2.36051e-07
0.342952 1.4382 0 207.275 2.3458e-07
0.342952 1.4382 0 208.278 2.33121e-07
0.342952 1.4382 0 209.28 2.31673e-07
0.342952 1.4382 0 210.283 2.30236e-07
0.342952 1.4382 0 211.285 2.28811e-07
0.342952 1.4382 0 212.288 2.27397e-07
0.342952 1.4382 0 213.29 2.25995e-07
0.342952 1.4382 0 214.293 2.24603e-07
0.342952 1.4382 0 215.295 2.23221e-07
0.342952 1.4382 0 216.298 2.21851e-07
0.342952 1.4382 0 217.3 2.20491e-07
0.342952 1.4382 0 218.303 2.19142e-07
0.342952 1.4382 0 219.305 2.17802e-07
0.342952 1.4382 0 220.308 2.16473e-07
0.342952 1.4382 0 221.31 2.15154e-07
0.342952 1.4382 0 222.313 2.13845e-07
0.342952 1.4382 0 223.315 2.12546e-07
0.342952 1.4382 0 224.318 2.11257e-07
0.342952 1.4382 0 225.32 2.09977e-07
0.342952 1.4382 0 226.323 2.08707e-07
0.342952 1.4382 0 227.325 2.07446e-07
0.342952 1.4382 0 228.328 2.06194e-07
0.342952 1.4382 0 229.33 2.04952e-07
0.342952 1.4382 0 230.333 2.03719e-07
0.342952 1.4382 0 231.335 2.02494e-07
0.342952 1.4382 0 232.338 2.01279e-07
0.342952 1.4382 0 233.34 2.00073e-07
0.342952 1.4382 0 234.342 1.98875e-07
0.342952 1.4382 0 235.345 1.97686e-07
0.342952 1.4382 0 236.347 1.96506e-07
0.342952 1.4382 0 237.35 1.95334e-07
0.342952 1.4382 0 238.352 1.9417e-07
0.342952 1.4382 0 239.355 1.93015e-07
0.342952 1.4382 0 240.357 1.91868e-07
0.342952 1.4382 0 241.36 1.90729e-07
0.342952 1.4382 0 242.362 1.89598e-07
0.342952 1.4382 0 243.365 1.88475e-07
0.342952 1.4382 0 244.367 1.87361e-07
0.342952 1.4382 0 245.37 1.86254e-07
0.342952 1.4382 0 246.372 1.85154e-07
0.342952 1.4382 0 247.375 1.84063e-07
0.342952 1.4382 0 248.377 1.82979e-07
0.342952 1.4382 0 249.38 1.81902e-07
0.342952 1.4382 0 250.382 1.80833e-07
0.342952 1.4382 0 251.385 1.79772e-07
0.342952 1.4382 0 252.387 1.78718e-07
0.342952 1.4382 0 253.39 1.77671e-07
0.342952 1.4382 0 254.392 1.76631e-07
0.342952 1.4382 0 255.395 1.75599e-07
0.342952 1.4382 0 256.397 1.74573e-07
0.342952 1.4382 0 257.4 1.73555e-07
0.342952 1.4382 0 258.402 1.72543e-07
0.342952 1.4382 0 259.405 1.71539e-07
0.342952 1.4382 0 260.407 1.70541e-07
0.342952 1.4382 0 261.409 1.6955e-07
0.342952 1.4382 0 262.412 1.68566e-07
0.342952 1.4382 0 263.414 1.67588e-07
0.342952 1.4382 0 264.417 1.66617e-07
0.342952 1.4382 0 265.419 1.65653e-07
0.342952 1.4382 0 266.422 1.64695e-07
0.342952 1.4382 0 267.424 1.63743e-07
0.342952 1.4382 0 268.427 1.62798e-07
0.342952 1.4382 0 269.429 1.61859e-07
0.342952 1.4382 0 270.432 1.60926e-07
0.342952 1.4382 0 271.434 1.6e-07
0.342952 1.4382 0 272.437 1.59079e-07
0.342952 1.4382 0 273.439 1.58165e-07
0.342952 1.4382 0 274.442 1.57257e-07
0.342952 1.4382 0 275.444 1.56355e-07
0.342952 1.4382 0 276.447 1.55459e-07
0.342952 1.4382 0 277.449 1.54569e-07
0.342952 1.4382 0 278.452 1.53684e-07
0.342952 1.4382 0 279.454 1.52806e-07
0.342952 1.4382 0 280.457 1.51933e-07
0.342952 1.4382 0 281.459 1.51066e-07
0.342952 1.4382 0 282.462 1.50204e-07
0.342952 1.4382 0 283.464 1.49348e-07
0.342952 1.4382 0 284.467 1.48498e-07
0.342952 1.4382 0 285.469 1.47653e-07
0.342952 1.4382 0 286.472 1.46814e-07
0.342952 1.4382 0 287.474 1.4598e-07
0.342952 1.4382 0 288.476 1.45152e-07
0.342952 1.4382 0 289.479 1.44329e-07
0.342952 1.4382 0 290.481 1.43511e-07
0.342952 1.4382 0 291.484 1.42699e-07
0.342952 1.4382 0 292.486 1.41891e-07
0.342952 1.4382 0 293.489 1.41089e-07
0.342952 1.4382 0 294.491 1.40292e-07
0.342952 1.4382 0 295.494 1.39501e-07
0.342952 1.4382 0 296.496 1.38714e-07
0.342952 1.4382 0 297.499 1.37932e-07
0.342952 1.4382 0 298.501 1.37155e-07
0.342952 1.4382 0 299.504 1.36384e-07
0.342952 1.4382 0 300.506 1.35617e-07
0.342952 1.4382 0 301.509 1.34855e-07
0.342952 1.4382 0 302.511 1.34098e-07
0.342952 1.4382 0 303.514 1.33345e-07
0.342952 1.4382 0 304.516 1.32598e-07
0.342952 1.4382 0 305.519 1.31855e-07
0.342952 1.4382 0 306.521 1.31117e-07
0.342952 1.4382 0 307.524 1.30384e-07
0.342952 1.4382 0 308.526 1.29655e-07
0.342952 1.4382 0 309.529 1.2893e-07
0.342952 1.4382 0 310.531 1.28211e-07
0.342952 1.4382 0 311.534 1.27496e-07
0.342952 1.4382 0 312.536 1.26785e-07
0.342952 1.4382 0 313.538 1.26079e-07
0.342952 1.4382 0 314.541 1.25377e-07
0.342952 1.4382 0 315.543 1.24679e-07
0.342952 1.4382 0 316.546 1.23986e-07
0.342952 1.4382 0 317.548 1.23298e-07
0.342952 1.4382 0 318.551 1.22613e-07
0.342952 1.4382 0 319.553 1.21933e-07
0.342952 1.4382 0 320.556 1.21257e-07
0.342952 1.4382 0 321.558 1.20585e-07
0.342952 1.4382 0 322.561 1.19918e-07
0.342952 1.4382 0 323.563 1.19254e-07
0.342952 1.4382 0 324.566 1.18595e-07
0.342952 1.4382 0 325.568 1.1794e-07
0.342952 1.4382 0 326.571 1.17288e-07
0.342952 1.4382 0 327.573 1.16641e-07
0.342952 1.4382 0 328.576 1.15998e-07
0.342952 1.4382 0 329.578 1.15359e-07
0.342952 1.4382 0 330.581 1.14724e-07
0.342952 1.4382 0 331.583 1.14092e-07
0.342952 1.4382 0 332.586 1.13465e-07
0.342952 1.4382 0 333.588 1.12841e-07
0.342952 1.4382 0 334.591 1.12221e-07
0.342952 1.4382 0 335.593 1.11605e-07
0.342952 1.4382 0 336.596 1.10993e-07
0.342952 1.4382 0 337.598 1.10384e-07
0.342952 1.4382 0 338.601 1.09779e-07
0.342952 1.4382 0 339.603 1.09178e-07
0.342952 1.4382 0 340.605 1.08581e-07
0.342952 1.4382 0 341.608 1.07987e-07
0.342952 1.4382 0 342.61 1.07396e-07
0.342952 1.4382 0 343.613 1.0681e-07
0.342952 1.4382 0 344.615 1.06227e-07
0.342952 1.4382 0 345.618 1.05647e-07
0.342952 1.4382 0 346.62 1.05071e-07
0.342952 1.4382 0 347.623 1.04499e-07
0.342952 1.4382 0 348.625 1.03929e-07
0.342952 1.4382 0 349.628 1.03364e-07
0.342952 1.4382 0 350.63 1.02802e-07
0.342952 1.4382 0 351.633 1.02243e-07
0.342952 1.4382 0 352.635 1.01687e-07
0.342952 1.4382 0 353.638 1.01135e-07
0.342952 1.4382 0 354.64 1.00586e-07
0.342952 1.4382 0 355.643 1.00041e-07
0.342952 1.4382 0 356.645 9.94984e-08
0.342952 1.4382 0 357.648 9.89594e-08
0.342952 1.4382 0 358.65 9.84236e-08
0.342952 1.4382 0 359.653 9.78911e-08
0.342952 1.4382 0 360.655 9.73617e-08
0.342952 1.4382 0 361.658 9.68355e-08
0.342952 1.4382 0 362.66 9.63124e-08
0.342952 1.4382 0 363.663 9.57925e-08
0.342952 1.4382 0 364.665 9.52756e-08
0.342952 1.4382 0 365.668 9.47619e-08
0.342952 1.4382 0 366.67 9.42512e-08
0.342952 1.4382 0 367.672 9.37435e-08
0.342952 1.4382 0 368.675 9.32388e-08
0.342952 1.4382 0 369.677 9.27372e-08
0.342952 1.4382 0 370.68 9.22385e-08
0.342952 1.4382 0 371.682 9.17428e-08
0.342952 1.4382 0 372.685 9.125e-08
0.342952 1.4382 0 373.687 9.07601e-08
0.342952 1.4382 0 374.69 9.02732e-08
0.342952 1.4382 0 375.692 8.97891e-08
0.342952 1.4382 0 376.695 8.93079e-08
0.342952 1.4382 0 377.697 8.88295e-08
0.342952 1.4382 0 378.7 8.83539e-08
0.342952 1.4382 0 379.702 8.78811e-08
0.342952 1.4382 0 380.705 8.74112e-08
0.342952 1.4382 0 381.707 8.69439e-08
0.342952 1.4382 0 382.71 8.64795e-08
0.342952 1.4382 0 383.712 8.60177e-08
0.342952 1.4382 0 384.715 8.55587e-08
0.342952 1.4382 0 385.717 8.51024e-08
0.342952 1.4382 0 386.72 8.46487e-08
0.342952 1.4382 0 387.722 8.41977e-08
0.342952 1.4382 0 388.725 8.37493e-08
0.342952 1.4382 0 389.727 8.33036e-08
0.342952 1.4382 0 390.73 8.28604e-08
0.342952 1.4382 0 391.732 8.24199e-08
0.342952 1.4382 0 392.735 8.19819e-08
0.342952 1.4382 0 393.737 8.15465e-08
0.342952 1.4382 0 394.739 8.11136e-08
0.342952 1.4382 0 395.742 8.06832e-08
0.342952 1.4382 0 396.744 8.02553e-08
0.342952 1.4382 0 397.747 7.983e-08
0.342952 1.4382 0 398.749 7.9407e-08
0.342952 1.4382 0 399.752 7.89866e-08
0.342952 1.4382 0 400.754 7.85686e-08
0.342952 1.4382 0 401.757 7.8153e-08
0.342952 1.4382 0 402.759 7.77398e-08
0.342952 1.4382 0 403.762 7.7329e-08
0.342952 1.4382 0 404.764 7.69206e-08
0.342952 1.4382 0 405.767 7.65146e-08
0.342952 1.4382 0 406.769 7.61109e-08
0.342952 1.4382 0 407.772 7.57095e-08
0.342952 1.4382 0 408.774 7.53104e-08
0.342952 1.4382 0 409.777 7.49137e-08
0.342952 1.4382 0 410.779 7.45192e-08
0.342952 1.4382 0 411.782 7.4127e-08
0.342952 1.4382 0 412.784 7.3737e-08
0.342952 1.4382 0 413.787 7.33493e-08
0.342952 1.4382 0 414.789 7.29639e-08
0.342952 1.4382 0 415.792 7.25806e-08
0.342952 1.4382 0 416.794 7.21995e-08
0.342952 1.4382 0 417.797 7.18207e-08
0.342952 1.4382 0 418.799 7.1444e-08
0.342952 1.4382 0 419.802 7.10694e-08
0.342952 1.4382 0 420.804 7.0697e-08
0.342952 1.4382 0 421.806 7.03267e-08
0.342952 1.4382 0 422.809 6.99586e-08
0.342952 1.4382 0 423.811 6.95925e-08
0.342952 1.4382 0 424.814 6.92285e-08
0.342952 1.4382 0 425.816 6.88667e-08
0.342952 1.4382 0 426.819 6.85068e-08
0.342952 1.4382 0 427.821 6.8149e-08
0.342952 1.4382 0 428.824 6.77933e-08
0.342952 1.4382 0 429.826 6.74396e-08
0.342952 1.4382 0 430.829 6.70879e-08
0.342952 1.4382 0 431.831 6.67382e-08
0.342952 1.4382 0 432.834 6.63905e-08
0.342952 1.4382 0 433.836 6.60447e-08
0.342952 1.4382 0 434.839 6.57009e-08
0.342952 1.4382 0 435.841 6.53591e-08
0.342952 1.4382 0 436.844 6.50192e-08
0.342952 1.4382 0 437.846 6.46812e-08
0.342952 1.4382 0 438.849 6.43451e-08
0.342952 1.4382 0 439.851 6.4011e-08
0.342952 1.4382 0 440.854 6.36787e-08
0.342952 1.4382 0 441.856 6.33483e-08
0.342952 1.4382 0 442.859 6.30198e-08
0.342952 1.4382 0 443.861 6.26931e-08
0.342952 1.4382 0 444.864 6.23682e-08
0.342952 1.4382 0 445.866 6.20452e-08
0.342952 1.4382 0 446.868 6.1724e-08
0.342952 1.4382 0 447.871 6.14046e-08
0.342952 1.4382 0 448.873 6.1087e-08
0.342952 1.4382 0 449.876 6.07712e-08
0.342952 1.4382 0 450.878 6.04572e-08
0.342952 1.4382 0 451.881 6.01449e-08
0.342952 1.4382 0 452.883 5.98344e-08
0.342952 1.4382 0 453.886 5.95256e-08
0.342952 1.4382 0 454.888 5.92186e-08
0.342952 1.4382 0 455.891 5.89132e-08
0.342952 1.4382 0 456.893 5.86096e-08
0.342952 1.4382 0 457.896 5.83077e-08
0.342952 1.4382 0 458.898 5.80075e-08
0.342952 1.4382 0 459.901 5.77089e-08
0.342952 1.4382 0 460.903 5.7412e-08
0.342952 1.4382 0 461.906 5.71168e-08
0.342952 1.4382 0 462.908 5.68232e-08
0.342952 1.4382 0 463.911 5.65312e-08
0.342952 1.4382 0 464.913 5.62409e-08
0.342952 1.4382 0 465.916 5.59522e-08
0.342952 1.4382 0 466.918 5.56651e-08
0.342952 1.4382 0 467.921 5.53796e-08
0.342952 1.4382 0 468.923 5.50957e-08
0.342952 1.4382 0 469.926 5.48133e-08
0.342952 1.4382 0 470.928 5.45325e-08
0.342952 1.4382 0 471.931 5.42533e-08
0.342952 1.4382 0 472.933 5.39756e-08
0.342952 1.4382 0 473.935 5.36995e-08
0.342952 1.4382 0 474.938 5.34249e-08
0.342952 1.4382 0 475.94 5.31518e-08
0.342952 1.4382 0 476.943 5.28802e-08
0.342952 1.4382 0 477.945 5.26102e-08
0.342952 1.4382 0 478.948 5.23416e-08
0.342952 1.4382 0 479.95 5.20745e-08
0.342952 1.4382 0 480.953 5.18089e-08
0.342952 1.4382 0 481.955 5.15447e-08
0.342952 1.4382 0 482.958 5.1282e-08
0.342952 1.4382 0 483.96 5.10207e-08
0.342952 1.4382 0 484.963 5.07609e-08
0.342952 1.4382 0 485.965 5.05025e-08
0.342952 1.4382 0 486.968 5.02456e-08
0.342952 1.4382 0 487.97 4.999e-08
0.342952 1.4382 0 488.973 4.97359e-08
0.342952 1.4382 0 489.975 4.94831e-08
0.342952 1.4382 0 490.978 4.92317e-08
0.342952 1.4382 0 491.98 4.89818e-08
0.342952 1.4382 0 492.983 4.87331e-08
0.342952 1.4382 0 493.985 4.84859e-08
0.342952 1.4382 0 494.988 4.824e-08
0.342952 1.4382 0 495.99 4.79954e-08
0.342952 1.4382 0 496.993 4.77522e-08
0.342952 1.4382 0 497.995 4.75103e-08
0.342952 1.4382 0 498.998 4.72698e-08
0.342952 1.4382 0 500 4.70305e-08

