1.57423 1.4382 200 150.015 2.23086e-06
1.57423 1.4382 200 151.017 3.99492e-06
1.57423 1.4382 200 152.02 4.05994e-06
1.57423 1.4382 200 153.022 3.9294e-06
1.57423 1.4382 200 154.025 3.79062e-06
1.57423 1.4382 200 155.027 3.65888e-06
1.57423 1.4382 200 156.03 3.53433e-06
1.57423 1.4382 200 157.032 3.4161e-06
1.57423 1.4382 200 158.035 3.30348e-06
1.57423 1.4382 200 159.037 3.19594e-06
1.57423 1.4382 200 160.04 3.09307e-06
1.57423 1.4382 200 161.042 2.99452e-06
1.57423 1.4382 200 162.045 2.90001e-06
1.57423 1.4382 200 163.047 2.80926e-06
1.57423 1.4382 200 164.05 2.72208e-06
1.57423 1.4382 200 165.052 2.63824e-06
1.57423 1.4382 200 166.054 2.55758e-06
1.57423 1.4382 200 167.057 2.47993e-06
1.57423 1.4382 200 168.059 2.40514e-06
1.57423 1.4382 200 169.062 2.33306e-06
1.57423 1.4382 200 170.064 2.26357e-06
1.57423 1.4382 200 171.067 2.19655e-06
1.57423 1.4382 200 172.069 2.13189e-06
1.57423 1.4382 200 173.072 2.06947e-06
1.57423 1.4382 200 174.074 2.0092e-06
1.57423 1.4382 200 175.077 1.95099e-06
1.57423 1.4382 200 176.079 1.89476e-06
1.57423 1.4382 200 177.082 1.8404e-06
1.57423 1.4382 200 178.084 1.78786e-06
1.57423 1.4382 200 179.087 1.73706e-06
1.57423 1.4382 200 180.089 1.68792e-06
1.57423 1.4382 200 181.092 1.64037e-06
1.57423 1.4382 200 182.094 1.59437e-06
1.57423 1.4382 200 183.096 1.54984e-06
1.57423 1.4382 200 184.099 1.50673e-06
1.57423 1.4382 200 185.101 1.46499e-06
1.57423 1.4382 200 186.104 1.42456e-06
1.57423 1.4382 200 187.106 1.38539e-06
1.57423 1.4382 200 188.109 1.34745e-06
1.57423 1.4382 200 189.111 1.31068e-06
1.57423 1.4382 200 190.114 1.27504e-06
1.57423 1.4382 200 191.116 1.24049e-06
1.57423 1.4382 200 192.119 1.20699e-06
1.57423 1.4382 200 193.121 1.1745e-06
1.57423 1.4382 200 194.124 1.14299e-06
1.57423 1.4382 200 195.126 1.11243e-06
1.57423 1.4382 200 196.129 1.08278e-06
1.57423 1.4382 200 197.131 1.05401e-06
1.57423 1.4382 200 198.133 1.02609e-06
1.57423 1.4382 200 199.136 9.98992e-07
1.57423 1.4382 200 200.138 9.72687e-07
1.57423 1.4382 200 201.141 9.47149e-07
1.57423 1.4382 200 202.143 9.22353e-07
1.57423 1.4382 200 203.146 8.98274e-07
1.57423 1.4382 200 204.148 8.74889e-07
1.57423 1.4382 200 205.151 8.52175e-07
1.57423 1.4382 200 206.153 8.3011e-07
1.57423 1.4382 200 207.156 8.08673e-07
1.57423 1.4382 200 208.158 7.87845e-07
1.57423 1.4382 200 209.161 7.67605e-07
1.57423 1.4382 200 210.163 7.47936e-07
1.57423 1.4382 200 211.166 7.28818e-07
1.57423 1.4382 200 212.168 7.10235e-07
1.57423 1.4382 200 213.171 6.92171e-07
1.57423 1.4382 200 214.173 6.74608e-07
1.57423 1.4382 200 215.175 6.57531e-07
1.57423 1.4382 200 216.178 6.40926e-07
1.57423 1.4382 200 217.18 6.24777e-07
1.57423 1.4382 200 218.183 6.09072e-07
1.57423 1.4382 200 219.185 5.93796e-07
1.57423 1.4382 200 220.188 5.78936e-07
1.57423 1.4382 200 221.19 5.64481e-07
1.57423 1.4382 200 222.193 5.50417e-07
1.57423 1.4382 200 223.195 5.36733e-07
1.57423 1.4382 200 224.198 5.23418e-07
1.57423 1.4382 200 225.2 5.10461e-07
1.57423 1.4382 200 226.203 4.9785e-07
1.57423 1.4382 200 227.205 4.85577e-07
1.57423 1.4382 200 228.208 4.73631e-07
1.57423 1.4382 200 229.21 4.62003e-07
1.57423 1.4382 200 230.212 4.50682e-07
1.57423 1.4382 200 231.215 4.39661e-07
1.57423 1.4382 200 232.217 4.28931e-07
1.57423 1.4382 200 233.22 4.18483e-07
1.57423 1.4382 200 234.222 4.08309e-07
1.57423 1.4382 200 235.225 3.98402e-07
1.57423 1.4382 200 236.227 3.88753e-07
1.57423 1.4382 200 237.23 3.79356e-07
1.57423 1.4382 200 238.232 3.70203e-07
1.57423 1.4382 200 239.235 3.61287e-07
1.57423 1.4382 200 240.237 3.52602e-07
1.57423 1.4382 200 241.24 3.44141e-07
1.57423 1.4382 200 242.242 3.35898e-07
1.57423 1.4382 200 243.245 3.27866e-07
1.57423 1.4382 200 244.247 3.20041e-07
1.57423 1.4382 200 245.25 3.12416e-07
1.57423 1.4382 200 246.252 3.04985e-07
1.57423 1.4382 200 247.254 2.97744e-07
1.57423 1.4382 200 248.257 2.90686e-07
1.57423 1.4382 200 249.259 2.83808e-07
1.57423 1.4382 200 250.262 2.77103e-07
1.57423 1.4382 200 251.264 2.70568e-07
1.57423 1.4382 200 252.267 2.64198e-07
1.57423 1.4382 200 253.269 2.57988e-07
1.57423 1.4382 200 254.272 2.51934e-07
1.57423 1.4382 200 255.274 2.46031e-07
1.57423 1.4382 200 256.277 2.40276e-07
1.57423 1.4382 200 257.279 2.34664e-07
1.57423 1.4382 200 258.282 2.29193e-07
1.57423 1.4382 200 259.284 2.23857e-07
1.57423 1.4382 200 260.287 2.18654e-07
1.57423 1.4382 200 261.289 2.13579e-07
1.57423 1.4382 200 262.291 2.0863e-07
1.57423 1.4382 200 263.294 2.03803e-07
1.57423 1.4382 200 264.296 1.99094e-07
1.57423 1.4382 200 265.299 1.94502e-07
1.57423 1.4382 200 266.301 1.90022e-07
1.57423 1.4382 200 267.304 1.85652e-07
1.57423 1.4382 200 268.306 1.81388e-07
1.57423 1.4382 200 269.309 1.77229e-07
1.57423 1.4382 200 270.311 1.73171e-07
1.57423 1.4382 200 271.314 1.69211e-07
1.57423 1.4382 200 272.316 1.65348e-07
1.57423 1.4382 200 273.319 1.61578e-07
1.57423 1.4382 200 274.321 1.579e-07
1.57423 1.4382 200 275.324 1.5431e-07
1.57423 1.4382 200 276.326 1.50807e-07
1.57423 1.4382 200 277.329 1.47388e-07
1.57423 1.4382 200 278.331 1.44051e-07
1.57423 1.4382 200 279.333 1.40794e-07
1.57423 1.4382 200 280.336 1.37615e-07
1.57423 1.4382 200 281.338 1.34512e-07
1.57423 1.4382 200 282.341 1.31483e-07
1.57423 1.4382 200 283.343 1.28526e-07
1.57423 1.4382 200 284.346 1.2564e-07
1.57423 1.4382 200 285.348 1.22822e-07
1.57423 1.4382 200 286.351 1.20071e-07
1.57423 1.4382 200 287.353 1.17385e-07
1.57423 1.4382 200 288.356 1.14763e-07
1.57423 1.4382 200 289.358 1.12202e-07
1.57423 1.4382 200 290.361 1.09702e-07
1.57423 1.4382 200 291.363 1.07261e-07
1.57423 1.4382 200 292.366 1.04877e-07
1.57423 1.4382 200 293.368 1.02549e-07
1.57423 1.4382 200 294.37 1.00275e-07
1.57423 1.4382 200 295.373 9.80545e-08
1.57423 1.4382 200 296.375 9.58859e-08
1.57423 1.4382 200 297.378 9.37678e-08
1.57423 1.4382 200 298.38 9.16991e-08
1.57423 1.4382 200 299.383 8.96784e-08
1.57423 1.4382 200 300.385 8.77047e-08
1.57423 1.4382 200 301.388 8.57767e-08
1.57423 1.4382 200 302.39 8.38933e-08
1.57423 1.4382 200 303.393 8.20534e-08
1.57423 1.4382 200 304.395 8.0256e-08
1.57423 1.4382 200 305.398 7.85e-08
1.57423 1.4382 200 306.4 7.67845e-08
1.57423 1.4382 200 307.403 7.51083e-08
1.57423 1.4382 200 308.405 7.34707e-08
1.57423 1.4382 200 309.408 7.18705e-08
1.57423 1.4382 200 310.41 7.0307e-08
1.57423 1.4382 200 311.412 6.87792e-08
1.57423 1.4382 200 312.415 6.72863e-08
1.57423 1.4382 200 313.417 6.58274e-08
1.57423 1.4382 200 314.42 6.44017e-08
1.57423 1.4382 200 315.422 6.30085e-08
1.57423 1.4382 200 316.425 6.16468e-08
1.57423 1.4382 200 317.427 6.03161e-08
1.57423 1.4382 200 318.43 5.90154e-08
1.57423 1.4382 200 319.432 5.77442e-08
1.57423 1.4382 200 320.435 5.65017e-08
1.57423 1.4382 200 321.437 5.52872e-08
1.57423 1.4382 200 322.44 5.41001e-08
1.57423 1.4382 200 323.442 5.29397e-08
1.57423 1.4382 200 324.445 5.18053e-08
1.57423 1.4382 200 325.447 5.06964e-08
1.57423 1.4382 200 326.449 4.96124e-08
1.57423 1.4382 200 327.452 4.85526e-08
1.57423 1.4382 200 328.454 4.75166e-08
1.57423 1.4382 200 329.457 4.65036e-08
1.57423 1.4382 200 330.459 4.55133e-08
1.57423 1.4382 200 331.462 4.4545e-08
1.57423 1.4382 200 332.464 4.35983e-08
1.57423 1.4382 200 333.467 4.26726e-08
1.57423 1.4382 200 334.469 4.17674e-08
1.57423 1.4382 200 335.472 4.08823e-08
1.57423 1.4382 200 336.474 4.00168e-08
1.57423 1.4382 200 337.477 3.91705e-08
1.57423 1.4382 200 338.479 3.83428e-08
1.57423 1.4382 200 339.482 3.75335e-08
1.57423 1.4382 200 340.484 3.67419e-08
1.57423 1.4382 200 341.487 3.59678e-08
1.57423 1.4382 200 342.489 3.52107e-08
1.57423 1.4382 200 343.491 3.44702e-08
1.57423 1.4382 200 344.494 3.3746e-08
1.57423 1.4382 200 345.496 3.30377e-08
1.57423 1.4382 200 346.499 3.23448e-08
1.57423 1.4382 200 347.501 3.16671e-08
1.57423 1.4382 200 348.504 3.10042e-08
1.57423 1.4382 200 349.506 3.03558e-08
1.57423 1.4382 200 350.509 2.97215e-08
1.57423 1.4382 200 351.511 2.9101e-08
1.57423 1.4382 200 352.514 2.84941e-08
1.57423 1.4382 200 353.516 2.79003e-08
1.57423 1.4382 200 354.519 2.73193e-08
1.57423 1.4382 200 355.521 2.6751e-08
1.57423 1.4382 200 356.524 2.6195e-08
1.57423 1.4382 200 357.526 2.5651e-08
1.57423 1.4382 200 358.528 2.51188e-08
1.57423 1.4382 200 359.531 2.4598e-08
1.57423 1.4382 200 360.533 2.40885e-08
1.57423 1.4382 200 361.536 2.359e-08
1.57423 1.4382 200 362.538 2.31022e-08
1.57423 1.4382 200 363.541 2.26249e-08
1.57423 1.4382 200 364.543 2.21578e-08
1.57423 1.4382 200 365.546 2.17008e-08
1.57423 1.4382 200 366.548 2.12535e-08
1.57423 1.4382 200 367.551 2.08158e-08
1.57423 1.4382 200 368.553 2.03875e-08
1.57423 1.4382 200 369.556 1.99684e-08
1.57423 1.4382 200 370.558 1.95582e-08
1.57423 1.4382 200 371.561 1.91567e-08
1.57423 1.4382 200 372.563 1.87638e-08
1.57423 1.4382 200 373.566 1.83793e-08
1.57423 1.4382 200 374.568 1.80029e-08
1.57423 1.4382 200 375.57 1.76345e-08
1.57423 1.4382 200 376.573 1.7274e-08
1.57423 1.4382 200 377.575 1.69211e-08
1.57423 1.4382 200 378.578 1.65757e-08
1.57423 1.4382 200 379.58 1.62375e-08
1.57423 1.4382 200 380.583 1.59066e-08
1.57423 1.4382 200 381.585 1.55826e-08
1.57423 1.4382 200 382.588 1.52655e-08
1.57423 1.4382 200 383.59 1.4955e-08
1.57423 1.4382 200 384.593 1.46511e-08
1.57423 1.4382 200 385.595 1.43536e-08
1.57423 1.4382 200 386.598 1.40624e-08
1.57423 1.4382 200 387.6 1.37773e-08
1.57423 1.4382 200 388.603 1.34981e-08
1.57423 1.4382 200 389.605 1.32248e-08
1.57423 1.4382 200 390.607 1.29573e-08
1.57423 1.4382 200 391.61 1.26953e-08
1.57423 1.4382 200 392.612 1.24389e-08
1.57423 1.4382 200 393.615 1.21877e-08
1.57423 1.4382 200 394.617 1.19419e-08
1.57423 1.4382 200 395.62 1.17011e-08
1.57423 1.4382 200 396.622 1.14654e-08
1.57423 1.4382 200 397.625 1.12346e-08
1.57423 1.4382 200 398.627 1.10086e-08
1.57423 1.4382 200 399.63 1.07873e-08
1.57423 1.4382 200 400.632 1.05706e-08
1.57423 1.4382 200 401.635 1.03584e-08
1.57423 1.4382 200 402.637 1.01506e-08
1.57423 1.4382 200 403.64 9.94709e-09
1.57423 1.4382 200 404.642 9.74781e-09
1.57423 1.4382 200 405.645 9.55265e-09
1.57423 1.4382 200 406.647 9.36153e-09
1.57423 1.4382 200 407.649 9.17435e-09
1.57423 1.4382 200 408.652 8.99104e-09
1.57423 1.4382 200 409.654 8.81151e-09
1.57423 1.4382 200 410.657 8.63568e-09
1.57423 1.4382 200 411.659 8.46347e-09
1.57423 1.4382 200 412.662 8.29481e-09
1.57423 1.4382 200 413.664 8.12961e-09
1.57423 1.4382 200 414.667 7.96781e-09
1.57423 1.4382 200 415.669 7.80933e-09
1.57423 1.4382 200 416.672 7.6541e-09
1.57423 1.4382 200 417.674 7.50205e-09
1.57423 1.4382 200 418.677 7.35312e-09
1.57423 1.4382 200 419.679 7.20724e-09
1.57423 1.4382 200 420.682 7.06433e-09
1.57423 1.4382 200 421.684 6.92435e-09
1.57423 1.4382 200 422.686 6.78723e-09
1.57423 1.4382 200 423.689 6.65291e-09
1.57423 1.4382 200 424.691 6.52132e-09
1.57423 1.4382 200 425.694 6.39242e-09
1.57423 1.4382 200 426.696 6.26614e-09
1.57423 1.4382 200 427.699 6.14243e-09
1.57423 1.4382 200 428.701 6.02123e-09
1.57423 1.4382 200 429.704 5.9025e-09
1.57423 1.4382 200 430.706 5.78618e-09
1.57423 1.4382 200 431.709 5.67222e-09
1.57423 1.4382 200 432.711 5.56056e-09
1.57423 1.4382 200 433.714 5.45117e-09
1.57423 1.4382 200 434.716 5.344e-09
1.57423 1.4382 200 435.719 5.23899e-09
1.57423 1.4382 200 436.721 5.13611e-09
1.57423 1.4382 200 437.724 5.0353e-09
1.57423 1.4382 200 438.726 4.93653e-09
1.57423 1.4382 200 439.728 4.83975e-09
1.57423 1.4382 200 440.731 4.74492e-09
1.57423 1.4382 200 441.733 4.65201e-09
1.57423 1.4382 200 442.736 4.56096e-09
1.57423 1.4382 200 443.738 4.47175e-09
1.57423 1.4382 200 444.741 4.38433e-09
1.57423 1.4382 200 445.743 4.29866e-09
1.57423 1.4382 200 446.746 4.21472e-09
1.57423 1.4382 200 447.748 4.13246e-09
1.57423 1.4382 200 448.751 4.05185e-09
1.57423 1.4382 200 449.753 3.97285e-09
1.57423 1.4382 200 450.756 3.89544e-09
1.57423 1.4382 200 451.758 3.81958e-09
1.57423 1.4382 200 452.761 3.74523e-09
1.57423 1.4382 200 453.763 3.67237e-09
1.57423 1.4382 200 454.765 3.60097e-09
1.57423 1.4382 200 455.768 3.53099e-09
1.57423 1.4382 200 456.77 3.4624e-09
1.57423 1.4382 200 457.773 3.39519e-09
1.57423 1.4382 200 458.775 3.32931e-09
1.57423 1.4382 200 459.778 3.26475e-09
1.57423 1.4382 200 460.78 3.20147e-09
1.57423 1.4382 200 461.783 3.13944e-09
1.57423 1.4382 200 462.785 3.07866e-09
1.57423 1.4382 200 463.788 3.01907e-09
1.57423 1.4382 200 464.79 2.96067e-09
1.57423 1.4382 200 465.793 2.90343e-09
1.57423 1.4382 200 466.795 2.84733e-09
1.57423 1.4382 200 467.798 2.79233e-09
1.57423 1.4382 200 468.8 2.73843e-09
1.57423 1.4382 200 469.803 2.68559e-09
1.57423 1.4382 200 470.805 2.6338e-09
1.57423 1.4382 200 471.807 2.58303e-09
1.57423 1.4382 200 472.81 2.53326e-09
1.57423 1.4382 200 473.812 2.48448e-09
1.57423 1.4382 200 474.815 2.43666e-09
1.57423 1.4382 200 475.817 2.38978e-09
1.57423 1.4382 200 476.82 2.34383e-09
1.57423 1.4382 200 477.822 2.29878e-09
1.57423 1.4382 200 478.825 2.25462e-09
1.57423 1.4382 200 479.827 2.21132e-09
1.57423 1.4382 200 480.83 2.16888e-09
1.57423 1.4382 200 481.832 2.12727e-09
1.57423 1.4382 200 482.835 2.08648e-09
1.57423 1.4382 200 483.837 2.04649e-09
1.57423 1.4382 200 484.84 2.00729e-09
1.57423 1.4382 200 485.842 1.96885e-09
1.57423 1.4382 200 486.844 1.93117e-09
1.57423 1.4382 200 487.847 1.89422e-09
1.57423 1.4382 200 488.849 1.858e-09
1.57423 1.4382 200 489.852 1.82249e-09
1.57423 1.4382 200 490.854 1.78767e-09
1.57423 1.4382 200 491.857 1.75353e-09
1.57423 1.4382 200 492.859 1.72006e-09
1.57423 1.4382 200 493.862 1.68725e-09
1.57423 1.4382 200 494.864 1.65507e-09
1.57423 1.4382 200 495.867 1.62352e-09
1.57423 1.4382 200 496.869 1.59259e-09
1.57423 1.4382 200 497.872 1.56225e-09
1.57423 1.4382 200 498.874 1.53251e-09
1.57423 1.4382 200 499.877 1.50335e-09
1.57423 1.4382 200 500.879 1.47476e-09
1.57423 1.4382 200 501.882 1.44672e-09
1.57423 1.4382 200 502.884 1.41922e-09
1.57423 1.4382 200 503.886 1.39226e-09
1.57423 1.4382 200 504.889 1.36583e-09
1.57423 1.4382 200 505.891 1.3399e-09
1.57423 1.4382 200 506.894 1.31448e-09
1.57423 1.4382 200 507.896 1.28955e-09
1.57423 1.4382 200 508.899 1.26511e-09
1.57423 1.4382 200 509.901 1.24114e-09
1.57423 1.4382 200 510.904 1.21763e-09
1.57423 1.4382 200 511.906 1.19457e-09
1.57423 1.4382 200 512.909 1.17197e-09
1.57423 1.4382 200 513.911 1.1498e-09
1.57423 1.4382 200 514.914 1.12805e-09
1.57423 1.4382 200 515.916 1.10673e-09
1.57423 1.4382 200 516.919 1.08582e-09
1.57423 1.4382 200 517.921 1.06531e-09
1.57423 1.4382 200 518.923 1.0452e-09
1.57423 1.4382 200 519.926 1.02548e-09
1.57423 1.4382 200 520.928 1.00613e-09
1.57423 1.4382 200 521.931 9.87158e-10
1.57423 1.4382 200 522.933 9.6855e-10
1.57423 1.4382 200 523.936 9.50301e-10
1.57423 1.4382 200 524.938 9.32402e-10
1.57423 1.4382 200 525.941 9.14847e-10
1.57423 1.4382 200 526.943 8.9763e-10
1.57423 1.4382 200 527.946 8.80743e-10
1.57423 1.4382 200 528.948 8.6418e-10
1.57423 1.4382 200 529.951 8.47934e-10
1.57423 1.4382 200 530.953 8.32e-10
1.57423 1.4382 200 531.956 8.16372e-10
1.57423 1.4382 200 532.958 8.01043e-10
1.57423 1.4382 200 533.961 7.86007e-10
1.57423 1.4382 200 534.963 7.71259e-10
1.57423 1.4382 200 535.965 7.56793e-10
1.57423 1.4382 200 536.968 7.42604e-10
1.57423 1.4382 200 537.97 7.28685e-10
1.57423 1.4382 200 538.973 7.15033e-10
1.57423 1.4382 200 539.975 7.01642e-10
1.57423 1.4382 200 540.978 6.88506e-10
1.57423 1.4382 200 541.98 6.7562e-10
1.57423 1.4382 200 542.983 6.6298e-10
1.57423 1.4382 200 543.985 6.50582e-10
1.57423 1.4382 200 544.988 6.38419e-10
1.57423 1.4382 200 545.99 6.26488e-10
1.57423 1.4382 200 546.993 6.14785e-10
1.57423 1.4382 200 547.995 6.03304e-10
1.57423 1.4382 200 548.998 5.92041e-10
1.57423 1.4382 200 550 5.80992e-10
