2.13818 1.4382 0 100.01 4.29617e-06
2.13818 1.4382 0 101.012 7.82146e-06
2.13818 1.4382 0 102.015 7.70122e-06
2.13818 1.4382 0 103.017 7.31513e-06
2.13818 1.4382 0 104.02 6.94951e-06
2.13818 1.4382 0 105.022 6.60999e-06
2.13818 1.4382 0 106.025 6.29301e-06
2.13818 1.4382 0 107.027 5.99593e-06
2.13818 1.4382 0 108.03 5.71674e-06
2.13818 1.4382 0 109.032 5.45388e-06
2.13818 1.4382 0 110.035 5.20601e-06
2.13818 1.4382 0 111.037 4.97202e-06
2.13818 1.4382 0 112.04 4.75089e-06
2.13818 1.4382 0 113.042 4.54172e-06
2.13818 1.4382 0 114.045 4.34372e-06
2.13818 1.4382 0 115.047 4.15615e-06
2.13818 1.4382 0 116.05 3.97833e-06
2.13818 1.4382 0 117.052 3.80965e-06
2.13818 1.4382 0 118.055 3.64954e-06
2.13818 1.4382 0 119.057 3.49748e-06
2.13818 1.4382 0 120.06 3.35299e-06
2.13818 1.4382 0 121.062 3.2156e-06
2.13818 1.4382 0 122.065 3.08491e-06
2.13818 1.4382 0 123.067 2.96052e-06
2.13818 1.4382 0 124.07 2.84207e-06
2.13818 1.4382 0 125.072 2.72922e-06
2.13818 1.4382 0 126.075 2.62166e-06
2.13818 1.4382 0 127.077 2.51909e-06
2.13818 1.4382 0 128.079 2.42123e-06
2.13818 1.4382 0 129.082 2.32784e-06
2.13818 1.4382 0 130.084 2.23866e-06
2.13818 1.4382 0 131.087 2.15348e-06
2.13818 1.4382 0 132.089 2.07207e-06
2.13818 1.4382 0 133.092 1.99425e-06
2.13818 1.4382 0 134.094 1.91981e-06
2.13818 1.4382 0 135.097 1.8486e-06
2.13818 1.4382 0 136.099 1.78044e-06
2.13818 1.4382 0 137.102 1.71519e-06
2.13818 1.4382 0 138.104 1.65268e-06
2.13818 1.4382 0 139.107 1.59279e-06
2.13818 1.4382 0 140.109 1.53539e-06
2.13818 1.4382 0 141.112 1.48036e-06
2.13818 1.4382 0 142.114 1.42758e-06
2.13818 1.4382 0 143.117 1.37694e-06
2.13818 1.4382 0 144.119 1.32834e-06
2.13818 1.4382 0 145.122 1.28169e-06
2.13818 1.4382 0 146.124 1.23689e-06
2.13818 1.4382 0 147.127 1.19386e-06
2.13818 1.4382 0 148.129 1.15252e-06
2.13818 1.4382 0 149.132 1.11279e-06
2.13818 1.4382 0 150.134 1.07459e-06
2.13818 1.4382 0 151.137 1.03786e-06
2.13818 1.4382 0 152.139 1.00254e-06
2.13818 1.4382 0 153.142 9.68553e-07
2.13818 1.4382 0 154.144 9.35851e-07
2.13818 1.4382 0 155.146 9.04376e-07
2.13818 1.4382 0 156.149 8.74075e-07
2.13818 1.4382 0 157.151 8.44897e-07
2.13818 1.4382 0 158.154 8.16795e-07
2.13818 1.4382 0 159.156 7.89724e-07
2.13818 1.4382 0 160.159 7.6364e-07
2.13818 1.4382 0 161.161 7.38503e-07
2.13818 1.4382 0 162.164 7.14273e-07
2.13818 1.4382 0 163.166 6.90914e-07
2.13818 1.4382 0 164.169 6.6839e-07
2.13818 1.4382 0 165.171 6.46667e-07
2.13818 1.4382 0 166.174 6.25714e-07
2.13818 1.4382 0 167.176 6.05499e-07
2.13818 1.4382 0 168.179 5.85994e-07
2.13818 1.4382 0 169.181 5.6717e-07
2.13818 1.4382 0 170.184 5.49001e-07
2.13818 1.4382 0 171.186 5.31462e-07
2.13818 1.4382 0 172.189 5.14528e-07
2.13818 1.4382 0 173.191 4.98176e-07
2.13818 1.4382 0 174.194 4.82384e-07
2.13818 1.4382 0 175.196 4.67131e-07
2.13818 1.4382 0 176.199 4.52396e-07
2.13818 1.4382 0 177.201 4.3816e-07
2.13818 1.4382 0 178.204 4.24404e-07
2.13818 1.4382 0 179.206 4.11111e-07
2.13818 1.4382 0 180.208 3.98263e-07
2.13818 1.4382 0 181.211 3.85845e-07
2.13818 1.4382 0 182.213 3.73839e-07
2.13818 1.4382 0 183.216 3.62233e-07
2.13818 1.4382 0 184.218 3.5101e-07
2.13818 1.4382 0 185.221 3.40157e-07
2.13818 1.4382 0 186.223 3.29661e-07
2.13818 1.4382 0 187.226 3.1951e-07
2.13818 1.4382 0 188.228 3.0969e-07
2.13818 1.4382 0 189.231 3.00191e-07
2.13818 1.4382 0 190.233 2.91e-07
2.13818 1.4382 0 191.236 2.82108e-07
2.13818 1.4382 0 192.238 2.73503e-07
2.13818 1.4382 0 193.241 2.65176e-07
2.13818 1.4382 0 194.243 2.57116e-07
2.13818 1.4382 0 195.246 2.49316e-07
2.13818 1.4382 0 196.248 2.41765e-07
2.13818 1.4382 0 197.251 2.34456e-07
2.13818 1.4382 0 198.253 2.27379e-07
2.13818 1.4382 0 199.256 2.20528e-07
2.13818 1.4382 0 200.258 2.13894e-07
2.13818 1.4382 0 201.261 2.0747e-07
2.13818 1.4382 0 202.263 2.01249e-07
2.13818 1.4382 0 203.266 1.95224e-07
2.13818 1.4382 0 204.268 1.89388e-07
2.13818 1.4382 0 205.271 1.83736e-07
2.13818 1.4382 0 206.273 1.78261e-07
2.13818 1.4382 0 207.275 1.72957e-07
2.13818 1.4382 0 208.278 1.67819e-07
2.13818 1.4382 0 209.28 1.62841e-07
2.13818 1.4382 0 210.283 1.58018e-07
2.13818 1.4382 0 211.285 1.53344e-07
2.13818 1.4382 0 212.288 1.48815e-07
2.13818 1.4382 0 213.29 1.44426e-07
2.13818 1.4382 0 214.293 1.40172e-07
2.13818 1.4382 0 215.295 1.3605e-07
2.13818 1.4382 0 216.298 1.32054e-07
2.13818 1.4382 0 217.3 1.28182e-07
2.13818 1.4382 0 218.303 1.24427e-07
2.13818 1.4382 0 219.305 1.20788e-07
2.13818 1.4382 0 220.308 1.1726e-07
2.13818 1.4382 0 221.31 1.13839e-07
2.13818 1.4382 0 222.313 1.10523e-07
2.13818 1.4382 0 223.315 1.07308e-07
2.13818 1.4382 0 224.318 1.0419e-07
2.13818 1.4382 0 225.32 1.01166e-07
2.13818 1.4382 0 226.323 9.82343e-08
2.13818 1.4382 0 227.325 9.53911e-08
2.13818 1.4382 0 228.328 9.26336e-08
2.13818 1.4382 0 229.33 8.99591e-08
2.13818 1.4382 0 230.333 8.73652e-08
2.13818 1.4382 0 231.335 8.48491e-08
2.13818 1.4382 0 232.338 8.24085e-08
2.13818 1.4382 0 233.34 8.0041e-08
2.13818 1.4382 0 234.342 7.77444e-08
2.13818 1.4382 0 235.345 7.55163e-08
2.13818 1.4382 0 236.347 7.33547e-08
2.13818 1.4382 0 237.35 7.12575e-08
2.13818 1.4382 0 238.352 6.92226e-08
2.13818 1.4382 0 239.355 6.72482e-08
2.13818 1.4382 0 240.357 6.53324e-08
2.13818 1.4382 0 241.36 6.34733e-08
2.13818 1.4382 0 242.362 6.16692e-08
2.13818 1.4382 0 243.365 5.99184e-08
2.13818 1.4382 0 244.367 5.82193e-08
2.13818 1.4382 0 245.37 5.65703e-08
2.13818 1.4382 0 246.372 5.49697e-08
2.13818 1.4382 0 247.375 5.34163e-08
2.13818 1.4382 0 248.377 5.19084e-08
2.13818 1.4382 0 249.38 5.04447e-08
2.13818 1.4382 0 250.382 4.90239e-08
2.13818 1.4382 0 251.385 4.76447e-08
2.13818 1.4382 0 252.387 4.63057e-08
2.13818 1.4382 0 253.39 4.50058e-08
2.13818 1.4382 0 254.392 4.37438e-08
2.13818 1.4382 0 255.395 4.25184e-08
2.13818 1.4382 0 256.397 4.13287e-08
2.13818 1.4382 0 257.4 4.01736e-08
2.13818 1.4382 0 258.402 3.90519e-08
2.13818 1.4382 0 259.405 3.79627e-08
2.13818 1.4382 0 260.407 3.6905e-08
2.13818 1.4382 0 261.409 3.58779e-08
2.13818 1.4382 0 262.412 3.48804e-08
2.13818 1.4382 0 263.414 3.39117e-08
2.13818 1.4382 0 264.417 3.29709e-08
2.13818 1.4382 0 265.419 3.20571e-08
2.13818 1.4382 0 266.422 3.11695e-08
2.13818 1.4382 0 267.424 3.03074e-08
2.13818 1.4382 0 268.427 2.94701e-08
2.13818 1.4382 0 269.429 2.86567e-08
2.13818 1.4382 0 270.432 2.78665e-08
2.13818 1.4382 0 271.434 2.70989e-08
2.13818 1.4382 0 272.437 2.63532e-08
2.13818 1.4382 0 273.439 2.56288e-08
2.13818 1.4382 0 274.442 2.4925e-08
2.13818 1.4382 0 275.444 2.42412e-08
2.13818 1.4382 0 276.447 2.35768e-08
2.13818 1.4382 0 277.449 2.29312e-08
2.13818 1.4382 0 278.452 2.2304e-08
2.13818 1.4382 0 279.454 2.16945e-08
2.13818 1.4382 0 280.457 2.11022e-08
2.13818 1.4382 0 281.459 2.05267e-08
2.13818 1.4382 0 282.462 1.99674e-08
2.13818 1.4382 0 283.464 1.94238e-08
2.13818 1.4382 0 284.467 1.88956e-08
2.13818 1.4382 0 285.469 1.83822e-08
2.13818 1.4382 0 286.472 1.78833e-08
2.13818 1.4382 0 287.474 1.73983e-08
2.13818 1.4382 0 288.476 1.6927e-08
2.13818 1.4382 0 289.479 1.64688e-08
2.13818 1.4382 0 290.481 1.60235e-08
2.13818 1.4382 0 291.484 1.55906e-08
2.13818 1.4382 0 292.486 1.51698e-08
2.13818 1.4382 0 293.489 1.47607e-08
2.13818 1.4382 0 294.491 1.4363e-08
2.13818 1.4382 0 295.494 1.39764e-08
2.13818 1.4382 0 296.496 1.36006e-08
2.13818 1.4382 0 297.499 1.32351e-08
2.13818 1.4382 0 298.501 1.28799e-08
2.13818 1.4382 0 299.504 1.25344e-08
2.13818 1.4382 0 300.506 1.21986e-08
2.13818 1.4382 0 301.509 1.1872e-08
2.13818 1.4382 0 302.511 1.15544e-08
2.13818 1.4382 0 303.514 1.12456e-08
2.13818 1.4382 0 304.516 1.09454e-08
2.13818 1.4382 0 305.519 1.06534e-08
2.13818 1.4382 0 306.521 1.03694e-08
2.13818 1.4382 0 307.524 1.00932e-08
2.13818 1.4382 0 308.526 9.82467e-09
2.13818 1.4382 0 309.529 9.56348e-09
2.13818 1.4382 0 310.531 9.30944e-09
2.13818 1.4382 0 311.534 9.06236e-09
2.13818 1.4382 0 312.536 8.82204e-09
2.13818 1.4382 0 313.538 8.58829e-09
2.13818 1.4382 0 314.541 8.36093e-09
2.13818 1.4382 0 315.543 8.13977e-09
2.13818 1.4382 0 316.546 7.92463e-09
2.13818 1.4382 0 317.548 7.71536e-09
2.13818 1.4382 0 318.551 7.51178e-09
2.13818 1.4382 0 319.553 7.31374e-09
2.13818 1.4382 0 320.556 7.12107e-09
2.13818 1.4382 0 321.558 6.93363e-09
2.13818 1.4382 0 322.561 6.75127e-09
2.13818 1.4382 0 323.563 6.57385e-09
2.13818 1.4382 0 324.566 6.40123e-09
2.13818 1.4382 0 325.568 6.23328e-09
2.13818 1.4382 0 326.571 6.06986e-09
2.13818 1.4382 0 327.573 5.91085e-09
2.13818 1.4382 0 328.576 5.75613e-09
2.13818 1.4382 0 329.578 5.60558e-09
2.13818 1.4382 0 330.581 5.45907e-09
2.13818 1.4382 0 331.583 5.31651e-09
2.13818 1.4382 0 332.586 5.17778e-09
2.13818 1.4382 0 333.588 5.04277e-09
2.13818 1.4382 0 334.591 4.91138e-09
2.13818 1.4382 0 335.593 4.78351e-09
2.13818 1.4382 0 336.596 4.65906e-09
2.13818 1.4382 0 337.598 4.53794e-09
2.13818 1.4382 0 338.601 4.42006e-09
2.13818 1.4382 0 339.603 4.30532e-09
2.13818 1.4382 0 340.605 4.19365e-09
2.13818 1.4382 0 341.608 4.08495e-09
2.13818 1.4382 0 342.61 3.97915e-09
2.13818 1.4382 0 343.613 3.87616e-09
2.13818 1.4382 0 344.615 3.77591e-09
2.13818 1.4382 0 345.618 3.67832e-09
2.13818 1.4382 0 346.62 3.58332e-09
2.13818 1.4382 0 347.623 3.49085e-09
2.13818 1.4382 0 348.625 3.40082e-09
2.13818 1.4382 0 349.628 3.31317e-09
2.13818 1.4382 0 350.63 3.22785e-09
2.13818 1.4382 0 351.633 3.14478e-09
2.13818 1.4382 0 352.635 3.0639e-09
2.13818 1.4382 0 353.638 2.98516e-09
2.13818 1.4382 0 354.64 2.90849e-09
2.13818 1.4382 0 355.643 2.83385e-09
2.13818 1.4382 0 356.645 2.76116e-09
2.13818 1.4382 0 357.648 2.6904e-09
2.13818 1.4382 0 358.65 2.62149e-09
2.13818 1.4382 0 359.653 2.55439e-09
2.13818 1.4382 0 360.655 2.48905e-09
2.13818 1.4382 0 361.658 2.42542e-09
2.13818 1.4382 0 362.66 2.36346e-09
2.13818 1.4382 0 363.663 2.30313e-09
2.13818 1.4382 0 364.665 2.24437e-09
2.13818 1.4382 0 365.668 2.18715e-09
2.13818 1.4382 0 366.67 2.13142e-09
2.13818 1.4382 0 367.672 2.07715e-09
2.13818 1.4382 0 368.675 2.02429e-09
2.13818 1.4382 0 369.677 1.97281e-09
2.13818 1.4382 0 370.68 1.92267e-09
2.13818 1.4382 0 371.682 1.87384e-09
2.13818 1.4382 0 372.685 1.82627e-09
2.13818 1.4382 0 373.687 1.77994e-09
2.13818 1.4382 0 374.69 1.73482e-09
2.13818 1.4382 0 375.692 1.69086e-09
2.13818 1.4382 0 376.695 1.64805e-09
2.13818 1.4382 0 377.697 1.60634e-09
2.13818 1.4382 0 378.7 1.56572e-09
2.13818 1.4382 0 379.702 1.52614e-09
2.13818 1.4382 0 380.705 1.48759e-09
2.13818 1.4382 0 381.707 1.45003e-09
2.13818 1.4382 0 382.71 1.41345e-09
2.13818 1.4382 0 383.712 1.3778e-09
2.13818 1.4382 0 384.715 1.34308e-09
2.13818 1.4382 0 385.717 1.30925e-09
2.13818 1.4382 0 386.72 1.27629e-09
2.13818 1.4382 0 387.722 1.24418e-09
2.13818 1.4382 0 388.725 1.2129e-09
2.13818 1.4382 0 389.727 1.18242e-09
2.13818 1.4382 0 390.73 1.15272e-09
2.13818 1.4382 0 391.732 1.12379e-09
2.13818 1.4382 0 392.735 1.09559e-09
2.13818 1.4382 0 393.737 1.06812e-09
2.13818 1.4382 0 394.739 1.04135e-09
2.13818 1.4382 0 395.742 1.01527e-09
2.13818 1.4382 0 396.744 9.89853e-10
2.13818 1.4382 0 397.747 9.65086e-10
2.13818 1.4382 0 398.749 9.40952e-10
2.13818 1.4382 0 399.752 9.17435e-10
2.13818 1.4382 0 400.754 8.94517e-10
2.13818 1.4382 0 401.757 8.72183e-10
2.13818 1.4382 0 402.759 8.50418e-10
2.13818 1.4382 0 403.762 8.29207e-10
2.13818 1.4382 0 404.764 8.08536e-10
2.13818 1.4382 0 405.767 7.88391e-10
2.13818 1.4382 0 406.769 7.68757e-10
2.13818 1.4382 0 407.772 7.49622e-10
2.13818 1.4382 0 408.774 7.30973e-10
2.13818 1.4382 0 409.777 7.12797e-10
2.13818 1.4382 0 410.779 6.95082e-10
2.13818 1.4382 0 411.782 6.77815e-10
2.13818 1.4382 0 412.784 6.60986e-10
2.13818 1.4382 0 413.787 6.44582e-10
2.13818 1.4382 0 414.789 6.28594e-10
2.13818 1.4382 0 415.792 6.13009e-10
2.13818 1.4382 0 416.794 5.97818e-10
2.13818 1.4382 0 417.797 5.83011e-10
2.13818 1.4382 0 418.799 5.68577e-10
2.13818 1.4382 0 419.802 5.54507e-10
2.13818 1.4382 0 420.804 5.40792e-10
2.13818 1.4382 0 421.806 5.27422e-10
2.13818 1.4382 0 422.809 5.14389e-10
2.13818 1.4382 0 423.811 5.01683e-10
2.13818 1.4382 0 424.814 4.89298e-10
2.13818 1.4382 0 425.816 4.77223e-10
2.13818 1.4382 0 426.819 4.65452e-10
2.13818 1.4382 0 427.821 4.53976e-10
2.13818 1.4382 0 428.824 4.42788e-10
2.13818 1.4382 0 429.826 4.31881e-10
2.13818 1.4382 0 430.829 4.21247e-10
2.13818 1.4382 0 431.831 4.10879e-10
2.13818 1.4382 0 432.834 4.00771e-10
2.13818 1.4382 0 433.836 3.90916e-10
2.13818 1.4382 0 434.839 3.81307e-10
2.13818 1.4382 0 435.841 3.71939e-10
2.13818 1.4382 0 436.844 3.62804e-10
2.13818 1.4382 0 437.846 3.53898e-10
2.13818 1.4382 0 438.849 3.45214e-10
2.13818 1.4382 0 439.851 3.36747e-10
2.13818 1.4382 0 440.854 3.2849e-10
2.13818 1.4382 0 441.856 3.2044e-10
2.13818 1.4382 0 442.859 3.1259e-10
2.13818 1.4382 0 443.861 3.04935e-10
2.13818 1.4382 0 444.864 2.97471e-10
2.13818 1.4382 0 445.866 2.90192e-10
2.13818 1.4382 0 446.868 2.83094e-10
2.13818 1.4382 0 447.871 2.76173e-10
2.13818 1.4382 0 448.873 2.69424e-10
2.13818 1.4382 0 449.876 2.62842e-10
2.13818 1.4382 0 450.878 2.56423e-10
2.13818 1.4382 0 451.881 2.50164e-10
2.13818 1.4382 0 452.883 2.44059e-10
2.13818 1.4382 0 453.886 2.38106e-10
2.13818 1.4382 0 454.888 2.32301e-10
2.13818 1.4382 0 455.891 2.26639e-10
2.13818 1.4382 0 456.893 2.21117e-10
2.13818 1.4382 0 457.896 2.15731e-10
2.13818 1.4382 0 458.898 2.10479e-10
2.13818 1.4382 0 459.901 2.05356e-10
2.13818 1.4382 0 460.903 2.0036e-10
2.13818 1.4382 0 461.906 1.95488e-10
2.13818 1.4382 0 462.908 1.90735e-10
2.13818 1.4382 0 463.911 1.861e-10
2.13818 1.4382 0 464.913 1.81579e-10
2.13818 1.4382 0 465.916 1.77169e-10
2.13818 1.4382 0 466.918 1.72868e-10
2.13818 1.4382 0 467.921 1.68673e-10
2.13818 1.4382 0 468.923 1.64581e-10
2.13818 1.4382 0 469.926 1.6059e-10
2.13818 1.4382 0 470.928 1.56697e-10
2.13818 1.4382 0 471.931 1.52899e-10
2.13818 1.4382 0 472.933 1.49195e-10
2.13818 1.4382 0 473.935 1.45582e-10
2.13818 1.4382 0 474.938 1.42057e-10
2.13818 1.4382 0 475.94 1.38619e-10
2.13818 1.4382 0 476.943 1.35266e-10
2.13818 1.4382 0 477.945 1.31994e-10
2.13818 1.4382 0 478.948 1.28803e-10
2.13818 1.4382 0 479.95 1.25689e-10
2.13818 1.4382 0 480.953 1.22652e-10
2.13818 1.4382 0 481.955 1.1969e-10
2.13818 1.4382 0 482.958 1.168e-10
2.13818 1.4382 0 483.96 1.1398e-10
2.13818 1.4382 0 484.963 1.1123e-10
2.13818 1.4382 0 485.965 1.08546e-10
2.13818 1.4382 0 486.968 1.05928e-10
2.13818 1.4382 0 487.97 1.03375e-10
2.13818 1.4382 0 488.973 1.00883e-10
2.13818 1.4382 0 489.975 9.84523e-11
2.13818 1.4382 0 490.978 9.60809e-11
2.13818 1.4382 0 491.98 9.37672e-11
2.13818 1.4382 0 492.983 9.151e-11
2.13818 1.4382 0 493.985 8.93077e-11
2.13818 1.4382 0 494.988 8.71591e-11
2.13818 1.4382 0 495.99 8.50628e-11
2.13818 1.4382 0 496.993 8.30175e-11
2.13818 1.4382 0 497.995 8.10219e-11
2.13818 1.4382 0 498.998 7.90749e-11
2.13818 1.4382 0 500 7.71752e-11

