1.02811 1.4382 0 100.01 2.36722e-06
1.02811 1.4382 0 101.012 4.39323e-06
1.02811 1.4382 0 102.015 4.45226e-06
1.02811 1.4382 0 103.017 4.35429e-06
1.02811 1.4382 0 104.02 4.25699e-06
1.02811 1.4382 0 105.022 4.16476e-06
1.02811 1.4382 0 106.025 4.07656e-06
1.02811 1.4382 0 107.027 3.99166e-06
1.02811 1.4382 0 108.03 3.9096e-06
1.02811 1.4382 0 109.032 3.83007e-06
1.02811 1.4382 0 110.035 3.75284e-06
1.02811 1.4382 0 111.037 3.67775e-06
1.02811 1.4382 0 112.04 3.60465e-06
1.02811 1.4382 0 113.042 3.53343e-06
1.02811 1.4382 0 114.045 3.46401e-06
1.02811 1.4382 0 115.047 3.39629e-06
1.02811 1.4382 0 116.05 3.33021e-06
1.02811 1.4382 0 117.052 3.2657e-06
1.02811 1.4382 0 118.055 3.20271e-06
1.02811 1.4382 0 119.057 3.14118e-06
1.02811 1.4382 0 120.06 3.08106e-06
1.02811 1.4382 0 121.062 3.02231e-06
1.02811 1.4382 0 122.065 2.96489e-06
1.02811 1.4382 0 123.067 2.90875e-06
1.02811 1.4382 0 124.07 2.85386e-06
1.02811 1.4382 0 125.072 2.80018e-06
1.02811 1.4382 0 126.075 2.74768e-06
1.02811 1.4382 0 127.077 2.69633e-06
1.02811 1.4382 0 128.079 2.64609e-06
1.02811 1.4382 0 129.082 2.59693e-06
1.02811 1.4382 0 130.084 2.54883e-06
1.02811 1.4382 0 131.087 2.50176e-06
1.02811 1.4382 0 132.089 2.45569e-06
1.02811 1.4382 0 133.092 2.4106e-06
1.02811 1.4382 0 134.094 2.36647e-06
1.02811 1.4382 0 135.097 2.32326e-06
1.02811 1.4382 0 136.099 2.28095e-06
1.02811 1.4382 0 137.102 2.23953e-06
1.02811 1.4382 0 138.104 2.19897e-06
1.02811 1.4382 0 139.107 2.15925e-06
1.02811 1.4382 0 140.109 2.12036e-06
1.02811 1.4382 0 141.112 2.08226e-06
1.02811 1.4382 0 142.114 2.04494e-06
1.02811 1.4382 0 143.117 2.00839e-06
1.02811 1.4382 0 144.119 1.97259e-06
1.02811 1.4382 0 145.122 1.93751e-06
1.02811 1.4382 0 146.124 1.90314e-06
1.02811 1.4382 0 147.127 1.86947e-06
1.02811 1.4382 0 148.129 1.83647e-06
1.02811 1.4382 0 149.132 1.80414e-06
1.02811 1.4382 0 150.134 1.77246e-06
1.02811 1.4382 0 151.137 1.7414e-06
1.02811 1.4382 0 152.139 1.71097e-06
1.02811 1.4382 0 153.142 1.68114e-06
1.02811 1.4382 0 154.144 1.6519e-06
1.02811 1.4382 0 155.146 1.62324e-06
1.02811 1.4382 0 156.149 1.59514e-06
1.02811 1.4382 0 157.151 1.56759e-06
1.02811 1.4382 0 158.154 1.54059e-06
1.02811 1.4382 0 159.156 1.51411e-06
1.02811 1.4382 0 160.159 1.48814e-06
1.02811 1.4382 0 161.161 1.46268e-06
1.02811 1.4382 0 162.164 1.43772e-06
1.02811 1.4382 0 163.166 1.41323e-06
1.02811 1.4382 0 164.169 1.38922e-06
1.02811 1.4382 0 165.171 1.36567e-06
1.02811 1.4382 0 166.174 1.34257e-06
1.02811 1.4382 0 167.176 1.31991e-06
1.02811 1.4382 0 168.179 1.29769e-06
1.02811 1.4382 0 169.181 1.27588e-06
1.02811 1.4382 0 170.184 1.25449e-06
1.02811 1.4382 0 171.186 1.23351e-06
1.02811 1.4382 0 172.189 1.21292e-06
1.02811 1.4382 0 173.191 1.19272e-06
1.02811 1.4382 0 174.194 1.17289e-06
1.02811 1.4382 0 175.196 1.15344e-06
1.02811 1.4382 0 176.199 1.13436e-06
1.02811 1.4382 0 177.201 1.11562e-06
1.02811 1.4382 0 178.204 1.09724e-06
1.02811 1.4382 0 179.206 1.0792e-06
1.02811 1.4382 0 180.208 1.06149e-06
1.02811 1.4382 0 181.211 1.04411e-06
1.02811 1.4382 0 182.213 1.02705e-06
1.02811 1.4382 0 183.216 1.0103e-06
1.02811 1.4382 0 184.218 9.93855e-07
1.02811 1.4382 0 185.221 9.77713e-07
1.02811 1.4382 0 186.223 9.61866e-07
1.02811 1.4382 0 187.226 9.46307e-07
1.02811 1.4382 0 188.228 9.31031e-07
1.02811 1.4382 0 189.231 9.16031e-07
1.02811 1.4382 0 190.233 9.01302e-07
1.02811 1.4382 0 191.236 8.86838e-07
1.02811 1.4382 0 192.238 8.72634e-07
1.02811 1.4382 0 193.241 8.58685e-07
1.02811 1.4382 0 194.243 8.44985e-07
1.02811 1.4382 0 195.246 8.3153e-07
1.02811 1.4382 0 196.248 8.18315e-07
1.02811 1.4382 0 197.251 8.05334e-07
1.02811 1.4382 0 198.253 7.92583e-07
1.02811 1.4382 0 199.256 7.80058e-07
1.02811 1.4382 0 200.258 7.67753e-07
1.02811 1.4382 0 201.261 7.55666e-07
1.02811 1.4382 0 202.263 7.4379e-07
1.02811 1.4382 0 203.266 7.32123e-07
1.02811 1.4382 0 204.268 7.20659e-07
1.02811 1.4382 0 205.271 7.09396e-07
1.02811 1.4382 0 206.273 6.98328e-07
1.02811 1.4382 0 207.275 6.87453e-07
1.02811 1.4382 0 208.278 6.76766e-07
1.02811 1.4382 0 209.28 6.66264e-07
1.02811 1.4382 0 210.283 6.55943e-07
1.02811 1.4382 0 211.285 6.45799e-07
1.02811 1.4382 0 212.288 6.3583e-07
1.02811 1.4382 0 213.29 6.26032e-07
1.02811 1.4382 0 214.293 6.16401e-07
1.02811 1.4382 0 215.295 6.06934e-07
1.02811 1.4382 0 216.298 5.97629e-07
1.02811 1.4382 0 217.3 5.88482e-07
1.02811 1.4382 0 218.303 5.79489e-07
1.02811 1.4382 0 219.305 5.70649e-07
1.02811 1.4382 0 220.308 5.61958e-07
1.02811 1.4382 0 221.31 5.53414e-07
1.02811 1.4382 0 222.313 5.45013e-07
1.02811 1.4382 0 223.315 5.36753e-07
1.02811 1.4382 0 224.318 5.28631e-07
1.02811 1.4382 0 225.32 5.20645e-07
1.02811 1.4382 0 226.323 5.12792e-07
1.02811 1.4382 0 227.325 5.0507e-07
1.02811 1.4382 0 228.328 4.97476e-07
1.02811 1.4382 0 229.33 4.90008e-07
1.02811 1.4382 0 230.333 4.82663e-07
1.02811 1.4382 0 231.335 4.75439e-07
1.02811 1.4382 0 232.338 4.68335e-07
1.02811 1.4382 0 233.34 4.61347e-07
1.02811 1.4382 0 234.342 4.54473e-07
1.02811 1.4382 0 235.345 4.47713e-07
1.02811 1.4382 0 236.347 4.41062e-07
1.02811 1.4382 0 237.35 4.34521e-07
1.02811 1.4382 0 238.352 4.28085e-07
1.02811 1.4382 0 239.355 4.21754e-07
1.02811 1.4382 0 240.357 4.15526e-07
1.02811 1.4382 0 241.36 4.09399e-07
1.02811 1.4382 0 242.362 4.0337e-07
1.02811 1.4382 0 243.365 3.97439e-07
1.02811 1.4382 0 244.367 3.91603e-07
1.02811 1.4382 0 245.37 3.85861e-07
1.02811 1.4382 0 246.372 3.8021e-07
1.02811 1.4382 0 247.375 3.74651e-07
1.02811 1.4382 0 248.377 3.6918e-07
1.02811 1.4382 0 249.38 3.63796e-07
1.02811 1.4382 0 250.382 3.58498e-07
1.02811 1.4382 0 251.385 3.53284e-07
1.02811 1.4382 0 252.387 3.48152e-07
1.02811 1.4382 0 253.39 3.43102e-07
1.02811 1.4382 0 254.392 3.38132e-07
1.02811 1.4382 0 255.395 3.3324e-07
1.02811 1.4382 0 256.397 3.28425e-07
1.02811 1.4382 0 257.4 3.23685e-07
1.02811 1.4382 0 258.402 3.1902e-07
1.02811 1.4382 0 259.405 3.14428e-07
1.02811 1.4382 0 260.407 3.09908e-07
1.02811 1.4382 0 261.409 3.05459e-07
1.02811 1.4382 0 262.412 3.01078e-07
1.02811 1.4382 0 263.414 2.96766e-07
1.02811 1.4382 0 264.417 2.92521e-07
1.02811 1.4382 0 265.419 2.88341e-07
1.02811 1.4382 0 266.422 2.84226e-07
1.02811 1.4382 0 267.424 2.80175e-07
1.02811 1.4382 0 268.427 2.76186e-07
1.02811 1.4382 0 269.429 2.72259e-07
1.02811 1.4382 0 270.432 2.68392e-07
1.02811 1.4382 0 271.434 2.64584e-07
1.02811 1.4382 0 272.437 2.60835e-07
1.02811 1.4382 0 273.439 2.57143e-07
1.02811 1.4382 0 274.442 2.53507e-07
1.02811 1.4382 0 275.444 2.49927e-07
1.02811 1.4382 0 276.447 2.46401e-07
1.02811 1.4382 0 277.449 2.42929e-07
1.02811 1.4382 0 278.452 2.3951e-07
1.02811 1.4382 0 279.454 2.36142e-07
1.02811 1.4382 0 280.457 2.32826e-07
1.02811 1.4382 0 281.459 2.29559e-07
1.02811 1.4382 0 282.462 2.26342e-07
1.02811 1.4382 0 283.464 2.23173e-07
1.02811 1.4382 0 284.467 2.20052e-07
1.02811 1.4382 0 285.469 2.16978e-07
1.02811 1.4382 0 286.472 2.1395e-07
1.02811 1.4382 0 287.474 2.10967e-07
1.02811 1.4382 0 288.476 2.08029e-07
1.02811 1.4382 0 289.479 2.05135e-07
1.02811 1.4382 0 290.481 2.02283e-07
1.02811 1.4382 0 291.484 1.99475e-07
1.02811 1.4382 0 292.486 1.96708e-07
1.02811 1.4382 0 293.489 1.93982e-07
1.02811 1.4382 0 294.491 1.91296e-07
1.02811 1.4382 0 295.494 1.88651e-07
1.02811 1.4382 0 296.496 1.86044e-07
1.02811 1.4382 0 297.499 1.83476e-07
1.02811 1.4382 0 298.501 1.80946e-07
1.02811 1.4382 0 299.504 1.78453e-07
1.02811 1.4382 0 300.506 1.75996e-07
1.02811 1.4382 0 301.509 1.73576e-07
1.02811 1.4382 0 302.511 1.71191e-07
1.02811 1.4382 0 303.514 1.68841e-07
1.02811 1.4382 0 304.516 1.66526e-07
1.02811 1.4382 0 305.519 1.64244e-07
1.02811 1.4382 0 306.521 1.61996e-07
1.02811 1.4382 0 307.524 1.5978e-07
1.02811 1.4382 0 308.526 1.57597e-07
1.02811 1.4382 0 309.529 1.55445e-07
1.02811 1.4382 0 310.531 1.53325e-07
1.02811 1.4382 0 311.534 1.51235e-07
1.02811 1.4382 0 312.536 1.49175e-07
1.02811 1.4382 0 313.538 1.47146e-07
1.02811 1.4382 0 314.541 1.45145e-07
1.02811 1.4382 0 315.543 1.43174e-07
1.02811 1.4382 0 316.546 1.41231e-07
1.02811 1.4382 0 317.548 1.39316e-07
1.02811 1.4382 0 318.551 1.37428e-07
1.02811 1.4382 0 319.553 1.35568e-07
1.02811 1.4382 0 320.556 1.33734e-07
1.02811 1.4382 0 321.558 1.31926e-07
1.02811 1.4382 0 322.561 1.30145e-07
1.02811 1.4382 0 323.563 1.28388e-07
1.02811 1.4382 0 324.566 1.26657e-07
1.02811 1.4382 0 325.568 1.24951e-07
1.02811 1.4382 0 326.571 1.23269e-07
1.02811 1.4382 0 327.573 1.2161e-07
1.02811 1.4382 0 328.576 1.19976e-07
1.02811 1.4382 0 329.578 1.18364e-07
1.02811 1.4382 0 330.581 1.16776e-07
1.02811 1.4382 0 331.583 1.15209e-07
1.02811 1.4382 0 332.586 1.13665e-07
1.02811 1.4382 0 333.588 1.12143e-07
1.02811 1.4382 0 334.591 1.10643e-07
1.02811 1.4382 0 335.593 1.09163e-07
1.02811 1.4382 0 336.596 1.07704e-07
1.02811 1.4382 0 337.598 1.06266e-07
1.02811 1.4382 0 338.601 1.04848e-07
1.02811 1.4382 0 339.603 1.0345e-07
1.02811 1.4382 0 340.605 1.02072e-07
1.02811 1.4382 0 341.608 1.00713e-07
1.02811 1.4382 0 342.61 9.93729e-08
1.02811 1.4382 0 343.613 9.80516e-08
1.02811 1.4382 0 344.615 9.67488e-08
1.02811 1.4382 0 345.618 9.54642e-08
1.02811 1.4382 0 346.62 9.41974e-08
1.02811 1.4382 0 347.623 9.29484e-08
1.02811 1.4382 0 348.625 9.17167e-08
1.02811 1.4382 0 349.628 9.05021e-08
1.02811 1.4382 0 350.63 8.93044e-08
1.02811 1.4382 0 351.633 8.81234e-08
1.02811 1.4382 0 352.635 8.69587e-08
1.02811 1.4382 0 353.638 8.58101e-08
1.02811 1.4382 0 354.64 8.46775e-08
1.02811 1.4382 0 355.643 8.35605e-08
1.02811 1.4382 0 356.645 8.24589e-08
1.02811 1.4382 0 357.648 8.13725e-08
1.02811 1.4382 0 358.65 8.03012e-08
1.02811 1.4382 0 359.653 7.92445e-08
1.02811 1.4382 0 360.655 7.82025e-08
1.02811 1.4382 0 361.658 7.71747e-08
1.02811 1.4382 0 362.66 7.61611e-08
1.02811 1.4382 0 363.663 7.51614e-08
1.02811 1.4382 0 364.665 7.41754e-08
1.02811 1.4382 0 365.668 7.32029e-08
1.02811 1.4382 0 366.67 7.22438e-08
1.02811 1.4382 0 367.672 7.12978e-08
1.02811 1.4382 0 368.675 7.03647e-08
1.02811 1.4382 0 369.677 6.94443e-08
1.02811 1.4382 0 370.68 6.85365e-08
1.02811 1.4382 0 371.682 6.76411e-08
1.02811 1.4382 0 372.685 6.67579e-08
1.02811 1.4382 0 373.687 6.58867e-08
1.02811 1.4382 0 374.69 6.50274e-08
1.02811 1.4382 0 375.692 6.41797e-08
1.02811 1.4382 0 376.695 6.33436e-08
1.02811 1.4382 0 377.697 6.25188e-08
1.02811 1.4382 0 378.7 6.17052e-08
1.02811 1.4382 0 379.702 6.09026e-08
1.02811 1.4382 0 380.705 6.01108e-08
1.02811 1.4382 0 381.707 5.93298e-08
1.02811 1.4382 0 382.71 5.85594e-08
1.02811 1.4382 0 383.712 5.77993e-08
1.02811 1.4382 0 384.715 5.70496e-08
1.02811 1.4382 0 385.717 5.63099e-08
1.02811 1.4382 0 386.72 5.55802e-08
1.02811 1.4382 0 387.722 5.48603e-08
1.02811 1.4382 0 388.725 5.41501e-08
1.02811 1.4382 0 389.727 5.34495e-08
1.02811 1.4382 0 390.73 5.27583e-08
1.02811 1.4382 0 391.732 5.20763e-08
1.02811 1.4382 0 392.735 5.14035e-08
1.02811 1.4382 0 393.737 5.07398e-08
1.02811 1.4382 0 394.739 5.00849e-08
1.02811 1.4382 0 395.742 4.94388e-08
1.02811 1.4382 0 396.744 4.88013e-08
1.02811 1.4382 0 397.747 4.81724e-08
1.02811 1.4382 0 398.749 4.75519e-08
1.02811 1.4382 0 399.752 4.69396e-08
1.02811 1.4382 0 400.754 4.63356e-08
1.02811 1.4382 0 401.757 4.57396e-08
1.02811 1.4382 0 402.759 4.51515e-08
1.02811 1.4382 0 403.762 4.45713e-08
1.02811 1.4382 0 404.764 4.39987e-08
1.02811 1.4382 0 405.767 4.34338e-08
1.02811 1.4382 0 406.769 4.28764e-08
1.02811 1.4382 0 407.772 4.23265e-08
1.02811 1.4382 0 408.774 4.17838e-08
1.02811 1.4382 0 409.777 4.12483e-08
1.02811 1.4382 0 410.779 4.07199e-08
1.02811 1.4382 0 411.782 4.01985e-08
1.02811 1.4382 0 412.784 3.9684e-08
1.02811 1.4382 0 413.787 3.91763e-08
1.02811 1.4382 0 414.789 3.86754e-08
1.02811 1.4382 0 415.792 3.8181e-08
1.02811 1.4382 0 416.794 3.76932e-08
1.02811 1.4382 0 417.797 3.72118e-08
1.02811 1.4382 0 418.799 3.67368e-08
1.02811 1.4382 0 419.802 3.62681e-08
1.02811 1.4382 0 420.804 3.58055e-08
1.02811 1.4382 0 421.806 3.5349e-08
1.02811 1.4382 0 422.809 3.48985e-08
1.02811 1.4382 0 423.811 3.44539e-08
1.02811 1.4382 0 424.814 3.40152e-08
1.02811 1.4382 0 425.816 3.35823e-08
1.02811 1.4382 0 426.819 3.3155e-08
1.02811 1.4382 0 427.821 3.27333e-08
1.02811 1.4382 0 428.824 3.23172e-08
1.02811 1.4382 0 429.826 3.19065e-08
1.02811 1.4382 0 430.829 3.15012e-08
1.02811 1.4382 0 431.831 3.11013e-08
1.02811 1.4382 0 432.834 3.07065e-08
1.02811 1.4382 0 433.836 3.03169e-08
1.02811 1.4382 0 434.839 2.99324e-08
1.02811 1.4382 0 435.841 2.95529e-08
1.02811 1.4382 0 436.844 2.91784e-08
1.02811 1.4382 0 437.846 2.88088e-08
1.02811 1.4382 0 438.849 2.8444e-08
1.02811 1.4382 0 439.851 2.80839e-08
1.02811 1.4382 0 440.854 2.77286e-08
1.02811 1.4382 0 441.856 2.73778e-08
1.02811 1.4382 0 442.859 2.70317e-08
1.02811 1.4382 0 443.861 2.669e-08
1.02811 1.4382 0 444.864 2.63528e-08
1.02811 1.4382 0 445.866 2.60199e-08
1.02811 1.4382 0 446.868 2.56914e-08
1.02811 1.4382 0 447.871 2.53672e-08
1.02811 1.4382 0 448.873 2.50471e-08
1.02811 1.4382 0 449.876 2.47312e-08
1.02811 1.4382 0 450.878 2.44195e-08
1.02811 1.4382 0 451.881 2.41117e-08
1.02811 1.4382 0 452.883 2.38079e-08
1.02811 1.4382 0 453.886 2.35081e-08
1.02811 1.4382 0 454.888 2.32121e-08
1.02811 1.4382 0 455.891 2.292e-08
1.02811 1.4382 0 456.893 2.26316e-08
1.02811 1.4382 0 457.896 2.2347e-08
1.02811 1.4382 0 458.898 2.20661e-08
1.02811 1.4382 0 459.901 2.17887e-08
1.02811 1.4382 0 460.903 2.1515e-08
1.02811 1.4382 0 461.906 2.12448e-08
1.02811 1.4382 0 462.908 2.0978e-08
1.02811 1.4382 0 463.911 2.07147e-08
1.02811 1.4382 0 464.913 2.04548e-08
1.02811 1.4382 0 465.916 2.01983e-08
1.02811 1.4382 0 466.918 1.9945e-08
1.02811 1.4382 0 467.921 1.9695e-08
1.02811 1.4382 0 468.923 1.94482e-08
1.02811 1.4382 0 469.926 1.92046e-08
1.02811 1.4382 0 470.928 1.89641e-08
1.02811 1.4382 0 471.931 1.87267e-08
1.02811 1.4382 0 472.933 1.84923e-08
1.02811 1.4382 0 473.935 1.8261e-08
1.02811 1.4382 0 474.938 1.80326e-08
1.02811 1.4382 0 475.94 1.78071e-08
1.02811 1.4382 0 476.943 1.75846e-08
1.02811 1.4382 0 477.945 1.73649e-08
1.02811 1.4382 0 478.948 1.71479e-08
1.02811 1.4382 0 479.95 1.69338e-08
1.02811 1.4382 0 480.953 1.67224e-08
1.02811 1.4382 0 481.955 1.65137e-08
1.02811 1.4382 0 482.958 1.63077e-08
1.02811 1.4382 0 483.96 1.61043e-08
1.02811 1.4382 0 484.963 1.59035e-08
1.02811 1.4382 0 485.965 1.57053e-08
1.02811 1.4382 0 486.968 1.55096e-08
1.02811 1.4382 0 487.97 1.53164e-08
1.02811 1.4382 0 488.973 1.51256e-08
1.02811 1.4382 0 489.975 1.49373e-08
1.02811 1.4382 0 490.978 1.47514e-08
1.02811 1.4382 0 491.98 1.45678e-08
1.02811 1.4382 0 492.983 1.43866e-08
1.02811 1.4382 0 493.985 1.42077e-08
1.02811 1.4382 0 494.988 1.40311e-08
1.02811 1.4382 0 495.99 1.38567e-08
1.02811 1.4382 0 496.993 1.36845e-08
1.02811 1.4382 0 497.995 1.35146e-08
1.02811 1.4382 0 498.998 1.33467e-08
1.02811 1.4382 0 500 1.3181e-08

