2.15458 1.4382 200 150.015 2.35064e-05
2.15458 1.4382 200 151.017 4.20267e-05
2.15458 1.4382 200 152.02 4.24591e-05
2.15458 1.4382 200 153.022 4.07605e-05
2.15458 1.4382 200 154.025 3.89603e-05
2.15458 1.4382 200 155.027 3.72414e-05
2.15458 1.4382 200 156.03 3.56147e-05
2.15458 1.4382 200 157.032 3.4075e-05
2.15458 1.4382 200 158.035 3.26165e-05
2.15458 1.4382 200 159.037 3.12339e-05
2.15458 1.4382 200 160.04 2.99223e-05
2.15458 1.4382 200 161.042 2.86773e-05
2.15458 1.4382 200 162.045 2.74948e-05
2.15458 1.4382 200 163.047 2.6371e-05
2.15458 1.4382 200 164.05 2.53025e-05
2.15458 1.4382 200 165.052 2.4286e-05
2.15458 1.4382 200 166.054 2.33184e-05
2.15458 1.4382 200 167.057 2.23971e-05
2.15458 1.4382 200 168.059 2.15194e-05
2.15458 1.4382 200 169.062 2.06828e-05
2.15458 1.4382 200 170.064 1.98852e-05
2.15458 1.4382 200 171.067 1.91242e-05
2.15458 1.4382 200 172.069 1.83981e-05
2.15458 1.4382 200 173.072 1.77048e-05
2.15458 1.4382 200 174.074 1.70427e-05
2.15458 1.4382 200 175.077 1.641e-05
2.15458 1.4382 200 176.079 1.58054e-05
2.15458 1.4382 200 177.082 1.52272e-05
2.15458 1.4382 200 178.084 1.46742e-05
2.15458 1.4382 200 179.087 1.4145e-05
2.15458 1.4382 200 180.089 1.36385e-05
2.15458 1.4382 200 181.092 1.31535e-05
2.15458 1.4382 200 182.094 1.26889e-05
2.15458 1.4382 200 183.096 1.22438e-05
2.15458 1.4382 200 184.099 1.18172e-05
2.15458 1.4382 200 185.101 1.14081e-05
2.15458 1.4382 200 186.104 1.10158e-05
2.15458 1.4382 200 187.106 1.06394e-05
2.15458 1.4382 200 188.109 1.02782e-05
2.15458 1.4382 200 189.111 9.9315e-06
2.15458 1.4382 200 190.114 9.59854e-06
2.15458 1.4382 200 191.116 9.27872e-06
2.15458 1.4382 200 192.119 8.97144e-06
2.15458 1.4382 200 193.121 8.67611e-06
2.15458 1.4382 200 194.124 8.3922e-06
2.15458 1.4382 200 195.126 8.11919e-06
2.15458 1.4382 200 196.129 7.85659e-06
2.15458 1.4382 200 197.131 7.60393e-06
2.15458 1.4382 200 198.133 7.36077e-06
2.15458 1.4382 200 199.136 7.12671e-06
2.15458 1.4382 200 200.138 6.90133e-06
2.15458 1.4382 200 201.141 6.68426e-06
2.15458 1.4382 200 202.143 6.47515e-06
2.15458 1.4382 200 203.146 6.27365e-06
2.15458 1.4382 200 204.148 6.07944e-06
2.15458 1.4382 200 205.151 5.89221e-06
2.15458 1.4382 200 206.153 5.71167e-06
2.15458 1.4382 200 207.156 5.53754e-06
2.15458 1.4382 200 208.158 5.36955e-06
2.15458 1.4382 200 209.161 5.20746e-06
2.15458 1.4382 200 210.163 5.05101e-06
2.15458 1.4382 200 211.166 4.89998e-06
2.15458 1.4382 200 212.168 4.75415e-06
2.15458 1.4382 200 213.171 4.61331e-06
2.15458 1.4382 200 214.173 4.47727e-06
2.15458 1.4382 200 215.175 4.34583e-06
2.15458 1.4382 200 216.178 4.21881e-06
2.15458 1.4382 200 217.18 4.09604e-06
2.15458 1.4382 200 218.183 3.97735e-06
2.15458 1.4382 200 219.185 3.86259e-06
2.15458 1.4382 200 220.188 3.7516e-06
2.15458 1.4382 200 221.19 3.64424e-06
2.15458 1.4382 200 222.193 3.54038e-06
2.15458 1.4382 200 223.195 3.43987e-06
2.15458 1.4382 200 224.198 3.3426e-06
2.15458 1.4382 200 225.2 3.24844e-06
2.15458 1.4382 200 226.203 3.15729e-06
2.15458 1.4382 200 227.205 3.06901e-06
2.15458 1.4382 200 228.208 2.98353e-06
2.15458 1.4382 200 229.21 2.90072e-06
2.15458 1.4382 200 230.212 2.8205e-06
2.15458 1.4382 200 231.215 2.74276e-06
2.15458 1.4382 200 232.217 2.66743e-06
2.15458 1.4382 200 233.22 2.59442e-06
2.15458 1.4382 200 234.222 2.52364e-06
2.15458 1.4382 200 235.225 2.45501e-06
2.15458 1.4382 200 236.227 2.38847e-06
2.15458 1.4382 200 237.23 2.32393e-06
2.15458 1.4382 200 238.232 2.26134e-06
2.15458 1.4382 200 239.235 2.20061e-06
2.15458 1.4382 200 240.237 2.14169e-06
2.15458 1.4382 200 241.24 2.08452e-06
2.15458 1.4382 200 242.242 2.02904e-06
2.15458 1.4382 200 243.245 1.97518e-06
2.15458 1.4382 200 244.247 1.92291e-06
2.15458 1.4382 200 245.25 1.87215e-06
2.15458 1.4382 200 246.252 1.82287e-06
2.15458 1.4382 200 247.254 1.77501e-06
2.15458 1.4382 200 248.257 1.72853e-06
2.15458 1.4382 200 249.259 1.68339e-06
2.15458 1.4382 200 250.262 1.63953e-06
2.15458 1.4382 200 251.264 1.59692e-06
2.15458 1.4382 200 252.267 1.55552e-06
2.15458 1.4382 200 253.269 1.51528e-06
2.15458 1.4382 200 254.272 1.47618e-06
2.15458 1.4382 200 255.274 1.43818e-06
2.15458 1.4382 200 256.277 1.40124e-06
2.15458 1.4382 200 257.279 1.36532e-06
2.15458 1.4382 200 258.282 1.3304e-06
2.15458 1.4382 200 259.284 1.29645e-06
2.15458 1.4382 200 260.287 1.26343e-06
2.15458 1.4382 200 261.289 1.23132e-06
2.15458 1.4382 200 262.291 1.20009e-06
2.15458 1.4382 200 263.294 1.16971e-06
2.15458 1.4382 200 264.296 1.14016e-06
2.15458 1.4382 200 265.299 1.11141e-06
2.15458 1.4382 200 266.301 1.08343e-06
2.15458 1.4382 200 267.304 1.05621e-06
2.15458 1.4382 200 268.306 1.02973e-06
2.15458 1.4382 200 269.309 1.00395e-06
2.15458 1.4382 200 270.311 9.78856e-07
2.15458 1.4382 200 271.314 9.54434e-07
2.15458 1.4382 200 272.316 9.30661e-07
2.15458 1.4382 200 273.319 9.07517e-07
2.15458 1.4382 200 274.321 8.84986e-07
2.15458 1.4382 200 275.324 8.63048e-07
2.15458 1.4382 200 276.326 8.41686e-07
2.15458 1.4382 200 277.329 8.20885e-07
2.15458 1.4382 200 278.331 8.00628e-07
2.15458 1.4382 200 279.333 7.809e-07
2.15458 1.4382 200 280.336 7.61685e-07
2.15458 1.4382 200 281.338 7.42968e-07
2.15458 1.4382 200 282.341 7.24737e-07
2.15458 1.4382 200 283.343 7.06977e-07
2.15458 1.4382 200 284.346 6.89675e-07
2.15458 1.4382 200 285.348 6.72818e-07
2.15458 1.4382 200 286.351 6.56394e-07
2.15458 1.4382 200 287.353 6.4039e-07
2.15458 1.4382 200 288.356 6.24796e-07
2.15458 1.4382 200 289.358 6.09599e-07
2.15458 1.4382 200 290.361 5.9479e-07
2.15458 1.4382 200 291.363 5.80357e-07
2.15458 1.4382 200 292.366 5.66289e-07
2.15458 1.4382 200 293.368 5.52578e-07
2.15458 1.4382 200 294.37 5.39214e-07
2.15458 1.4382 200 295.373 5.26186e-07
2.15458 1.4382 200 296.375 5.13486e-07
2.15458 1.4382 200 297.378 5.01105e-07
2.15458 1.4382 200 298.38 4.89035e-07
2.15458 1.4382 200 299.383 4.77267e-07
2.15458 1.4382 200 300.385 4.65794e-07
2.15458 1.4382 200 301.388 4.54606e-07
2.15458 1.4382 200 302.39 4.43697e-07
2.15458 1.4382 200 303.393 4.3306e-07
2.15458 1.4382 200 304.395 4.22687e-07
2.15458 1.4382 200 305.398 4.12571e-07
2.15458 1.4382 200 306.4 4.02706e-07
2.15458 1.4382 200 307.403 3.93084e-07
2.15458 1.4382 200 308.405 3.837e-07
2.15458 1.4382 200 309.408 3.74548e-07
2.15458 1.4382 200 310.41 3.6562e-07
2.15458 1.4382 200 311.412 3.56912e-07
2.15458 1.4382 200 312.415 3.48418e-07
2.15458 1.4382 200 313.417 3.40133e-07
2.15458 1.4382 200 314.42 3.3205e-07
2.15458 1.4382 200 315.422 3.24164e-07
2.15458 1.4382 200 316.425 3.16472e-07
2.15458 1.4382 200 317.427 3.08967e-07
2.15458 1.4382 200 318.43 3.01645e-07
2.15458 1.4382 200 319.432 2.94501e-07
2.15458 1.4382 200 320.435 2.87531e-07
2.15458 1.4382 200 321.437 2.8073e-07
2.15458 1.4382 200 322.44 2.74094e-07
2.15458 1.4382 200 323.442 2.67618e-07
2.15458 1.4382 200 324.445 2.613e-07
2.15458 1.4382 200 325.447 2.55134e-07
2.15458 1.4382 200 326.449 2.49117e-07
2.15458 1.4382 200 327.452 2.43246e-07
2.15458 1.4382 200 328.454 2.37516e-07
2.15458 1.4382 200 329.457 2.31923e-07
2.15458 1.4382 200 330.459 2.26466e-07
2.15458 1.4382 200 331.462 2.21139e-07
2.15458 1.4382 200 332.464 2.15941e-07
2.15458 1.4382 200 333.467 2.10867e-07
2.15458 1.4382 200 334.469 2.05915e-07
2.15458 1.4382 200 335.472 2.01081e-07
2.15458 1.4382 200 336.474 1.96363e-07
2.15458 1.4382 200 337.477 1.91758e-07
2.15458 1.4382 200 338.479 1.87263e-07
2.15458 1.4382 200 339.482 1.82875e-07
2.15458 1.4382 200 340.484 1.78592e-07
2.15458 1.4382 200 341.487 1.74411e-07
2.15458 1.4382 200 342.489 1.70329e-07
2.15458 1.4382 200 343.491 1.66345e-07
2.15458 1.4382 200 344.494 1.62455e-07
2.15458 1.4382 200 345.496 1.58658e-07
2.15458 1.4382 200 346.499 1.54951e-07
2.15458 1.4382 200 347.501 1.51332e-07
2.15458 1.4382 200 348.504 1.47798e-07
2.15458 1.4382 200 349.506 1.44349e-07
2.15458 1.4382 200 350.509 1.40981e-07
2.15458 1.4382 200 351.511 1.37693e-07
2.15458 1.4382 200 352.514 1.34482e-07
2.15458 1.4382 200 353.516 1.31348e-07
2.15458 1.4382 200 354.519 1.28288e-07
2.15458 1.4382 200 355.521 1.25299e-07
2.15458 1.4382 200 356.524 1.22382e-07
2.15458 1.4382 200 357.526 1.19533e-07
2.15458 1.4382 200 358.528 1.16751e-07
2.15458 1.4382 200 359.531 1.14035e-07
2.15458 1.4382 200 360.533 1.11383e-07
2.15458 1.4382 200 361.536 1.08793e-07
2.15458 1.4382 200 362.538 1.06264e-07
2.15458 1.4382 200 363.541 1.03795e-07
2.15458 1.4382 200 364.543 1.01383e-07
2.15458 1.4382 200 365.546 9.90287e-08
2.15458 1.4382 200 366.548 9.67293e-08
2.15458 1.4382 200 367.551 9.44838e-08
2.15458 1.4382 200 368.553 9.22909e-08
2.15458 1.4382 200 369.556 9.01495e-08
2.15458 1.4382 200 370.558 8.80582e-08
2.15458 1.4382 200 371.561 8.60159e-08
2.15458 1.4382 200 372.563 8.40215e-08
2.15458 1.4382 200 373.566 8.20737e-08
2.15458 1.4382 200 374.568 8.01715e-08
2.15458 1.4382 200 375.57 7.83138e-08
2.15458 1.4382 200 376.573 7.64995e-08
2.15458 1.4382 200 377.575 7.47276e-08
2.15458 1.4382 200 378.578 7.29971e-08
2.15458 1.4382 200 379.58 7.1307e-08
2.15458 1.4382 200 380.583 6.96563e-08
2.15458 1.4382 200 381.585 6.80442e-08
2.15458 1.4382 200 382.588 6.64696e-08
2.15458 1.4382 200 383.59 6.49318e-08
2.15458 1.4382 200 384.593 6.34298e-08
2.15458 1.4382 200 385.595 6.19628e-08
2.15458 1.4382 200 386.598 6.053e-08
2.15458 1.4382 200 387.6 5.91306e-08
2.15458 1.4382 200 388.603 5.77637e-08
2.15458 1.4382 200 389.605 5.64287e-08
2.15458 1.4382 200 390.607 5.51247e-08
2.15458 1.4382 200 391.61 5.3851e-08
2.15458 1.4382 200 392.612 5.2607e-08
2.15458 1.4382 200 393.615 5.13919e-08
2.15458 1.4382 200 394.617 5.0205e-08
2.15458 1.4382 200 395.62 4.90457e-08
2.15458 1.4382 200 396.622 4.79133e-08
2.15458 1.4382 200 397.625 4.68072e-08
2.15458 1.4382 200 398.627 4.57268e-08
2.15458 1.4382 200 399.63 4.46715e-08
2.15458 1.4382 200 400.632 4.36407e-08
2.15458 1.4382 200 401.635 4.26337e-08
2.15458 1.4382 200 402.637 4.16502e-08
2.15458 1.4382 200 403.64 4.06894e-08
2.15458 1.4382 200 404.642 3.97509e-08
2.15458 1.4382 200 405.645 3.88342e-08
2.15458 1.4382 200 406.647 3.79387e-08
2.15458 1.4382 200 407.649 3.7064e-08
2.15458 1.4382 200 408.652 3.62095e-08
2.15458 1.4382 200 409.654 3.53748e-08
2.15458 1.4382 200 410.657 3.45594e-08
2.15458 1.4382 200 411.659 3.37629e-08
2.15458 1.4382 200 412.662 3.29849e-08
2.15458 1.4382 200 413.664 3.22248e-08
2.15458 1.4382 200 414.667 3.14824e-08
2.15458 1.4382 200 415.669 3.07571e-08
2.15458 1.4382 200 416.672 3.00486e-08
2.15458 1.4382 200 417.674 2.93564e-08
2.15458 1.4382 200 418.677 2.86803e-08
2.15458 1.4382 200 419.679 2.80198e-08
2.15458 1.4382 200 420.682 2.73746e-08
2.15458 1.4382 200 421.684 2.67442e-08
2.15458 1.4382 200 422.686 2.61285e-08
2.15458 1.4382 200 423.689 2.55269e-08
2.15458 1.4382 200 424.691 2.49393e-08
2.15458 1.4382 200 425.694 2.43652e-08
2.15458 1.4382 200 426.696 2.38044e-08
2.15458 1.4382 200 427.699 2.32566e-08
2.15458 1.4382 200 428.701 2.27214e-08
2.15458 1.4382 200 429.704 2.21985e-08
2.15458 1.4382 200 430.706 2.16877e-08
2.15458 1.4382 200 431.709 2.11887e-08
2.15458 1.4382 200 432.711 2.07012e-08
2.15458 1.4382 200 433.714 2.0225e-08
2.15458 1.4382 200 434.716 1.97597e-08
2.15458 1.4382 200 435.719 1.93052e-08
2.15458 1.4382 200 436.721 1.88611e-08
2.15458 1.4382 200 437.724 1.84273e-08
2.15458 1.4382 200 438.726 1.80035e-08
2.15458 1.4382 200 439.728 1.75895e-08
2.15458 1.4382 200 440.731 1.7185e-08
2.15458 1.4382 200 441.733 1.67898e-08
2.15458 1.4382 200 442.736 1.64038e-08
2.15458 1.4382 200 443.738 1.60266e-08
2.15458 1.4382 200 444.741 1.56581e-08
2.15458 1.4382 200 445.743 1.52981e-08
2.15458 1.4382 200 446.746 1.49464e-08
2.15458 1.4382 200 447.748 1.46029e-08
2.15458 1.4382 200 448.751 1.42672e-08
2.15458 1.4382 200 449.753 1.39392e-08
2.15458 1.4382 200 450.756 1.36188e-08
2.15458 1.4382 200 451.758 1.33058e-08
2.15458 1.4382 200 452.761 1.3e-08
2.15458 1.4382 200 453.763 1.27013e-08
2.15458 1.4382 200 454.765 1.24094e-08
2.15458 1.4382 200 455.768 1.21242e-08
2.15458 1.4382 200 456.77 1.18456e-08
2.15458 1.4382 200 457.773 1.15734e-08
2.15458 1.4382 200 458.775 1.13075e-08
2.15458 1.4382 200 459.778 1.10477e-08
2.15458 1.4382 200 460.78 1.07938e-08
2.15458 1.4382 200 461.783 1.05459e-08
2.15458 1.4382 200 462.785 1.03036e-08
2.15458 1.4382 200 463.788 1.00669e-08
2.15458 1.4382 200 464.79 9.8356e-09
2.15458 1.4382 200 465.793 9.60965e-09
2.15458 1.4382 200 466.795 9.38891e-09
2.15458 1.4382 200 467.798 9.17324e-09
2.15458 1.4382 200 468.8 8.96253e-09
2.15458 1.4382 200 469.803 8.75667e-09
2.15458 1.4382 200 470.805 8.55554e-09
2.15458 1.4382 200 471.807 8.35903e-09
2.15458 1.4382 200 472.81 8.16705e-09
2.15458 1.4382 200 473.812 7.97947e-09
2.15458 1.4382 200 474.815 7.79621e-09
2.15458 1.4382 200 475.817 7.61717e-09
2.15458 1.4382 200 476.82 7.44224e-09
2.15458 1.4382 200 477.822 7.27133e-09
2.15458 1.4382 200 478.825 7.10435e-09
2.15458 1.4382 200 479.827 6.94121e-09
2.15458 1.4382 200 480.83 6.78182e-09
2.15458 1.4382 200 481.832 6.62609e-09
2.15458 1.4382 200 482.835 6.47394e-09
2.15458 1.4382 200 483.837 6.32528e-09
2.15458 1.4382 200 484.84 6.18005e-09
2.15458 1.4382 200 485.842 6.03815e-09
2.15458 1.4382 200 486.844 5.89951e-09
2.15458 1.4382 200 487.847 5.76406e-09
2.15458 1.4382 200 488.849 5.63172e-09
2.15458 1.4382 200 489.852 5.50241e-09
2.15458 1.4382 200 490.854 5.37609e-09
2.15458 1.4382 200 491.857 5.25266e-09
2.15458 1.4382 200 492.859 5.13207e-09
2.15458 1.4382 200 493.862 5.01425e-09
2.15458 1.4382 200 494.864 4.89913e-09
2.15458 1.4382 200 495.867 4.78666e-09
2.15458 1.4382 200 496.869 4.67677e-09
2.15458 1.4382 200 497.872 4.56941e-09
2.15458 1.4382 200 498.874 4.46451e-09
2.15458 1.4382 200 499.877 4.36203e-09
2.15458 1.4382 200 500.879 4.26189e-09
2.15458 1.4382 200 501.882 4.16406e-09
2.15458 1.4382 200 502.884 4.06847e-09
2.15458 1.4382 200 503.886 3.97508e-09
2.15458 1.4382 200 504.889 3.88384e-09
2.15458 1.4382 200 505.891 3.79468e-09
2.15458 1.4382 200 506.894 3.70758e-09
2.15458 1.4382 200 507.896 3.62248e-09
2.15458 1.4382 200 508.899 3.53933e-09
2.15458 1.4382 200 509.901 3.45809e-09
2.15458 1.4382 200 510.904 3.37871e-09
2.15458 1.4382 200 511.906 3.30116e-09
2.15458 1.4382 200 512.909 3.22539e-09
2.15458 1.4382 200 513.911 3.15136e-09
2.15458 1.4382 200 514.914 3.07903e-09
2.15458 1.4382 200 515.916 3.00835e-09
2.15458 1.4382 200 516.919 2.93931e-09
2.15458 1.4382 200 517.921 2.87184e-09
2.15458 1.4382 200 518.923 2.80593e-09
2.15458 1.4382 200 519.926 2.74153e-09
2.15458 1.4382 200 520.928 2.6786e-09
2.15458 1.4382 200 521.931 2.61713e-09
2.15458 1.4382 200 522.933 2.55706e-09
2.15458 1.4382 200 523.936 2.49837e-09
2.15458 1.4382 200 524.938 2.44103e-09
2.15458 1.4382 200 525.941 2.38501e-09
2.15458 1.4382 200 526.943 2.33027e-09
2.15458 1.4382 200 527.946 2.27679e-09
2.15458 1.4382 200 528.948 2.22453e-09
2.15458 1.4382 200 529.951 2.17348e-09
2.15458 1.4382 200 530.953 2.12359e-09
2.15458 1.4382 200 531.956 2.07486e-09
2.15458 1.4382 200 532.958 2.02724e-09
2.15458 1.4382 200 533.961 1.98071e-09
2.15458 1.4382 200 534.963 1.93525e-09
2.15458 1.4382 200 535.965 1.89084e-09
2.15458 1.4382 200 536.968 1.84744e-09
2.15458 1.4382 200 537.97 1.80505e-09
2.15458 1.4382 200 538.973 1.76362e-09
2.15458 1.4382 200 539.975 1.72314e-09
2.15458 1.4382 200 540.978 1.6836e-09
2.15458 1.4382 200 541.98 1.64496e-09
2.15458 1.4382 200 542.983 1.60721e-09
2.15458 1.4382 200 543.985 1.57032e-09
2.15458 1.4382 200 544.988 1.53428e-09
2.15458 1.4382 200 545.99 1.49907e-09
2.15458 1.4382 200 546.993 1.46467e-09
2.15458 1.4382 200 547.995 1.43106e-09
2.15458 1.4382 200 548.998 1.39821e-09
2.15458 1.4382 200 550 1.36612e-09
