1.39457 1.4382 0 150.015 4.78597e-07
1.39457 1.4382 0 151.017 8.36913e-07
1.39457 1.4382 0 152.02 8.23943e-07
1.39457 1.4382 0 153.022 7.75853e-07
1.39457 1.4382 0 154.025 7.32719e-07
1.39457 1.4382 0 155.027 6.94515e-07
1.39457 1.4382 0 156.03 6.59916e-07
1.39457 1.4382 0 157.032 6.28094e-07
1.39457 1.4382 0 158.035 5.98528e-07
1.39457 1.4382 0 159.037 5.70867e-07
1.39457 1.4382 0 160.04 5.4486e-07
1.39457 1.4382 0 161.042 5.20319e-07
1.39457 1.4382 0 162.045 4.97096e-07
1.39457 1.4382 0 163.047 4.75071e-07
1.39457 1.4382 0 164.05 4.54146e-07
1.39457 1.4382 0 165.052 4.34238e-07
1.39457 1.4382 0 166.054 4.15274e-07
1.39457 1.4382 0 167.057 3.97193e-07
1.39457 1.4382 0 168.059 3.79938e-07
1.39457 1.4382 0 169.062 3.63461e-07
1.39457 1.4382 0 170.064 3.47716e-07
1.39457 1.4382 0 171.067 3.32663e-07
1.39457 1.4382 0 172.069 3.18266e-07
1.39457 1.4382 0 173.072 3.0449e-07
1.39457 1.4382 0 174.074 2.91303e-07
1.39457 1.4382 0 175.077 2.78677e-07
1.39457 1.4382 0 176.079 2.66584e-07
1.39457 1.4382 0 177.082 2.54999e-07
1.39457 1.4382 0 178.084 2.43899e-07
1.39457 1.4382 0 179.087 2.33261e-07
1.39457 1.4382 0 180.089 2.23063e-07
1.39457 1.4382 0 181.092 2.13287e-07
1.39457 1.4382 0 182.094 2.03914e-07
1.39457 1.4382 0 183.096 1.94926e-07
1.39457 1.4382 0 184.099 1.86307e-07
1.39457 1.4382 0 185.101 1.7804e-07
1.39457 1.4382 0 186.104 1.70111e-07
1.39457 1.4382 0 187.106 1.62505e-07
1.39457 1.4382 0 188.109 1.55208e-07
1.39457 1.4382 0 189.111 1.48209e-07
1.39457 1.4382 0 190.114 1.41494e-07
1.39457 1.4382 0 191.116 1.35052e-07
1.39457 1.4382 0 192.119 1.28872e-07
1.39457 1.4382 0 193.121 1.22942e-07
1.39457 1.4382 0 194.124 1.17253e-07
1.39457 1.4382 0 195.126 1.11796e-07
1.39457 1.4382 0 196.129 1.06559e-07
1.39457 1.4382 0 197.131 1.01536e-07
1.39457 1.4382 0 198.133 9.6717e-08
1.39457 1.4382 0 199.136 9.2094e-08
1.39457 1.4382 0 200.138 8.76594e-08
1.39457 1.4382 0 201.141 8.34055e-08
1.39457 1.4382 0 202.143 7.93253e-08
1.39457 1.4382 0 203.146 7.54119e-08
1.39457 1.4382 0 204.148 7.16587e-08
1.39457 1.4382 0 205.151 6.80594e-08
1.39457 1.4382 0 206.153 6.4608e-08
1.39457 1.4382 0 207.156 6.12986e-08
1.39457 1.4382 0 208.158 5.81257e-08
1.39457 1.4382 0 209.161 5.5084e-08
1.39457 1.4382 0 210.163 5.21682e-08
1.39457 1.4382 0 211.166 4.93736e-08
1.39457 1.4382 0 212.168 4.66953e-08
1.39457 1.4382 0 213.171 4.41288e-08
1.39457 1.4382 0 214.173 4.16698e-08
1.39457 1.4382 0 215.175 3.93141e-08
1.39457 1.4382 0 216.178 3.70576e-08
1.39457 1.4382 0 217.18 3.48966e-08
1.39457 1.4382 0 218.183 3.28272e-08
1.39457 1.4382 0 219.185 3.08459e-08
1.39457 1.4382 0 220.188 2.89492e-08
1.39457 1.4382 0 221.19 2.7134e-08
1.39457 1.4382 0 222.193 2.53969e-08
1.39457 1.4382 0 223.195 2.3735e-08
1.39457 1.4382 0 224.198 2.21454e-08
1.39457 1.4382 0 225.2 2.06251e-08
1.39457 1.4382 0 226.203 1.91716e-08
1.39457 1.4382 0 227.205 1.77821e-08
1.39457 1.4382 0 228.208 1.64542e-08
1.39457 1.4382 0 229.21 1.51856e-08
1.39457 1.4382 0 230.212 1.39737e-08
1.39457 1.4382 0 231.215 1.28165e-08
1.39457 1.4382 0 232.217 1.17118e-08
1.39457 1.4382 0 233.22 1.06575e-08
1.39457 1.4382 0 234.222 9.65164e-09
1.39457 1.4382 0 235.225 8.6923e-09
1.39457 1.4382 0 236.227 7.77765e-09
1.39457 1.4382 0 237.23 6.90592e-09
1.39457 1.4382 0 238.232 6.0754e-09
1.39457 1.4382 0 239.235 5.28447e-09
1.39457 1.4382 0 240.237 4.53154e-09
1.39457 1.4382 0 241.24 3.8151e-09
1.39457 1.4382 0 242.242 3.13369e-09
1.39457 1.4382 0 243.245 2.48592e-09
1.39457 1.4382 0 244.247 1.87042e-09
1.39457 1.4382 0 245.25 1.2859e-09
1.39457 1.4382 0 246.252 7.31116e-10
1.39457 1.4382 0 247.254 2.04856e-10
1.39457 1.4382 0 248.257 -2.94034e-10
1.39457 1.4382 0 249.259 -7.66669e-10
1.39457 1.4382 0 250.262 -1.21412e-09
1.39457 1.4382 0 251.264 -1.63742e-09
1.39457 1.4382 0 252.267 -2.03755e-09
1.39457 1.4382 0 253.269 -2.41548e-09
1.39457 1.4382 0 254.272 -2.77213e-09
1.39457 1.4382 0 255.274 -3.10837e-09
1.39457 1.4382 0 256.277 -3.42505e-09
1.39457 1.4382 0 257.279 -3.723e-09
1.39457 1.4382 0 258.282 -4.003e-09
1.39457 1.4382 0 259.284 -4.26581e-09
1.39457 1.4382 0 260.287 -4.51216e-09
1.39457 1.4382 0 261.289 -4.74274e-09
1.39457 1.4382 0 262.291 -4.95824e-09
1.39457 1.4382 0 263.294 -5.15929e-09
1.39457 1.4382 0 264.296 -5.34653e-09
1.39457 1.4382 0 265.299 -5.52055e-09
1.39457 1.4382 0 266.301 -5.68193e-09
1.39457 1.4382 0 267.304 -5.83122e-09
1.39457 1.4382 0 268.306 -5.96896e-09
1.39457 1.4382 0 269.309 -6.09566e-09
1.39457 1.4382 0 270.311 -6.21182e-09
1.39457 1.4382 0 271.314 -6.3179e-09
1.39457 1.4382 0 272.316 -6.41436e-09
1.39457 1.4382 0 273.319 -6.50164e-09
1.39457 1.4382 0 274.321 -6.58017e-09
1.39457 1.4382 0 275.324 -6.65034e-09
1.39457 1.4382 0 276.326 -6.71254e-09
1.39457 1.4382 0 277.329 -6.76716e-09
1.39457 1.4382 0 278.331 -6.81454e-09
1.39457 1.4382 0 279.333 -6.85504e-09
1.39457 1.4382 0 280.336 -6.88898e-09
1.39457 1.4382 0 281.338 -6.91668e-09
1.39457 1.4382 0 282.341 -6.93845e-09
1.39457 1.4382 0 283.343 -6.95458e-09
1.39457 1.4382 0 284.346 -6.96536e-09
1.39457 1.4382 0 285.348 -6.97105e-09
1.39457 1.4382 0 286.351 -6.97192e-09
1.39457 1.4382 0 287.353 -6.96821e-09
1.39457 1.4382 0 288.356 -6.96016e-09
1.39457 1.4382 0 289.358 -6.94801e-09
1.39457 1.4382 0 290.361 -6.93197e-09
1.39457 1.4382 0 291.363 -6.91226e-09
1.39457 1.4382 0 292.366 -6.88907e-09
1.39457 1.4382 0 293.368 -6.86261e-09
1.39457 1.4382 0 294.37 -6.83306e-09
1.39457 1.4382 0 295.373 -6.80059e-09
1.39457 1.4382 0 296.375 -6.76539e-09
1.39457 1.4382 0 297.378 -6.72761e-09
1.39457 1.4382 0 298.38 -6.68741e-09
1.39457 1.4382 0 299.383 -6.64495e-09
1.39457 1.4382 0 300.385 -6.60036e-09
1.39457 1.4382 0 301.388 -6.55378e-09
1.39457 1.4382 0 302.39 -6.50536e-09
1.39457 1.4382 0 303.393 -6.45521e-09
1.39457 1.4382 0 304.395 -6.40345e-09
1.39457 1.4382 0 305.398 -6.35021e-09
1.39457 1.4382 0 306.4 -6.29559e-09
1.39457 1.4382 0 307.403 -6.2397e-09
1.39457 1.4382 0 308.405 -6.18264e-09
1.39457 1.4382 0 309.408 -6.12451e-09
1.39457 1.4382 0 310.41 -6.0654e-09
1.39457 1.4382 0 311.412 -6.0054e-09
1.39457 1.4382 0 312.415 -5.94459e-09
1.39457 1.4382 0 313.417 -5.88306e-09
1.39457 1.4382 0 314.42 -5.82087e-09
1.39457 1.4382 0 315.422 -5.75812e-09
1.39457 1.4382 0 316.425 -5.69485e-09
1.39457 1.4382 0 317.427 -5.63115e-09
1.39457 1.4382 0 318.43 -5.56707e-09
1.39457 1.4382 0 319.432 -5.50268e-09
1.39457 1.4382 0 320.435 -5.43803e-09
1.39457 1.4382 0 321.437 -5.37318e-09
1.39457 1.4382 0 322.44 -5.30818e-09
1.39457 1.4382 0 323.442 -5.24308e-09
1.39457 1.4382 0 324.445 -5.17792e-09
1.39457 1.4382 0 325.447 -5.11276e-09
1.39457 1.4382 0 326.449 -5.04763e-09
1.39457 1.4382 0 327.452 -4.98257e-09
1.39457 1.4382 0 328.454 -4.91762e-09
1.39457 1.4382 0 329.457 -4.85282e-09
1.39457 1.4382 0 330.459 -4.78821e-09
1.39457 1.4382 0 331.462 -4.7238e-09
1.39457 1.4382 0 332.464 -4.65964e-09
1.39457 1.4382 0 333.467 -4.59575e-09
1.39457 1.4382 0 334.469 -4.53217e-09
1.39457 1.4382 0 335.472 -4.4689e-09
1.39457 1.4382 0 336.474 -4.40599e-09
1.39457 1.4382 0 337.477 -4.34345e-09
1.39457 1.4382 0 338.479 -4.2813e-09
1.39457 1.4382 0 339.482 -4.21956e-09
1.39457 1.4382 0 340.484 -4.15825e-09
1.39457 1.4382 0 341.487 -4.0974e-09
1.39457 1.4382 0 342.489 -4.037e-09
1.39457 1.4382 0 343.491 -3.97709e-09
1.39457 1.4382 0 344.494 -3.91767e-09
1.39457 1.4382 0 345.496 -3.85875e-09
1.39457 1.4382 0 346.499 -3.80035e-09
1.39457 1.4382 0 347.501 -3.74248e-09
1.39457 1.4382 0 348.504 -3.68515e-09
1.39457 1.4382 0 349.506 -3.62837e-09
1.39457 1.4382 0 350.509 -3.57214e-09
1.39457 1.4382 0 351.511 -3.51647e-09
1.39457 1.4382 0 352.514 -3.46138e-09
1.39457 1.4382 0 353.516 -3.40687e-09
1.39457 1.4382 0 354.519 -3.35293e-09
1.39457 1.4382 0 355.521 -3.29958e-09
1.39457 1.4382 0 356.524 -3.24683e-09
1.39457 1.4382 0 357.526 -3.19467e-09
1.39457 1.4382 0 358.528 -3.1431e-09
1.39457 1.4382 0 359.531 -3.09214e-09
1.39457 1.4382 0 360.533 -3.04178e-09
1.39457 1.4382 0 361.536 -2.99202e-09
1.39457 1.4382 0 362.538 -2.94287e-09
1.39457 1.4382 0 363.541 -2.89432e-09
1.39457 1.4382 0 364.543 -2.84637e-09
1.39457 1.4382 0 365.546 -2.79904e-09
1.39457 1.4382 0 366.548 -2.7523e-09
1.39457 1.4382 0 367.551 -2.70617e-09
1.39457 1.4382 0 368.553 -2.66065e-09
1.39457 1.4382 0 369.556 -2.61572e-09
1.39457 1.4382 0 370.558 -2.57139e-09
1.39457 1.4382 0 371.561 -2.52766e-09
1.39457 1.4382 0 372.563 -2.48453e-09
1.39457 1.4382 0 373.566 -2.44198e-09
1.39457 1.4382 0 374.568 -2.40002e-09
1.39457 1.4382 0 375.57 -2.35865e-09
1.39457 1.4382 0 376.573 -2.31786e-09
1.39457 1.4382 0 377.575 -2.27765e-09
1.39457 1.4382 0 378.578 -2.23802e-09
1.39457 1.4382 0 379.58 -2.19895e-09
1.39457 1.4382 0 380.583 -2.16045e-09
1.39457 1.4382 0 381.585 -2.12251e-09
1.39457 1.4382 0 382.588 -2.08514e-09
1.39457 1.4382 0 383.59 -2.04831e-09
1.39457 1.4382 0 384.593 -2.01203e-09
1.39457 1.4382 0 385.595 -1.9763e-09
1.39457 1.4382 0 386.598 -1.94111e-09
1.39457 1.4382 0 387.6 -1.90645e-09
1.39457 1.4382 0 388.603 -1.87232e-09
1.39457 1.4382 0 389.605 -1.83872e-09
1.39457 1.4382 0 390.607 -1.80563e-09
1.39457 1.4382 0 391.61 -1.77306e-09
1.39457 1.4382 0 392.612 -1.74099e-09
1.39457 1.4382 0 393.615 -1.70943e-09
1.39457 1.4382 0 394.617 -1.67837e-09
1.39457 1.4382 0 395.62 -1.6478e-09
1.39457 1.4382 0 396.622 -1.61771e-09
1.39457 1.4382 0 397.625 -1.58811e-09
1.39457 1.4382 0 398.627 -1.55898e-09
1.39457 1.4382 0 399.63 -1.53032e-09
1.39457 1.4382 0 400.632 -1.50213e-09
1.39457 1.4382 0 401.635 -1.47439e-09
1.39457 1.4382 0 402.637 -1.44711e-09
1.39457 1.4382 0 403.64 -1.42028e-09
1.39457 1.4382 0 404.642 -1.39389e-09
1.39457 1.4382 0 405.645 -1.36793e-09
1.39457 1.4382 0 406.647 -1.34241e-09
1.39457 1.4382 0 407.649 -1.31731e-09
1.39457 1.4382 0 408.652 -1.29263e-09
1.39457 1.4382 0 409.654 -1.26837e-09
1.39457 1.4382 0 410.657 -1.24451e-09
1.39457 1.4382 0 411.659 -1.22106e-09
1.39457 1.4382 0 412.662 -1.198e-09
1.39457 1.4382 0 413.664 -1.17534e-09
1.39457 1.4382 0 414.667 -1.15306e-09
1.39457 1.4382 0 415.669 -1.13117e-09
1.39457 1.4382 0 416.672 -1.10965e-09
1.39457 1.4382 0 417.674 -1.08851e-09
1.39457 1.4382 0 418.677 -1.06772e-09
1.39457 1.4382 0 419.679 -1.0473e-09
1.39457 1.4382 0 420.682 -1.02724e-09
1.39457 1.4382 0 421.684 -1.00752e-09
1.39457 1.4382 0 422.686 -9.88149e-10
1.39457 1.4382 0 423.689 -9.69117e-10
1.39457 1.4382 0 424.691 -9.5042e-10
1.39457 1.4382 0 425.694 -9.32052e-10
1.39457 1.4382 0 426.696 -9.1401e-10
1.39457 1.4382 0 427.699 -8.96286e-10
1.39457 1.4382 0 428.701 -8.78878e-10
1.39457 1.4382 0 429.704 -8.6178e-10
1.39457 1.4382 0 430.706 -8.44987e-10
1.39457 1.4382 0 431.709 -8.28495e-10
1.39457 1.4382 0 432.711 -8.12298e-10
1.39457 1.4382 0 433.714 -7.96393e-10
1.39457 1.4382 0 434.716 -7.80775e-10
1.39457 1.4382 0 435.719 -7.65438e-10
1.39457 1.4382 0 436.721 -7.5038e-10
1.39457 1.4382 0 437.724 -7.35594e-10
1.39457 1.4382 0 438.726 -7.21078e-10
1.39457 1.4382 0 439.728 -7.06826e-10
1.39457 1.4382 0 440.731 -6.92834e-10
1.39457 1.4382 0 441.733 -6.79099e-10
1.39457 1.4382 0 442.736 -6.65615e-10
1.39457 1.4382 0 443.738 -6.52379e-10
1.39457 1.4382 0 444.741 -6.39387e-10
1.39457 1.4382 0 445.743 -6.26635e-10
1.39457 1.4382 0 446.746 -6.14119e-10
1.39457 1.4382 0 447.748 -6.01834e-10
1.39457 1.4382 0 448.751 -5.89777e-10
1.39457 1.4382 0 449.753 -5.77945e-10
1.39457 1.4382 0 450.756 -5.66333e-10
1.39457 1.4382 0 451.758 -5.54938e-10
1.39457 1.4382 0 452.761 -5.43756e-10
1.39457 1.4382 0 453.763 -5.32783e-10
1.39457 1.4382 0 454.765 -5.22016e-10
1.39457 1.4382 0 455.768 -5.11452e-10
1.39457 1.4382 0 456.77 -5.01087e-10
1.39457 1.4382 0 457.773 -4.90917e-10
1.39457 1.4382 0 458.775 -4.80939e-10
1.39457 1.4382 0 459.778 -4.7115e-10
1.39457 1.4382 0 460.78 -4.61547e-10
1.39457 1.4382 0 461.783 -4.52126e-10
1.39457 1.4382 0 462.785 -4.42885e-10
1.39457 1.4382 0 463.788 -4.3382e-10
1.39457 1.4382 0 464.79 -4.24927e-10
1.39457 1.4382 0 465.793 -4.16205e-10
1.39457 1.4382 0 466.795 -4.07649e-10
1.39457 1.4382 0 467.798 -3.99258e-10
1.39457 1.4382 0 468.8 -3.91028e-10
1.39457 1.4382 0 469.803 -3.82956e-10
1.39457 1.4382 0 470.805 -3.7504e-10
1.39457 1.4382 0 471.807 -3.67276e-10
1.39457 1.4382 0 472.81 -3.59663e-10
1.39457 1.4382 0 473.812 -3.52197e-10
1.39457 1.4382 0 474.815 -3.44875e-10
1.39457 1.4382 0 475.817 -3.37696e-10
1.39457 1.4382 0 476.82 -3.30656e-10
1.39457 1.4382 0 477.822 -3.23754e-10
1.39457 1.4382 0 478.825 -3.16986e-10
1.39457 1.4382 0 479.827 -3.1035e-10
1.39457 1.4382 0 480.83 -3.03844e-10
1.39457 1.4382 0 481.832 -2.97465e-10
1.39457 1.4382 0 482.835 -2.91211e-10
1.39457 1.4382 0 483.837 -2.8508e-10
1.39457 1.4382 0 484.84 -2.7907e-10
1.39457 1.4382 0 485.842 -2.73178e-10
1.39457 1.4382 0 486.844 -2.67402e-10
1.39457 1.4382 0 487.847 -2.6174e-10
1.39457 1.4382 0 488.849 -2.5619e-10
1.39457 1.4382 0 489.852 -2.5075e-10
1.39457 1.4382 0 490.854 -2.45418e-10
1.39457 1.4382 0 491.857 -2.40192e-10
1.39457 1.4382 0 492.859 -2.35069e-10
1.39457 1.4382 0 493.862 -2.30049e-10
1.39457 1.4382 0 494.864 -2.25128e-10
1.39457 1.4382 0 495.867 -2.20306e-10
1.39457 1.4382 0 496.869 -2.1558e-10
1.39457 1.4382 0 497.872 -2.10949e-10
1.39457 1.4382 0 498.874 -2.0641e-10
1.39457 1.4382 0 499.877 -2.01963e-10
1.39457 1.4382 0 500.879 -1.97604e-10
1.39457 1.4382 0 501.882 -1.93334e-10
1.39457 1.4382 0 502.884 -1.89149e-10
1.39457 1.4382 0 503.886 -1.85049e-10
1.39457 1.4382 0 504.889 -1.81032e-10
1.39457 1.4382 0 505.891 -1.77096e-10
1.39457 1.4382 0 506.894 -1.73239e-10
1.39457 1.4382 0 507.896 -1.69461e-10
1.39457 1.4382 0 508.899 -1.65759e-10
1.39457 1.4382 0 509.901 -1.62133e-10
1.39457 1.4382 0 510.904 -1.5858e-10
1.39457 1.4382 0 511.906 -1.551e-10
1.39457 1.4382 0 512.909 -1.51691e-10
1.39457 1.4382 0 513.911 -1.48351e-10
1.39457 1.4382 0 514.914 -1.45079e-10
1.39457 1.4382 0 515.916 -1.41875e-10
1.39457 1.4382 0 516.919 -1.38736e-10
1.39457 1.4382 0 517.921 -1.35662e-10
1.39457 1.4382 0 518.923 -1.32651e-10
1.39457 1.4382 0 519.926 -1.29702e-10
1.39457 1.4382 0 520.928 -1.26813e-10
1.39457 1.4382 0 521.931 -1.23984e-10
1.39457 1.4382 0 522.933 -1.21214e-10
1.39457 1.4382 0 523.936 -1.18501e-10
1.39457 1.4382 0 524.938 -1.15844e-10
1.39457 1.4382 0 525.941 -1.13242e-10
1.39457 1.4382 0 526.943 -1.10694e-10
1.39457 1.4382 0 527.946 -1.08199e-10
1.39457 1.4382 0 528.948 -1.05756e-10
1.39457 1.4382 0 529.951 -1.03364e-10
1.39457 1.4382 0 530.953 -1.01022e-10
1.39457 1.4382 0 531.956 -9.87282e-11
1.39457 1.4382 0 532.958 -9.64829e-11
1.39457 1.4382 0 533.961 -9.42845e-11
1.39457 1.4382 0 534.963 -9.21323e-11
1.39457 1.4382 0 535.965 -9.00252e-11
1.39457 1.4382 0 536.968 -8.79625e-11
1.39457 1.4382 0 537.97 -8.59431e-11
1.39457 1.4382 0 538.973 -8.39664e-11
1.39457 1.4382 0 539.975 -8.20313e-11
1.39457 1.4382 0 540.978 -8.01371e-11
1.39457 1.4382 0 541.98 -7.8283e-11
1.39457 1.4382 0 542.983 -7.64682e-11
1.39457 1.4382 0 543.985 -7.46918e-11
1.39457 1.4382 0 544.988 -7.29532e-11
1.39457 1.4382 0 545.99 -7.12516e-11
1.39457 1.4382 0 546.993 -6.95862e-11
1.39457 1.4382 0 547.995 -6.79563e-11
1.39457 1.4382 0 548.998 -6.63612e-11
1.39457 1.4382 0 550 -6.48002e-11

