3.00728 1.4382 0 100.01 1.79722e-05
3.00728 1.4382 0 101.012 3.23119e-05
3.00728 1.4382 0 102.015 3.11718e-05
3.00728 1.4382 0 103.017 2.89916e-05
3.00728 1.4382 0 104.02 2.69812e-05
3.00728 1.4382 0 105.022 2.51568e-05
3.00728 1.4382 0 106.025 2.34945e-05
3.00728 1.4382 0 107.027 2.19747e-05
3.00728 1.4382 0 108.03 2.05812e-05
3.00728 1.4382 0 109.032 1.93007e-05
3.00728 1.4382 0 110.035 1.81215e-05
3.00728 1.4382 0 111.037 1.70337e-05
3.00728 1.4382 0 112.04 1.60284e-05
3.00728 1.4382 0 113.042 1.50979e-05
3.00728 1.4382 0 114.045 1.42352e-05
3.00728 1.4382 0 115.047 1.34344e-05
3.00728 1.4382 0 116.05 1.26898e-05
3.00728 1.4382 0 117.052 1.19968e-05
3.00728 1.4382 0 118.055 1.13507e-05
3.00728 1.4382 0 119.057 1.07478e-05
3.00728 1.4382 0 120.06 1.01845e-05
3.00728 1.4382 0 121.062 9.65754e-06
3.00728 1.4382 0 122.065 9.16406e-06
3.00728 1.4382 0 123.067 8.70145e-06
3.00728 1.4382 0 124.07 8.26733e-06
3.00728 1.4382 0 125.072 7.85953e-06
3.00728 1.4382 0 126.075 7.4761e-06
3.00728 1.4382 0 127.077 7.11525e-06
3.00728 1.4382 0 128.079 6.77534e-06
3.00728 1.4382 0 129.082 6.45489e-06
3.00728 1.4382 0 130.084 6.15253e-06
3.00728 1.4382 0 131.087 5.86702e-06
3.00728 1.4382 0 132.089 5.59722e-06
3.00728 1.4382 0 133.092 5.34206e-06
3.00728 1.4382 0 134.094 5.10058e-06
3.00728 1.4382 0 135.097 4.8719e-06
3.00728 1.4382 0 136.099 4.6552e-06
3.00728 1.4382 0 137.102 4.44971e-06
3.00728 1.4382 0 138.104 4.25474e-06
3.00728 1.4382 0 139.107 4.06964e-06
3.00728 1.4382 0 140.109 3.89381e-06
3.00728 1.4382 0 141.112 3.7267e-06
3.00728 1.4382 0 142.114 3.5678e-06
3.00728 1.4382 0 143.117 3.41662e-06
3.00728 1.4382 0 144.119 3.27271e-06
3.00728 1.4382 0 145.122 3.13568e-06
3.00728 1.4382 0 146.124 3.00513e-06
3.00728 1.4382 0 147.127 2.88069e-06
3.00728 1.4382 0 148.129 2.76204e-06
3.00728 1.4382 0 149.132 2.64886e-06
3.00728 1.4382 0 150.134 2.54086e-06
3.00728 1.4382 0 151.137 2.43776e-06
3.00728 1.4382 0 152.139 2.3393e-06
3.00728 1.4382 0 153.142 2.24525e-06
3.00728 1.4382 0 154.144 2.15538e-06
3.00728 1.4382 0 155.146 2.06947e-06
3.00728 1.4382 0 156.149 1.98732e-06
3.00728 1.4382 0 157.151 1.90875e-06
3.00728 1.4382 0 158.154 1.83358e-06
3.00728 1.4382 0 159.156 1.76163e-06
3.00728 1.4382 0 160.159 1.69277e-06
3.00728 1.4382 0 161.161 1.62683e-06
3.00728 1.4382 0 162.164 1.56368e-06
3.00728 1.4382 0 163.166 1.50318e-06
3.00728 1.4382 0 164.169 1.44521e-06
3.00728 1.4382 0 165.171 1.38966e-06
3.00728 1.4382 0 166.174 1.3364e-06
3.00728 1.4382 0 167.176 1.28534e-06
3.00728 1.4382 0 168.179 1.23637e-06
3.00728 1.4382 0 169.181 1.1894e-06
3.00728 1.4382 0 170.184 1.14434e-06
3.00728 1.4382 0 171.186 1.1011e-06
3.00728 1.4382 0 172.189 1.05961e-06
3.00728 1.4382 0 173.191 1.01978e-06
3.00728 1.4382 0 174.194 9.81538e-07
3.00728 1.4382 0 175.196 9.44823e-07
3.00728 1.4382 0 176.199 9.09563e-07
3.00728 1.4382 0 177.201 8.75697e-07
3.00728 1.4382 0 178.204 8.43165e-07
3.00728 1.4382 0 179.206 8.1191e-07
3.00728 1.4382 0 180.208 7.81877e-07
3.00728 1.4382 0 181.211 7.53015e-07
3.00728 1.4382 0 182.213 7.25275e-07
3.00728 1.4382 0 183.216 6.9861e-07
3.00728 1.4382 0 184.218 6.72974e-07
3.00728 1.4382 0 185.221 6.48326e-07
3.00728 1.4382 0 186.223 6.24624e-07
3.00728 1.4382 0 187.226 6.0183e-07
3.00728 1.4382 0 188.228 5.79906e-07
3.00728 1.4382 0 189.231 5.58817e-07
3.00728 1.4382 0 190.233 5.38529e-07
3.00728 1.4382 0 191.236 5.1901e-07
3.00728 1.4382 0 192.238 5.00228e-07
3.00728 1.4382 0 193.241 4.82155e-07
3.00728 1.4382 0 194.243 4.64761e-07
3.00728 1.4382 0 195.246 4.4802e-07
3.00728 1.4382 0 196.248 4.31906e-07
3.00728 1.4382 0 197.251 4.16393e-07
3.00728 1.4382 0 198.253 4.01459e-07
3.00728 1.4382 0 199.256 3.87081e-07
3.00728 1.4382 0 200.258 3.73236e-07
3.00728 1.4382 0 201.261 3.59904e-07
3.00728 1.4382 0 202.263 3.47065e-07
3.00728 1.4382 0 203.266 3.347e-07
3.00728 1.4382 0 204.268 3.2279e-07
3.00728 1.4382 0 205.271 3.11318e-07
3.00728 1.4382 0 206.273 3.00267e-07
3.00728 1.4382 0 207.275 2.89621e-07
3.00728 1.4382 0 208.278 2.79364e-07
3.00728 1.4382 0 209.28 2.69482e-07
3.00728 1.4382 0 210.283 2.5996e-07
3.00728 1.4382 0 211.285 2.50784e-07
3.00728 1.4382 0 212.288 2.41942e-07
3.00728 1.4382 0 213.29 2.3342e-07
3.00728 1.4382 0 214.293 2.25207e-07
3.00728 1.4382 0 215.295 2.17291e-07
3.00728 1.4382 0 216.298 2.09661e-07
3.00728 1.4382 0 217.3 2.02306e-07
3.00728 1.4382 0 218.303 1.95215e-07
3.00728 1.4382 0 219.305 1.8838e-07
3.00728 1.4382 0 220.308 1.8179e-07
3.00728 1.4382 0 221.31 1.75437e-07
3.00728 1.4382 0 222.313 1.69311e-07
3.00728 1.4382 0 223.315 1.63404e-07
3.00728 1.4382 0 224.318 1.57708e-07
3.00728 1.4382 0 225.32 1.52215e-07
3.00728 1.4382 0 226.323 1.46918e-07
3.00728 1.4382 0 227.325 1.41809e-07
3.00728 1.4382 0 228.328 1.36883e-07
3.00728 1.4382 0 229.33 1.32131e-07
3.00728 1.4382 0 230.333 1.27547e-07
3.00728 1.4382 0 231.335 1.23126e-07
3.00728 1.4382 0 232.338 1.18862e-07
3.00728 1.4382 0 233.34 1.14748e-07
3.00728 1.4382 0 234.342 1.10779e-07
3.00728 1.4382 0 235.345 1.06951e-07
3.00728 1.4382 0 236.347 1.03257e-07
3.00728 1.4382 0 237.35 9.96939e-08
3.00728 1.4382 0 238.352 9.62557e-08
3.00728 1.4382 0 239.355 9.29384e-08
3.00728 1.4382 0 240.357 8.97375e-08
3.00728 1.4382 0 241.36 8.66489e-08
3.00728 1.4382 0 242.362 8.36686e-08
3.00728 1.4382 0 243.365 8.07925e-08
3.00728 1.4382 0 244.367 7.80171e-08
3.00728 1.4382 0 245.37 7.53387e-08
3.00728 1.4382 0 246.372 7.27538e-08
3.00728 1.4382 0 247.375 7.02591e-08
3.00728 1.4382 0 248.377 6.78514e-08
3.00728 1.4382 0 249.38 6.55275e-08
3.00728 1.4382 0 250.382 6.32845e-08
3.00728 1.4382 0 251.385 6.11195e-08
3.00728 1.4382 0 252.387 5.90298e-08
3.00728 1.4382 0 253.39 5.70126e-08
3.00728 1.4382 0 254.392 5.50654e-08
3.00728 1.4382 0 255.395 5.31857e-08
3.00728 1.4382 0 256.397 5.13712e-08
3.00728 1.4382 0 257.4 4.96195e-08
3.00728 1.4382 0 258.402 4.79283e-08
3.00728 1.4382 0 259.405 4.62957e-08
3.00728 1.4382 0 260.407 4.47194e-08
3.00728 1.4382 0 261.409 4.31976e-08
3.00728 1.4382 0 262.412 4.17283e-08
3.00728 1.4382 0 263.414 4.03096e-08
3.00728 1.4382 0 264.417 3.89398e-08
3.00728 1.4382 0 265.419 3.76172e-08
3.00728 1.4382 0 266.422 3.63401e-08
3.00728 1.4382 0 267.424 3.51069e-08
3.00728 1.4382 0 268.427 3.39161e-08
3.00728 1.4382 0 269.429 3.27662e-08
3.00728 1.4382 0 270.432 3.16558e-08
3.00728 1.4382 0 271.434 3.05835e-08
3.00728 1.4382 0 272.437 2.95479e-08
3.00728 1.4382 0 273.439 2.85479e-08
3.00728 1.4382 0 274.442 2.75821e-08
3.00728 1.4382 0 275.444 2.66493e-08
3.00728 1.4382 0 276.447 2.57485e-08
3.00728 1.4382 0 277.449 2.48784e-08
3.00728 1.4382 0 278.452 2.40381e-08
3.00728 1.4382 0 279.454 2.32265e-08
3.00728 1.4382 0 280.457 2.24427e-08
3.00728 1.4382 0 281.459 2.16855e-08
3.00728 1.4382 0 282.462 2.09542e-08
3.00728 1.4382 0 283.464 2.02478e-08
3.00728 1.4382 0 284.467 1.95655e-08
3.00728 1.4382 0 285.469 1.89064e-08
3.00728 1.4382 0 286.472 1.82697e-08
3.00728 1.4382 0 287.474 1.76547e-08
3.00728 1.4382 0 288.476 1.70607e-08
3.00728 1.4382 0 289.479 1.64868e-08
3.00728 1.4382 0 290.481 1.59324e-08
3.00728 1.4382 0 291.484 1.53968e-08
3.00728 1.4382 0 292.486 1.48794e-08
3.00728 1.4382 0 293.489 1.43796e-08
3.00728 1.4382 0 294.491 1.38967e-08
3.00728 1.4382 0 295.494 1.34302e-08
3.00728 1.4382 0 296.496 1.29795e-08
3.00728 1.4382 0 297.499 1.2544e-08
3.00728 1.4382 0 298.501 1.21233e-08
3.00728 1.4382 0 299.504 1.17169e-08
3.00728 1.4382 0 300.506 1.13242e-08
3.00728 1.4382 0 301.509 1.09447e-08
3.00728 1.4382 0 302.511 1.05781e-08
3.00728 1.4382 0 303.514 1.02239e-08
3.00728 1.4382 0 304.516 9.88164e-09
3.00728 1.4382 0 305.519 9.55094e-09
3.00728 1.4382 0 306.521 9.2314e-09
3.00728 1.4382 0 307.524 8.92264e-09
3.00728 1.4382 0 308.526 8.62429e-09
3.00728 1.4382 0 309.529 8.336e-09
3.00728 1.4382 0 310.531 8.05743e-09
3.00728 1.4382 0 311.534 7.78824e-09
3.00728 1.4382 0 312.536 7.52811e-09
3.00728 1.4382 0 313.538 7.27674e-09
3.00728 1.4382 0 314.541 7.03384e-09
3.00728 1.4382 0 315.543 6.7991e-09
3.00728 1.4382 0 316.546 6.57225e-09
3.00728 1.4382 0 317.548 6.35303e-09
3.00728 1.4382 0 318.551 6.14118e-09
3.00728 1.4382 0 319.553 5.93645e-09
3.00728 1.4382 0 320.556 5.73859e-09
3.00728 1.4382 0 321.558 5.54737e-09
3.00728 1.4382 0 322.561 5.36258e-09
3.00728 1.4382 0 323.563 5.18398e-09
3.00728 1.4382 0 324.566 5.01137e-09
3.00728 1.4382 0 325.568 4.84455e-09
3.00728 1.4382 0 326.571 4.68332e-09
3.00728 1.4382 0 327.573 4.5275e-09
3.00728 1.4382 0 328.576 4.3769e-09
3.00728 1.4382 0 329.578 4.23134e-09
3.00728 1.4382 0 330.581 4.09065e-09
3.00728 1.4382 0 331.583 3.95467e-09
3.00728 1.4382 0 332.586 3.82324e-09
3.00728 1.4382 0 333.588 3.69621e-09
3.00728 1.4382 0 334.591 3.57343e-09
3.00728 1.4382 0 335.593 3.45475e-09
3.00728 1.4382 0 336.596 3.34004e-09
3.00728 1.4382 0 337.598 3.22916e-09
3.00728 1.4382 0 338.601 3.12199e-09
3.00728 1.4382 0 339.603 3.01839e-09
3.00728 1.4382 0 340.605 2.91825e-09
3.00728 1.4382 0 341.608 2.82146e-09
3.00728 1.4382 0 342.61 2.7279e-09
3.00728 1.4382 0 343.613 2.63745e-09
3.00728 1.4382 0 344.615 2.55003e-09
3.00728 1.4382 0 345.618 2.46552e-09
3.00728 1.4382 0 346.62 2.38382e-09
3.00728 1.4382 0 347.623 2.30485e-09
3.00728 1.4382 0 348.625 2.22851e-09
3.00728 1.4382 0 349.628 2.15472e-09
3.00728 1.4382 0 350.63 2.08338e-09
3.00728 1.4382 0 351.633 2.01442e-09
3.00728 1.4382 0 352.635 1.94775e-09
3.00728 1.4382 0 353.638 1.8833e-09
3.00728 1.4382 0 354.64 1.82099e-09
3.00728 1.4382 0 355.643 1.76076e-09
3.00728 1.4382 0 356.645 1.70253e-09
3.00728 1.4382 0 357.648 1.64624e-09
3.00728 1.4382 0 358.65 1.59182e-09
3.00728 1.4382 0 359.653 1.5392e-09
3.00728 1.4382 0 360.655 1.48834e-09
3.00728 1.4382 0 361.658 1.43916e-09
3.00728 1.4382 0 362.66 1.39162e-09
3.00728 1.4382 0 363.663 1.34566e-09
3.00728 1.4382 0 364.665 1.30122e-09
3.00728 1.4382 0 365.668 1.25826e-09
3.00728 1.4382 0 366.67 1.21672e-09
3.00728 1.4382 0 367.672 1.17656e-09
3.00728 1.4382 0 368.675 1.13774e-09
3.00728 1.4382 0 369.677 1.1002e-09
3.00728 1.4382 0 370.68 1.0639e-09
3.00728 1.4382 0 371.682 1.02881e-09
3.00728 1.4382 0 372.685 9.94882e-10
3.00728 1.4382 0 373.687 9.62078e-10
3.00728 1.4382 0 374.69 9.3036e-10
3.00728 1.4382 0 375.692 8.99693e-10
3.00728 1.4382 0 376.695 8.70042e-10
3.00728 1.4382 0 377.697 8.41373e-10
3.00728 1.4382 0 378.7 8.13652e-10
3.00728 1.4382 0 379.702 7.86849e-10
3.00728 1.4382 0 380.705 7.60933e-10
3.00728 1.4382 0 381.707 7.35875e-10
3.00728 1.4382 0 382.71 7.11645e-10
3.00728 1.4382 0 383.712 6.88217e-10
3.00728 1.4382 0 384.715 6.65563e-10
3.00728 1.4382 0 385.717 6.43659e-10
3.00728 1.4382 0 386.72 6.22478e-10
3.00728 1.4382 0 387.722 6.01998e-10
3.00728 1.4382 0 388.725 5.82194e-10
3.00728 1.4382 0 389.727 5.63045e-10
3.00728 1.4382 0 390.73 5.44528e-10
3.00728 1.4382 0 391.732 5.26622e-10
3.00728 1.4382 0 392.735 5.09308e-10
3.00728 1.4382 0 393.737 4.92565e-10
3.00728 1.4382 0 394.739 4.76375e-10
3.00728 1.4382 0 395.742 4.6072e-10
3.00728 1.4382 0 396.744 4.45581e-10
3.00728 1.4382 0 397.747 4.30941e-10
3.00728 1.4382 0 398.749 4.16785e-10
3.00728 1.4382 0 399.752 4.03095e-10
3.00728 1.4382 0 400.754 3.89857e-10
3.00728 1.4382 0 401.757 3.77055e-10
3.00728 1.4382 0 402.759 3.64676e-10
3.00728 1.4382 0 403.762 3.52704e-10
3.00728 1.4382 0 404.764 3.41127e-10
3.00728 1.4382 0 405.767 3.29931e-10
3.00728 1.4382 0 406.769 3.19104e-10
3.00728 1.4382 0 407.772 3.08634e-10
3.00728 1.4382 0 408.774 2.98509e-10
3.00728 1.4382 0 409.777 2.88717e-10
3.00728 1.4382 0 410.779 2.79247e-10
3.00728 1.4382 0 411.782 2.7009e-10
3.00728 1.4382 0 412.784 2.61233e-10
3.00728 1.4382 0 413.787 2.52668e-10
3.00728 1.4382 0 414.789 2.44385e-10
3.00728 1.4382 0 415.792 2.36375e-10
3.00728 1.4382 0 416.794 2.28628e-10
3.00728 1.4382 0 417.797 2.21136e-10
3.00728 1.4382 0 418.799 2.1389e-10
3.00728 1.4382 0 419.802 2.06882e-10
3.00728 1.4382 0 420.804 2.00105e-10
3.00728 1.4382 0 421.806 1.93551e-10
3.00728 1.4382 0 422.809 1.87212e-10
3.00728 1.4382 0 423.811 1.81081e-10
3.00728 1.4382 0 424.814 1.75152e-10
3.00728 1.4382 0 425.816 1.69418e-10
3.00728 1.4382 0 426.819 1.63872e-10
3.00728 1.4382 0 427.821 1.58508e-10
3.00728 1.4382 0 428.824 1.5332e-10
3.00728 1.4382 0 429.826 1.48303e-10
3.00728 1.4382 0 430.829 1.43451e-10
3.00728 1.4382 0 431.831 1.38757e-10
3.00728 1.4382 0 432.834 1.34218e-10
3.00728 1.4382 0 433.836 1.29828e-10
3.00728 1.4382 0 434.839 1.25582e-10
3.00728 1.4382 0 435.841 1.21475e-10
3.00728 1.4382 0 436.844 1.17503e-10
3.00728 1.4382 0 437.846 1.13661e-10
3.00728 1.4382 0 438.849 1.09945e-10
3.00728 1.4382 0 439.851 1.06351e-10
3.00728 1.4382 0 440.854 1.02875e-10
3.00728 1.4382 0 441.856 9.95129e-11
3.00728 1.4382 0 442.859 9.6261e-11
3.00728 1.4382 0 443.861 9.31157e-11
3.00728 1.4382 0 444.864 9.00734e-11
3.00728 1.4382 0 445.866 8.71309e-11
3.00728 1.4382 0 446.868 8.42848e-11
3.00728 1.4382 0 447.871 8.1532e-11
3.00728 1.4382 0 448.873 7.88693e-11
3.00728 1.4382 0 449.876 7.62938e-11
3.00728 1.4382 0 450.878 7.38027e-11
3.00728 1.4382 0 451.881 7.13932e-11
3.00728 1.4382 0 452.883 6.90626e-11
3.00728 1.4382 0 453.886 6.68082e-11
3.00728 1.4382 0 454.888 6.46277e-11
3.00728 1.4382 0 455.891 6.25186e-11
3.00728 1.4382 0 456.893 6.04785e-11
3.00728 1.4382 0 457.896 5.85051e-11
3.00728 1.4382 0 458.898 5.65963e-11
3.00728 1.4382 0 459.901 5.475e-11
3.00728 1.4382 0 460.903 5.29641e-11
3.00728 1.4382 0 461.906 5.12366e-11
3.00728 1.4382 0 462.908 4.95655e-11
3.00728 1.4382 0 463.911 4.79492e-11
3.00728 1.4382 0 464.913 4.63857e-11
3.00728 1.4382 0 465.916 4.48733e-11
3.00728 1.4382 0 466.918 4.34104e-11
3.00728 1.4382 0 467.921 4.19953e-11
3.00728 1.4382 0 468.923 4.06264e-11
3.00728 1.4382 0 469.926 3.93023e-11
3.00728 1.4382 0 470.928 3.80215e-11
3.00728 1.4382 0 471.931 3.67825e-11
3.00728 1.4382 0 472.933 3.5584e-11
3.00728 1.4382 0 473.935 3.44246e-11
3.00728 1.4382 0 474.938 3.33031e-11
3.00728 1.4382 0 475.94 3.22183e-11
3.00728 1.4382 0 476.943 3.11689e-11
3.00728 1.4382 0 477.945 3.01537e-11
3.00728 1.4382 0 478.948 2.91717e-11
3.00728 1.4382 0 479.95 2.82218e-11
3.00728 1.4382 0 480.953 2.73029e-11
3.00728 1.4382 0 481.955 2.64139e-11
3.00728 1.4382 0 482.958 2.5554e-11
3.00728 1.4382 0 483.96 2.47222e-11
3.00728 1.4382 0 484.963 2.39175e-11
3.00728 1.4382 0 485.965 2.3139e-11
3.00728 1.4382 0 486.968 2.2386e-11
3.00728 1.4382 0 487.97 2.16575e-11
3.00728 1.4382 0 488.973 2.09528e-11
3.00728 1.4382 0 489.975 2.02711e-11
3.00728 1.4382 0 490.978 1.96116e-11
3.00728 1.4382 0 491.98 1.89736e-11
3.00728 1.4382 0 492.983 1.83564e-11
3.00728 1.4382 0 493.985 1.77594e-11
3.00728 1.4382 0 494.988 1.71818e-11
3.00728 1.4382 0 495.99 1.6623e-11
3.00728 1.4382 0 496.993 1.60825e-11
3.00728 1.4382 0 497.995 1.55595e-11
3.00728 1.4382 0 498.998 1.50537e-11
3.00728 1.4382 0 500 1.45643e-11

