0.876245 1.4382 200 150.015 3.87967e-05
0.876245 1.4382 200 151.017 6.9978e-05
0.876245 1.4382 200 152.02 7.18701e-05
0.876245 1.4382 200 153.022 7.01839e-05
0.876245 1.4382 200 154.025 6.82121e-05
0.876245 1.4382 200 155.027 6.62686e-05
0.876245 1.4382 200 156.03 6.43835e-05
0.876245 1.4382 200 157.032 6.2558e-05
0.876245 1.4382 200 158.035 6.07904e-05
0.876245 1.4382 200 159.037 5.90786e-05
0.876245 1.4382 200 160.04 5.74207e-05
0.876245 1.4382 200 161.042 5.58148e-05
0.876245 1.4382 200 162.045 5.42592e-05
0.876245 1.4382 200 163.047 5.27519e-05
0.876245 1.4382 200 164.05 5.12915e-05
0.876245 1.4382 200 165.052 4.98762e-05
0.876245 1.4382 200 166.054 4.85045e-05
0.876245 1.4382 200 167.057 4.71748e-05
0.876245 1.4382 200 168.059 4.58858e-05
0.876245 1.4382 200 169.062 4.4636e-05
0.876245 1.4382 200 170.064 4.34241e-05
0.876245 1.4382 200 171.067 4.22488e-05
0.876245 1.4382 200 172.069 4.11088e-05
0.876245 1.4382 200 173.072 4.0003e-05
0.876245 1.4382 200 174.074 3.89302e-05
0.876245 1.4382 200 175.077 3.78893e-05
0.876245 1.4382 200 176.079 3.68792e-05
0.876245 1.4382 200 177.082 3.58989e-05
0.876245 1.4382 200 178.084 3.49475e-05
0.876245 1.4382 200 179.087 3.40239e-05
0.876245 1.4382 200 180.089 3.31272e-05
0.876245 1.4382 200 181.092 3.22566e-05
0.876245 1.4382 200 182.094 3.14113e-05
0.876245 1.4382 200 183.096 3.05903e-05
0.876245 1.4382 200 184.099 2.97929e-05
0.876245 1.4382 200 185.101 2.90184e-05
0.876245 1.4382 200 186.104 2.82661e-05
0.876245 1.4382 200 187.106 2.75351e-05
0.876245 1.4382 200 188.109 2.68249e-05
0.876245 1.4382 200 189.111 2.61347e-05
0.876245 1.4382 200 190.114 2.5464e-05
0.876245 1.4382 200 191.116 2.48122e-05
0.876245 1.4382 200 192.119 2.41786e-05
0.876245 1.4382 200 193.121 2.35627e-05
0.876245 1.4382 200 194.124 2.29639e-05
0.876245 1.4382 200 195.126 2.23817e-05
0.876245 1.4382 200 196.129 2.18156e-05
0.876245 1.4382 200 197.131 2.12652e-05
0.876245 1.4382 200 198.133 2.07298e-05
0.876245 1.4382 200 199.136 2.02091e-05
0.876245 1.4382 200 200.138 1.97027e-05
0.876245 1.4382 200 201.141 1.92101e-05
0.876245 1.4382 200 202.143 1.87308e-05
0.876245 1.4382 200 203.146 1.82645e-05
0.876245 1.4382 200 204.148 1.78108e-05
0.876245 1.4382 200 205.151 1.73694e-05
0.876245 1.4382 200 206.153 1.69398e-05
0.876245 1.4382 200 207.156 1.65217e-05
0.876245 1.4382 200 208.158 1.61148e-05
0.876245 1.4382 200 209.161 1.57187e-05
0.876245 1.4382 200 210.163 1.53332e-05
0.876245 1.4382 200 211.166 1.49578e-05
0.876245 1.4382 200 212.168 1.45925e-05
0.876245 1.4382 200 213.171 1.42367e-05
0.876245 1.4382 200 214.173 1.38903e-05
0.876245 1.4382 200 215.175 1.3553e-05
0.876245 1.4382 200 216.178 1.32245e-05
0.876245 1.4382 200 217.18 1.29047e-05
0.876245 1.4382 200 218.183 1.25931e-05
0.876245 1.4382 200 219.185 1.22897e-05
0.876245 1.4382 200 220.188 1.19941e-05
0.876245 1.4382 200 221.19 1.17061e-05
0.876245 1.4382 200 222.193 1.14256e-05
0.876245 1.4382 200 223.195 1.11524e-05
0.876245 1.4382 200 224.198 1.08861e-05
0.876245 1.4382 200 225.2 1.06267e-05
0.876245 1.4382 200 226.203 1.03739e-05
0.876245 1.4382 200 227.205 1.01276e-05
0.876245 1.4382 200 228.208 9.88753e-06
0.876245 1.4382 200 229.21 9.65358e-06
0.876245 1.4382 200 230.212 9.42556e-06
0.876245 1.4382 200 231.215 9.20332e-06
0.876245 1.4382 200 232.217 8.98669e-06
0.876245 1.4382 200 233.22 8.77552e-06
0.876245 1.4382 200 234.222 8.56966e-06
0.876245 1.4382 200 235.225 8.36897e-06
0.876245 1.4382 200 236.227 8.17332e-06
0.876245 1.4382 200 237.23 7.98255e-06
0.876245 1.4382 200 238.232 7.79655e-06
0.876245 1.4382 200 239.235 7.61517e-06
0.876245 1.4382 200 240.237 7.43831e-06
0.876245 1.4382 200 241.24 7.26584e-06
0.876245 1.4382 200 242.242 7.09764e-06
0.876245 1.4382 200 243.245 6.93359e-06
0.876245 1.4382 200 244.247 6.7736e-06
0.876245 1.4382 200 245.25 6.61754e-06
0.876245 1.4382 200 246.252 6.46532e-06
0.876245 1.4382 200 247.254 6.31684e-06
0.876245 1.4382 200 248.257 6.17199e-06
0.876245 1.4382 200 249.259 6.03069e-06
0.876245 1.4382 200 250.262 5.89283e-06
0.876245 1.4382 200 251.264 5.75833e-06
0.876245 1.4382 200 252.267 5.62711e-06
0.876245 1.4382 200 253.269 5.49907e-06
0.876245 1.4382 200 254.272 5.37413e-06
0.876245 1.4382 200 255.274 5.25222e-06
0.876245 1.4382 200 256.277 5.13325e-06
0.876245 1.4382 200 257.279 5.01715e-06
0.876245 1.4382 200 258.282 4.90385e-06
0.876245 1.4382 200 259.284 4.79327e-06
0.876245 1.4382 200 260.287 4.68534e-06
0.876245 1.4382 200 261.289 4.58e-06
0.876245 1.4382 200 262.291 4.47718e-06
0.876245 1.4382 200 263.294 4.37681e-06
0.876245 1.4382 200 264.296 4.27884e-06
0.876245 1.4382 200 265.299 4.1832e-06
0.876245 1.4382 200 266.301 4.08983e-06
0.876245 1.4382 200 267.304 3.99868e-06
0.876245 1.4382 200 268.306 3.90969e-06
0.876245 1.4382 200 269.309 3.8228e-06
0.876245 1.4382 200 270.311 3.73797e-06
0.876245 1.4382 200 271.314 3.65513e-06
0.876245 1.4382 200 272.316 3.57425e-06
0.876245 1.4382 200 273.319 3.49527e-06
0.876245 1.4382 200 274.321 3.41814e-06
0.876245 1.4382 200 275.324 3.34283e-06
0.876245 1.4382 200 276.326 3.26927e-06
0.876245 1.4382 200 277.329 3.19744e-06
0.876245 1.4382 200 278.331 3.12728e-06
0.876245 1.4382 200 279.333 3.05876e-06
0.876245 1.4382 200 280.336 2.99184e-06
0.876245 1.4382 200 281.338 2.92647e-06
0.876245 1.4382 200 282.341 2.86261e-06
0.876245 1.4382 200 283.343 2.80024e-06
0.876245 1.4382 200 284.346 2.73931e-06
0.876245 1.4382 200 285.348 2.67979e-06
0.876245 1.4382 200 286.351 2.62165e-06
0.876245 1.4382 200 287.353 2.56484e-06
0.876245 1.4382 200 288.356 2.50935e-06
0.876245 1.4382 200 289.358 2.45512e-06
0.876245 1.4382 200 290.361 2.40215e-06
0.876245 1.4382 200 291.363 2.35039e-06
0.876245 1.4382 200 292.366 2.29981e-06
0.876245 1.4382 200 293.368 2.25039e-06
0.876245 1.4382 200 294.37 2.2021e-06
0.876245 1.4382 200 295.373 2.15492e-06
0.876245 1.4382 200 296.375 2.1088e-06
0.876245 1.4382 200 297.378 2.06374e-06
0.876245 1.4382 200 298.38 2.0197e-06
0.876245 1.4382 200 299.383 1.97666e-06
0.876245 1.4382 200 300.385 1.9346e-06
0.876245 1.4382 200 301.388 1.89349e-06
0.876245 1.4382 200 302.39 1.85331e-06
0.876245 1.4382 200 303.393 1.81403e-06
0.876245 1.4382 200 304.395 1.77564e-06
0.876245 1.4382 200 305.398 1.73812e-06
0.876245 1.4382 200 306.4 1.70144e-06
0.876245 1.4382 200 307.403 1.66559e-06
0.876245 1.4382 200 308.405 1.63054e-06
0.876245 1.4382 200 309.408 1.59628e-06
0.876245 1.4382 200 310.41 1.56278e-06
0.876245 1.4382 200 311.412 1.53003e-06
0.876245 1.4382 200 312.415 1.49802e-06
0.876245 1.4382 200 313.417 1.46672e-06
0.876245 1.4382 200 314.42 1.43611e-06
0.876245 1.4382 200 315.422 1.40619e-06
0.876245 1.4382 200 316.425 1.37694e-06
0.876245 1.4382 200 317.427 1.34833e-06
0.876245 1.4382 200 318.43 1.32036e-06
0.876245 1.4382 200 319.432 1.29301e-06
0.876245 1.4382 200 320.435 1.26626e-06
0.876245 1.4382 200 321.437 1.24011e-06
0.876245 1.4382 200 322.44 1.21453e-06
0.876245 1.4382 200 323.442 1.18952e-06
0.876245 1.4382 200 324.445 1.16506e-06
0.876245 1.4382 200 325.447 1.14113e-06
0.876245 1.4382 200 326.449 1.11774e-06
0.876245 1.4382 200 327.452 1.09485e-06
0.876245 1.4382 200 328.454 1.07247e-06
0.876245 1.4382 200 329.457 1.05058e-06
0.876245 1.4382 200 330.459 1.02917e-06
0.876245 1.4382 200 331.462 1.00823e-06
0.876245 1.4382 200 332.464 9.87742e-07
0.876245 1.4382 200 333.467 9.67703e-07
0.876245 1.4382 200 334.469 9.48101e-07
0.876245 1.4382 200 335.472 9.28926e-07
0.876245 1.4382 200 336.474 9.10169e-07
0.876245 1.4382 200 337.477 8.91818e-07
0.876245 1.4382 200 338.479 8.73866e-07
0.876245 1.4382 200 339.482 8.56303e-07
0.876245 1.4382 200 340.484 8.39121e-07
0.876245 1.4382 200 341.487 8.2231e-07
0.876245 1.4382 200 342.489 8.05862e-07
0.876245 1.4382 200 343.491 7.8977e-07
0.876245 1.4382 200 344.494 7.74024e-07
0.876245 1.4382 200 345.496 7.58618e-07
0.876245 1.4382 200 346.499 7.43543e-07
0.876245 1.4382 200 347.501 7.28792e-07
0.876245 1.4382 200 348.504 7.14358e-07
0.876245 1.4382 200 349.506 7.00234e-07
0.876245 1.4382 200 350.509 6.86412e-07
0.876245 1.4382 200 351.511 6.72886e-07
0.876245 1.4382 200 352.514 6.59649e-07
0.876245 1.4382 200 353.516 6.46695e-07
0.876245 1.4382 200 354.519 6.34017e-07
0.876245 1.4382 200 355.521 6.2161e-07
0.876245 1.4382 200 356.524 6.09467e-07
0.876245 1.4382 200 357.526 5.97582e-07
0.876245 1.4382 200 358.528 5.85949e-07
0.876245 1.4382 200 359.531 5.74563e-07
0.876245 1.4382 200 360.533 5.63419e-07
0.876245 1.4382 200 361.536 5.52511e-07
0.876245 1.4382 200 362.538 5.41834e-07
0.876245 1.4382 200 363.541 5.31382e-07
0.876245 1.4382 200 364.543 5.21151e-07
0.876245 1.4382 200 365.546 5.11136e-07
0.876245 1.4382 200 366.548 5.01331e-07
0.876245 1.4382 200 367.551 4.91733e-07
0.876245 1.4382 200 368.553 4.82337e-07
0.876245 1.4382 200 369.556 4.73138e-07
0.876245 1.4382 200 370.558 4.64132e-07
0.876245 1.4382 200 371.561 4.55315e-07
0.876245 1.4382 200 372.563 4.46682e-07
0.876245 1.4382 200 373.566 4.3823e-07
0.876245 1.4382 200 374.568 4.29954e-07
0.876245 1.4382 200 375.57 4.21851e-07
0.876245 1.4382 200 376.573 4.13917e-07
0.876245 1.4382 200 377.575 4.06148e-07
0.876245 1.4382 200 378.578 3.98541e-07
0.876245 1.4382 200 379.58 3.91092e-07
0.876245 1.4382 200 380.583 3.83797e-07
0.876245 1.4382 200 381.585 3.76653e-07
0.876245 1.4382 200 382.588 3.69658e-07
0.876245 1.4382 200 383.59 3.62807e-07
0.876245 1.4382 200 384.593 3.56097e-07
0.876245 1.4382 200 385.595 3.49526e-07
0.876245 1.4382 200 386.598 3.43091e-07
0.876245 1.4382 200 387.6 3.36788e-07
0.876245 1.4382 200 388.603 3.30614e-07
0.876245 1.4382 200 389.605 3.24568e-07
0.876245 1.4382 200 390.607 3.18645e-07
0.876245 1.4382 200 391.61 3.12844e-07
0.876245 1.4382 200 392.612 3.07161e-07
0.876245 1.4382 200 393.615 3.01595e-07
0.876245 1.4382 200 394.617 2.96143e-07
0.876245 1.4382 200 395.62 2.90801e-07
0.876245 1.4382 200 396.622 2.85569e-07
0.876245 1.4382 200 397.625 2.80443e-07
0.876245 1.4382 200 398.627 2.75421e-07
0.876245 1.4382 200 399.63 2.70501e-07
0.876245 1.4382 200 400.632 2.65681e-07
0.876245 1.4382 200 401.635 2.60959e-07
0.876245 1.4382 200 402.637 2.56332e-07
0.876245 1.4382 200 403.64 2.51798e-07
0.876245 1.4382 200 404.642 2.47356e-07
0.876245 1.4382 200 405.645 2.43004e-07
0.876245 1.4382 200 406.647 2.38739e-07
0.876245 1.4382 200 407.649 2.34559e-07
0.876245 1.4382 200 408.652 2.30464e-07
0.876245 1.4382 200 409.654 2.26451e-07
0.876245 1.4382 200 410.657 2.22518e-07
0.876245 1.4382 200 411.659 2.18664e-07
0.876245 1.4382 200 412.662 2.14887e-07
0.876245 1.4382 200 413.664 2.11185e-07
0.876245 1.4382 200 414.667 2.07557e-07
0.876245 1.4382 200 415.669 2.04001e-07
0.876245 1.4382 200 416.672 2.00516e-07
0.876245 1.4382 200 417.674 1.971e-07
0.876245 1.4382 200 418.677 1.93751e-07
0.876245 1.4382 200 419.679 1.90469e-07
0.876245 1.4382 200 420.682 1.87252e-07
0.876245 1.4382 200 421.684 1.84098e-07
0.876245 1.4382 200 422.686 1.81006e-07
0.876245 1.4382 200 423.689 1.77975e-07
0.876245 1.4382 200 424.691 1.75004e-07
0.876245 1.4382 200 425.694 1.7209e-07
0.876245 1.4382 200 426.696 1.69234e-07
0.876245 1.4382 200 427.699 1.66434e-07
0.876245 1.4382 200 428.701 1.63689e-07
0.876245 1.4382 200 429.704 1.60997e-07
0.876245 1.4382 200 430.706 1.58357e-07
0.876245 1.4382 200 431.709 1.55769e-07
0.876245 1.4382 200 432.711 1.53231e-07
0.876245 1.4382 200 433.714 1.50742e-07
0.876245 1.4382 200 434.716 1.48301e-07
0.876245 1.4382 200 435.719 1.45908e-07
0.876245 1.4382 200 436.721 1.4356e-07
0.876245 1.4382 200 437.724 1.41258e-07
0.876245 1.4382 200 438.726 1.39e-07
0.876245 1.4382 200 439.728 1.36786e-07
0.876245 1.4382 200 440.731 1.34614e-07
0.876245 1.4382 200 441.733 1.32483e-07
0.876245 1.4382 200 442.736 1.30393e-07
0.876245 1.4382 200 443.738 1.28343e-07
0.876245 1.4382 200 444.741 1.26332e-07
0.876245 1.4382 200 445.743 1.24359e-07
0.876245 1.4382 200 446.746 1.22424e-07
0.876245 1.4382 200 447.748 1.20525e-07
0.876245 1.4382 200 448.751 1.18662e-07
0.876245 1.4382 200 449.753 1.16834e-07
0.876245 1.4382 200 450.756 1.15041e-07
0.876245 1.4382 200 451.758 1.13282e-07
0.876245 1.4382 200 452.761 1.11555e-07
0.876245 1.4382 200 453.763 1.09861e-07
0.876245 1.4382 200 454.765 1.08198e-07
0.876245 1.4382 200 455.768 1.06566e-07
0.876245 1.4382 200 456.77 1.04965e-07
0.876245 1.4382 200 457.773 1.03394e-07
0.876245 1.4382 200 458.775 1.01851e-07
0.876245 1.4382 200 459.778 1.00338e-07
0.876245 1.4382 200 460.78 9.88517e-08
0.876245 1.4382 200 461.783 9.73932e-08
0.876245 1.4382 200 462.785 9.59616e-08
0.876245 1.4382 200 463.788 9.45563e-08
0.876245 1.4382 200 464.79 9.31767e-08
0.876245 1.4382 200 465.793 9.18223e-08
0.876245 1.4382 200 466.795 9.04926e-08
0.876245 1.4382 200 467.798 8.91871e-08
0.876245 1.4382 200 468.8 8.79054e-08
0.876245 1.4382 200 469.803 8.66468e-08
0.876245 1.4382 200 470.805 8.5411e-08
0.876245 1.4382 200 471.807 8.41976e-08
0.876245 1.4382 200 472.81 8.30059e-08
0.876245 1.4382 200 473.812 8.18357e-08
0.876245 1.4382 200 474.815 8.06864e-08
0.876245 1.4382 200 475.817 7.95577e-08
0.876245 1.4382 200 476.82 7.84491e-08
0.876245 1.4382 200 477.822 7.73602e-08
0.876245 1.4382 200 478.825 7.62907e-08
0.876245 1.4382 200 479.827 7.52401e-08
0.876245 1.4382 200 480.83 7.42081e-08
0.876245 1.4382 200 481.832 7.31942e-08
0.876245 1.4382 200 482.835 7.21982e-08
0.876245 1.4382 200 483.837 7.12196e-08
0.876245 1.4382 200 484.84 7.02582e-08
0.876245 1.4382 200 485.842 6.93135e-08
0.876245 1.4382 200 486.844 6.83852e-08
0.876245 1.4382 200 487.847 6.74731e-08
0.876245 1.4382 200 488.849 6.65768e-08
0.876245 1.4382 200 489.852 6.56959e-08
0.876245 1.4382 200 490.854 6.48302e-08
0.876245 1.4382 200 491.857 6.39793e-08
0.876245 1.4382 200 492.859 6.31431e-08
0.876245 1.4382 200 493.862 6.23211e-08
0.876245 1.4382 200 494.864 6.15131e-08
0.876245 1.4382 200 495.867 6.07188e-08
0.876245 1.4382 200 496.869 5.9938e-08
0.876245 1.4382 200 497.872 5.91704e-08
0.876245 1.4382 200 498.874 5.84157e-08
0.876245 1.4382 200 499.877 5.76736e-08
0.876245 1.4382 200 500.879 5.6944e-08
0.876245 1.4382 200 501.882 5.62266e-08
0.876245 1.4382 200 502.884 5.55211e-08
0.876245 1.4382 200 503.886 5.48273e-08
0.876245 1.4382 200 504.889 5.4145e-08
0.876245 1.4382 200 505.891 5.34739e-08
0.876245 1.4382 200 506.894 5.28139e-08
0.876245 1.4382 200 507.896 5.21647e-08
0.876245 1.4382 200 508.899 5.15261e-08
0.876245 1.4382 200 509.901 5.08979e-08
0.876245 1.4382 200 510.904 5.02799e-08
0.876245 1.4382 200 511.906 4.96719e-08
0.876245 1.4382 200 512.909 4.90738e-08
0.876245 1.4382 200 513.911 4.84852e-08
0.876245 1.4382 200 514.914 4.79061e-08
0.876245 1.4382 200 515.916 4.73362e-08
0.876245 1.4382 200 516.919 4.67754e-08
0.876245 1.4382 200 517.921 4.62235e-08
0.876245 1.4382 200 518.923 4.56803e-08
0.876245 1.4382 200 519.926 4.51457e-08
0.876245 1.4382 200 520.928 4.46195e-08
0.876245 1.4382 200 521.931 4.41016e-08
0.876245 1.4382 200 522.933 4.35917e-08
0.876245 1.4382 200 523.936 4.30897e-08
0.876245 1.4382 200 524.938 4.25955e-08
0.876245 1.4382 200 525.941 4.2109e-08
0.876245 1.4382 200 526.943 4.16299e-08
0.876245 1.4382 200 527.946 4.11582e-08
0.876245 1.4382 200 528.948 4.06937e-08
0.876245 1.4382 200 529.951 4.02363e-08
0.876245 1.4382 200 530.953 3.97857e-08
0.876245 1.4382 200 531.956 3.9342e-08
0.876245 1.4382 200 532.958 3.8905e-08
0.876245 1.4382 200 533.961 3.84746e-08
0.876245 1.4382 200 534.963 3.80505e-08
0.876245 1.4382 200 535.965 3.76328e-08
0.876245 1.4382 200 536.968 3.72213e-08
0.876245 1.4382 200 537.97 3.68158e-08
0.876245 1.4382 200 538.973 3.64163e-08
0.876245 1.4382 200 539.975 3.60227e-08
0.876245 1.4382 200 540.978 3.56348e-08
0.876245 1.4382 200 541.98 3.52526e-08
0.876245 1.4382 200 542.983 3.48759e-08
0.876245 1.4382 200 543.985 3.45046e-08
0.876245 1.4382 200 544.988 3.41387e-08
0.876245 1.4382 200 545.99 3.3778e-08
0.876245 1.4382 200 546.993 3.34225e-08
0.876245 1.4382 200 547.995 3.3072e-08
0.876245 1.4382 200 548.998 3.27265e-08
0.876245 1.4382 200 550 3.23858e-08
