1.11295 1.4382 200 150.015 1.88057e-06
1.11295 1.4382 200 151.017 3.38074e-06
1.11295 1.4382 200 152.02 3.46072e-06
1.11295 1.4382 200 153.022 3.37627e-06
1.11295 1.4382 200 154.025 3.28347e-06
1.11295 1.4382 200 155.027 3.19504e-06
1.11295 1.4382 200 156.03 3.11113e-06
1.11295 1.4382 200 157.032 3.0311e-06
1.11295 1.4382 200 158.035 2.95446e-06
1.11295 1.4382 200 159.037 2.88082e-06
1.11295 1.4382 200 160.04 2.80992e-06
1.11295 1.4382 200 161.042 2.74154e-06
1.11295 1.4382 200 162.045 2.67551e-06
1.11295 1.4382 200 163.047 2.61166e-06
1.11295 1.4382 200 164.05 2.54988e-06
1.11295 1.4382 200 165.052 2.49005e-06
1.11295 1.4382 200 166.054 2.43207e-06
1.11295 1.4382 200 167.057 2.37585e-06
1.11295 1.4382 200 168.059 2.32131e-06
1.11295 1.4382 200 169.062 2.26837e-06
1.11295 1.4382 200 170.064 2.21697e-06
1.11295 1.4382 200 171.067 2.16704e-06
1.11295 1.4382 200 172.069 2.11852e-06
1.11295 1.4382 200 173.072 2.07136e-06
1.11295 1.4382 200 174.074 2.0255e-06
1.11295 1.4382 200 175.077 1.98089e-06
1.11295 1.4382 200 176.079 1.93749e-06
1.11295 1.4382 200 177.082 1.89526e-06
1.11295 1.4382 200 178.084 1.85414e-06
1.11295 1.4382 200 179.087 1.81411e-06
1.11295 1.4382 200 180.089 1.77513e-06
1.11295 1.4382 200 181.092 1.73715e-06
1.11295 1.4382 200 182.094 1.70015e-06
1.11295 1.4382 200 183.096 1.6641e-06
1.11295 1.4382 200 184.099 1.62896e-06
1.11295 1.4382 200 185.101 1.5947e-06
1.11295 1.4382 200 186.104 1.5613e-06
1.11295 1.4382 200 187.106 1.52872e-06
1.11295 1.4382 200 188.109 1.49695e-06
1.11295 1.4382 200 189.111 1.46596e-06
1.11295 1.4382 200 190.114 1.43572e-06
1.11295 1.4382 200 191.116 1.40621e-06
1.11295 1.4382 200 192.119 1.37742e-06
1.11295 1.4382 200 193.121 1.34931e-06
1.11295 1.4382 200 194.124 1.32187e-06
1.11295 1.4382 200 195.126 1.29508e-06
1.11295 1.4382 200 196.129 1.26892e-06
1.11295 1.4382 200 197.131 1.24337e-06
1.11295 1.4382 200 198.133 1.21842e-06
1.11295 1.4382 200 199.136 1.19404e-06
1.11295 1.4382 200 200.138 1.17023e-06
1.11295 1.4382 200 201.141 1.14696e-06
1.11295 1.4382 200 202.143 1.12423e-06
1.11295 1.4382 200 203.146 1.10201e-06
1.11295 1.4382 200 204.148 1.08029e-06
1.11295 1.4382 200 205.151 1.05906e-06
1.11295 1.4382 200 206.153 1.03831e-06
1.11295 1.4382 200 207.156 1.01803e-06
1.11295 1.4382 200 208.158 9.98189e-07
1.11295 1.4382 200 209.161 9.78792e-07
1.11295 1.4382 200 210.163 9.59822e-07
1.11295 1.4382 200 211.166 9.41269e-07
1.11295 1.4382 200 212.168 9.23122e-07
1.11295 1.4382 200 213.171 9.05371e-07
1.11295 1.4382 200 214.173 8.88004e-07
1.11295 1.4382 200 215.175 8.71014e-07
1.11295 1.4382 200 216.178 8.5439e-07
1.11295 1.4382 200 217.18 8.38122e-07
1.11295 1.4382 200 218.183 8.22203e-07
1.11295 1.4382 200 219.185 8.06623e-07
1.11295 1.4382 200 220.188 7.91374e-07
1.11295 1.4382 200 221.19 7.76448e-07
1.11295 1.4382 200 222.193 7.61837e-07
1.11295 1.4382 200 223.195 7.47533e-07
1.11295 1.4382 200 224.198 7.33529e-07
1.11295 1.4382 200 225.2 7.19818e-07
1.11295 1.4382 200 226.203 7.06392e-07
1.11295 1.4382 200 227.205 6.93245e-07
1.11295 1.4382 200 228.208 6.80371e-07
1.11295 1.4382 200 229.21 6.67762e-07
1.11295 1.4382 200 230.212 6.55412e-07
1.11295 1.4382 200 231.215 6.43316e-07
1.11295 1.4382 200 232.217 6.31467e-07
1.11295 1.4382 200 233.22 6.1986e-07
1.11295 1.4382 200 234.222 6.08489e-07
1.11295 1.4382 200 235.225 5.97348e-07
1.11295 1.4382 200 236.227 5.86433e-07
1.11295 1.4382 200 237.23 5.75738e-07
1.11295 1.4382 200 238.232 5.65258e-07
1.11295 1.4382 200 239.235 5.54988e-07
1.11295 1.4382 200 240.237 5.44924e-07
1.11295 1.4382 200 241.24 5.35061e-07
1.11295 1.4382 200 242.242 5.25394e-07
1.11295 1.4382 200 243.245 5.15919e-07
1.11295 1.4382 200 244.247 5.06631e-07
1.11295 1.4382 200 245.25 4.97527e-07
1.11295 1.4382 200 246.252 4.88602e-07
1.11295 1.4382 200 247.254 4.79853e-07
1.11295 1.4382 200 248.257 4.71275e-07
1.11295 1.4382 200 249.259 4.62865e-07
1.11295 1.4382 200 250.262 4.5462e-07
1.11295 1.4382 200 251.264 4.46535e-07
1.11295 1.4382 200 252.267 4.38606e-07
1.11295 1.4382 200 253.269 4.30832e-07
1.11295 1.4382 200 254.272 4.23208e-07
1.11295 1.4382 200 255.274 4.15731e-07
1.11295 1.4382 200 256.277 4.08398e-07
1.11295 1.4382 200 257.279 4.01206e-07
1.11295 1.4382 200 258.282 3.94151e-07
1.11295 1.4382 200 259.284 3.87232e-07
1.11295 1.4382 200 260.287 3.80445e-07
1.11295 1.4382 200 261.289 3.73787e-07
1.11295 1.4382 200 262.291 3.67255e-07
1.11295 1.4382 200 263.294 3.60848e-07
1.11295 1.4382 200 264.296 3.54562e-07
1.11295 1.4382 200 265.299 3.48394e-07
1.11295 1.4382 200 266.301 3.42343e-07
1.11295 1.4382 200 267.304 3.36406e-07
1.11295 1.4382 200 268.306 3.3058e-07
1.11295 1.4382 200 269.309 3.24863e-07
1.11295 1.4382 200 270.311 3.19253e-07
1.11295 1.4382 200 271.314 3.13748e-07
1.11295 1.4382 200 272.316 3.08346e-07
1.11295 1.4382 200 273.319 3.03044e-07
1.11295 1.4382 200 274.321 2.97841e-07
1.11295 1.4382 200 275.324 2.92734e-07
1.11295 1.4382 200 276.326 2.87721e-07
1.11295 1.4382 200 277.329 2.82802e-07
1.11295 1.4382 200 278.331 2.77972e-07
1.11295 1.4382 200 279.333 2.73232e-07
1.11295 1.4382 200 280.336 2.68579e-07
1.11295 1.4382 200 281.338 2.64011e-07
1.11295 1.4382 200 282.341 2.59526e-07
1.11295 1.4382 200 283.343 2.55124e-07
1.11295 1.4382 200 284.346 2.50802e-07
1.11295 1.4382 200 285.348 2.46559e-07
1.11295 1.4382 200 286.351 2.42392e-07
1.11295 1.4382 200 287.353 2.38302e-07
1.11295 1.4382 200 288.356 2.34285e-07
1.11295 1.4382 200 289.358 2.30341e-07
1.11295 1.4382 200 290.361 2.26469e-07
1.11295 1.4382 200 291.363 2.22666e-07
1.11295 1.4382 200 292.366 2.18932e-07
1.11295 1.4382 200 293.368 2.15265e-07
1.11295 1.4382 200 294.37 2.11663e-07
1.11295 1.4382 200 295.373 2.08126e-07
1.11295 1.4382 200 296.375 2.04653e-07
1.11295 1.4382 200 297.378 2.01241e-07
1.11295 1.4382 200 298.38 1.97891e-07
1.11295 1.4382 200 299.383 1.946e-07
1.11295 1.4382 200 300.385 1.91367e-07
1.11295 1.4382 200 301.388 1.88192e-07
1.11295 1.4382 200 302.39 1.85074e-07
1.11295 1.4382 200 303.393 1.8201e-07
1.11295 1.4382 200 304.395 1.79001e-07
1.11295 1.4382 200 305.398 1.76044e-07
1.11295 1.4382 200 306.4 1.7314e-07
1.11295 1.4382 200 307.403 1.70287e-07
1.11295 1.4382 200 308.405 1.67484e-07
1.11295 1.4382 200 309.408 1.64731e-07
1.11295 1.4382 200 310.41 1.62025e-07
1.11295 1.4382 200 311.412 1.59367e-07
1.11295 1.4382 200 312.415 1.56756e-07
1.11295 1.4382 200 313.417 1.5419e-07
1.11295 1.4382 200 314.42 1.51668e-07
1.11295 1.4382 200 315.422 1.49191e-07
1.11295 1.4382 200 316.425 1.46757e-07
1.11295 1.4382 200 317.427 1.44365e-07
1.11295 1.4382 200 318.43 1.42014e-07
1.11295 1.4382 200 319.432 1.39704e-07
1.11295 1.4382 200 320.435 1.37434e-07
1.11295 1.4382 200 321.437 1.35203e-07
1.11295 1.4382 200 322.44 1.33011e-07
1.11295 1.4382 200 323.442 1.30857e-07
1.11295 1.4382 200 324.445 1.28739e-07
1.11295 1.4382 200 325.447 1.26658e-07
1.11295 1.4382 200 326.449 1.24613e-07
1.11295 1.4382 200 327.452 1.22602e-07
1.11295 1.4382 200 328.454 1.20627e-07
1.11295 1.4382 200 329.457 1.18684e-07
1.11295 1.4382 200 330.459 1.16776e-07
1.11295 1.4382 200 331.462 1.14899e-07
1.11295 1.4382 200 332.464 1.13055e-07
1.11295 1.4382 200 333.467 1.11242e-07
1.11295 1.4382 200 334.469 1.09459e-07
1.11295 1.4382 200 335.472 1.07707e-07
1.11295 1.4382 200 336.474 1.05985e-07
1.11295 1.4382 200 337.477 1.04292e-07
1.11295 1.4382 200 338.479 1.02627e-07
1.11295 1.4382 200 339.482 1.00991e-07
1.11295 1.4382 200 340.484 9.93821e-08
1.11295 1.4382 200 341.487 9.78004e-08
1.11295 1.4382 200 342.489 9.62454e-08
1.11295 1.4382 200 343.491 9.47165e-08
1.11295 1.4382 200 344.494 9.32132e-08
1.11295 1.4382 200 345.496 9.17352e-08
1.11295 1.4382 200 346.499 9.02819e-08
1.11295 1.4382 200 347.501 8.8853e-08
1.11295 1.4382 200 348.504 8.74479e-08
1.11295 1.4382 200 349.506 8.60663e-08
1.11295 1.4382 200 350.509 8.47078e-08
1.11295 1.4382 200 351.511 8.33719e-08
1.11295 1.4382 200 352.514 8.20582e-08
1.11295 1.4382 200 353.516 8.07664e-08
1.11295 1.4382 200 354.519 7.9496e-08
1.11295 1.4382 200 355.521 7.82467e-08
1.11295 1.4382 200 356.524 7.70181e-08
1.11295 1.4382 200 357.526 7.58099e-08
1.11295 1.4382 200 358.528 7.46216e-08
1.11295 1.4382 200 359.531 7.3453e-08
1.11295 1.4382 200 360.533 7.23036e-08
1.11295 1.4382 200 361.536 7.11732e-08
1.11295 1.4382 200 362.538 7.00615e-08
1.11295 1.4382 200 363.541 6.8968e-08
1.11295 1.4382 200 364.543 6.78924e-08
1.11295 1.4382 200 365.546 6.68346e-08
1.11295 1.4382 200 366.548 6.57941e-08
1.11295 1.4382 200 367.551 6.47706e-08
1.11295 1.4382 200 368.553 6.37639e-08
1.11295 1.4382 200 369.556 6.27736e-08
1.11295 1.4382 200 370.558 6.17996e-08
1.11295 1.4382 200 371.561 6.08414e-08
1.11295 1.4382 200 372.563 5.98988e-08
1.11295 1.4382 200 373.566 5.89716e-08
1.11295 1.4382 200 374.568 5.80595e-08
1.11295 1.4382 200 375.57 5.71622e-08
1.11295 1.4382 200 376.573 5.62795e-08
1.11295 1.4382 200 377.575 5.54111e-08
1.11295 1.4382 200 378.578 5.45568e-08
1.11295 1.4382 200 379.58 5.37163e-08
1.11295 1.4382 200 380.583 5.28894e-08
1.11295 1.4382 200 381.585 5.20759e-08
1.11295 1.4382 200 382.588 5.12755e-08
1.11295 1.4382 200 383.59 5.0488e-08
1.11295 1.4382 200 384.593 4.97132e-08
1.11295 1.4382 200 385.595 4.89509e-08
1.11295 1.4382 200 386.598 4.82008e-08
1.11295 1.4382 200 387.6 4.74628e-08
1.11295 1.4382 200 388.603 4.67367e-08
1.11295 1.4382 200 389.605 4.60222e-08
1.11295 1.4382 200 390.607 4.53191e-08
1.11295 1.4382 200 391.61 4.46274e-08
1.11295 1.4382 200 392.612 4.39466e-08
1.11295 1.4382 200 393.615 4.32768e-08
1.11295 1.4382 200 394.617 4.26177e-08
1.11295 1.4382 200 395.62 4.1969e-08
1.11295 1.4382 200 396.622 4.13307e-08
1.11295 1.4382 200 397.625 4.07026e-08
1.11295 1.4382 200 398.627 4.00845e-08
1.11295 1.4382 200 399.63 3.94762e-08
1.11295 1.4382 200 400.632 3.88776e-08
1.11295 1.4382 200 401.635 3.82884e-08
1.11295 1.4382 200 402.637 3.77087e-08
1.11295 1.4382 200 403.64 3.71381e-08
1.11295 1.4382 200 404.642 3.65765e-08
1.11295 1.4382 200 405.645 3.60238e-08
1.11295 1.4382 200 406.647 3.54798e-08
1.11295 1.4382 200 407.649 3.49445e-08
1.11295 1.4382 200 408.652 3.44176e-08
1.11295 1.4382 200 409.654 3.3899e-08
1.11295 1.4382 200 410.657 3.33885e-08
1.11295 1.4382 200 411.659 3.28861e-08
1.11295 1.4382 200 412.662 3.23916e-08
1.11295 1.4382 200 413.664 3.19049e-08
1.11295 1.4382 200 414.667 3.14258e-08
1.11295 1.4382 200 415.669 3.09542e-08
1.11295 1.4382 200 416.672 3.049e-08
1.11295 1.4382 200 417.674 3.00331e-08
1.11295 1.4382 200 418.677 2.95833e-08
1.11295 1.4382 200 419.679 2.91406e-08
1.11295 1.4382 200 420.682 2.87047e-08
1.11295 1.4382 200 421.684 2.82757e-08
1.11295 1.4382 200 422.686 2.78534e-08
1.11295 1.4382 200 423.689 2.74376e-08
1.11295 1.4382 200 424.691 2.70284e-08
1.11295 1.4382 200 425.694 2.66255e-08
1.11295 1.4382 200 426.696 2.62288e-08
1.11295 1.4382 200 427.699 2.58384e-08
1.11295 1.4382 200 428.701 2.54539e-08
1.11295 1.4382 200 429.704 2.50755e-08
1.11295 1.4382 200 430.706 2.47029e-08
1.11295 1.4382 200 431.709 2.43361e-08
1.11295 1.4382 200 432.711 2.39749e-08
1.11295 1.4382 200 433.714 2.36194e-08
1.11295 1.4382 200 434.716 2.32693e-08
1.11295 1.4382 200 435.719 2.29247e-08
1.11295 1.4382 200 436.721 2.25853e-08
1.11295 1.4382 200 437.724 2.22512e-08
1.11295 1.4382 200 438.726 2.19223e-08
1.11295 1.4382 200 439.728 2.15984e-08
1.11295 1.4382 200 440.731 2.12795e-08
1.11295 1.4382 200 441.733 2.09655e-08
1.11295 1.4382 200 442.736 2.06563e-08
1.11295 1.4382 200 443.738 2.03518e-08
1.11295 1.4382 200 444.741 2.00521e-08
1.11295 1.4382 200 445.743 1.97569e-08
1.11295 1.4382 200 446.746 1.94662e-08
1.11295 1.4382 200 447.748 1.918e-08
1.11295 1.4382 200 448.751 1.88982e-08
1.11295 1.4382 200 449.753 1.86207e-08
1.11295 1.4382 200 450.756 1.83474e-08
1.11295 1.4382 200 451.758 1.80783e-08
1.11295 1.4382 200 452.761 1.78133e-08
1.11295 1.4382 200 453.763 1.75523e-08
1.11295 1.4382 200 454.765 1.72953e-08
1.11295 1.4382 200 455.768 1.70422e-08
1.11295 1.4382 200 456.77 1.6793e-08
1.11295 1.4382 200 457.773 1.65475e-08
1.11295 1.4382 200 458.775 1.63058e-08
1.11295 1.4382 200 459.778 1.60677e-08
1.11295 1.4382 200 460.78 1.58333e-08
1.11295 1.4382 200 461.783 1.56024e-08
1.11295 1.4382 200 462.785 1.5375e-08
1.11295 1.4382 200 463.788 1.5151e-08
1.11295 1.4382 200 464.79 1.49305e-08
1.11295 1.4382 200 465.793 1.47132e-08
1.11295 1.4382 200 466.795 1.44993e-08
1.11295 1.4382 200 467.798 1.42885e-08
1.11295 1.4382 200 468.8 1.4081e-08
1.11295 1.4382 200 469.803 1.38766e-08
1.11295 1.4382 200 470.805 1.36752e-08
1.11295 1.4382 200 471.807 1.34769e-08
1.11295 1.4382 200 472.81 1.32816e-08
1.11295 1.4382 200 473.812 1.30892e-08
1.11295 1.4382 200 474.815 1.28997e-08
1.11295 1.4382 200 475.817 1.2713e-08
1.11295 1.4382 200 476.82 1.25292e-08
1.11295 1.4382 200 477.822 1.23481e-08
1.11295 1.4382 200 478.825 1.21697e-08
1.11295 1.4382 200 479.827 1.1994e-08
1.11295 1.4382 200 480.83 1.18209e-08
1.11295 1.4382 200 481.832 1.16504e-08
1.11295 1.4382 200 482.835 1.14825e-08
1.11295 1.4382 200 483.837 1.1317e-08
1.11295 1.4382 200 484.84 1.1154e-08
1.11295 1.4382 200 485.842 1.09935e-08
1.11295 1.4382 200 486.844 1.08354e-08
1.11295 1.4382 200 487.847 1.06796e-08
1.11295 1.4382 200 488.849 1.05261e-08
1.11295 1.4382 200 489.852 1.03749e-08
1.11295 1.4382 200 490.854 1.0226e-08
1.11295 1.4382 200 491.857 1.00792e-08
1.11295 1.4382 200 492.859 9.9347e-09
1.11295 1.4382 200 493.862 9.7923e-09
1.11295 1.4382 200 494.864 9.65201e-09
1.11295 1.4382 200 495.867 9.5138e-09
1.11295 1.4382 200 496.869 9.37763e-09
1.11295 1.4382 200 497.872 9.24349e-09
1.11295 1.4382 200 498.874 9.11133e-09
1.11295 1.4382 200 499.877 8.98112e-09
1.11295 1.4382 200 500.879 8.85284e-09
1.11295 1.4382 200 501.882 8.72645e-09
1.11295 1.4382 200 502.884 8.60193e-09
1.11295 1.4382 200 503.886 8.47925e-09
1.11295 1.4382 200 504.889 8.35837e-09
1.11295 1.4382 200 505.891 8.23928e-09
1.11295 1.4382 200 506.894 8.12194e-09
1.11295 1.4382 200 507.896 8.00632e-09
1.11295 1.4382 200 508.899 7.89241e-09
1.11295 1.4382 200 509.901 7.78017e-09
1.11295 1.4382 200 510.904 7.66958e-09
1.11295 1.4382 200 511.906 7.56062e-09
1.11295 1.4382 200 512.909 7.45325e-09
1.11295 1.4382 200 513.911 7.34746e-09
1.11295 1.4382 200 514.914 7.24322e-09
1.11295 1.4382 200 515.916 7.14051e-09
1.11295 1.4382 200 516.919 7.0393e-09
1.11295 1.4382 200 517.921 6.93957e-09
1.11295 1.4382 200 518.923 6.8413e-09
1.11295 1.4382 200 519.926 6.74447e-09
1.11295 1.4382 200 520.928 6.64905e-09
1.11295 1.4382 200 521.931 6.55503e-09
1.11295 1.4382 200 522.933 6.46238e-09
1.11295 1.4382 200 523.936 6.37108e-09
1.11295 1.4382 200 524.938 6.28111e-09
1.11295 1.4382 200 525.941 6.19245e-09
1.11295 1.4382 200 526.943 6.10508e-09
1.11295 1.4382 200 527.946 6.01898e-09
1.11295 1.4382 200 528.948 5.93414e-09
1.11295 1.4382 200 529.951 5.85053e-09
1.11295 1.4382 200 530.953 5.76813e-09
1.11295 1.4382 200 531.956 5.68693e-09
1.11295 1.4382 200 532.958 5.60691e-09
1.11295 1.4382 200 533.961 5.52805e-09
1.11295 1.4382 200 534.963 5.45033e-09
1.11295 1.4382 200 535.965 5.37374e-09
1.11295 1.4382 200 536.968 5.29826e-09
1.11295 1.4382 200 537.97 5.22387e-09
1.11295 1.4382 200 538.973 5.15056e-09
1.11295 1.4382 200 539.975 5.07831e-09
1.11295 1.4382 200 540.978 5.0071e-09
1.11295 1.4382 200 541.98 4.93692e-09
1.11295 1.4382 200 542.983 4.86776e-09
1.11295 1.4382 200 543.985 4.79959e-09
1.11295 1.4382 200 544.988 4.7324e-09
1.11295 1.4382 200 545.99 4.66619e-09
1.11295 1.4382 200 546.993 4.60093e-09
1.11295 1.4382 200 547.995 4.5366e-09
1.11295 1.4382 200 548.998 4.47321e-09
1.11295 1.4382 200 550 4.41072e-09
