4.1915 1.4382 0 100.01 1.25074e-05
4.1915 1.4382 0 101.012 2.09562e-05
4.1915 1.4382 0 102.015 1.86067e-05
4.1915 1.4382 0 103.017 1.62162e-05
4.1915 1.4382 0 104.02 1.43257e-05
4.1915 1.4382 0 105.022 1.27876e-05
4.1915 1.4382 0 106.025 1.15029e-05
4.1915 1.4382 0 107.027 1.04096e-05
4.1915 1.4382 0 108.03 9.4664e-06
4.1915 1.4382 0 109.032 8.64372e-06
4.1915 1.4382 0 110.035 7.91989e-06
4.1915 1.4382 0 111.037 7.27837e-06
4.1915 1.4382 0 112.04 6.70628e-06
4.1915 1.4382 0 113.042 6.19338e-06
4.1915 1.4382 0 114.045 5.7314e-06
4.1915 1.4382 0 115.047 5.3136e-06
4.1915 1.4382 0 116.05 4.93438e-06
4.1915 1.4382 0 117.052 4.58906e-06
4.1915 1.4382 0 118.055 4.2737e-06
4.1915 1.4382 0 119.057 3.98495e-06
4.1915 1.4382 0 120.06 3.71994e-06
4.1915 1.4382 0 121.062 3.47618e-06
4.1915 1.4382 0 122.065 3.25153e-06
4.1915 1.4382 0 123.067 3.04412e-06
4.1915 1.4382 0 124.07 2.85231e-06
4.1915 1.4382 0 125.072 2.67464e-06
4.1915 1.4382 0 126.075 2.50984e-06
4.1915 1.4382 0 127.077 2.35679e-06
4.1915 1.4382 0 128.079 2.21446e-06
4.1915 1.4382 0 129.082 2.08196e-06
4.1915 1.4382 0 130.084 1.95847e-06
4.1915 1.4382 0 131.087 1.84328e-06
4.1915 1.4382 0 132.089 1.73571e-06
4.1915 1.4382 0 133.092 1.63519e-06
4.1915 1.4382 0 134.094 1.54117e-06
4.1915 1.4382 0 135.097 1.45316e-06
4.1915 1.4382 0 136.099 1.37072e-06
4.1915 1.4382 0 137.102 1.29344e-06
4.1915 1.4382 0 138.104 1.22096e-06
4.1915 1.4382 0 139.107 1.15293e-06
4.1915 1.4382 0 140.109 1.08905e-06
4.1915 1.4382 0 141.112 1.02902e-06
4.1915 1.4382 0 142.114 9.72593e-07
4.1915 1.4382 0 143.117 9.19519e-07
4.1915 1.4382 0 144.119 8.69577e-07
4.1915 1.4382 0 145.122 8.22561e-07
4.1915 1.4382 0 146.124 7.7828e-07
4.1915 1.4382 0 147.127 7.36558e-07
4.1915 1.4382 0 148.129 6.97233e-07
4.1915 1.4382 0 149.132 6.60152e-07
4.1915 1.4382 0 150.134 6.25176e-07
4.1915 1.4382 0 151.137 5.92173e-07
4.1915 1.4382 0 152.139 5.61022e-07
4.1915 1.4382 0 153.142 5.3161e-07
4.1915 1.4382 0 154.144 5.03832e-07
4.1915 1.4382 0 155.146 4.77589e-07
4.1915 1.4382 0 156.149 4.5279e-07
4.1915 1.4382 0 157.151 4.29349e-07
4.1915 1.4382 0 158.154 4.07185e-07
4.1915 1.4382 0 159.156 3.86225e-07
4.1915 1.4382 0 160.159 3.66398e-07
4.1915 1.4382 0 161.161 3.47638e-07
4.1915 1.4382 0 162.164 3.29885e-07
4.1915 1.4382 0 163.166 3.1308e-07
4.1915 1.4382 0 164.169 2.9717e-07
4.1915 1.4382 0 165.171 2.82104e-07
4.1915 1.4382 0 166.174 2.67835e-07
4.1915 1.4382 0 167.176 2.54317e-07
4.1915 1.4382 0 168.179 2.4151e-07
4.1915 1.4382 0 169.181 2.29374e-07
4.1915 1.4382 0 170.184 2.17871e-07
4.1915 1.4382 0 171.186 2.06966e-07
4.1915 1.4382 0 172.189 1.96628e-07
4.1915 1.4382 0 173.191 1.86825e-07
4.1915 1.4382 0 174.194 1.77528e-07
4.1915 1.4382 0 175.196 1.6871e-07
4.1915 1.4382 0 176.199 1.60344e-07
4.1915 1.4382 0 177.201 1.52407e-07
4.1915 1.4382 0 178.204 1.44876e-07
4.1915 1.4382 0 179.206 1.37728e-07
4.1915 1.4382 0 180.208 1.30944e-07
4.1915 1.4382 0 181.211 1.24505e-07
4.1915 1.4382 0 182.213 1.18391e-07
4.1915 1.4382 0 183.216 1.12586e-07
4.1915 1.4382 0 184.218 1.07075e-07
4.1915 1.4382 0 185.221 1.0184e-07
4.1915 1.4382 0 186.223 9.68682e-08
4.1915 1.4382 0 187.226 9.21457e-08
4.1915 1.4382 0 188.228 8.76595e-08
4.1915 1.4382 0 189.231 8.33973e-08
4.1915 1.4382 0 190.233 7.93476e-08
4.1915 1.4382 0 191.236 7.54993e-08
4.1915 1.4382 0 192.238 7.18423e-08
4.1915 1.4382 0 193.241 6.83666e-08
4.1915 1.4382 0 194.243 6.50629e-08
4.1915 1.4382 0 195.246 6.19226e-08
4.1915 1.4382 0 196.248 5.89372e-08
4.1915 1.4382 0 197.251 5.6099e-08
4.1915 1.4382 0 198.253 5.34004e-08
4.1915 1.4382 0 199.256 5.08343e-08
4.1915 1.4382 0 200.258 4.83942e-08
4.1915 1.4382 0 201.261 4.60735e-08
4.1915 1.4382 0 202.263 4.38664e-08
4.1915 1.4382 0 203.266 4.17672e-08
4.1915 1.4382 0 204.268 3.97703e-08
4.1915 1.4382 0 205.271 3.78708e-08
4.1915 1.4382 0 206.273 3.60636e-08
4.1915 1.4382 0 207.275 3.43443e-08
4.1915 1.4382 0 208.278 3.27085e-08
4.1915 1.4382 0 209.28 3.1152e-08
4.1915 1.4382 0 210.283 2.96708e-08
4.1915 1.4382 0 211.285 2.82613e-08
4.1915 1.4382 0 212.288 2.69199e-08
4.1915 1.4382 0 213.29 2.56432e-08
4.1915 1.4382 0 214.293 2.44281e-08
4.1915 1.4382 0 215.295 2.32714e-08
4.1915 1.4382 0 216.298 2.21704e-08
4.1915 1.4382 0 217.3 2.11224e-08
4.1915 1.4382 0 218.303 2.01246e-08
4.1915 1.4382 0 219.305 1.91747e-08
4.1915 1.4382 0 220.308 1.82703e-08
4.1915 1.4382 0 221.31 1.74092e-08
4.1915 1.4382 0 222.313 1.65892e-08
4.1915 1.4382 0 223.315 1.58085e-08
4.1915 1.4382 0 224.318 1.5065e-08
4.1915 1.4382 0 225.32 1.43569e-08
4.1915 1.4382 0 226.323 1.36826e-08
4.1915 1.4382 0 227.325 1.30404e-08
4.1915 1.4382 0 228.328 1.24287e-08
4.1915 1.4382 0 229.33 1.18461e-08
4.1915 1.4382 0 230.333 1.12912e-08
4.1915 1.4382 0 231.335 1.07626e-08
4.1915 1.4382 0 232.338 1.0259e-08
4.1915 1.4382 0 233.34 9.77932e-09
4.1915 1.4382 0 234.342 9.32233e-09
4.1915 1.4382 0 235.345 8.88694e-09
4.1915 1.4382 0 236.347 8.47214e-09
4.1915 1.4382 0 237.35 8.07692e-09
4.1915 1.4382 0 238.352 7.70035e-09
4.1915 1.4382 0 239.355 7.34154e-09
4.1915 1.4382 0 240.357 6.99964e-09
4.1915 1.4382 0 241.36 6.67384e-09
4.1915 1.4382 0 242.362 6.36337e-09
4.1915 1.4382 0 243.365 6.0675e-09
4.1915 1.4382 0 244.367 5.78553e-09
4.1915 1.4382 0 245.37 5.5168e-09
4.1915 1.4382 0 246.372 5.26069e-09
4.1915 1.4382 0 247.375 5.01659e-09
4.1915 1.4382 0 248.377 4.78393e-09
4.1915 1.4382 0 249.38 4.56217e-09
4.1915 1.4382 0 250.382 4.35079e-09
4.1915 1.4382 0 251.385 4.1493e-09
4.1915 1.4382 0 252.387 3.95723e-09
4.1915 1.4382 0 253.39 3.77413e-09
4.1915 1.4382 0 254.392 3.59959e-09
4.1915 1.4382 0 255.395 3.4332e-09
4.1915 1.4382 0 256.397 3.27456e-09
4.1915 1.4382 0 257.4 3.12333e-09
4.1915 1.4382 0 258.402 2.97914e-09
4.1915 1.4382 0 259.405 2.84167e-09
4.1915 1.4382 0 260.407 2.71059e-09
4.1915 1.4382 0 261.409 2.58562e-09
4.1915 1.4382 0 262.412 2.46645e-09
4.1915 1.4382 0 263.414 2.35283e-09
4.1915 1.4382 0 264.417 2.24448e-09
4.1915 1.4382 0 265.419 2.14116e-09
4.1915 1.4382 0 266.422 2.04264e-09
4.1915 1.4382 0 267.424 1.94869e-09
4.1915 1.4382 0 268.427 1.85909e-09
4.1915 1.4382 0 269.429 1.77365e-09
4.1915 1.4382 0 270.432 1.69216e-09
4.1915 1.4382 0 271.434 1.61445e-09
4.1915 1.4382 0 272.437 1.54033e-09
4.1915 1.4382 0 273.439 1.46964e-09
4.1915 1.4382 0 274.442 1.40222e-09
4.1915 1.4382 0 275.444 1.33791e-09
4.1915 1.4382 0 276.447 1.27658e-09
4.1915 1.4382 0 277.449 1.21808e-09
4.1915 1.4382 0 278.452 1.16227e-09
4.1915 1.4382 0 279.454 1.10905e-09
4.1915 1.4382 0 280.457 1.05827e-09
4.1915 1.4382 0 281.459 1.00984e-09
4.1915 1.4382 0 282.462 9.63639e-10
4.1915 1.4382 0 283.464 9.19566e-10
4.1915 1.4382 0 284.467 8.77523e-10
4.1915 1.4382 0 285.469 8.37414e-10
4.1915 1.4382 0 286.472 7.99151e-10
4.1915 1.4382 0 287.474 7.62647e-10
4.1915 1.4382 0 288.476 7.27821e-10
4.1915 1.4382 0 289.479 6.94596e-10
4.1915 1.4382 0 290.481 6.62897e-10
4.1915 1.4382 0 291.484 6.32654e-10
4.1915 1.4382 0 292.486 6.03799e-10
4.1915 1.4382 0 293.489 5.76268e-10
4.1915 1.4382 0 294.491 5.5e-10
4.1915 1.4382 0 295.494 5.24936e-10
4.1915 1.4382 0 296.496 5.01022e-10
4.1915 1.4382 0 297.499 4.78203e-10
4.1915 1.4382 0 298.501 4.5643e-10
4.1915 1.4382 0 299.504 4.35653e-10
4.1915 1.4382 0 300.506 4.15828e-10
4.1915 1.4382 0 301.509 3.9691e-10
4.1915 1.4382 0 302.511 3.78858e-10
4.1915 1.4382 0 303.514 3.61631e-10
4.1915 1.4382 0 304.516 3.45192e-10
4.1915 1.4382 0 305.519 3.29504e-10
4.1915 1.4382 0 306.521 3.14533e-10
4.1915 1.4382 0 307.524 3.00245e-10
4.1915 1.4382 0 308.526 2.8661e-10
4.1915 1.4382 0 309.529 2.73598e-10
4.1915 1.4382 0 310.531 2.61179e-10
4.1915 1.4382 0 311.534 2.49327e-10
4.1915 1.4382 0 312.536 2.38016e-10
4.1915 1.4382 0 313.538 2.2722e-10
4.1915 1.4382 0 314.541 2.16916e-10
4.1915 1.4382 0 315.543 2.07082e-10
4.1915 1.4382 0 316.546 1.97696e-10
4.1915 1.4382 0 317.548 1.88738e-10
4.1915 1.4382 0 318.551 1.80187e-10
4.1915 1.4382 0 319.553 1.72025e-10
4.1915 1.4382 0 320.556 1.64235e-10
4.1915 1.4382 0 321.558 1.568e-10
4.1915 1.4382 0 322.561 1.49702e-10
4.1915 1.4382 0 323.563 1.42928e-10
4.1915 1.4382 0 324.566 1.36461e-10
4.1915 1.4382 0 325.568 1.30288e-10
4.1915 1.4382 0 326.571 1.24396e-10
4.1915 1.4382 0 327.573 1.18771e-10
4.1915 1.4382 0 328.576 1.13402e-10
4.1915 1.4382 0 329.578 1.08276e-10
4.1915 1.4382 0 330.581 1.03383e-10
4.1915 1.4382 0 331.583 9.87126e-11
4.1915 1.4382 0 332.586 9.42538e-11
4.1915 1.4382 0 333.588 8.99972e-11
4.1915 1.4382 0 334.591 8.59336e-11
4.1915 1.4382 0 335.593 8.20543e-11
4.1915 1.4382 0 336.596 7.83508e-11
4.1915 1.4382 0 337.598 7.48151e-11
4.1915 1.4382 0 338.601 7.14396e-11
4.1915 1.4382 0 339.603 6.82171e-11
4.1915 1.4382 0 340.605 6.51404e-11
4.1915 1.4382 0 341.608 6.22031e-11
4.1915 1.4382 0 342.61 5.93987e-11
4.1915 1.4382 0 343.613 5.67213e-11
4.1915 1.4382 0 344.615 5.4165e-11
4.1915 1.4382 0 345.618 5.17243e-11
4.1915 1.4382 0 346.62 4.93941e-11
4.1915 1.4382 0 347.623 4.71692e-11
4.1915 1.4382 0 348.625 4.50449e-11
4.1915 1.4382 0 349.628 4.30166e-11
4.1915 1.4382 0 350.63 4.108e-11
4.1915 1.4382 0 351.633 3.92308e-11
4.1915 1.4382 0 352.635 3.74652e-11
4.1915 1.4382 0 353.638 3.57794e-11
4.1915 1.4382 0 354.64 3.41697e-11
4.1915 1.4382 0 355.643 3.26326e-11
4.1915 1.4382 0 356.645 3.11649e-11
4.1915 1.4382 0 357.648 2.97635e-11
4.1915 1.4382 0 358.65 2.84253e-11
4.1915 1.4382 0 359.653 2.71475e-11
4.1915 1.4382 0 360.655 2.59273e-11
4.1915 1.4382 0 361.658 2.47621e-11
4.1915 1.4382 0 362.66 2.36495e-11
4.1915 1.4382 0 363.663 2.2587e-11
4.1915 1.4382 0 364.665 2.15724e-11
4.1915 1.4382 0 365.668 2.06036e-11
4.1915 1.4382 0 366.67 1.96783e-11
4.1915 1.4382 0 367.672 1.87948e-11
4.1915 1.4382 0 368.675 1.79511e-11
4.1915 1.4382 0 369.677 1.71453e-11
4.1915 1.4382 0 370.68 1.63759e-11
4.1915 1.4382 0 371.682 1.5641e-11
4.1915 1.4382 0 372.685 1.49393e-11
4.1915 1.4382 0 373.687 1.42691e-11
4.1915 1.4382 0 374.69 1.36291e-11
4.1915 1.4382 0 375.692 1.30179e-11
4.1915 1.4382 0 376.695 1.24341e-11
4.1915 1.4382 0 377.697 1.18766e-11
4.1915 1.4382 0 378.7 1.13442e-11
4.1915 1.4382 0 379.702 1.08357e-11
4.1915 1.4382 0 380.705 1.03501e-11
4.1915 1.4382 0 381.707 9.88633e-12
4.1915 1.4382 0 382.71 9.44338e-12
4.1915 1.4382 0 383.712 9.02033e-12
4.1915 1.4382 0 384.715 8.61628e-12
4.1915 1.4382 0 385.717 8.23038e-12
4.1915 1.4382 0 386.72 7.86181e-12
4.1915 1.4382 0 387.722 7.50979e-12
4.1915 1.4382 0 388.725 7.17358e-12
4.1915 1.4382 0 389.727 6.85246e-12
4.1915 1.4382 0 390.73 6.54575e-12
4.1915 1.4382 0 391.732 6.25281e-12
4.1915 1.4382 0 392.735 5.97301e-12
4.1915 1.4382 0 393.737 5.70576e-12
4.1915 1.4382 0 394.739 5.4505e-12
4.1915 1.4382 0 395.742 5.20669e-12
4.1915 1.4382 0 396.744 4.97382e-12
4.1915 1.4382 0 397.747 4.75138e-12
4.1915 1.4382 0 398.749 4.53892e-12
4.1915 1.4382 0 399.752 4.33599e-12
4.1915 1.4382 0 400.754 4.14214e-12
4.1915 1.4382 0 401.757 3.95699e-12
4.1915 1.4382 0 402.759 3.78013e-12
4.1915 1.4382 0 403.762 3.6112e-12
4.1915 1.4382 0 404.764 3.44983e-12
4.1915 1.4382 0 405.767 3.29569e-12
4.1915 1.4382 0 406.769 3.14846e-12
4.1915 1.4382 0 407.772 3.00782e-12
4.1915 1.4382 0 408.774 2.87347e-12
4.1915 1.4382 0 409.777 2.74514e-12
4.1915 1.4382 0 410.779 2.62256e-12
4.1915 1.4382 0 411.782 2.50546e-12
4.1915 1.4382 0 412.784 2.3936e-12
4.1915 1.4382 0 413.787 2.28675e-12
4.1915 1.4382 0 414.789 2.18467e-12
4.1915 1.4382 0 415.792 2.08717e-12
4.1915 1.4382 0 416.794 1.99402e-12
4.1915 1.4382 0 417.797 1.90504e-12
4.1915 1.4382 0 418.799 1.82004e-12
4.1915 1.4382 0 419.802 1.73885e-12
4.1915 1.4382 0 420.804 1.66128e-12
4.1915 1.4382 0 421.806 1.58718e-12
4.1915 1.4382 0 422.809 1.51639e-12
4.1915 1.4382 0 423.811 1.44876e-12
4.1915 1.4382 0 424.814 1.38416e-12
4.1915 1.4382 0 425.816 1.32244e-12
4.1915 1.4382 0 426.819 1.26349e-12
4.1915 1.4382 0 427.821 1.20716e-12
4.1915 1.4382 0 428.824 1.15335e-12
4.1915 1.4382 0 429.826 1.10195e-12
4.1915 1.4382 0 430.829 1.05284e-12
4.1915 1.4382 0 431.831 1.00592e-12
4.1915 1.4382 0 432.834 9.61101e-13
4.1915 1.4382 0 433.836 9.18281e-13
4.1915 1.4382 0 434.839 8.77372e-13
4.1915 1.4382 0 435.841 8.38289e-13
4.1915 1.4382 0 436.844 8.0095e-13
4.1915 1.4382 0 437.846 7.65278e-13
4.1915 1.4382 0 438.849 7.31198e-13
4.1915 1.4382 0 439.851 6.98638e-13
4.1915 1.4382 0 440.854 6.6753e-13
4.1915 1.4382 0 441.856 6.37811e-13
4.1915 1.4382 0 442.859 6.09417e-13
4.1915 1.4382 0 443.861 5.82289e-13
4.1915 1.4382 0 444.864 5.56372e-13
4.1915 1.4382 0 445.866 5.31609e-13
4.1915 1.4382 0 446.868 5.07951e-13
4.1915 1.4382 0 447.871 4.85348e-13
4.1915 1.4382 0 448.873 4.63753e-13
4.1915 1.4382 0 449.876 4.43119e-13
4.1915 1.4382 0 450.878 4.23406e-13
4.1915 1.4382 0 451.881 4.04571e-13
4.1915 1.4382 0 452.883 3.86576e-13
4.1915 1.4382 0 453.886 3.69382e-13
4.1915 1.4382 0 454.888 3.52954e-13
4.1915 1.4382 0 455.891 3.37259e-13
4.1915 1.4382 0 456.893 3.22262e-13
4.1915 1.4382 0 457.896 3.07933e-13
4.1915 1.4382 0 458.898 2.94243e-13
4.1915 1.4382 0 459.901 2.81162e-13
4.1915 1.4382 0 460.903 2.68664e-13
4.1915 1.4382 0 461.906 2.56722e-13
4.1915 1.4382 0 462.908 2.45312e-13
4.1915 1.4382 0 463.911 2.3441e-13
4.1915 1.4382 0 464.913 2.23993e-13
4.1915 1.4382 0 465.916 2.14039e-13
4.1915 1.4382 0 466.918 2.04529e-13
4.1915 1.4382 0 467.921 1.95442e-13
4.1915 1.4382 0 468.923 1.8676e-13
4.1915 1.4382 0 469.926 1.78463e-13
4.1915 1.4382 0 470.928 1.70536e-13
4.1915 1.4382 0 471.931 1.62962e-13
4.1915 1.4382 0 472.933 1.55724e-13
4.1915 1.4382 0 473.935 1.48808e-13
4.1915 1.4382 0 474.938 1.422e-13
4.1915 1.4382 0 475.94 1.35886e-13
4.1915 1.4382 0 476.943 1.29853e-13
4.1915 1.4382 0 477.945 1.24088e-13
4.1915 1.4382 0 478.948 1.18579e-13
4.1915 1.4382 0 479.95 1.13315e-13
4.1915 1.4382 0 480.953 1.08285e-13
4.1915 1.4382 0 481.955 1.03479e-13
4.1915 1.4382 0 482.958 9.88867e-14
4.1915 1.4382 0 483.96 9.44982e-14
4.1915 1.4382 0 484.963 9.03048e-14
4.1915 1.4382 0 485.965 8.62977e-14
4.1915 1.4382 0 486.968 8.24687e-14
4.1915 1.4382 0 487.97 7.88098e-14
4.1915 1.4382 0 488.973 7.53135e-14
4.1915 1.4382 0 489.975 7.19725e-14
4.1915 1.4382 0 490.978 6.878e-14
4.1915 1.4382 0 491.98 6.57292e-14
4.1915 1.4382 0 492.983 6.28139e-14
4.1915 1.4382 0 493.985 6.00282e-14
4.1915 1.4382 0 494.988 5.73661e-14
4.1915 1.4382 0 495.99 5.48223e-14
4.1915 1.4382 0 496.993 5.23914e-14
4.1915 1.4382 0 497.995 5.00684e-14
4.1915 1.4382 0 498.998 4.78486e-14
4.1915 1.4382 0 500 4.57273e-14

