1.22773 1.4382 200 150.015 3.4432e-05
1.22773 1.4382 200 151.017 6.25512e-05
1.22773 1.4382 200 152.02 6.47301e-05
1.22773 1.4382 200 153.022 6.36931e-05
1.22773 1.4382 200 154.025 6.23882e-05
1.22773 1.4382 200 155.027 6.10951e-05
1.22773 1.4382 200 156.03 5.98394e-05
1.22773 1.4382 200 157.032 5.8622e-05
1.22773 1.4382 200 158.035 5.74411e-05
1.22773 1.4382 200 159.037 5.6295e-05
1.22773 1.4382 200 160.04 5.51823e-05
1.22773 1.4382 200 161.042 5.41014e-05
1.22773 1.4382 200 162.045 5.3051e-05
1.22773 1.4382 200 163.047 5.20298e-05
1.22773 1.4382 200 164.05 5.10366e-05
1.22773 1.4382 200 165.052 5.00703e-05
1.22773 1.4382 200 166.054 4.91299e-05
1.22773 1.4382 200 167.057 4.82142e-05
1.22773 1.4382 200 168.059 4.73225e-05
1.22773 1.4382 200 169.062 4.64536e-05
1.22773 1.4382 200 170.064 4.56069e-05
1.22773 1.4382 200 171.067 4.47815e-05
1.22773 1.4382 200 172.069 4.39766e-05
1.22773 1.4382 200 173.072 4.31915e-05
1.22773 1.4382 200 174.074 4.24254e-05
1.22773 1.4382 200 175.077 4.16777e-05
1.22773 1.4382 200 176.079 4.09478e-05
1.22773 1.4382 200 177.082 4.02351e-05
1.22773 1.4382 200 178.084 3.95389e-05
1.22773 1.4382 200 179.087 3.88587e-05
1.22773 1.4382 200 180.089 3.81941e-05
1.22773 1.4382 200 181.092 3.75444e-05
1.22773 1.4382 200 182.094 3.69092e-05
1.22773 1.4382 200 183.096 3.62881e-05
1.22773 1.4382 200 184.099 3.56806e-05
1.22773 1.4382 200 185.101 3.50863e-05
1.22773 1.4382 200 186.104 3.45047e-05
1.22773 1.4382 200 187.106 3.39356e-05
1.22773 1.4382 200 188.109 3.33784e-05
1.22773 1.4382 200 189.111 3.28329e-05
1.22773 1.4382 200 190.114 3.22987e-05
1.22773 1.4382 200 191.116 3.17755e-05
1.22773 1.4382 200 192.119 3.1263e-05
1.22773 1.4382 200 193.121 3.07608e-05
1.22773 1.4382 200 194.124 3.02688e-05
1.22773 1.4382 200 195.126 2.97865e-05
1.22773 1.4382 200 196.129 2.93137e-05
1.22773 1.4382 200 197.131 2.88502e-05
1.22773 1.4382 200 198.133 2.83957e-05
1.22773 1.4382 200 199.136 2.795e-05
1.22773 1.4382 200 200.138 2.75129e-05
1.22773 1.4382 200 201.141 2.7084e-05
1.22773 1.4382 200 202.143 2.66633e-05
1.22773 1.4382 200 203.146 2.62504e-05
1.22773 1.4382 200 204.148 2.58453e-05
1.22773 1.4382 200 205.151 2.54476e-05
1.22773 1.4382 200 206.153 2.50573e-05
1.22773 1.4382 200 207.156 2.46741e-05
1.22773 1.4382 200 208.158 2.42978e-05
1.22773 1.4382 200 209.161 2.39284e-05
1.22773 1.4382 200 210.163 2.35656e-05
1.22773 1.4382 200 211.166 2.32092e-05
1.22773 1.4382 200 212.168 2.28592e-05
1.22773 1.4382 200 213.171 2.25153e-05
1.22773 1.4382 200 214.173 2.21774e-05
1.22773 1.4382 200 215.175 2.18455e-05
1.22773 1.4382 200 216.178 2.15193e-05
1.22773 1.4382 200 217.18 2.11987e-05
1.22773 1.4382 200 218.183 2.08836e-05
1.22773 1.4382 200 219.185 2.05739e-05
1.22773 1.4382 200 220.188 2.02695e-05
1.22773 1.4382 200 221.19 1.99701e-05
1.22773 1.4382 200 222.193 1.96759e-05
1.22773 1.4382 200 223.195 1.93865e-05
1.22773 1.4382 200 224.198 1.9102e-05
1.22773 1.4382 200 225.2 1.88222e-05
1.22773 1.4382 200 226.203 1.8547e-05
1.22773 1.4382 200 227.205 1.82763e-05
1.22773 1.4382 200 228.208 1.80101e-05
1.22773 1.4382 200 229.21 1.77482e-05
1.22773 1.4382 200 230.212 1.74905e-05
1.22773 1.4382 200 231.215 1.7237e-05
1.22773 1.4382 200 232.217 1.69876e-05
1.22773 1.4382 200 233.22 1.67422e-05
1.22773 1.4382 200 234.222 1.65007e-05
1.22773 1.4382 200 235.225 1.6263e-05
1.22773 1.4382 200 236.227 1.60292e-05
1.22773 1.4382 200 237.23 1.5799e-05
1.22773 1.4382 200 238.232 1.55724e-05
1.22773 1.4382 200 239.235 1.53494e-05
1.22773 1.4382 200 240.237 1.51299e-05
1.22773 1.4382 200 241.24 1.49138e-05
1.22773 1.4382 200 242.242 1.4701e-05
1.22773 1.4382 200 243.245 1.44916e-05
1.22773 1.4382 200 244.247 1.42854e-05
1.22773 1.4382 200 245.25 1.40823e-05
1.22773 1.4382 200 246.252 1.38824e-05
1.22773 1.4382 200 247.254 1.36856e-05
1.22773 1.4382 200 248.257 1.34917e-05
1.22773 1.4382 200 249.259 1.33008e-05
1.22773 1.4382 200 250.262 1.31128e-05
1.22773 1.4382 200 251.264 1.29276e-05
1.22773 1.4382 200 252.267 1.27452e-05
1.22773 1.4382 200 253.269 1.25656e-05
1.22773 1.4382 200 254.272 1.23887e-05
1.22773 1.4382 200 255.274 1.22144e-05
1.22773 1.4382 200 256.277 1.20428e-05
1.22773 1.4382 200 257.279 1.18736e-05
1.22773 1.4382 200 258.282 1.17071e-05
1.22773 1.4382 200 259.284 1.15429e-05
1.22773 1.4382 200 260.287 1.13813e-05
1.22773 1.4382 200 261.289 1.1222e-05
1.22773 1.4382 200 262.291 1.1065e-05
1.22773 1.4382 200 263.294 1.09104e-05
1.22773 1.4382 200 264.296 1.0758e-05
1.22773 1.4382 200 265.299 1.06079e-05
1.22773 1.4382 200 266.301 1.046e-05
1.22773 1.4382 200 267.304 1.03142e-05
1.22773 1.4382 200 268.306 1.01705e-05
1.22773 1.4382 200 269.309 1.0029e-05
1.22773 1.4382 200 270.311 9.88949e-06
1.22773 1.4382 200 271.314 9.75202e-06
1.22773 1.4382 200 272.316 9.61654e-06
1.22773 1.4382 200 273.319 9.48302e-06
1.22773 1.4382 200 274.321 9.35143e-06
1.22773 1.4382 200 275.324 9.22173e-06
1.22773 1.4382 200 276.326 9.09391e-06
1.22773 1.4382 200 277.329 8.96791e-06
1.22773 1.4382 200 278.331 8.84373e-06
1.22773 1.4382 200 279.333 8.72133e-06
1.22773 1.4382 200 280.336 8.60068e-06
1.22773 1.4382 200 281.338 8.48175e-06
1.22773 1.4382 200 282.341 8.36452e-06
1.22773 1.4382 200 283.343 8.24897e-06
1.22773 1.4382 200 284.346 8.13506e-06
1.22773 1.4382 200 285.348 8.02276e-06
1.22773 1.4382 200 286.351 7.91207e-06
1.22773 1.4382 200 287.353 7.80294e-06
1.22773 1.4382 200 288.356 7.69536e-06
1.22773 1.4382 200 289.358 7.58931e-06
1.22773 1.4382 200 290.361 7.48475e-06
1.22773 1.4382 200 291.363 7.38167e-06
1.22773 1.4382 200 292.366 7.28005e-06
1.22773 1.4382 200 293.368 7.17985e-06
1.22773 1.4382 200 294.37 7.08107e-06
1.22773 1.4382 200 295.373 6.98368e-06
1.22773 1.4382 200 296.375 6.88766e-06
1.22773 1.4382 200 297.378 6.79299e-06
1.22773 1.4382 200 298.38 6.69964e-06
1.22773 1.4382 200 299.383 6.60761e-06
1.22773 1.4382 200 300.385 6.51686e-06
1.22773 1.4382 200 301.388 6.42738e-06
1.22773 1.4382 200 302.39 6.33916e-06
1.22773 1.4382 200 303.393 6.25217e-06
1.22773 1.4382 200 304.395 6.16639e-06
1.22773 1.4382 200 305.398 6.08181e-06
1.22773 1.4382 200 306.4 5.99841e-06
1.22773 1.4382 200 307.403 5.91617e-06
1.22773 1.4382 200 308.405 5.83507e-06
1.22773 1.4382 200 309.408 5.75511e-06
1.22773 1.4382 200 310.41 5.67626e-06
1.22773 1.4382 200 311.412 5.5985e-06
1.22773 1.4382 200 312.415 5.52182e-06
1.22773 1.4382 200 313.417 5.44621e-06
1.22773 1.4382 200 314.42 5.37164e-06
1.22773 1.4382 200 315.422 5.29811e-06
1.22773 1.4382 200 316.425 5.2256e-06
1.22773 1.4382 200 317.427 5.15409e-06
1.22773 1.4382 200 318.43 5.08357e-06
1.22773 1.4382 200 319.432 5.01403e-06
1.22773 1.4382 200 320.435 4.94545e-06
1.22773 1.4382 200 321.437 4.87782e-06
1.22773 1.4382 200 322.44 4.81112e-06
1.22773 1.4382 200 323.442 4.74534e-06
1.22773 1.4382 200 324.445 4.68047e-06
1.22773 1.4382 200 325.447 4.6165e-06
1.22773 1.4382 200 326.449 4.5534e-06
1.22773 1.4382 200 327.452 4.49118e-06
1.22773 1.4382 200 328.454 4.42981e-06
1.22773 1.4382 200 329.457 4.36929e-06
1.22773 1.4382 200 330.459 4.3096e-06
1.22773 1.4382 200 331.462 4.25074e-06
1.22773 1.4382 200 332.464 4.19268e-06
1.22773 1.4382 200 333.467 4.13542e-06
1.22773 1.4382 200 334.469 4.07895e-06
1.22773 1.4382 200 335.472 4.02326e-06
1.22773 1.4382 200 336.474 3.96833e-06
1.22773 1.4382 200 337.477 3.91415e-06
1.22773 1.4382 200 338.479 3.86072e-06
1.22773 1.4382 200 339.482 3.80802e-06
1.22773 1.4382 200 340.484 3.75604e-06
1.22773 1.4382 200 341.487 3.70478e-06
1.22773 1.4382 200 342.489 3.65422e-06
1.22773 1.4382 200 343.491 3.60436e-06
1.22773 1.4382 200 344.494 3.55517e-06
1.22773 1.4382 200 345.496 3.50667e-06
1.22773 1.4382 200 346.499 3.45882e-06
1.22773 1.4382 200 347.501 3.41163e-06
1.22773 1.4382 200 348.504 3.36509e-06
1.22773 1.4382 200 349.506 3.31918e-06
1.22773 1.4382 200 350.509 3.27391e-06
1.22773 1.4382 200 351.511 3.22925e-06
1.22773 1.4382 200 352.514 3.1852e-06
1.22773 1.4382 200 353.516 3.14176e-06
1.22773 1.4382 200 354.519 3.09891e-06
1.22773 1.4382 200 355.521 3.05665e-06
1.22773 1.4382 200 356.524 3.01496e-06
1.22773 1.4382 200 357.526 2.97384e-06
1.22773 1.4382 200 358.528 2.93329e-06
1.22773 1.4382 200 359.531 2.89329e-06
1.22773 1.4382 200 360.533 2.85384e-06
1.22773 1.4382 200 361.536 2.81492e-06
1.22773 1.4382 200 362.538 2.77654e-06
1.22773 1.4382 200 363.541 2.73868e-06
1.22773 1.4382 200 364.543 2.70134e-06
1.22773 1.4382 200 365.546 2.66451e-06
1.22773 1.4382 200 366.548 2.62818e-06
1.22773 1.4382 200 367.551 2.59234e-06
1.22773 1.4382 200 368.553 2.557e-06
1.22773 1.4382 200 369.556 2.52214e-06
1.22773 1.4382 200 370.558 2.48775e-06
1.22773 1.4382 200 371.561 2.45384e-06
1.22773 1.4382 200 372.563 2.42038e-06
1.22773 1.4382 200 373.566 2.38738e-06
1.22773 1.4382 200 374.568 2.35484e-06
1.22773 1.4382 200 375.57 2.32273e-06
1.22773 1.4382 200 376.573 2.29107e-06
1.22773 1.4382 200 377.575 2.25983e-06
1.22773 1.4382 200 378.578 2.22902e-06
1.22773 1.4382 200 379.58 2.19864e-06
1.22773 1.4382 200 380.583 2.16866e-06
1.22773 1.4382 200 381.585 2.1391e-06
1.22773 1.4382 200 382.588 2.10994e-06
1.22773 1.4382 200 383.59 2.08117e-06
1.22773 1.4382 200 384.593 2.0528e-06
1.22773 1.4382 200 385.595 2.02481e-06
1.22773 1.4382 200 386.598 1.99721e-06
1.22773 1.4382 200 387.6 1.96998e-06
1.22773 1.4382 200 388.603 1.94312e-06
1.22773 1.4382 200 389.605 1.91663e-06
1.22773 1.4382 200 390.607 1.8905e-06
1.22773 1.4382 200 391.61 1.86473e-06
1.22773 1.4382 200 392.612 1.83931e-06
1.22773 1.4382 200 393.615 1.81423e-06
1.22773 1.4382 200 394.617 1.78949e-06
1.22773 1.4382 200 395.62 1.7651e-06
1.22773 1.4382 200 396.622 1.74103e-06
1.22773 1.4382 200 397.625 1.71729e-06
1.22773 1.4382 200 398.627 1.69388e-06
1.22773 1.4382 200 399.63 1.67078e-06
1.22773 1.4382 200 400.632 1.648e-06
1.22773 1.4382 200 401.635 1.62553e-06
1.22773 1.4382 200 402.637 1.60337e-06
1.22773 1.4382 200 403.64 1.58151e-06
1.22773 1.4382 200 404.642 1.55994e-06
1.22773 1.4382 200 405.645 1.53867e-06
1.22773 1.4382 200 406.647 1.51769e-06
1.22773 1.4382 200 407.649 1.49699e-06
1.22773 1.4382 200 408.652 1.47658e-06
1.22773 1.4382 200 409.654 1.45645e-06
1.22773 1.4382 200 410.657 1.43658e-06
1.22773 1.4382 200 411.659 1.41699e-06
1.22773 1.4382 200 412.662 1.39767e-06
1.22773 1.4382 200 413.664 1.37861e-06
1.22773 1.4382 200 414.667 1.35981e-06
1.22773 1.4382 200 415.669 1.34126e-06
1.22773 1.4382 200 416.672 1.32297e-06
1.22773 1.4382 200 417.674 1.30493e-06
1.22773 1.4382 200 418.677 1.28713e-06
1.22773 1.4382 200 419.679 1.26958e-06
1.22773 1.4382 200 420.682 1.25226e-06
1.22773 1.4382 200 421.684 1.23518e-06
1.22773 1.4382 200 422.686 1.21833e-06
1.22773 1.4382 200 423.689 1.20171e-06
1.22773 1.4382 200 424.691 1.18532e-06
1.22773 1.4382 200 425.694 1.16915e-06
1.22773 1.4382 200 426.696 1.15321e-06
1.22773 1.4382 200 427.699 1.13748e-06
1.22773 1.4382 200 428.701 1.12196e-06
1.22773 1.4382 200 429.704 1.10665e-06
1.22773 1.4382 200 430.706 1.09156e-06
1.22773 1.4382 200 431.709 1.07667e-06
1.22773 1.4382 200 432.711 1.06198e-06
1.22773 1.4382 200 433.714 1.04749e-06
1.22773 1.4382 200 434.716 1.0332e-06
1.22773 1.4382 200 435.719 1.0191e-06
1.22773 1.4382 200 436.721 1.0052e-06
1.22773 1.4382 200 437.724 9.91486e-07
1.22773 1.4382 200 438.726 9.77958e-07
1.22773 1.4382 200 439.728 9.64615e-07
1.22773 1.4382 200 440.731 9.51453e-07
1.22773 1.4382 200 441.733 9.38471e-07
1.22773 1.4382 200 442.736 9.25666e-07
1.22773 1.4382 200 443.738 9.13035e-07
1.22773 1.4382 200 444.741 9.00576e-07
1.22773 1.4382 200 445.743 8.88287e-07
1.22773 1.4382 200 446.746 8.76166e-07
1.22773 1.4382 200 447.748 8.64209e-07
1.22773 1.4382 200 448.751 8.52416e-07
1.22773 1.4382 200 449.753 8.40783e-07
1.22773 1.4382 200 450.756 8.29309e-07
1.22773 1.4382 200 451.758 8.17991e-07
1.22773 1.4382 200 452.761 8.06828e-07
1.22773 1.4382 200 453.763 7.95816e-07
1.22773 1.4382 200 454.765 7.84955e-07
1.22773 1.4382 200 455.768 7.74242e-07
1.22773 1.4382 200 456.77 7.63674e-07
1.22773 1.4382 200 457.773 7.53251e-07
1.22773 1.4382 200 458.775 7.4297e-07
1.22773 1.4382 200 459.778 7.32829e-07
1.22773 1.4382 200 460.78 7.22826e-07
1.22773 1.4382 200 461.783 7.1296e-07
1.22773 1.4382 200 462.785 7.03228e-07
1.22773 1.4382 200 463.788 6.93629e-07
1.22773 1.4382 200 464.79 6.8416e-07
1.22773 1.4382 200 465.793 6.74821e-07
1.22773 1.4382 200 466.795 6.65609e-07
1.22773 1.4382 200 467.798 6.56523e-07
1.22773 1.4382 200 468.8 6.4756e-07
1.22773 1.4382 200 469.803 6.3872e-07
1.22773 1.4382 200 470.805 6.3e-07
1.22773 1.4382 200 471.807 6.21399e-07
1.22773 1.4382 200 472.81 6.12916e-07
1.22773 1.4382 200 473.812 6.04548e-07
1.22773 1.4382 200 474.815 5.96294e-07
1.22773 1.4382 200 475.817 5.88153e-07
1.22773 1.4382 200 476.82 5.80123e-07
1.22773 1.4382 200 477.822 5.72202e-07
1.22773 1.4382 200 478.825 5.64389e-07
1.22773 1.4382 200 479.827 5.56683e-07
1.22773 1.4382 200 480.83 5.49082e-07
1.22773 1.4382 200 481.832 5.41585e-07
1.22773 1.4382 200 482.835 5.3419e-07
1.22773 1.4382 200 483.837 5.26896e-07
1.22773 1.4382 200 484.84 5.19701e-07
1.22773 1.4382 200 485.842 5.12605e-07
1.22773 1.4382 200 486.844 5.05605e-07
1.22773 1.4382 200 487.847 4.98701e-07
1.22773 1.4382 200 488.849 4.91891e-07
1.22773 1.4382 200 489.852 4.85173e-07
1.22773 1.4382 200 490.854 4.78548e-07
1.22773 1.4382 200 491.857 4.72013e-07
1.22773 1.4382 200 492.859 4.65567e-07
1.22773 1.4382 200 493.862 4.59209e-07
1.22773 1.4382 200 494.864 4.52938e-07
1.22773 1.4382 200 495.867 4.46752e-07
1.22773 1.4382 200 496.869 4.40651e-07
1.22773 1.4382 200 497.872 4.34633e-07
1.22773 1.4382 200 498.874 4.28697e-07
1.22773 1.4382 200 499.877 4.22842e-07
1.22773 1.4382 200 500.879 4.17067e-07
1.22773 1.4382 200 501.882 4.11371e-07
1.22773 1.4382 200 502.884 4.05752e-07
1.22773 1.4382 200 503.886 4.00211e-07
1.22773 1.4382 200 504.889 3.94744e-07
1.22773 1.4382 200 505.891 3.89353e-07
1.22773 1.4382 200 506.894 3.84035e-07
1.22773 1.4382 200 507.896 3.7879e-07
1.22773 1.4382 200 508.899 3.73616e-07
1.22773 1.4382 200 509.901 3.68513e-07
1.22773 1.4382 200 510.904 3.63479e-07
1.22773 1.4382 200 511.906 3.58514e-07
1.22773 1.4382 200 512.909 3.53617e-07
1.22773 1.4382 200 513.911 3.48787e-07
1.22773 1.4382 200 514.914 3.44023e-07
1.22773 1.4382 200 515.916 3.39324e-07
1.22773 1.4382 200 516.919 3.34689e-07
1.22773 1.4382 200 517.921 3.30117e-07
1.22773 1.4382 200 518.923 3.25608e-07
1.22773 1.4382 200 519.926 3.2116e-07
1.22773 1.4382 200 520.928 3.16773e-07
1.22773 1.4382 200 521.931 3.12446e-07
1.22773 1.4382 200 522.933 3.08178e-07
1.22773 1.4382 200 523.936 3.03968e-07
1.22773 1.4382 200 524.938 2.99816e-07
1.22773 1.4382 200 525.941 2.9572e-07
1.22773 1.4382 200 526.943 2.9168e-07
1.22773 1.4382 200 527.946 2.87696e-07
1.22773 1.4382 200 528.948 2.83766e-07
1.22773 1.4382 200 529.951 2.79889e-07
1.22773 1.4382 200 530.953 2.76066e-07
1.22773 1.4382 200 531.956 2.72295e-07
1.22773 1.4382 200 532.958 2.68575e-07
1.22773 1.4382 200 533.961 2.64906e-07
1.22773 1.4382 200 534.963 2.61287e-07
1.22773 1.4382 200 535.965 2.57718e-07
1.22773 1.4382 200 536.968 2.54197e-07
1.22773 1.4382 200 537.97 2.50724e-07
1.22773 1.4382 200 538.973 2.47299e-07
1.22773 1.4382 200 539.975 2.43921e-07
1.22773 1.4382 200 540.978 2.40588e-07
1.22773 1.4382 200 541.98 2.37302e-07
1.22773 1.4382 200 542.983 2.3406e-07
1.22773 1.4382 200 543.985 2.30862e-07
1.22773 1.4382 200 544.988 2.27708e-07
1.22773 1.4382 200 545.99 2.24598e-07
1.22773 1.4382 200 546.993 2.21529e-07
1.22773 1.4382 200 547.995 2.18503e-07
1.22773 1.4382 200 548.998 2.15518e-07
1.22773 1.4382 200 550 2.12574e-07
