3.00799 1.4382 0 150.015 1.66972e-05
3.00799 1.4382 0 151.017 2.93492e-05
3.00799 1.4382 0 152.02 2.87697e-05
3.00799 1.4382 0 153.022 2.67312e-05
3.00799 1.4382 0 154.025 2.48002e-05
3.00799 1.4382 0 155.027 2.30469e-05
3.00799 1.4382 0 156.03 2.14522e-05
3.00799 1.4382 0 157.032 1.99971e-05
3.00799 1.4382 0 158.035 1.86658e-05
3.00799 1.4382 0 159.037 1.7445e-05
3.00799 1.4382 0 160.04 1.63233e-05
3.00799 1.4382 0 161.042 1.52907e-05
3.00799 1.4382 0 162.045 1.43387e-05
3.00799 1.4382 0 163.047 1.34597e-05
3.00799 1.4382 0 164.05 1.26468e-05
3.00799 1.4382 0 165.052 1.1894e-05
3.00799 1.4382 0 166.054 1.11959e-05
3.00799 1.4382 0 167.057 1.05479e-05
3.00799 1.4382 0 168.059 9.94542e-06
3.00799 1.4382 0 169.062 9.38475e-06
3.00799 1.4382 0 170.064 8.86236e-06
3.00799 1.4382 0 171.067 8.3751e-06
3.00799 1.4382 0 172.069 7.92014e-06
3.00799 1.4382 0 173.072 7.49488e-06
3.00799 1.4382 0 174.074 7.09701e-06
3.00799 1.4382 0 175.077 6.7244e-06
3.00799 1.4382 0 176.079 6.37512e-06
3.00799 1.4382 0 177.082 6.04742e-06
3.00799 1.4382 0 178.084 5.73971e-06
3.00799 1.4382 0 179.087 5.45051e-06
3.00799 1.4382 0 180.089 5.17851e-06
3.00799 1.4382 0 181.092 4.92246e-06
3.00799 1.4382 0 182.094 4.68127e-06
3.00799 1.4382 0 183.096 4.4539e-06
3.00799 1.4382 0 184.099 4.2394e-06
3.00799 1.4382 0 185.101 4.03692e-06
3.00799 1.4382 0 186.104 3.84565e-06
3.00799 1.4382 0 187.106 3.66486e-06
3.00799 1.4382 0 188.109 3.49386e-06
3.00799 1.4382 0 189.111 3.33204e-06
3.00799 1.4382 0 190.114 3.17881e-06
3.00799 1.4382 0 191.116 3.03364e-06
3.00799 1.4382 0 192.119 2.89602e-06
3.00799 1.4382 0 193.121 2.76551e-06
3.00799 1.4382 0 194.124 2.64167e-06
3.00799 1.4382 0 195.126 2.5241e-06
3.00799 1.4382 0 196.129 2.41243e-06
3.00799 1.4382 0 197.131 2.30633e-06
3.00799 1.4382 0 198.133 2.20546e-06
3.00799 1.4382 0 199.136 2.10954e-06
3.00799 1.4382 0 200.138 2.01828e-06
3.00799 1.4382 0 201.141 1.93142e-06
3.00799 1.4382 0 202.143 1.84871e-06
3.00799 1.4382 0 203.146 1.76994e-06
3.00799 1.4382 0 204.148 1.69489e-06
3.00799 1.4382 0 205.151 1.62335e-06
3.00799 1.4382 0 206.153 1.55514e-06
3.00799 1.4382 0 207.156 1.49009e-06
3.00799 1.4382 0 208.158 1.42803e-06
3.00799 1.4382 0 209.161 1.3688e-06
3.00799 1.4382 0 210.163 1.31226e-06
3.00799 1.4382 0 211.166 1.25827e-06
3.00799 1.4382 0 212.168 1.2067e-06
3.00799 1.4382 0 213.171 1.15743e-06
3.00799 1.4382 0 214.173 1.11035e-06
3.00799 1.4382 0 215.175 1.06535e-06
3.00799 1.4382 0 216.178 1.02232e-06
3.00799 1.4382 0 217.18 9.81169e-07
3.00799 1.4382 0 218.183 9.41808e-07
3.00799 1.4382 0 219.185 9.0415e-07
3.00799 1.4382 0 220.188 8.68112e-07
3.00799 1.4382 0 221.19 8.33619e-07
3.00799 1.4382 0 222.193 8.00597e-07
3.00799 1.4382 0 223.195 7.68978e-07
3.00799 1.4382 0 224.198 7.38695e-07
3.00799 1.4382 0 225.2 7.09688e-07
3.00799 1.4382 0 226.203 6.81898e-07
3.00799 1.4382 0 227.205 6.55268e-07
3.00799 1.4382 0 228.208 6.29746e-07
3.00799 1.4382 0 229.21 6.05283e-07
3.00799 1.4382 0 230.212 5.81829e-07
3.00799 1.4382 0 231.215 5.59341e-07
3.00799 1.4382 0 232.217 5.37774e-07
3.00799 1.4382 0 233.22 5.17089e-07
3.00799 1.4382 0 234.222 4.97246e-07
3.00799 1.4382 0 235.225 4.78208e-07
3.00799 1.4382 0 236.227 4.59941e-07
3.00799 1.4382 0 237.23 4.4241e-07
3.00799 1.4382 0 238.232 4.25583e-07
3.00799 1.4382 0 239.235 4.09431e-07
3.00799 1.4382 0 240.237 3.93925e-07
3.00799 1.4382 0 241.24 3.79036e-07
3.00799 1.4382 0 242.242 3.64738e-07
3.00799 1.4382 0 243.245 3.51007e-07
3.00799 1.4382 0 244.247 3.37818e-07
3.00799 1.4382 0 245.25 3.25149e-07
3.00799 1.4382 0 246.252 3.12978e-07
3.00799 1.4382 0 247.254 3.01283e-07
3.00799 1.4382 0 248.257 2.90046e-07
3.00799 1.4382 0 249.259 2.79247e-07
3.00799 1.4382 0 250.262 2.68868e-07
3.00799 1.4382 0 251.264 2.58892e-07
3.00799 1.4382 0 252.267 2.49302e-07
3.00799 1.4382 0 253.269 2.40082e-07
3.00799 1.4382 0 254.272 2.31218e-07
3.00799 1.4382 0 255.274 2.22694e-07
3.00799 1.4382 0 256.277 2.14497e-07
3.00799 1.4382 0 257.279 2.06615e-07
3.00799 1.4382 0 258.282 1.99033e-07
3.00799 1.4382 0 259.284 1.91741e-07
3.00799 1.4382 0 260.287 1.84725e-07
3.00799 1.4382 0 261.289 1.77977e-07
3.00799 1.4382 0 262.291 1.71484e-07
3.00799 1.4382 0 263.294 1.65236e-07
3.00799 1.4382 0 264.296 1.59225e-07
3.00799 1.4382 0 265.299 1.5344e-07
3.00799 1.4382 0 266.301 1.47872e-07
3.00799 1.4382 0 267.304 1.42514e-07
3.00799 1.4382 0 268.306 1.37356e-07
3.00799 1.4382 0 269.309 1.32391e-07
3.00799 1.4382 0 270.311 1.27612e-07
3.00799 1.4382 0 271.314 1.23011e-07
3.00799 1.4382 0 272.316 1.18581e-07
3.00799 1.4382 0 273.319 1.14316e-07
3.00799 1.4382 0 274.321 1.10209e-07
3.00799 1.4382 0 275.324 1.06255e-07
3.00799 1.4382 0 276.326 1.02446e-07
3.00799 1.4382 0 277.329 9.87782e-08
3.00799 1.4382 0 278.331 9.52456e-08
3.00799 1.4382 0 279.333 9.1843e-08
3.00799 1.4382 0 280.336 8.85656e-08
3.00799 1.4382 0 281.338 8.54084e-08
3.00799 1.4382 0 282.341 8.2367e-08
3.00799 1.4382 0 283.343 7.9437e-08
3.00799 1.4382 0 284.346 7.6614e-08
3.00799 1.4382 0 285.348 7.38942e-08
3.00799 1.4382 0 286.351 7.12735e-08
3.00799 1.4382 0 287.353 6.87482e-08
3.00799 1.4382 0 288.356 6.63147e-08
3.00799 1.4382 0 289.358 6.39696e-08
3.00799 1.4382 0 290.361 6.17096e-08
3.00799 1.4382 0 291.363 5.95314e-08
3.00799 1.4382 0 292.366 5.74321e-08
3.00799 1.4382 0 293.368 5.54086e-08
3.00799 1.4382 0 294.37 5.34582e-08
3.00799 1.4382 0 295.373 5.1578e-08
3.00799 1.4382 0 296.375 4.97656e-08
3.00799 1.4382 0 297.378 4.80184e-08
3.00799 1.4382 0 298.38 4.63339e-08
3.00799 1.4382 0 299.383 4.47099e-08
3.00799 1.4382 0 300.385 4.31441e-08
3.00799 1.4382 0 301.388 4.16344e-08
3.00799 1.4382 0 302.39 4.01787e-08
3.00799 1.4382 0 303.393 3.8775e-08
3.00799 1.4382 0 304.395 3.74214e-08
3.00799 1.4382 0 305.398 3.61161e-08
3.00799 1.4382 0 306.4 3.48573e-08
3.00799 1.4382 0 307.403 3.36432e-08
3.00799 1.4382 0 308.405 3.24724e-08
3.00799 1.4382 0 309.408 3.13431e-08
3.00799 1.4382 0 310.41 3.02539e-08
3.00799 1.4382 0 311.412 2.92033e-08
3.00799 1.4382 0 312.415 2.81899e-08
3.00799 1.4382 0 313.417 2.72124e-08
3.00799 1.4382 0 314.42 2.62694e-08
3.00799 1.4382 0 315.422 2.53597e-08
3.00799 1.4382 0 316.425 2.44822e-08
3.00799 1.4382 0 317.427 2.36355e-08
3.00799 1.4382 0 318.43 2.28187e-08
3.00799 1.4382 0 319.432 2.20306e-08
3.00799 1.4382 0 320.435 2.12703e-08
3.00799 1.4382 0 321.437 2.05367e-08
3.00799 1.4382 0 322.44 1.98288e-08
3.00799 1.4382 0 323.442 1.91457e-08
3.00799 1.4382 0 324.445 1.84866e-08
3.00799 1.4382 0 325.447 1.78506e-08
3.00799 1.4382 0 326.449 1.72368e-08
3.00799 1.4382 0 327.452 1.66445e-08
3.00799 1.4382 0 328.454 1.60729e-08
3.00799 1.4382 0 329.457 1.55212e-08
3.00799 1.4382 0 330.459 1.49888e-08
3.00799 1.4382 0 331.462 1.44749e-08
3.00799 1.4382 0 332.464 1.3979e-08
3.00799 1.4382 0 333.467 1.35003e-08
3.00799 1.4382 0 334.469 1.30382e-08
3.00799 1.4382 0 335.472 1.25922e-08
3.00799 1.4382 0 336.474 1.21617e-08
3.00799 1.4382 0 337.477 1.17462e-08
3.00799 1.4382 0 338.479 1.1345e-08
3.00799 1.4382 0 339.482 1.09578e-08
3.00799 1.4382 0 340.484 1.0584e-08
3.00799 1.4382 0 341.487 1.02231e-08
3.00799 1.4382 0 342.489 9.87466e-09
3.00799 1.4382 0 343.491 9.5383e-09
3.00799 1.4382 0 344.494 9.21356e-09
3.00799 1.4382 0 345.496 8.90003e-09
3.00799 1.4382 0 346.499 8.59732e-09
3.00799 1.4382 0 347.501 8.30504e-09
3.00799 1.4382 0 348.504 8.02284e-09
3.00799 1.4382 0 349.506 7.75036e-09
3.00799 1.4382 0 350.509 7.48725e-09
3.00799 1.4382 0 351.511 7.2332e-09
3.00799 1.4382 0 352.514 6.98787e-09
3.00799 1.4382 0 353.516 6.75098e-09
3.00799 1.4382 0 354.519 6.52222e-09
3.00799 1.4382 0 355.521 6.30131e-09
3.00799 1.4382 0 356.524 6.08798e-09
3.00799 1.4382 0 357.526 5.88196e-09
3.00799 1.4382 0 358.528 5.68299e-09
3.00799 1.4382 0 359.531 5.49084e-09
3.00799 1.4382 0 360.533 5.30527e-09
3.00799 1.4382 0 361.536 5.12604e-09
3.00799 1.4382 0 362.538 4.95294e-09
3.00799 1.4382 0 363.541 4.78576e-09
3.00799 1.4382 0 364.543 4.62428e-09
3.00799 1.4382 0 365.546 4.46831e-09
3.00799 1.4382 0 366.548 4.31767e-09
3.00799 1.4382 0 367.551 4.17216e-09
3.00799 1.4382 0 368.553 4.03161e-09
3.00799 1.4382 0 369.556 3.89585e-09
3.00799 1.4382 0 370.558 3.76471e-09
3.00799 1.4382 0 371.561 3.63803e-09
3.00799 1.4382 0 372.563 3.51566e-09
3.00799 1.4382 0 373.566 3.39746e-09
3.00799 1.4382 0 374.568 3.28326e-09
3.00799 1.4382 0 375.57 3.17295e-09
3.00799 1.4382 0 376.573 3.06638e-09
3.00799 1.4382 0 377.575 2.96343e-09
3.00799 1.4382 0 378.578 2.86397e-09
3.00799 1.4382 0 379.58 2.76789e-09
3.00799 1.4382 0 380.583 2.67505e-09
3.00799 1.4382 0 381.585 2.58537e-09
3.00799 1.4382 0 382.588 2.49872e-09
3.00799 1.4382 0 383.59 2.415e-09
3.00799 1.4382 0 384.593 2.33411e-09
3.00799 1.4382 0 385.595 2.25596e-09
3.00799 1.4382 0 386.598 2.18045e-09
3.00799 1.4382 0 387.6 2.1075e-09
3.00799 1.4382 0 388.603 2.037e-09
3.00799 1.4382 0 389.605 1.96889e-09
3.00799 1.4382 0 390.607 1.90307e-09
3.00799 1.4382 0 391.61 1.83948e-09
3.00799 1.4382 0 392.612 1.77803e-09
3.00799 1.4382 0 393.615 1.71865e-09
3.00799 1.4382 0 394.617 1.66127e-09
3.00799 1.4382 0 395.62 1.60582e-09
3.00799 1.4382 0 396.622 1.55225e-09
3.00799 1.4382 0 397.625 1.50047e-09
3.00799 1.4382 0 398.627 1.45043e-09
3.00799 1.4382 0 399.63 1.40208e-09
3.00799 1.4382 0 400.632 1.35536e-09
3.00799 1.4382 0 401.635 1.3102e-09
3.00799 1.4382 0 402.637 1.26656e-09
3.00799 1.4382 0 403.64 1.22439e-09
3.00799 1.4382 0 404.642 1.18363e-09
3.00799 1.4382 0 405.645 1.14424e-09
3.00799 1.4382 0 406.647 1.10617e-09
3.00799 1.4382 0 407.649 1.06938e-09
3.00799 1.4382 0 408.652 1.03382e-09
3.00799 1.4382 0 409.654 9.99452e-10
3.00799 1.4382 0 410.657 9.66236e-10
3.00799 1.4382 0 411.659 9.34132e-10
3.00799 1.4382 0 412.662 9.03104e-10
3.00799 1.4382 0 413.664 8.73113e-10
3.00799 1.4382 0 414.667 8.44126e-10
3.00799 1.4382 0 415.669 8.16109e-10
3.00799 1.4382 0 416.672 7.89028e-10
3.00799 1.4382 0 417.674 7.62853e-10
3.00799 1.4382 0 418.677 7.37552e-10
3.00799 1.4382 0 419.679 7.13096e-10
3.00799 1.4382 0 420.682 6.89457e-10
3.00799 1.4382 0 421.684 6.66607e-10
3.00799 1.4382 0 422.686 6.4452e-10
3.00799 1.4382 0 423.689 6.2317e-10
3.00799 1.4382 0 424.691 6.02532e-10
3.00799 1.4382 0 425.694 5.82582e-10
3.00799 1.4382 0 426.696 5.63297e-10
3.00799 1.4382 0 427.699 5.44654e-10
3.00799 1.4382 0 428.701 5.26633e-10
3.00799 1.4382 0 429.704 5.09212e-10
3.00799 1.4382 0 430.706 4.92371e-10
3.00799 1.4382 0 431.709 4.76091e-10
3.00799 1.4382 0 432.711 4.60352e-10
3.00799 1.4382 0 433.714 4.45137e-10
3.00799 1.4382 0 434.716 4.30428e-10
3.00799 1.4382 0 435.719 4.16209e-10
3.00799 1.4382 0 436.721 4.02462e-10
3.00799 1.4382 0 437.724 3.89171e-10
3.00799 1.4382 0 438.726 3.76323e-10
3.00799 1.4382 0 439.728 3.63901e-10
3.00799 1.4382 0 440.731 3.51892e-10
3.00799 1.4382 0 441.733 3.40281e-10
3.00799 1.4382 0 442.736 3.29056e-10
3.00799 1.4382 0 443.738 3.18203e-10
3.00799 1.4382 0 444.741 3.07711e-10
3.00799 1.4382 0 445.743 2.97566e-10
3.00799 1.4382 0 446.746 2.87758e-10
3.00799 1.4382 0 447.748 2.78275e-10
3.00799 1.4382 0 448.751 2.69106e-10
3.00799 1.4382 0 449.753 2.60241e-10
3.00799 1.4382 0 450.756 2.51669e-10
3.00799 1.4382 0 451.758 2.43382e-10
3.00799 1.4382 0 452.761 2.35369e-10
3.00799 1.4382 0 453.763 2.27621e-10
3.00799 1.4382 0 454.765 2.2013e-10
3.00799 1.4382 0 455.768 2.12886e-10
3.00799 1.4382 0 456.77 2.05883e-10
3.00799 1.4382 0 457.773 1.9911e-10
3.00799 1.4382 0 458.775 1.92562e-10
3.00799 1.4382 0 459.778 1.8623e-10
3.00799 1.4382 0 460.78 1.80108e-10
3.00799 1.4382 0 461.783 1.74188e-10
3.00799 1.4382 0 462.785 1.68463e-10
3.00799 1.4382 0 463.788 1.62928e-10
3.00799 1.4382 0 464.79 1.57575e-10
3.00799 1.4382 0 465.793 1.52399e-10
3.00799 1.4382 0 466.795 1.47394e-10
3.00799 1.4382 0 467.798 1.42554e-10
3.00799 1.4382 0 468.8 1.37874e-10
3.00799 1.4382 0 469.803 1.33348e-10
3.00799 1.4382 0 470.805 1.28972e-10
3.00799 1.4382 0 471.807 1.2474e-10
3.00799 1.4382 0 472.81 1.20647e-10
3.00799 1.4382 0 473.812 1.16689e-10
3.00799 1.4382 0 474.815 1.12862e-10
3.00799 1.4382 0 475.817 1.09161e-10
3.00799 1.4382 0 476.82 1.05582e-10
3.00799 1.4382 0 477.822 1.0212e-10
3.00799 1.4382 0 478.825 9.8773e-11
3.00799 1.4382 0 479.827 9.55359e-11
3.00799 1.4382 0 480.83 9.24053e-11
3.00799 1.4382 0 481.832 8.93778e-11
3.00799 1.4382 0 482.835 8.645e-11
3.00799 1.4382 0 483.837 8.36184e-11
3.00799 1.4382 0 484.84 8.088e-11
3.00799 1.4382 0 485.842 7.82317e-11
3.00799 1.4382 0 486.844 7.56705e-11
3.00799 1.4382 0 487.847 7.31935e-11
3.00799 1.4382 0 488.849 7.07979e-11
3.00799 1.4382 0 489.852 6.8481e-11
3.00799 1.4382 0 490.854 6.62403e-11
3.00799 1.4382 0 491.857 6.40732e-11
3.00799 1.4382 0 492.859 6.19773e-11
3.00799 1.4382 0 493.862 5.99503e-11
3.00799 1.4382 0 494.864 5.79898e-11
3.00799 1.4382 0 495.867 5.60937e-11
3.00799 1.4382 0 496.869 5.42598e-11
3.00799 1.4382 0 497.872 5.24861e-11
3.00799 1.4382 0 498.874 5.07707e-11
3.00799 1.4382 0 499.877 4.91115e-11
3.00799 1.4382 0 500.879 4.75067e-11
3.00799 1.4382 0 501.882 4.59546e-11
3.00799 1.4382 0 502.884 4.44535e-11
3.00799 1.4382 0 503.886 4.30015e-11
3.00799 1.4382 0 504.889 4.15971e-11
3.00799 1.4382 0 505.891 4.02388e-11
3.00799 1.4382 0 506.894 3.8925e-11
3.00799 1.4382 0 507.896 3.76543e-11
3.00799 1.4382 0 508.899 3.64252e-11
3.00799 1.4382 0 509.901 3.52363e-11
3.00799 1.4382 0 510.904 3.40864e-11
3.00799 1.4382 0 511.906 3.29742e-11
3.00799 1.4382 0 512.909 3.18984e-11
3.00799 1.4382 0 513.911 3.08578e-11
3.00799 1.4382 0 514.914 2.98513e-11
3.00799 1.4382 0 515.916 2.88777e-11
3.00799 1.4382 0 516.919 2.7936e-11
3.00799 1.4382 0 517.921 2.70251e-11
3.00799 1.4382 0 518.923 2.61441e-11
3.00799 1.4382 0 519.926 2.52918e-11
3.00799 1.4382 0 520.928 2.44674e-11
3.00799 1.4382 0 521.931 2.367e-11
3.00799 1.4382 0 522.933 2.28987e-11
3.00799 1.4382 0 523.936 2.21525e-11
3.00799 1.4382 0 524.938 2.14308e-11
3.00799 1.4382 0 525.941 2.07327e-11
3.00799 1.4382 0 526.943 2.00574e-11
3.00799 1.4382 0 527.946 1.94041e-11
3.00799 1.4382 0 528.948 1.87722e-11
3.00799 1.4382 0 529.951 1.8161e-11
3.00799 1.4382 0 530.953 1.75697e-11
3.00799 1.4382 0 531.956 1.69977e-11
3.00799 1.4382 0 532.958 1.64444e-11
3.00799 1.4382 0 533.961 1.59092e-11
3.00799 1.4382 0 534.963 1.53914e-11
3.00799 1.4382 0 535.965 1.48906e-11
3.00799 1.4382 0 536.968 1.44061e-11
3.00799 1.4382 0 537.97 1.39374e-11
3.00799 1.4382 0 538.973 1.3484e-11
3.00799 1.4382 0 539.975 1.30454e-11
3.00799 1.4382 0 540.978 1.26211e-11
3.00799 1.4382 0 541.98 1.22107e-11
3.00799 1.4382 0 542.983 1.18136e-11
3.00799 1.4382 0 543.985 1.14295e-11
3.00799 1.4382 0 544.988 1.10579e-11
3.00799 1.4382 0 545.99 1.06984e-11
3.00799 1.4382 0 546.993 1.03507e-11
3.00799 1.4382 0 547.995 1.00143e-11
3.00799 1.4382 0 548.998 9.68884e-12
3.00799 1.4382 0 550 9.374e-12

