0.777144 1.4382 0 100.01 6.21323e-07
0.777144 1.4382 0 101.012 1.13248e-06
0.777144 1.4382 0 102.015 1.12882e-06
0.777144 1.4382 0 103.017 1.09351e-06
0.777144 1.4382 0 104.02 1.06313e-06
0.777144 1.4382 0 105.022 1.03664e-06
0.777144 1.4382 0 106.025 1.01277e-06
0.777144 1.4382 0 107.027 9.90791e-07
0.777144 1.4382 0 108.03 9.70261e-07
0.777144 1.4382 0 109.032 9.50896e-07
0.777144 1.4382 0 110.035 9.32497e-07
0.777144 1.4382 0 111.037 9.14922e-07
0.777144 1.4382 0 112.04 8.98064e-07
0.777144 1.4382 0 113.042 8.81841e-07
0.777144 1.4382 0 114.045 8.66186e-07
0.777144 1.4382 0 115.047 8.51048e-07
0.777144 1.4382 0 116.05 8.36383e-07
0.777144 1.4382 0 117.052 8.22154e-07
0.777144 1.4382 0 118.055 8.0833e-07
0.777144 1.4382 0 119.057 7.94885e-07
0.777144 1.4382 0 120.06 7.81795e-07
0.777144 1.4382 0 121.062 7.69041e-07
0.777144 1.4382 0 122.065 7.56604e-07
0.777144 1.4382 0 123.067 7.44469e-07
0.777144 1.4382 0 124.07 7.32621e-07
0.777144 1.4382 0 125.072 7.21048e-07
0.777144 1.4382 0 126.075 7.09736e-07
0.777144 1.4382 0 127.077 6.98676e-07
0.777144 1.4382 0 128.079 6.87858e-07
0.777144 1.4382 0 129.082 6.77272e-07
0.777144 1.4382 0 130.084 6.6691e-07
0.777144 1.4382 0 131.087 6.56764e-07
0.777144 1.4382 0 132.089 6.46827e-07
0.777144 1.4382 0 133.092 6.37092e-07
0.777144 1.4382 0 134.094 6.27551e-07
0.777144 1.4382 0 135.097 6.182e-07
0.777144 1.4382 0 136.099 6.09032e-07
0.777144 1.4382 0 137.102 6.00042e-07
0.777144 1.4382 0 138.104 5.91224e-07
0.777144 1.4382 0 139.107 5.82575e-07
0.777144 1.4382 0 140.109 5.74088e-07
0.777144 1.4382 0 141.112 5.6576e-07
0.777144 1.4382 0 142.114 5.57586e-07
0.777144 1.4382 0 143.117 5.49562e-07
0.777144 1.4382 0 144.119 5.41685e-07
0.777144 1.4382 0 145.122 5.3395e-07
0.777144 1.4382 0 146.124 5.26354e-07
0.777144 1.4382 0 147.127 5.18894e-07
0.777144 1.4382 0 148.129 5.11565e-07
0.777144 1.4382 0 149.132 5.04366e-07
0.777144 1.4382 0 150.134 4.97293e-07
0.777144 1.4382 0 151.137 4.90342e-07
0.777144 1.4382 0 152.139 4.83512e-07
0.777144 1.4382 0 153.142 4.76799e-07
0.777144 1.4382 0 154.144 4.702e-07
0.777144 1.4382 0 155.146 4.63714e-07
0.777144 1.4382 0 156.149 4.57337e-07
0.777144 1.4382 0 157.151 4.51067e-07
0.777144 1.4382 0 158.154 4.44902e-07
0.777144 1.4382 0 159.156 4.38839e-07
0.777144 1.4382 0 160.159 4.32877e-07
0.777144 1.4382 0 161.161 4.27013e-07
0.777144 1.4382 0 162.164 4.21245e-07
0.777144 1.4382 0 163.166 4.1557e-07
0.777144 1.4382 0 164.169 4.09988e-07
0.777144 1.4382 0 165.171 4.04496e-07
0.777144 1.4382 0 166.174 3.99092e-07
0.777144 1.4382 0 167.176 3.93775e-07
0.777144 1.4382 0 168.179 3.88543e-07
0.777144 1.4382 0 169.181 3.83393e-07
0.777144 1.4382 0 170.184 3.78325e-07
0.777144 1.4382 0 171.186 3.73336e-07
0.777144 1.4382 0 172.189 3.68426e-07
0.777144 1.4382 0 173.191 3.63593e-07
0.777144 1.4382 0 174.194 3.58834e-07
0.777144 1.4382 0 175.196 3.5415e-07
0.777144 1.4382 0 176.199 3.49537e-07
0.777144 1.4382 0 177.201 3.44996e-07
0.777144 1.4382 0 178.204 3.40524e-07
0.777144 1.4382 0 179.206 3.3612e-07
0.777144 1.4382 0 180.208 3.31783e-07
0.777144 1.4382 0 181.211 3.27512e-07
0.777144 1.4382 0 182.213 3.23305e-07
0.777144 1.4382 0 183.216 3.19162e-07
0.777144 1.4382 0 184.218 3.15081e-07
0.777144 1.4382 0 185.221 3.1106e-07
0.777144 1.4382 0 186.223 3.071e-07
0.777144 1.4382 0 187.226 3.03198e-07
0.777144 1.4382 0 188.228 2.99354e-07
0.777144 1.4382 0 189.231 2.95567e-07
0.777144 1.4382 0 190.233 2.91835e-07
0.777144 1.4382 0 191.236 2.88158e-07
0.777144 1.4382 0 192.238 2.84534e-07
0.777144 1.4382 0 193.241 2.80964e-07
0.777144 1.4382 0 194.243 2.77445e-07
0.777144 1.4382 0 195.246 2.73977e-07
0.777144 1.4382 0 196.248 2.70559e-07
0.777144 1.4382 0 197.251 2.6719e-07
0.777144 1.4382 0 198.253 2.63869e-07
0.777144 1.4382 0 199.256 2.60596e-07
0.777144 1.4382 0 200.258 2.5737e-07
0.777144 1.4382 0 201.261 2.54189e-07
0.777144 1.4382 0 202.263 2.51054e-07
0.777144 1.4382 0 203.266 2.47962e-07
0.777144 1.4382 0 204.268 2.44915e-07
0.777144 1.4382 0 205.271 2.4191e-07
0.777144 1.4382 0 206.273 2.38947e-07
0.777144 1.4382 0 207.275 2.36025e-07
0.777144 1.4382 0 208.278 2.33145e-07
0.777144 1.4382 0 209.28 2.30304e-07
0.777144 1.4382 0 210.283 2.27503e-07
0.777144 1.4382 0 211.285 2.2474e-07
0.777144 1.4382 0 212.288 2.22016e-07
0.777144 1.4382 0 213.29 2.19329e-07
0.777144 1.4382 0 214.293 2.16679e-07
0.777144 1.4382 0 215.295 2.14065e-07
0.777144 1.4382 0 216.298 2.11487e-07
0.777144 1.4382 0 217.3 2.08944e-07
0.777144 1.4382 0 218.303 2.06435e-07
0.777144 1.4382 0 219.305 2.0396e-07
0.777144 1.4382 0 220.308 2.01519e-07
0.777144 1.4382 0 221.31 1.99111e-07
0.777144 1.4382 0 222.313 1.96735e-07
0.777144 1.4382 0 223.315 1.94392e-07
0.777144 1.4382 0 224.318 1.92079e-07
0.777144 1.4382 0 225.32 1.89797e-07
0.777144 1.4382 0 226.323 1.87546e-07
0.777144 1.4382 0 227.325 1.85325e-07
0.777144 1.4382 0 228.328 1.83133e-07
0.777144 1.4382 0 229.33 1.8097e-07
0.777144 1.4382 0 230.333 1.78836e-07
0.777144 1.4382 0 231.335 1.7673e-07
0.777144 1.4382 0 232.338 1.74652e-07
0.777144 1.4382 0 233.34 1.72601e-07
0.777144 1.4382 0 234.342 1.70576e-07
0.777144 1.4382 0 235.345 1.68579e-07
0.777144 1.4382 0 236.347 1.66607e-07
0.777144 1.4382 0 237.35 1.64661e-07
0.777144 1.4382 0 238.352 1.6274e-07
0.777144 1.4382 0 239.355 1.60844e-07
0.777144 1.4382 0 240.357 1.58973e-07
0.777144 1.4382 0 241.36 1.57126e-07
0.777144 1.4382 0 242.362 1.55302e-07
0.777144 1.4382 0 243.365 1.53502e-07
0.777144 1.4382 0 244.367 1.51725e-07
0.777144 1.4382 0 245.37 1.49971e-07
0.777144 1.4382 0 246.372 1.4824e-07
0.777144 1.4382 0 247.375 1.4653e-07
0.777144 1.4382 0 248.377 1.44842e-07
0.777144 1.4382 0 249.38 1.43176e-07
0.777144 1.4382 0 250.382 1.41531e-07
0.777144 1.4382 0 251.385 1.39906e-07
0.777144 1.4382 0 252.387 1.38302e-07
0.777144 1.4382 0 253.39 1.36719e-07
0.777144 1.4382 0 254.392 1.35155e-07
0.777144 1.4382 0 255.395 1.33611e-07
0.777144 1.4382 0 256.397 1.32087e-07
0.777144 1.4382 0 257.4 1.30581e-07
0.777144 1.4382 0 258.402 1.29094e-07
0.777144 1.4382 0 259.405 1.27626e-07
0.777144 1.4382 0 260.407 1.26176e-07
0.777144 1.4382 0 261.409 1.24745e-07
0.777144 1.4382 0 262.412 1.23331e-07
0.777144 1.4382 0 263.414 1.21934e-07
0.777144 1.4382 0 264.417 1.20555e-07
0.777144 1.4382 0 265.419 1.19193e-07
0.777144 1.4382 0 266.422 1.17847e-07
0.777144 1.4382 0 267.424 1.16519e-07
0.777144 1.4382 0 268.427 1.15206e-07
0.777144 1.4382 0 269.429 1.1391e-07
0.777144 1.4382 0 270.432 1.1263e-07
0.777144 1.4382 0 271.434 1.11365e-07
0.777144 1.4382 0 272.437 1.10116e-07
0.777144 1.4382 0 273.439 1.08882e-07
0.777144 1.4382 0 274.442 1.07663e-07
0.777144 1.4382 0 275.444 1.06459e-07
0.777144 1.4382 0 276.447 1.05269e-07
0.777144 1.4382 0 277.449 1.04094e-07
0.777144 1.4382 0 278.452 1.02933e-07
0.777144 1.4382 0 279.454 1.01786e-07
0.777144 1.4382 0 280.457 1.00653e-07
0.777144 1.4382 0 281.459 9.95342e-08
0.777144 1.4382 0 282.462 9.84284e-08
0.777144 1.4382 0 283.464 9.73359e-08
0.777144 1.4382 0 284.467 9.62565e-08
0.777144 1.4382 0 285.469 9.51901e-08
0.777144 1.4382 0 286.472 9.41365e-08
0.777144 1.4382 0 287.474 9.30954e-08
0.777144 1.4382 0 288.476 9.20668e-08
0.777144 1.4382 0 289.479 9.10504e-08
0.777144 1.4382 0 290.481 9.00462e-08
0.777144 1.4382 0 291.484 8.90539e-08
0.777144 1.4382 0 292.486 8.80734e-08
0.777144 1.4382 0 293.489 8.71045e-08
0.777144 1.4382 0 294.491 8.61471e-08
0.777144 1.4382 0 295.494 8.5201e-08
0.777144 1.4382 0 296.496 8.42661e-08
0.777144 1.4382 0 297.499 8.33423e-08
0.777144 1.4382 0 298.501 8.24293e-08
0.777144 1.4382 0 299.504 8.15271e-08
0.777144 1.4382 0 300.506 8.06355e-08
0.777144 1.4382 0 301.509 7.97544e-08
0.777144 1.4382 0 302.511 7.88836e-08
0.777144 1.4382 0 303.514 7.8023e-08
0.777144 1.4382 0 304.516 7.71725e-08
0.777144 1.4382 0 305.519 7.63319e-08
0.777144 1.4382 0 306.521 7.55011e-08
0.777144 1.4382 0 307.524 7.468e-08
0.777144 1.4382 0 308.526 7.38685e-08
0.777144 1.4382 0 309.529 7.30664e-08
0.777144 1.4382 0 310.531 7.22737e-08
0.777144 1.4382 0 311.534 7.14901e-08
0.777144 1.4382 0 312.536 7.07157e-08
0.777144 1.4382 0 313.538 6.99501e-08
0.777144 1.4382 0 314.541 6.91935e-08
0.777144 1.4382 0 315.543 6.84456e-08
0.777144 1.4382 0 316.546 6.77063e-08
0.777144 1.4382 0 317.548 6.69756e-08
0.777144 1.4382 0 318.551 6.62532e-08
0.777144 1.4382 0 319.553 6.55392e-08
0.777144 1.4382 0 320.556 6.48334e-08
0.777144 1.4382 0 321.558 6.41356e-08
0.777144 1.4382 0 322.561 6.34459e-08
0.777144 1.4382 0 323.563 6.27641e-08
0.777144 1.4382 0 324.566 6.20901e-08
0.777144 1.4382 0 325.568 6.14238e-08
0.777144 1.4382 0 326.571 6.07651e-08
0.777144 1.4382 0 327.573 6.01139e-08
0.777144 1.4382 0 328.576 5.94701e-08
0.777144 1.4382 0 329.578 5.88337e-08
0.777144 1.4382 0 330.581 5.82045e-08
0.777144 1.4382 0 331.583 5.75824e-08
0.777144 1.4382 0 332.586 5.69674e-08
0.777144 1.4382 0 333.588 5.63594e-08
0.777144 1.4382 0 334.591 5.57583e-08
0.777144 1.4382 0 335.593 5.51639e-08
0.777144 1.4382 0 336.596 5.45763e-08
0.777144 1.4382 0 337.598 5.39954e-08
0.777144 1.4382 0 338.601 5.34209e-08
0.777144 1.4382 0 339.603 5.2853e-08
0.777144 1.4382 0 340.605 5.22915e-08
0.777144 1.4382 0 341.608 5.17362e-08
0.777144 1.4382 0 342.61 5.11873e-08
0.777144 1.4382 0 343.613 5.06445e-08
0.777144 1.4382 0 344.615 5.01077e-08
0.777144 1.4382 0 345.618 4.9577e-08
0.777144 1.4382 0 346.62 4.90523e-08
0.777144 1.4382 0 347.623 4.85334e-08
0.777144 1.4382 0 348.625 4.80203e-08
0.777144 1.4382 0 349.628 4.7513e-08
0.777144 1.4382 0 350.63 4.70113e-08
0.777144 1.4382 0 351.633 4.65152e-08
0.777144 1.4382 0 352.635 4.60246e-08
0.777144 1.4382 0 353.638 4.55395e-08
0.777144 1.4382 0 354.64 4.50598e-08
0.777144 1.4382 0 355.643 4.45854e-08
0.777144 1.4382 0 356.645 4.41163e-08
0.777144 1.4382 0 357.648 4.36524e-08
0.777144 1.4382 0 358.65 4.31937e-08
0.777144 1.4382 0 359.653 4.274e-08
0.777144 1.4382 0 360.655 4.22914e-08
0.777144 1.4382 0 361.658 4.18477e-08
0.777144 1.4382 0 362.66 4.14089e-08
0.777144 1.4382 0 363.663 4.0975e-08
0.777144 1.4382 0 364.665 4.05458e-08
0.777144 1.4382 0 365.668 4.01214e-08
0.777144 1.4382 0 366.67 3.97016e-08
0.777144 1.4382 0 367.672 3.92865e-08
0.777144 1.4382 0 368.675 3.8876e-08
0.777144 1.4382 0 369.677 3.84699e-08
0.777144 1.4382 0 370.68 3.80683e-08
0.777144 1.4382 0 371.682 3.76711e-08
0.777144 1.4382 0 372.685 3.72783e-08
0.777144 1.4382 0 373.687 3.68898e-08
0.777144 1.4382 0 374.69 3.65055e-08
0.777144 1.4382 0 375.692 3.61254e-08
0.777144 1.4382 0 376.695 3.57495e-08
0.777144 1.4382 0 377.697 3.53777e-08
0.777144 1.4382 0 378.7 3.501e-08
0.777144 1.4382 0 379.702 3.46462e-08
0.777144 1.4382 0 380.705 3.42865e-08
0.777144 1.4382 0 381.707 3.39306e-08
0.777144 1.4382 0 382.71 3.35786e-08
0.777144 1.4382 0 383.712 3.32305e-08
0.777144 1.4382 0 384.715 3.28861e-08
0.777144 1.4382 0 385.717 3.25455e-08
0.777144 1.4382 0 386.72 3.22086e-08
0.777144 1.4382 0 387.722 3.18753e-08
0.777144 1.4382 0 388.725 3.15456e-08
0.777144 1.4382 0 389.727 3.12195e-08
0.777144 1.4382 0 390.73 3.0897e-08
0.777144 1.4382 0 391.732 3.05779e-08
0.777144 1.4382 0 392.735 3.02623e-08
0.777144 1.4382 0 393.737 2.99501e-08
0.777144 1.4382 0 394.739 2.96412e-08
0.777144 1.4382 0 395.742 2.93357e-08
0.777144 1.4382 0 396.744 2.90335e-08
0.777144 1.4382 0 397.747 2.87345e-08
0.777144 1.4382 0 398.749 2.84388e-08
0.777144 1.4382 0 399.752 2.81462e-08
0.777144 1.4382 0 400.754 2.78568e-08
0.777144 1.4382 0 401.757 2.75705e-08
0.777144 1.4382 0 402.759 2.72872e-08
0.777144 1.4382 0 403.762 2.7007e-08
0.777144 1.4382 0 404.764 2.67298e-08
0.777144 1.4382 0 405.767 2.64556e-08
0.777144 1.4382 0 406.769 2.61843e-08
0.777144 1.4382 0 407.772 2.59159e-08
0.777144 1.4382 0 408.774 2.56504e-08
0.777144 1.4382 0 409.777 2.53877e-08
0.777144 1.4382 0 410.779 2.51279e-08
0.777144 1.4382 0 411.782 2.48708e-08
0.777144 1.4382 0 412.784 2.46164e-08
0.777144 1.4382 0 413.787 2.43648e-08
0.777144 1.4382 0 414.789 2.41158e-08
0.777144 1.4382 0 415.792 2.38695e-08
0.777144 1.4382 0 416.794 2.36259e-08
0.777144 1.4382 0 417.797 2.33848e-08
0.777144 1.4382 0 418.799 2.31462e-08
0.777144 1.4382 0 419.802 2.29103e-08
0.777144 1.4382 0 420.804 2.26768e-08
0.777144 1.4382 0 421.806 2.24458e-08
0.777144 1.4382 0 422.809 2.22172e-08
0.777144 1.4382 0 423.811 2.19911e-08
0.777144 1.4382 0 424.814 2.17673e-08
0.777144 1.4382 0 425.816 2.1546e-08
0.777144 1.4382 0 426.819 2.13269e-08
0.777144 1.4382 0 427.821 2.11102e-08
0.777144 1.4382 0 428.824 2.08958e-08
0.777144 1.4382 0 429.826 2.06837e-08
0.777144 1.4382 0 430.829 2.04737e-08
0.777144 1.4382 0 431.831 2.0266e-08
0.777144 1.4382 0 432.834 2.00605e-08
0.777144 1.4382 0 433.836 1.98572e-08
0.777144 1.4382 0 434.839 1.9656e-08
0.777144 1.4382 0 435.841 1.94569e-08
0.777144 1.4382 0 436.844 1.92599e-08
0.777144 1.4382 0 437.846 1.9065e-08
0.777144 1.4382 0 438.849 1.88722e-08
0.777144 1.4382 0 439.851 1.86813e-08
0.777144 1.4382 0 440.854 1.84925e-08
0.777144 1.4382 0 441.856 1.83056e-08
0.777144 1.4382 0 442.859 1.81207e-08
0.777144 1.4382 0 443.861 1.79378e-08
0.777144 1.4382 0 444.864 1.77568e-08
0.777144 1.4382 0 445.866 1.75776e-08
0.777144 1.4382 0 446.868 1.74004e-08
0.777144 1.4382 0 447.871 1.7225e-08
0.777144 1.4382 0 448.873 1.70514e-08
0.777144 1.4382 0 449.876 1.68796e-08
0.777144 1.4382 0 450.878 1.67097e-08
0.777144 1.4382 0 451.881 1.65415e-08
0.777144 1.4382 0 452.883 1.6375e-08
0.777144 1.4382 0 453.886 1.62103e-08
0.777144 1.4382 0 454.888 1.60474e-08
0.777144 1.4382 0 455.891 1.58861e-08
0.777144 1.4382 0 456.893 1.57265e-08
0.777144 1.4382 0 457.896 1.55685e-08
0.777144 1.4382 0 458.898 1.54122e-08
0.777144 1.4382 0 459.901 1.52576e-08
0.777144 1.4382 0 460.903 1.51045e-08
0.777144 1.4382 0 461.906 1.4953e-08
0.777144 1.4382 0 462.908 1.48031e-08
0.777144 1.4382 0 463.911 1.46548e-08
0.777144 1.4382 0 464.913 1.4508e-08
0.777144 1.4382 0 465.916 1.43627e-08
0.777144 1.4382 0 466.918 1.42189e-08
0.777144 1.4382 0 467.921 1.40766e-08
0.777144 1.4382 0 468.923 1.39358e-08
0.777144 1.4382 0 469.926 1.37965e-08
0.777144 1.4382 0 470.928 1.36586e-08
0.777144 1.4382 0 471.931 1.35221e-08
0.777144 1.4382 0 472.933 1.3387e-08
0.777144 1.4382 0 473.935 1.32533e-08
0.777144 1.4382 0 474.938 1.3121e-08
0.777144 1.4382 0 475.94 1.29901e-08
0.777144 1.4382 0 476.943 1.28605e-08
0.777144 1.4382 0 477.945 1.27322e-08
0.777144 1.4382 0 478.948 1.26053e-08
0.777144 1.4382 0 479.95 1.24797e-08
0.777144 1.4382 0 480.953 1.23554e-08
0.777144 1.4382 0 481.955 1.22323e-08
0.777144 1.4382 0 482.958 1.21106e-08
0.777144 1.4382 0 483.96 1.199e-08
0.777144 1.4382 0 484.963 1.18708e-08
0.777144 1.4382 0 485.965 1.17527e-08
0.777144 1.4382 0 486.968 1.16359e-08
0.777144 1.4382 0 487.97 1.15202e-08
0.777144 1.4382 0 488.973 1.14058e-08
0.777144 1.4382 0 489.975 1.12925e-08
0.777144 1.4382 0 490.978 1.11803e-08
0.777144 1.4382 0 491.98 1.10694e-08
0.777144 1.4382 0 492.983 1.09595e-08
0.777144 1.4382 0 493.985 1.08508e-08
0.777144 1.4382 0 494.988 1.07432e-08
0.777144 1.4382 0 495.99 1.06367e-08
0.777144 1.4382 0 496.993 1.05313e-08
0.777144 1.4382 0 497.995 1.0427e-08
0.777144 1.4382 0 498.998 1.03237e-08
0.777144 1.4382 0 500 1.02215e-08

