1.93071 1.4382 0 150.015 4.99652e-06
1.93071 1.4382 0 151.017 8.94814e-06
1.93071 1.4382 0 152.02 9.0338e-06
1.93071 1.4382 0 153.022 8.64747e-06
1.93071 1.4382 0 154.025 8.25552e-06
1.93071 1.4382 0 155.027 7.88463e-06
1.93071 1.4382 0 156.03 7.53376e-06
1.93071 1.4382 0 157.032 7.20105e-06
1.93071 1.4382 0 158.035 6.88503e-06
1.93071 1.4382 0 159.037 6.58451e-06
1.93071 1.4382 0 160.04 6.2985e-06
1.93071 1.4382 0 161.042 6.02612e-06
1.93071 1.4382 0 162.045 5.7666e-06
1.93071 1.4382 0 163.047 5.51922e-06
1.93071 1.4382 0 164.05 5.28334e-06
1.93071 1.4382 0 165.052 5.05837e-06
1.93071 1.4382 0 166.054 4.84373e-06
1.93071 1.4382 0 167.057 4.6389e-06
1.93071 1.4382 0 168.059 4.4434e-06
1.93071 1.4382 0 169.062 4.25677e-06
1.93071 1.4382 0 170.064 4.07857e-06
1.93071 1.4382 0 171.067 3.90839e-06
1.93071 1.4382 0 172.069 3.74585e-06
1.93071 1.4382 0 173.072 3.59058e-06
1.93071 1.4382 0 174.074 3.44222e-06
1.93071 1.4382 0 175.077 3.30047e-06
1.93071 1.4382 0 176.079 3.16499e-06
1.93071 1.4382 0 177.082 3.03551e-06
1.93071 1.4382 0 178.084 2.91173e-06
1.93071 1.4382 0 179.087 2.79339e-06
1.93071 1.4382 0 180.089 2.68024e-06
1.93071 1.4382 0 181.092 2.57203e-06
1.93071 1.4382 0 182.094 2.46855e-06
1.93071 1.4382 0 183.096 2.36956e-06
1.93071 1.4382 0 184.099 2.27487e-06
1.93071 1.4382 0 185.101 2.18428e-06
1.93071 1.4382 0 186.104 2.09759e-06
1.93071 1.4382 0 187.106 2.01464e-06
1.93071 1.4382 0 188.109 1.93525e-06
1.93071 1.4382 0 189.111 1.85926e-06
1.93071 1.4382 0 190.114 1.78652e-06
1.93071 1.4382 0 191.116 1.71688e-06
1.93071 1.4382 0 192.119 1.6502e-06
1.93071 1.4382 0 193.121 1.58634e-06
1.93071 1.4382 0 194.124 1.52519e-06
1.93071 1.4382 0 195.126 1.46661e-06
1.93071 1.4382 0 196.129 1.4105e-06
1.93071 1.4382 0 197.131 1.35674e-06
1.93071 1.4382 0 198.133 1.30523e-06
1.93071 1.4382 0 199.136 1.25588e-06
1.93071 1.4382 0 200.138 1.20857e-06
1.93071 1.4382 0 201.141 1.16323e-06
1.93071 1.4382 0 202.143 1.11977e-06
1.93071 1.4382 0 203.146 1.0781e-06
1.93071 1.4382 0 204.148 1.03815e-06
1.93071 1.4382 0 205.151 9.99841e-07
1.93071 1.4382 0 206.153 9.63098e-07
1.93071 1.4382 0 207.156 9.27855e-07
1.93071 1.4382 0 208.158 8.94047e-07
1.93071 1.4382 0 209.161 8.61611e-07
1.93071 1.4382 0 210.163 8.30488e-07
1.93071 1.4382 0 211.166 8.00621e-07
1.93071 1.4382 0 212.168 7.71956e-07
1.93071 1.4382 0 213.171 7.4444e-07
1.93071 1.4382 0 214.173 7.18025e-07
1.93071 1.4382 0 215.175 6.92662e-07
1.93071 1.4382 0 216.178 6.68308e-07
1.93071 1.4382 0 217.18 6.44918e-07
1.93071 1.4382 0 218.183 6.22452e-07
1.93071 1.4382 0 219.185 6.0087e-07
1.93071 1.4382 0 220.188 5.80135e-07
1.93071 1.4382 0 221.19 5.6021e-07
1.93071 1.4382 0 222.193 5.41062e-07
1.93071 1.4382 0 223.195 5.22658e-07
1.93071 1.4382 0 224.198 5.04966e-07
1.93071 1.4382 0 225.2 4.87956e-07
1.93071 1.4382 0 226.203 4.716e-07
1.93071 1.4382 0 227.205 4.5587e-07
1.93071 1.4382 0 228.208 4.40741e-07
1.93071 1.4382 0 229.21 4.26186e-07
1.93071 1.4382 0 230.212 4.12183e-07
1.93071 1.4382 0 231.215 3.98709e-07
1.93071 1.4382 0 232.217 3.85741e-07
1.93071 1.4382 0 233.22 3.73258e-07
1.93071 1.4382 0 234.222 3.61242e-07
1.93071 1.4382 0 235.225 3.49672e-07
1.93071 1.4382 0 236.227 3.3853e-07
1.93071 1.4382 0 237.23 3.27799e-07
1.93071 1.4382 0 238.232 3.17462e-07
1.93071 1.4382 0 239.235 3.07504e-07
1.93071 1.4382 0 240.237 2.97907e-07
1.93071 1.4382 0 241.24 2.88659e-07
1.93071 1.4382 0 242.242 2.79745e-07
1.93071 1.4382 0 243.245 2.71152e-07
1.93071 1.4382 0 244.247 2.62866e-07
1.93071 1.4382 0 245.25 2.54876e-07
1.93071 1.4382 0 246.252 2.47169e-07
1.93071 1.4382 0 247.254 2.39735e-07
1.93071 1.4382 0 248.257 2.32563e-07
1.93071 1.4382 0 249.259 2.25641e-07
1.93071 1.4382 0 250.262 2.18961e-07
1.93071 1.4382 0 251.264 2.12513e-07
1.93071 1.4382 0 252.267 2.06288e-07
1.93071 1.4382 0 253.269 2.00277e-07
1.93071 1.4382 0 254.272 1.94471e-07
1.93071 1.4382 0 255.274 1.88864e-07
1.93071 1.4382 0 256.277 1.83446e-07
1.93071 1.4382 0 257.279 1.78212e-07
1.93071 1.4382 0 258.282 1.73153e-07
1.93071 1.4382 0 259.284 1.68263e-07
1.93071 1.4382 0 260.287 1.63536e-07
1.93071 1.4382 0 261.289 1.58965e-07
1.93071 1.4382 0 262.291 1.54545e-07
1.93071 1.4382 0 263.294 1.5027e-07
1.93071 1.4382 0 264.296 1.46134e-07
1.93071 1.4382 0 265.299 1.42132e-07
1.93071 1.4382 0 266.301 1.38259e-07
1.93071 1.4382 0 267.304 1.34511e-07
1.93071 1.4382 0 268.306 1.30883e-07
1.93071 1.4382 0 269.309 1.2737e-07
1.93071 1.4382 0 270.311 1.23968e-07
1.93071 1.4382 0 271.314 1.20673e-07
1.93071 1.4382 0 272.316 1.17481e-07
1.93071 1.4382 0 273.319 1.14388e-07
1.93071 1.4382 0 274.321 1.11392e-07
1.93071 1.4382 0 275.324 1.08487e-07
1.93071 1.4382 0 276.326 1.05672e-07
1.93071 1.4382 0 277.329 1.02942e-07
1.93071 1.4382 0 278.331 1.00296e-07
1.93071 1.4382 0 279.333 9.77287e-08
1.93071 1.4382 0 280.336 9.52389e-08
1.93071 1.4382 0 281.338 9.28234e-08
1.93071 1.4382 0 282.341 9.04797e-08
1.93071 1.4382 0 283.343 8.82052e-08
1.93071 1.4382 0 284.346 8.59975e-08
1.93071 1.4382 0 285.348 8.38544e-08
1.93071 1.4382 0 286.351 8.17735e-08
1.93071 1.4382 0 287.353 7.97529e-08
1.93071 1.4382 0 288.356 7.77904e-08
1.93071 1.4382 0 289.358 7.58841e-08
1.93071 1.4382 0 290.361 7.40321e-08
1.93071 1.4382 0 291.363 7.22325e-08
1.93071 1.4382 0 292.366 7.04836e-08
1.93071 1.4382 0 293.368 6.87838e-08
1.93071 1.4382 0 294.37 6.71313e-08
1.93071 1.4382 0 295.373 6.55247e-08
1.93071 1.4382 0 296.375 6.39625e-08
1.93071 1.4382 0 297.378 6.24431e-08
1.93071 1.4382 0 298.38 6.09653e-08
1.93071 1.4382 0 299.383 5.95276e-08
1.93071 1.4382 0 300.385 5.81288e-08
1.93071 1.4382 0 301.388 5.67677e-08
1.93071 1.4382 0 302.39 5.5443e-08
1.93071 1.4382 0 303.393 5.41536e-08
1.93071 1.4382 0 304.395 5.28984e-08
1.93071 1.4382 0 305.398 5.16763e-08
1.93071 1.4382 0 306.4 5.04863e-08
1.93071 1.4382 0 307.403 4.93274e-08
1.93071 1.4382 0 308.405 4.81986e-08
1.93071 1.4382 0 309.408 4.70991e-08
1.93071 1.4382 0 310.41 4.60278e-08
1.93071 1.4382 0 311.412 4.49841e-08
1.93071 1.4382 0 312.415 4.3967e-08
1.93071 1.4382 0 313.417 4.29757e-08
1.93071 1.4382 0 314.42 4.20095e-08
1.93071 1.4382 0 315.422 4.10676e-08
1.93071 1.4382 0 316.425 4.01493e-08
1.93071 1.4382 0 317.427 3.9254e-08
1.93071 1.4382 0 318.43 3.83808e-08
1.93071 1.4382 0 319.432 3.75293e-08
1.93071 1.4382 0 320.435 3.66988e-08
1.93071 1.4382 0 321.437 3.58887e-08
1.93071 1.4382 0 322.44 3.50983e-08
1.93071 1.4382 0 323.442 3.43271e-08
1.93071 1.4382 0 324.445 3.35747e-08
1.93071 1.4382 0 325.447 3.28404e-08
1.93071 1.4382 0 326.449 3.21238e-08
1.93071 1.4382 0 327.452 3.14243e-08
1.93071 1.4382 0 328.454 3.07415e-08
1.93071 1.4382 0 329.457 3.00749e-08
1.93071 1.4382 0 330.459 2.94241e-08
1.93071 1.4382 0 331.462 2.87887e-08
1.93071 1.4382 0 332.464 2.81682e-08
1.93071 1.4382 0 333.467 2.75622e-08
1.93071 1.4382 0 334.469 2.69703e-08
1.93071 1.4382 0 335.472 2.63923e-08
1.93071 1.4382 0 336.474 2.58276e-08
1.93071 1.4382 0 337.477 2.52759e-08
1.93071 1.4382 0 338.479 2.4737e-08
1.93071 1.4382 0 339.482 2.42104e-08
1.93071 1.4382 0 340.484 2.36959e-08
1.93071 1.4382 0 341.487 2.31931e-08
1.93071 1.4382 0 342.489 2.27017e-08
1.93071 1.4382 0 343.491 2.22214e-08
1.93071 1.4382 0 344.494 2.1752e-08
1.93071 1.4382 0 345.496 2.12932e-08
1.93071 1.4382 0 346.499 2.08447e-08
1.93071 1.4382 0 347.501 2.04062e-08
1.93071 1.4382 0 348.504 1.99775e-08
1.93071 1.4382 0 349.506 1.95584e-08
1.93071 1.4382 0 350.509 1.91485e-08
1.93071 1.4382 0 351.511 1.87478e-08
1.93071 1.4382 0 352.514 1.83559e-08
1.93071 1.4382 0 353.516 1.79726e-08
1.93071 1.4382 0 354.519 1.75978e-08
1.93071 1.4382 0 355.521 1.72312e-08
1.93071 1.4382 0 356.524 1.68726e-08
1.93071 1.4382 0 357.526 1.65218e-08
1.93071 1.4382 0 358.528 1.61787e-08
1.93071 1.4382 0 359.531 1.58431e-08
1.93071 1.4382 0 360.533 1.55147e-08
1.93071 1.4382 0 361.536 1.51934e-08
1.93071 1.4382 0 362.538 1.48791e-08
1.93071 1.4382 0 363.541 1.45715e-08
1.93071 1.4382 0 364.543 1.42705e-08
1.93071 1.4382 0 365.546 1.3976e-08
1.93071 1.4382 0 366.548 1.36878e-08
1.93071 1.4382 0 367.551 1.34058e-08
1.93071 1.4382 0 368.553 1.31298e-08
1.93071 1.4382 0 369.556 1.28597e-08
1.93071 1.4382 0 370.558 1.25953e-08
1.93071 1.4382 0 371.561 1.23365e-08
1.93071 1.4382 0 372.563 1.20833e-08
1.93071 1.4382 0 373.566 1.18353e-08
1.93071 1.4382 0 374.568 1.15926e-08
1.93071 1.4382 0 375.57 1.13551e-08
1.93071 1.4382 0 376.573 1.11225e-08
1.93071 1.4382 0 377.575 1.08949e-08
1.93071 1.4382 0 378.578 1.0672e-08
1.93071 1.4382 0 379.58 1.04538e-08
1.93071 1.4382 0 380.583 1.02401e-08
1.93071 1.4382 0 381.585 1.00309e-08
1.93071 1.4382 0 382.588 9.82614e-09
1.93071 1.4382 0 383.59 9.62561e-09
1.93071 1.4382 0 384.593 9.42926e-09
1.93071 1.4382 0 385.595 9.237e-09
1.93071 1.4382 0 386.598 9.04873e-09
1.93071 1.4382 0 387.6 8.86438e-09
1.93071 1.4382 0 388.603 8.68385e-09
1.93071 1.4382 0 389.605 8.50706e-09
1.93071 1.4382 0 390.607 8.33393e-09
1.93071 1.4382 0 391.61 8.16438e-09
1.93071 1.4382 0 392.612 7.99833e-09
1.93071 1.4382 0 393.615 7.83571e-09
1.93071 1.4382 0 394.617 7.67645e-09
1.93071 1.4382 0 395.62 7.52046e-09
1.93071 1.4382 0 396.622 7.36769e-09
1.93071 1.4382 0 397.625 7.21806e-09
1.93071 1.4382 0 398.627 7.07151e-09
1.93071 1.4382 0 399.63 6.92796e-09
1.93071 1.4382 0 400.632 6.78736e-09
1.93071 1.4382 0 401.635 6.64964e-09
1.93071 1.4382 0 402.637 6.51475e-09
1.93071 1.4382 0 403.64 6.38261e-09
1.93071 1.4382 0 404.642 6.25318e-09
1.93071 1.4382 0 405.645 6.1264e-09
1.93071 1.4382 0 406.647 6.00221e-09
1.93071 1.4382 0 407.649 5.88055e-09
1.93071 1.4382 0 408.652 5.76138e-09
1.93071 1.4382 0 409.654 5.64464e-09
1.93071 1.4382 0 410.657 5.53028e-09
1.93071 1.4382 0 411.659 5.41825e-09
1.93071 1.4382 0 412.662 5.3085e-09
1.93071 1.4382 0 413.664 5.20099e-09
1.93071 1.4382 0 414.667 5.09566e-09
1.93071 1.4382 0 415.669 4.99248e-09
1.93071 1.4382 0 416.672 4.89139e-09
1.93071 1.4382 0 417.674 4.79236e-09
1.93071 1.4382 0 418.677 4.69534e-09
1.93071 1.4382 0 419.679 4.60028e-09
1.93071 1.4382 0 420.682 4.50716e-09
1.93071 1.4382 0 421.684 4.41593e-09
1.93071 1.4382 0 422.686 4.32655e-09
1.93071 1.4382 0 423.689 4.23898e-09
1.93071 1.4382 0 424.691 4.15319e-09
1.93071 1.4382 0 425.694 4.06913e-09
1.93071 1.4382 0 426.696 3.98678e-09
1.93071 1.4382 0 427.699 3.90609e-09
1.93071 1.4382 0 428.701 3.82704e-09
1.93071 1.4382 0 429.704 3.74959e-09
1.93071 1.4382 0 430.706 3.6737e-09
1.93071 1.4382 0 431.709 3.59936e-09
1.93071 1.4382 0 432.711 3.52651e-09
1.93071 1.4382 0 433.714 3.45514e-09
1.93071 1.4382 0 434.716 3.38521e-09
1.93071 1.4382 0 435.719 3.3167e-09
1.93071 1.4382 0 436.721 3.24957e-09
1.93071 1.4382 0 437.724 3.18379e-09
1.93071 1.4382 0 438.726 3.11935e-09
1.93071 1.4382 0 439.728 3.05621e-09
1.93071 1.4382 0 440.731 2.99434e-09
1.93071 1.4382 0 441.733 2.93372e-09
1.93071 1.4382 0 442.736 2.87433e-09
1.93071 1.4382 0 443.738 2.81614e-09
1.93071 1.4382 0 444.741 2.75912e-09
1.93071 1.4382 0 445.743 2.70325e-09
1.93071 1.4382 0 446.746 2.64851e-09
1.93071 1.4382 0 447.748 2.59488e-09
1.93071 1.4382 0 448.751 2.54232e-09
1.93071 1.4382 0 449.753 2.49083e-09
1.93071 1.4382 0 450.756 2.44038e-09
1.93071 1.4382 0 451.758 2.39095e-09
1.93071 1.4382 0 452.761 2.34251e-09
1.93071 1.4382 0 453.763 2.29505e-09
1.93071 1.4382 0 454.765 2.24855e-09
1.93071 1.4382 0 455.768 2.20299e-09
1.93071 1.4382 0 456.77 2.15835e-09
1.93071 1.4382 0 457.773 2.1146e-09
1.93071 1.4382 0 458.775 2.07174e-09
1.93071 1.4382 0 459.778 2.02975e-09
1.93071 1.4382 0 460.78 1.9886e-09
1.93071 1.4382 0 461.783 1.94828e-09
1.93071 1.4382 0 462.785 1.90878e-09
1.93071 1.4382 0 463.788 1.87007e-09
1.93071 1.4382 0 464.79 1.83215e-09
1.93071 1.4382 0 465.793 1.79499e-09
1.93071 1.4382 0 466.795 1.75858e-09
1.93071 1.4382 0 467.798 1.7229e-09
1.93071 1.4382 0 468.8 1.68795e-09
1.93071 1.4382 0 469.803 1.6537e-09
1.93071 1.4382 0 470.805 1.62014e-09
1.93071 1.4382 0 471.807 1.58726e-09
1.93071 1.4382 0 472.81 1.55504e-09
1.93071 1.4382 0 473.812 1.52348e-09
1.93071 1.4382 0 474.815 1.49255e-09
1.93071 1.4382 0 475.817 1.46224e-09
1.93071 1.4382 0 476.82 1.43255e-09
1.93071 1.4382 0 477.822 1.40346e-09
1.93071 1.4382 0 478.825 1.37495e-09
1.93071 1.4382 0 479.827 1.34702e-09
1.93071 1.4382 0 480.83 1.31966e-09
1.93071 1.4382 0 481.832 1.29284e-09
1.93071 1.4382 0 482.835 1.26657e-09
1.93071 1.4382 0 483.837 1.24083e-09
1.93071 1.4382 0 484.84 1.21561e-09
1.93071 1.4382 0 485.842 1.1909e-09
1.93071 1.4382 0 486.844 1.16669e-09
1.93071 1.4382 0 487.847 1.14297e-09
1.93071 1.4382 0 488.849 1.11973e-09
1.93071 1.4382 0 489.852 1.09696e-09
1.93071 1.4382 0 490.854 1.07464e-09
1.93071 1.4382 0 491.857 1.05278e-09
1.93071 1.4382 0 492.859 1.03136e-09
1.93071 1.4382 0 493.862 1.01038e-09
1.93071 1.4382 0 494.864 9.89818e-10
1.93071 1.4382 0 495.867 9.69673e-10
1.93071 1.4382 0 496.869 9.49936e-10
1.93071 1.4382 0 497.872 9.30598e-10
1.93071 1.4382 0 498.874 9.11651e-10
1.93071 1.4382 0 499.877 8.93088e-10
1.93071 1.4382 0 500.879 8.74901e-10
1.93071 1.4382 0 501.882 8.57081e-10
1.93071 1.4382 0 502.884 8.39623e-10
1.93071 1.4382 0 503.886 8.22518e-10
1.93071 1.4382 0 504.889 8.0576e-10
1.93071 1.4382 0 505.891 7.89341e-10
1.93071 1.4382 0 506.894 7.73254e-10
1.93071 1.4382 0 507.896 7.57494e-10
1.93071 1.4382 0 508.899 7.42053e-10
1.93071 1.4382 0 509.901 7.26924e-10
1.93071 1.4382 0 510.904 7.12103e-10
1.93071 1.4382 0 511.906 6.97581e-10
1.93071 1.4382 0 512.909 6.83355e-10
1.93071 1.4382 0 513.911 6.69416e-10
1.93071 1.4382 0 514.914 6.55761e-10
1.93071 1.4382 0 515.916 6.42382e-10
1.93071 1.4382 0 516.919 6.29274e-10
1.93071 1.4382 0 517.921 6.16433e-10
1.93071 1.4382 0 518.923 6.03852e-10
1.93071 1.4382 0 519.926 5.91526e-10
1.93071 1.4382 0 520.928 5.79451e-10
1.93071 1.4382 0 521.931 5.67621e-10
1.93071 1.4382 0 522.933 5.5603e-10
1.93071 1.4382 0 523.936 5.44675e-10
1.93071 1.4382 0 524.938 5.33551e-10
1.93071 1.4382 0 525.941 5.22653e-10
1.93071 1.4382 0 526.943 5.11976e-10
1.93071 1.4382 0 527.946 5.01515e-10
1.93071 1.4382 0 528.948 4.91268e-10
1.93071 1.4382 0 529.951 4.81228e-10
1.93071 1.4382 0 530.953 4.71393e-10
1.93071 1.4382 0 531.956 4.61757e-10
1.93071 1.4382 0 532.958 4.52318e-10
1.93071 1.4382 0 533.961 4.4307e-10
1.93071 1.4382 0 534.963 4.3401e-10
1.93071 1.4382 0 535.965 4.25135e-10
1.93071 1.4382 0 536.968 4.1644e-10
1.93071 1.4382 0 537.97 4.07922e-10
1.93071 1.4382 0 538.973 3.99577e-10
1.93071 1.4382 0 539.975 3.91402e-10
1.93071 1.4382 0 540.978 3.83394e-10
1.93071 1.4382 0 541.98 3.75548e-10
1.93071 1.4382 0 542.983 3.67862e-10
1.93071 1.4382 0 543.985 3.60333e-10
1.93071 1.4382 0 544.988 3.52957e-10
1.93071 1.4382 0 545.99 3.45731e-10
1.93071 1.4382 0 546.993 3.38652e-10
1.93071 1.4382 0 547.995 3.31717e-10
1.93071 1.4382 0 548.998 3.24924e-10
1.93071 1.4382 0 550 3.18269e-10

