4.97077 1.4382 0 100.01 1.35744e-05
4.97077 1.4382 0 101.012 2.2075e-05
4.97077 1.4382 0 102.015 1.9094e-05
4.97077 1.4382 0 103.017 1.6421e-05
4.97077 1.4382 0 104.02 1.44087e-05
4.97077 1.4382 0 105.022 1.28132e-05
4.97077 1.4382 0 106.025 1.14984e-05
4.97077 1.4382 0 107.027 1.03871e-05
4.97077 1.4382 0 108.03 9.43097e-06
4.97077 1.4382 0 109.032 8.59762e-06
4.97077 1.4382 0 110.035 7.86394e-06
4.97077 1.4382 0 111.037 7.21286e-06
4.97077 1.4382 0 112.04 6.63134e-06
4.97077 1.4382 0 113.042 6.10914e-06
4.97077 1.4382 0 114.045 5.63809e-06
4.97077 1.4382 0 115.047 5.21154e-06
4.97077 1.4382 0 116.05 4.824e-06
4.97077 1.4382 0 117.052 4.47086e-06
4.97077 1.4382 0 118.055 4.14825e-06
4.97077 1.4382 0 119.057 3.85286e-06
4.97077 1.4382 0 120.06 3.58184e-06
4.97077 1.4382 0 121.062 3.33272e-06
4.97077 1.4382 0 122.065 3.10336e-06
4.97077 1.4382 0 123.067 2.89188e-06
4.97077 1.4382 0 124.07 2.69661e-06
4.97077 1.4382 0 125.072 2.51609e-06
4.97077 1.4382 0 126.075 2.34902e-06
4.97077 1.4382 0 127.077 2.19422e-06
4.97077 1.4382 0 128.079 2.05066e-06
4.97077 1.4382 0 129.082 1.9174e-06
4.97077 1.4382 0 130.084 1.7936e-06
4.97077 1.4382 0 131.087 1.6785e-06
4.97077 1.4382 0 132.089 1.5714e-06
4.97077 1.4382 0 133.092 1.47169e-06
4.97077 1.4382 0 134.094 1.37879e-06
4.97077 1.4382 0 135.097 1.29219e-06
4.97077 1.4382 0 136.099 1.21141e-06
4.97077 1.4382 0 137.102 1.13603e-06
4.97077 1.4382 0 138.104 1.06564e-06
4.97077 1.4382 0 139.107 9.99892e-07
4.97077 1.4382 0 140.109 9.38444e-07
4.97077 1.4382 0 141.112 8.80992e-07
4.97077 1.4382 0 142.114 8.27256e-07
4.97077 1.4382 0 143.117 7.76975e-07
4.97077 1.4382 0 144.119 7.2991e-07
4.97077 1.4382 0 145.122 6.8584e-07
4.97077 1.4382 0 146.124 6.4456e-07
4.97077 1.4382 0 147.127 6.05883e-07
4.97077 1.4382 0 148.129 5.69633e-07
4.97077 1.4382 0 149.132 5.35647e-07
4.97077 1.4382 0 150.134 5.03776e-07
4.97077 1.4382 0 151.137 4.7388e-07
4.97077 1.4382 0 152.139 4.45829e-07
4.97077 1.4382 0 153.142 4.19504e-07
4.97077 1.4382 0 154.144 3.94792e-07
4.97077 1.4382 0 155.146 3.7159e-07
4.97077 1.4382 0 156.149 3.49799e-07
4.97077 1.4382 0 157.151 3.29331e-07
4.97077 1.4382 0 158.154 3.10101e-07
4.97077 1.4382 0 159.156 2.92031e-07
4.97077 1.4382 0 160.159 2.75047e-07
4.97077 1.4382 0 161.161 2.59082e-07
4.97077 1.4382 0 162.164 2.44072e-07
4.97077 1.4382 0 163.166 2.29956e-07
4.97077 1.4382 0 164.169 2.16681e-07
4.97077 1.4382 0 165.171 2.04193e-07
4.97077 1.4382 0 166.174 1.92445e-07
4.97077 1.4382 0 167.176 1.81391e-07
4.97077 1.4382 0 168.179 1.70988e-07
4.97077 1.4382 0 169.181 1.61197e-07
4.97077 1.4382 0 170.184 1.5198e-07
4.97077 1.4382 0 171.186 1.43303e-07
4.97077 1.4382 0 172.189 1.35133e-07
4.97077 1.4382 0 173.191 1.2744e-07
4.97077 1.4382 0 174.194 1.20194e-07
4.97077 1.4382 0 175.196 1.1337e-07
4.97077 1.4382 0 176.199 1.06941e-07
4.97077 1.4382 0 177.201 1.00884e-07
4.97077 1.4382 0 178.204 9.5178e-08
4.97077 1.4382 0 179.206 8.98008e-08
4.97077 1.4382 0 180.208 8.47335e-08
4.97077 1.4382 0 181.211 7.99576e-08
4.97077 1.4382 0 182.213 7.54559e-08
4.97077 1.4382 0 183.216 7.12124e-08
4.97077 1.4382 0 184.218 6.72119e-08
4.97077 1.4382 0 185.221 6.34401e-08
4.97077 1.4382 0 186.223 5.98837e-08
4.97077 1.4382 0 187.226 5.653e-08
4.97077 1.4382 0 188.228 5.33673e-08
4.97077 1.4382 0 189.231 5.03844e-08
4.97077 1.4382 0 190.233 4.7571e-08
4.97077 1.4382 0 191.236 4.49171e-08
4.97077 1.4382 0 192.238 4.24135e-08
4.97077 1.4382 0 193.241 4.00517e-08
4.97077 1.4382 0 194.243 3.78233e-08
4.97077 1.4382 0 195.246 3.57207e-08
4.97077 1.4382 0 196.248 3.37367e-08
4.97077 1.4382 0 197.251 3.18644e-08
4.97077 1.4382 0 198.253 3.00975e-08
4.97077 1.4382 0 199.256 2.84299e-08
4.97077 1.4382 0 200.258 2.68559e-08
4.97077 1.4382 0 201.261 2.53702e-08
4.97077 1.4382 0 202.263 2.39677e-08
4.97077 1.4382 0 203.266 2.26438e-08
4.97077 1.4382 0 204.268 2.13939e-08
4.97077 1.4382 0 205.271 2.02139e-08
4.97077 1.4382 0 206.273 1.90997e-08
4.97077 1.4382 0 207.275 1.80477e-08
4.97077 1.4382 0 208.278 1.70543e-08
4.97077 1.4382 0 209.28 1.61162e-08
4.97077 1.4382 0 210.283 1.52302e-08
4.97077 1.4382 0 211.285 1.43936e-08
4.97077 1.4382 0 212.288 1.36034e-08
4.97077 1.4382 0 213.29 1.2857e-08
4.97077 1.4382 0 214.293 1.2152e-08
4.97077 1.4382 0 215.295 1.14861e-08
4.97077 1.4382 0 216.298 1.08571e-08
4.97077 1.4382 0 217.3 1.02628e-08
4.97077 1.4382 0 218.303 9.70142e-09
4.97077 1.4382 0 219.305 9.17103e-09
4.97077 1.4382 0 220.308 8.66992e-09
4.97077 1.4382 0 221.31 8.19646e-09
4.97077 1.4382 0 222.313 7.74909e-09
4.97077 1.4382 0 223.315 7.32636e-09
4.97077 1.4382 0 224.318 6.92691e-09
4.97077 1.4382 0 225.32 6.54943e-09
4.97077 1.4382 0 226.323 6.19271e-09
4.97077 1.4382 0 227.325 5.85558e-09
4.97077 1.4382 0 228.328 5.53697e-09
4.97077 1.4382 0 229.33 5.23583e-09
4.97077 1.4382 0 230.333 4.95122e-09
4.97077 1.4382 0 231.335 4.6822e-09
4.97077 1.4382 0 232.338 4.42792e-09
4.97077 1.4382 0 233.34 4.18756e-09
4.97077 1.4382 0 234.342 3.96035e-09
4.97077 1.4382 0 235.345 3.74556e-09
4.97077 1.4382 0 236.347 3.54252e-09
4.97077 1.4382 0 237.35 3.35056e-09
4.97077 1.4382 0 238.352 3.16909e-09
4.97077 1.4382 0 239.355 2.99751e-09
4.97077 1.4382 0 240.357 2.8353e-09
4.97077 1.4382 0 241.36 2.68192e-09
4.97077 1.4382 0 242.362 2.5369e-09
4.97077 1.4382 0 243.365 2.39978e-09
4.97077 1.4382 0 244.367 2.27013e-09
4.97077 1.4382 0 245.37 2.14752e-09
4.97077 1.4382 0 246.372 2.03158e-09
4.97077 1.4382 0 247.375 1.92195e-09
4.97077 1.4382 0 248.377 1.81826e-09
4.97077 1.4382 0 249.38 1.72021e-09
4.97077 1.4382 0 250.382 1.62748e-09
4.97077 1.4382 0 251.385 1.53978e-09
4.97077 1.4382 0 252.387 1.45684e-09
4.97077 1.4382 0 253.39 1.37839e-09
4.97077 1.4382 0 254.392 1.3042e-09
4.97077 1.4382 0 255.395 1.23402e-09
4.97077 1.4382 0 256.397 1.16764e-09
4.97077 1.4382 0 257.4 1.10485e-09
4.97077 1.4382 0 258.402 1.04546e-09
4.97077 1.4382 0 259.405 9.89275e-10
4.97077 1.4382 0 260.407 9.36131e-10
4.97077 1.4382 0 261.409 8.85858e-10
4.97077 1.4382 0 262.412 8.383e-10
4.97077 1.4382 0 263.414 7.93309e-10
4.97077 1.4382 0 264.417 7.50746e-10
4.97077 1.4382 0 265.419 7.10479e-10
4.97077 1.4382 0 266.422 6.72383e-10
4.97077 1.4382 0 267.424 6.36341e-10
4.97077 1.4382 0 268.427 6.02241e-10
4.97077 1.4382 0 269.429 5.69978e-10
4.97077 1.4382 0 270.432 5.39452e-10
4.97077 1.4382 0 271.434 5.1057e-10
4.97077 1.4382 0 272.437 4.83241e-10
4.97077 1.4382 0 273.439 4.57383e-10
4.97077 1.4382 0 274.442 4.32915e-10
4.97077 1.4382 0 275.444 4.09762e-10
4.97077 1.4382 0 276.447 3.87854e-10
4.97077 1.4382 0 277.449 3.67122e-10
4.97077 1.4382 0 278.452 3.47504e-10
4.97077 1.4382 0 279.454 3.28939e-10
4.97077 1.4382 0 280.457 3.1137e-10
4.97077 1.4382 0 281.459 2.94744e-10
4.97077 1.4382 0 282.462 2.7901e-10
4.97077 1.4382 0 283.464 2.6412e-10
4.97077 1.4382 0 284.467 2.50028e-10
4.97077 1.4382 0 285.469 2.36691e-10
4.97077 1.4382 0 286.472 2.24068e-10
4.97077 1.4382 0 287.474 2.12122e-10
4.97077 1.4382 0 288.476 2.00815e-10
4.97077 1.4382 0 289.479 1.90113e-10
4.97077 1.4382 0 290.481 1.79984e-10
4.97077 1.4382 0 291.484 1.70397e-10
4.97077 1.4382 0 292.486 1.61323e-10
4.97077 1.4382 0 293.489 1.52734e-10
4.97077 1.4382 0 294.491 1.44604e-10
4.97077 1.4382 0 295.494 1.36908e-10
4.97077 1.4382 0 296.496 1.29624e-10
4.97077 1.4382 0 297.499 1.22729e-10
4.97077 1.4382 0 298.501 1.16202e-10
4.97077 1.4382 0 299.504 1.10023e-10
4.97077 1.4382 0 300.506 1.04174e-10
4.97077 1.4382 0 301.509 9.86375e-11
4.97077 1.4382 0 302.511 9.33962e-11
4.97077 1.4382 0 303.514 8.84343e-11
4.97077 1.4382 0 304.516 8.37371e-11
4.97077 1.4382 0 305.519 7.92902e-11
4.97077 1.4382 0 306.521 7.50804e-11
4.97077 1.4382 0 307.524 7.10948e-11
4.97077 1.4382 0 308.526 6.73216e-11
4.97077 1.4382 0 309.529 6.37493e-11
4.97077 1.4382 0 310.531 6.03672e-11
4.97077 1.4382 0 311.534 5.71652e-11
4.97077 1.4382 0 312.536 5.41336e-11
4.97077 1.4382 0 313.538 5.12633e-11
4.97077 1.4382 0 314.541 4.85457e-11
4.97077 1.4382 0 315.543 4.59726e-11
4.97077 1.4382 0 316.546 4.35364e-11
4.97077 1.4382 0 317.548 4.12297e-11
4.97077 1.4382 0 318.551 3.90456e-11
4.97077 1.4382 0 319.553 3.69776e-11
4.97077 1.4382 0 320.556 3.50194e-11
4.97077 1.4382 0 321.558 3.31653e-11
4.97077 1.4382 0 322.561 3.14096e-11
4.97077 1.4382 0 323.563 2.97472e-11
4.97077 1.4382 0 324.566 2.8173e-11
4.97077 1.4382 0 325.568 2.66824e-11
4.97077 1.4382 0 326.571 2.52709e-11
4.97077 1.4382 0 327.573 2.39343e-11
4.97077 1.4382 0 328.576 2.26685e-11
4.97077 1.4382 0 329.578 2.14699e-11
4.97077 1.4382 0 330.581 2.03349e-11
4.97077 1.4382 0 331.583 1.92601e-11
4.97077 1.4382 0 332.586 1.82422e-11
4.97077 1.4382 0 333.588 1.72783e-11
4.97077 1.4382 0 334.591 1.63654e-11
4.97077 1.4382 0 335.593 1.55009e-11
4.97077 1.4382 0 336.596 1.46822e-11
4.97077 1.4382 0 337.598 1.39069e-11
4.97077 1.4382 0 338.601 1.31726e-11
4.97077 1.4382 0 339.603 1.24772e-11
4.97077 1.4382 0 340.605 1.18186e-11
4.97077 1.4382 0 341.608 1.11948e-11
4.97077 1.4382 0 342.61 1.06041e-11
4.97077 1.4382 0 343.613 1.00446e-11
4.97077 1.4382 0 344.615 9.51472e-12
4.97077 1.4382 0 345.618 9.01285e-12
4.97077 1.4382 0 346.62 8.53753e-12
4.97077 1.4382 0 347.623 8.08733e-12
4.97077 1.4382 0 348.625 7.66094e-12
4.97077 1.4382 0 349.628 7.25708e-12
4.97077 1.4382 0 350.63 6.87456e-12
4.97077 1.4382 0 351.633 6.51226e-12
4.97077 1.4382 0 352.635 6.16909e-12
4.97077 1.4382 0 353.638 5.84405e-12
4.97077 1.4382 0 354.64 5.53618e-12
4.97077 1.4382 0 355.643 5.24457e-12
4.97077 1.4382 0 356.645 4.96835e-12
4.97077 1.4382 0 357.648 4.70672e-12
4.97077 1.4382 0 358.65 4.45889e-12
4.97077 1.4382 0 359.653 4.22414e-12
4.97077 1.4382 0 360.655 4.00178e-12
4.97077 1.4382 0 361.658 3.79115e-12
4.97077 1.4382 0 362.66 3.59164e-12
4.97077 1.4382 0 363.663 3.40264e-12
4.97077 1.4382 0 364.665 3.22361e-12
4.97077 1.4382 0 365.668 3.05403e-12
4.97077 1.4382 0 366.67 2.89338e-12
4.97077 1.4382 0 367.672 2.7412e-12
4.97077 1.4382 0 368.675 2.59705e-12
4.97077 1.4382 0 369.677 2.46049e-12
4.97077 1.4382 0 370.68 2.33112e-12
4.97077 1.4382 0 371.682 2.20858e-12
4.97077 1.4382 0 372.685 2.09248e-12
4.97077 1.4382 0 373.687 1.98251e-12
4.97077 1.4382 0 374.69 1.87832e-12
4.97077 1.4382 0 375.692 1.77962e-12
4.97077 1.4382 0 376.695 1.68612e-12
4.97077 1.4382 0 377.697 1.59754e-12
4.97077 1.4382 0 378.7 1.51362e-12
4.97077 1.4382 0 379.702 1.43412e-12
4.97077 1.4382 0 380.705 1.35881e-12
4.97077 1.4382 0 381.707 1.28745e-12
4.97077 1.4382 0 382.71 1.21985e-12
4.97077 1.4382 0 383.712 1.15581e-12
4.97077 1.4382 0 384.715 1.09514e-12
4.97077 1.4382 0 385.717 1.03765e-12
4.97077 1.4382 0 386.72 9.83193e-13
4.97077 1.4382 0 387.722 9.31596e-13
4.97077 1.4382 0 388.725 8.82712e-13
4.97077 1.4382 0 389.727 8.36398e-13
4.97077 1.4382 0 390.73 7.92518e-13
4.97077 1.4382 0 391.732 7.50945e-13
4.97077 1.4382 0 392.735 7.11556e-13
4.97077 1.4382 0 393.737 6.74237e-13
4.97077 1.4382 0 394.739 6.38879e-13
4.97077 1.4382 0 395.742 6.05379e-13
4.97077 1.4382 0 396.744 5.73638e-13
4.97077 1.4382 0 397.747 5.43564e-13
4.97077 1.4382 0 398.749 5.15069e-13
4.97077 1.4382 0 399.752 4.88071e-13
4.97077 1.4382 0 400.754 4.62491e-13
4.97077 1.4382 0 401.757 4.38253e-13
4.97077 1.4382 0 402.759 4.15288e-13
4.97077 1.4382 0 403.762 3.93528e-13
4.97077 1.4382 0 404.764 3.7291e-13
4.97077 1.4382 0 405.767 3.53374e-13
4.97077 1.4382 0 406.769 3.34863e-13
4.97077 1.4382 0 407.772 3.17324e-13
4.97077 1.4382 0 408.774 3.00705e-13
4.97077 1.4382 0 409.777 2.84957e-13
4.97077 1.4382 0 410.779 2.70036e-13
4.97077 1.4382 0 411.782 2.55897e-13
4.97077 1.4382 0 412.784 2.42499e-13
4.97077 1.4382 0 413.787 2.29804e-13
4.97077 1.4382 0 414.789 2.17775e-13
4.97077 1.4382 0 415.792 2.06376e-13
4.97077 1.4382 0 416.794 1.95575e-13
4.97077 1.4382 0 417.797 1.8534e-13
4.97077 1.4382 0 418.799 1.75641e-13
4.97077 1.4382 0 419.802 1.66451e-13
4.97077 1.4382 0 420.804 1.57742e-13
4.97077 1.4382 0 421.806 1.4949e-13
4.97077 1.4382 0 422.809 1.4167e-13
4.97077 1.4382 0 423.811 1.3426e-13
4.97077 1.4382 0 424.814 1.27237e-13
4.97077 1.4382 0 425.816 1.20583e-13
4.97077 1.4382 0 426.819 1.14277e-13
4.97077 1.4382 0 427.821 1.08302e-13
4.97077 1.4382 0 428.824 1.02639e-13
4.97077 1.4382 0 429.826 9.72727e-14
4.97077 1.4382 0 430.829 9.21874e-14
4.97077 1.4382 0 431.831 8.73684e-14
4.97077 1.4382 0 432.834 8.28016e-14
4.97077 1.4382 0 433.836 7.84739e-14
4.97077 1.4382 0 434.839 7.43726e-14
4.97077 1.4382 0 435.841 7.0486e-14
4.97077 1.4382 0 436.844 6.68027e-14
4.97077 1.4382 0 437.846 6.33122e-14
4.97077 1.4382 0 438.849 6.00043e-14
4.97077 1.4382 0 439.851 5.68695e-14
4.97077 1.4382 0 440.854 5.38987e-14
4.97077 1.4382 0 441.856 5.10832e-14
4.97077 1.4382 0 442.859 4.8415e-14
4.97077 1.4382 0 443.861 4.58864e-14
4.97077 1.4382 0 444.864 4.349e-14
4.97077 1.4382 0 445.866 4.12189e-14
4.97077 1.4382 0 446.868 3.90665e-14
4.97077 1.4382 0 447.871 3.70267e-14
4.97077 1.4382 0 448.873 3.50935e-14
4.97077 1.4382 0 449.876 3.32614e-14
4.97077 1.4382 0 450.878 3.1525e-14
4.97077 1.4382 0 451.881 2.98794e-14
4.97077 1.4382 0 452.883 2.83198e-14
4.97077 1.4382 0 453.886 2.68417e-14
4.97077 1.4382 0 454.888 2.54409e-14
4.97077 1.4382 0 455.891 2.41132e-14
4.97077 1.4382 0 456.893 2.28549e-14
4.97077 1.4382 0 457.896 2.16624e-14
4.97077 1.4382 0 458.898 2.05321e-14
4.97077 1.4382 0 459.901 1.94609e-14
4.97077 1.4382 0 460.903 1.84457e-14
4.97077 1.4382 0 461.906 1.74834e-14
4.97077 1.4382 0 462.908 1.65714e-14
4.97077 1.4382 0 463.911 1.57071e-14
4.97077 1.4382 0 464.913 1.48879e-14
4.97077 1.4382 0 465.916 1.41114e-14
4.97077 1.4382 0 466.918 1.33755e-14
4.97077 1.4382 0 467.921 1.2678e-14
4.97077 1.4382 0 468.923 1.2017e-14
4.97077 1.4382 0 469.926 1.13904e-14
4.97077 1.4382 0 470.928 1.07965e-14
4.97077 1.4382 0 471.931 1.02337e-14
4.97077 1.4382 0 472.933 9.70017e-15
4.97077 1.4382 0 473.935 9.19452e-15
4.97077 1.4382 0 474.938 8.71526e-15
4.97077 1.4382 0 475.94 8.261e-15
4.97077 1.4382 0 476.943 7.83045e-15
4.97077 1.4382 0 477.945 7.42236e-15
4.97077 1.4382 0 478.948 7.03556e-15
4.97077 1.4382 0 479.95 6.66894e-15
4.97077 1.4382 0 480.953 6.32144e-15
4.97077 1.4382 0 481.955 5.99207e-15
4.97077 1.4382 0 482.958 5.67988e-15
4.97077 1.4382 0 483.96 5.38397e-15
4.97077 1.4382 0 484.963 5.10349e-15
4.97077 1.4382 0 485.965 4.83763e-15
4.97077 1.4382 0 486.968 4.58564e-15
4.97077 1.4382 0 487.97 4.34679e-15
4.97077 1.4382 0 488.973 4.12039e-15
4.97077 1.4382 0 489.975 3.9058e-15
4.97077 1.4382 0 490.978 3.70239e-15
4.97077 1.4382 0 491.98 3.50959e-15
4.97077 1.4382 0 492.983 3.32683e-15
4.97077 1.4382 0 493.985 3.1536e-15
4.97077 1.4382 0 494.988 2.9894e-15
4.97077 1.4382 0 495.99 2.83376e-15
4.97077 1.4382 0 496.993 2.68623e-15
4.97077 1.4382 0 497.995 2.54639e-15
4.97077 1.4382 0 498.998 2.41383e-15
4.97077 1.4382 0 500 2.28818e-15

