4.44817 1.4382 0 100.01 9.56052e-06
4.44817 1.4382 0 101.012 1.58092e-05
4.44817 1.4382 0 102.015 1.38768e-05
4.44817 1.4382 0 103.017 1.20256e-05
4.44817 1.4382 0 104.02 1.05957e-05
4.44817 1.4382 0 105.022 9.44724e-06
4.44817 1.4382 0 106.025 8.49459e-06
4.44817 1.4382 0 107.027 7.6869e-06
4.44817 1.4382 0 108.03 6.9912e-06
4.44817 1.4382 0 109.032 6.38469e-06
4.44817 1.4382 0 110.035 5.85089e-06
4.44817 1.4382 0 111.037 5.37741e-06
4.44817 1.4382 0 112.04 4.95472e-06
4.44817 1.4382 0 113.042 4.57532e-06
4.44817 1.4382 0 114.045 4.23316e-06
4.44817 1.4382 0 115.047 3.92335e-06
4.44817 1.4382 0 116.05 3.64183e-06
4.44817 1.4382 0 117.052 3.3852e-06
4.44817 1.4382 0 118.055 3.15061e-06
4.44817 1.4382 0 119.057 2.93564e-06
4.44817 1.4382 0 120.06 2.7382e-06
4.44817 1.4382 0 121.062 2.55648e-06
4.44817 1.4382 0 122.065 2.38894e-06
4.44817 1.4382 0 123.067 2.23419e-06
4.44817 1.4382 0 124.07 2.09106e-06
4.44817 1.4382 0 125.072 1.95846e-06
4.44817 1.4382 0 126.075 1.83548e-06
4.44817 1.4382 0 127.077 1.72127e-06
4.44817 1.4382 0 128.079 1.61509e-06
4.44817 1.4382 0 129.082 1.51628e-06
4.44817 1.4382 0 130.084 1.42423e-06
4.44817 1.4382 0 131.087 1.3384e-06
4.44817 1.4382 0 132.089 1.25831e-06
4.44817 1.4382 0 133.092 1.18351e-06
4.44817 1.4382 0 134.094 1.11361e-06
4.44817 1.4382 0 135.097 1.04823e-06
4.44817 1.4382 0 136.099 9.8704e-07
4.44817 1.4382 0 137.102 9.29743e-07
4.44817 1.4382 0 138.104 8.76057e-07
4.44817 1.4382 0 139.107 8.25727e-07
4.44817 1.4382 0 140.109 7.78518e-07
4.44817 1.4382 0 141.112 7.34215e-07
4.44817 1.4382 0 142.114 6.92619e-07
4.44817 1.4382 0 143.117 6.53549e-07
4.44817 1.4382 0 144.119 6.16834e-07
4.44817 1.4382 0 145.122 5.82319e-07
4.44817 1.4382 0 146.124 5.49861e-07
4.44817 1.4382 0 147.127 5.19324e-07
4.44817 1.4382 0 148.129 4.90586e-07
4.44817 1.4382 0 149.132 4.6353e-07
4.44817 1.4382 0 150.134 4.38052e-07
4.44817 1.4382 0 151.137 4.14051e-07
4.44817 1.4382 0 152.139 3.91435e-07
4.44817 1.4382 0 153.142 3.70118e-07
4.44817 1.4382 0 154.144 3.50021e-07
4.44817 1.4382 0 155.146 3.31068e-07
4.44817 1.4382 0 156.149 3.1319e-07
4.44817 1.4382 0 157.151 2.96321e-07
4.44817 1.4382 0 158.154 2.80402e-07
4.44817 1.4382 0 159.156 2.65376e-07
4.44817 1.4382 0 160.159 2.51188e-07
4.44817 1.4382 0 161.161 2.37791e-07
4.44817 1.4382 0 162.164 2.25137e-07
4.44817 1.4382 0 163.166 2.13182e-07
4.44817 1.4382 0 164.169 2.01886e-07
4.44817 1.4382 0 165.171 1.91212e-07
4.44817 1.4382 0 166.174 1.81122e-07
4.44817 1.4382 0 167.176 1.71583e-07
4.44817 1.4382 0 168.179 1.62564e-07
4.44817 1.4382 0 169.181 1.54035e-07
4.44817 1.4382 0 170.184 1.45968e-07
4.44817 1.4382 0 171.186 1.38337e-07
4.44817 1.4382 0 172.189 1.31118e-07
4.44817 1.4382 0 173.191 1.24286e-07
4.44817 1.4382 0 174.194 1.17822e-07
4.44817 1.4382 0 175.196 1.11703e-07
4.44817 1.4382 0 176.199 1.05911e-07
4.44817 1.4382 0 177.201 1.00428e-07
4.44817 1.4382 0 178.204 9.52367e-08
4.44817 1.4382 0 179.206 9.03208e-08
4.44817 1.4382 0 180.208 8.56652e-08
4.44817 1.4382 0 181.211 8.12557e-08
4.44817 1.4382 0 182.213 7.70789e-08
4.44817 1.4382 0 183.216 7.31221e-08
4.44817 1.4382 0 184.218 6.93733e-08
4.44817 1.4382 0 185.221 6.58211e-08
4.44817 1.4382 0 186.223 6.24551e-08
4.44817 1.4382 0 187.226 5.92651e-08
4.44817 1.4382 0 188.228 5.62416e-08
4.44817 1.4382 0 189.231 5.33758e-08
4.44817 1.4382 0 190.233 5.0659e-08
4.44817 1.4382 0 191.236 4.80835e-08
4.44817 1.4382 0 192.238 4.56415e-08
4.44817 1.4382 0 193.241 4.33261e-08
4.44817 1.4382 0 194.243 4.11305e-08
4.44817 1.4382 0 195.246 3.90482e-08
4.44817 1.4382 0 196.248 3.70734e-08
4.44817 1.4382 0 197.251 3.52004e-08
4.44817 1.4382 0 198.253 3.34237e-08
4.44817 1.4382 0 199.256 3.17383e-08
4.44817 1.4382 0 200.258 3.01393e-08
4.44817 1.4382 0 201.261 2.86224e-08
4.44817 1.4382 0 202.263 2.71831e-08
4.44817 1.4382 0 203.266 2.58173e-08
4.44817 1.4382 0 204.268 2.45214e-08
4.44817 1.4382 0 205.271 2.32915e-08
4.44817 1.4382 0 206.273 2.21243e-08
4.44817 1.4382 0 207.275 2.10165e-08
4.44817 1.4382 0 208.278 1.99651e-08
4.44817 1.4382 0 209.28 1.8967e-08
4.44817 1.4382 0 210.283 1.80196e-08
4.44817 1.4382 0 211.285 1.71202e-08
4.44817 1.4382 0 212.288 1.62663e-08
4.44817 1.4382 0 213.29 1.54556e-08
4.44817 1.4382 0 214.293 1.46859e-08
4.44817 1.4382 0 215.295 1.39551e-08
4.44817 1.4382 0 216.298 1.32611e-08
4.44817 1.4382 0 217.3 1.26021e-08
4.44817 1.4382 0 218.303 1.19763e-08
4.44817 1.4382 0 219.305 1.13819e-08
4.44817 1.4382 0 220.308 1.08174e-08
4.44817 1.4382 0 221.31 1.02813e-08
4.44817 1.4382 0 222.313 9.77207e-09
4.44817 1.4382 0 223.315 9.28837e-09
4.44817 1.4382 0 224.318 8.8289e-09
4.44817 1.4382 0 225.32 8.39242e-09
4.44817 1.4382 0 226.323 7.97778e-09
4.44817 1.4382 0 227.325 7.58386e-09
4.44817 1.4382 0 228.328 7.20961e-09
4.44817 1.4382 0 229.33 6.85403e-09
4.44817 1.4382 0 230.333 6.51618e-09
4.44817 1.4382 0 231.335 6.19517e-09
4.44817 1.4382 0 232.338 5.89014e-09
4.44817 1.4382 0 233.34 5.60029e-09
4.44817 1.4382 0 234.342 5.32485e-09
4.44817 1.4382 0 235.345 5.0631e-09
4.44817 1.4382 0 236.347 4.81435e-09
4.44817 1.4382 0 237.35 4.57793e-09
4.44817 1.4382 0 238.352 4.35325e-09
4.44817 1.4382 0 239.355 4.13969e-09
4.44817 1.4382 0 240.357 3.93672e-09
4.44817 1.4382 0 241.36 3.74379e-09
4.44817 1.4382 0 242.362 3.5604e-09
4.44817 1.4382 0 243.365 3.38608e-09
4.44817 1.4382 0 244.367 3.22038e-09
4.44817 1.4382 0 245.37 3.06285e-09
4.44817 1.4382 0 246.372 2.9131e-09
4.44817 1.4382 0 247.375 2.77074e-09
4.44817 1.4382 0 248.377 2.63539e-09
4.44817 1.4382 0 249.38 2.50671e-09
4.44817 1.4382 0 250.382 2.38437e-09
4.44817 1.4382 0 251.385 2.26805e-09
4.44817 1.4382 0 252.387 2.15745e-09
4.44817 1.4382 0 253.39 2.05228e-09
4.44817 1.4382 0 254.392 1.95229e-09
4.44817 1.4382 0 255.395 1.8572e-09
4.44817 1.4382 0 256.397 1.76679e-09
4.44817 1.4382 0 257.4 1.6808e-09
4.44817 1.4382 0 258.402 1.59904e-09
4.44817 1.4382 0 259.405 1.52128e-09
4.44817 1.4382 0 260.407 1.44734e-09
4.44817 1.4382 0 261.409 1.37701e-09
4.44817 1.4382 0 262.412 1.31013e-09
4.44817 1.4382 0 263.414 1.24651e-09
4.44817 1.4382 0 264.417 1.18601e-09
4.44817 1.4382 0 265.419 1.12847e-09
4.44817 1.4382 0 266.422 1.07374e-09
4.44817 1.4382 0 267.424 1.02168e-09
4.44817 1.4382 0 268.427 9.72158e-10
4.44817 1.4382 0 269.429 9.25057e-10
4.44817 1.4382 0 270.432 8.80252e-10
4.44817 1.4382 0 271.434 8.37632e-10
4.44817 1.4382 0 272.437 7.97089e-10
4.44817 1.4382 0 273.439 7.58521e-10
4.44817 1.4382 0 274.442 7.21832e-10
4.44817 1.4382 0 275.444 6.86928e-10
4.44817 1.4382 0 276.447 6.53722e-10
4.44817 1.4382 0 277.449 6.22132e-10
4.44817 1.4382 0 278.452 5.92077e-10
4.44817 1.4382 0 279.454 5.63483e-10
4.44817 1.4382 0 280.457 5.36279e-10
4.44817 1.4382 0 281.459 5.10396e-10
4.44817 1.4382 0 282.462 4.85769e-10
4.44817 1.4382 0 283.464 4.62337e-10
4.44817 1.4382 0 284.467 4.40042e-10
4.44817 1.4382 0 285.469 4.18829e-10
4.44817 1.4382 0 286.472 3.98643e-10
4.44817 1.4382 0 287.474 3.79436e-10
4.44817 1.4382 0 288.476 3.6116e-10
4.44817 1.4382 0 289.479 3.43769e-10
4.44817 1.4382 0 290.481 3.27219e-10
4.44817 1.4382 0 291.484 3.11471e-10
4.44817 1.4382 0 292.486 2.96485e-10
4.44817 1.4382 0 293.489 2.82223e-10
4.44817 1.4382 0 294.491 2.68651e-10
4.44817 1.4382 0 295.494 2.55735e-10
4.44817 1.4382 0 296.496 2.43443e-10
4.44817 1.4382 0 297.499 2.31745e-10
4.44817 1.4382 0 298.501 2.20612e-10
4.44817 1.4382 0 299.504 2.10017e-10
4.44817 1.4382 0 300.506 1.99933e-10
4.44817 1.4382 0 301.509 1.90335e-10
4.44817 1.4382 0 302.511 1.812e-10
4.44817 1.4382 0 303.514 1.72506e-10
4.44817 1.4382 0 304.516 1.64231e-10
4.44817 1.4382 0 305.519 1.56355e-10
4.44817 1.4382 0 306.521 1.48858e-10
4.44817 1.4382 0 307.524 1.41722e-10
4.44817 1.4382 0 308.526 1.3493e-10
4.44817 1.4382 0 309.529 1.28465e-10
4.44817 1.4382 0 310.531 1.22311e-10
4.44817 1.4382 0 311.534 1.16453e-10
4.44817 1.4382 0 312.536 1.10877e-10
4.44817 1.4382 0 313.538 1.05569e-10
4.44817 1.4382 0 314.541 1.00516e-10
4.44817 1.4382 0 315.543 9.57064e-11
4.44817 1.4382 0 316.546 9.11277e-11
4.44817 1.4382 0 317.548 8.67689e-11
4.44817 1.4382 0 318.551 8.26195e-11
4.44817 1.4382 0 319.553 7.86693e-11
4.44817 1.4382 0 320.556 7.49088e-11
4.44817 1.4382 0 321.558 7.13287e-11
4.44817 1.4382 0 322.561 6.79204e-11
4.44817 1.4382 0 323.563 6.46757e-11
4.44817 1.4382 0 324.566 6.15865e-11
4.44817 1.4382 0 325.568 5.86455e-11
4.44817 1.4382 0 326.571 5.58455e-11
4.44817 1.4382 0 327.573 5.31796e-11
4.44817 1.4382 0 328.576 5.06415e-11
4.44817 1.4382 0 329.578 4.8225e-11
4.44817 1.4382 0 330.581 4.59243e-11
4.44817 1.4382 0 331.583 4.37337e-11
4.44817 1.4382 0 332.586 4.16479e-11
4.44817 1.4382 0 333.588 3.96621e-11
4.44817 1.4382 0 334.591 3.77712e-11
4.44817 1.4382 0 335.593 3.59708e-11
4.44817 1.4382 0 336.596 3.42565e-11
4.44817 1.4382 0 337.598 3.26243e-11
4.44817 1.4382 0 338.601 3.107e-11
4.44817 1.4382 0 339.603 2.95901e-11
4.44817 1.4382 0 340.605 2.81809e-11
4.44817 1.4382 0 341.608 2.6839e-11
4.44817 1.4382 0 342.61 2.55613e-11
4.44817 1.4382 0 343.613 2.43446e-11
4.44817 1.4382 0 344.615 2.31859e-11
4.44817 1.4382 0 345.618 2.20826e-11
4.44817 1.4382 0 346.62 2.1032e-11
4.44817 1.4382 0 347.623 2.00316e-11
4.44817 1.4382 0 348.625 1.90788e-11
4.44817 1.4382 0 349.628 1.81716e-11
4.44817 1.4382 0 350.63 1.73076e-11
4.44817 1.4382 0 351.633 1.64848e-11
4.44817 1.4382 0 352.635 1.57012e-11
4.44817 1.4382 0 353.638 1.4955e-11
4.44817 1.4382 0 354.64 1.42444e-11
4.44817 1.4382 0 355.643 1.35677e-11
4.44817 1.4382 0 356.645 1.29232e-11
4.44817 1.4382 0 357.648 1.23094e-11
4.44817 1.4382 0 358.65 1.17248e-11
4.44817 1.4382 0 359.653 1.11681e-11
4.44817 1.4382 0 360.655 1.06379e-11
4.44817 1.4382 0 361.658 1.01329e-11
4.44817 1.4382 0 362.66 9.65201e-12
4.44817 1.4382 0 363.663 9.19398e-12
4.44817 1.4382 0 364.665 8.75774e-12
4.44817 1.4382 0 365.668 8.34227e-12
4.44817 1.4382 0 366.67 7.94655e-12
4.44817 1.4382 0 367.672 7.56966e-12
4.44817 1.4382 0 368.675 7.21069e-12
4.44817 1.4382 0 369.677 6.8688e-12
4.44817 1.4382 0 370.68 6.54315e-12
4.44817 1.4382 0 371.682 6.23299e-12
4.44817 1.4382 0 372.685 5.93757e-12
4.44817 1.4382 0 373.687 5.65618e-12
4.44817 1.4382 0 374.69 5.38817e-12
4.44817 1.4382 0 375.692 5.13289e-12
4.44817 1.4382 0 376.695 4.88973e-12
4.44817 1.4382 0 377.697 4.65813e-12
4.44817 1.4382 0 378.7 4.43752e-12
4.44817 1.4382 0 379.702 4.22738e-12
4.44817 1.4382 0 380.705 4.02722e-12
4.44817 1.4382 0 381.707 3.83657e-12
4.44817 1.4382 0 382.71 3.65496e-12
4.44817 1.4382 0 383.712 3.48196e-12
4.44817 1.4382 0 384.715 3.31718e-12
4.44817 1.4382 0 385.717 3.16021e-12
4.44817 1.4382 0 386.72 3.01069e-12
4.44817 1.4382 0 387.722 2.86826e-12
4.44817 1.4382 0 388.725 2.73258e-12
4.44817 1.4382 0 389.727 2.60334e-12
4.44817 1.4382 0 390.73 2.48022e-12
4.44817 1.4382 0 391.732 2.36294e-12
4.44817 1.4382 0 392.735 2.25122e-12
4.44817 1.4382 0 393.737 2.14479e-12
4.44817 1.4382 0 394.739 2.0434e-12
4.44817 1.4382 0 395.742 1.94682e-12
4.44817 1.4382 0 396.744 1.85482e-12
4.44817 1.4382 0 397.747 1.76717e-12
4.44817 1.4382 0 398.749 1.68367e-12
4.44817 1.4382 0 399.752 1.60412e-12
4.44817 1.4382 0 400.754 1.52835e-12
4.44817 1.4382 0 401.757 1.45615e-12
4.44817 1.4382 0 402.759 1.38738e-12
4.44817 1.4382 0 403.762 1.32186e-12
4.44817 1.4382 0 404.764 1.25944e-12
4.44817 1.4382 0 405.767 1.19998e-12
4.44817 1.4382 0 406.769 1.14333e-12
4.44817 1.4382 0 407.772 1.08936e-12
4.44817 1.4382 0 408.774 1.03794e-12
4.44817 1.4382 0 409.777 9.88953e-13
4.44817 1.4382 0 410.779 9.42283e-13
4.44817 1.4382 0 411.782 8.9782e-13
4.44817 1.4382 0 412.784 8.5546e-13
4.44817 1.4382 0 413.787 8.15102e-13
4.44817 1.4382 0 414.789 7.76651e-13
4.44817 1.4382 0 415.792 7.40018e-13
4.44817 1.4382 0 416.794 7.05116e-13
4.44817 1.4382 0 417.797 6.71864e-13
4.44817 1.4382 0 418.799 6.40182e-13
4.44817 1.4382 0 419.802 6.09998e-13
4.44817 1.4382 0 420.804 5.81239e-13
4.44817 1.4382 0 421.806 5.53838e-13
4.44817 1.4382 0 422.809 5.27732e-13
4.44817 1.4382 0 423.811 5.02859e-13
4.44817 1.4382 0 424.814 4.7916e-13
4.44817 1.4382 0 425.816 4.5658e-13
4.44817 1.4382 0 426.819 4.35066e-13
4.44817 1.4382 0 427.821 4.14567e-13
4.44817 1.4382 0 428.824 3.95036e-13
4.44817 1.4382 0 429.826 3.76427e-13
4.44817 1.4382 0 430.829 3.58696e-13
4.44817 1.4382 0 431.831 3.41802e-13
4.44817 1.4382 0 432.834 3.25704e-13
4.44817 1.4382 0 433.836 3.10366e-13
4.44817 1.4382 0 434.839 2.95752e-13
4.44817 1.4382 0 435.841 2.81827e-13
4.44817 1.4382 0 436.844 2.68559e-13
4.44817 1.4382 0 437.846 2.55916e-13
4.44817 1.4382 0 438.849 2.4387e-13
4.44817 1.4382 0 439.851 2.32391e-13
4.44817 1.4382 0 440.854 2.21454e-13
4.44817 1.4382 0 441.856 2.11033e-13
4.44817 1.4382 0 442.859 2.01102e-13
4.44817 1.4382 0 443.861 1.9164e-13
4.44817 1.4382 0 444.864 1.82623e-13
4.44817 1.4382 0 445.866 1.74032e-13
4.44817 1.4382 0 446.868 1.65845e-13
4.44817 1.4382 0 447.871 1.58044e-13
4.44817 1.4382 0 448.873 1.50611e-13
4.44817 1.4382 0 449.876 1.43527e-13
4.44817 1.4382 0 450.878 1.36778e-13
4.44817 1.4382 0 451.881 1.30346e-13
4.44817 1.4382 0 452.883 1.24217e-13
4.44817 1.4382 0 453.886 1.18377e-13
4.44817 1.4382 0 454.888 1.12812e-13
4.44817 1.4382 0 455.891 1.07508e-13
4.44817 1.4382 0 456.893 1.02455e-13
4.44817 1.4382 0 457.896 9.76393e-14
4.44817 1.4382 0 458.898 9.30503e-14
4.44817 1.4382 0 459.901 8.86773e-14
4.44817 1.4382 0 460.903 8.45102e-14
4.44817 1.4382 0 461.906 8.05392e-14
4.44817 1.4382 0 462.908 7.6755e-14
4.44817 1.4382 0 463.911 7.31489e-14
4.44817 1.4382 0 464.913 6.97124e-14
4.44817 1.4382 0 465.916 6.64376e-14
4.44817 1.4382 0 466.918 6.33169e-14
4.44817 1.4382 0 467.921 6.03429e-14
4.44817 1.4382 0 468.923 5.75089e-14
4.44817 1.4382 0 469.926 5.48081e-14
4.44817 1.4382 0 470.928 5.22343e-14
4.44817 1.4382 0 471.931 4.97816e-14
4.44817 1.4382 0 472.933 4.74442e-14
4.44817 1.4382 0 473.935 4.52167e-14
4.44817 1.4382 0 474.938 4.30939e-14
4.44817 1.4382 0 475.94 4.10709e-14
4.44817 1.4382 0 476.943 3.9143e-14
4.44817 1.4382 0 477.945 3.73057e-14
4.44817 1.4382 0 478.948 3.55547e-14
4.44817 1.4382 0 479.95 3.38861e-14
4.44817 1.4382 0 480.953 3.22959e-14
4.44817 1.4382 0 481.955 3.07803e-14
4.44817 1.4382 0 482.958 2.9336e-14
4.44817 1.4382 0 483.96 2.79596e-14
4.44817 1.4382 0 484.963 2.66478e-14
4.44817 1.4382 0 485.965 2.53976e-14
4.44817 1.4382 0 486.968 2.42062e-14
4.44817 1.4382 0 487.97 2.30707e-14
4.44817 1.4382 0 488.973 2.19886e-14
4.44817 1.4382 0 489.975 2.09573e-14
4.44817 1.4382 0 490.978 1.99744e-14
4.44817 1.4382 0 491.98 1.90376e-14
4.44817 1.4382 0 492.983 1.81449e-14
4.44817 1.4382 0 493.985 1.7294e-14
4.44817 1.4382 0 494.988 1.64831e-14
4.44817 1.4382 0 495.99 1.57103e-14
4.44817 1.4382 0 496.993 1.49737e-14
4.44817 1.4382 0 497.995 1.42718e-14
4.44817 1.4382 0 498.998 1.36027e-14
4.44817 1.4382 0 500 1.29651e-14

