0.566821 1.4382 0 100.01 2.85114e-07
0.566821 1.4382 0 101.012 5.02212e-07
0.566821 1.4382 0 102.015 4.83521e-07
0.566821 1.4382 0 103.017 4.57633e-07
0.566821 1.4382 0 104.02 4.37692e-07
0.566821 1.4382 0 105.022 4.21562e-07
0.566821 1.4382 0 106.025 4.07893e-07
0.566821 1.4382 0 107.027 3.95943e-07
0.566821 1.4382 0 108.03 3.85267e-07
0.566821 1.4382 0 109.032 3.75577e-07
0.566821 1.4382 0 110.035 3.66677e-07
0.566821 1.4382 0 111.037 3.58426e-07
0.566821 1.4382 0 112.04 3.50718e-07
0.566821 1.4382 0 113.042 3.43475e-07
0.566821 1.4382 0 114.045 3.36633e-07
0.566821 1.4382 0 115.047 3.30144e-07
0.566821 1.4382 0 116.05 3.23966e-07
0.566821 1.4382 0 117.052 3.18066e-07
0.566821 1.4382 0 118.055 3.12418e-07
0.566821 1.4382 0 119.057 3.06997e-07
0.566821 1.4382 0 120.06 3.01783e-07
0.566821 1.4382 0 121.062 2.9676e-07
0.566821 1.4382 0 122.065 2.91913e-07
0.566821 1.4382 0 123.067 2.87228e-07
0.566821 1.4382 0 124.07 2.82694e-07
0.566821 1.4382 0 125.072 2.78302e-07
0.566821 1.4382 0 126.075 2.74041e-07
0.566821 1.4382 0 127.077 2.69905e-07
0.566821 1.4382 0 128.079 2.65885e-07
0.566821 1.4382 0 129.082 2.61975e-07
0.566821 1.4382 0 130.084 2.5817e-07
0.566821 1.4382 0 131.087 2.54464e-07
0.566821 1.4382 0 132.089 2.50851e-07
0.566821 1.4382 0 133.092 2.47328e-07
0.566821 1.4382 0 134.094 2.4389e-07
0.566821 1.4382 0 135.097 2.40534e-07
0.566821 1.4382 0 136.099 2.37255e-07
0.566821 1.4382 0 137.102 2.3405e-07
0.566821 1.4382 0 138.104 2.30917e-07
0.566821 1.4382 0 139.107 2.27853e-07
0.566821 1.4382 0 140.109 2.24854e-07
0.566821 1.4382 0 141.112 2.21919e-07
0.566821 1.4382 0 142.114 2.19045e-07
0.566821 1.4382 0 143.117 2.16229e-07
0.566821 1.4382 0 144.119 2.13471e-07
0.566821 1.4382 0 145.122 2.10767e-07
0.566821 1.4382 0 146.124 2.08116e-07
0.566821 1.4382 0 147.127 2.05516e-07
0.566821 1.4382 0 148.129 2.02965e-07
0.566821 1.4382 0 149.132 2.00463e-07
0.566821 1.4382 0 150.134 1.98006e-07
0.566821 1.4382 0 151.137 1.95595e-07
0.566821 1.4382 0 152.139 1.93228e-07
0.566821 1.4382 0 153.142 1.90903e-07
0.566821 1.4382 0 154.144 1.88619e-07
0.566821 1.4382 0 155.146 1.86375e-07
0.566821 1.4382 0 156.149 1.8417e-07
0.566821 1.4382 0 157.151 1.82003e-07
0.566821 1.4382 0 158.154 1.79873e-07
0.566821 1.4382 0 159.156 1.77778e-07
0.566821 1.4382 0 160.159 1.75718e-07
0.566821 1.4382 0 161.161 1.73692e-07
0.566821 1.4382 0 162.164 1.717e-07
0.566821 1.4382 0 163.166 1.69739e-07
0.566821 1.4382 0 164.169 1.6781e-07
0.566821 1.4382 0 165.171 1.65912e-07
0.566821 1.4382 0 166.174 1.64043e-07
0.566821 1.4382 0 167.176 1.62204e-07
0.566821 1.4382 0 168.179 1.60393e-07
0.566821 1.4382 0 169.181 1.58611e-07
0.566821 1.4382 0 170.184 1.56855e-07
0.566821 1.4382 0 171.186 1.55126e-07
0.566821 1.4382 0 172.189 1.53423e-07
0.566821 1.4382 0 173.191 1.51746e-07
0.566821 1.4382 0 174.194 1.50093e-07
0.566821 1.4382 0 175.196 1.48465e-07
0.566821 1.4382 0 176.199 1.4686e-07
0.566821 1.4382 0 177.201 1.45279e-07
0.566821 1.4382 0 178.204 1.4372e-07
0.566821 1.4382 0 179.206 1.42184e-07
0.566821 1.4382 0 180.208 1.4067e-07
0.566821 1.4382 0 181.211 1.39177e-07
0.566821 1.4382 0 182.213 1.37705e-07
0.566821 1.4382 0 183.216 1.36254e-07
0.566821 1.4382 0 184.218 1.34822e-07
0.566821 1.4382 0 185.221 1.33411e-07
0.566821 1.4382 0 186.223 1.32019e-07
0.566821 1.4382 0 187.226 1.30646e-07
0.566821 1.4382 0 188.228 1.29291e-07
0.566821 1.4382 0 189.231 1.27955e-07
0.566821 1.4382 0 190.233 1.26636e-07
0.566821 1.4382 0 191.236 1.25335e-07
0.566821 1.4382 0 192.238 1.24052e-07
0.566821 1.4382 0 193.241 1.22785e-07
0.566821 1.4382 0 194.243 1.21535e-07
0.566821 1.4382 0 195.246 1.20301e-07
0.566821 1.4382 0 196.248 1.19083e-07
0.566821 1.4382 0 197.251 1.17881e-07
0.566821 1.4382 0 198.253 1.16695e-07
0.566821 1.4382 0 199.256 1.15523e-07
0.566821 1.4382 0 200.258 1.14367e-07
0.566821 1.4382 0 201.261 1.13225e-07
0.566821 1.4382 0 202.263 1.12097e-07
0.566821 1.4382 0 203.266 1.10984e-07
0.566821 1.4382 0 204.268 1.09885e-07
0.566821 1.4382 0 205.271 1.08799e-07
0.566821 1.4382 0 206.273 1.07726e-07
0.566821 1.4382 0 207.275 1.06667e-07
0.566821 1.4382 0 208.278 1.05621e-07
0.566821 1.4382 0 209.28 1.04588e-07
0.566821 1.4382 0 210.283 1.03567e-07
0.566821 1.4382 0 211.285 1.02558e-07
0.566821 1.4382 0 212.288 1.01562e-07
0.566821 1.4382 0 213.29 1.00578e-07
0.566821 1.4382 0 214.293 9.96049e-08
0.566821 1.4382 0 215.295 9.86438e-08
0.566821 1.4382 0 216.298 9.76942e-08
0.566821 1.4382 0 217.3 9.67557e-08
0.566821 1.4382 0 218.303 9.58283e-08
0.566821 1.4382 0 219.305 9.49117e-08
0.566821 1.4382 0 220.308 9.40059e-08
0.566821 1.4382 0 221.31 9.31106e-08
0.566821 1.4382 0 222.313 9.22256e-08
0.566821 1.4382 0 223.315 9.13509e-08
0.566821 1.4382 0 224.318 9.04862e-08
0.566821 1.4382 0 225.32 8.96314e-08
0.566821 1.4382 0 226.323 8.87864e-08
0.566821 1.4382 0 227.325 8.7951e-08
0.566821 1.4382 0 228.328 8.7125e-08
0.566821 1.4382 0 229.33 8.63084e-08
0.566821 1.4382 0 230.333 8.5501e-08
0.566821 1.4382 0 231.335 8.47027e-08
0.566821 1.4382 0 232.338 8.39132e-08
0.566821 1.4382 0 233.34 8.31326e-08
0.566821 1.4382 0 234.342 8.23607e-08
0.566821 1.4382 0 235.345 8.15972e-08
0.566821 1.4382 0 236.347 8.08423e-08
0.566821 1.4382 0 237.35 8.00956e-08
0.566821 1.4382 0 238.352 7.93571e-08
0.566821 1.4382 0 239.355 7.86267e-08
0.566821 1.4382 0 240.357 7.79042e-08
0.566821 1.4382 0 241.36 7.71896e-08
0.566821 1.4382 0 242.362 7.64827e-08
0.566821 1.4382 0 243.365 7.57835e-08
0.566821 1.4382 0 244.367 7.50918e-08
0.566821 1.4382 0 245.37 7.44075e-08
0.566821 1.4382 0 246.372 7.37306e-08
0.566821 1.4382 0 247.375 7.30609e-08
0.566821 1.4382 0 248.377 7.23983e-08
0.566821 1.4382 0 249.38 7.17427e-08
0.566821 1.4382 0 250.382 7.10941e-08
0.566821 1.4382 0 251.385 7.04523e-08
0.566821 1.4382 0 252.387 6.98173e-08
0.566821 1.4382 0 253.39 6.9189e-08
0.566821 1.4382 0 254.392 6.85672e-08
0.566821 1.4382 0 255.395 6.79519e-08
0.566821 1.4382 0 256.397 6.73431e-08
0.566821 1.4382 0 257.4 6.67405e-08
0.566821 1.4382 0 258.402 6.61442e-08
0.566821 1.4382 0 259.405 6.55541e-08
0.566821 1.4382 0 260.407 6.49701e-08
0.566821 1.4382 0 261.409 6.4392e-08
0.566821 1.4382 0 262.412 6.38199e-08
0.566821 1.4382 0 263.414 6.32537e-08
0.566821 1.4382 0 264.417 6.26932e-08
0.566821 1.4382 0 265.419 6.21385e-08
0.566821 1.4382 0 266.422 6.15894e-08
0.566821 1.4382 0 267.424 6.10458e-08
0.566821 1.4382 0 268.427 6.05078e-08
0.566821 1.4382 0 269.429 5.99751e-08
0.566821 1.4382 0 270.432 5.94479e-08
0.566821 1.4382 0 271.434 5.89259e-08
0.566821 1.4382 0 272.437 5.84092e-08
0.566821 1.4382 0 273.439 5.78977e-08
0.566821 1.4382 0 274.442 5.73912e-08
0.566821 1.4382 0 275.444 5.68898e-08
0.566821 1.4382 0 276.447 5.63934e-08
0.566821 1.4382 0 277.449 5.59019e-08
0.566821 1.4382 0 278.452 5.54152e-08
0.566821 1.4382 0 279.454 5.49334e-08
0.566821 1.4382 0 280.457 5.44563e-08
0.566821 1.4382 0 281.459 5.39839e-08
0.566821 1.4382 0 282.462 5.35162e-08
0.566821 1.4382 0 283.464 5.3053e-08
0.566821 1.4382 0 284.467 5.25944e-08
0.566821 1.4382 0 285.469 5.21402e-08
0.566821 1.4382 0 286.472 5.16905e-08
0.566821 1.4382 0 287.474 5.12451e-08
0.566821 1.4382 0 288.476 5.0804e-08
0.566821 1.4382 0 289.479 5.03673e-08
0.566821 1.4382 0 290.481 4.99347e-08
0.566821 1.4382 0 291.484 4.95063e-08
0.566821 1.4382 0 292.486 4.90821e-08
0.566821 1.4382 0 293.489 4.86619e-08
0.566821 1.4382 0 294.491 4.82457e-08
0.566821 1.4382 0 295.494 4.78335e-08
0.566821 1.4382 0 296.496 4.74253e-08
0.566821 1.4382 0 297.499 4.7021e-08
0.566821 1.4382 0 298.501 4.66205e-08
0.566821 1.4382 0 299.504 4.62238e-08
0.566821 1.4382 0 300.506 4.58309e-08
0.566821 1.4382 0 301.509 4.54417e-08
0.566821 1.4382 0 302.511 4.50562e-08
0.566821 1.4382 0 303.514 4.46744e-08
0.566821 1.4382 0 304.516 4.42961e-08
0.566821 1.4382 0 305.519 4.39214e-08
0.566821 1.4382 0 306.521 4.35503e-08
0.566821 1.4382 0 307.524 4.31826e-08
0.566821 1.4382 0 308.526 4.28183e-08
0.566821 1.4382 0 309.529 4.24575e-08
0.566821 1.4382 0 310.531 4.21e-08
0.566821 1.4382 0 311.534 4.17459e-08
0.566821 1.4382 0 312.536 4.1395e-08
0.566821 1.4382 0 313.538 4.10475e-08
0.566821 1.4382 0 314.541 4.07031e-08
0.566821 1.4382 0 315.543 4.03619e-08
0.566821 1.4382 0 316.546 4.00239e-08
0.566821 1.4382 0 317.548 3.96891e-08
0.566821 1.4382 0 318.551 3.93573e-08
0.566821 1.4382 0 319.553 3.90286e-08
0.566821 1.4382 0 320.556 3.87028e-08
0.566821 1.4382 0 321.558 3.83801e-08
0.566821 1.4382 0 322.561 3.80604e-08
0.566821 1.4382 0 323.563 3.77436e-08
0.566821 1.4382 0 324.566 3.74296e-08
0.566821 1.4382 0 325.568 3.71186e-08
0.566821 1.4382 0 326.571 3.68104e-08
0.566821 1.4382 0 327.573 3.6505e-08
0.566821 1.4382 0 328.576 3.62023e-08
0.566821 1.4382 0 329.578 3.59024e-08
0.566821 1.4382 0 330.581 3.56053e-08
0.566821 1.4382 0 331.583 3.53108e-08
0.566821 1.4382 0 332.586 3.5019e-08
0.566821 1.4382 0 333.588 3.47299e-08
0.566821 1.4382 0 334.591 3.44433e-08
0.566821 1.4382 0 335.593 3.41593e-08
0.566821 1.4382 0 336.596 3.38779e-08
0.566821 1.4382 0 337.598 3.35991e-08
0.566821 1.4382 0 338.601 3.33227e-08
0.566821 1.4382 0 339.603 3.30488e-08
0.566821 1.4382 0 340.605 3.27774e-08
0.566821 1.4382 0 341.608 3.25083e-08
0.566821 1.4382 0 342.61 3.22417e-08
0.566821 1.4382 0 343.613 3.19775e-08
0.566821 1.4382 0 344.615 3.17157e-08
0.566821 1.4382 0 345.618 3.14561e-08
0.566821 1.4382 0 346.62 3.11989e-08
0.566821 1.4382 0 347.623 3.0944e-08
0.566821 1.4382 0 348.625 3.06913e-08
0.566821 1.4382 0 349.628 3.04408e-08
0.566821 1.4382 0 350.63 3.01926e-08
0.566821 1.4382 0 351.633 2.99466e-08
0.566821 1.4382 0 352.635 2.97028e-08
0.566821 1.4382 0 353.638 2.94611e-08
0.566821 1.4382 0 354.64 2.92215e-08
0.566821 1.4382 0 355.643 2.8984e-08
0.566821 1.4382 0 356.645 2.87487e-08
0.566821 1.4382 0 357.648 2.85154e-08
0.566821 1.4382 0 358.65 2.82841e-08
0.566821 1.4382 0 359.653 2.80549e-08
0.566821 1.4382 0 360.655 2.78277e-08
0.566821 1.4382 0 361.658 2.76025e-08
0.566821 1.4382 0 362.66 2.73792e-08
0.566821 1.4382 0 363.663 2.71579e-08
0.566821 1.4382 0 364.665 2.69386e-08
0.566821 1.4382 0 365.668 2.67211e-08
0.566821 1.4382 0 366.67 2.65055e-08
0.566821 1.4382 0 367.672 2.62918e-08
0.566821 1.4382 0 368.675 2.608e-08
0.566821 1.4382 0 369.677 2.587e-08
0.566821 1.4382 0 370.68 2.56618e-08
0.566821 1.4382 0 371.682 2.54555e-08
0.566821 1.4382 0 372.685 2.52509e-08
0.566821 1.4382 0 373.687 2.50481e-08
0.566821 1.4382 0 374.69 2.4847e-08
0.566821 1.4382 0 375.692 2.46477e-08
0.566821 1.4382 0 376.695 2.445e-08
0.566821 1.4382 0 377.697 2.42541e-08
0.566821 1.4382 0 378.7 2.40599e-08
0.566821 1.4382 0 379.702 2.38674e-08
0.566821 1.4382 0 380.705 2.36765e-08
0.566821 1.4382 0 381.707 2.34872e-08
0.566821 1.4382 0 382.71 2.32996e-08
0.566821 1.4382 0 383.712 2.31136e-08
0.566821 1.4382 0 384.715 2.29291e-08
0.566821 1.4382 0 385.717 2.27463e-08
0.566821 1.4382 0 386.72 2.2565e-08
0.566821 1.4382 0 387.722 2.23852e-08
0.566821 1.4382 0 388.725 2.2207e-08
0.566821 1.4382 0 389.727 2.20303e-08
0.566821 1.4382 0 390.73 2.18551e-08
0.566821 1.4382 0 391.732 2.16814e-08
0.566821 1.4382 0 392.735 2.15092e-08
0.566821 1.4382 0 393.737 2.13384e-08
0.566821 1.4382 0 394.739 2.11691e-08
0.566821 1.4382 0 395.742 2.10012e-08
0.566821 1.4382 0 396.744 2.08348e-08
0.566821 1.4382 0 397.747 2.06697e-08
0.566821 1.4382 0 398.749 2.05061e-08
0.566821 1.4382 0 399.752 2.03438e-08
0.566821 1.4382 0 400.754 2.01829e-08
0.566821 1.4382 0 401.757 2.00234e-08
0.566821 1.4382 0 402.759 1.98652e-08
0.566821 1.4382 0 403.762 1.97083e-08
0.566821 1.4382 0 404.764 1.95528e-08
0.566821 1.4382 0 405.767 1.93986e-08
0.566821 1.4382 0 406.769 1.92456e-08
0.566821 1.4382 0 407.772 1.9094e-08
0.566821 1.4382 0 408.774 1.89436e-08
0.566821 1.4382 0 409.777 1.87945e-08
0.566821 1.4382 0 410.779 1.86466e-08
0.566821 1.4382 0 411.782 1.85e-08
0.566821 1.4382 0 412.784 1.83546e-08
0.566821 1.4382 0 413.787 1.82104e-08
0.566821 1.4382 0 414.789 1.80674e-08
0.566821 1.4382 0 415.792 1.79256e-08
0.566821 1.4382 0 416.794 1.7785e-08
0.566821 1.4382 0 417.797 1.76456e-08
0.566821 1.4382 0 418.799 1.75073e-08
0.566821 1.4382 0 419.802 1.73702e-08
0.566821 1.4382 0 420.804 1.72342e-08
0.566821 1.4382 0 421.806 1.70994e-08
0.566821 1.4382 0 422.809 1.69656e-08
0.566821 1.4382 0 423.811 1.6833e-08
0.566821 1.4382 0 424.814 1.67015e-08
0.566821 1.4382 0 425.816 1.65711e-08
0.566821 1.4382 0 426.819 1.64417e-08
0.566821 1.4382 0 427.821 1.63134e-08
0.566821 1.4382 0 428.824 1.61862e-08
0.566821 1.4382 0 429.826 1.60601e-08
0.566821 1.4382 0 430.829 1.59349e-08
0.566821 1.4382 0 431.831 1.58108e-08
0.566821 1.4382 0 432.834 1.56878e-08
0.566821 1.4382 0 433.836 1.55657e-08
0.566821 1.4382 0 434.839 1.54447e-08
0.566821 1.4382 0 435.841 1.53246e-08
0.566821 1.4382 0 436.844 1.52055e-08
0.566821 1.4382 0 437.846 1.50875e-08
0.566821 1.4382 0 438.849 1.49703e-08
0.566821 1.4382 0 439.851 1.48542e-08
0.566821 1.4382 0 440.854 1.4739e-08
0.566821 1.4382 0 441.856 1.46247e-08
0.566821 1.4382 0 442.859 1.45114e-08
0.566821 1.4382 0 443.861 1.4399e-08
0.566821 1.4382 0 444.864 1.42875e-08
0.566821 1.4382 0 445.866 1.4177e-08
0.566821 1.4382 0 446.868 1.40673e-08
0.566821 1.4382 0 447.871 1.39586e-08
0.566821 1.4382 0 448.873 1.38507e-08
0.566821 1.4382 0 449.876 1.37437e-08
0.566821 1.4382 0 450.878 1.36376e-08
0.566821 1.4382 0 451.881 1.35323e-08
0.566821 1.4382 0 452.883 1.34279e-08
0.566821 1.4382 0 453.886 1.33244e-08
0.566821 1.4382 0 454.888 1.32216e-08
0.566821 1.4382 0 455.891 1.31198e-08
0.566821 1.4382 0 456.893 1.30187e-08
0.566821 1.4382 0 457.896 1.29185e-08
0.566821 1.4382 0 458.898 1.28191e-08
0.566821 1.4382 0 459.901 1.27205e-08
0.566821 1.4382 0 460.903 1.26227e-08
0.566821 1.4382 0 461.906 1.25257e-08
0.566821 1.4382 0 462.908 1.24294e-08
0.566821 1.4382 0 463.911 1.2334e-08
0.566821 1.4382 0 464.913 1.22393e-08
0.566821 1.4382 0 465.916 1.21454e-08
0.566821 1.4382 0 466.918 1.20522e-08
0.566821 1.4382 0 467.921 1.19598e-08
0.566821 1.4382 0 468.923 1.18682e-08
0.566821 1.4382 0 469.926 1.17772e-08
0.566821 1.4382 0 470.928 1.16871e-08
0.566821 1.4382 0 471.931 1.15976e-08
0.566821 1.4382 0 472.933 1.15089e-08
0.566821 1.4382 0 473.935 1.14208e-08
0.566821 1.4382 0 474.938 1.13335e-08
0.566821 1.4382 0 475.94 1.12469e-08
0.566821 1.4382 0 476.943 1.1161e-08
0.566821 1.4382 0 477.945 1.10757e-08
0.566821 1.4382 0 478.948 1.09912e-08
0.566821 1.4382 0 479.95 1.09073e-08
0.566821 1.4382 0 480.953 1.08241e-08
0.566821 1.4382 0 481.955 1.07416e-08
0.566821 1.4382 0 482.958 1.06597e-08
0.566821 1.4382 0 483.96 1.05785e-08
0.566821 1.4382 0 484.963 1.04979e-08
0.566821 1.4382 0 485.965 1.0418e-08
0.566821 1.4382 0 486.968 1.03387e-08
0.566821 1.4382 0 487.97 1.02601e-08
0.566821 1.4382 0 488.973 1.0182e-08
0.566821 1.4382 0 489.975 1.01046e-08
0.566821 1.4382 0 490.978 1.00279e-08
0.566821 1.4382 0 491.98 9.95169e-09
0.566821 1.4382 0 492.983 9.87612e-09
0.566821 1.4382 0 493.985 9.80116e-09
0.566821 1.4382 0 494.988 9.72679e-09
0.566821 1.4382 0 495.99 9.65301e-09
0.566821 1.4382 0 496.993 9.57982e-09
0.566821 1.4382 0 497.995 9.50721e-09
0.566821 1.4382 0 498.998 9.43518e-09
0.566821 1.4382 0 500 9.36372e-09

