0.0691756 1.82408 0 100.01 2.96518e-07
0.0691756 1.82408 0 101.012 5.03028e-07
0.0691756 1.82408 0 102.015 4.64632e-07
0.0691756 1.82408 0 103.017 4.269e-07
0.0691756 1.82408 0 104.02 3.99454e-07
0.0691756 1.82408 0 105.022 3.78218e-07
0.0691756 1.82408 0 106.025 3.60937e-07
0.0691756 1.82408 0 107.027 3.46384e-07
0.0691756 1.82408 0 108.03 3.33829e-07
0.0691756 1.82408 0 109.032 3.22799e-07
0.0691756 1.82408 0 110.035 3.12973e-07
0.0691756 1.82408 0 111.037 3.04119e-07
0.0691756 1.82408 0 112.04 2.96069e-07
0.0691756 1.82408 0 113.042 2.88693e-07
0.0691756 1.82408 0 114.045 2.81892e-07
0.0691756 1.82408 0 115.047 2.75587e-07
0.0691756 1.82408 0 116.05 2.69712e-07
0.0691756 1.82408 0 117.052 2.64216e-07
0.0691756 1.82408 0 118.055 2.59056e-07
0.0691756 1.82408 0 119.057 2.54195e-07
0.0691756 1.82408 0 120.06 2.49602e-07
0.0691756 1.82408 0 121.062 2.45251e-07
0.0691756 1.82408 0 122.065 2.41119e-07
0.0691756 1.82408 0 123.067 2.37187e-07
0.0691756 1.82408 0 124.07 2.33438e-07
0.0691756 1.82408 0 125.072 2.29857e-07
0.0691756 1.82408 0 126.075 2.2643e-07
0.0691756 1.82408 0 127.077 2.23146e-07
0.0691756 1.82408 0 128.079 2.19994e-07
0.0691756 1.82408 0 129.082 2.16966e-07
0.0691756 1.82408 0 130.084 2.14052e-07
0.0691756 1.82408 0 131.087 2.11245e-07
0.0691756 1.82408 0 132.089 2.08538e-07
0.0691756 1.82408 0 133.092 2.05925e-07
0.0691756 1.82408 0 134.094 2.034e-07
0.0691756 1.82408 0 135.097 2.00958e-07
0.0691756 1.82408 0 136.099 1.98595e-07
0.0691756 1.82408 0 137.102 1.96306e-07
0.0691756 1.82408 0 138.104 1.94086e-07
0.0691756 1.82408 0 139.107 1.91933e-07
0.0691756 1.82408 0 140.109 1.89843e-07
0.0691756 1.82408 0 141.112 1.87812e-07
0.0691756 1.82408 0 142.114 1.85838e-07
0.0691756 1.82408 0 143.117 1.83919e-07
0.0691756 1.82408 0 144.119 1.8205e-07
0.0691756 1.82408 0 145.122 1.80231e-07
0.0691756 1.82408 0 146.124 1.78459e-07
0.0691756 1.82408 0 147.127 1.76731e-07
0.0691756 1.82408 0 148.129 1.75047e-07
0.0691756 1.82408 0 149.132 1.73403e-07
0.0691756 1.82408 0 150.134 1.71799e-07
0.0691756 1.82408 0 151.137 1.70233e-07
0.0691756 1.82408 0 152.139 1.68703e-07
0.0691756 1.82408 0 153.142 1.67207e-07
0.0691756 1.82408 0 154.144 1.65745e-07
0.0691756 1.82408 0 155.146 1.64316e-07
0.0691756 1.82408 0 156.149 1.62917e-07
0.0691756 1.82408 0 157.151 1.61548e-07
0.0691756 1.82408 0 158.154 1.60208e-07
0.0691756 1.82408 0 159.156 1.58896e-07
0.0691756 1.82408 0 160.159 1.5761e-07
0.0691756 1.82408 0 161.161 1.5635e-07
0.0691756 1.82408 0 162.164 1.55115e-07
0.0691756 1.82408 0 163.166 1.53905e-07
0.0691756 1.82408 0 164.169 1.52717e-07
0.0691756 1.82408 0 165.171 1.51552e-07
0.0691756 1.82408 0 166.174 1.50409e-07
0.0691756 1.82408 0 167.176 1.49287e-07
0.0691756 1.82408 0 168.179 1.48186e-07
0.0691756 1.82408 0 169.181 1.47104e-07
0.0691756 1.82408 0 170.184 1.46042e-07
0.0691756 1.82408 0 171.186 1.44998e-07
0.0691756 1.82408 0 172.189 1.43972e-07
0.0691756 1.82408 0 173.191 1.42964e-07
0.0691756 1.82408 0 174.194 1.41973e-07
0.0691756 1.82408 0 175.196 1.40999e-07
0.0691756 1.82408 0 176.199 1.4004e-07
0.0691756 1.82408 0 177.201 1.39097e-07
0.0691756 1.82408 0 178.204 1.38169e-07
0.0691756 1.82408 0 179.206 1.37257e-07
0.0691756 1.82408 0 180.208 1.36358e-07
0.0691756 1.82408 0 181.211 1.35473e-07
0.0691756 1.82408 0 182.213 1.34603e-07
0.0691756 1.82408 0 183.216 1.33745e-07
0.0691756 1.82408 0 184.218 1.329e-07
0.0691756 1.82408 0 185.221 1.32068e-07
0.0691756 1.82408 0 186.223 1.31248e-07
0.0691756 1.82408 0 187.226 1.3044e-07
0.0691756 1.82408 0 188.228 1.29644e-07
0.0691756 1.82408 0 189.231 1.28859e-07
0.0691756 1.82408 0 190.233 1.28085e-07
0.0691756 1.82408 0 191.236 1.27322e-07
0.0691756 1.82408 0 192.238 1.26569e-07
0.0691756 1.82408 0 193.241 1.25827e-07
0.0691756 1.82408 0 194.243 1.25094e-07
0.0691756 1.82408 0 195.246 1.24372e-07
0.0691756 1.82408 0 196.248 1.23659e-07
0.0691756 1.82408 0 197.251 1.22956e-07
0.0691756 1.82408 0 198.253 1.22262e-07
0.0691756 1.82408 0 199.256 1.21576e-07
0.0691756 1.82408 0 200.258 1.209e-07
0.0691756 1.82408 0 201.261 1.20232e-07
0.0691756 1.82408 0 202.263 1.19572e-07
0.0691756 1.82408 0 203.266 1.1892e-07
0.0691756 1.82408 0 204.268 1.18277e-07
0.0691756 1.82408 0 205.271 1.17641e-07
0.0691756 1.82408 0 206.273 1.17013e-07
0.0691756 1.82408 0 207.275 1.16393e-07
0.0691756 1.82408 0 208.278 1.1578e-07
0.0691756 1.82408 0 209.28 1.15174e-07
0.0691756 1.82408 0 210.283 1.14575e-07
0.0691756 1.82408 0 211.285 1.13983e-07
0.0691756 1.82408 0 212.288 1.13398e-07
0.0691756 1.82408 0 213.29 1.12819e-07
0.0691756 1.82408 0 214.293 1.12247e-07
0.0691756 1.82408 0 215.295 1.11682e-07
0.0691756 1.82408 0 216.298 1.11122e-07
0.0691756 1.82408 0 217.3 1.10569e-07
0.0691756 1.82408 0 218.303 1.10021e-07
0.0691756 1.82408 0 219.305 1.0948e-07
0.0691756 1.82408 0 220.308 1.08944e-07
0.0691756 1.82408 0 221.31 1.08414e-07
0.0691756 1.82408 0 222.313 1.0789e-07
0.0691756 1.82408 0 223.315 1.07371e-07
0.0691756 1.82408 0 224.318 1.06857e-07
0.0691756 1.82408 0 225.32 1.06349e-07
0.0691756 1.82408 0 226.323 1.05846e-07
0.0691756 1.82408 0 227.325 1.05348e-07
0.0691756 1.82408 0 228.328 1.04854e-07
0.0691756 1.82408 0 229.33 1.04366e-07
0.0691756 1.82408 0 230.333 1.03883e-07
0.0691756 1.82408 0 231.335 1.03404e-07
0.0691756 1.82408 0 232.338 1.0293e-07
0.0691756 1.82408 0 233.34 1.0246e-07
0.0691756 1.82408 0 234.342 1.01995e-07
0.0691756 1.82408 0 235.345 1.01535e-07
0.0691756 1.82408 0 236.347 1.01078e-07
0.0691756 1.82408 0 237.35 1.00626e-07
0.0691756 1.82408 0 238.352 1.00178e-07
0.0691756 1.82408 0 239.355 9.97343e-08
0.0691756 1.82408 0 240.357 9.92946e-08
0.0691756 1.82408 0 241.36 9.88588e-08
0.0691756 1.82408 0 242.362 9.84269e-08
0.0691756 1.82408 0 243.365 9.79989e-08
0.0691756 1.82408 0 244.367 9.75747e-08
0.0691756 1.82408 0 245.37 9.71542e-08
0.0691756 1.82408 0 246.372 9.67373e-08
0.0691756 1.82408 0 247.375 9.63241e-08
0.0691756 1.82408 0 248.377 9.59145e-08
0.0691756 1.82408 0 249.38 9.55083e-08
0.0691756 1.82408 0 250.382 9.51056e-08
0.0691756 1.82408 0 251.385 9.47063e-08
0.0691756 1.82408 0 252.387 9.43103e-08
0.0691756 1.82408 0 253.39 9.39176e-08
0.0691756 1.82408 0 254.392 9.35281e-08
0.0691756 1.82408 0 255.395 9.31419e-08
0.0691756 1.82408 0 256.397 9.27588e-08
0.0691756 1.82408 0 257.4 9.23788e-08
0.0691756 1.82408 0 258.402 9.20018e-08
0.0691756 1.82408 0 259.405 9.16279e-08
0.0691756 1.82408 0 260.407 9.12569e-08
0.0691756 1.82408 0 261.409 9.08888e-08
0.0691756 1.82408 0 262.412 9.05237e-08
0.0691756 1.82408 0 263.414 9.01613e-08
0.0691756 1.82408 0 264.417 8.98018e-08
0.0691756 1.82408 0 265.419 8.94451e-08
0.0691756 1.82408 0 266.422 8.9091e-08
0.0691756 1.82408 0 267.424 8.87397e-08
0.0691756 1.82408 0 268.427 8.8391e-08
0.0691756 1.82408 0 269.429 8.80449e-08
0.0691756 1.82408 0 270.432 8.77014e-08
0.0691756 1.82408 0 271.434 8.73604e-08
0.0691756 1.82408 0 272.437 8.7022e-08
0.0691756 1.82408 0 273.439 8.6686e-08
0.0691756 1.82408 0 274.442 8.63525e-08
0.0691756 1.82408 0 275.444 8.60214e-08
0.0691756 1.82408 0 276.447 8.56927e-08
0.0691756 1.82408 0 277.449 8.53663e-08
0.0691756 1.82408 0 278.452 8.50422e-08
0.0691756 1.82408 0 279.454 8.47204e-08
0.0691756 1.82408 0 280.457 8.44009e-08
0.0691756 1.82408 0 281.459 8.40836e-08
0.0691756 1.82408 0 282.462 8.37686e-08
0.0691756 1.82408 0 283.464 8.34557e-08
0.0691756 1.82408 0 284.467 8.31449e-08
0.0691756 1.82408 0 285.469 8.28363e-08
0.0691756 1.82408 0 286.472 8.25298e-08
0.0691756 1.82408 0 287.474 8.22253e-08
0.0691756 1.82408 0 288.476 8.19229e-08
0.0691756 1.82408 0 289.479 8.16225e-08
0.0691756 1.82408 0 290.481 8.13241e-08
0.0691756 1.82408 0 291.484 8.10277e-08
0.0691756 1.82408 0 292.486 8.07332e-08
0.0691756 1.82408 0 293.489 8.04407e-08
0.0691756 1.82408 0 294.491 8.01501e-08
0.0691756 1.82408 0 295.494 7.98613e-08
0.0691756 1.82408 0 296.496 7.95744e-08
0.0691756 1.82408 0 297.499 7.92894e-08
0.0691756 1.82408 0 298.501 7.90062e-08
0.0691756 1.82408 0 299.504 7.87247e-08
0.0691756 1.82408 0 300.506 7.84451e-08
0.0691756 1.82408 0 301.509 7.81672e-08
0.0691756 1.82408 0 302.511 7.78911e-08
0.0691756 1.82408 0 303.514 7.76166e-08
0.0691756 1.82408 0 304.516 7.73439e-08
0.0691756 1.82408 0 305.519 7.70728e-08
0.0691756 1.82408 0 306.521 7.68035e-08
0.0691756 1.82408 0 307.524 7.65357e-08
0.0691756 1.82408 0 308.526 7.62696e-08
0.0691756 1.82408 0 309.529 7.60051e-08
0.0691756 1.82408 0 310.531 7.57422e-08
0.0691756 1.82408 0 311.534 7.54809e-08
0.0691756 1.82408 0 312.536 7.52211e-08
0.0691756 1.82408 0 313.538 7.49629e-08
0.0691756 1.82408 0 314.541 7.47062e-08
0.0691756 1.82408 0 315.543 7.4451e-08
0.0691756 1.82408 0 316.546 7.41973e-08
0.0691756 1.82408 0 317.548 7.39451e-08
0.0691756 1.82408 0 318.551 7.36943e-08
0.0691756 1.82408 0 319.553 7.3445e-08
0.0691756 1.82408 0 320.556 7.31972e-08
0.0691756 1.82408 0 321.558 7.29507e-08
0.0691756 1.82408 0 322.561 7.27057e-08
0.0691756 1.82408 0 323.563 7.2462e-08
0.0691756 1.82408 0 324.566 7.22198e-08
0.0691756 1.82408 0 325.568 7.19789e-08
0.0691756 1.82408 0 326.571 7.17394e-08
0.0691756 1.82408 0 327.573 7.15012e-08
0.0691756 1.82408 0 328.576 7.12643e-08
0.0691756 1.82408 0 329.578 7.10287e-08
0.0691756 1.82408 0 330.581 7.07945e-08
0.0691756 1.82408 0 331.583 7.05615e-08
0.0691756 1.82408 0 332.586 7.03298e-08
0.0691756 1.82408 0 333.588 7.00994e-08
0.0691756 1.82408 0 334.591 6.98702e-08
0.0691756 1.82408 0 335.593 6.96423e-08
0.0691756 1.82408 0 336.596 6.94156e-08
0.0691756 1.82408 0 337.598 6.91901e-08
0.0691756 1.82408 0 338.601 6.89658e-08
0.0691756 1.82408 0 339.603 6.87428e-08
0.0691756 1.82408 0 340.605 6.85209e-08
0.0691756 1.82408 0 341.608 6.83002e-08
0.0691756 1.82408 0 342.61 6.80806e-08
0.0691756 1.82408 0 343.613 6.78622e-08
0.0691756 1.82408 0 344.615 6.76449e-08
0.0691756 1.82408 0 345.618 6.74288e-08
0.0691756 1.82408 0 346.62 6.72138e-08
0.0691756 1.82408 0 347.623 6.69999e-08
0.0691756 1.82408 0 348.625 6.67872e-08
0.0691756 1.82408 0 349.628 6.65755e-08
0.0691756 1.82408 0 350.63 6.63649e-08
0.0691756 1.82408 0 351.633 6.61553e-08
0.0691756 1.82408 0 352.635 6.59469e-08
0.0691756 1.82408 0 353.638 6.57395e-08
0.0691756 1.82408 0 354.64 6.55331e-08
0.0691756 1.82408 0 355.643 6.53278e-08
0.0691756 1.82408 0 356.645 6.51235e-08
0.0691756 1.82408 0 357.648 6.49203e-08
0.0691756 1.82408 0 358.65 6.4718e-08
0.0691756 1.82408 0 359.653 6.45168e-08
0.0691756 1.82408 0 360.655 6.43165e-08
0.0691756 1.82408 0 361.658 6.41173e-08
0.0691756 1.82408 0 362.66 6.3919e-08
0.0691756 1.82408 0 363.663 6.37217e-08
0.0691756 1.82408 0 364.665 6.35254e-08
0.0691756 1.82408 0 365.668 6.333e-08
0.0691756 1.82408 0 366.67 6.31355e-08
0.0691756 1.82408 0 367.672 6.2942e-08
0.0691756 1.82408 0 368.675 6.27495e-08
0.0691756 1.82408 0 369.677 6.25579e-08
0.0691756 1.82408 0 370.68 6.23671e-08
0.0691756 1.82408 0 371.682 6.21773e-08
0.0691756 1.82408 0 372.685 6.19884e-08
0.0691756 1.82408 0 373.687 6.18004e-08
0.0691756 1.82408 0 374.69 6.16133e-08
0.0691756 1.82408 0 375.692 6.14271e-08
0.0691756 1.82408 0 376.695 6.12418e-08
0.0691756 1.82408 0 377.697 6.10573e-08
0.0691756 1.82408 0 378.7 6.08737e-08
0.0691756 1.82408 0 379.702 6.06909e-08
0.0691756 1.82408 0 380.705 6.0509e-08
0.0691756 1.82408 0 381.707 6.0328e-08
0.0691756 1.82408 0 382.71 6.01478e-08
0.0691756 1.82408 0 383.712 5.99684e-08
0.0691756 1.82408 0 384.715 5.97898e-08
0.0691756 1.82408 0 385.717 5.96121e-08
0.0691756 1.82408 0 386.72 5.94351e-08
0.0691756 1.82408 0 387.722 5.9259e-08
0.0691756 1.82408 0 388.725 5.90837e-08
0.0691756 1.82408 0 389.727 5.89092e-08
0.0691756 1.82408 0 390.73 5.87354e-08
0.0691756 1.82408 0 391.732 5.85625e-08
0.0691756 1.82408 0 392.735 5.83903e-08
0.0691756 1.82408 0 393.737 5.82189e-08
0.0691756 1.82408 0 394.739 5.80483e-08
0.0691756 1.82408 0 395.742 5.78784e-08
0.0691756 1.82408 0 396.744 5.77093e-08
0.0691756 1.82408 0 397.747 5.75409e-08
0.0691756 1.82408 0 398.749 5.73733e-08
0.0691756 1.82408 0 399.752 5.72064e-08
0.0691756 1.82408 0 400.754 5.70403e-08
0.0691756 1.82408 0 401.757 5.68749e-08
0.0691756 1.82408 0 402.759 5.67102e-08
0.0691756 1.82408 0 403.762 5.65462e-08
0.0691756 1.82408 0 404.764 5.6383e-08
0.0691756 1.82408 0 405.767 5.62205e-08
0.0691756 1.82408 0 406.769 5.60586e-08
0.0691756 1.82408 0 407.772 5.58975e-08
0.0691756 1.82408 0 408.774 5.57371e-08
0.0691756 1.82408 0 409.777 5.55773e-08
0.0691756 1.82408 0 410.779 5.54183e-08
0.0691756 1.82408 0 411.782 5.52599e-08
0.0691756 1.82408 0 412.784 5.51022e-08
0.0691756 1.82408 0 413.787 5.49452e-08
0.0691756 1.82408 0 414.789 5.47888e-08
0.0691756 1.82408 0 415.792 5.46331e-08
0.0691756 1.82408 0 416.794 5.44781e-08
0.0691756 1.82408 0 417.797 5.43237e-08
0.0691756 1.82408 0 418.799 5.417e-08
0.0691756 1.82408 0 419.802 5.40169e-08
0.0691756 1.82408 0 420.804 5.38645e-08
0.0691756 1.82408 0 421.806 5.37127e-08
0.0691756 1.82408 0 422.809 5.35615e-08
0.0691756 1.82408 0 423.811 5.3411e-08
0.0691756 1.82408 0 424.814 5.3261e-08
0.0691756 1.82408 0 425.816 5.31118e-08
0.0691756 1.82408 0 426.819 5.29631e-08
0.0691756 1.82408 0 427.821 5.2815e-08
0.0691756 1.82408 0 428.824 5.26676e-08
0.0691756 1.82408 0 429.826 5.25208e-08
0.0691756 1.82408 0 430.829 5.23745e-08
0.0691756 1.82408 0 431.831 5.22289e-08
0.0691756 1.82408 0 432.834 5.20838e-08
0.0691756 1.82408 0 433.836 5.19394e-08
0.0691756 1.82408 0 434.839 5.17955e-08
0.0691756 1.82408 0 435.841 5.16522e-08
0.0691756 1.82408 0 436.844 5.15096e-08
0.0691756 1.82408 0 437.846 5.13674e-08
0.0691756 1.82408 0 438.849 5.12259e-08
0.0691756 1.82408 0 439.851 5.10849e-08
0.0691756 1.82408 0 440.854 5.09445e-08
0.0691756 1.82408 0 441.856 5.08046e-08
0.0691756 1.82408 0 442.859 5.06653e-08
0.0691756 1.82408 0 443.861 5.05266e-08
0.0691756 1.82408 0 444.864 5.03884e-08
0.0691756 1.82408 0 445.866 5.02508e-08
0.0691756 1.82408 0 446.868 5.01137e-08
0.0691756 1.82408 0 447.871 4.99772e-08
0.0691756 1.82408 0 448.873 4.98412e-08
0.0691756 1.82408 0 449.876 4.97057e-08
0.0691756 1.82408 0 450.878 4.95708e-08
0.0691756 1.82408 0 451.881 4.94364e-08
0.0691756 1.82408 0 452.883 4.93025e-08
0.0691756 1.82408 0 453.886 4.91691e-08
0.0691756 1.82408 0 454.888 4.90363e-08
0.0691756 1.82408 0 455.891 4.8904e-08
0.0691756 1.82408 0 456.893 4.87722e-08
0.0691756 1.82408 0 457.896 4.86409e-08
0.0691756 1.82408 0 458.898 4.85101e-08
0.0691756 1.82408 0 459.901 4.83798e-08
0.0691756 1.82408 0 460.903 4.825e-08
0.0691756 1.82408 0 461.906 4.81208e-08
0.0691756 1.82408 0 462.908 4.7992e-08
0.0691756 1.82408 0 463.911 4.78637e-08
0.0691756 1.82408 0 464.913 4.77359e-08
0.0691756 1.82408 0 465.916 4.76086e-08
0.0691756 1.82408 0 466.918 4.74818e-08
0.0691756 1.82408 0 467.921 4.73555e-08
0.0691756 1.82408 0 468.923 4.72296e-08
0.0691756 1.82408 0 469.926 4.71042e-08
0.0691756 1.82408 0 470.928 4.69793e-08
0.0691756 1.82408 0 471.931 4.68549e-08
0.0691756 1.82408 0 472.933 4.67309e-08
0.0691756 1.82408 0 473.935 4.66075e-08
0.0691756 1.82408 0 474.938 4.64844e-08
0.0691756 1.82408 0 475.94 4.63619e-08
0.0691756 1.82408 0 476.943 4.62398e-08
0.0691756 1.82408 0 477.945 4.61181e-08
0.0691756 1.82408 0 478.948 4.59969e-08
0.0691756 1.82408 0 479.95 4.58762e-08
0.0691756 1.82408 0 480.953 4.57559e-08
0.0691756 1.82408 0 481.955 4.5636e-08
0.0691756 1.82408 0 482.958 4.55166e-08
0.0691756 1.82408 0 483.96 4.53977e-08
0.0691756 1.82408 0 484.963 4.52791e-08
0.0691756 1.82408 0 485.965 4.5161e-08
0.0691756 1.82408 0 486.968 4.50434e-08
0.0691756 1.82408 0 487.97 4.49262e-08
0.0691756 1.82408 0 488.973 4.48094e-08
0.0691756 1.82408 0 489.975 4.4693e-08
0.0691756 1.82408 0 490.978 4.45771e-08
0.0691756 1.82408 0 491.98 4.44616e-08
0.0691756 1.82408 0 492.983 4.43465e-08
0.0691756 1.82408 0 493.985 4.42318e-08
0.0691756 1.82408 0 494.988 4.41176e-08
0.0691756 1.82408 0 495.99 4.40037e-08
0.0691756 1.82408 0 496.993 4.38903e-08
0.0691756 1.82408 0 497.995 4.37773e-08
0.0691756 1.82408 0 498.998 4.36647e-08
0.0691756 1.82408 0 500 4.35525e-08
0.0691756 1.82408 0 100.01 2.96518e-07
0.0691756 1.82408 0 101.012 5.03028e-07
0.0691756 1.82408 0 102.015 4.64632e-07
0.0691756 1.82408 0 103.017 4.269e-07
0.0691756 1.82408 0 104.02 3.99454e-07
0.0691756 1.82408 0 105.022 3.78218e-07
0.0691756 1.82408 0 106.025 3.60937e-07
0.0691756 1.82408 0 107.027 3.46384e-07
0.0691756 1.82408 0 108.03 3.33829e-07
0.0691756 1.82408 0 109.032 3.22799e-07
0.0691756 1.82408 0 110.035 3.12973e-07
0.0691756 1.82408 0 111.037 3.04119e-07
0.0691756 1.82408 0 112.04 2.96069e-07
0.0691756 1.82408 0 113.042 2.88693e-07
0.0691756 1.82408 0 114.045 2.81892e-07
0.0691756 1.82408 0 115.047 2.75587e-07
0.0691756 1.82408 0 116.05 2.69712e-07
0.0691756 1.82408 0 117.052 2.64216e-07
0.0691756 1.82408 0 118.055 2.59056e-07
0.0691756 1.82408 0 119.057 2.54195e-07
0.0691756 1.82408 0 120.06 2.49602e-07
0.0691756 1.82408 0 121.062 2.45251e-07
0.0691756 1.82408 0 122.065 2.41119e-07
0.0691756 1.82408 0 123.067 2.37187e-07
0.0691756 1.82408 0 124.07 2.33438e-07
0.0691756 1.82408 0 125.072 2.29857e-07
0.0691756 1.82408 0 126.075 2.2643e-07
0.0691756 1.82408 0 127.077 2.23146e-07
0.0691756 1.82408 0 128.079 2.19994e-07
0.0691756 1.82408 0 129.082 2.16966e-07
0.0691756 1.82408 0 130.084 2.14052e-07
0.0691756 1.82408 0 131.087 2.11245e-07
0.0691756 1.82408 0 132.089 2.08538e-07
0.0691756 1.82408 0 133.092 2.05925e-07
0.0691756 1.82408 0 134.094 2.034e-07
0.0691756 1.82408 0 135.097 2.00958e-07
0.0691756 1.82408 0 136.099 1.98595e-07
0.0691756 1.82408 0 137.102 1.96306e-07
0.0691756 1.82408 0 138.104 1.94086e-07
0.0691756 1.82408 0 139.107 1.91933e-07
0.0691756 1.82408 0 140.109 1.89843e-07
0.0691756 1.82408 0 141.112 1.87812e-07
0.0691756 1.82408 0 142.114 1.85838e-07
0.0691756 1.82408 0 143.117 1.83919e-07
0.0691756 1.82408 0 144.119 1.8205e-07
0.0691756 1.82408 0 145.122 1.80231e-07
0.0691756 1.82408 0 146.124 1.78459e-07
0.0691756 1.82408 0 147.127 1.76731e-07
0.0691756 1.82408 0 148.129 1.75047e-07
0.0691756 1.82408 0 149.132 1.73403e-07
0.0691756 1.82408 0 150.134 1.71799e-07
0.0691756 1.82408 0 151.137 1.70233e-07
0.0691756 1.82408 0 152.139 1.68703e-07
0.0691756 1.82408 0 153.142 1.67207e-07
0.0691756 1.82408 0 154.144 1.65745e-07
0.0691756 1.82408 0 155.146 1.64316e-07
0.0691756 1.82408 0 156.149 1.62917e-07
0.0691756 1.82408 0 157.151 1.61548e-07
0.0691756 1.82408 0 158.154 1.60208e-07
0.0691756 1.82408 0 159.156 1.58896e-07
0.0691756 1.82408 0 160.159 1.5761e-07
0.0691756 1.82408 0 161.161 1.5635e-07
0.0691756 1.82408 0 162.164 1.55115e-07
0.0691756 1.82408 0 163.166 1.53905e-07
0.0691756 1.82408 0 164.169 1.52717e-07
0.0691756 1.82408 0 165.171 1.51552e-07
0.0691756 1.82408 0 166.174 1.50409e-07
0.0691756 1.82408 0 167.176 1.49287e-07
0.0691756 1.82408 0 168.179 1.48186e-07
0.0691756 1.82408 0 169.181 1.47104e-07
0.0691756 1.82408 0 170.184 1.46042e-07
0.0691756 1.82408 0 171.186 1.44998e-07
0.0691756 1.82408 0 172.189 1.43972e-07
0.0691756 1.82408 0 173.191 1.42964e-07
0.0691756 1.82408 0 174.194 1.41973e-07
0.0691756 1.82408 0 175.196 1.40999e-07
0.0691756 1.82408 0 176.199 1.4004e-07
0.0691756 1.82408 0 177.201 1.39097e-07
0.0691756 1.82408 0 178.204 1.38169e-07
0.0691756 1.82408 0 179.206 1.37257e-07
0.0691756 1.82408 0 180.208 1.36358e-07
0.0691756 1.82408 0 181.211 1.35473e-07
0.0691756 1.82408 0 182.213 1.34603e-07
0.0691756 1.82408 0 183.216 1.33745e-07
0.0691756 1.82408 0 184.218 1.329e-07
0.0691756 1.82408 0 185.221 1.32068e-07
0.0691756 1.82408 0 186.223 1.31248e-07
0.0691756 1.82408 0 187.226 1.3044e-07
0.0691756 1.82408 0 188.228 1.29644e-07
0.0691756 1.82408 0 189.231 1.28859e-07
0.0691756 1.82408 0 190.233 1.28085e-07
0.0691756 1.82408 0 191.236 1.27322e-07
0.0691756 1.82408 0 192.238 1.26569e-07
0.0691756 1.82408 0 193.241 1.25827e-07
0.0691756 1.82408 0 194.243 1.25094e-07
0.0691756 1.82408 0 195.246 1.24372e-07
0.0691756 1.82408 0 196.248 1.23659e-07
0.0691756 1.82408 0 197.251 1.22956e-07
0.0691756 1.82408 0 198.253 1.22262e-07
0.0691756 1.82408 0 199.256 1.21576e-07
0.0691756 1.82408 0 200.258 1.209e-07
0.0691756 1.82408 0 201.261 1.20232e-07
0.0691756 1.82408 0 202.263 1.19572e-07
0.0691756 1.82408 0 203.266 1.1892e-07
0.0691756 1.82408 0 204.268 1.18277e-07
0.0691756 1.82408 0 205.271 1.17641e-07
0.0691756 1.82408 0 206.273 1.17013e-07
0.0691756 1.82408 0 207.275 1.16393e-07
0.0691756 1.82408 0 208.278 1.1578e-07
0.0691756 1.82408 0 209.28 1.15174e-07
0.0691756 1.82408 0 210.283 1.14575e-07
0.0691756 1.82408 0 211.285 1.13983e-07
0.0691756 1.82408 0 212.288 1.13398e-07
0.0691756 1.82408 0 213.29 1.12819e-07
0.0691756 1.82408 0 214.293 1.12247e-07
0.0691756 1.82408 0 215.295 1.11682e-07
0.0691756 1.82408 0 216.298 1.11122e-07
0.0691756 1.82408 0 217.3 1.10569e-07
0.0691756 1.82408 0 218.303 1.10021e-07
0.0691756 1.82408 0 219.305 1.0948e-07
0.0691756 1.82408 0 220.308 1.08944e-07
0.0691756 1.82408 0 221.31 1.08414e-07
0.0691756 1.82408 0 222.313 1.0789e-07
0.0691756 1.82408 0 223.315 1.07371e-07
0.0691756 1.82408 0 224.318 1.06857e-07
0.0691756 1.82408 0 225.32 1.06349e-07
0.0691756 1.82408 0 226.323 1.05846e-07
0.0691756 1.82408 0 227.325 1.05348e-07
0.0691756 1.82408 0 228.328 1.04854e-07
0.0691756 1.82408 0 229.33 1.04366e-07
0.0691756 1.82408 0 230.333 1.03883e-07
0.0691756 1.82408 0 231.335 1.03404e-07
0.0691756 1.82408 0 232.338 1.0293e-07
0.0691756 1.82408 0 233.34 1.0246e-07
0.0691756 1.82408 0 234.342 1.01995e-07
0.0691756 1.82408 0 235.345 1.01535e-07
0.0691756 1.82408 0 236.347 1.01078e-07
0.0691756 1.82408 0 237.35 1.00626e-07
0.0691756 1.82408 0 238.352 1.00178e-07
0.0691756 1.82408 0 239.355 9.97343e-08
0.0691756 1.82408 0 240.357 9.92946e-08
0.0691756 1.82408 0 241.36 9.88588e-08
0.0691756 1.82408 0 242.362 9.84269e-08
0.0691756 1.82408 0 243.365 9.79989e-08
0.0691756 1.82408 0 244.367 9.75747e-08
0.0691756 1.82408 0 245.37 9.71542e-08
0.0691756 1.82408 0 246.372 9.67373e-08
0.0691756 1.82408 0 247.375 9.63241e-08
0.0691756 1.82408 0 248.377 9.59145e-08
0.0691756 1.82408 0 249.38 9.55083e-08
0.0691756 1.82408 0 250.382 9.51056e-08
0.0691756 1.82408 0 251.385 9.47063e-08
0.0691756 1.82408 0 252.387 9.43103e-08
0.0691756 1.82408 0 253.39 9.39176e-08
0.0691756 1.82408 0 254.392 9.35281e-08
0.0691756 1.82408 0 255.395 9.31419e-08
0.0691756 1.82408 0 256.397 9.27588e-08
0.0691756 1.82408 0 257.4 9.23788e-08
0.0691756 1.82408 0 258.402 9.20018e-08
0.0691756 1.82408 0 259.405 9.16279e-08
0.0691756 1.82408 0 260.407 9.12569e-08
0.0691756 1.82408 0 261.409 9.08888e-08
0.0691756 1.82408 0 262.412 9.05237e-08
0.0691756 1.82408 0 263.414 9.01613e-08
0.0691756 1.82408 0 264.417 8.98018e-08
0.0691756 1.82408 0 265.419 8.94451e-08
0.0691756 1.82408 0 266.422 8.9091e-08
0.0691756 1.82408 0 267.424 8.87397e-08
0.0691756 1.82408 0 268.427 8.8391e-08
0.0691756 1.82408 0 269.429 8.80449e-08
0.0691756 1.82408 0 270.432 8.77014e-08
0.0691756 1.82408 0 271.434 8.73604e-08
0.0691756 1.82408 0 272.437 8.7022e-08
0.0691756 1.82408 0 273.439 8.6686e-08
0.0691756 1.82408 0 274.442 8.63525e-08
0.0691756 1.82408 0 275.444 8.60214e-08
0.0691756 1.82408 0 276.447 8.56927e-08
0.0691756 1.82408 0 277.449 8.53663e-08
0.0691756 1.82408 0 278.452 8.50422e-08
0.0691756 1.82408 0 279.454 8.47204e-08
0.0691756 1.82408 0 280.457 8.44009e-08
0.0691756 1.82408 0 281.459 8.40836e-08
0.0691756 1.82408 0 282.462 8.37686e-08
0.0691756 1.82408 0 283.464 8.34557e-08
0.0691756 1.82408 0 284.467 8.31449e-08
0.0691756 1.82408 0 285.469 8.28363e-08
0.0691756 1.82408 0 286.472 8.25298e-08
0.0691756 1.82408 0 287.474 8.22253e-08
0.0691756 1.82408 0 288.476 8.19229e-08
0.0691756 1.82408 0 289.479 8.16225e-08
0.0691756 1.82408 0 290.481 8.13241e-08
0.0691756 1.82408 0 291.484 8.10277e-08
0.0691756 1.82408 0 292.486 8.07332e-08
0.0691756 1.82408 0 293.489 8.04407e-08
0.0691756 1.82408 0 294.491 8.01501e-08
0.0691756 1.82408 0 295.494 7.98613e-08
0.0691756 1.82408 0 296.496 7.95744e-08
0.0691756 1.82408 0 297.499 7.92894e-08
0.0691756 1.82408 0 298.501 7.90062e-08
0.0691756 1.82408 0 299.504 7.87247e-08
0.0691756 1.82408 0 300.506 7.84451e-08
0.0691756 1.82408 0 301.509 7.81672e-08
0.0691756 1.82408 0 302.511 7.78911e-08
0.0691756 1.82408 0 303.514 7.76166e-08
0.0691756 1.82408 0 304.516 7.73439e-08
0.0691756 1.82408 0 305.519 7.70728e-08
0.0691756 1.82408 0 306.521 7.68035e-08
0.0691756 1.82408 0 307.524 7.65357e-08
0.0691756 1.82408 0 308.526 7.62696e-08
0.0691756 1.82408 0 309.529 7.60051e-08
0.0691756 1.82408 0 310.531 7.57422e-08
0.0691756 1.82408 0 311.534 7.54809e-08
0.0691756 1.82408 0 312.536 7.52211e-08
0.0691756 1.82408 0 313.538 7.49629e-08
0.0691756 1.82408 0 314.541 7.47062e-08
0.0691756 1.82408 0 315.543 7.4451e-08
0.0691756 1.82408 0 316.546 7.41973e-08
0.0691756 1.82408 0 317.548 7.39451e-08
0.0691756 1.82408 0 318.551 7.36943e-08
0.0691756 1.82408 0 319.553 7.3445e-08
0.0691756 1.82408 0 320.556 7.31972e-08
0.0691756 1.82408 0 321.558 7.29507e-08
0.0691756 1.82408 0 322.561 7.27057e-08
0.0691756 1.82408 0 323.563 7.2462e-08
0.0691756 1.82408 0 324.566 7.22198e-08
0.0691756 1.82408 0 325.568 7.19789e-08
0.0691756 1.82408 0 326.571 7.17394e-08
0.0691756 1.82408 0 327.573 7.15012e-08
0.0691756 1.82408 0 328.576 7.12643e-08
0.0691756 1.82408 0 329.578 7.10287e-08
0.0691756 1.82408 0 330.581 7.07945e-08
0.0691756 1.82408 0 331.583 7.05615e-08
0.0691756 1.82408 0 332.586 7.03298e-08
0.0691756 1.82408 0 333.588 7.00994e-08
0.0691756 1.82408 0 334.591 6.98702e-08
0.0691756 1.82408 0 335.593 6.96423e-08
0.0691756 1.82408 0 336.596 6.94156e-08
0.0691756 1.82408 0 337.598 6.91901e-08
0.0691756 1.82408 0 338.601 6.89658e-08
0.0691756 1.82408 0 339.603 6.87428e-08
0.0691756 1.82408 0 340.605 6.85209e-08
0.0691756 1.82408 0 341.608 6.83002e-08
0.0691756 1.82408 0 342.61 6.80806e-08
0.0691756 1.82408 0 343.613 6.78622e-08
0.0691756 1.82408 0 344.615 6.76449e-08
0.0691756 1.82408 0 345.618 6.74288e-08
0.0691756 1.82408 0 346.62 6.72138e-08
0.0691756 1.82408 0 347.623 6.69999e-08
0.0691756 1.82408 0 348.625 6.67872e-08
0.0691756 1.82408 0 349.628 6.65755e-08
0.0691756 1.82408 0 350.63 6.63649e-08
0.0691756 1.82408 0 351.633 6.61553e-08
0.0691756 1.82408 0 352.635 6.59469e-08
0.0691756 1.82408 0 353.638 6.57395e-08
0.0691756 1.82408 0 354.64 6.55331e-08
0.0691756 1.82408 0 355.643 6.53278e-08
0.0691756 1.82408 0 356.645 6.51235e-08
0.0691756 1.82408 0 357.648 6.49203e-08
0.0691756 1.82408 0 358.65 6.4718e-08
0.0691756 1.82408 0 359.653 6.45168e-08
0.0691756 1.82408 0 360.655 6.43165e-08
0.0691756 1.82408 0 361.658 6.41173e-08
0.0691756 1.82408 0 362.66 6.3919e-08
0.0691756 1.82408 0 363.663 6.37217e-08
0.0691756 1.82408 0 364.665 6.35254e-08
0.0691756 1.82408 0 365.668 6.333e-08
0.0691756 1.82408 0 366.67 6.31355e-08
0.0691756 1.82408 0 367.672 6.2942e-08
0.0691756 1.82408 0 368.675 6.27495e-08
0.0691756 1.82408 0 369.677 6.25579e-08
0.0691756 1.82408 0 370.68 6.23671e-08
0.0691756 1.82408 0 371.682 6.21773e-08
0.0691756 1.82408 0 372.685 6.19884e-08
0.0691756 1.82408 0 373.687 6.18004e-08
0.0691756 1.82408 0 374.69 6.16133e-08
0.0691756 1.82408 0 375.692 6.14271e-08
0.0691756 1.82408 0 376.695 6.12418e-08
0.0691756 1.82408 0 377.697 6.10573e-08
0.0691756 1.82408 0 378.7 6.08737e-08
0.0691756 1.82408 0 379.702 6.06909e-08
0.0691756 1.82408 0 380.705 6.0509e-08
0.0691756 1.82408 0 381.707 6.0328e-08
0.0691756 1.82408 0 382.71 6.01478e-08
0.0691756 1.82408 0 383.712 5.99684e-08
0.0691756 1.82408 0 384.715 5.97898e-08
0.0691756 1.82408 0 385.717 5.96121e-08
0.0691756 1.82408 0 386.72 5.94351e-08
0.0691756 1.82408 0 387.722 5.9259e-08
0.0691756 1.82408 0 388.725 5.90837e-08
0.0691756 1.82408 0 389.727 5.89092e-08
0.0691756 1.82408 0 390.73 5.87354e-08
0.0691756 1.82408 0 391.732 5.85625e-08
0.0691756 1.82408 0 392.735 5.83903e-08
0.0691756 1.82408 0 393.737 5.82189e-08
0.0691756 1.82408 0 394.739 5.80483e-08
0.0691756 1.82408 0 395.742 5.78784e-08
0.0691756 1.82408 0 396.744 5.77093e-08
0.0691756 1.82408 0 397.747 5.75409e-08
0.0691756 1.82408 0 398.749 5.73733e-08
0.0691756 1.82408 0 399.752 5.72064e-08
0.0691756 1.82408 0 400.754 5.70403e-08
0.0691756 1.82408 0 401.757 5.68749e-08
0.0691756 1.82408 0 402.759 5.67102e-08
0.0691756 1.82408 0 403.762 5.65462e-08
0.0691756 1.82408 0 404.764 5.6383e-08
0.0691756 1.82408 0 405.767 5.62205e-08
0.0691756 1.82408 0 406.769 5.60586e-08
0.0691756 1.82408 0 407.772 5.58975e-08
0.0691756 1.82408 0 408.774 5.57371e-08
0.0691756 1.82408 0 409.777 5.55773e-08
0.0691756 1.82408 0 410.779 5.54183e-08
0.0691756 1.82408 0 411.782 5.52599e-08
0.0691756 1.82408 0 412.784 5.51022e-08
0.0691756 1.82408 0 413.787 5.49452e-08
0.0691756 1.82408 0 414.789 5.47888e-08
0.0691756 1.82408 0 415.792 5.46331e-08
0.0691756 1.82408 0 416.794 5.44781e-08
0.0691756 1.82408 0 417.797 5.43237e-08
0.0691756 1.82408 0 418.799 5.417e-08
0.0691756 1.82408 0 419.802 5.40169e-08
0.0691756 1.82408 0 420.804 5.38645e-08
0.0691756 1.82408 0 421.806 5.37127e-08
0.0691756 1.82408 0 422.809 5.35615e-08
0.0691756 1.82408 0 423.811 5.3411e-08
0.0691756 1.82408 0 424.814 5.3261e-08
0.0691756 1.82408 0 425.816 5.31118e-08
0.0691756 1.82408 0 426.819 5.29631e-08
0.0691756 1.82408 0 427.821 5.2815e-08
0.0691756 1.82408 0 428.824 5.26676e-08
0.0691756 1.82408 0 429.826 5.25208e-08
0.0691756 1.82408 0 430.829 5.23745e-08
0.0691756 1.82408 0 431.831 5.22289e-08
0.0691756 1.82408 0 432.834 5.20838e-08
0.0691756 1.82408 0 433.836 5.19394e-08
0.0691756 1.82408 0 434.839 5.17955e-08
0.0691756 1.82408 0 435.841 5.16522e-08
0.0691756 1.82408 0 436.844 5.15096e-08
0.0691756 1.82408 0 437.846 5.13674e-08
0.0691756 1.82408 0 438.849 5.12259e-08
0.0691756 1.82408 0 439.851 5.10849e-08
0.0691756 1.82408 0 440.854 5.09445e-08
0.0691756 1.82408 0 441.856 5.08046e-08
0.0691756 1.82408 0 442.859 5.06653e-08
0.0691756 1.82408 0 443.861 5.05266e-08
0.0691756 1.82408 0 444.864 5.03884e-08
0.0691756 1.82408 0 445.866 5.02508e-08
0.0691756 1.82408 0 446.868 5.01137e-08
0.0691756 1.82408 0 447.871 4.99772e-08
0.0691756 1.82408 0 448.873 4.98412e-08
0.0691756 1.82408 0 449.876 4.97057e-08
0.0691756 1.82408 0 450.878 4.95708e-08
0.0691756 1.82408 0 451.881 4.94364e-08
0.0691756 1.82408 0 452.883 4.93025e-08
0.0691756 1.82408 0 453.886 4.91691e-08
0.0691756 1.82408 0 454.888 4.90363e-08
0.0691756 1.82408 0 455.891 4.8904e-08
0.0691756 1.82408 0 456.893 4.87722e-08
0.0691756 1.82408 0 457.896 4.86409e-08
0.0691756 1.82408 0 458.898 4.85101e-08
0.0691756 1.82408 0 459.901 4.83798e-08
0.0691756 1.82408 0 460.903 4.825e-08
0.0691756 1.82408 0 461.906 4.81208e-08
0.0691756 1.82408 0 462.908 4.7992e-08
0.0691756 1.82408 0 463.911 4.78637e-08
0.0691756 1.82408 0 464.913 4.77359e-08
0.0691756 1.82408 0 465.916 4.76086e-08
0.0691756 1.82408 0 466.918 4.74818e-08
0.0691756 1.82408 0 467.921 4.73555e-08
0.0691756 1.82408 0 468.923 4.72296e-08
0.0691756 1.82408 0 469.926 4.71042e-08
0.0691756 1.82408 0 470.928 4.69793e-08
0.0691756 1.82408 0 471.931 4.68549e-08
0.0691756 1.82408 0 472.933 4.67309e-08
0.0691756 1.82408 0 473.935 4.66075e-08
0.0691756 1.82408 0 474.938 4.64844e-08
0.0691756 1.82408 0 475.94 4.63619e-08
0.0691756 1.82408 0 476.943 4.62398e-08
0.0691756 1.82408 0 477.945 4.61181e-08
0.0691756 1.82408 0 478.948 4.59969e-08
0.0691756 1.82408 0 479.95 4.58762e-08
0.0691756 1.82408 0 480.953 4.57559e-08
0.0691756 1.82408 0 481.955 4.5636e-08
0.0691756 1.82408 0 482.958 4.55166e-08
0.0691756 1.82408 0 483.96 4.53977e-08
0.0691756 1.82408 0 484.963 4.52791e-08
0.0691756 1.82408 0 485.965 4.5161e-08
0.0691756 1.82408 0 486.968 4.50434e-08
0.0691756 1.82408 0 487.97 4.49262e-08
0.0691756 1.82408 0 488.973 4.48094e-08
0.0691756 1.82408 0 489.975 4.4693e-08
0.0691756 1.82408 0 490.978 4.45771e-08
0.0691756 1.82408 0 491.98 4.44616e-08
0.0691756 1.82408 0 492.983 4.43465e-08
0.0691756 1.82408 0 493.985 4.42318e-08
0.0691756 1.82408 0 494.988 4.41176e-08
0.0691756 1.82408 0 495.99 4.40037e-08
0.0691756 1.82408 0 496.993 4.38903e-08
0.0691756 1.82408 0 497.995 4.37773e-08
0.0691756 1.82408 0 498.998 4.36647e-08
0.0691756 1.82408 0 500 4.35525e-08
0.0691756 1.82408 0 100.01 2.96518e-07
0.0691756 1.82408 0 101.012 5.03028e-07
0.0691756 1.82408 0 102.015 4.64632e-07
0.0691756 1.82408 0 103.017 4.269e-07
0.0691756 1.82408 0 104.02 3.99454e-07
0.0691756 1.82408 0 105.022 3.78218e-07
0.0691756 1.82408 0 106.025 3.60937e-07
0.0691756 1.82408 0 107.027 3.46384e-07
0.0691756 1.82408 0 108.03 3.33829e-07
0.0691756 1.82408 0 109.032 3.22799e-07
0.0691756 1.82408 0 110.035 3.12973e-07
0.0691756 1.82408 0 111.037 3.04119e-07
0.0691756 1.82408 0 112.04 2.96069e-07
0.0691756 1.82408 0 113.042 2.88693e-07
0.0691756 1.82408 0 114.045 2.81892e-07
0.0691756 1.82408 0 115.047 2.75587e-07
0.0691756 1.82408 0 116.05 2.69712e-07
0.0691756 1.82408 0 117.052 2.64216e-07
0.0691756 1.82408 0 118.055 2.59056e-07
0.0691756 1.82408 0 119.057 2.54195e-07
0.0691756 1.82408 0 120.06 2.49602e-07
0.0691756 1.82408 0 121.062 2.45251e-07
0.0691756 1.82408 0 122.065 2.41119e-07
0.0691756 1.82408 0 123.067 2.37187e-07
0.0691756 1.82408 0 124.07 2.33438e-07
0.0691756 1.82408 0 125.072 2.29857e-07
0.0691756 1.82408 0 126.075 2.2643e-07
0.0691756 1.82408 0 127.077 2.23146e-07
0.0691756 1.82408 0 128.079 2.19994e-07
0.0691756 1.82408 0 129.082 2.16966e-07
0.0691756 1.82408 0 130.084 2.14052e-07
0.0691756 1.82408 0 131.087 2.11245e-07
0.0691756 1.82408 0 132.089 2.08538e-07
0.0691756 1.82408 0 133.092 2.05925e-07
0.0691756 1.82408 0 134.094 2.034e-07
0.0691756 1.82408 0 135.097 2.00958e-07
0.0691756 1.82408 0 136.099 1.98595e-07
0.0691756 1.82408 0 137.102 1.96306e-07
0.0691756 1.82408 0 138.104 1.94086e-07
0.0691756 1.82408 0 139.107 1.91933e-07
0.0691756 1.82408 0 140.109 1.89843e-07
0.0691756 1.82408 0 141.112 1.87812e-07
0.0691756 1.82408 0 142.114 1.85838e-07
0.0691756 1.82408 0 143.117 1.83919e-07
0.0691756 1.82408 0 144.119 1.8205e-07
0.0691756 1.82408 0 145.122 1.80231e-07
0.0691756 1.82408 0 146.124 1.78459e-07
0.0691756 1.82408 0 147.127 1.76731e-07
0.0691756 1.82408 0 148.129 1.75047e-07
0.0691756 1.82408 0 149.132 1.73403e-07
0.0691756 1.82408 0 150.134 1.71799e-07
0.0691756 1.82408 0 151.137 1.70233e-07
0.0691756 1.82408 0 152.139 1.68703e-07
0.0691756 1.82408 0 153.142 1.67207e-07
0.0691756 1.82408 0 154.144 1.65745e-07
0.0691756 1.82408 0 155.146 1.64316e-07
0.0691756 1.82408 0 156.149 1.62917e-07
0.0691756 1.82408 0 157.151 1.61548e-07
0.0691756 1.82408 0 158.154 1.60208e-07
0.0691756 1.82408 0 159.156 1.58896e-07
0.0691756 1.82408 0 160.159 1.5761e-07
0.0691756 1.82408 0 161.161 1.5635e-07
0.0691756 1.82408 0 162.164 1.55115e-07
0.0691756 1.82408 0 163.166 1.53905e-07
0.0691756 1.82408 0 164.169 1.52717e-07
0.0691756 1.82408 0 165.171 1.51552e-07
0.0691756 1.82408 0 166.174 1.50409e-07
0.0691756 1.82408 0 167.176 1.49287e-07
0.0691756 1.82408 0 168.179 1.48186e-07
0.0691756 1.82408 0 169.181 1.47104e-07
0.0691756 1.82408 0 170.184 1.46042e-07
0.0691756 1.82408 0 171.186 1.44998e-07
0.0691756 1.82408 0 172.189 1.43972e-07
0.0691756 1.82408 0 173.191 1.42964e-07
0.0691756 1.82408 0 174.194 1.41973e-07
0.0691756 1.82408 0 175.196 1.40999e-07
0.0691756 1.82408 0 176.199 1.4004e-07
0.0691756 1.82408 0 177.201 1.39097e-07
0.0691756 1.82408 0 178.204 1.38169e-07
0.0691756 1.82408 0 179.206 1.37257e-07
0.0691756 1.82408 0 180.208 1.36358e-07
0.0691756 1.82408 0 181.211 1.35473e-07
0.0691756 1.82408 0 182.213 1.34603e-07
0.0691756 1.82408 0 183.216 1.33745e-07
0.0691756 1.82408 0 184.218 1.329e-07
0.0691756 1.82408 0 185.221 1.32068e-07
0.0691756 1.82408 0 186.223 1.31248e-07
0.0691756 1.82408 0 187.226 1.3044e-07
0.0691756 1.82408 0 188.228 1.29644e-07
0.0691756 1.82408 0 189.231 1.28859e-07
0.0691756 1.82408 0 190.233 1.28085e-07
0.0691756 1.82408 0 191.236 1.27322e-07
0.0691756 1.82408 0 192.238 1.26569e-07
0.0691756 1.82408 0 193.241 1.25827e-07
0.0691756 1.82408 0 194.243 1.25094e-07
0.0691756 1.82408 0 195.246 1.24372e-07
0.0691756 1.82408 0 196.248 1.23659e-07
0.0691756 1.82408 0 197.251 1.22956e-07
0.0691756 1.82408 0 198.253 1.22262e-07
0.0691756 1.82408 0 199.256 1.21576e-07
0.0691756 1.82408 0 200.258 1.209e-07
0.0691756 1.82408 0 201.261 1.20232e-07
0.0691756 1.82408 0 202.263 1.19572e-07
0.0691756 1.82408 0 203.266 1.1892e-07
0.0691756 1.82408 0 204.268 1.18277e-07
0.0691756 1.82408 0 205.271 1.17641e-07
0.0691756 1.82408 0 206.273 1.17013e-07
0.0691756 1.82408 0 207.275 1.16393e-07
0.0691756 1.82408 0 208.278 1.1578e-07
0.0691756 1.82408 0 209.28 1.15174e-07
0.0691756 1.82408 0 210.283 1.14575e-07
0.0691756 1.82408 0 211.285 1.13983e-07
0.0691756 1.82408 0 212.288 1.13398e-07
0.0691756 1.82408 0 213.29 1.12819e-07
0.0691756 1.82408 0 214.293 1.12247e-07
0.0691756 1.82408 0 215.295 1.11682e-07
0.0691756 1.82408 0 216.298 1.11122e-07
0.0691756 1.82408 0 217.3 1.10569e-07
0.0691756 1.82408 0 218.303 1.10021e-07
0.0691756 1.82408 0 219.305 1.0948e-07
0.0691756 1.82408 0 220.308 1.08944e-07
0.0691756 1.82408 0 221.31 1.08414e-07
0.0691756 1.82408 0 222.313 1.0789e-07
0.0691756 1.82408 0 223.315 1.07371e-07
0.0691756 1.82408 0 224.318 1.06857e-07
0.0691756 1.82408 0 225.32 1.06349e-07
0.0691756 1.82408 0 226.323 1.05846e-07
0.0691756 1.82408 0 227.325 1.05348e-07
0.0691756 1.82408 0 228.328 1.04854e-07
0.0691756 1.82408 0 229.33 1.04366e-07
0.0691756 1.82408 0 230.333 1.03883e-07
0.0691756 1.82408 0 231.335 1.03404e-07
0.0691756 1.82408 0 232.338 1.0293e-07
0.0691756 1.82408 0 233.34 1.0246e-07
0.0691756 1.82408 0 234.342 1.01995e-07
0.0691756 1.82408 0 235.345 1.01535e-07
0.0691756 1.82408 0 236.347 1.01078e-07
0.0691756 1.82408 0 237.35 1.00626e-07
0.0691756 1.82408 0 238.352 1.00178e-07
0.0691756 1.82408 0 239.355 9.97343e-08
0.0691756 1.82408 0 240.357 9.92946e-08
0.0691756 1.82408 0 241.36 9.88588e-08
0.0691756 1.82408 0 242.362 9.84269e-08
0.0691756 1.82408 0 243.365 9.79989e-08
0.0691756 1.82408 0 244.367 9.75747e-08
0.0691756 1.82408 0 245.37 9.71542e-08
0.0691756 1.82408 0 246.372 9.67373e-08
0.0691756 1.82408 0 247.375 9.63241e-08
0.0691756 1.82408 0 248.377 9.59145e-08
0.0691756 1.82408 0 249.38 9.55083e-08
0.0691756 1.82408 0 250.382 9.51056e-08
0.0691756 1.82408 0 251.385 9.47063e-08
0.0691756 1.82408 0 252.387 9.43103e-08
0.0691756 1.82408 0 253.39 9.39176e-08
0.0691756 1.82408 0 254.392 9.35281e-08
0.0691756 1.82408 0 255.395 9.31419e-08
0.0691756 1.82408 0 256.397 9.27588e-08
0.0691756 1.82408 0 257.4 9.23788e-08
0.0691756 1.82408 0 258.402 9.20018e-08
0.0691756 1.82408 0 259.405 9.16279e-08
0.0691756 1.82408 0 260.407 9.12569e-08
0.0691756 1.82408 0 261.409 9.08888e-08
0.0691756 1.82408 0 262.412 9.05237e-08
0.0691756 1.82408 0 263.414 9.01613e-08
0.0691756 1.82408 0 264.417 8.98018e-08
0.0691756 1.82408 0 265.419 8.94451e-08
0.0691756 1.82408 0 266.422 8.9091e-08
0.0691756 1.82408 0 267.424 8.87397e-08
0.0691756 1.82408 0 268.427 8.8391e-08
0.0691756 1.82408 0 269.429 8.80449e-08
0.0691756 1.82408 0 270.432 8.77014e-08
0.0691756 1.82408 0 271.434 8.73604e-08
0.0691756 1.82408 0 272.437 8.7022e-08
0.0691756 1.82408 0 273.439 8.6686e-08
0.0691756 1.82408 0 274.442 8.63525e-08
0.0691756 1.82408 0 275.444 8.60214e-08
0.0691756 1.82408 0 276.447 8.56927e-08
0.0691756 1.82408 0 277.449 8.53663e-08
0.0691756 1.82408 0 278.452 8.50422e-08
0.0691756 1.82408 0 279.454 8.47204e-08
0.0691756 1.82408 0 280.457 8.44009e-08
0.0691756 1.82408 0 281.459 8.40836e-08
0.0691756 1.82408 0 282.462 8.37686e-08
0.0691756 1.82408 0 283.464 8.34557e-08
0.0691756 1.82408 0 284.467 8.31449e-08
0.0691756 1.82408 0 285.469 8.28363e-08
0.0691756 1.82408 0 286.472 8.25298e-08
0.0691756 1.82408 0 287.474 8.22253e-08
0.0691756 1.82408 0 288.476 8.19229e-08
0.0691756 1.82408 0 289.479 8.16225e-08
0.0691756 1.82408 0 290.481 8.13241e-08
0.0691756 1.82408 0 291.484 8.10277e-08
0.0691756 1.82408 0 292.486 8.07332e-08
0.0691756 1.82408 0 293.489 8.04407e-08
0.0691756 1.82408 0 294.491 8.01501e-08
0.0691756 1.82408 0 295.494 7.98613e-08
0.0691756 1.82408 0 296.496 7.95744e-08
0.0691756 1.82408 0 297.499 7.92894e-08
0.0691756 1.82408 0 298.501 7.90062e-08
0.0691756 1.82408 0 299.504 7.87247e-08
0.0691756 1.82408 0 300.506 7.84451e-08
0.0691756 1.82408 0 301.509 7.81672e-08
0.0691756 1.82408 0 302.511 7.78911e-08
0.0691756 1.82408 0 303.514 7.76166e-08
0.0691756 1.82408 0 304.516 7.73439e-08
0.0691756 1.82408 0 305.519 7.70728e-08
0.0691756 1.82408 0 306.521 7.68035e-08
0.0691756 1.82408 0 307.524 7.65357e-08
0.0691756 1.82408 0 308.526 7.62696e-08
0.0691756 1.82408 0 309.529 7.60051e-08
0.0691756 1.82408 0 310.531 7.57422e-08
0.0691756 1.82408 0 311.534 7.54809e-08
0.0691756 1.82408 0 312.536 7.52211e-08
0.0691756 1.82408 0 313.538 7.49629e-08
0.0691756 1.82408 0 314.541 7.47062e-08
0.0691756 1.82408 0 315.543 7.4451e-08
0.0691756 1.82408 0 316.546 7.41973e-08
0.0691756 1.82408 0 317.548 7.39451e-08
0.0691756 1.82408 0 318.551 7.36943e-08
0.0691756 1.82408 0 319.553 7.3445e-08
0.0691756 1.82408 0 320.556 7.31972e-08
0.0691756 1.82408 0 321.558 7.29507e-08
0.0691756 1.82408 0 322.561 7.27057e-08
0.0691756 1.82408 0 323.563 7.2462e-08
0.0691756 1.82408 0 324.566 7.22198e-08
0.0691756 1.82408 0 325.568 7.19789e-08
0.0691756 1.82408 0 326.571 7.17394e-08
0.0691756 1.82408 0 327.573 7.15012e-08
0.0691756 1.82408 0 328.576 7.12643e-08
0.0691756 1.82408 0 329.578 7.10287e-08
0.0691756 1.82408 0 330.581 7.07945e-08
0.0691756 1.82408 0 331.583 7.05615e-08
0.0691756 1.82408 0 332.586 7.03298e-08
0.0691756 1.82408 0 333.588 7.00994e-08
0.0691756 1.82408 0 334.591 6.98702e-08
0.0691756 1.82408 0 335.593 6.96423e-08
0.0691756 1.82408 0 336.596 6.94156e-08
0.0691756 1.82408 0 337.598 6.91901e-08
0.0691756 1.82408 0 338.601 6.89658e-08
0.0691756 1.82408 0 339.603 6.87428e-08
0.0691756 1.82408 0 340.605 6.85209e-08
0.0691756 1.82408 0 341.608 6.83002e-08
0.0691756 1.82408 0 342.61 6.80806e-08
0.0691756 1.82408 0 343.613 6.78622e-08
0.0691756 1.82408 0 344.615 6.76449e-08
0.0691756 1.82408 0 345.618 6.74288e-08
0.0691756 1.82408 0 346.62 6.72138e-08
0.0691756 1.82408 0 347.623 6.69999e-08
0.0691756 1.82408 0 348.625 6.67872e-08
0.0691756 1.82408 0 349.628 6.65755e-08
0.0691756 1.82408 0 350.63 6.63649e-08
0.0691756 1.82408 0 351.633 6.61553e-08
0.0691756 1.82408 0 352.635 6.59469e-08
0.0691756 1.82408 0 353.638 6.57395e-08
0.0691756 1.82408 0 354.64 6.55331e-08
0.0691756 1.82408 0 355.643 6.53278e-08
0.0691756 1.82408 0 356.645 6.51235e-08
0.0691756 1.82408 0 357.648 6.49203e-08
0.0691756 1.82408 0 358.65 6.4718e-08
0.0691756 1.82408 0 359.653 6.45168e-08
0.0691756 1.82408 0 360.655 6.43165e-08
0.0691756 1.82408 0 361.658 6.41173e-08
0.0691756 1.82408 0 362.66 6.3919e-08
0.0691756 1.82408 0 363.663 6.37217e-08
0.0691756 1.82408 0 364.665 6.35254e-08
0.0691756 1.82408 0 365.668 6.333e-08
0.0691756 1.82408 0 366.67 6.31355e-08
0.0691756 1.82408 0 367.672 6.2942e-08
0.0691756 1.82408 0 368.675 6.27495e-08
0.0691756 1.82408 0 369.677 6.25579e-08
0.0691756 1.82408 0 370.68 6.23671e-08
0.0691756 1.82408 0 371.682 6.21773e-08
0.0691756 1.82408 0 372.685 6.19884e-08
0.0691756 1.82408 0 373.687 6.18004e-08
0.0691756 1.82408 0 374.69 6.16133e-08
0.0691756 1.82408 0 375.692 6.14271e-08
0.0691756 1.82408 0 376.695 6.12418e-08
0.0691756 1.82408 0 377.697 6.10573e-08
0.0691756 1.82408 0 378.7 6.08737e-08
0.0691756 1.82408 0 379.702 6.06909e-08
0.0691756 1.82408 0 380.705 6.0509e-08
0.0691756 1.82408 0 381.707 6.0328e-08
0.0691756 1.82408 0 382.71 6.01478e-08
0.0691756 1.82408 0 383.712 5.99684e-08
0.0691756 1.82408 0 384.715 5.97898e-08
0.0691756 1.82408 0 385.717 5.96121e-08
0.0691756 1.82408 0 386.72 5.94351e-08
0.0691756 1.82408 0 387.722 5.9259e-08
0.0691756 1.82408 0 388.725 5.90837e-08
0.0691756 1.82408 0 389.727 5.89092e-08
0.0691756 1.82408 0 390.73 5.87354e-08
0.0691756 1.82408 0 391.732 5.85625e-08
0.0691756 1.82408 0 392.735 5.83903e-08
0.0691756 1.82408 0 393.737 5.82189e-08
0.0691756 1.82408 0 394.739 5.80483e-08
0.0691756 1.82408 0 395.742 5.78784e-08
0.0691756 1.82408 0 396.744 5.77093e-08
0.0691756 1.82408 0 397.747 5.75409e-08
0.0691756 1.82408 0 398.749 5.73733e-08
0.0691756 1.82408 0 399.752 5.72064e-08
0.0691756 1.82408 0 400.754 5.70403e-08
0.0691756 1.82408 0 401.757 5.68749e-08
0.0691756 1.82408 0 402.759 5.67102e-08
0.0691756 1.82408 0 403.762 5.65462e-08
0.0691756 1.82408 0 404.764 5.6383e-08
0.0691756 1.82408 0 405.767 5.62205e-08
0.0691756 1.82408 0 406.769 5.60586e-08
0.0691756 1.82408 0 407.772 5.58975e-08
0.0691756 1.82408 0 408.774 5.57371e-08
0.0691756 1.82408 0 409.777 5.55773e-08
0.0691756 1.82408 0 410.779 5.54183e-08
0.0691756 1.82408 0 411.782 5.52599e-08
0.0691756 1.82408 0 412.784 5.51022e-08
0.0691756 1.82408 0 413.787 5.49452e-08
0.0691756 1.82408 0 414.789 5.47888e-08
0.0691756 1.82408 0 415.792 5.46331e-08
0.0691756 1.82408 0 416.794 5.44781e-08
0.0691756 1.82408 0 417.797 5.43237e-08
0.0691756 1.82408 0 418.799 5.417e-08
0.0691756 1.82408 0 419.802 5.40169e-08
0.0691756 1.82408 0 420.804 5.38645e-08
0.0691756 1.82408 0 421.806 5.37127e-08
0.0691756 1.82408 0 422.809 5.35615e-08
0.0691756 1.82408 0 423.811 5.3411e-08
0.0691756 1.82408 0 424.814 5.3261e-08
0.0691756 1.82408 0 425.816 5.31118e-08
0.0691756 1.82408 0 426.819 5.29631e-08
0.0691756 1.82408 0 427.821 5.2815e-08
0.0691756 1.82408 0 428.824 5.26676e-08
0.0691756 1.82408 0 429.826 5.25208e-08
0.0691756 1.82408 0 430.829 5.23745e-08
0.0691756 1.82408 0 431.831 5.22289e-08
0.0691756 1.82408 0 432.834 5.20838e-08
0.0691756 1.82408 0 433.836 5.19394e-08
0.0691756 1.82408 0 434.839 5.17955e-08
0.0691756 1.82408 0 435.841 5.16522e-08
0.0691756 1.82408 0 436.844 5.15096e-08
0.0691756 1.82408 0 437.846 5.13674e-08
0.0691756 1.82408 0 438.849 5.12259e-08
0.0691756 1.82408 0 439.851 5.10849e-08
0.0691756 1.82408 0 440.854 5.09445e-08
0.0691756 1.82408 0 441.856 5.08046e-08
0.0691756 1.82408 0 442.859 5.06653e-08
0.0691756 1.82408 0 443.861 5.05266e-08
0.0691756 1.82408 0 444.864 5.03884e-08
0.0691756 1.82408 0 445.866 5.02508e-08
0.0691756 1.82408 0 446.868 5.01137e-08
0.0691756 1.82408 0 447.871 4.99772e-08
0.0691756 1.82408 0 448.873 4.98412e-08
0.0691756 1.82408 0 449.876 4.97057e-08
0.0691756 1.82408 0 450.878 4.95708e-08
0.0691756 1.82408 0 451.881 4.94364e-08
0.0691756 1.82408 0 452.883 4.93025e-08
0.0691756 1.82408 0 453.886 4.91691e-08
0.0691756 1.82408 0 454.888 4.90363e-08
0.0691756 1.82408 0 455.891 4.8904e-08
0.0691756 1.82408 0 456.893 4.87722e-08
0.0691756 1.82408 0 457.896 4.86409e-08
0.0691756 1.82408 0 458.898 4.85101e-08
0.0691756 1.82408 0 459.901 4.83798e-08
0.0691756 1.82408 0 460.903 4.825e-08
0.0691756 1.82408 0 461.906 4.81208e-08
0.0691756 1.82408 0 462.908 4.7992e-08
0.0691756 1.82408 0 463.911 4.78637e-08
0.0691756 1.82408 0 464.913 4.77359e-08
0.0691756 1.82408 0 465.916 4.76086e-08
0.0691756 1.82408 0 466.918 4.74818e-08
0.0691756 1.82408 0 467.921 4.73555e-08
0.0691756 1.82408 0 468.923 4.72296e-08
0.0691756 1.82408 0 469.926 4.71042e-08
0.0691756 1.82408 0 470.928 4.69793e-08
0.0691756 1.82408 0 471.931 4.68549e-08
0.0691756 1.82408 0 472.933 4.67309e-08
0.0691756 1.82408 0 473.935 4.66075e-08
0.0691756 1.82408 0 474.938 4.64844e-08
0.0691756 1.82408 0 475.94 4.63619e-08
0.0691756 1.82408 0 476.943 4.62398e-08
0.0691756 1.82408 0 477.945 4.61181e-08
0.0691756 1.82408 0 478.948 4.59969e-08
0.0691756 1.82408 0 479.95 4.58762e-08
0.0691756 1.82408 0 480.953 4.57559e-08
0.0691756 1.82408 0 481.955 4.5636e-08
0.0691756 1.82408 0 482.958 4.55166e-08
0.0691756 1.82408 0 483.96 4.53977e-08
0.0691756 1.82408 0 484.963 4.52791e-08
0.0691756 1.82408 0 485.965 4.5161e-08
0.0691756 1.82408 0 486.968 4.50434e-08
0.0691756 1.82408 0 487.97 4.49262e-08
0.0691756 1.82408 0 488.973 4.48094e-08
0.0691756 1.82408 0 489.975 4.4693e-08
0.0691756 1.82408 0 490.978 4.45771e-08
0.0691756 1.82408 0 491.98 4.44616e-08
0.0691756 1.82408 0 492.983 4.43465e-08
0.0691756 1.82408 0 493.985 4.42318e-08
0.0691756 1.82408 0 494.988 4.41176e-08
0.0691756 1.82408 0 495.99 4.40037e-08
0.0691756 1.82408 0 496.993 4.38903e-08
0.0691756 1.82408 0 497.995 4.37773e-08
0.0691756 1.82408 0 498.998 4.36647e-08
0.0691756 1.82408 0 500 4.35525e-08
0.0691756 1.82408 0 100.01 2.96518e-07
0.0691756 1.82408 0 101.012 5.03028e-07
0.0691756 1.82408 0 102.015 4.64632e-07
0.0691756 1.82408 0 103.017 4.269e-07
0.0691756 1.82408 0 104.02 3.99454e-07
0.0691756 1.82408 0 105.022 3.78218e-07
0.0691756 1.82408 0 106.025 3.60937e-07
0.0691756 1.82408 0 107.027 3.46384e-07
0.0691756 1.82408 0 108.03 3.33829e-07
0.0691756 1.82408 0 109.032 3.22799e-07
0.0691756 1.82408 0 110.035 3.12973e-07
0.0691756 1.82408 0 111.037 3.04119e-07
0.0691756 1.82408 0 112.04 2.96069e-07
0.0691756 1.82408 0 113.042 2.88693e-07
0.0691756 1.82408 0 114.045 2.81892e-07
0.0691756 1.82408 0 115.047 2.75587e-07
0.0691756 1.82408 0 116.05 2.69712e-07
0.0691756 1.82408 0 117.052 2.64216e-07
0.0691756 1.82408 0 118.055 2.59056e-07
0.0691756 1.82408 0 119.057 2.54195e-07
0.0691756 1.82408 0 120.06 2.49602e-07
0.0691756 1.82408 0 121.062 2.45251e-07
0.0691756 1.82408 0 122.065 2.41119e-07
0.0691756 1.82408 0 123.067 2.37187e-07
0.0691756 1.82408 0 124.07 2.33438e-07
0.0691756 1.82408 0 125.072 2.29857e-07
0.0691756 1.82408 0 126.075 2.2643e-07
0.0691756 1.82408 0 127.077 2.23146e-07
0.0691756 1.82408 0 128.079 2.19994e-07
0.0691756 1.82408 0 129.082 2.16966e-07
0.0691756 1.82408 0 130.084 2.14052e-07
0.0691756 1.82408 0 131.087 2.11245e-07
0.0691756 1.82408 0 132.089 2.08538e-07
0.0691756 1.82408 0 133.092 2.05925e-07
0.0691756 1.82408 0 134.094 2.034e-07
0.0691756 1.82408 0 135.097 2.00958e-07
0.0691756 1.82408 0 136.099 1.98595e-07
0.0691756 1.82408 0 137.102 1.96306e-07
0.0691756 1.82408 0 138.104 1.94086e-07
0.0691756 1.82408 0 139.107 1.91933e-07
0.0691756 1.82408 0 140.109 1.89843e-07
0.0691756 1.82408 0 141.112 1.87812e-07
0.0691756 1.82408 0 142.114 1.85838e-07
0.0691756 1.82408 0 143.117 1.83919e-07
0.0691756 1.82408 0 144.119 1.8205e-07
0.0691756 1.82408 0 145.122 1.80231e-07
0.0691756 1.82408 0 146.124 1.78459e-07
0.0691756 1.82408 0 147.127 1.76731e-07
0.0691756 1.82408 0 148.129 1.75047e-07
0.0691756 1.82408 0 149.132 1.73403e-07
0.0691756 1.82408 0 150.134 1.71799e-07
0.0691756 1.82408 0 151.137 1.70233e-07
0.0691756 1.82408 0 152.139 1.68703e-07
0.0691756 1.82408 0 153.142 1.67207e-07
0.0691756 1.82408 0 154.144 1.65745e-07
0.0691756 1.82408 0 155.146 1.64316e-07
0.0691756 1.82408 0 156.149 1.62917e-07
0.0691756 1.82408 0 157.151 1.61548e-07
0.0691756 1.82408 0 158.154 1.60208e-07
0.0691756 1.82408 0 159.156 1.58896e-07
0.0691756 1.82408 0 160.159 1.5761e-07
0.0691756 1.82408 0 161.161 1.5635e-07
0.0691756 1.82408 0 162.164 1.55115e-07
0.0691756 1.82408 0 163.166 1.53905e-07
0.0691756 1.82408 0 164.169 1.52717e-07
0.0691756 1.82408 0 165.171 1.51552e-07
0.0691756 1.82408 0 166.174 1.50409e-07
0.0691756 1.82408 0 167.176 1.49287e-07
0.0691756 1.82408 0 168.179 1.48186e-07
0.0691756 1.82408 0 169.181 1.47104e-07
0.0691756 1.82408 0 170.184 1.46042e-07
0.0691756 1.82408 0 171.186 1.44998e-07
0.0691756 1.82408 0 172.189 1.43972e-07
0.0691756 1.82408 0 173.191 1.42964e-07
0.0691756 1.82408 0 174.194 1.41973e-07
0.0691756 1.82408 0 175.196 1.40999e-07
0.0691756 1.82408 0 176.199 1.4004e-07
0.0691756 1.82408 0 177.201 1.39097e-07
0.0691756 1.82408 0 178.204 1.38169e-07
0.0691756 1.82408 0 179.206 1.37257e-07
0.0691756 1.82408 0 180.208 1.36358e-07
0.0691756 1.82408 0 181.211 1.35473e-07
0.0691756 1.82408 0 182.213 1.34603e-07
0.0691756 1.82408 0 183.216 1.33745e-07
0.0691756 1.82408 0 184.218 1.329e-07
0.0691756 1.82408 0 185.221 1.32068e-07
0.0691756 1.82408 0 186.223 1.31248e-07
0.0691756 1.82408 0 187.226 1.3044e-07
0.0691756 1.82408 0 188.228 1.29644e-07
0.0691756 1.82408 0 189.231 1.28859e-07
0.0691756 1.82408 0 190.233 1.28085e-07
0.0691756 1.82408 0 191.236 1.27322e-07
0.0691756 1.82408 0 192.238 1.26569e-07
0.0691756 1.82408 0 193.241 1.25827e-07
0.0691756 1.82408 0 194.243 1.25094e-07
0.0691756 1.82408 0 195.246 1.24372e-07
0.0691756 1.82408 0 196.248 1.23659e-07
0.0691756 1.82408 0 197.251 1.22956e-07
0.0691756 1.82408 0 198.253 1.22262e-07
0.0691756 1.82408 0 199.256 1.21576e-07
0.0691756 1.82408 0 200.258 1.209e-07
0.0691756 1.82408 0 201.261 1.20232e-07
0.0691756 1.82408 0 202.263 1.19572e-07
0.0691756 1.82408 0 203.266 1.1892e-07
0.0691756 1.82408 0 204.268 1.18277e-07
0.0691756 1.82408 0 205.271 1.17641e-07
0.0691756 1.82408 0 206.273 1.17013e-07
0.0691756 1.82408 0 207.275 1.16393e-07
0.0691756 1.82408 0 208.278 1.1578e-07
0.0691756 1.82408 0 209.28 1.15174e-07
0.0691756 1.82408 0 210.283 1.14575e-07
0.0691756 1.82408 0 211.285 1.13983e-07
0.0691756 1.82408 0 212.288 1.13398e-07
0.0691756 1.82408 0 213.29 1.12819e-07
0.0691756 1.82408 0 214.293 1.12247e-07
0.0691756 1.82408 0 215.295 1.11682e-07
0.0691756 1.82408 0 216.298 1.11122e-07
0.0691756 1.82408 0 217.3 1.10569e-07
0.0691756 1.82408 0 218.303 1.10021e-07
0.0691756 1.82408 0 219.305 1.0948e-07
0.0691756 1.82408 0 220.308 1.08944e-07
0.0691756 1.82408 0 221.31 1.08414e-07
0.0691756 1.82408 0 222.313 1.0789e-07
0.0691756 1.82408 0 223.315 1.07371e-07
0.0691756 1.82408 0 224.318 1.06857e-07
0.0691756 1.82408 0 225.32 1.06349e-07
0.0691756 1.82408 0 226.323 1.05846e-07
0.0691756 1.82408 0 227.325 1.05348e-07
0.0691756 1.82408 0 228.328 1.04854e-07
0.0691756 1.82408 0 229.33 1.04366e-07
0.0691756 1.82408 0 230.333 1.03883e-07
0.0691756 1.82408 0 231.335 1.03404e-07
0.0691756 1.82408 0 232.338 1.0293e-07
0.0691756 1.82408 0 233.34 1.0246e-07
0.0691756 1.82408 0 234.342 1.01995e-07
0.0691756 1.82408 0 235.345 1.01535e-07
0.0691756 1.82408 0 236.347 1.01078e-07
0.0691756 1.82408 0 237.35 1.00626e-07
0.0691756 1.82408 0 238.352 1.00178e-07
0.0691756 1.82408 0 239.355 9.97343e-08
0.0691756 1.82408 0 240.357 9.92946e-08
0.0691756 1.82408 0 241.36 9.88588e-08
0.0691756 1.82408 0 242.362 9.84269e-08
0.0691756 1.82408 0 243.365 9.79989e-08
0.0691756 1.82408 0 244.367 9.75747e-08
0.0691756 1.82408 0 245.37 9.71542e-08
0.0691756 1.82408 0 246.372 9.67373e-08
0.0691756 1.82408 0 247.375 9.63241e-08
0.0691756 1.82408 0 248.377 9.59145e-08
0.0691756 1.82408 0 249.38 9.55083e-08
0.0691756 1.82408 0 250.382 9.51056e-08
0.0691756 1.82408 0 251.385 9.47063e-08
0.0691756 1.82408 0 252.387 9.43103e-08
0.0691756 1.82408 0 253.39 9.39176e-08
0.0691756 1.82408 0 254.392 9.35281e-08
0.0691756 1.82408 0 255.395 9.31419e-08
0.0691756 1.82408 0 256.397 9.27588e-08
0.0691756 1.82408 0 257.4 9.23788e-08
0.0691756 1.82408 0 258.402 9.20018e-08
0.0691756 1.82408 0 259.405 9.16279e-08
0.0691756 1.82408 0 260.407 9.12569e-08
0.0691756 1.82408 0 261.409 9.08888e-08
0.0691756 1.82408 0 262.412 9.05237e-08
0.0691756 1.82408 0 263.414 9.01613e-08
0.0691756 1.82408 0 264.417 8.98018e-08
0.0691756 1.82408 0 265.419 8.94451e-08
0.0691756 1.82408 0 266.422 8.9091e-08
0.0691756 1.82408 0 267.424 8.87397e-08
0.0691756 1.82408 0 268.427 8.8391e-08
0.0691756 1.82408 0 269.429 8.80449e-08
0.0691756 1.82408 0 270.432 8.77014e-08
0.0691756 1.82408 0 271.434 8.73604e-08
0.0691756 1.82408 0 272.437 8.7022e-08
0.0691756 1.82408 0 273.439 8.6686e-08
0.0691756 1.82408 0 274.442 8.63525e-08
0.0691756 1.82408 0 275.444 8.60214e-08
0.0691756 1.82408 0 276.447 8.56927e-08
0.0691756 1.82408 0 277.449 8.53663e-08
0.0691756 1.82408 0 278.452 8.50422e-08
0.0691756 1.82408 0 279.454 8.47204e-08
0.0691756 1.82408 0 280.457 8.44009e-08
0.0691756 1.82408 0 281.459 8.40836e-08
0.0691756 1.82408 0 282.462 8.37686e-08
0.0691756 1.82408 0 283.464 8.34557e-08
0.0691756 1.82408 0 284.467 8.31449e-08
0.0691756 1.82408 0 285.469 8.28363e-08
0.0691756 1.82408 0 286.472 8.25298e-08
0.0691756 1.82408 0 287.474 8.22253e-08
0.0691756 1.82408 0 288.476 8.19229e-08
0.0691756 1.82408 0 289.479 8.16225e-08
0.0691756 1.82408 0 290.481 8.13241e-08
0.0691756 1.82408 0 291.484 8.10277e-08
0.0691756 1.82408 0 292.486 8.07332e-08
0.0691756 1.82408 0 293.489 8.04407e-08
0.0691756 1.82408 0 294.491 8.01501e-08
0.0691756 1.82408 0 295.494 7.98613e-08
0.0691756 1.82408 0 296.496 7.95744e-08
0.0691756 1.82408 0 297.499 7.92894e-08
0.0691756 1.82408 0 298.501 7.90062e-08
0.0691756 1.82408 0 299.504 7.87247e-08
0.0691756 1.82408 0 300.506 7.84451e-08
0.0691756 1.82408 0 301.509 7.81672e-08
0.0691756 1.82408 0 302.511 7.78911e-08
0.0691756 1.82408 0 303.514 7.76166e-08
0.0691756 1.82408 0 304.516 7.73439e-08
0.0691756 1.82408 0 305.519 7.70728e-08
0.0691756 1.82408 0 306.521 7.68035e-08
0.0691756 1.82408 0 307.524 7.65357e-08
0.0691756 1.82408 0 308.526 7.62696e-08
0.0691756 1.82408 0 309.529 7.60051e-08
0.0691756 1.82408 0 310.531 7.57422e-08
0.0691756 1.82408 0 311.534 7.54809e-08
0.0691756 1.82408 0 312.536 7.52211e-08
0.0691756 1.82408 0 313.538 7.49629e-08
0.0691756 1.82408 0 314.541 7.47062e-08
0.0691756 1.82408 0 315.543 7.4451e-08
0.0691756 1.82408 0 316.546 7.41973e-08
0.0691756 1.82408 0 317.548 7.39451e-08
0.0691756 1.82408 0 318.551 7.36943e-08
0.0691756 1.82408 0 319.553 7.3445e-08
0.0691756 1.82408 0 320.556 7.31972e-08
0.0691756 1.82408 0 321.558 7.29507e-08
0.0691756 1.82408 0 322.561 7.27057e-08
0.0691756 1.82408 0 323.563 7.2462e-08
0.0691756 1.82408 0 324.566 7.22198e-08
0.0691756 1.82408 0 325.568 7.19789e-08
0.0691756 1.82408 0 326.571 7.17394e-08
0.0691756 1.82408 0 327.573 7.15012e-08
0.0691756 1.82408 0 328.576 7.12643e-08
0.0691756 1.82408 0 329.578 7.10287e-08
0.0691756 1.82408 0 330.581 7.07945e-08
0.0691756 1.82408 0 331.583 7.05615e-08
0.0691756 1.82408 0 332.586 7.03298e-08
0.0691756 1.82408 0 333.588 7.00994e-08
0.0691756 1.82408 0 334.591 6.98702e-08
0.0691756 1.82408 0 335.593 6.96423e-08
0.0691756 1.82408 0 336.596 6.94156e-08
0.0691756 1.82408 0 337.598 6.91901e-08
0.0691756 1.82408 0 338.601 6.89658e-08
0.0691756 1.82408 0 339.603 6.87428e-08
0.0691756 1.82408 0 340.605 6.85209e-08
0.0691756 1.82408 0 341.608 6.83002e-08
0.0691756 1.82408 0 342.61 6.80806e-08
0.0691756 1.82408 0 343.613 6.78622e-08
0.0691756 1.82408 0 344.615 6.76449e-08
0.0691756 1.82408 0 345.618 6.74288e-08
0.0691756 1.82408 0 346.62 6.72138e-08
0.0691756 1.82408 0 347.623 6.69999e-08
0.0691756 1.82408 0 348.625 6.67872e-08
0.0691756 1.82408 0 349.628 6.65755e-08
0.0691756 1.82408 0 350.63 6.63649e-08
0.0691756 1.82408 0 351.633 6.61553e-08
0.0691756 1.82408 0 352.635 6.59469e-08
0.0691756 1.82408 0 353.638 6.57395e-08
0.0691756 1.82408 0 354.64 6.55331e-08
0.0691756 1.82408 0 355.643 6.53278e-08
0.0691756 1.82408 0 356.645 6.51235e-08
0.0691756 1.82408 0 357.648 6.49203e-08
0.0691756 1.82408 0 358.65 6.4718e-08
0.0691756 1.82408 0 359.653 6.45168e-08
0.0691756 1.82408 0 360.655 6.43165e-08
0.0691756 1.82408 0 361.658 6.41173e-08
0.0691756 1.82408 0 362.66 6.3919e-08
0.0691756 1.82408 0 363.663 6.37217e-08
0.0691756 1.82408 0 364.665 6.35254e-08
0.0691756 1.82408 0 365.668 6.333e-08
0.0691756 1.82408 0 366.67 6.31355e-08
0.0691756 1.82408 0 367.672 6.2942e-08
0.0691756 1.82408 0 368.675 6.27495e-08
0.0691756 1.82408 0 369.677 6.25579e-08
0.0691756 1.82408 0 370.68 6.23671e-08
0.0691756 1.82408 0 371.682 6.21773e-08
0.0691756 1.82408 0 372.685 6.19884e-08
0.0691756 1.82408 0 373.687 6.18004e-08
0.0691756 1.82408 0 374.69 6.16133e-08
0.0691756 1.82408 0 375.692 6.14271e-08
0.0691756 1.82408 0 376.695 6.12418e-08
0.0691756 1.82408 0 377.697 6.10573e-08
0.0691756 1.82408 0 378.7 6.08737e-08
0.0691756 1.82408 0 379.702 6.06909e-08
0.0691756 1.82408 0 380.705 6.0509e-08
0.0691756 1.82408 0 381.707 6.0328e-08
0.0691756 1.82408 0 382.71 6.01478e-08
0.0691756 1.82408 0 383.712 5.99684e-08
0.0691756 1.82408 0 384.715 5.97898e-08
0.0691756 1.82408 0 385.717 5.96121e-08
0.0691756 1.82408 0 386.72 5.94351e-08
0.0691756 1.82408 0 387.722 5.9259e-08
0.0691756 1.82408 0 388.725 5.90837e-08
0.0691756 1.82408 0 389.727 5.89092e-08
0.0691756 1.82408 0 390.73 5.87354e-08
0.0691756 1.82408 0 391.732 5.85625e-08
0.0691756 1.82408 0 392.735 5.83903e-08
0.0691756 1.82408 0 393.737 5.82189e-08
0.0691756 1.82408 0 394.739 5.80483e-08
0.0691756 1.82408 0 395.742 5.78784e-08
0.0691756 1.82408 0 396.744 5.77093e-08
0.0691756 1.82408 0 397.747 5.75409e-08
0.0691756 1.82408 0 398.749 5.73733e-08
0.0691756 1.82408 0 399.752 5.72064e-08
0.0691756 1.82408 0 400.754 5.70403e-08
0.0691756 1.82408 0 401.757 5.68749e-08
0.0691756 1.82408 0 402.759 5.67102e-08
0.0691756 1.82408 0 403.762 5.65462e-08
0.0691756 1.82408 0 404.764 5.6383e-08
0.0691756 1.82408 0 405.767 5.62205e-08
0.0691756 1.82408 0 406.769 5.60586e-08
0.0691756 1.82408 0 407.772 5.58975e-08
0.0691756 1.82408 0 408.774 5.57371e-08
0.0691756 1.82408 0 409.777 5.55773e-08
0.0691756 1.82408 0 410.779 5.54183e-08
0.0691756 1.82408 0 411.782 5.52599e-08
0.0691756 1.82408 0 412.784 5.51022e-08
0.0691756 1.82408 0 413.787 5.49452e-08
0.0691756 1.82408 0 414.789 5.47888e-08
0.0691756 1.82408 0 415.792 5.46331e-08
0.0691756 1.82408 0 416.794 5.44781e-08
0.0691756 1.82408 0 417.797 5.43237e-08
0.0691756 1.82408 0 418.799 5.417e-08
0.0691756 1.82408 0 419.802 5.40169e-08
0.0691756 1.82408 0 420.804 5.38645e-08
0.0691756 1.82408 0 421.806 5.37127e-08
0.0691756 1.82408 0 422.809 5.35615e-08
0.0691756 1.82408 0 423.811 5.3411e-08
0.0691756 1.82408 0 424.814 5.3261e-08
0.0691756 1.82408 0 425.816 5.31118e-08
0.0691756 1.82408 0 426.819 5.29631e-08
0.0691756 1.82408 0 427.821 5.2815e-08
0.0691756 1.82408 0 428.824 5.26676e-08
0.0691756 1.82408 0 429.826 5.25208e-08
0.0691756 1.82408 0 430.829 5.23745e-08
0.0691756 1.82408 0 431.831 5.22289e-08
0.0691756 1.82408 0 432.834 5.20838e-08
0.0691756 1.82408 0 433.836 5.19394e-08
0.0691756 1.82408 0 434.839 5.17955e-08
0.0691756 1.82408 0 435.841 5.16522e-08
0.0691756 1.82408 0 436.844 5.15096e-08
0.0691756 1.82408 0 437.846 5.13674e-08
0.0691756 1.82408 0 438.849 5.12259e-08
0.0691756 1.82408 0 439.851 5.10849e-08
0.0691756 1.82408 0 440.854 5.09445e-08
0.0691756 1.82408 0 441.856 5.08046e-08
0.0691756 1.82408 0 442.859 5.06653e-08
0.0691756 1.82408 0 443.861 5.05266e-08
0.0691756 1.82408 0 444.864 5.03884e-08
0.0691756 1.82408 0 445.866 5.02508e-08
0.0691756 1.82408 0 446.868 5.01137e-08
0.0691756 1.82408 0 447.871 4.99772e-08
0.0691756 1.82408 0 448.873 4.98412e-08
0.0691756 1.82408 0 449.876 4.97057e-08
0.0691756 1.82408 0 450.878 4.95708e-08
0.0691756 1.82408 0 451.881 4.94364e-08
0.0691756 1.82408 0 452.883 4.93025e-08
0.0691756 1.82408 0 453.886 4.91691e-08
0.0691756 1.82408 0 454.888 4.90363e-08
0.0691756 1.82408 0 455.891 4.8904e-08
0.0691756 1.82408 0 456.893 4.87722e-08
0.0691756 1.82408 0 457.896 4.86409e-08
0.0691756 1.82408 0 458.898 4.85101e-08
0.0691756 1.82408 0 459.901 4.83798e-08
0.0691756 1.82408 0 460.903 4.825e-08
0.0691756 1.82408 0 461.906 4.81208e-08
0.0691756 1.82408 0 462.908 4.7992e-08
0.0691756 1.82408 0 463.911 4.78637e-08
0.0691756 1.82408 0 464.913 4.77359e-08
0.0691756 1.82408 0 465.916 4.76086e-08
0.0691756 1.82408 0 466.918 4.74818e-08
0.0691756 1.82408 0 467.921 4.73555e-08
0.0691756 1.82408 0 468.923 4.72296e-08
0.0691756 1.82408 0 469.926 4.71042e-08
0.0691756 1.82408 0 470.928 4.69793e-08
0.0691756 1.82408 0 471.931 4.68549e-08
0.0691756 1.82408 0 472.933 4.67309e-08
0.0691756 1.82408 0 473.935 4.66075e-08
0.0691756 1.82408 0 474.938 4.64844e-08
0.0691756 1.82408 0 475.94 4.63619e-08
0.0691756 1.82408 0 476.943 4.62398e-08
0.0691756 1.82408 0 477.945 4.61181e-08
0.0691756 1.82408 0 478.948 4.59969e-08
0.0691756 1.82408 0 479.95 4.58762e-08
0.0691756 1.82408 0 480.953 4.57559e-08
0.0691756 1.82408 0 481.955 4.5636e-08
0.0691756 1.82408 0 482.958 4.55166e-08
0.0691756 1.82408 0 483.96 4.53977e-08
0.0691756 1.82408 0 484.963 4.52791e-08
0.0691756 1.82408 0 485.965 4.5161e-08
0.0691756 1.82408 0 486.968 4.50434e-08
0.0691756 1.82408 0 487.97 4.49262e-08
0.0691756 1.82408 0 488.973 4.48094e-08
0.0691756 1.82408 0 489.975 4.4693e-08
0.0691756 1.82408 0 490.978 4.45771e-08
0.0691756 1.82408 0 491.98 4.44616e-08
0.0691756 1.82408 0 492.983 4.43465e-08
0.0691756 1.82408 0 493.985 4.42318e-08
0.0691756 1.82408 0 494.988 4.41176e-08
0.0691756 1.82408 0 495.99 4.40037e-08
0.0691756 1.82408 0 496.993 4.38903e-08
0.0691756 1.82408 0 497.995 4.37773e-08
0.0691756 1.82408 0 498.998 4.36647e-08
0.0691756 1.82408 0 500 4.35525e-08
