4.62071 1.4382 0 150.015 9.47312e-06
4.62071 1.4382 0 151.017 1.54373e-05
4.62071 1.4382 0 152.02 1.3829e-05
4.62071 1.4382 0 153.022 1.20011e-05
4.62071 1.4382 0 154.025 1.05735e-05
4.62071 1.4382 0 155.027 9.42974e-06
4.62071 1.4382 0 156.03 8.4826e-06
4.62071 1.4382 0 157.032 7.67973e-06
4.62071 1.4382 0 158.035 6.98772e-06
4.62071 1.4382 0 159.037 6.38376e-06
4.62071 1.4382 0 160.04 5.85151e-06
4.62071 1.4382 0 161.042 5.37877e-06
4.62071 1.4382 0 162.045 4.95617e-06
4.62071 1.4382 0 163.047 4.57637e-06
4.62071 1.4382 0 164.05 4.23345e-06
4.62071 1.4382 0 165.052 3.92262e-06
4.62071 1.4382 0 166.054 3.6399e-06
4.62071 1.4382 0 167.057 3.38198e-06
4.62071 1.4382 0 168.059 3.14605e-06
4.62071 1.4382 0 169.062 2.92973e-06
4.62071 1.4382 0 170.064 2.73095e-06
4.62071 1.4382 0 171.067 2.54795e-06
4.62071 1.4382 0 172.069 2.37918e-06
4.62071 1.4382 0 173.072 2.22329e-06
4.62071 1.4382 0 174.074 2.07908e-06
4.62071 1.4382 0 175.077 1.9455e-06
4.62071 1.4382 0 176.079 1.82162e-06
4.62071 1.4382 0 177.082 1.70661e-06
4.62071 1.4382 0 178.084 1.59971e-06
4.62071 1.4382 0 179.087 1.50026e-06
4.62071 1.4382 0 180.089 1.40766e-06
4.62071 1.4382 0 181.092 1.32136e-06
4.62071 1.4382 0 182.094 1.24087e-06
4.62071 1.4382 0 183.096 1.16574e-06
4.62071 1.4382 0 184.099 1.09558e-06
4.62071 1.4382 0 185.101 1.03e-06
4.62071 1.4382 0 186.104 9.68677e-07
4.62071 1.4382 0 187.106 9.11295e-07
4.62071 1.4382 0 188.109 8.57575e-07
4.62071 1.4382 0 189.111 8.07256e-07
4.62071 1.4382 0 190.114 7.601e-07
4.62071 1.4382 0 191.116 7.15888e-07
4.62071 1.4382 0 192.119 6.74418e-07
4.62071 1.4382 0 193.121 6.35504e-07
4.62071 1.4382 0 194.124 5.98975e-07
4.62071 1.4382 0 195.126 5.64671e-07
4.62071 1.4382 0 196.129 5.32445e-07
4.62071 1.4382 0 197.131 5.02161e-07
4.62071 1.4382 0 198.133 4.73692e-07
4.62071 1.4382 0 199.136 4.46922e-07
4.62071 1.4382 0 200.138 4.21742e-07
4.62071 1.4382 0 201.141 3.9805e-07
4.62071 1.4382 0 202.143 3.75753e-07
4.62071 1.4382 0 203.146 3.54762e-07
4.62071 1.4382 0 204.148 3.34997e-07
4.62071 1.4382 0 205.151 3.16381e-07
4.62071 1.4382 0 206.153 2.98844e-07
4.62071 1.4382 0 207.156 2.82318e-07
4.62071 1.4382 0 208.158 2.66743e-07
4.62071 1.4382 0 209.161 2.52061e-07
4.62071 1.4382 0 210.163 2.38218e-07
4.62071 1.4382 0 211.166 2.25163e-07
4.62071 1.4382 0 212.168 2.12849e-07
4.62071 1.4382 0 213.171 2.01232e-07
4.62071 1.4382 0 214.173 1.90271e-07
4.62071 1.4382 0 215.175 1.79926e-07
4.62071 1.4382 0 216.178 1.70163e-07
4.62071 1.4382 0 217.18 1.60946e-07
4.62071 1.4382 0 218.183 1.52243e-07
4.62071 1.4382 0 219.185 1.44025e-07
4.62071 1.4382 0 220.188 1.36264e-07
4.62071 1.4382 0 221.19 1.28933e-07
4.62071 1.4382 0 222.193 1.22008e-07
4.62071 1.4382 0 223.195 1.15465e-07
4.62071 1.4382 0 224.198 1.09282e-07
4.62071 1.4382 0 225.2 1.03438e-07
4.62071 1.4382 0 226.203 9.79157e-08
4.62071 1.4382 0 227.205 9.26951e-08
4.62071 1.4382 0 228.208 8.77597e-08
4.62071 1.4382 0 229.21 8.30934e-08
4.62071 1.4382 0 230.212 7.8681e-08
4.62071 1.4382 0 231.215 7.45083e-08
4.62071 1.4382 0 232.217 7.05619e-08
4.62071 1.4382 0 233.22 6.68291e-08
4.62071 1.4382 0 234.222 6.3298e-08
4.62071 1.4382 0 235.225 5.99574e-08
4.62071 1.4382 0 236.227 5.67968e-08
4.62071 1.4382 0 237.23 5.38061e-08
4.62071 1.4382 0 238.232 5.09761e-08
4.62071 1.4382 0 239.235 4.82978e-08
4.62071 1.4382 0 240.237 4.57629e-08
4.62071 1.4382 0 241.24 4.33636e-08
4.62071 1.4382 0 242.242 4.10924e-08
4.62071 1.4382 0 243.245 3.89422e-08
4.62071 1.4382 0 244.247 3.69066e-08
4.62071 1.4382 0 245.25 3.49793e-08
4.62071 1.4382 0 246.252 3.31543e-08
4.62071 1.4382 0 247.254 3.14261e-08
4.62071 1.4382 0 248.257 2.97895e-08
4.62071 1.4382 0 249.259 2.82395e-08
4.62071 1.4382 0 250.262 2.67714e-08
4.62071 1.4382 0 251.264 2.53808e-08
4.62071 1.4382 0 252.267 2.40636e-08
4.62071 1.4382 0 253.269 2.28158e-08
4.62071 1.4382 0 254.272 2.16336e-08
4.62071 1.4382 0 255.274 2.05136e-08
4.62071 1.4382 0 256.277 1.94524e-08
4.62071 1.4382 0 257.279 1.84469e-08
4.62071 1.4382 0 258.282 1.74941e-08
4.62071 1.4382 0 259.284 1.65911e-08
4.62071 1.4382 0 260.287 1.57354e-08
4.62071 1.4382 0 261.289 1.49244e-08
4.62071 1.4382 0 262.291 1.41558e-08
4.62071 1.4382 0 263.294 1.34272e-08
4.62071 1.4382 0 264.296 1.27366e-08
4.62071 1.4382 0 265.299 1.2082e-08
4.62071 1.4382 0 266.301 1.14614e-08
4.62071 1.4382 0 267.304 1.08731e-08
4.62071 1.4382 0 268.306 1.03153e-08
4.62071 1.4382 0 269.309 9.78651e-09
4.62071 1.4382 0 270.311 9.28512e-09
4.62071 1.4382 0 271.314 8.8097e-09
4.62071 1.4382 0 272.316 8.3589e-09
4.62071 1.4382 0 273.319 7.93142e-09
4.62071 1.4382 0 274.321 7.52604e-09
4.62071 1.4382 0 275.324 7.1416e-09
4.62071 1.4382 0 276.326 6.777e-09
4.62071 1.4382 0 277.329 6.43121e-09
4.62071 1.4382 0 278.331 6.10324e-09
4.62071 1.4382 0 279.333 5.79217e-09
4.62071 1.4382 0 280.336 5.49711e-09
4.62071 1.4382 0 281.338 5.21723e-09
4.62071 1.4382 0 282.341 4.95174e-09
4.62071 1.4382 0 283.343 4.69988e-09
4.62071 1.4382 0 284.346 4.46096e-09
4.62071 1.4382 0 285.348 4.23429e-09
4.62071 1.4382 0 286.351 4.01925e-09
4.62071 1.4382 0 287.353 3.81522e-09
4.62071 1.4382 0 288.356 3.62165e-09
4.62071 1.4382 0 289.358 3.43798e-09
4.62071 1.4382 0 290.361 3.26371e-09
4.62071 1.4382 0 291.363 3.09835e-09
4.62071 1.4382 0 292.366 2.94144e-09
4.62071 1.4382 0 293.368 2.79254e-09
4.62071 1.4382 0 294.37 2.65124e-09
4.62071 1.4382 0 295.373 2.51714e-09
4.62071 1.4382 0 296.375 2.38989e-09
4.62071 1.4382 0 297.378 2.26912e-09
4.62071 1.4382 0 298.38 2.1545e-09
4.62071 1.4382 0 299.383 2.04571e-09
4.62071 1.4382 0 300.385 1.94246e-09
4.62071 1.4382 0 301.388 1.84446e-09
4.62071 1.4382 0 302.39 1.75144e-09
4.62071 1.4382 0 303.393 1.66315e-09
4.62071 1.4382 0 304.395 1.57934e-09
4.62071 1.4382 0 305.398 1.49978e-09
4.62071 1.4382 0 306.4 1.42426e-09
4.62071 1.4382 0 307.403 1.35257e-09
4.62071 1.4382 0 308.405 1.28452e-09
4.62071 1.4382 0 309.408 1.21991e-09
4.62071 1.4382 0 310.41 1.15857e-09
4.62071 1.4382 0 311.412 1.10034e-09
4.62071 1.4382 0 312.415 1.04505e-09
4.62071 1.4382 0 313.417 9.92563e-10
4.62071 1.4382 0 314.42 9.42726e-10
4.62071 1.4382 0 315.422 8.95408e-10
4.62071 1.4382 0 316.425 8.5048e-10
4.62071 1.4382 0 317.427 8.0782e-10
4.62071 1.4382 0 318.43 7.67314e-10
4.62071 1.4382 0 319.432 7.28851e-10
4.62071 1.4382 0 320.435 6.92327e-10
4.62071 1.4382 0 321.437 6.57645e-10
4.62071 1.4382 0 322.44 6.24711e-10
4.62071 1.4382 0 323.442 5.93436e-10
4.62071 1.4382 0 324.445 5.63735e-10
4.62071 1.4382 0 325.447 5.3553e-10
4.62071 1.4382 0 326.449 5.08743e-10
4.62071 1.4382 0 327.452 4.83304e-10
4.62071 1.4382 0 328.454 4.59145e-10
4.62071 1.4382 0 329.457 4.36199e-10
4.62071 1.4382 0 330.459 4.14407e-10
4.62071 1.4382 0 331.462 3.93709e-10
4.62071 1.4382 0 332.464 3.7405e-10
4.62071 1.4382 0 333.467 3.55378e-10
4.62071 1.4382 0 334.469 3.37643e-10
4.62071 1.4382 0 335.472 3.20798e-10
4.62071 1.4382 0 336.474 3.04797e-10
4.62071 1.4382 0 337.477 2.89599e-10
4.62071 1.4382 0 338.479 2.75162e-10
4.62071 1.4382 0 339.482 2.61449e-10
4.62071 1.4382 0 340.484 2.48422e-10
4.62071 1.4382 0 341.487 2.36048e-10
4.62071 1.4382 0 342.489 2.24292e-10
4.62071 1.4382 0 343.491 2.13126e-10
4.62071 1.4382 0 344.494 2.02517e-10
4.62071 1.4382 0 345.496 1.92439e-10
4.62071 1.4382 0 346.499 1.82865e-10
4.62071 1.4382 0 347.501 1.7377e-10
4.62071 1.4382 0 348.504 1.65129e-10
4.62071 1.4382 0 349.506 1.56919e-10
4.62071 1.4382 0 350.509 1.4912e-10
4.62071 1.4382 0 351.511 1.4171e-10
4.62071 1.4382 0 352.514 1.3467e-10
4.62071 1.4382 0 353.516 1.27981e-10
4.62071 1.4382 0 354.519 1.21625e-10
4.62071 1.4382 0 355.521 1.15587e-10
4.62071 1.4382 0 356.524 1.0985e-10
4.62071 1.4382 0 357.526 1.04398e-10
4.62071 1.4382 0 358.528 9.92187e-11
4.62071 1.4382 0 359.531 9.4297e-11
4.62071 1.4382 0 360.533 8.96205e-11
4.62071 1.4382 0 361.536 8.51768e-11
4.62071 1.4382 0 362.538 8.09543e-11
4.62071 1.4382 0 363.541 7.6942e-11
4.62071 1.4382 0 364.543 7.31293e-11
4.62071 1.4382 0 365.546 6.95063e-11
4.62071 1.4382 0 366.548 6.60635e-11
4.62071 1.4382 0 367.551 6.27918e-11
4.62071 1.4382 0 368.553 5.96828e-11
4.62071 1.4382 0 369.556 5.67283e-11
4.62071 1.4382 0 370.558 5.39206e-11
4.62071 1.4382 0 371.561 5.12524e-11
4.62071 1.4382 0 372.563 4.87167e-11
4.62071 1.4382 0 373.566 4.63069e-11
4.62071 1.4382 0 374.568 4.40167e-11
4.62071 1.4382 0 375.57 4.18402e-11
4.62071 1.4382 0 376.573 3.97717e-11
4.62071 1.4382 0 377.575 3.78058e-11
4.62071 1.4382 0 378.578 3.59374e-11
4.62071 1.4382 0 379.58 3.41617e-11
4.62071 1.4382 0 380.583 3.2474e-11
4.62071 1.4382 0 381.585 3.087e-11
4.62071 1.4382 0 382.588 2.93454e-11
4.62071 1.4382 0 383.59 2.78964e-11
4.62071 1.4382 0 384.593 2.65192e-11
4.62071 1.4382 0 385.595 2.52102e-11
4.62071 1.4382 0 386.598 2.3966e-11
4.62071 1.4382 0 387.6 2.27835e-11
4.62071 1.4382 0 388.603 2.16594e-11
4.62071 1.4382 0 389.605 2.0591e-11
4.62071 1.4382 0 390.607 1.95755e-11
4.62071 1.4382 0 391.61 1.86102e-11
4.62071 1.4382 0 392.612 1.76926e-11
4.62071 1.4382 0 393.615 1.68204e-11
4.62071 1.4382 0 394.617 1.59914e-11
4.62071 1.4382 0 395.62 1.52033e-11
4.62071 1.4382 0 396.622 1.44542e-11
4.62071 1.4382 0 397.625 1.37421e-11
4.62071 1.4382 0 398.627 1.30652e-11
4.62071 1.4382 0 399.63 1.24217e-11
4.62071 1.4382 0 400.632 1.181e-11
4.62071 1.4382 0 401.635 1.12286e-11
4.62071 1.4382 0 402.637 1.06758e-11
4.62071 1.4382 0 403.64 1.01503e-11
4.62071 1.4382 0 404.642 9.65077e-12
4.62071 1.4382 0 405.645 9.17588e-12
4.62071 1.4382 0 406.647 8.72442e-12
4.62071 1.4382 0 407.649 8.29523e-12
4.62071 1.4382 0 408.652 7.88722e-12
4.62071 1.4382 0 409.654 7.49933e-12
4.62071 1.4382 0 410.657 7.13056e-12
4.62071 1.4382 0 411.659 6.77998e-12
4.62071 1.4382 0 412.662 6.44667e-12
4.62071 1.4382 0 413.664 6.1298e-12
4.62071 1.4382 0 414.667 5.82854e-12
4.62071 1.4382 0 415.669 5.54213e-12
4.62071 1.4382 0 416.672 5.26982e-12
4.62071 1.4382 0 417.674 5.01093e-12
4.62071 1.4382 0 418.677 4.76479e-12
4.62071 1.4382 0 419.679 4.53077e-12
4.62071 1.4382 0 420.682 4.30827e-12
4.62071 1.4382 0 421.684 4.09672e-12
4.62071 1.4382 0 422.686 3.89559e-12
4.62071 1.4382 0 423.689 3.70436e-12
4.62071 1.4382 0 424.691 3.52253e-12
4.62071 1.4382 0 425.694 3.34965e-12
4.62071 1.4382 0 426.696 3.18528e-12
4.62071 1.4382 0 427.699 3.02899e-12
4.62071 1.4382 0 428.701 2.88039e-12
4.62071 1.4382 0 429.704 2.73909e-12
4.62071 1.4382 0 430.706 2.60475e-12
4.62071 1.4382 0 431.709 2.477e-12
4.62071 1.4382 0 432.711 2.35554e-12
4.62071 1.4382 0 433.714 2.24004e-12
4.62071 1.4382 0 434.716 2.13022e-12
4.62071 1.4382 0 435.719 2.0258e-12
4.62071 1.4382 0 436.721 1.9265e-12
4.62071 1.4382 0 437.724 1.83209e-12
4.62071 1.4382 0 438.726 1.74231e-12
4.62071 1.4382 0 439.728 1.65694e-12
4.62071 1.4382 0 440.731 1.57576e-12
4.62071 1.4382 0 441.733 1.49857e-12
4.62071 1.4382 0 442.736 1.42516e-12
4.62071 1.4382 0 443.738 1.35536e-12
4.62071 1.4382 0 444.741 1.28899e-12
4.62071 1.4382 0 445.743 1.22587e-12
4.62071 1.4382 0 446.746 1.16585e-12
4.62071 1.4382 0 447.748 1.10877e-12
4.62071 1.4382 0 448.751 1.0545e-12
4.62071 1.4382 0 449.753 1.00288e-12
4.62071 1.4382 0 450.756 9.53802e-13
4.62071 1.4382 0 451.758 9.07126e-13
4.62071 1.4382 0 452.761 8.62739e-13
4.62071 1.4382 0 453.763 8.20528e-13
4.62071 1.4382 0 454.765 7.80387e-13
4.62071 1.4382 0 455.768 7.42212e-13
4.62071 1.4382 0 456.77 7.05909e-13
4.62071 1.4382 0 457.773 6.71385e-13
4.62071 1.4382 0 458.775 6.38552e-13
4.62071 1.4382 0 459.778 6.07328e-13
4.62071 1.4382 0 460.78 5.77634e-13
4.62071 1.4382 0 461.783 5.49394e-13
4.62071 1.4382 0 462.785 5.22537e-13
4.62071 1.4382 0 463.788 4.96996e-13
4.62071 1.4382 0 464.79 4.72705e-13
4.62071 1.4382 0 465.793 4.49604e-13
4.62071 1.4382 0 466.795 4.27633e-13
4.62071 1.4382 0 467.798 4.06738e-13
4.62071 1.4382 0 468.8 3.86866e-13
4.62071 1.4382 0 469.803 3.67966e-13
4.62071 1.4382 0 470.805 3.49992e-13
4.62071 1.4382 0 471.807 3.32897e-13
4.62071 1.4382 0 472.81 3.16638e-13
4.62071 1.4382 0 473.812 3.01175e-13
4.62071 1.4382 0 474.815 2.86468e-13
4.62071 1.4382 0 475.817 2.7248e-13
4.62071 1.4382 0 476.82 2.59177e-13
4.62071 1.4382 0 477.822 2.46524e-13
4.62071 1.4382 0 478.825 2.3449e-13
4.62071 1.4382 0 479.827 2.23044e-13
4.62071 1.4382 0 480.83 2.12158e-13
4.62071 1.4382 0 481.832 2.01804e-13
4.62071 1.4382 0 482.835 1.91956e-13
4.62071 1.4382 0 483.837 1.8259e-13
4.62071 1.4382 0 484.84 1.73681e-13
4.62071 1.4382 0 485.842 1.65208e-13
4.62071 1.4382 0 486.844 1.57148e-13
4.62071 1.4382 0 487.847 1.49483e-13
4.62071 1.4382 0 488.849 1.42192e-13
4.62071 1.4382 0 489.852 1.35257e-13
4.62071 1.4382 0 490.854 1.2866e-13
4.62071 1.4382 0 491.857 1.22386e-13
4.62071 1.4382 0 492.859 1.16419e-13
4.62071 1.4382 0 493.862 1.10743e-13
4.62071 1.4382 0 494.864 1.05344e-13
4.62071 1.4382 0 495.867 1.00208e-13
4.62071 1.4382 0 496.869 9.53234e-14
4.62071 1.4382 0 497.872 9.06771e-14
4.62071 1.4382 0 498.874 8.62576e-14
4.62071 1.4382 0 499.877 8.20539e-14
4.62071 1.4382 0 500.879 7.80553e-14
4.62071 1.4382 0 501.882 7.42518e-14
4.62071 1.4382 0 502.884 7.06339e-14
4.62071 1.4382 0 503.886 6.71926e-14
4.62071 1.4382 0 504.889 6.39191e-14
4.62071 1.4382 0 505.891 6.08054e-14
4.62071 1.4382 0 506.894 5.78435e-14
4.62071 1.4382 0 507.896 5.50261e-14
4.62071 1.4382 0 508.899 5.23462e-14
4.62071 1.4382 0 509.901 4.97969e-14
4.62071 1.4382 0 510.904 4.73719e-14
4.62071 1.4382 0 511.906 4.50652e-14
4.62071 1.4382 0 512.909 4.2871e-14
4.62071 1.4382 0 513.911 4.07837e-14
4.62071 1.4382 0 514.914 3.87982e-14
4.62071 1.4382 0 515.916 3.69095e-14
4.62071 1.4382 0 516.919 3.51128e-14
4.62071 1.4382 0 517.921 3.34037e-14
4.62071 1.4382 0 518.923 3.17779e-14
4.62071 1.4382 0 519.926 3.02313e-14
4.62071 1.4382 0 520.928 2.87601e-14
4.62071 1.4382 0 521.931 2.73606e-14
4.62071 1.4382 0 522.933 2.60293e-14
4.62071 1.4382 0 523.936 2.47628e-14
4.62071 1.4382 0 524.938 2.35581e-14
4.62071 1.4382 0 525.941 2.2412e-14
4.62071 1.4382 0 526.943 2.13217e-14
4.62071 1.4382 0 527.946 2.02846e-14
4.62071 1.4382 0 528.948 1.92979e-14
4.62071 1.4382 0 529.951 1.83593e-14
4.62071 1.4382 0 530.953 1.74664e-14
4.62071 1.4382 0 531.956 1.6617e-14
4.62071 1.4382 0 532.958 1.58089e-14
4.62071 1.4382 0 533.961 1.50402e-14
4.62071 1.4382 0 534.963 1.43089e-14
4.62071 1.4382 0 535.965 1.36132e-14
4.62071 1.4382 0 536.968 1.29514e-14
4.62071 1.4382 0 537.97 1.23218e-14
4.62071 1.4382 0 538.973 1.17228e-14
4.62071 1.4382 0 539.975 1.1153e-14
4.62071 1.4382 0 540.978 1.06109e-14
4.62071 1.4382 0 541.98 1.00951e-14
4.62071 1.4382 0 542.983 9.60451e-15
4.62071 1.4382 0 543.985 9.13775e-15
4.62071 1.4382 0 544.988 8.69371e-15
4.62071 1.4382 0 545.99 8.27126e-15
4.62071 1.4382 0 546.993 7.86937e-15
4.62071 1.4382 0 547.995 7.48702e-15
4.62071 1.4382 0 548.998 7.12327e-15
4.62071 1.4382 0 550 6.77721e-15

