2.02126 1.4382 200 150.015 3.24e-05
2.02126 1.4382 200 151.017 5.80195e-05
2.02126 1.4382 200 152.02 5.87545e-05
2.02126 1.4382 200 153.022 5.6527e-05
2.02126 1.4382 200 154.025 5.41348e-05
2.02126 1.4382 200 155.027 5.18345e-05
2.02126 1.4382 200 156.03 4.96447e-05
2.02126 1.4382 200 157.032 4.75609e-05
2.02126 1.4382 200 158.035 4.55771e-05
2.02126 1.4382 200 159.037 4.36876e-05
2.02126 1.4382 200 160.04 4.1887e-05
2.02126 1.4382 200 161.042 4.01704e-05
2.02126 1.4382 200 162.045 3.85332e-05
2.02126 1.4382 200 163.047 3.69712e-05
2.02126 1.4382 200 164.05 3.54804e-05
2.02126 1.4382 200 165.052 3.4057e-05
2.02126 1.4382 200 166.054 3.26976e-05
2.02126 1.4382 200 167.057 3.13987e-05
2.02126 1.4382 200 168.059 3.01574e-05
2.02126 1.4382 200 169.062 2.89707e-05
2.02126 1.4382 200 170.064 2.78358e-05
2.02126 1.4382 200 171.067 2.67502e-05
2.02126 1.4382 200 172.069 2.57115e-05
2.02126 1.4382 200 173.072 2.47174e-05
2.02126 1.4382 200 174.074 2.37656e-05
2.02126 1.4382 200 175.077 2.28543e-05
2.02126 1.4382 200 176.079 2.19813e-05
2.02126 1.4382 200 177.082 2.1145e-05
2.02126 1.4382 200 178.084 2.03435e-05
2.02126 1.4382 200 179.087 1.95753e-05
2.02126 1.4382 200 180.089 1.88388e-05
2.02126 1.4382 200 181.092 1.81326e-05
2.02126 1.4382 200 182.094 1.74552e-05
2.02126 1.4382 200 183.096 1.68054e-05
2.02126 1.4382 200 184.099 1.61818e-05
2.02126 1.4382 200 185.101 1.55835e-05
2.02126 1.4382 200 186.104 1.50091e-05
2.02126 1.4382 200 187.106 1.44576e-05
2.02126 1.4382 200 188.109 1.39281e-05
2.02126 1.4382 200 189.111 1.34195e-05
2.02126 1.4382 200 190.114 1.29311e-05
2.02126 1.4382 200 191.116 1.24617e-05
2.02126 1.4382 200 192.119 1.20108e-05
2.02126 1.4382 200 193.121 1.15774e-05
2.02126 1.4382 200 194.124 1.11609e-05
2.02126 1.4382 200 195.126 1.07604e-05
2.02126 1.4382 200 196.129 1.03754e-05
2.02126 1.4382 200 197.131 1.00052e-05
2.02126 1.4382 200 198.133 9.64912e-06
2.02126 1.4382 200 199.136 9.30663e-06
2.02126 1.4382 200 200.138 8.97716e-06
2.02126 1.4382 200 201.141 8.66016e-06
2.02126 1.4382 200 202.143 8.35512e-06
2.02126 1.4382 200 203.146 8.06157e-06
2.02126 1.4382 200 204.148 7.77902e-06
2.02126 1.4382 200 205.151 7.50704e-06
2.02126 1.4382 200 206.153 7.24519e-06
2.02126 1.4382 200 207.156 6.99308e-06
2.02126 1.4382 200 208.158 6.7503e-06
2.02126 1.4382 200 209.161 6.5165e-06
2.02126 1.4382 200 210.163 6.29131e-06
2.02126 1.4382 200 211.166 6.07439e-06
2.02126 1.4382 200 212.168 5.86542e-06
2.02126 1.4382 200 213.171 5.66408e-06
2.02126 1.4382 200 214.173 5.47008e-06
2.02126 1.4382 200 215.175 5.28312e-06
2.02126 1.4382 200 216.178 5.10294e-06
2.02126 1.4382 200 217.18 4.92928e-06
2.02126 1.4382 200 218.183 4.76188e-06
2.02126 1.4382 200 219.185 4.60049e-06
2.02126 1.4382 200 220.188 4.4449e-06
2.02126 1.4382 200 221.19 4.29488e-06
2.02126 1.4382 200 222.193 4.15021e-06
2.02126 1.4382 200 223.195 4.0107e-06
2.02126 1.4382 200 224.198 3.87614e-06
2.02126 1.4382 200 225.2 3.74635e-06
2.02126 1.4382 200 226.203 3.62116e-06
2.02126 1.4382 200 227.205 3.50038e-06
2.02126 1.4382 200 228.208 3.38385e-06
2.02126 1.4382 200 229.21 3.27142e-06
2.02126 1.4382 200 230.212 3.16293e-06
2.02126 1.4382 200 231.215 3.05824e-06
2.02126 1.4382 200 232.217 2.9572e-06
2.02126 1.4382 200 233.22 2.85967e-06
2.02126 1.4382 200 234.222 2.76554e-06
2.02126 1.4382 200 235.225 2.67467e-06
2.02126 1.4382 200 236.227 2.58695e-06
2.02126 1.4382 200 237.23 2.50226e-06
2.02126 1.4382 200 238.232 2.42049e-06
2.02126 1.4382 200 239.235 2.34153e-06
2.02126 1.4382 200 240.237 2.26528e-06
2.02126 1.4382 200 241.24 2.19165e-06
2.02126 1.4382 200 242.242 2.12053e-06
2.02126 1.4382 200 243.245 2.05184e-06
2.02126 1.4382 200 244.247 1.98549e-06
2.02126 1.4382 200 245.25 1.9214e-06
2.02126 1.4382 200 246.252 1.85948e-06
2.02126 1.4382 200 247.254 1.79966e-06
2.02126 1.4382 200 248.257 1.74186e-06
2.02126 1.4382 200 249.259 1.68601e-06
2.02126 1.4382 200 250.262 1.63205e-06
2.02126 1.4382 200 251.264 1.5799e-06
2.02126 1.4382 200 252.267 1.52949e-06
2.02126 1.4382 200 253.269 1.48078e-06
2.02126 1.4382 200 254.272 1.4337e-06
2.02126 1.4382 200 255.274 1.38819e-06
2.02126 1.4382 200 256.277 1.34419e-06
2.02126 1.4382 200 257.279 1.30166e-06
2.02126 1.4382 200 258.282 1.26055e-06
2.02126 1.4382 200 259.284 1.22079e-06
2.02126 1.4382 200 260.287 1.18235e-06
2.02126 1.4382 200 261.289 1.14518e-06
2.02126 1.4382 200 262.291 1.10924e-06
2.02126 1.4382 200 263.294 1.07448e-06
2.02126 1.4382 200 264.296 1.04086e-06
2.02126 1.4382 200 265.299 1.00835e-06
2.02126 1.4382 200 266.301 9.76897e-07
2.02126 1.4382 200 267.304 9.46476e-07
2.02126 1.4382 200 268.306 9.17049e-07
2.02126 1.4382 200 269.309 8.88581e-07
2.02126 1.4382 200 270.311 8.61039e-07
2.02126 1.4382 200 271.314 8.34392e-07
2.02126 1.4382 200 272.316 8.0861e-07
2.02126 1.4382 200 273.319 7.83663e-07
2.02126 1.4382 200 274.321 7.59522e-07
2.02126 1.4382 200 275.324 7.36161e-07
2.02126 1.4382 200 276.326 7.13552e-07
2.02126 1.4382 200 277.329 6.91671e-07
2.02126 1.4382 200 278.331 6.70493e-07
2.02126 1.4382 200 279.333 6.49995e-07
2.02126 1.4382 200 280.336 6.30153e-07
2.02126 1.4382 200 281.338 6.10945e-07
2.02126 1.4382 200 282.341 5.9235e-07
2.02126 1.4382 200 283.343 5.74349e-07
2.02126 1.4382 200 284.346 5.5692e-07
2.02126 1.4382 200 285.348 5.40045e-07
2.02126 1.4382 200 286.351 5.23705e-07
2.02126 1.4382 200 287.353 5.07884e-07
2.02126 1.4382 200 288.356 4.92562e-07
2.02126 1.4382 200 289.358 4.77725e-07
2.02126 1.4382 200 290.361 4.63355e-07
2.02126 1.4382 200 291.363 4.49438e-07
2.02126 1.4382 200 292.366 4.35958e-07
2.02126 1.4382 200 293.368 4.22902e-07
2.02126 1.4382 200 294.37 4.10255e-07
2.02126 1.4382 200 295.373 3.98003e-07
2.02126 1.4382 200 296.375 3.86135e-07
2.02126 1.4382 200 297.378 3.74636e-07
2.02126 1.4382 200 298.38 3.63497e-07
2.02126 1.4382 200 299.383 3.52703e-07
2.02126 1.4382 200 300.385 3.42245e-07
2.02126 1.4382 200 301.388 3.32112e-07
2.02126 1.4382 200 302.39 3.22292e-07
2.02126 1.4382 200 303.393 3.12776e-07
2.02126 1.4382 200 304.395 3.03554e-07
2.02126 1.4382 200 305.398 2.94616e-07
2.02126 1.4382 200 306.4 2.85953e-07
2.02126 1.4382 200 307.403 2.77557e-07
2.02126 1.4382 200 308.405 2.69419e-07
2.02126 1.4382 200 309.408 2.6153e-07
2.02126 1.4382 200 310.41 2.53883e-07
2.02126 1.4382 200 311.412 2.46469e-07
2.02126 1.4382 200 312.415 2.39282e-07
2.02126 1.4382 200 313.417 2.32314e-07
2.02126 1.4382 200 314.42 2.25558e-07
2.02126 1.4382 200 315.422 2.19007e-07
2.02126 1.4382 200 316.425 2.12655e-07
2.02126 1.4382 200 317.427 2.06496e-07
2.02126 1.4382 200 318.43 2.00523e-07
2.02126 1.4382 200 319.432 1.94731e-07
2.02126 1.4382 200 320.435 1.89113e-07
2.02126 1.4382 200 321.437 1.83665e-07
2.02126 1.4382 200 322.44 1.78381e-07
2.02126 1.4382 200 323.442 1.73256e-07
2.02126 1.4382 200 324.445 1.68284e-07
2.02126 1.4382 200 325.447 1.63462e-07
2.02126 1.4382 200 326.449 1.58783e-07
2.02126 1.4382 200 327.452 1.54245e-07
2.02126 1.4382 200 328.454 1.49842e-07
2.02126 1.4382 200 329.457 1.4557e-07
2.02126 1.4382 200 330.459 1.41426e-07
2.02126 1.4382 200 331.462 1.37405e-07
2.02126 1.4382 200 332.464 1.33503e-07
2.02126 1.4382 200 333.467 1.29717e-07
2.02126 1.4382 200 334.469 1.26042e-07
2.02126 1.4382 200 335.472 1.22477e-07
2.02126 1.4382 200 336.474 1.19017e-07
2.02126 1.4382 200 337.477 1.15658e-07
2.02126 1.4382 200 338.479 1.12399e-07
2.02126 1.4382 200 339.482 1.09235e-07
2.02126 1.4382 200 340.484 1.06165e-07
2.02126 1.4382 200 341.487 1.03184e-07
2.02126 1.4382 200 342.489 1.00291e-07
2.02126 1.4382 200 343.491 9.74823e-08
2.02126 1.4382 200 344.494 9.47557e-08
2.02126 1.4382 200 345.496 9.21087e-08
2.02126 1.4382 200 346.499 8.95387e-08
2.02126 1.4382 200 347.501 8.70435e-08
2.02126 1.4382 200 348.504 8.46208e-08
2.02126 1.4382 200 349.506 8.22685e-08
2.02126 1.4382 200 350.509 7.99842e-08
2.02126 1.4382 200 351.511 7.77661e-08
2.02126 1.4382 200 352.514 7.56122e-08
2.02126 1.4382 200 353.516 7.35204e-08
2.02126 1.4382 200 354.519 7.14889e-08
2.02126 1.4382 200 355.521 6.95158e-08
2.02126 1.4382 200 356.524 6.75996e-08
2.02126 1.4382 200 357.526 6.57383e-08
2.02126 1.4382 200 358.528 6.39305e-08
2.02126 1.4382 200 359.531 6.21744e-08
2.02126 1.4382 200 360.533 6.04686e-08
2.02126 1.4382 200 361.536 5.88115e-08
2.02126 1.4382 200 362.538 5.72017e-08
2.02126 1.4382 200 363.541 5.56378e-08
2.02126 1.4382 200 364.543 5.41184e-08
2.02126 1.4382 200 365.546 5.26422e-08
2.02126 1.4382 200 366.548 5.12079e-08
2.02126 1.4382 200 367.551 4.98142e-08
2.02126 1.4382 200 368.553 4.84601e-08
2.02126 1.4382 200 369.556 4.71442e-08
2.02126 1.4382 200 370.558 4.58656e-08
2.02126 1.4382 200 371.561 4.4623e-08
2.02126 1.4382 200 372.563 4.34154e-08
2.02126 1.4382 200 373.566 4.22419e-08
2.02126 1.4382 200 374.568 4.11013e-08
2.02126 1.4382 200 375.57 3.99927e-08
2.02126 1.4382 200 376.573 3.89153e-08
2.02126 1.4382 200 377.575 3.7868e-08
2.02126 1.4382 200 378.578 3.685e-08
2.02126 1.4382 200 379.58 3.58605e-08
2.02126 1.4382 200 380.583 3.48986e-08
2.02126 1.4382 200 381.585 3.39635e-08
2.02126 1.4382 200 382.588 3.30544e-08
2.02126 1.4382 200 383.59 3.21706e-08
2.02126 1.4382 200 384.593 3.13114e-08
2.02126 1.4382 200 385.595 3.0476e-08
2.02126 1.4382 200 386.598 2.96638e-08
2.02126 1.4382 200 387.6 2.8874e-08
2.02126 1.4382 200 388.603 2.81061e-08
2.02126 1.4382 200 389.605 2.73594e-08
2.02126 1.4382 200 390.607 2.66333e-08
2.02126 1.4382 200 391.61 2.59272e-08
2.02126 1.4382 200 392.612 2.52405e-08
2.02126 1.4382 200 393.615 2.45727e-08
2.02126 1.4382 200 394.617 2.39232e-08
2.02126 1.4382 200 395.62 2.32916e-08
2.02126 1.4382 200 396.622 2.26772e-08
2.02126 1.4382 200 397.625 2.20797e-08
2.02126 1.4382 200 398.627 2.14985e-08
2.02126 1.4382 200 399.63 2.09331e-08
2.02126 1.4382 200 400.632 2.03832e-08
2.02126 1.4382 200 401.635 1.98483e-08
2.02126 1.4382 200 402.637 1.93279e-08
2.02126 1.4382 200 403.64 1.88216e-08
2.02126 1.4382 200 404.642 1.83291e-08
2.02126 1.4382 200 405.645 1.785e-08
2.02126 1.4382 200 406.647 1.73838e-08
2.02126 1.4382 200 407.649 1.69303e-08
2.02126 1.4382 200 408.652 1.6489e-08
2.02126 1.4382 200 409.654 1.60596e-08
2.02126 1.4382 200 410.657 1.56419e-08
2.02126 1.4382 200 411.659 1.52353e-08
2.02126 1.4382 200 412.662 1.48397e-08
2.02126 1.4382 200 413.664 1.44548e-08
2.02126 1.4382 200 414.667 1.40802e-08
2.02126 1.4382 200 415.669 1.37156e-08
2.02126 1.4382 200 416.672 1.33608e-08
2.02126 1.4382 200 417.674 1.30155e-08
2.02126 1.4382 200 418.677 1.26794e-08
2.02126 1.4382 200 419.679 1.23523e-08
2.02126 1.4382 200 420.682 1.2034e-08
2.02126 1.4382 200 421.684 1.17241e-08
2.02126 1.4382 200 422.686 1.14225e-08
2.02126 1.4382 200 423.689 1.11289e-08
2.02126 1.4382 200 424.691 1.08431e-08
2.02126 1.4382 200 425.694 1.05649e-08
2.02126 1.4382 200 426.696 1.02941e-08
2.02126 1.4382 200 427.699 1.00305e-08
2.02126 1.4382 200 428.701 9.7738e-09
2.02126 1.4382 200 429.704 9.52392e-09
2.02126 1.4382 200 430.706 9.28065e-09
2.02126 1.4382 200 431.709 9.04379e-09
2.02126 1.4382 200 432.711 8.81318e-09
2.02126 1.4382 200 433.714 8.58864e-09
2.02126 1.4382 200 434.716 8.37001e-09
2.02126 1.4382 200 435.719 8.15712e-09
2.02126 1.4382 200 436.721 7.94983e-09
2.02126 1.4382 200 437.724 7.74797e-09
2.02126 1.4382 200 438.726 7.55141e-09
2.02126 1.4382 200 439.728 7.35999e-09
2.02126 1.4382 200 440.731 7.17358e-09
2.02126 1.4382 200 441.733 6.99205e-09
2.02126 1.4382 200 442.736 6.81525e-09
2.02126 1.4382 200 443.738 6.64306e-09
2.02126 1.4382 200 444.741 6.47536e-09
2.02126 1.4382 200 445.743 6.31203e-09
2.02126 1.4382 200 446.746 6.15295e-09
2.02126 1.4382 200 447.748 5.998e-09
2.02126 1.4382 200 448.751 5.84707e-09
2.02126 1.4382 200 449.753 5.70006e-09
2.02126 1.4382 200 450.756 5.55686e-09
2.02126 1.4382 200 451.758 5.41736e-09
2.02126 1.4382 200 452.761 5.28148e-09
2.02126 1.4382 200 453.763 5.14911e-09
2.02126 1.4382 200 454.765 5.02015e-09
2.02126 1.4382 200 455.768 4.89452e-09
2.02126 1.4382 200 456.77 4.77213e-09
2.02126 1.4382 200 457.773 4.65289e-09
2.02126 1.4382 200 458.775 4.53672e-09
2.02126 1.4382 200 459.778 4.42353e-09
2.02126 1.4382 200 460.78 4.31326e-09
2.02126 1.4382 200 461.783 4.20581e-09
2.02126 1.4382 200 462.785 4.10112e-09
2.02126 1.4382 200 463.788 3.99911e-09
2.02126 1.4382 200 464.79 3.89971e-09
2.02126 1.4382 200 465.793 3.80285e-09
2.02126 1.4382 200 466.795 3.70846e-09
2.02126 1.4382 200 467.798 3.61649e-09
2.02126 1.4382 200 468.8 3.52686e-09
2.02126 1.4382 200 469.803 3.43952e-09
2.02126 1.4382 200 470.805 3.3544e-09
2.02126 1.4382 200 471.807 3.27144e-09
2.02126 1.4382 200 472.81 3.1906e-09
2.02126 1.4382 200 473.812 3.11181e-09
2.02126 1.4382 200 474.815 3.03502e-09
2.02126 1.4382 200 475.817 2.96017e-09
2.02126 1.4382 200 476.82 2.88722e-09
2.02126 1.4382 200 477.822 2.81612e-09
2.02126 1.4382 200 478.825 2.74682e-09
2.02126 1.4382 200 479.827 2.67927e-09
2.02126 1.4382 200 480.83 2.61342e-09
2.02126 1.4382 200 481.832 2.54924e-09
2.02126 1.4382 200 482.835 2.48668e-09
2.02126 1.4382 200 483.837 2.42569e-09
2.02126 1.4382 200 484.84 2.36624e-09
2.02126 1.4382 200 485.842 2.30828e-09
2.02126 1.4382 200 486.844 2.25178e-09
2.02126 1.4382 200 487.847 2.1967e-09
2.02126 1.4382 200 488.849 2.143e-09
2.02126 1.4382 200 489.852 2.09065e-09
2.02126 1.4382 200 490.854 2.03961e-09
2.02126 1.4382 200 491.857 1.98985e-09
2.02126 1.4382 200 492.859 1.94133e-09
2.02126 1.4382 200 493.862 1.89403e-09
2.02126 1.4382 200 494.864 1.84791e-09
2.02126 1.4382 200 495.867 1.80293e-09
2.02126 1.4382 200 496.869 1.75909e-09
2.02126 1.4382 200 497.872 1.71633e-09
2.02126 1.4382 200 498.874 1.67464e-09
2.02126 1.4382 200 499.877 1.63399e-09
2.02126 1.4382 200 500.879 1.59435e-09
2.02126 1.4382 200 501.882 1.55569e-09
2.02126 1.4382 200 502.884 1.518e-09
2.02126 1.4382 200 503.886 1.48124e-09
2.02126 1.4382 200 504.889 1.44539e-09
2.02126 1.4382 200 505.891 1.41043e-09
2.02126 1.4382 200 506.894 1.37633e-09
2.02126 1.4382 200 507.896 1.34308e-09
2.02126 1.4382 200 508.899 1.31066e-09
2.02126 1.4382 200 509.901 1.27903e-09
2.02126 1.4382 200 510.904 1.24818e-09
2.02126 1.4382 200 511.906 1.2181e-09
2.02126 1.4382 200 512.909 1.18876e-09
2.02126 1.4382 200 513.911 1.16014e-09
2.02126 1.4382 200 514.914 1.13223e-09
2.02126 1.4382 200 515.916 1.105e-09
2.02126 1.4382 200 516.919 1.07844e-09
2.02126 1.4382 200 517.921 1.05254e-09
2.02126 1.4382 200 518.923 1.02727e-09
2.02126 1.4382 200 519.926 1.00262e-09
2.02126 1.4382 200 520.928 9.78579e-10
2.02126 1.4382 200 521.931 9.55126e-10
2.02126 1.4382 200 522.933 9.32247e-10
2.02126 1.4382 200 523.936 9.09928e-10
2.02126 1.4382 200 524.938 8.88156e-10
2.02126 1.4382 200 525.941 8.66916e-10
2.02126 1.4382 200 526.943 8.46195e-10
2.02126 1.4382 200 527.946 8.2598e-10
2.02126 1.4382 200 528.948 8.06258e-10
2.02126 1.4382 200 529.951 7.87017e-10
2.02126 1.4382 200 530.953 7.68246e-10
2.02126 1.4382 200 531.956 7.49931e-10
2.02126 1.4382 200 532.958 7.32063e-10
2.02126 1.4382 200 533.961 7.14629e-10
2.02126 1.4382 200 534.963 6.97619e-10
2.02126 1.4382 200 535.965 6.81023e-10
2.02126 1.4382 200 536.968 6.64829e-10
2.02126 1.4382 200 537.97 6.49029e-10
2.02126 1.4382 200 538.973 6.33612e-10
2.02126 1.4382 200 539.975 6.18569e-10
2.02126 1.4382 200 540.978 6.0389e-10
2.02126 1.4382 200 541.98 5.89566e-10
2.02126 1.4382 200 542.983 5.75589e-10
2.02126 1.4382 200 543.985 5.6195e-10
2.02126 1.4382 200 544.988 5.48641e-10
2.02126 1.4382 200 545.99 5.35654e-10
2.02126 1.4382 200 546.993 5.22979e-10
2.02126 1.4382 200 547.995 5.10611e-10
2.02126 1.4382 200 548.998 4.98541e-10
2.02126 1.4382 200 550 4.86762e-10
