2.71354 1.4382 0 150.015 1.50535e-05
2.71354 1.4382 0 151.017 2.67117e-05
2.71354 1.4382 0 152.02 2.65713e-05
2.71354 1.4382 0 153.022 2.50537e-05
2.71354 1.4382 0 154.025 2.35727e-05
2.71354 1.4382 0 155.027 2.22027e-05
2.71354 1.4382 0 156.03 2.0935e-05
2.71354 1.4382 0 157.032 1.9759e-05
2.71354 1.4382 0 158.035 1.86658e-05
2.71354 1.4382 0 159.037 1.7648e-05
2.71354 1.4382 0 160.04 1.66989e-05
2.71354 1.4382 0 161.042 1.58129e-05
2.71354 1.4382 0 162.045 1.49848e-05
2.71354 1.4382 0 163.047 1.42101e-05
2.71354 1.4382 0 164.05 1.34845e-05
2.71354 1.4382 0 165.052 1.28042e-05
2.71354 1.4382 0 166.054 1.2166e-05
2.71354 1.4382 0 167.057 1.15667e-05
2.71354 1.4382 0 168.059 1.10033e-05
2.71354 1.4382 0 169.062 1.04734e-05
2.71354 1.4382 0 170.064 9.97451e-06
2.71354 1.4382 0 171.067 9.50449e-06
2.71354 1.4382 0 172.069 9.06131e-06
2.71354 1.4382 0 173.072 8.64315e-06
2.71354 1.4382 0 174.074 8.2483e-06
2.71354 1.4382 0 175.077 7.8752e-06
2.71354 1.4382 0 176.079 7.5224e-06
2.71354 1.4382 0 177.082 7.18859e-06
2.71354 1.4382 0 178.084 6.87253e-06
2.71354 1.4382 0 179.087 6.57309e-06
2.71354 1.4382 0 180.089 6.28922e-06
2.71354 1.4382 0 181.092 6.01993e-06
2.71354 1.4382 0 182.094 5.76434e-06
2.71354 1.4382 0 183.096 5.52161e-06
2.71354 1.4382 0 184.099 5.29095e-06
2.71354 1.4382 0 185.101 5.07165e-06
2.71354 1.4382 0 186.104 4.86304e-06
2.71354 1.4382 0 187.106 4.66449e-06
2.71354 1.4382 0 188.109 4.47542e-06
2.71354 1.4382 0 189.111 4.29529e-06
2.71354 1.4382 0 190.114 4.1236e-06
2.71354 1.4382 0 191.116 3.95987e-06
2.71354 1.4382 0 192.119 3.80366e-06
2.71354 1.4382 0 193.121 3.65456e-06
2.71354 1.4382 0 194.124 3.51219e-06
2.71354 1.4382 0 195.126 3.37619e-06
2.71354 1.4382 0 196.129 3.24622e-06
2.71354 1.4382 0 197.131 3.12196e-06
2.71354 1.4382 0 198.133 3.00311e-06
2.71354 1.4382 0 199.136 2.88941e-06
2.71354 1.4382 0 200.138 2.78058e-06
2.71354 1.4382 0 201.141 2.67638e-06
2.71354 1.4382 0 202.143 2.57659e-06
2.71354 1.4382 0 203.146 2.48098e-06
2.71354 1.4382 0 204.148 2.38934e-06
2.71354 1.4382 0 205.151 2.3015e-06
2.71354 1.4382 0 206.153 2.21725e-06
2.71354 1.4382 0 207.156 2.13644e-06
2.71354 1.4382 0 208.158 2.05891e-06
2.71354 1.4382 0 209.161 1.98449e-06
2.71354 1.4382 0 210.163 1.91304e-06
2.71354 1.4382 0 211.166 1.84444e-06
2.71354 1.4382 0 212.168 1.77854e-06
2.71354 1.4382 0 213.171 1.71522e-06
2.71354 1.4382 0 214.173 1.65438e-06
2.71354 1.4382 0 215.175 1.5959e-06
2.71354 1.4382 0 216.178 1.53968e-06
2.71354 1.4382 0 217.18 1.48561e-06
2.71354 1.4382 0 218.183 1.43361e-06
2.71354 1.4382 0 219.185 1.38358e-06
2.71354 1.4382 0 220.188 1.33545e-06
2.71354 1.4382 0 221.19 1.28913e-06
2.71354 1.4382 0 222.193 1.24454e-06
2.71354 1.4382 0 223.195 1.20161e-06
2.71354 1.4382 0 224.198 1.16028e-06
2.71354 1.4382 0 225.2 1.12047e-06
2.71354 1.4382 0 226.203 1.08213e-06
2.71354 1.4382 0 227.205 1.04519e-06
2.71354 1.4382 0 228.208 1.0096e-06
2.71354 1.4382 0 229.21 9.75308e-07
2.71354 1.4382 0 230.212 9.42254e-07
2.71354 1.4382 0 231.215 9.10393e-07
2.71354 1.4382 0 232.217 8.79678e-07
2.71354 1.4382 0 233.22 8.50062e-07
2.71354 1.4382 0 234.222 8.21504e-07
2.71354 1.4382 0 235.225 7.93961e-07
2.71354 1.4382 0 236.227 7.67395e-07
2.71354 1.4382 0 237.23 7.41768e-07
2.71354 1.4382 0 238.232 7.17044e-07
2.71354 1.4382 0 239.235 6.93189e-07
2.71354 1.4382 0 240.237 6.70169e-07
2.71354 1.4382 0 241.24 6.47952e-07
2.71354 1.4382 0 242.242 6.2651e-07
2.71354 1.4382 0 243.245 6.05812e-07
2.71354 1.4382 0 244.247 5.85831e-07
2.71354 1.4382 0 245.25 5.6654e-07
2.71354 1.4382 0 246.252 5.47913e-07
2.71354 1.4382 0 247.254 5.29927e-07
2.71354 1.4382 0 248.257 5.12557e-07
2.71354 1.4382 0 249.259 4.95782e-07
2.71354 1.4382 0 250.262 4.79579e-07
2.71354 1.4382 0 251.264 4.63927e-07
2.71354 1.4382 0 252.267 4.48807e-07
2.71354 1.4382 0 253.269 4.342e-07
2.71354 1.4382 0 254.272 4.20087e-07
2.71354 1.4382 0 255.274 4.0645e-07
2.71354 1.4382 0 256.277 3.93273e-07
2.71354 1.4382 0 257.279 3.80538e-07
2.71354 1.4382 0 258.282 3.68231e-07
2.71354 1.4382 0 259.284 3.56336e-07
2.71354 1.4382 0 260.287 3.44839e-07
2.71354 1.4382 0 261.289 3.33725e-07
2.71354 1.4382 0 262.291 3.22982e-07
2.71354 1.4382 0 263.294 3.12596e-07
2.71354 1.4382 0 264.296 3.02554e-07
2.71354 1.4382 0 265.299 2.92846e-07
2.71354 1.4382 0 266.301 2.83458e-07
2.71354 1.4382 0 267.304 2.74381e-07
2.71354 1.4382 0 268.306 2.65603e-07
2.71354 1.4382 0 269.309 2.57115e-07
2.71354 1.4382 0 270.311 2.48905e-07
2.71354 1.4382 0 271.314 2.40965e-07
2.71354 1.4382 0 272.316 2.33286e-07
2.71354 1.4382 0 273.319 2.25858e-07
2.71354 1.4382 0 274.321 2.18672e-07
2.71354 1.4382 0 275.324 2.11722e-07
2.71354 1.4382 0 276.326 2.04998e-07
2.71354 1.4382 0 277.329 1.98493e-07
2.71354 1.4382 0 278.331 1.922e-07
2.71354 1.4382 0 279.333 1.86112e-07
2.71354 1.4382 0 280.336 1.80221e-07
2.71354 1.4382 0 281.338 1.7452e-07
2.71354 1.4382 0 282.341 1.69005e-07
2.71354 1.4382 0 283.343 1.63668e-07
2.71354 1.4382 0 284.346 1.58503e-07
2.71354 1.4382 0 285.348 1.53505e-07
2.71354 1.4382 0 286.351 1.48668e-07
2.71354 1.4382 0 287.353 1.43987e-07
2.71354 1.4382 0 288.356 1.39456e-07
2.71354 1.4382 0 289.358 1.35071e-07
2.71354 1.4382 0 290.361 1.30827e-07
2.71354 1.4382 0 291.363 1.26719e-07
2.71354 1.4382 0 292.366 1.22742e-07
2.71354 1.4382 0 293.368 1.18893e-07
2.71354 1.4382 0 294.37 1.15167e-07
2.71354 1.4382 0 295.373 1.1156e-07
2.71354 1.4382 0 296.375 1.08068e-07
2.71354 1.4382 0 297.378 1.04687e-07
2.71354 1.4382 0 298.38 1.01414e-07
2.71354 1.4382 0 299.383 9.82455e-08
2.71354 1.4382 0 300.385 9.51777e-08
2.71354 1.4382 0 301.388 9.22073e-08
2.71354 1.4382 0 302.39 8.93313e-08
2.71354 1.4382 0 303.393 8.65465e-08
2.71354 1.4382 0 304.395 8.38501e-08
2.71354 1.4382 0 305.398 8.1239e-08
2.71354 1.4382 0 306.4 7.87107e-08
2.71354 1.4382 0 307.403 7.62623e-08
2.71354 1.4382 0 308.405 7.38913e-08
2.71354 1.4382 0 309.408 7.15952e-08
2.71354 1.4382 0 310.41 6.93716e-08
2.71354 1.4382 0 311.412 6.72182e-08
2.71354 1.4382 0 312.415 6.51326e-08
2.71354 1.4382 0 313.417 6.31127e-08
2.71354 1.4382 0 314.42 6.11564e-08
2.71354 1.4382 0 315.422 5.92617e-08
2.71354 1.4382 0 316.425 5.74265e-08
2.71354 1.4382 0 317.427 5.5649e-08
2.71354 1.4382 0 318.43 5.39272e-08
2.71354 1.4382 0 319.432 5.22595e-08
2.71354 1.4382 0 320.435 5.06441e-08
2.71354 1.4382 0 321.437 4.90794e-08
2.71354 1.4382 0 322.44 4.75636e-08
2.71354 1.4382 0 323.442 4.60953e-08
2.71354 1.4382 0 324.445 4.46729e-08
2.71354 1.4382 0 325.447 4.3295e-08
2.71354 1.4382 0 326.449 4.19602e-08
2.71354 1.4382 0 327.452 4.0667e-08
2.71354 1.4382 0 328.454 3.94142e-08
2.71354 1.4382 0 329.457 3.82005e-08
2.71354 1.4382 0 330.459 3.70246e-08
2.71354 1.4382 0 331.462 3.58854e-08
2.71354 1.4382 0 332.464 3.47816e-08
2.71354 1.4382 0 333.467 3.37123e-08
2.71354 1.4382 0 334.469 3.26761e-08
2.71354 1.4382 0 335.472 3.16723e-08
2.71354 1.4382 0 336.474 3.06996e-08
2.71354 1.4382 0 337.477 2.97571e-08
2.71354 1.4382 0 338.479 2.88439e-08
2.71354 1.4382 0 339.482 2.7959e-08
2.71354 1.4382 0 340.484 2.71016e-08
2.71354 1.4382 0 341.487 2.62708e-08
2.71354 1.4382 0 342.489 2.54657e-08
2.71354 1.4382 0 343.491 2.46856e-08
2.71354 1.4382 0 344.494 2.39296e-08
2.71354 1.4382 0 345.496 2.31971e-08
2.71354 1.4382 0 346.499 2.24872e-08
2.71354 1.4382 0 347.501 2.17992e-08
2.71354 1.4382 0 348.504 2.11325e-08
2.71354 1.4382 0 349.506 2.04864e-08
2.71354 1.4382 0 350.509 1.98603e-08
2.71354 1.4382 0 351.511 1.92535e-08
2.71354 1.4382 0 352.514 1.86654e-08
2.71354 1.4382 0 353.516 1.80955e-08
2.71354 1.4382 0 354.519 1.75431e-08
2.71354 1.4382 0 355.521 1.70078e-08
2.71354 1.4382 0 356.524 1.64889e-08
2.71354 1.4382 0 357.526 1.59861e-08
2.71354 1.4382 0 358.528 1.54987e-08
2.71354 1.4382 0 359.531 1.50263e-08
2.71354 1.4382 0 360.533 1.45684e-08
2.71354 1.4382 0 361.536 1.41247e-08
2.71354 1.4382 0 362.538 1.36945e-08
2.71354 1.4382 0 363.541 1.32776e-08
2.71354 1.4382 0 364.543 1.28735e-08
2.71354 1.4382 0 365.546 1.24818e-08
2.71354 1.4382 0 366.548 1.21021e-08
2.71354 1.4382 0 367.551 1.17341e-08
2.71354 1.4382 0 368.553 1.13774e-08
2.71354 1.4382 0 369.556 1.10316e-08
2.71354 1.4382 0 370.558 1.06964e-08
2.71354 1.4382 0 371.561 1.03714e-08
2.71354 1.4382 0 372.563 1.00565e-08
2.71354 1.4382 0 373.566 9.75113e-09
2.71354 1.4382 0 374.568 9.45515e-09
2.71354 1.4382 0 375.57 9.16822e-09
2.71354 1.4382 0 376.573 8.89008e-09
2.71354 1.4382 0 377.575 8.62043e-09
2.71354 1.4382 0 378.578 8.35904e-09
2.71354 1.4382 0 379.58 8.10563e-09
2.71354 1.4382 0 380.583 7.85996e-09
2.71354 1.4382 0 381.585 7.6218e-09
2.71354 1.4382 0 382.588 7.39091e-09
2.71354 1.4382 0 383.59 7.16707e-09
2.71354 1.4382 0 384.593 6.95005e-09
2.71354 1.4382 0 385.595 6.73966e-09
2.71354 1.4382 0 386.598 6.53569e-09
2.71354 1.4382 0 387.6 6.33793e-09
2.71354 1.4382 0 388.603 6.14621e-09
2.71354 1.4382 0 389.605 5.96032e-09
2.71354 1.4382 0 390.607 5.7801e-09
2.71354 1.4382 0 391.61 5.60537e-09
2.71354 1.4382 0 392.612 5.43595e-09
2.71354 1.4382 0 393.615 5.27169e-09
2.71354 1.4382 0 394.617 5.11244e-09
2.71354 1.4382 0 395.62 4.95802e-09
2.71354 1.4382 0 396.622 4.8083e-09
2.71354 1.4382 0 397.625 4.66314e-09
2.71354 1.4382 0 398.627 4.52239e-09
2.71354 1.4382 0 399.63 4.38591e-09
2.71354 1.4382 0 400.632 4.25358e-09
2.71354 1.4382 0 401.635 4.12527e-09
2.71354 1.4382 0 402.637 4.00086e-09
2.71354 1.4382 0 403.64 3.88022e-09
2.71354 1.4382 0 404.642 3.76325e-09
2.71354 1.4382 0 405.645 3.64982e-09
2.71354 1.4382 0 406.647 3.53983e-09
2.71354 1.4382 0 407.649 3.43318e-09
2.71354 1.4382 0 408.652 3.32977e-09
2.71354 1.4382 0 409.654 3.22949e-09
2.71354 1.4382 0 410.657 3.13225e-09
2.71354 1.4382 0 411.659 3.03795e-09
2.71354 1.4382 0 412.662 2.94651e-09
2.71354 1.4382 0 413.664 2.85784e-09
2.71354 1.4382 0 414.667 2.77185e-09
2.71354 1.4382 0 415.669 2.68847e-09
2.71354 1.4382 0 416.672 2.60761e-09
2.71354 1.4382 0 417.674 2.5292e-09
2.71354 1.4382 0 418.677 2.45316e-09
2.71354 1.4382 0 419.679 2.37942e-09
2.71354 1.4382 0 420.682 2.30791e-09
2.71354 1.4382 0 421.684 2.23856e-09
2.71354 1.4382 0 422.686 2.1713e-09
2.71354 1.4382 0 423.689 2.10608e-09
2.71354 1.4382 0 424.691 2.04283e-09
2.71354 1.4382 0 425.694 1.98149e-09
2.71354 1.4382 0 426.696 1.922e-09
2.71354 1.4382 0 427.699 1.86431e-09
2.71354 1.4382 0 428.701 1.80836e-09
2.71354 1.4382 0 429.704 1.75409e-09
2.71354 1.4382 0 430.706 1.70147e-09
2.71354 1.4382 0 431.709 1.65043e-09
2.71354 1.4382 0 432.711 1.60093e-09
2.71354 1.4382 0 433.714 1.55293e-09
2.71354 1.4382 0 434.716 1.50637e-09
2.71354 1.4382 0 435.719 1.46121e-09
2.71354 1.4382 0 436.721 1.41742e-09
2.71354 1.4382 0 437.724 1.37494e-09
2.71354 1.4382 0 438.726 1.33375e-09
2.71354 1.4382 0 439.728 1.29379e-09
2.71354 1.4382 0 440.731 1.25504e-09
2.71354 1.4382 0 441.733 1.21745e-09
2.71354 1.4382 0 442.736 1.181e-09
2.71354 1.4382 0 443.738 1.14564e-09
2.71354 1.4382 0 444.741 1.11135e-09
2.71354 1.4382 0 445.743 1.07809e-09
2.71354 1.4382 0 446.746 1.04583e-09
2.71354 1.4382 0 447.748 1.01454e-09
2.71354 1.4382 0 448.751 9.84187e-10
2.71354 1.4382 0 449.753 9.54749e-10
2.71354 1.4382 0 450.756 9.26196e-10
2.71354 1.4382 0 451.758 8.98502e-10
2.71354 1.4382 0 452.761 8.71639e-10
2.71354 1.4382 0 453.763 8.45583e-10
2.71354 1.4382 0 454.765 8.2031e-10
2.71354 1.4382 0 455.768 7.95796e-10
2.71354 1.4382 0 456.77 7.72018e-10
2.71354 1.4382 0 457.773 7.48954e-10
2.71354 1.4382 0 458.775 7.26582e-10
2.71354 1.4382 0 459.778 7.04881e-10
2.71354 1.4382 0 460.78 6.83831e-10
2.71354 1.4382 0 461.783 6.63413e-10
2.71354 1.4382 0 462.785 6.43608e-10
2.71354 1.4382 0 463.788 6.24396e-10
2.71354 1.4382 0 464.79 6.0576e-10
2.71354 1.4382 0 465.793 5.87683e-10
2.71354 1.4382 0 466.795 5.70148e-10
2.71354 1.4382 0 467.798 5.53138e-10
2.71354 1.4382 0 468.8 5.36639e-10
2.71354 1.4382 0 469.803 5.20633e-10
2.71354 1.4382 0 470.805 5.05107e-10
2.71354 1.4382 0 471.807 4.90046e-10
2.71354 1.4382 0 472.81 4.75436e-10
2.71354 1.4382 0 473.812 4.61263e-10
2.71354 1.4382 0 474.815 4.47515e-10
2.71354 1.4382 0 475.817 4.34178e-10
2.71354 1.4382 0 476.82 4.2124e-10
2.71354 1.4382 0 477.822 4.08689e-10
2.71354 1.4382 0 478.825 3.96514e-10
2.71354 1.4382 0 479.827 3.84704e-10
2.71354 1.4382 0 480.83 3.73246e-10
2.71354 1.4382 0 481.832 3.62131e-10
2.71354 1.4382 0 482.835 3.51348e-10
2.71354 1.4382 0 483.837 3.40888e-10
2.71354 1.4382 0 484.84 3.3074e-10
2.71354 1.4382 0 485.842 3.20896e-10
2.71354 1.4382 0 486.844 3.11346e-10
2.71354 1.4382 0 487.847 3.02081e-10
2.71354 1.4382 0 488.849 2.93093e-10
2.71354 1.4382 0 489.852 2.84374e-10
2.71354 1.4382 0 490.854 2.75915e-10
2.71354 1.4382 0 491.857 2.67708e-10
2.71354 1.4382 0 492.859 2.59747e-10
2.71354 1.4382 0 493.862 2.52023e-10
2.71354 1.4382 0 494.864 2.4453e-10
2.71354 1.4382 0 495.867 2.3726e-10
2.71354 1.4382 0 496.869 2.30207e-10
2.71354 1.4382 0 497.872 2.23365e-10
2.71354 1.4382 0 498.874 2.16727e-10
2.71354 1.4382 0 499.877 2.10287e-10
2.71354 1.4382 0 500.879 2.04039e-10
2.71354 1.4382 0 501.882 1.97977e-10
2.71354 1.4382 0 502.884 1.92096e-10
2.71354 1.4382 0 503.886 1.86391e-10
2.71354 1.4382 0 504.889 1.80855e-10
2.71354 1.4382 0 505.891 1.75485e-10
2.71354 1.4382 0 506.894 1.70274e-10
2.71354 1.4382 0 507.896 1.65219e-10
2.71354 1.4382 0 508.899 1.60315e-10
2.71354 1.4382 0 509.901 1.55556e-10
2.71354 1.4382 0 510.904 1.50939e-10
2.71354 1.4382 0 511.906 1.4646e-10
2.71354 1.4382 0 512.909 1.42114e-10
2.71354 1.4382 0 513.911 1.37898e-10
2.71354 1.4382 0 514.914 1.33807e-10
2.71354 1.4382 0 515.916 1.29838e-10
2.71354 1.4382 0 516.919 1.25987e-10
2.71354 1.4382 0 517.921 1.22251e-10
2.71354 1.4382 0 518.923 1.18625e-10
2.71354 1.4382 0 519.926 1.15108e-10
2.71354 1.4382 0 520.928 1.11695e-10
2.71354 1.4382 0 521.931 1.08384e-10
2.71354 1.4382 0 522.933 1.05172e-10
2.71354 1.4382 0 523.936 1.02055e-10
2.71354 1.4382 0 524.938 9.90301e-11
2.71354 1.4382 0 525.941 9.60956e-11
2.71354 1.4382 0 526.943 9.32484e-11
2.71354 1.4382 0 527.946 9.04858e-11
2.71354 1.4382 0 528.948 8.78052e-11
2.71354 1.4382 0 529.951 8.52044e-11
2.71354 1.4382 0 530.953 8.26809e-11
2.71354 1.4382 0 531.956 8.02323e-11
2.71354 1.4382 0 532.958 7.78565e-11
2.71354 1.4382 0 533.961 7.55512e-11
2.71354 1.4382 0 534.963 7.33144e-11
2.71354 1.4382 0 535.965 7.11441e-11
2.71354 1.4382 0 536.968 6.90382e-11
2.71354 1.4382 0 537.97 6.69948e-11
2.71354 1.4382 0 538.973 6.50121e-11
2.71354 1.4382 0 539.975 6.30883e-11
2.71354 1.4382 0 540.978 6.12216e-11
2.71354 1.4382 0 541.98 5.94102e-11
2.71354 1.4382 0 542.983 5.76527e-11
2.71354 1.4382 0 543.985 5.59473e-11
2.71354 1.4382 0 544.988 5.42924e-11
2.71354 1.4382 0 545.99 5.26867e-11
2.71354 1.4382 0 546.993 5.11286e-11
2.71354 1.4382 0 547.995 4.96167e-11
2.71354 1.4382 0 548.998 4.81497e-11
2.71354 1.4382 0 550 4.67262e-11

