1.93356 1.4382 200 150.015 9.21106e-06
1.93356 1.4382 200 151.017 1.65369e-05
1.93356 1.4382 200 152.02 1.68194e-05
1.93356 1.4382 200 153.022 1.62653e-05
1.93356 1.4382 200 154.025 1.56649e-05
1.93356 1.4382 200 155.027 1.50882e-05
1.93356 1.4382 200 156.03 1.45393e-05
1.93356 1.4382 200 157.032 1.40162e-05
1.93356 1.4382 200 158.035 1.35171e-05
1.93356 1.4382 200 159.037 1.30403e-05
1.93356 1.4382 200 160.04 1.25844e-05
1.93356 1.4382 200 161.042 1.21479e-05
1.93356 1.4382 200 162.045 1.17299e-05
1.93356 1.4382 200 163.047 1.13293e-05
1.93356 1.4382 200 164.05 1.09451e-05
1.93356 1.4382 200 165.052 1.05764e-05
1.93356 1.4382 200 166.054 1.02225e-05
1.93356 1.4382 200 167.057 9.88252e-06
1.93356 1.4382 200 168.059 9.55587e-06
1.93356 1.4382 200 169.062 9.24187e-06
1.93356 1.4382 200 170.064 8.93989e-06
1.93356 1.4382 200 171.067 8.64938e-06
1.93356 1.4382 200 172.069 8.3698e-06
1.93356 1.4382 200 173.072 8.10063e-06
1.93356 1.4382 200 174.074 7.84142e-06
1.93356 1.4382 200 175.077 7.59171e-06
1.93356 1.4382 200 176.079 7.35109e-06
1.93356 1.4382 200 177.082 7.11915e-06
1.93356 1.4382 200 178.084 6.89552e-06
1.93356 1.4382 200 179.087 6.67985e-06
1.93356 1.4382 200 180.089 6.47179e-06
1.93356 1.4382 200 181.092 6.27104e-06
1.93356 1.4382 200 182.094 6.07728e-06
1.93356 1.4382 200 183.096 5.89023e-06
1.93356 1.4382 200 184.099 5.70962e-06
1.93356 1.4382 200 185.101 5.53519e-06
1.93356 1.4382 200 186.104 5.36669e-06
1.93356 1.4382 200 187.106 5.2039e-06
1.93356 1.4382 200 188.109 5.04657e-06
1.93356 1.4382 200 189.111 4.89451e-06
1.93356 1.4382 200 190.114 4.74751e-06
1.93356 1.4382 200 191.116 4.60538e-06
1.93356 1.4382 200 192.119 4.46792e-06
1.93356 1.4382 200 193.121 4.33498e-06
1.93356 1.4382 200 194.124 4.20637e-06
1.93356 1.4382 200 195.126 4.08193e-06
1.93356 1.4382 200 196.129 3.96152e-06
1.93356 1.4382 200 197.131 3.84499e-06
1.93356 1.4382 200 198.133 3.73218e-06
1.93356 1.4382 200 199.136 3.62298e-06
1.93356 1.4382 200 200.138 3.51725e-06
1.93356 1.4382 200 201.141 3.41487e-06
1.93356 1.4382 200 202.143 3.31571e-06
1.93356 1.4382 200 203.146 3.21967e-06
1.93356 1.4382 200 204.148 3.12663e-06
1.93356 1.4382 200 205.151 3.03649e-06
1.93356 1.4382 200 206.153 2.94916e-06
1.93356 1.4382 200 207.156 2.86453e-06
1.93356 1.4382 200 208.158 2.7825e-06
1.93356 1.4382 200 209.161 2.703e-06
1.93356 1.4382 200 210.163 2.62594e-06
1.93356 1.4382 200 211.166 2.55123e-06
1.93356 1.4382 200 212.168 2.4788e-06
1.93356 1.4382 200 213.171 2.40856e-06
1.93356 1.4382 200 214.173 2.34045e-06
1.93356 1.4382 200 215.175 2.2744e-06
1.93356 1.4382 200 216.178 2.21033e-06
1.93356 1.4382 200 217.18 2.14819e-06
1.93356 1.4382 200 218.183 2.0879e-06
1.93356 1.4382 200 219.185 2.02942e-06
1.93356 1.4382 200 220.188 1.97267e-06
1.93356 1.4382 200 221.19 1.91761e-06
1.93356 1.4382 200 222.193 1.86418e-06
1.93356 1.4382 200 223.195 1.81232e-06
1.93356 1.4382 200 224.198 1.762e-06
1.93356 1.4382 200 225.2 1.71315e-06
1.93356 1.4382 200 226.203 1.66573e-06
1.93356 1.4382 200 227.205 1.61971e-06
1.93356 1.4382 200 228.208 1.57502e-06
1.93356 1.4382 200 229.21 1.53163e-06
1.93356 1.4382 200 230.212 1.48951e-06
1.93356 1.4382 200 231.215 1.4486e-06
1.93356 1.4382 200 232.217 1.40888e-06
1.93356 1.4382 200 233.22 1.37031e-06
1.93356 1.4382 200 234.222 1.33284e-06
1.93356 1.4382 200 235.225 1.29645e-06
1.93356 1.4382 200 236.227 1.26111e-06
1.93356 1.4382 200 237.23 1.22678e-06
1.93356 1.4382 200 238.232 1.19343e-06
1.93356 1.4382 200 239.235 1.16103e-06
1.93356 1.4382 200 240.237 1.12955e-06
1.93356 1.4382 200 241.24 1.09896e-06
1.93356 1.4382 200 242.242 1.06924e-06
1.93356 1.4382 200 243.245 1.04037e-06
1.93356 1.4382 200 244.247 1.01231e-06
1.93356 1.4382 200 245.25 9.85036e-07
1.93356 1.4382 200 246.252 9.58534e-07
1.93356 1.4382 200 247.254 9.32777e-07
1.93356 1.4382 200 248.257 9.07742e-07
1.93356 1.4382 200 249.259 8.83409e-07
1.93356 1.4382 200 250.262 8.59756e-07
1.93356 1.4382 200 251.264 8.36763e-07
1.93356 1.4382 200 252.267 8.14411e-07
1.93356 1.4382 200 253.269 7.92682e-07
1.93356 1.4382 200 254.272 7.71556e-07
1.93356 1.4382 200 255.274 7.51016e-07
1.93356 1.4382 200 256.277 7.31045e-07
1.93356 1.4382 200 257.279 7.11627e-07
1.93356 1.4382 200 258.282 6.92744e-07
1.93356 1.4382 200 259.284 6.74383e-07
1.93356 1.4382 200 260.287 6.56528e-07
1.93356 1.4382 200 261.289 6.39163e-07
1.93356 1.4382 200 262.291 6.22275e-07
1.93356 1.4382 200 263.294 6.05851e-07
1.93356 1.4382 200 264.296 5.89876e-07
1.93356 1.4382 200 265.299 5.74338e-07
1.93356 1.4382 200 266.301 5.59225e-07
1.93356 1.4382 200 267.304 5.44524e-07
1.93356 1.4382 200 268.306 5.30223e-07
1.93356 1.4382 200 269.309 5.16312e-07
1.93356 1.4382 200 270.311 5.02779e-07
1.93356 1.4382 200 271.314 4.89612e-07
1.93356 1.4382 200 272.316 4.76803e-07
1.93356 1.4382 200 273.319 4.64341e-07
1.93356 1.4382 200 274.321 4.52215e-07
1.93356 1.4382 200 275.324 4.40417e-07
1.93356 1.4382 200 276.326 4.28938e-07
1.93356 1.4382 200 277.329 4.17767e-07
1.93356 1.4382 200 278.331 4.06897e-07
1.93356 1.4382 200 279.333 3.9632e-07
1.93356 1.4382 200 280.336 3.86026e-07
1.93356 1.4382 200 281.338 3.76009e-07
1.93356 1.4382 200 282.341 3.6626e-07
1.93356 1.4382 200 283.343 3.56772e-07
1.93356 1.4382 200 284.346 3.47537e-07
1.93356 1.4382 200 285.348 3.38549e-07
1.93356 1.4382 200 286.351 3.29801e-07
1.93356 1.4382 200 287.353 3.21286e-07
1.93356 1.4382 200 288.356 3.12997e-07
1.93356 1.4382 200 289.358 3.04929e-07
1.93356 1.4382 200 290.361 2.97076e-07
1.93356 1.4382 200 291.363 2.89431e-07
1.93356 1.4382 200 292.366 2.81988e-07
1.93356 1.4382 200 293.368 2.74742e-07
1.93356 1.4382 200 294.37 2.67689e-07
1.93356 1.4382 200 295.373 2.60821e-07
1.93356 1.4382 200 296.375 2.54135e-07
1.93356 1.4382 200 297.378 2.47626e-07
1.93356 1.4382 200 298.38 2.41288e-07
1.93356 1.4382 200 299.383 2.35117e-07
1.93356 1.4382 200 300.385 2.29108e-07
1.93356 1.4382 200 301.388 2.23257e-07
1.93356 1.4382 200 302.39 2.1756e-07
1.93356 1.4382 200 303.393 2.12012e-07
1.93356 1.4382 200 304.395 2.06609e-07
1.93356 1.4382 200 305.398 2.01349e-07
1.93356 1.4382 200 306.4 1.96225e-07
1.93356 1.4382 200 307.403 1.91236e-07
1.93356 1.4382 200 308.405 1.86377e-07
1.93356 1.4382 200 309.408 1.81645e-07
1.93356 1.4382 200 310.41 1.77036e-07
1.93356 1.4382 200 311.412 1.72547e-07
1.93356 1.4382 200 312.415 1.68175e-07
1.93356 1.4382 200 313.417 1.63917e-07
1.93356 1.4382 200 314.42 1.59769e-07
1.93356 1.4382 200 315.422 1.55729e-07
1.93356 1.4382 200 316.425 1.51794e-07
1.93356 1.4382 200 317.427 1.47961e-07
1.93356 1.4382 200 318.43 1.44227e-07
1.93356 1.4382 200 319.432 1.4059e-07
1.93356 1.4382 200 320.435 1.37046e-07
1.93356 1.4382 200 321.437 1.33595e-07
1.93356 1.4382 200 322.44 1.30232e-07
1.93356 1.4382 200 323.442 1.26956e-07
1.93356 1.4382 200 324.445 1.23765e-07
1.93356 1.4382 200 325.447 1.20656e-07
1.93356 1.4382 200 326.449 1.17627e-07
1.93356 1.4382 200 327.452 1.14675e-07
1.93356 1.4382 200 328.454 1.118e-07
1.93356 1.4382 200 329.457 1.08998e-07
1.93356 1.4382 200 330.459 1.06269e-07
1.93356 1.4382 200 331.462 1.03609e-07
1.93356 1.4382 200 332.464 1.01017e-07
1.93356 1.4382 200 333.467 9.84923e-08
1.93356 1.4382 200 334.469 9.60317e-08
1.93356 1.4382 200 335.472 9.3634e-08
1.93356 1.4382 200 336.474 9.12976e-08
1.93356 1.4382 200 337.477 8.90208e-08
1.93356 1.4382 200 338.479 8.68022e-08
1.93356 1.4382 200 339.482 8.46401e-08
1.93356 1.4382 200 340.484 8.2533e-08
1.93356 1.4382 200 341.487 8.04796e-08
1.93356 1.4382 200 342.489 7.84785e-08
1.93356 1.4382 200 343.491 7.65283e-08
1.93356 1.4382 200 344.494 7.46275e-08
1.93356 1.4382 200 345.496 7.27751e-08
1.93356 1.4382 200 346.499 7.09697e-08
1.93356 1.4382 200 347.501 6.921e-08
1.93356 1.4382 200 348.504 6.74949e-08
1.93356 1.4382 200 349.506 6.58233e-08
1.93356 1.4382 200 350.509 6.41939e-08
1.93356 1.4382 200 351.511 6.26058e-08
1.93356 1.4382 200 352.514 6.10578e-08
1.93356 1.4382 200 353.516 5.95489e-08
1.93356 1.4382 200 354.519 5.80781e-08
1.93356 1.4382 200 355.521 5.66444e-08
1.93356 1.4382 200 356.524 5.52469e-08
1.93356 1.4382 200 357.526 5.38845e-08
1.93356 1.4382 200 358.528 5.25565e-08
1.93356 1.4382 200 359.531 5.12618e-08
1.93356 1.4382 200 360.533 4.99998e-08
1.93356 1.4382 200 361.536 4.87694e-08
1.93356 1.4382 200 362.538 4.757e-08
1.93356 1.4382 200 363.541 4.64006e-08
1.93356 1.4382 200 364.543 4.52606e-08
1.93356 1.4382 200 365.546 4.41492e-08
1.93356 1.4382 200 366.548 4.30656e-08
1.93356 1.4382 200 367.551 4.20092e-08
1.93356 1.4382 200 368.553 4.09792e-08
1.93356 1.4382 200 369.556 3.99749e-08
1.93356 1.4382 200 370.558 3.89958e-08
1.93356 1.4382 200 371.561 3.80411e-08
1.93356 1.4382 200 372.563 3.71103e-08
1.93356 1.4382 200 373.566 3.62027e-08
1.93356 1.4382 200 374.568 3.53177e-08
1.93356 1.4382 200 375.57 3.44548e-08
1.93356 1.4382 200 376.573 3.36133e-08
1.93356 1.4382 200 377.575 3.27929e-08
1.93356 1.4382 200 378.578 3.19928e-08
1.93356 1.4382 200 379.58 3.12127e-08
1.93356 1.4382 200 380.583 3.04519e-08
1.93356 1.4382 200 381.585 2.971e-08
1.93356 1.4382 200 382.588 2.89866e-08
1.93356 1.4382 200 383.59 2.82811e-08
1.93356 1.4382 200 384.593 2.75931e-08
1.93356 1.4382 200 385.595 2.69221e-08
1.93356 1.4382 200 386.598 2.62678e-08
1.93356 1.4382 200 387.6 2.56297e-08
1.93356 1.4382 200 388.603 2.50074e-08
1.93356 1.4382 200 389.605 2.44004e-08
1.93356 1.4382 200 390.607 2.38085e-08
1.93356 1.4382 200 391.61 2.32312e-08
1.93356 1.4382 200 392.612 2.26681e-08
1.93356 1.4382 200 393.615 2.2119e-08
1.93356 1.4382 200 394.617 2.15834e-08
1.93356 1.4382 200 395.62 2.1061e-08
1.93356 1.4382 200 396.622 2.05515e-08
1.93356 1.4382 200 397.625 2.00545e-08
1.93356 1.4382 200 398.627 1.95698e-08
1.93356 1.4382 200 399.63 1.9097e-08
1.93356 1.4382 200 400.632 1.86358e-08
1.93356 1.4382 200 401.635 1.81859e-08
1.93356 1.4382 200 402.637 1.77472e-08
1.93356 1.4382 200 403.64 1.73191e-08
1.93356 1.4382 200 404.642 1.69016e-08
1.93356 1.4382 200 405.645 1.64944e-08
1.93356 1.4382 200 406.647 1.60971e-08
1.93356 1.4382 200 407.649 1.57095e-08
1.93356 1.4382 200 408.652 1.53315e-08
1.93356 1.4382 200 409.654 1.49627e-08
1.93356 1.4382 200 410.657 1.46029e-08
1.93356 1.4382 200 411.659 1.4252e-08
1.93356 1.4382 200 412.662 1.39096e-08
1.93356 1.4382 200 413.664 1.35756e-08
1.93356 1.4382 200 414.667 1.32497e-08
1.93356 1.4382 200 415.669 1.29318e-08
1.93356 1.4382 200 416.672 1.26217e-08
1.93356 1.4382 200 417.674 1.23191e-08
1.93356 1.4382 200 418.677 1.20239e-08
1.93356 1.4382 200 419.679 1.17359e-08
1.93356 1.4382 200 420.682 1.14549e-08
1.93356 1.4382 200 421.684 1.11807e-08
1.93356 1.4382 200 422.686 1.09132e-08
1.93356 1.4382 200 423.689 1.06522e-08
1.93356 1.4382 200 424.691 1.03976e-08
1.93356 1.4382 200 425.694 1.01492e-08
1.93356 1.4382 200 426.696 9.90676e-09
1.93356 1.4382 200 427.699 9.67023e-09
1.93356 1.4382 200 428.701 9.43945e-09
1.93356 1.4382 200 429.704 9.21426e-09
1.93356 1.4382 200 430.706 8.99453e-09
1.93356 1.4382 200 431.709 8.78013e-09
1.93356 1.4382 200 432.711 8.57092e-09
1.93356 1.4382 200 433.714 8.36678e-09
1.93356 1.4382 200 434.716 8.16758e-09
1.93356 1.4382 200 435.719 7.9732e-09
1.93356 1.4382 200 436.721 7.78352e-09
1.93356 1.4382 200 437.724 7.59842e-09
1.93356 1.4382 200 438.726 7.4178e-09
1.93356 1.4382 200 439.728 7.24153e-09
1.93356 1.4382 200 440.731 7.06953e-09
1.93356 1.4382 200 441.733 6.90167e-09
1.93356 1.4382 200 442.736 6.73786e-09
1.93356 1.4382 200 443.738 6.578e-09
1.93356 1.4382 200 444.741 6.42199e-09
1.93356 1.4382 200 445.743 6.26974e-09
1.93356 1.4382 200 446.746 6.12116e-09
1.93356 1.4382 200 447.748 5.97615e-09
1.93356 1.4382 200 448.751 5.83464e-09
1.93356 1.4382 200 449.753 5.69652e-09
1.93356 1.4382 200 450.756 5.56172e-09
1.93356 1.4382 200 451.758 5.43017e-09
1.93356 1.4382 200 452.761 5.30177e-09
1.93356 1.4382 200 453.763 5.17645e-09
1.93356 1.4382 200 454.765 5.05415e-09
1.93356 1.4382 200 455.768 4.93477e-09
1.93356 1.4382 200 456.77 4.81826e-09
1.93356 1.4382 200 457.773 4.70454e-09
1.93356 1.4382 200 458.775 4.59355e-09
1.93356 1.4382 200 459.778 4.48521e-09
1.93356 1.4382 200 460.78 4.37947e-09
1.93356 1.4382 200 461.783 4.27626e-09
1.93356 1.4382 200 462.785 4.17551e-09
1.93356 1.4382 200 463.788 4.07718e-09
1.93356 1.4382 200 464.79 3.98119e-09
1.93356 1.4382 200 465.793 3.8875e-09
1.93356 1.4382 200 466.795 3.79605e-09
1.93356 1.4382 200 467.798 3.70678e-09
1.93356 1.4382 200 468.8 3.61964e-09
1.93356 1.4382 200 469.803 3.53458e-09
1.93356 1.4382 200 470.805 3.45154e-09
1.93356 1.4382 200 471.807 3.37049e-09
1.93356 1.4382 200 472.81 3.29136e-09
1.93356 1.4382 200 473.812 3.21412e-09
1.93356 1.4382 200 474.815 3.13872e-09
1.93356 1.4382 200 475.817 3.06512e-09
1.93356 1.4382 200 476.82 2.99326e-09
1.93356 1.4382 200 477.822 2.92312e-09
1.93356 1.4382 200 478.825 2.85464e-09
1.93356 1.4382 200 479.827 2.78779e-09
1.93356 1.4382 200 480.83 2.72252e-09
1.93356 1.4382 200 481.832 2.65881e-09
1.93356 1.4382 200 482.835 2.59661e-09
1.93356 1.4382 200 483.837 2.53588e-09
1.93356 1.4382 200 484.84 2.4766e-09
1.93356 1.4382 200 485.842 2.41872e-09
1.93356 1.4382 200 486.844 2.36221e-09
1.93356 1.4382 200 487.847 2.30704e-09
1.93356 1.4382 200 488.849 2.25317e-09
1.93356 1.4382 200 489.852 2.20059e-09
1.93356 1.4382 200 490.854 2.14924e-09
1.93356 1.4382 200 491.857 2.09911e-09
1.93356 1.4382 200 492.859 2.05017e-09
1.93356 1.4382 200 493.862 2.00238e-09
1.93356 1.4382 200 494.864 1.95572e-09
1.93356 1.4382 200 495.867 1.91017e-09
1.93356 1.4382 200 496.869 1.86569e-09
1.93356 1.4382 200 497.872 1.82226e-09
1.93356 1.4382 200 498.874 1.77985e-09
1.93356 1.4382 200 499.877 1.73845e-09
1.93356 1.4382 200 500.879 1.69802e-09
1.93356 1.4382 200 501.882 1.65854e-09
1.93356 1.4382 200 502.884 1.62e-09
1.93356 1.4382 200 503.886 1.58236e-09
1.93356 1.4382 200 504.889 1.54561e-09
1.93356 1.4382 200 505.891 1.50972e-09
1.93356 1.4382 200 506.894 1.47468e-09
1.93356 1.4382 200 507.896 1.44046e-09
1.93356 1.4382 200 508.899 1.40705e-09
1.93356 1.4382 200 509.901 1.37442e-09
1.93356 1.4382 200 510.904 1.34256e-09
1.93356 1.4382 200 511.906 1.31144e-09
1.93356 1.4382 200 512.909 1.28106e-09
1.93356 1.4382 200 513.911 1.25139e-09
1.93356 1.4382 200 514.914 1.22242e-09
1.93356 1.4382 200 515.916 1.19412e-09
1.93356 1.4382 200 516.919 1.16649e-09
1.93356 1.4382 200 517.921 1.13951e-09
1.93356 1.4382 200 518.923 1.11316e-09
1.93356 1.4382 200 519.926 1.08742e-09
1.93356 1.4382 200 520.928 1.06229e-09
1.93356 1.4382 200 521.931 1.03775e-09
1.93356 1.4382 200 522.933 1.01378e-09
1.93356 1.4382 200 523.936 9.90376e-10
1.93356 1.4382 200 524.938 9.67515e-10
1.93356 1.4382 200 525.941 9.4519e-10
1.93356 1.4382 200 526.943 9.23385e-10
1.93356 1.4382 200 527.946 9.02091e-10
1.93356 1.4382 200 528.948 8.81293e-10
1.93356 1.4382 200 529.951 8.60981e-10
1.93356 1.4382 200 530.953 8.41143e-10
1.93356 1.4382 200 531.956 8.21768e-10
1.93356 1.4382 200 532.958 8.02845e-10
1.93356 1.4382 200 533.961 7.84363e-10
1.93356 1.4382 200 534.963 7.66312e-10
1.93356 1.4382 200 535.965 7.48682e-10
1.93356 1.4382 200 536.968 7.31462e-10
1.93356 1.4382 200 537.97 7.14643e-10
1.93356 1.4382 200 538.973 6.98215e-10
1.93356 1.4382 200 539.975 6.8217e-10
1.93356 1.4382 200 540.978 6.66498e-10
1.93356 1.4382 200 541.98 6.5119e-10
1.93356 1.4382 200 542.983 6.36239e-10
1.93356 1.4382 200 543.985 6.21635e-10
1.93356 1.4382 200 544.988 6.0737e-10
1.93356 1.4382 200 545.99 5.93436e-10
1.93356 1.4382 200 546.993 5.79826e-10
1.93356 1.4382 200 547.995 5.66532e-10
1.93356 1.4382 200 548.998 5.53547e-10
1.93356 1.4382 200 550 5.40862e-10
