3.92628 1.4382 0 150.015 1.44969e-05
3.92628 1.4382 0 151.017 2.42406e-05
3.92628 1.4382 0 152.02 2.23385e-05
3.92628 1.4382 0 153.022 1.97601e-05
3.92628 1.4382 0 154.025 1.76348e-05
3.92628 1.4382 0 155.027 1.58745e-05
3.92628 1.4382 0 156.03 1.4384e-05
3.92628 1.4382 0 157.032 1.31009e-05
3.92628 1.4382 0 158.035 1.19826e-05
3.92628 1.4382 0 159.037 1.09986e-05
3.92628 1.4382 0 160.04 1.01261e-05
3.92628 1.4382 0 161.042 9.34745e-06
3.92628 1.4382 0 162.045 8.64875e-06
3.92628 1.4382 0 163.047 8.01881e-06
3.92628 1.4382 0 164.05 7.44852e-06
3.92628 1.4382 0 165.052 6.93034e-06
3.92628 1.4382 0 166.054 6.45797e-06
3.92628 1.4382 0 167.057 6.02609e-06
3.92628 1.4382 0 168.059 5.63019e-06
3.92628 1.4382 0 169.062 5.26639e-06
3.92628 1.4382 0 170.064 4.93136e-06
3.92628 1.4382 0 171.067 4.6222e-06
3.92628 1.4382 0 172.069 4.33639e-06
3.92628 1.4382 0 173.072 4.07172e-06
3.92628 1.4382 0 174.074 3.82623e-06
3.92628 1.4382 0 175.077 3.5982e-06
3.92628 1.4382 0 176.079 3.38611e-06
3.92628 1.4382 0 177.082 3.18859e-06
3.92628 1.4382 0 178.084 3.00443e-06
3.92628 1.4382 0 179.087 2.83252e-06
3.92628 1.4382 0 180.089 2.6719e-06
3.92628 1.4382 0 181.092 2.52168e-06
3.92628 1.4382 0 182.094 2.38105e-06
3.92628 1.4382 0 183.096 2.24929e-06
3.92628 1.4382 0 184.099 2.12575e-06
3.92628 1.4382 0 185.101 2.00982e-06
3.92628 1.4382 0 186.104 1.90095e-06
3.92628 1.4382 0 187.106 1.79865e-06
3.92628 1.4382 0 188.109 1.70245e-06
3.92628 1.4382 0 189.111 1.61195e-06
3.92628 1.4382 0 190.114 1.52675e-06
3.92628 1.4382 0 191.116 1.4465e-06
3.92628 1.4382 0 192.119 1.37087e-06
3.92628 1.4382 0 193.121 1.29956e-06
3.92628 1.4382 0 194.124 1.23229e-06
3.92628 1.4382 0 195.126 1.1688e-06
3.92628 1.4382 0 196.129 1.10886e-06
3.92628 1.4382 0 197.131 1.05225e-06
3.92628 1.4382 0 198.133 9.98754e-07
3.92628 1.4382 0 199.136 9.48187e-07
3.92628 1.4382 0 200.138 9.0037e-07
3.92628 1.4382 0 201.141 8.5514e-07
3.92628 1.4382 0 202.143 8.12341e-07
3.92628 1.4382 0 203.146 7.7183e-07
3.92628 1.4382 0 204.148 7.33473e-07
3.92628 1.4382 0 205.151 6.97145e-07
3.92628 1.4382 0 206.153 6.6273e-07
3.92628 1.4382 0 207.156 6.30117e-07
3.92628 1.4382 0 208.158 5.99204e-07
3.92628 1.4382 0 209.161 5.69895e-07
3.92628 1.4382 0 210.163 5.42101e-07
3.92628 1.4382 0 211.166 5.15736e-07
3.92628 1.4382 0 212.168 4.90722e-07
3.92628 1.4382 0 213.171 4.66985e-07
3.92628 1.4382 0 214.173 4.44454e-07
3.92628 1.4382 0 215.175 4.23063e-07
3.92628 1.4382 0 216.178 4.02753e-07
3.92628 1.4382 0 217.18 3.83463e-07
3.92628 1.4382 0 218.183 3.65139e-07
3.92628 1.4382 0 219.185 3.47731e-07
3.92628 1.4382 0 220.188 3.31188e-07
3.92628 1.4382 0 221.19 3.15467e-07
3.92628 1.4382 0 222.193 3.00523e-07
3.92628 1.4382 0 223.195 2.86316e-07
3.92628 1.4382 0 224.198 2.72807e-07
3.92628 1.4382 0 225.2 2.59961e-07
3.92628 1.4382 0 226.203 2.47742e-07
3.92628 1.4382 0 227.205 2.3612e-07
3.92628 1.4382 0 228.208 2.25062e-07
3.92628 1.4382 0 229.21 2.14542e-07
3.92628 1.4382 0 230.212 2.0453e-07
3.92628 1.4382 0 231.215 1.95001e-07
3.92628 1.4382 0 232.217 1.85931e-07
3.92628 1.4382 0 233.22 1.77297e-07
3.92628 1.4382 0 234.222 1.69077e-07
3.92628 1.4382 0 235.225 1.6125e-07
3.92628 1.4382 0 236.227 1.53796e-07
3.92628 1.4382 0 237.23 1.46698e-07
3.92628 1.4382 0 238.232 1.39937e-07
3.92628 1.4382 0 239.235 1.33496e-07
3.92628 1.4382 0 240.237 1.27361e-07
3.92628 1.4382 0 241.24 1.21515e-07
3.92628 1.4382 0 242.242 1.15945e-07
3.92628 1.4382 0 243.245 1.10638e-07
3.92628 1.4382 0 244.247 1.05579e-07
3.92628 1.4382 0 245.25 1.00758e-07
3.92628 1.4382 0 246.252 9.61631e-08
3.92628 1.4382 0 247.254 9.17827e-08
3.92628 1.4382 0 248.257 8.76068e-08
3.92628 1.4382 0 249.259 8.36254e-08
3.92628 1.4382 0 250.262 7.98293e-08
3.92628 1.4382 0 251.264 7.62096e-08
3.92628 1.4382 0 252.267 7.27577e-08
3.92628 1.4382 0 253.269 6.94657e-08
3.92628 1.4382 0 254.272 6.6326e-08
3.92628 1.4382 0 255.274 6.33312e-08
3.92628 1.4382 0 256.277 6.04746e-08
3.92628 1.4382 0 257.279 5.77496e-08
3.92628 1.4382 0 258.282 5.51499e-08
3.92628 1.4382 0 259.284 5.26696e-08
3.92628 1.4382 0 260.287 5.03031e-08
3.92628 1.4382 0 261.289 4.8045e-08
3.92628 1.4382 0 262.291 4.58902e-08
3.92628 1.4382 0 263.294 4.3834e-08
3.92628 1.4382 0 264.296 4.18716e-08
3.92628 1.4382 0 265.299 3.99986e-08
3.92628 1.4382 0 266.301 3.8211e-08
3.92628 1.4382 0 267.304 3.65047e-08
3.92628 1.4382 0 268.306 3.4876e-08
3.92628 1.4382 0 269.309 3.33212e-08
3.92628 1.4382 0 270.311 3.18368e-08
3.92628 1.4382 0 271.314 3.04198e-08
3.92628 1.4382 0 272.316 2.90668e-08
3.92628 1.4382 0 273.319 2.7775e-08
3.92628 1.4382 0 274.321 2.65416e-08
3.92628 1.4382 0 275.324 2.53637e-08
3.92628 1.4382 0 276.326 2.4239e-08
3.92628 1.4382 0 277.329 2.31649e-08
3.92628 1.4382 0 278.331 2.21392e-08
3.92628 1.4382 0 279.333 2.11595e-08
3.92628 1.4382 0 280.336 2.02238e-08
3.92628 1.4382 0 281.338 1.93301e-08
3.92628 1.4382 0 282.341 1.84765e-08
3.92628 1.4382 0 283.343 1.76611e-08
3.92628 1.4382 0 284.346 1.68822e-08
3.92628 1.4382 0 285.348 1.61381e-08
3.92628 1.4382 0 286.351 1.54273e-08
3.92628 1.4382 0 287.353 1.47481e-08
3.92628 1.4382 0 288.356 1.40993e-08
3.92628 1.4382 0 289.358 1.34794e-08
3.92628 1.4382 0 290.361 1.28871e-08
3.92628 1.4382 0 291.363 1.23212e-08
3.92628 1.4382 0 292.366 1.17804e-08
3.92628 1.4382 0 293.368 1.12636e-08
3.92628 1.4382 0 294.37 1.07698e-08
3.92628 1.4382 0 295.373 1.02979e-08
3.92628 1.4382 0 296.375 9.84697e-09
3.92628 1.4382 0 297.378 9.41598e-09
3.92628 1.4382 0 298.38 9.00407e-09
3.92628 1.4382 0 299.383 8.61039e-09
3.92628 1.4382 0 300.385 8.23412e-09
3.92628 1.4382 0 301.388 7.87447e-09
3.92628 1.4382 0 302.39 7.5307e-09
3.92628 1.4382 0 303.393 7.20211e-09
3.92628 1.4382 0 304.395 6.88801e-09
3.92628 1.4382 0 305.398 6.58775e-09
3.92628 1.4382 0 306.4 6.30072e-09
3.92628 1.4382 0 307.403 6.02633e-09
3.92628 1.4382 0 308.405 5.764e-09
3.92628 1.4382 0 309.408 5.51321e-09
3.92628 1.4382 0 310.41 5.27345e-09
3.92628 1.4382 0 311.412 5.04421e-09
3.92628 1.4382 0 312.415 4.82504e-09
3.92628 1.4382 0 313.417 4.61548e-09
3.92628 1.4382 0 314.42 4.41511e-09
3.92628 1.4382 0 315.422 4.22352e-09
3.92628 1.4382 0 316.425 4.04032e-09
3.92628 1.4382 0 317.427 3.86514e-09
3.92628 1.4382 0 318.43 3.69763e-09
3.92628 1.4382 0 319.432 3.53744e-09
3.92628 1.4382 0 320.435 3.38425e-09
3.92628 1.4382 0 321.437 3.23776e-09
3.92628 1.4382 0 322.44 3.09766e-09
3.92628 1.4382 0 323.442 2.96368e-09
3.92628 1.4382 0 324.445 2.83554e-09
3.92628 1.4382 0 325.447 2.71299e-09
3.92628 1.4382 0 326.449 2.59578e-09
3.92628 1.4382 0 327.452 2.48367e-09
3.92628 1.4382 0 328.454 2.37645e-09
3.92628 1.4382 0 329.457 2.27389e-09
3.92628 1.4382 0 330.459 2.17579e-09
3.92628 1.4382 0 331.462 2.08196e-09
3.92628 1.4382 0 332.464 1.99221e-09
3.92628 1.4382 0 333.467 1.90635e-09
3.92628 1.4382 0 334.469 1.82423e-09
3.92628 1.4382 0 335.472 1.74567e-09
3.92628 1.4382 0 336.474 1.67052e-09
3.92628 1.4382 0 337.477 1.59862e-09
3.92628 1.4382 0 338.479 1.52985e-09
3.92628 1.4382 0 339.482 1.46405e-09
3.92628 1.4382 0 340.484 1.40111e-09
3.92628 1.4382 0 341.487 1.34089e-09
3.92628 1.4382 0 342.489 1.28327e-09
3.92628 1.4382 0 343.491 1.22815e-09
3.92628 1.4382 0 344.494 1.17541e-09
3.92628 1.4382 0 345.496 1.12496e-09
3.92628 1.4382 0 346.499 1.07668e-09
3.92628 1.4382 0 347.501 1.03049e-09
3.92628 1.4382 0 348.504 9.86295e-10
3.92628 1.4382 0 349.506 9.44007e-10
3.92628 1.4382 0 350.509 9.03544e-10
3.92628 1.4382 0 351.511 8.64827e-10
3.92628 1.4382 0 352.514 8.27779e-10
3.92628 1.4382 0 353.516 7.92328e-10
3.92628 1.4382 0 354.519 7.58405e-10
3.92628 1.4382 0 355.521 7.25943e-10
3.92628 1.4382 0 356.524 6.94879e-10
3.92628 1.4382 0 357.526 6.65153e-10
3.92628 1.4382 0 358.528 6.36706e-10
3.92628 1.4382 0 359.531 6.09483e-10
3.92628 1.4382 0 360.533 5.8343e-10
3.92628 1.4382 0 361.536 5.58498e-10
3.92628 1.4382 0 362.538 5.34638e-10
3.92628 1.4382 0 363.541 5.11802e-10
3.92628 1.4382 0 364.543 4.89948e-10
3.92628 1.4382 0 365.546 4.69032e-10
3.92628 1.4382 0 366.548 4.49013e-10
3.92628 1.4382 0 367.551 4.29854e-10
3.92628 1.4382 0 368.553 4.11517e-10
3.92628 1.4382 0 369.556 3.93967e-10
3.92628 1.4382 0 370.558 3.77169e-10
3.92628 1.4382 0 371.561 3.61091e-10
3.92628 1.4382 0 372.563 3.45702e-10
3.92628 1.4382 0 373.566 3.30972e-10
3.92628 1.4382 0 374.568 3.16873e-10
3.92628 1.4382 0 375.57 3.03378e-10
3.92628 1.4382 0 376.573 2.9046e-10
3.92628 1.4382 0 377.575 2.78095e-10
3.92628 1.4382 0 378.578 2.6626e-10
3.92628 1.4382 0 379.58 2.5493e-10
3.92628 1.4382 0 380.583 2.44085e-10
3.92628 1.4382 0 381.585 2.33704e-10
3.92628 1.4382 0 382.588 2.23766e-10
3.92628 1.4382 0 383.59 2.14253e-10
3.92628 1.4382 0 384.593 2.05146e-10
3.92628 1.4382 0 385.595 1.96428e-10
3.92628 1.4382 0 386.598 1.88082e-10
3.92628 1.4382 0 387.6 1.80093e-10
3.92628 1.4382 0 388.603 1.72444e-10
3.92628 1.4382 0 389.605 1.65122e-10
3.92628 1.4382 0 390.607 1.58112e-10
3.92628 1.4382 0 391.61 1.51401e-10
3.92628 1.4382 0 392.612 1.44976e-10
3.92628 1.4382 0 393.615 1.38825e-10
3.92628 1.4382 0 394.617 1.32936e-10
3.92628 1.4382 0 395.62 1.27298e-10
3.92628 1.4382 0 396.622 1.219e-10
3.92628 1.4382 0 397.625 1.16732e-10
3.92628 1.4382 0 398.627 1.11784e-10
3.92628 1.4382 0 399.63 1.07047e-10
3.92628 1.4382 0 400.632 1.02511e-10
3.92628 1.4382 0 401.635 9.8168e-11
3.92628 1.4382 0 402.637 9.40099e-11
3.92628 1.4382 0 403.64 9.00286e-11
3.92628 1.4382 0 404.642 8.62167e-11
3.92628 1.4382 0 405.645 8.25667e-11
3.92628 1.4382 0 406.647 7.90719e-11
3.92628 1.4382 0 407.649 7.57256e-11
3.92628 1.4382 0 408.652 7.25215e-11
3.92628 1.4382 0 409.654 6.94534e-11
3.92628 1.4382 0 410.657 6.65157e-11
3.92628 1.4382 0 411.659 6.37026e-11
3.92628 1.4382 0 412.662 6.1009e-11
3.92628 1.4382 0 413.664 5.84297e-11
3.92628 1.4382 0 414.667 5.59599e-11
3.92628 1.4382 0 415.669 5.35948e-11
3.92628 1.4382 0 416.672 5.13301e-11
3.92628 1.4382 0 417.674 4.91614e-11
3.92628 1.4382 0 418.677 4.70847e-11
3.92628 1.4382 0 419.679 4.5096e-11
3.92628 1.4382 0 420.682 4.31916e-11
3.92628 1.4382 0 421.684 4.13679e-11
3.92628 1.4382 0 422.686 3.96214e-11
3.92628 1.4382 0 423.689 3.7949e-11
3.92628 1.4382 0 424.691 3.63474e-11
3.92628 1.4382 0 425.694 3.48136e-11
3.92628 1.4382 0 426.696 3.33447e-11
3.92628 1.4382 0 427.699 3.19381e-11
3.92628 1.4382 0 428.701 3.05909e-11
3.92628 1.4382 0 429.704 2.93008e-11
3.92628 1.4382 0 430.706 2.80653e-11
3.92628 1.4382 0 431.709 2.6882e-11
3.92628 1.4382 0 432.711 2.57488e-11
3.92628 1.4382 0 433.714 2.46635e-11
3.92628 1.4382 0 434.716 2.36241e-11
3.92628 1.4382 0 435.719 2.26286e-11
3.92628 1.4382 0 436.721 2.16752e-11
3.92628 1.4382 0 437.724 2.07621e-11
3.92628 1.4382 0 438.726 1.98876e-11
3.92628 1.4382 0 439.728 1.90501e-11
3.92628 1.4382 0 440.731 1.82479e-11
3.92628 1.4382 0 441.733 1.74796e-11
3.92628 1.4382 0 442.736 1.67437e-11
3.92628 1.4382 0 443.738 1.60389e-11
3.92628 1.4382 0 444.741 1.53639e-11
3.92628 1.4382 0 445.743 1.47173e-11
3.92628 1.4382 0 446.746 1.40981e-11
3.92628 1.4382 0 447.748 1.3505e-11
3.92628 1.4382 0 448.751 1.29369e-11
3.92628 1.4382 0 449.753 1.23927e-11
3.92628 1.4382 0 450.756 1.18716e-11
3.92628 1.4382 0 451.758 1.13723e-11
3.92628 1.4382 0 452.761 1.08942e-11
3.92628 1.4382 0 453.763 1.04362e-11
3.92628 1.4382 0 454.765 9.99751e-12
3.92628 1.4382 0 455.768 9.57732e-12
3.92628 1.4382 0 456.77 9.17483e-12
3.92628 1.4382 0 457.773 8.7893e-12
3.92628 1.4382 0 458.775 8.42002e-12
3.92628 1.4382 0 459.778 8.06629e-12
3.92628 1.4382 0 460.78 7.72746e-12
3.92628 1.4382 0 461.783 7.4029e-12
3.92628 1.4382 0 462.785 7.09201e-12
3.92628 1.4382 0 463.788 6.79421e-12
3.92628 1.4382 0 464.79 6.50894e-12
3.92628 1.4382 0 465.793 6.23568e-12
3.92628 1.4382 0 466.795 5.97393e-12
3.92628 1.4382 0 467.798 5.72318e-12
3.92628 1.4382 0 468.8 5.48299e-12
3.92628 1.4382 0 469.803 5.25291e-12
3.92628 1.4382 0 470.805 5.0325e-12
3.92628 1.4382 0 471.807 4.82136e-12
3.92628 1.4382 0 472.81 4.61911e-12
3.92628 1.4382 0 473.812 4.42535e-12
3.92628 1.4382 0 474.815 4.23975e-12
3.92628 1.4382 0 475.817 4.06194e-12
3.92628 1.4382 0 476.82 3.89162e-12
3.92628 1.4382 0 477.822 3.72845e-12
3.92628 1.4382 0 478.825 3.57213e-12
3.92628 1.4382 0 479.827 3.42239e-12
3.92628 1.4382 0 480.83 3.27894e-12
3.92628 1.4382 0 481.832 3.14151e-12
3.92628 1.4382 0 482.835 3.00986e-12
3.92628 1.4382 0 483.837 2.88374e-12
3.92628 1.4382 0 484.84 2.76291e-12
3.92628 1.4382 0 485.842 2.64716e-12
3.92628 1.4382 0 486.844 2.53626e-12
3.92628 1.4382 0 487.847 2.43003e-12
3.92628 1.4382 0 488.849 2.32825e-12
3.92628 1.4382 0 489.852 2.23074e-12
3.92628 1.4382 0 490.854 2.13733e-12
3.92628 1.4382 0 491.857 2.04784e-12
3.92628 1.4382 0 492.859 1.9621e-12
3.92628 1.4382 0 493.862 1.87996e-12
3.92628 1.4382 0 494.864 1.80126e-12
3.92628 1.4382 0 495.867 1.72587e-12
3.92628 1.4382 0 496.869 1.65364e-12
3.92628 1.4382 0 497.872 1.58444e-12
3.92628 1.4382 0 498.874 1.51814e-12
3.92628 1.4382 0 499.877 1.45462e-12
3.92628 1.4382 0 500.879 1.39376e-12
3.92628 1.4382 0 501.882 1.33545e-12
3.92628 1.4382 0 502.884 1.27959e-12
3.92628 1.4382 0 503.886 1.22607e-12
3.92628 1.4382 0 504.889 1.17479e-12
3.92628 1.4382 0 505.891 1.12566e-12
3.92628 1.4382 0 506.894 1.07859e-12
3.92628 1.4382 0 507.896 1.03349e-12
3.92628 1.4382 0 508.899 9.90283e-13
3.92628 1.4382 0 509.901 9.48884e-13
3.92628 1.4382 0 510.904 9.09219e-13
3.92628 1.4382 0 511.906 8.71215e-13
3.92628 1.4382 0 512.909 8.34802e-13
3.92628 1.4382 0 513.911 7.99915e-13
3.92628 1.4382 0 514.914 7.66487e-13
3.92628 1.4382 0 515.916 7.3446e-13
3.92628 1.4382 0 516.919 7.03773e-13
3.92628 1.4382 0 517.921 6.7437e-13
3.92628 1.4382 0 518.923 6.46198e-13
3.92628 1.4382 0 519.926 6.19205e-13
3.92628 1.4382 0 520.928 5.93342e-13
3.92628 1.4382 0 521.931 5.68561e-13
3.92628 1.4382 0 522.933 5.44816e-13
3.92628 1.4382 0 523.936 5.22065e-13
3.92628 1.4382 0 524.938 5.00266e-13
3.92628 1.4382 0 525.941 4.79379e-13
3.92628 1.4382 0 526.943 4.59365e-13
3.92628 1.4382 0 527.946 4.40188e-13
3.92628 1.4382 0 528.948 4.21813e-13
3.92628 1.4382 0 529.951 4.04206e-13
3.92628 1.4382 0 530.953 3.87336e-13
3.92628 1.4382 0 531.956 3.71171e-13
3.92628 1.4382 0 532.958 3.55681e-13
3.92628 1.4382 0 533.961 3.40839e-13
3.92628 1.4382 0 534.963 3.26618e-13
3.92628 1.4382 0 535.965 3.12991e-13
3.92628 1.4382 0 536.968 2.99933e-13
3.92628 1.4382 0 537.97 2.87421e-13
3.92628 1.4382 0 538.973 2.75431e-13
3.92628 1.4382 0 539.975 2.63943e-13
3.92628 1.4382 0 540.978 2.52935e-13
3.92628 1.4382 0 541.98 2.42386e-13
3.92628 1.4382 0 542.983 2.32278e-13
3.92628 1.4382 0 543.985 2.22592e-13
3.92628 1.4382 0 544.988 2.13311e-13
3.92628 1.4382 0 545.99 2.04417e-13
3.92628 1.4382 0 546.993 1.95895e-13
3.92628 1.4382 0 547.995 1.87728e-13
3.92628 1.4382 0 548.998 1.79903e-13
3.92628 1.4382 0 550 1.72404e-13

