3.44361 1.4382 0 150.015 1.50369e-05
3.44361 1.4382 0 151.017 2.54926e-05
3.44361 1.4382 0 152.02 2.38647e-05
3.44361 1.4382 0 153.022 2.13517e-05
3.44361 1.4382 0 154.025 1.9214e-05
3.44361 1.4382 0 155.027 1.74086e-05
3.44361 1.4382 0 156.03 1.5859e-05
3.44361 1.4382 0 157.032 1.45116e-05
3.44361 1.4382 0 158.035 1.33284e-05
3.44361 1.4382 0 159.037 1.22812e-05
3.44361 1.4382 0 160.04 1.13482e-05
3.44361 1.4382 0 161.042 1.05124e-05
3.44361 1.4382 0 162.045 9.76e-06
3.44361 1.4382 0 163.047 9.07976e-06
3.44361 1.4382 0 164.05 8.46241e-06
3.44361 1.4382 0 165.052 7.90021e-06
3.44361 1.4382 0 166.054 7.38665e-06
3.44361 1.4382 0 167.057 6.91617e-06
3.44361 1.4382 0 168.059 6.48405e-06
3.44361 1.4382 0 169.062 6.0862e-06
3.44361 1.4382 0 170.064 5.71912e-06
3.44361 1.4382 0 171.067 5.37972e-06
3.44361 1.4382 0 172.069 5.06532e-06
3.44361 1.4382 0 173.072 4.77358e-06
3.44361 1.4382 0 174.074 4.50241e-06
3.44361 1.4382 0 175.077 4.24999e-06
3.44361 1.4382 0 176.079 4.01467e-06
3.44361 1.4382 0 177.082 3.79502e-06
3.44361 1.4382 0 178.084 3.58972e-06
3.44361 1.4382 0 179.087 3.39762e-06
3.44361 1.4382 0 180.089 3.21767e-06
3.44361 1.4382 0 181.092 3.04892e-06
3.44361 1.4382 0 182.094 2.89052e-06
3.44361 1.4382 0 183.096 2.74171e-06
3.44361 1.4382 0 184.099 2.60177e-06
3.44361 1.4382 0 185.101 2.47006e-06
3.44361 1.4382 0 186.104 2.34602e-06
3.44361 1.4382 0 187.106 2.2291e-06
3.44361 1.4382 0 188.109 2.11882e-06
3.44361 1.4382 0 189.111 2.01472e-06
3.44361 1.4382 0 190.114 1.91642e-06
3.44361 1.4382 0 191.116 1.82351e-06
3.44361 1.4382 0 192.119 1.73566e-06
3.44361 1.4382 0 193.121 1.65255e-06
3.44361 1.4382 0 194.124 1.57387e-06
3.44361 1.4382 0 195.126 1.49936e-06
3.44361 1.4382 0 196.129 1.42876e-06
3.44361 1.4382 0 197.131 1.36184e-06
3.44361 1.4382 0 198.133 1.29837e-06
3.44361 1.4382 0 199.136 1.23816e-06
3.44361 1.4382 0 200.138 1.181e-06
3.44361 1.4382 0 201.141 1.12674e-06
3.44361 1.4382 0 202.143 1.07519e-06
3.44361 1.4382 0 203.146 1.02621e-06
3.44361 1.4382 0 204.148 9.79661e-07
3.44361 1.4382 0 205.151 9.35398e-07
3.44361 1.4382 0 206.153 8.93298e-07
3.44361 1.4382 0 207.156 8.53245e-07
3.44361 1.4382 0 208.158 8.15128e-07
3.44361 1.4382 0 209.161 7.78842e-07
3.44361 1.4382 0 210.163 7.44291e-07
3.44361 1.4382 0 211.166 7.11383e-07
3.44361 1.4382 0 212.168 6.80033e-07
3.44361 1.4382 0 213.171 6.50158e-07
3.44361 1.4382 0 214.173 6.21684e-07
3.44361 1.4382 0 215.175 5.94538e-07
3.44361 1.4382 0 216.178 5.68653e-07
3.44361 1.4382 0 217.18 5.43965e-07
3.44361 1.4382 0 218.183 5.20414e-07
3.44361 1.4382 0 219.185 4.97944e-07
3.44361 1.4382 0 220.188 4.76499e-07
3.44361 1.4382 0 221.19 4.56031e-07
3.44361 1.4382 0 222.193 4.3649e-07
3.44361 1.4382 0 223.195 4.17832e-07
3.44361 1.4382 0 224.198 4.00014e-07
3.44361 1.4382 0 225.2 3.82994e-07
3.44361 1.4382 0 226.203 3.66736e-07
3.44361 1.4382 0 227.205 3.51202e-07
3.44361 1.4382 0 228.208 3.36358e-07
3.44361 1.4382 0 229.21 3.22171e-07
3.44361 1.4382 0 230.212 3.08611e-07
3.44361 1.4382 0 231.215 2.95647e-07
3.44361 1.4382 0 232.217 2.83252e-07
3.44361 1.4382 0 233.22 2.71399e-07
3.44361 1.4382 0 234.222 2.60064e-07
3.44361 1.4382 0 235.225 2.49222e-07
3.44361 1.4382 0 236.227 2.3885e-07
3.44361 1.4382 0 237.23 2.28928e-07
3.44361 1.4382 0 238.232 2.19434e-07
3.44361 1.4382 0 239.235 2.10349e-07
3.44361 1.4382 0 240.237 2.01655e-07
3.44361 1.4382 0 241.24 1.93333e-07
3.44361 1.4382 0 242.242 1.85367e-07
3.44361 1.4382 0 243.245 1.77742e-07
3.44361 1.4382 0 244.247 1.70441e-07
3.44361 1.4382 0 245.25 1.6345e-07
3.44361 1.4382 0 246.252 1.56756e-07
3.44361 1.4382 0 247.254 1.50345e-07
3.44361 1.4382 0 248.257 1.44205e-07
3.44361 1.4382 0 249.259 1.38324e-07
3.44361 1.4382 0 250.262 1.3269e-07
3.44361 1.4382 0 251.264 1.27293e-07
3.44361 1.4382 0 252.267 1.22122e-07
3.44361 1.4382 0 253.269 1.17167e-07
3.44361 1.4382 0 254.272 1.12419e-07
3.44361 1.4382 0 255.274 1.0787e-07
3.44361 1.4382 0 256.277 1.0351e-07
3.44361 1.4382 0 257.279 9.93305e-08
3.44361 1.4382 0 258.282 9.53248e-08
3.44361 1.4382 0 259.284 9.1485e-08
3.44361 1.4382 0 260.287 8.7804e-08
3.44361 1.4382 0 261.289 8.4275e-08
3.44361 1.4382 0 262.291 8.08916e-08
3.44361 1.4382 0 263.294 7.76474e-08
3.44361 1.4382 0 264.296 7.45366e-08
3.44361 1.4382 0 265.299 7.15535e-08
3.44361 1.4382 0 266.301 6.86927e-08
3.44361 1.4382 0 267.304 6.59489e-08
3.44361 1.4382 0 268.306 6.33174e-08
3.44361 1.4382 0 269.309 6.07933e-08
3.44361 1.4382 0 270.311 5.83721e-08
3.44361 1.4382 0 271.314 5.60495e-08
3.44361 1.4382 0 272.316 5.38214e-08
3.44361 1.4382 0 273.319 5.16838e-08
3.44361 1.4382 0 274.321 4.96329e-08
3.44361 1.4382 0 275.324 4.76651e-08
3.44361 1.4382 0 276.326 4.5777e-08
3.44361 1.4382 0 277.329 4.39651e-08
3.44361 1.4382 0 278.331 4.22265e-08
3.44361 1.4382 0 279.333 4.0558e-08
3.44361 1.4382 0 280.336 3.89567e-08
3.44361 1.4382 0 281.338 3.74198e-08
3.44361 1.4382 0 282.341 3.59448e-08
3.44361 1.4382 0 283.343 3.4529e-08
3.44361 1.4382 0 284.346 3.317e-08
3.44361 1.4382 0 285.348 3.18654e-08
3.44361 1.4382 0 286.351 3.06131e-08
3.44361 1.4382 0 287.353 2.94109e-08
3.44361 1.4382 0 288.356 2.82568e-08
3.44361 1.4382 0 289.358 2.71487e-08
3.44361 1.4382 0 290.361 2.60848e-08
3.44361 1.4382 0 291.363 2.50633e-08
3.44361 1.4382 0 292.366 2.40825e-08
3.44361 1.4382 0 293.368 2.31407e-08
3.44361 1.4382 0 294.37 2.22363e-08
3.44361 1.4382 0 295.373 2.13679e-08
3.44361 1.4382 0 296.375 2.05339e-08
3.44361 1.4382 0 297.378 1.97329e-08
3.44361 1.4382 0 298.38 1.89637e-08
3.44361 1.4382 0 299.383 1.8225e-08
3.44361 1.4382 0 300.385 1.75154e-08
3.44361 1.4382 0 301.388 1.68339e-08
3.44361 1.4382 0 302.39 1.61793e-08
3.44361 1.4382 0 303.393 1.55505e-08
3.44361 1.4382 0 304.395 1.49465e-08
3.44361 1.4382 0 305.398 1.43663e-08
3.44361 1.4382 0 306.4 1.38089e-08
3.44361 1.4382 0 307.403 1.32734e-08
3.44361 1.4382 0 308.405 1.2759e-08
3.44361 1.4382 0 309.408 1.22648e-08
3.44361 1.4382 0 310.41 1.179e-08
3.44361 1.4382 0 311.412 1.13339e-08
3.44361 1.4382 0 312.415 1.08956e-08
3.44361 1.4382 0 313.417 1.04744e-08
3.44361 1.4382 0 314.42 1.00698e-08
3.44361 1.4382 0 315.422 9.68096e-09
3.44361 1.4382 0 316.425 9.30734e-09
3.44361 1.4382 0 317.427 8.94831e-09
3.44361 1.4382 0 318.43 8.60331e-09
3.44361 1.4382 0 319.432 8.27176e-09
3.44361 1.4382 0 320.435 7.95315e-09
3.44361 1.4382 0 321.437 7.64695e-09
3.44361 1.4382 0 322.44 7.35267e-09
3.44361 1.4382 0 323.442 7.06985e-09
3.44361 1.4382 0 324.445 6.79804e-09
3.44361 1.4382 0 325.447 6.53678e-09
3.44361 1.4382 0 326.449 6.28569e-09
3.44361 1.4382 0 327.452 6.04434e-09
3.44361 1.4382 0 328.454 5.81236e-09
3.44361 1.4382 0 329.457 5.58937e-09
3.44361 1.4382 0 330.459 5.37504e-09
3.44361 1.4382 0 331.462 5.16901e-09
3.44361 1.4382 0 332.464 4.97095e-09
3.44361 1.4382 0 333.467 4.78057e-09
3.44361 1.4382 0 334.469 4.59755e-09
3.44361 1.4382 0 335.472 4.42161e-09
3.44361 1.4382 0 336.474 4.25246e-09
3.44361 1.4382 0 337.477 4.08985e-09
3.44361 1.4382 0 338.479 3.93352e-09
3.44361 1.4382 0 339.482 3.78323e-09
3.44361 1.4382 0 340.484 3.63873e-09
3.44361 1.4382 0 341.487 3.4998e-09
3.44361 1.4382 0 342.489 3.36622e-09
3.44361 1.4382 0 343.491 3.23779e-09
3.44361 1.4382 0 344.494 3.11431e-09
3.44361 1.4382 0 345.496 2.99558e-09
3.44361 1.4382 0 346.499 2.88141e-09
3.44361 1.4382 0 347.501 2.77164e-09
3.44361 1.4382 0 348.504 2.66608e-09
3.44361 1.4382 0 349.506 2.56458e-09
3.44361 1.4382 0 350.509 2.46697e-09
3.44361 1.4382 0 351.511 2.37312e-09
3.44361 1.4382 0 352.514 2.28286e-09
3.44361 1.4382 0 353.516 2.19606e-09
3.44361 1.4382 0 354.519 2.11259e-09
3.44361 1.4382 0 355.521 2.03232e-09
3.44361 1.4382 0 356.524 1.95513e-09
3.44361 1.4382 0 357.526 1.88089e-09
3.44361 1.4382 0 358.528 1.80949e-09
3.44361 1.4382 0 359.531 1.74083e-09
3.44361 1.4382 0 360.533 1.67479e-09
3.44361 1.4382 0 361.536 1.61127e-09
3.44361 1.4382 0 362.538 1.55018e-09
3.44361 1.4382 0 363.541 1.49143e-09
3.44361 1.4382 0 364.543 1.43492e-09
3.44361 1.4382 0 365.546 1.38056e-09
3.44361 1.4382 0 366.548 1.32828e-09
3.44361 1.4382 0 367.551 1.278e-09
3.44361 1.4382 0 368.553 1.22963e-09
3.44361 1.4382 0 369.556 1.1831e-09
3.44361 1.4382 0 370.558 1.13835e-09
3.44361 1.4382 0 371.561 1.0953e-09
3.44361 1.4382 0 372.563 1.0539e-09
3.44361 1.4382 0 373.566 1.01406e-09
3.44361 1.4382 0 374.568 9.75749e-10
3.44361 1.4382 0 375.57 9.3889e-10
3.44361 1.4382 0 376.573 9.03433e-10
3.44361 1.4382 0 377.575 8.69325e-10
3.44361 1.4382 0 378.578 8.36512e-10
3.44361 1.4382 0 379.58 8.04946e-10
3.44361 1.4382 0 380.583 7.74579e-10
3.44361 1.4382 0 381.585 7.45365e-10
3.44361 1.4382 0 382.588 7.17259e-10
3.44361 1.4382 0 383.59 6.9022e-10
3.44361 1.4382 0 384.593 6.64207e-10
3.44361 1.4382 0 385.595 6.39181e-10
3.44361 1.4382 0 386.598 6.15103e-10
3.44361 1.4382 0 387.6 5.91937e-10
3.44361 1.4382 0 388.603 5.69649e-10
3.44361 1.4382 0 389.605 5.48206e-10
3.44361 1.4382 0 390.607 5.27574e-10
3.44361 1.4382 0 391.61 5.07724e-10
3.44361 1.4382 0 392.612 4.88624e-10
3.44361 1.4382 0 393.615 4.70248e-10
3.44361 1.4382 0 394.617 4.52566e-10
3.44361 1.4382 0 395.62 4.35553e-10
3.44361 1.4382 0 396.622 4.19183e-10
3.44361 1.4382 0 397.625 4.03432e-10
3.44361 1.4382 0 398.627 3.88276e-10
3.44361 1.4382 0 399.63 3.73693e-10
3.44361 1.4382 0 400.632 3.5966e-10
3.44361 1.4382 0 401.635 3.46157e-10
3.44361 1.4382 0 402.637 3.33164e-10
3.44361 1.4382 0 403.64 3.20661e-10
3.44361 1.4382 0 404.642 3.08629e-10
3.44361 1.4382 0 405.645 2.97052e-10
3.44361 1.4382 0 406.647 2.85911e-10
3.44361 1.4382 0 407.649 2.7519e-10
3.44361 1.4382 0 408.652 2.64873e-10
3.44361 1.4382 0 409.654 2.54945e-10
3.44361 1.4382 0 410.657 2.4539e-10
3.44361 1.4382 0 411.659 2.36196e-10
3.44361 1.4382 0 412.662 2.27348e-10
3.44361 1.4382 0 413.664 2.18833e-10
3.44361 1.4382 0 414.667 2.10638e-10
3.44361 1.4382 0 415.669 2.02752e-10
3.44361 1.4382 0 416.672 1.95162e-10
3.44361 1.4382 0 417.674 1.87858e-10
3.44361 1.4382 0 418.677 1.80829e-10
3.44361 1.4382 0 419.679 1.74063e-10
3.44361 1.4382 0 420.682 1.67552e-10
3.44361 1.4382 0 421.684 1.61286e-10
3.44361 1.4382 0 422.686 1.55255e-10
3.44361 1.4382 0 423.689 1.49451e-10
3.44361 1.4382 0 424.691 1.43864e-10
3.44361 1.4382 0 425.694 1.38488e-10
3.44361 1.4382 0 426.696 1.33313e-10
3.44361 1.4382 0 427.699 1.28332e-10
3.44361 1.4382 0 428.701 1.23539e-10
3.44361 1.4382 0 429.704 1.18925e-10
3.44361 1.4382 0 430.706 1.14484e-10
3.44361 1.4382 0 431.709 1.1021e-10
3.44361 1.4382 0 432.711 1.06095e-10
3.44361 1.4382 0 433.714 1.02136e-10
3.44361 1.4382 0 434.716 9.83242e-11
3.44361 1.4382 0 435.719 9.46556e-11
3.44361 1.4382 0 436.721 9.11244e-11
3.44361 1.4382 0 437.724 8.77255e-11
3.44361 1.4382 0 438.726 8.44539e-11
3.44361 1.4382 0 439.728 8.13048e-11
3.44361 1.4382 0 440.731 7.82735e-11
3.44361 1.4382 0 441.733 7.53558e-11
3.44361 1.4382 0 442.736 7.25472e-11
3.44361 1.4382 0 443.738 6.98437e-11
3.44361 1.4382 0 444.741 6.72413e-11
3.44361 1.4382 0 445.743 6.47363e-11
3.44361 1.4382 0 446.746 6.23249e-11
3.44361 1.4382 0 447.748 6.00037e-11
3.44361 1.4382 0 448.751 5.77693e-11
3.44361 1.4382 0 449.753 5.56184e-11
3.44361 1.4382 0 450.756 5.35479e-11
3.44361 1.4382 0 451.758 5.15547e-11
3.44361 1.4382 0 452.761 4.9636e-11
3.44361 1.4382 0 453.763 4.77889e-11
3.44361 1.4382 0 454.765 4.60109e-11
3.44361 1.4382 0 455.768 4.42992e-11
3.44361 1.4382 0 456.77 4.26514e-11
3.44361 1.4382 0 457.773 4.10651e-11
3.44361 1.4382 0 458.775 3.95381e-11
3.44361 1.4382 0 459.778 3.8068e-11
3.44361 1.4382 0 460.78 3.66528e-11
3.44361 1.4382 0 461.783 3.52903e-11
3.44361 1.4382 0 462.785 3.39787e-11
3.44361 1.4382 0 463.788 3.2716e-11
3.44361 1.4382 0 464.79 3.15003e-11
3.44361 1.4382 0 465.793 3.033e-11
3.44361 1.4382 0 466.795 2.92033e-11
3.44361 1.4382 0 467.798 2.81186e-11
3.44361 1.4382 0 468.8 2.70743e-11
3.44361 1.4382 0 469.803 2.6069e-11
3.44361 1.4382 0 470.805 2.5101e-11
3.44361 1.4382 0 471.807 2.41692e-11
3.44361 1.4382 0 472.81 2.3272e-11
3.44361 1.4382 0 473.812 2.24082e-11
3.44361 1.4382 0 474.815 2.15766e-11
3.44361 1.4382 0 475.817 2.0776e-11
3.44361 1.4382 0 476.82 2.00052e-11
3.44361 1.4382 0 477.822 1.9263e-11
3.44361 1.4382 0 478.825 1.85485e-11
3.44361 1.4382 0 479.827 1.78605e-11
3.44361 1.4382 0 480.83 1.71981e-11
3.44361 1.4382 0 481.832 1.65604e-11
3.44361 1.4382 0 482.835 1.59464e-11
3.44361 1.4382 0 483.837 1.53552e-11
3.44361 1.4382 0 484.84 1.4786e-11
3.44361 1.4382 0 485.842 1.4238e-11
3.44361 1.4382 0 486.844 1.37103e-11
3.44361 1.4382 0 487.847 1.32023e-11
3.44361 1.4382 0 488.849 1.27131e-11
3.44361 1.4382 0 489.852 1.22421e-11
3.44361 1.4382 0 490.854 1.17886e-11
3.44361 1.4382 0 491.857 1.1352e-11
3.44361 1.4382 0 492.859 1.09315e-11
3.44361 1.4382 0 493.862 1.05267e-11
3.44361 1.4382 0 494.864 1.01369e-11
3.44361 1.4382 0 495.867 9.76161e-12
3.44361 1.4382 0 496.869 9.40022e-12
3.44361 1.4382 0 497.872 9.05226e-12
3.44361 1.4382 0 498.874 8.7172e-12
3.44361 1.4382 0 499.877 8.39459e-12
3.44361 1.4382 0 500.879 8.08394e-12
3.44361 1.4382 0 501.882 7.78482e-12
3.44361 1.4382 0 502.884 7.49679e-12
3.44361 1.4382 0 503.886 7.21945e-12
3.44361 1.4382 0 504.889 6.95239e-12
3.44361 1.4382 0 505.891 6.69524e-12
3.44361 1.4382 0 506.894 6.44763e-12
3.44361 1.4382 0 507.896 6.20919e-12
3.44361 1.4382 0 508.899 5.9796e-12
3.44361 1.4382 0 509.901 5.75851e-12
3.44361 1.4382 0 510.904 5.54562e-12
3.44361 1.4382 0 511.906 5.34062e-12
3.44361 1.4382 0 512.909 5.14322e-12
3.44361 1.4382 0 513.911 4.95313e-12
3.44361 1.4382 0 514.914 4.77008e-12
3.44361 1.4382 0 515.916 4.59382e-12
3.44361 1.4382 0 516.919 4.42408e-12
3.44361 1.4382 0 517.921 4.26063e-12
3.44361 1.4382 0 518.923 4.10323e-12
3.44361 1.4382 0 519.926 3.95166e-12
3.44361 1.4382 0 520.928 3.8057e-12
3.44361 1.4382 0 521.931 3.66515e-12
3.44361 1.4382 0 522.933 3.5298e-12
3.44361 1.4382 0 523.936 3.39945e-12
3.44361 1.4382 0 524.938 3.27394e-12
3.44361 1.4382 0 525.941 3.15306e-12
3.44361 1.4382 0 526.943 3.03666e-12
3.44361 1.4382 0 527.946 2.92457e-12
3.44361 1.4382 0 528.948 2.81662e-12
3.44361 1.4382 0 529.951 2.71267e-12
3.44361 1.4382 0 530.953 2.61256e-12
3.44361 1.4382 0 531.956 2.51616e-12
3.44361 1.4382 0 532.958 2.42332e-12
3.44361 1.4382 0 533.961 2.33391e-12
3.44361 1.4382 0 534.963 2.24781e-12
3.44361 1.4382 0 535.965 2.16489e-12
3.44361 1.4382 0 536.968 2.08503e-12
3.44361 1.4382 0 537.97 2.00813e-12
3.44361 1.4382 0 538.973 1.93407e-12
3.44361 1.4382 0 539.975 1.86275e-12
3.44361 1.4382 0 540.978 1.79406e-12
3.44361 1.4382 0 541.98 1.72791e-12
3.44361 1.4382 0 542.983 1.66421e-12
3.44361 1.4382 0 543.985 1.60286e-12
3.44361 1.4382 0 544.988 1.54377e-12
3.44361 1.4382 0 545.99 1.48687e-12
3.44361 1.4382 0 546.993 1.43207e-12
3.44361 1.4382 0 547.995 1.37929e-12
3.44361 1.4382 0 548.998 1.32846e-12
3.44361 1.4382 0 550 1.27951e-12

