1.01812 1.4382 0 150.015 9.12767e-07
1.01812 1.4382 0 151.017 1.63537e-06
1.01812 1.4382 0 152.02 1.66122e-06
1.01812 1.4382 0 153.022 1.60699e-06
1.01812 1.4382 0 154.025 1.55391e-06
1.01812 1.4382 0 155.027 1.5051e-06
1.01812 1.4382 0 156.03 1.45963e-06
1.01812 1.4382 0 157.032 1.41678e-06
1.01812 1.4382 0 158.035 1.37611e-06
1.01812 1.4382 0 159.037 1.33732e-06
1.01812 1.4382 0 160.04 1.30018e-06
1.01812 1.4382 0 161.042 1.26454e-06
1.01812 1.4382 0 162.045 1.23026e-06
1.01812 1.4382 0 163.047 1.19726e-06
1.01812 1.4382 0 164.05 1.16543e-06
1.01812 1.4382 0 165.052 1.13471e-06
1.01812 1.4382 0 166.054 1.10503e-06
1.01812 1.4382 0 167.057 1.07634e-06
1.01812 1.4382 0 168.059 1.04859e-06
1.01812 1.4382 0 169.062 1.02174e-06
1.01812 1.4382 0 170.064 9.95734e-07
1.01812 1.4382 0 171.067 9.7055e-07
1.01812 1.4382 0 172.069 9.46148e-07
1.01812 1.4382 0 173.072 9.22497e-07
1.01812 1.4382 0 174.074 8.99568e-07
1.01812 1.4382 0 175.077 8.77331e-07
1.01812 1.4382 0 176.079 8.55761e-07
1.01812 1.4382 0 177.082 8.34834e-07
1.01812 1.4382 0 178.084 8.14526e-07
1.01812 1.4382 0 179.087 7.94815e-07
1.01812 1.4382 0 180.089 7.7568e-07
1.01812 1.4382 0 181.092 7.571e-07
1.01812 1.4382 0 182.094 7.39057e-07
1.01812 1.4382 0 183.096 7.21533e-07
1.01812 1.4382 0 184.099 7.04509e-07
1.01812 1.4382 0 185.101 6.8797e-07
1.01812 1.4382 0 186.104 6.71899e-07
1.01812 1.4382 0 187.106 6.56281e-07
1.01812 1.4382 0 188.109 6.411e-07
1.01812 1.4382 0 189.111 6.26344e-07
1.01812 1.4382 0 190.114 6.11998e-07
1.01812 1.4382 0 191.116 5.98049e-07
1.01812 1.4382 0 192.119 5.84485e-07
1.01812 1.4382 0 193.121 5.71293e-07
1.01812 1.4382 0 194.124 5.58461e-07
1.01812 1.4382 0 195.126 5.4598e-07
1.01812 1.4382 0 196.129 5.33836e-07
1.01812 1.4382 0 197.131 5.22021e-07
1.01812 1.4382 0 198.133 5.10524e-07
1.01812 1.4382 0 199.136 4.99335e-07
1.01812 1.4382 0 200.138 4.88444e-07
1.01812 1.4382 0 201.141 4.77844e-07
1.01812 1.4382 0 202.143 4.67524e-07
1.01812 1.4382 0 203.146 4.57476e-07
1.01812 1.4382 0 204.148 4.47693e-07
1.01812 1.4382 0 205.151 4.38166e-07
1.01812 1.4382 0 206.153 4.28887e-07
1.01812 1.4382 0 207.156 4.1985e-07
1.01812 1.4382 0 208.158 4.11046e-07
1.01812 1.4382 0 209.161 4.0247e-07
1.01812 1.4382 0 210.163 3.94113e-07
1.01812 1.4382 0 211.166 3.85971e-07
1.01812 1.4382 0 212.168 3.78036e-07
1.01812 1.4382 0 213.171 3.70303e-07
1.01812 1.4382 0 214.173 3.62765e-07
1.01812 1.4382 0 215.175 3.55417e-07
1.01812 1.4382 0 216.178 3.48254e-07
1.01812 1.4382 0 217.18 3.41269e-07
1.01812 1.4382 0 218.183 3.34458e-07
1.01812 1.4382 0 219.185 3.27817e-07
1.01812 1.4382 0 220.188 3.21339e-07
1.01812 1.4382 0 221.19 3.1502e-07
1.01812 1.4382 0 222.193 3.08857e-07
1.01812 1.4382 0 223.195 3.02844e-07
1.01812 1.4382 0 224.198 2.96976e-07
1.01812 1.4382 0 225.2 2.91251e-07
1.01812 1.4382 0 226.203 2.85664e-07
1.01812 1.4382 0 227.205 2.80211e-07
1.01812 1.4382 0 228.208 2.74888e-07
1.01812 1.4382 0 229.21 2.69692e-07
1.01812 1.4382 0 230.212 2.6462e-07
1.01812 1.4382 0 231.215 2.59666e-07
1.01812 1.4382 0 232.217 2.5483e-07
1.01812 1.4382 0 233.22 2.50106e-07
1.01812 1.4382 0 234.222 2.45493e-07
1.01812 1.4382 0 235.225 2.40986e-07
1.01812 1.4382 0 236.227 2.36584e-07
1.01812 1.4382 0 237.23 2.32283e-07
1.01812 1.4382 0 238.232 2.28081e-07
1.01812 1.4382 0 239.235 2.23974e-07
1.01812 1.4382 0 240.237 2.19961e-07
1.01812 1.4382 0 241.24 2.16038e-07
1.01812 1.4382 0 242.242 2.12204e-07
1.01812 1.4382 0 243.245 2.08455e-07
1.01812 1.4382 0 244.247 2.0479e-07
1.01812 1.4382 0 245.25 2.01207e-07
1.01812 1.4382 0 246.252 1.97703e-07
1.01812 1.4382 0 247.254 1.94276e-07
1.01812 1.4382 0 248.257 1.90924e-07
1.01812 1.4382 0 249.259 1.87645e-07
1.01812 1.4382 0 250.262 1.84437e-07
1.01812 1.4382 0 251.264 1.81298e-07
1.01812 1.4382 0 252.267 1.78228e-07
1.01812 1.4382 0 253.269 1.75222e-07
1.01812 1.4382 0 254.272 1.72281e-07
1.01812 1.4382 0 255.274 1.69403e-07
1.01812 1.4382 0 256.277 1.66585e-07
1.01812 1.4382 0 257.279 1.63826e-07
1.01812 1.4382 0 258.282 1.61125e-07
1.01812 1.4382 0 259.284 1.5848e-07
1.01812 1.4382 0 260.287 1.5589e-07
1.01812 1.4382 0 261.289 1.53354e-07
1.01812 1.4382 0 262.291 1.50869e-07
1.01812 1.4382 0 263.294 1.48436e-07
1.01812 1.4382 0 264.296 1.46051e-07
1.01812 1.4382 0 265.299 1.43716e-07
1.01812 1.4382 0 266.301 1.41427e-07
1.01812 1.4382 0 267.304 1.39184e-07
1.01812 1.4382 0 268.306 1.36986e-07
1.01812 1.4382 0 269.309 1.34831e-07
1.01812 1.4382 0 270.311 1.32719e-07
1.01812 1.4382 0 271.314 1.30649e-07
1.01812 1.4382 0 272.316 1.28619e-07
1.01812 1.4382 0 273.319 1.26629e-07
1.01812 1.4382 0 274.321 1.24677e-07
1.01812 1.4382 0 275.324 1.22763e-07
1.01812 1.4382 0 276.326 1.20886e-07
1.01812 1.4382 0 277.329 1.19045e-07
1.01812 1.4382 0 278.331 1.17238e-07
1.01812 1.4382 0 279.333 1.15466e-07
1.01812 1.4382 0 280.336 1.13727e-07
1.01812 1.4382 0 281.338 1.12021e-07
1.01812 1.4382 0 282.341 1.10347e-07
1.01812 1.4382 0 283.343 1.08704e-07
1.01812 1.4382 0 284.346 1.07091e-07
1.01812 1.4382 0 285.348 1.05508e-07
1.01812 1.4382 0 286.351 1.03954e-07
1.01812 1.4382 0 287.353 1.02429e-07
1.01812 1.4382 0 288.356 1.00931e-07
1.01812 1.4382 0 289.358 9.94597e-08
1.01812 1.4382 0 290.361 9.80152e-08
1.01812 1.4382 0 291.363 9.65966e-08
1.01812 1.4382 0 292.366 9.52032e-08
1.01812 1.4382 0 293.368 9.38346e-08
1.01812 1.4382 0 294.37 9.24901e-08
1.01812 1.4382 0 295.373 9.11692e-08
1.01812 1.4382 0 296.375 8.98714e-08
1.01812 1.4382 0 297.378 8.85962e-08
1.01812 1.4382 0 298.38 8.73431e-08
1.01812 1.4382 0 299.383 8.61116e-08
1.01812 1.4382 0 300.385 8.49013e-08
1.01812 1.4382 0 301.388 8.37117e-08
1.01812 1.4382 0 302.39 8.25423e-08
1.01812 1.4382 0 303.393 8.13927e-08
1.01812 1.4382 0 304.395 8.02625e-08
1.01812 1.4382 0 305.398 7.91512e-08
1.01812 1.4382 0 306.4 7.80586e-08
1.01812 1.4382 0 307.403 7.69841e-08
1.01812 1.4382 0 308.405 7.59274e-08
1.01812 1.4382 0 309.408 7.48882e-08
1.01812 1.4382 0 310.41 7.38661e-08
1.01812 1.4382 0 311.412 7.28606e-08
1.01812 1.4382 0 312.415 7.18716e-08
1.01812 1.4382 0 313.417 7.08985e-08
1.01812 1.4382 0 314.42 6.99412e-08
1.01812 1.4382 0 315.422 6.89993e-08
1.01812 1.4382 0 316.425 6.80725e-08
1.01812 1.4382 0 317.427 6.71604e-08
1.01812 1.4382 0 318.43 6.62629e-08
1.01812 1.4382 0 319.432 6.53795e-08
1.01812 1.4382 0 320.435 6.451e-08
1.01812 1.4382 0 321.437 6.36542e-08
1.01812 1.4382 0 322.44 6.28118e-08
1.01812 1.4382 0 323.442 6.19824e-08
1.01812 1.4382 0 324.445 6.1166e-08
1.01812 1.4382 0 325.447 6.03621e-08
1.01812 1.4382 0 326.449 5.95706e-08
1.01812 1.4382 0 327.452 5.87912e-08
1.01812 1.4382 0 328.454 5.80237e-08
1.01812 1.4382 0 329.457 5.72679e-08
1.01812 1.4382 0 330.459 5.65235e-08
1.01812 1.4382 0 331.462 5.57904e-08
1.01812 1.4382 0 332.464 5.50683e-08
1.01812 1.4382 0 333.467 5.4357e-08
1.01812 1.4382 0 334.469 5.36563e-08
1.01812 1.4382 0 335.472 5.2966e-08
1.01812 1.4382 0 336.474 5.2286e-08
1.01812 1.4382 0 337.477 5.1616e-08
1.01812 1.4382 0 338.479 5.09559e-08
1.01812 1.4382 0 339.482 5.03054e-08
1.01812 1.4382 0 340.484 4.96644e-08
1.01812 1.4382 0 341.487 4.90328e-08
1.01812 1.4382 0 342.489 4.84104e-08
1.01812 1.4382 0 343.491 4.77969e-08
1.01812 1.4382 0 344.494 4.71923e-08
1.01812 1.4382 0 345.496 4.65963e-08
1.01812 1.4382 0 346.499 4.60089e-08
1.01812 1.4382 0 347.501 4.54299e-08
1.01812 1.4382 0 348.504 4.48591e-08
1.01812 1.4382 0 349.506 4.42965e-08
1.01812 1.4382 0 350.509 4.37417e-08
1.01812 1.4382 0 351.511 4.31948e-08
1.01812 1.4382 0 352.514 4.26556e-08
1.01812 1.4382 0 353.516 4.21239e-08
1.01812 1.4382 0 354.519 4.15997e-08
1.01812 1.4382 0 355.521 4.10827e-08
1.01812 1.4382 0 356.524 4.05729e-08
1.01812 1.4382 0 357.526 4.00702e-08
1.01812 1.4382 0 358.528 3.95744e-08
1.01812 1.4382 0 359.531 3.90855e-08
1.01812 1.4382 0 360.533 3.86032e-08
1.01812 1.4382 0 361.536 3.81276e-08
1.01812 1.4382 0 362.538 3.76584e-08
1.01812 1.4382 0 363.541 3.71957e-08
1.01812 1.4382 0 364.543 3.67392e-08
1.01812 1.4382 0 365.546 3.62889e-08
1.01812 1.4382 0 366.548 3.58446e-08
1.01812 1.4382 0 367.551 3.54064e-08
1.01812 1.4382 0 368.553 3.4974e-08
1.01812 1.4382 0 369.556 3.45475e-08
1.01812 1.4382 0 370.558 3.41266e-08
1.01812 1.4382 0 371.561 3.37114e-08
1.01812 1.4382 0 372.563 3.33017e-08
1.01812 1.4382 0 373.566 3.28974e-08
1.01812 1.4382 0 374.568 3.24985e-08
1.01812 1.4382 0 375.57 3.21048e-08
1.01812 1.4382 0 376.573 3.17163e-08
1.01812 1.4382 0 377.575 3.13329e-08
1.01812 1.4382 0 378.578 3.09546e-08
1.01812 1.4382 0 379.58 3.05812e-08
1.01812 1.4382 0 380.583 3.02127e-08
1.01812 1.4382 0 381.585 2.9849e-08
1.01812 1.4382 0 382.588 2.949e-08
1.01812 1.4382 0 383.59 2.91357e-08
1.01812 1.4382 0 384.593 2.8786e-08
1.01812 1.4382 0 385.595 2.84408e-08
1.01812 1.4382 0 386.598 2.81e-08
1.01812 1.4382 0 387.6 2.77636e-08
1.01812 1.4382 0 388.603 2.74316e-08
1.01812 1.4382 0 389.605 2.71038e-08
1.01812 1.4382 0 390.607 2.67802e-08
1.01812 1.4382 0 391.61 2.64607e-08
1.01812 1.4382 0 392.612 2.61453e-08
1.01812 1.4382 0 393.615 2.58339e-08
1.01812 1.4382 0 394.617 2.55265e-08
1.01812 1.4382 0 395.62 2.5223e-08
1.01812 1.4382 0 396.622 2.49233e-08
1.01812 1.4382 0 397.625 2.46274e-08
1.01812 1.4382 0 398.627 2.43352e-08
1.01812 1.4382 0 399.63 2.40468e-08
1.01812 1.4382 0 400.632 2.37619e-08
1.01812 1.4382 0 401.635 2.34806e-08
1.01812 1.4382 0 402.637 2.32028e-08
1.01812 1.4382 0 403.64 2.29286e-08
1.01812 1.4382 0 404.642 2.26577e-08
1.01812 1.4382 0 405.645 2.23902e-08
1.01812 1.4382 0 406.647 2.21261e-08
1.01812 1.4382 0 407.649 2.18652e-08
1.01812 1.4382 0 408.652 2.16076e-08
1.01812 1.4382 0 409.654 2.13531e-08
1.01812 1.4382 0 410.657 2.11019e-08
1.01812 1.4382 0 411.659 2.08537e-08
1.01812 1.4382 0 412.662 2.06086e-08
1.01812 1.4382 0 413.664 2.03665e-08
1.01812 1.4382 0 414.667 2.01274e-08
1.01812 1.4382 0 415.669 1.98912e-08
1.01812 1.4382 0 416.672 1.96579e-08
1.01812 1.4382 0 417.674 1.94275e-08
1.01812 1.4382 0 418.677 1.92e-08
1.01812 1.4382 0 419.679 1.89752e-08
1.01812 1.4382 0 420.682 1.87531e-08
1.01812 1.4382 0 421.684 1.85338e-08
1.01812 1.4382 0 422.686 1.83171e-08
1.01812 1.4382 0 423.689 1.81031e-08
1.01812 1.4382 0 424.691 1.78916e-08
1.01812 1.4382 0 425.694 1.76828e-08
1.01812 1.4382 0 426.696 1.74764e-08
1.01812 1.4382 0 427.699 1.72726e-08
1.01812 1.4382 0 428.701 1.70713e-08
1.01812 1.4382 0 429.704 1.68723e-08
1.01812 1.4382 0 430.706 1.66758e-08
1.01812 1.4382 0 431.709 1.64817e-08
1.01812 1.4382 0 432.711 1.62899e-08
1.01812 1.4382 0 433.714 1.61004e-08
1.01812 1.4382 0 434.716 1.59132e-08
1.01812 1.4382 0 435.719 1.57282e-08
1.01812 1.4382 0 436.721 1.55454e-08
1.01812 1.4382 0 437.724 1.53649e-08
1.01812 1.4382 0 438.726 1.51865e-08
1.01812 1.4382 0 439.728 1.50103e-08
1.01812 1.4382 0 440.731 1.48361e-08
1.01812 1.4382 0 441.733 1.46641e-08
1.01812 1.4382 0 442.736 1.44941e-08
1.01812 1.4382 0 443.738 1.43261e-08
1.01812 1.4382 0 444.741 1.41601e-08
1.01812 1.4382 0 445.743 1.39961e-08
1.01812 1.4382 0 446.746 1.38341e-08
1.01812 1.4382 0 447.748 1.3674e-08
1.01812 1.4382 0 448.751 1.35158e-08
1.01812 1.4382 0 449.753 1.33594e-08
1.01812 1.4382 0 450.756 1.3205e-08
1.01812 1.4382 0 451.758 1.30523e-08
1.01812 1.4382 0 452.761 1.29015e-08
1.01812 1.4382 0 453.763 1.27524e-08
1.01812 1.4382 0 454.765 1.26052e-08
1.01812 1.4382 0 455.768 1.24596e-08
1.01812 1.4382 0 456.77 1.23158e-08
1.01812 1.4382 0 457.773 1.21737e-08
1.01812 1.4382 0 458.775 1.20332e-08
1.01812 1.4382 0 459.778 1.18945e-08
1.01812 1.4382 0 460.78 1.17573e-08
1.01812 1.4382 0 461.783 1.16218e-08
1.01812 1.4382 0 462.785 1.14878e-08
1.01812 1.4382 0 463.788 1.13555e-08
1.01812 1.4382 0 464.79 1.12247e-08
1.01812 1.4382 0 465.793 1.10954e-08
1.01812 1.4382 0 466.795 1.09676e-08
1.01812 1.4382 0 467.798 1.08414e-08
1.01812 1.4382 0 468.8 1.07166e-08
1.01812 1.4382 0 469.803 1.05933e-08
1.01812 1.4382 0 470.805 1.04714e-08
1.01812 1.4382 0 471.807 1.0351e-08
1.01812 1.4382 0 472.81 1.0232e-08
1.01812 1.4382 0 473.812 1.01143e-08
1.01812 1.4382 0 474.815 9.99809e-09
1.01812 1.4382 0 475.817 9.88319e-09
1.01812 1.4382 0 476.82 9.76963e-09
1.01812 1.4382 0 477.822 9.6574e-09
1.01812 1.4382 0 478.825 9.54649e-09
1.01812 1.4382 0 479.827 9.43686e-09
1.01812 1.4382 0 480.83 9.32851e-09
1.01812 1.4382 0 481.832 9.22143e-09
1.01812 1.4382 0 482.835 9.11559e-09
1.01812 1.4382 0 483.837 9.01099e-09
1.01812 1.4382 0 484.84 8.90761e-09
1.01812 1.4382 0 485.842 8.80542e-09
1.01812 1.4382 0 486.844 8.70443e-09
1.01812 1.4382 0 487.847 8.60461e-09
1.01812 1.4382 0 488.849 8.50595e-09
1.01812 1.4382 0 489.852 8.40844e-09
1.01812 1.4382 0 490.854 8.31206e-09
1.01812 1.4382 0 491.857 8.2168e-09
1.01812 1.4382 0 492.859 8.12264e-09
1.01812 1.4382 0 493.862 8.02958e-09
1.01812 1.4382 0 494.864 7.93759e-09
1.01812 1.4382 0 495.867 7.84667e-09
1.01812 1.4382 0 496.869 7.75681e-09
1.01812 1.4382 0 497.872 7.66799e-09
1.01812 1.4382 0 498.874 7.58019e-09
1.01812 1.4382 0 499.877 7.49341e-09
1.01812 1.4382 0 500.879 7.40764e-09
1.01812 1.4382 0 501.882 7.32286e-09
1.01812 1.4382 0 502.884 7.23906e-09
1.01812 1.4382 0 503.886 7.15623e-09
1.01812 1.4382 0 504.889 7.07435e-09
1.01812 1.4382 0 505.891 6.99342e-09
1.01812 1.4382 0 506.894 6.91343e-09
1.01812 1.4382 0 507.896 6.83436e-09
1.01812 1.4382 0 508.899 6.7562e-09
1.01812 1.4382 0 509.901 6.67895e-09
1.01812 1.4382 0 510.904 6.60259e-09
1.01812 1.4382 0 511.906 6.52711e-09
1.01812 1.4382 0 512.909 6.4525e-09
1.01812 1.4382 0 513.911 6.37875e-09
1.01812 1.4382 0 514.914 6.30585e-09
1.01812 1.4382 0 515.916 6.23379e-09
1.01812 1.4382 0 516.919 6.16256e-09
1.01812 1.4382 0 517.921 6.09215e-09
1.01812 1.4382 0 518.923 6.02255e-09
1.01812 1.4382 0 519.926 5.95375e-09
1.01812 1.4382 0 520.928 5.88575e-09
1.01812 1.4382 0 521.931 5.81852e-09
1.01812 1.4382 0 522.933 5.75208e-09
1.01812 1.4382 0 523.936 5.68639e-09
1.01812 1.4382 0 524.938 5.62146e-09
1.01812 1.4382 0 525.941 5.55728e-09
1.01812 1.4382 0 526.943 5.49384e-09
1.01812 1.4382 0 527.946 5.43112e-09
1.01812 1.4382 0 528.948 5.36913e-09
1.01812 1.4382 0 529.951 5.30785e-09
1.01812 1.4382 0 530.953 5.24727e-09
1.01812 1.4382 0 531.956 5.18739e-09
1.01812 1.4382 0 532.958 5.12819e-09
1.01812 1.4382 0 533.961 5.06968e-09
1.01812 1.4382 0 534.963 5.01184e-09
1.01812 1.4382 0 535.965 4.95466e-09
1.01812 1.4382 0 536.968 4.89814e-09
1.01812 1.4382 0 537.97 4.84226e-09
1.01812 1.4382 0 538.973 4.78703e-09
1.01812 1.4382 0 539.975 4.73243e-09
1.01812 1.4382 0 540.978 4.67846e-09
1.01812 1.4382 0 541.98 4.6251e-09
1.01812 1.4382 0 542.983 4.57236e-09
1.01812 1.4382 0 543.985 4.52022e-09
1.01812 1.4382 0 544.988 4.46869e-09
1.01812 1.4382 0 545.99 4.41774e-09
1.01812 1.4382 0 546.993 4.36737e-09
1.01812 1.4382 0 547.995 4.31758e-09
1.01812 1.4382 0 548.998 4.26836e-09
1.01812 1.4382 0 550 4.21971e-09

