0.986041 1.4382 0 150.015 5.33499e-07
0.986041 1.4382 0 151.017 9.48306e-07
0.986041 1.4382 0 152.02 9.56588e-07
0.986041 1.4382 0 153.022 9.22504e-07
0.986041 1.4382 0 154.025 8.91442e-07
0.986041 1.4382 0 155.027 8.64116e-07
0.986041 1.4382 0 156.03 8.39436e-07
0.986041 1.4382 0 157.032 8.16707e-07
0.986041 1.4382 0 158.035 7.95499e-07
0.986041 1.4382 0 159.037 7.7553e-07
0.986041 1.4382 0 160.04 7.56604e-07
0.986041 1.4382 0 161.042 7.38577e-07
0.986041 1.4382 0 162.045 7.21343e-07
0.986041 1.4382 0 163.047 7.04816e-07
0.986041 1.4382 0 164.05 6.88929e-07
0.986041 1.4382 0 165.052 6.73626e-07
0.986041 1.4382 0 166.054 6.58863e-07
0.986041 1.4382 0 167.057 6.44599e-07
0.986041 1.4382 0 168.059 6.30802e-07
0.986041 1.4382 0 169.062 6.17442e-07
0.986041 1.4382 0 170.064 6.04494e-07
0.986041 1.4382 0 171.067 5.91935e-07
0.986041 1.4382 0 172.069 5.79745e-07
0.986041 1.4382 0 173.072 5.67906e-07
0.986041 1.4382 0 174.074 5.56401e-07
0.986041 1.4382 0 175.077 5.45214e-07
0.986041 1.4382 0 176.079 5.34332e-07
0.986041 1.4382 0 177.082 5.23743e-07
0.986041 1.4382 0 178.084 5.13433e-07
0.986041 1.4382 0 179.087 5.03393e-07
0.986041 1.4382 0 180.089 4.93611e-07
0.986041 1.4382 0 181.092 4.84079e-07
0.986041 1.4382 0 182.094 4.74787e-07
0.986041 1.4382 0 183.096 4.65726e-07
0.986041 1.4382 0 184.099 4.56889e-07
0.986041 1.4382 0 185.101 4.48268e-07
0.986041 1.4382 0 186.104 4.39856e-07
0.986041 1.4382 0 187.106 4.31645e-07
0.986041 1.4382 0 188.109 4.23629e-07
0.986041 1.4382 0 189.111 4.15803e-07
0.986041 1.4382 0 190.114 4.0816e-07
0.986041 1.4382 0 191.116 4.00694e-07
0.986041 1.4382 0 192.119 3.934e-07
0.986041 1.4382 0 193.121 3.86273e-07
0.986041 1.4382 0 194.124 3.79308e-07
0.986041 1.4382 0 195.126 3.72501e-07
0.986041 1.4382 0 196.129 3.65846e-07
0.986041 1.4382 0 197.131 3.59339e-07
0.986041 1.4382 0 198.133 3.52976e-07
0.986041 1.4382 0 199.136 3.46753e-07
0.986041 1.4382 0 200.138 3.40666e-07
0.986041 1.4382 0 201.141 3.34712e-07
0.986041 1.4382 0 202.143 3.28886e-07
0.986041 1.4382 0 203.146 3.23185e-07
0.986041 1.4382 0 204.148 3.17606e-07
0.986041 1.4382 0 205.151 3.12146e-07
0.986041 1.4382 0 206.153 3.06801e-07
0.986041 1.4382 0 207.156 3.01568e-07
0.986041 1.4382 0 208.158 2.96444e-07
0.986041 1.4382 0 209.161 2.91428e-07
0.986041 1.4382 0 210.163 2.86515e-07
0.986041 1.4382 0 211.166 2.81703e-07
0.986041 1.4382 0 212.168 2.7699e-07
0.986041 1.4382 0 213.171 2.72372e-07
0.986041 1.4382 0 214.173 2.67849e-07
0.986041 1.4382 0 215.175 2.63417e-07
0.986041 1.4382 0 216.178 2.59073e-07
0.986041 1.4382 0 217.18 2.54817e-07
0.986041 1.4382 0 218.183 2.50645e-07
0.986041 1.4382 0 219.185 2.46556e-07
0.986041 1.4382 0 220.188 2.42548e-07
0.986041 1.4382 0 221.19 2.38618e-07
0.986041 1.4382 0 222.193 2.34765e-07
0.986041 1.4382 0 223.195 2.30987e-07
0.986041 1.4382 0 224.198 2.27283e-07
0.986041 1.4382 0 225.2 2.23649e-07
0.986041 1.4382 0 226.203 2.20086e-07
0.986041 1.4382 0 227.205 2.1659e-07
0.986041 1.4382 0 228.208 2.13161e-07
0.986041 1.4382 0 229.21 2.09797e-07
0.986041 1.4382 0 230.212 2.06497e-07
0.986041 1.4382 0 231.215 2.03258e-07
0.986041 1.4382 0 232.217 2.00081e-07
0.986041 1.4382 0 233.22 1.96962e-07
0.986041 1.4382 0 234.222 1.93901e-07
0.986041 1.4382 0 235.225 1.90897e-07
0.986041 1.4382 0 236.227 1.87948e-07
0.986041 1.4382 0 237.23 1.85054e-07
0.986041 1.4382 0 238.232 1.82212e-07
0.986041 1.4382 0 239.235 1.79422e-07
0.986041 1.4382 0 240.237 1.76682e-07
0.986041 1.4382 0 241.24 1.73992e-07
0.986041 1.4382 0 242.242 1.7135e-07
0.986041 1.4382 0 243.245 1.68756e-07
0.986041 1.4382 0 244.247 1.66208e-07
0.986041 1.4382 0 245.25 1.63705e-07
0.986041 1.4382 0 246.252 1.61247e-07
0.986041 1.4382 0 247.254 1.58831e-07
0.986041 1.4382 0 248.257 1.56459e-07
0.986041 1.4382 0 249.259 1.54128e-07
0.986041 1.4382 0 250.262 1.51837e-07
0.986041 1.4382 0 251.264 1.49587e-07
0.986041 1.4382 0 252.267 1.47375e-07
0.986041 1.4382 0 253.269 1.45202e-07
0.986041 1.4382 0 254.272 1.43066e-07
0.986041 1.4382 0 255.274 1.40966e-07
0.986041 1.4382 0 256.277 1.38903e-07
0.986041 1.4382 0 257.279 1.36874e-07
0.986041 1.4382 0 258.282 1.3488e-07
0.986041 1.4382 0 259.284 1.3292e-07
0.986041 1.4382 0 260.287 1.30993e-07
0.986041 1.4382 0 261.289 1.29098e-07
0.986041 1.4382 0 262.291 1.27235e-07
0.986041 1.4382 0 263.294 1.25402e-07
0.986041 1.4382 0 264.296 1.23601e-07
0.986041 1.4382 0 265.299 1.21829e-07
0.986041 1.4382 0 266.301 1.20086e-07
0.986041 1.4382 0 267.304 1.18372e-07
0.986041 1.4382 0 268.306 1.16686e-07
0.986041 1.4382 0 269.309 1.15028e-07
0.986041 1.4382 0 270.311 1.13397e-07
0.986041 1.4382 0 271.314 1.11792e-07
0.986041 1.4382 0 272.316 1.10213e-07
0.986041 1.4382 0 273.319 1.0866e-07
0.986041 1.4382 0 274.321 1.07132e-07
0.986041 1.4382 0 275.324 1.05628e-07
0.986041 1.4382 0 276.326 1.04148e-07
0.986041 1.4382 0 277.329 1.02692e-07
0.986041 1.4382 0 278.331 1.01259e-07
0.986041 1.4382 0 279.333 9.98492e-08
0.986041 1.4382 0 280.336 9.84613e-08
0.986041 1.4382 0 281.338 9.70952e-08
0.986041 1.4382 0 282.341 9.57507e-08
0.986041 1.4382 0 283.343 9.44272e-08
0.986041 1.4382 0 284.346 9.31243e-08
0.986041 1.4382 0 285.348 9.18418e-08
0.986041 1.4382 0 286.351 9.05792e-08
0.986041 1.4382 0 287.353 8.93362e-08
0.986041 1.4382 0 288.356 8.81124e-08
0.986041 1.4382 0 289.358 8.69074e-08
0.986041 1.4382 0 290.361 8.5721e-08
0.986041 1.4382 0 291.363 8.45527e-08
0.986041 1.4382 0 292.366 8.34023e-08
0.986041 1.4382 0 293.368 8.22694e-08
0.986041 1.4382 0 294.37 8.11538e-08
0.986041 1.4382 0 295.373 8.0055e-08
0.986041 1.4382 0 296.375 7.89729e-08
0.986041 1.4382 0 297.378 7.79072e-08
0.986041 1.4382 0 298.38 7.68574e-08
0.986041 1.4382 0 299.383 7.58234e-08
0.986041 1.4382 0 300.385 7.48049e-08
0.986041 1.4382 0 301.388 7.38016e-08
0.986041 1.4382 0 302.39 7.28132e-08
0.986041 1.4382 0 303.393 7.18396e-08
0.986041 1.4382 0 304.395 7.08804e-08
0.986041 1.4382 0 305.398 6.99353e-08
0.986041 1.4382 0 306.4 6.90042e-08
0.986041 1.4382 0 307.403 6.80868e-08
0.986041 1.4382 0 308.405 6.71829e-08
0.986041 1.4382 0 309.408 6.62923e-08
0.986041 1.4382 0 310.41 6.54146e-08
0.986041 1.4382 0 311.412 6.45498e-08
0.986041 1.4382 0 312.415 6.36975e-08
0.986041 1.4382 0 313.417 6.28577e-08
0.986041 1.4382 0 314.42 6.20299e-08
0.986041 1.4382 0 315.422 6.12142e-08
0.986041 1.4382 0 316.425 6.04102e-08
0.986041 1.4382 0 317.427 5.96178e-08
0.986041 1.4382 0 318.43 5.88368e-08
0.986041 1.4382 0 319.432 5.8067e-08
0.986041 1.4382 0 320.435 5.73082e-08
0.986041 1.4382 0 321.437 5.65602e-08
0.986041 1.4382 0 322.44 5.58229e-08
0.986041 1.4382 0 323.442 5.50961e-08
0.986041 1.4382 0 324.445 5.43796e-08
0.986041 1.4382 0 325.447 5.36732e-08
0.986041 1.4382 0 326.449 5.29768e-08
0.986041 1.4382 0 327.452 5.22903e-08
0.986041 1.4382 0 328.454 5.16134e-08
0.986041 1.4382 0 329.457 5.0946e-08
0.986041 1.4382 0 330.459 5.0288e-08
0.986041 1.4382 0 331.462 4.96392e-08
0.986041 1.4382 0 332.464 4.89994e-08
0.986041 1.4382 0 333.467 4.83686e-08
0.986041 1.4382 0 334.469 4.77466e-08
0.986041 1.4382 0 335.472 4.71332e-08
0.986041 1.4382 0 336.474 4.65283e-08
0.986041 1.4382 0 337.477 4.59318e-08
0.986041 1.4382 0 338.479 4.53436e-08
0.986041 1.4382 0 339.482 4.47634e-08
0.986041 1.4382 0 340.484 4.41913e-08
0.986041 1.4382 0 341.487 4.3627e-08
0.986041 1.4382 0 342.489 4.30705e-08
0.986041 1.4382 0 343.491 4.25216e-08
0.986041 1.4382 0 344.494 4.19802e-08
0.986041 1.4382 0 345.496 4.14462e-08
0.986041 1.4382 0 346.499 4.09195e-08
0.986041 1.4382 0 347.501 4.04e-08
0.986041 1.4382 0 348.504 3.98875e-08
0.986041 1.4382 0 349.506 3.9382e-08
0.986041 1.4382 0 350.509 3.88834e-08
0.986041 1.4382 0 351.511 3.83915e-08
0.986041 1.4382 0 352.514 3.79062e-08
0.986041 1.4382 0 353.516 3.74275e-08
0.986041 1.4382 0 354.519 3.69553e-08
0.986041 1.4382 0 355.521 3.64894e-08
0.986041 1.4382 0 356.524 3.60298e-08
0.986041 1.4382 0 357.526 3.55763e-08
0.986041 1.4382 0 358.528 3.51289e-08
0.986041 1.4382 0 359.531 3.46875e-08
0.986041 1.4382 0 360.533 3.4252e-08
0.986041 1.4382 0 361.536 3.38223e-08
0.986041 1.4382 0 362.538 3.33983e-08
0.986041 1.4382 0 363.541 3.298e-08
0.986041 1.4382 0 364.543 3.25672e-08
0.986041 1.4382 0 365.546 3.21599e-08
0.986041 1.4382 0 366.548 3.1758e-08
0.986041 1.4382 0 367.551 3.13615e-08
0.986041 1.4382 0 368.553 3.09701e-08
0.986041 1.4382 0 369.556 3.0584e-08
0.986041 1.4382 0 370.558 3.02029e-08
0.986041 1.4382 0 371.561 2.98269e-08
0.986041 1.4382 0 372.563 2.94557e-08
0.986041 1.4382 0 373.566 2.90895e-08
0.986041 1.4382 0 374.568 2.87281e-08
0.986041 1.4382 0 375.57 2.83714e-08
0.986041 1.4382 0 376.573 2.80194e-08
0.986041 1.4382 0 377.575 2.7672e-08
0.986041 1.4382 0 378.578 2.73291e-08
0.986041 1.4382 0 379.58 2.69907e-08
0.986041 1.4382 0 380.583 2.66567e-08
0.986041 1.4382 0 381.585 2.6327e-08
0.986041 1.4382 0 382.588 2.60017e-08
0.986041 1.4382 0 383.59 2.56806e-08
0.986041 1.4382 0 384.593 2.53636e-08
0.986041 1.4382 0 385.595 2.50507e-08
0.986041 1.4382 0 386.598 2.47419e-08
0.986041 1.4382 0 387.6 2.44371e-08
0.986041 1.4382 0 388.603 2.41362e-08
0.986041 1.4382 0 389.605 2.38392e-08
0.986041 1.4382 0 390.607 2.35461e-08
0.986041 1.4382 0 391.61 2.32567e-08
0.986041 1.4382 0 392.612 2.2971e-08
0.986041 1.4382 0 393.615 2.2689e-08
0.986041 1.4382 0 394.617 2.24106e-08
0.986041 1.4382 0 395.62 2.21358e-08
0.986041 1.4382 0 396.622 2.18646e-08
0.986041 1.4382 0 397.625 2.15967e-08
0.986041 1.4382 0 398.627 2.13324e-08
0.986041 1.4382 0 399.63 2.10714e-08
0.986041 1.4382 0 400.632 2.08137e-08
0.986041 1.4382 0 401.635 2.05593e-08
0.986041 1.4382 0 402.637 2.03082e-08
0.986041 1.4382 0 403.64 2.00602e-08
0.986041 1.4382 0 404.642 1.98155e-08
0.986041 1.4382 0 405.645 1.95738e-08
0.986041 1.4382 0 406.647 1.93352e-08
0.986041 1.4382 0 407.649 1.90996e-08
0.986041 1.4382 0 408.652 1.8867e-08
0.986041 1.4382 0 409.654 1.86374e-08
0.986041 1.4382 0 410.657 1.84106e-08
0.986041 1.4382 0 411.659 1.81868e-08
0.986041 1.4382 0 412.662 1.79657e-08
0.986041 1.4382 0 413.664 1.77475e-08
0.986041 1.4382 0 414.667 1.7532e-08
0.986041 1.4382 0 415.669 1.73192e-08
0.986041 1.4382 0 416.672 1.71091e-08
0.986041 1.4382 0 417.674 1.69017e-08
0.986041 1.4382 0 418.677 1.66968e-08
0.986041 1.4382 0 419.679 1.64946e-08
0.986041 1.4382 0 420.682 1.62949e-08
0.986041 1.4382 0 421.684 1.60976e-08
0.986041 1.4382 0 422.686 1.59029e-08
0.986041 1.4382 0 423.689 1.57106e-08
0.986041 1.4382 0 424.691 1.55207e-08
0.986041 1.4382 0 425.694 1.53332e-08
0.986041 1.4382 0 426.696 1.5148e-08
0.986041 1.4382 0 427.699 1.49651e-08
0.986041 1.4382 0 428.701 1.47846e-08
0.986041 1.4382 0 429.704 1.46062e-08
0.986041 1.4382 0 430.706 1.44301e-08
0.986041 1.4382 0 431.709 1.42562e-08
0.986041 1.4382 0 432.711 1.40845e-08
0.986041 1.4382 0 433.714 1.39149e-08
0.986041 1.4382 0 434.716 1.37474e-08
0.986041 1.4382 0 435.719 1.3582e-08
0.986041 1.4382 0 436.721 1.34186e-08
0.986041 1.4382 0 437.724 1.32573e-08
0.986041 1.4382 0 438.726 1.3098e-08
0.986041 1.4382 0 439.728 1.29406e-08
0.986041 1.4382 0 440.731 1.27852e-08
0.986041 1.4382 0 441.733 1.26317e-08
0.986041 1.4382 0 442.736 1.24802e-08
0.986041 1.4382 0 443.738 1.23304e-08
0.986041 1.4382 0 444.741 1.21826e-08
0.986041 1.4382 0 445.743 1.20366e-08
0.986041 1.4382 0 446.746 1.18923e-08
0.986041 1.4382 0 447.748 1.17499e-08
0.986041 1.4382 0 448.751 1.16092e-08
0.986041 1.4382 0 449.753 1.14703e-08
0.986041 1.4382 0 450.756 1.1333e-08
0.986041 1.4382 0 451.758 1.11975e-08
0.986041 1.4382 0 452.761 1.10636e-08
0.986041 1.4382 0 453.763 1.09313e-08
0.986041 1.4382 0 454.765 1.08007e-08
0.986041 1.4382 0 455.768 1.06717e-08
0.986041 1.4382 0 456.77 1.05443e-08
0.986041 1.4382 0 457.773 1.04184e-08
0.986041 1.4382 0 458.775 1.02941e-08
0.986041 1.4382 0 459.778 1.01713e-08
0.986041 1.4382 0 460.78 1.005e-08
0.986041 1.4382 0 461.783 9.9302e-09
0.986041 1.4382 0 462.785 9.81186e-09
0.986041 1.4382 0 463.788 9.69497e-09
0.986041 1.4382 0 464.79 9.57951e-09
0.986041 1.4382 0 465.793 9.46546e-09
0.986041 1.4382 0 466.795 9.3528e-09
0.986041 1.4382 0 467.798 9.24152e-09
0.986041 1.4382 0 468.8 9.13159e-09
0.986041 1.4382 0 469.803 9.02301e-09
0.986041 1.4382 0 470.805 8.91575e-09
0.986041 1.4382 0 471.807 8.80979e-09
0.986041 1.4382 0 472.81 8.70513e-09
0.986041 1.4382 0 473.812 8.60174e-09
0.986041 1.4382 0 474.815 8.49961e-09
0.986041 1.4382 0 475.817 8.39872e-09
0.986041 1.4382 0 476.82 8.29906e-09
0.986041 1.4382 0 477.822 8.20061e-09
0.986041 1.4382 0 478.825 8.10335e-09
0.986041 1.4382 0 479.827 8.00728e-09
0.986041 1.4382 0 480.83 7.91237e-09
0.986041 1.4382 0 481.832 7.81861e-09
0.986041 1.4382 0 482.835 7.72599e-09
0.986041 1.4382 0 483.837 7.63449e-09
0.986041 1.4382 0 484.84 7.5441e-09
0.986041 1.4382 0 485.842 7.45481e-09
0.986041 1.4382 0 486.844 7.36659e-09
0.986041 1.4382 0 487.847 7.27945e-09
0.986041 1.4382 0 488.849 7.19335e-09
0.986041 1.4382 0 489.852 7.1083e-09
0.986041 1.4382 0 490.854 7.02428e-09
0.986041 1.4382 0 491.857 6.94127e-09
0.986041 1.4382 0 492.859 6.85927e-09
0.986041 1.4382 0 493.862 6.77825e-09
0.986041 1.4382 0 494.864 6.69821e-09
0.986041 1.4382 0 495.867 6.61914e-09
0.986041 1.4382 0 496.869 6.54102e-09
0.986041 1.4382 0 497.872 6.46384e-09
0.986041 1.4382 0 498.874 6.38759e-09
0.986041 1.4382 0 499.877 6.31226e-09
0.986041 1.4382 0 500.879 6.23784e-09
0.986041 1.4382 0 501.882 6.16431e-09
0.986041 1.4382 0 502.884 6.09167e-09
0.986041 1.4382 0 503.886 6.0199e-09
0.986041 1.4382 0 504.889 5.94899e-09
0.986041 1.4382 0 505.891 5.87894e-09
0.986041 1.4382 0 506.894 5.80973e-09
0.986041 1.4382 0 507.896 5.74134e-09
0.986041 1.4382 0 508.899 5.67378e-09
0.986041 1.4382 0 509.901 5.60703e-09
0.986041 1.4382 0 510.904 5.54108e-09
0.986041 1.4382 0 511.906 5.47593e-09
0.986041 1.4382 0 512.909 5.41155e-09
0.986041 1.4382 0 513.911 5.34794e-09
0.986041 1.4382 0 514.914 5.2851e-09
0.986041 1.4382 0 515.916 5.22301e-09
0.986041 1.4382 0 516.919 5.16166e-09
0.986041 1.4382 0 517.921 5.10105e-09
0.986041 1.4382 0 518.923 5.04116e-09
0.986041 1.4382 0 519.926 4.98199e-09
0.986041 1.4382 0 520.928 4.92352e-09
0.986041 1.4382 0 521.931 4.86576e-09
0.986041 1.4382 0 522.933 4.80868e-09
0.986041 1.4382 0 523.936 4.75229e-09
0.986041 1.4382 0 524.938 4.69657e-09
0.986041 1.4382 0 525.941 4.64151e-09
0.986041 1.4382 0 526.943 4.58711e-09
0.986041 1.4382 0 527.946 4.53336e-09
0.986041 1.4382 0 528.948 4.48026e-09
0.986041 1.4382 0 529.951 4.42778e-09
0.986041 1.4382 0 530.953 4.37593e-09
0.986041 1.4382 0 531.956 4.3247e-09
0.986041 1.4382 0 532.958 4.27408e-09
0.986041 1.4382 0 533.961 4.22406e-09
0.986041 1.4382 0 534.963 4.17464e-09
0.986041 1.4382 0 535.965 4.1258e-09
0.986041 1.4382 0 536.968 4.07755e-09
0.986041 1.4382 0 537.97 4.02987e-09
0.986041 1.4382 0 538.973 3.98276e-09
0.986041 1.4382 0 539.975 3.93621e-09
0.986041 1.4382 0 540.978 3.89021e-09
0.986041 1.4382 0 541.98 3.84475e-09
0.986041 1.4382 0 542.983 3.79984e-09
0.986041 1.4382 0 543.985 3.75546e-09
0.986041 1.4382 0 544.988 3.71161e-09
0.986041 1.4382 0 545.99 3.66828e-09
0.986041 1.4382 0 546.993 3.62546e-09
0.986041 1.4382 0 547.995 3.58315e-09
0.986041 1.4382 0 548.998 3.54134e-09
0.986041 1.4382 0 550 3.50003e-09

