1.65408 1.4382 200 150.015 5.53787e-05
1.65408 1.4382 200 151.017 9.96051e-05
1.65408 1.4382 200 152.02 0.000101504
1.65408 1.4382 200 153.022 9.8277e-05
1.65408 1.4382 200 154.025 9.47062e-05
1.65408 1.4382 200 155.027 9.12387e-05
1.65408 1.4382 200 156.03 8.79114e-05
1.65408 1.4382 200 157.032 8.47214e-05
1.65408 1.4382 200 158.035 8.16622e-05
1.65408 1.4382 200 159.037 7.87274e-05
1.65408 1.4382 200 160.04 7.59111e-05
1.65408 1.4382 200 161.042 7.32075e-05
1.65408 1.4382 200 162.045 7.06114e-05
1.65408 1.4382 200 163.047 6.81178e-05
1.65408 1.4382 200 164.05 6.57221e-05
1.65408 1.4382 200 165.052 6.34198e-05
1.65408 1.4382 200 166.054 6.12068e-05
1.65408 1.4382 200 167.057 5.9079e-05
1.65408 1.4382 200 168.059 5.70327e-05
1.65408 1.4382 200 169.062 5.50645e-05
1.65408 1.4382 200 170.064 5.31708e-05
1.65408 1.4382 200 171.067 5.13485e-05
1.65408 1.4382 200 172.069 4.95947e-05
1.65408 1.4382 200 173.072 4.79062e-05
1.65408 1.4382 200 174.074 4.62806e-05
1.65408 1.4382 200 175.077 4.4715e-05
1.65408 1.4382 200 176.079 4.32071e-05
1.65408 1.4382 200 177.082 4.17544e-05
1.65408 1.4382 200 178.084 4.03548e-05
1.65408 1.4382 200 179.087 3.90061e-05
1.65408 1.4382 200 180.089 3.77061e-05
1.65408 1.4382 200 181.092 3.64531e-05
1.65408 1.4382 200 182.094 3.5245e-05
1.65408 1.4382 200 183.096 3.40802e-05
1.65408 1.4382 200 184.099 3.29568e-05
1.65408 1.4382 200 185.101 3.18734e-05
1.65408 1.4382 200 186.104 3.08283e-05
1.65408 1.4382 200 187.106 2.98201e-05
1.65408 1.4382 200 188.109 2.88472e-05
1.65408 1.4382 200 189.111 2.79085e-05
1.65408 1.4382 200 190.114 2.70025e-05
1.65408 1.4382 200 191.116 2.61281e-05
1.65408 1.4382 200 192.119 2.5284e-05
1.65408 1.4382 200 193.121 2.44691e-05
1.65408 1.4382 200 194.124 2.36823e-05
1.65408 1.4382 200 195.126 2.29225e-05
1.65408 1.4382 200 196.129 2.21888e-05
1.65408 1.4382 200 197.131 2.14802e-05
1.65408 1.4382 200 198.133 2.07957e-05
1.65408 1.4382 200 199.136 2.01345e-05
1.65408 1.4382 200 200.138 1.94957e-05
1.65408 1.4382 200 201.141 1.88785e-05
1.65408 1.4382 200 202.143 1.82821e-05
1.65408 1.4382 200 203.146 1.77057e-05
1.65408 1.4382 200 204.148 1.71487e-05
1.65408 1.4382 200 205.151 1.66103e-05
1.65408 1.4382 200 206.153 1.60899e-05
1.65408 1.4382 200 207.156 1.55868e-05
1.65408 1.4382 200 208.158 1.51005e-05
1.65408 1.4382 200 209.161 1.46302e-05
1.65408 1.4382 200 210.163 1.41755e-05
1.65408 1.4382 200 211.166 1.37358e-05
1.65408 1.4382 200 212.168 1.33106e-05
1.65408 1.4382 200 213.171 1.28993e-05
1.65408 1.4382 200 214.173 1.25015e-05
1.65408 1.4382 200 215.175 1.21167e-05
1.65408 1.4382 200 216.178 1.17444e-05
1.65408 1.4382 200 217.18 1.13843e-05
1.65408 1.4382 200 218.183 1.10359e-05
1.65408 1.4382 200 219.185 1.06987e-05
1.65408 1.4382 200 220.188 1.03725e-05
1.65408 1.4382 200 221.19 1.00568e-05
1.65408 1.4382 200 222.193 9.75121e-06
1.65408 1.4382 200 223.195 9.45549e-06
1.65408 1.4382 200 224.198 9.16925e-06
1.65408 1.4382 200 225.2 8.89218e-06
1.65408 1.4382 200 226.203 8.62396e-06
1.65408 1.4382 200 227.205 8.3643e-06
1.65408 1.4382 200 228.208 8.1129e-06
1.65408 1.4382 200 229.21 7.86948e-06
1.65408 1.4382 200 230.212 7.63379e-06
1.65408 1.4382 200 231.215 7.40555e-06
1.65408 1.4382 200 232.217 7.18452e-06
1.65408 1.4382 200 233.22 6.97047e-06
1.65408 1.4382 200 234.222 6.76314e-06
1.65408 1.4382 200 235.225 6.56234e-06
1.65408 1.4382 200 236.227 6.36782e-06
1.65408 1.4382 200 237.23 6.1794e-06
1.65408 1.4382 200 238.232 5.99686e-06
1.65408 1.4382 200 239.235 5.82002e-06
1.65408 1.4382 200 240.237 5.64868e-06
1.65408 1.4382 200 241.24 5.48267e-06
1.65408 1.4382 200 242.242 5.32181e-06
1.65408 1.4382 200 243.245 5.16593e-06
1.65408 1.4382 200 244.247 5.01486e-06
1.65408 1.4382 200 245.25 4.86846e-06
1.65408 1.4382 200 246.252 4.72657e-06
1.65408 1.4382 200 247.254 4.58905e-06
1.65408 1.4382 200 248.257 4.45575e-06
1.65408 1.4382 200 249.259 4.32653e-06
1.65408 1.4382 200 250.262 4.20126e-06
1.65408 1.4382 200 251.264 4.07983e-06
1.65408 1.4382 200 252.267 3.96209e-06
1.65408 1.4382 200 253.269 3.84795e-06
1.65408 1.4382 200 254.272 3.73727e-06
1.65408 1.4382 200 255.274 3.62995e-06
1.65408 1.4382 200 256.277 3.52588e-06
1.65408 1.4382 200 257.279 3.42496e-06
1.65408 1.4382 200 258.282 3.32708e-06
1.65408 1.4382 200 259.284 3.23216e-06
1.65408 1.4382 200 260.287 3.14009e-06
1.65408 1.4382 200 261.289 3.05079e-06
1.65408 1.4382 200 262.291 2.96417e-06
1.65408 1.4382 200 263.294 2.88015e-06
1.65408 1.4382 200 264.296 2.79863e-06
1.65408 1.4382 200 265.299 2.71955e-06
1.65408 1.4382 200 266.301 2.64283e-06
1.65408 1.4382 200 267.304 2.56839e-06
1.65408 1.4382 200 268.306 2.49616e-06
1.65408 1.4382 200 269.309 2.42608e-06
1.65408 1.4382 200 270.311 2.35807e-06
1.65408 1.4382 200 271.314 2.29207e-06
1.65408 1.4382 200 272.316 2.22802e-06
1.65408 1.4382 200 273.319 2.16586e-06
1.65408 1.4382 200 274.321 2.10553e-06
1.65408 1.4382 200 275.324 2.04697e-06
1.65408 1.4382 200 276.326 1.99013e-06
1.65408 1.4382 200 277.329 1.93496e-06
1.65408 1.4382 200 278.331 1.8814e-06
1.65408 1.4382 200 279.333 1.8294e-06
1.65408 1.4382 200 280.336 1.77892e-06
1.65408 1.4382 200 281.338 1.72991e-06
1.65408 1.4382 200 282.341 1.68232e-06
1.65408 1.4382 200 283.343 1.63612e-06
1.65408 1.4382 200 284.346 1.59125e-06
1.65408 1.4382 200 285.348 1.54768e-06
1.65408 1.4382 200 286.351 1.50537e-06
1.65408 1.4382 200 287.353 1.46429e-06
1.65408 1.4382 200 288.356 1.42438e-06
1.65408 1.4382 200 289.358 1.38562e-06
1.65408 1.4382 200 290.361 1.34798e-06
1.65408 1.4382 200 291.363 1.31141e-06
1.65408 1.4382 200 292.366 1.27589e-06
1.65408 1.4382 200 293.368 1.24139e-06
1.65408 1.4382 200 294.37 1.20787e-06
1.65408 1.4382 200 295.373 1.17531e-06
1.65408 1.4382 200 296.375 1.14367e-06
1.65408 1.4382 200 297.378 1.11293e-06
1.65408 1.4382 200 298.38 1.08306e-06
1.65408 1.4382 200 299.383 1.05404e-06
1.65408 1.4382 200 300.385 1.02584e-06
1.65408 1.4382 200 301.388 9.9844e-07
1.65408 1.4382 200 302.39 9.71809e-07
1.65408 1.4382 200 303.393 9.45927e-07
1.65408 1.4382 200 304.395 9.20773e-07
1.65408 1.4382 200 305.398 8.96325e-07
1.65408 1.4382 200 306.4 8.72563e-07
1.65408 1.4382 200 307.403 8.49465e-07
1.65408 1.4382 200 308.405 8.27012e-07
1.65408 1.4382 200 309.408 8.05186e-07
1.65408 1.4382 200 310.41 7.83968e-07
1.65408 1.4382 200 311.412 7.6334e-07
1.65408 1.4382 200 312.415 7.43285e-07
1.65408 1.4382 200 313.417 7.23786e-07
1.65408 1.4382 200 314.42 7.04827e-07
1.65408 1.4382 200 315.422 6.86393e-07
1.65408 1.4382 200 316.425 6.68467e-07
1.65408 1.4382 200 317.427 6.51035e-07
1.65408 1.4382 200 318.43 6.34084e-07
1.65408 1.4382 200 319.432 6.17598e-07
1.65408 1.4382 200 320.435 6.01564e-07
1.65408 1.4382 200 321.437 5.8597e-07
1.65408 1.4382 200 322.44 5.70803e-07
1.65408 1.4382 200 323.442 5.5605e-07
1.65408 1.4382 200 324.445 5.41699e-07
1.65408 1.4382 200 325.447 5.27739e-07
1.65408 1.4382 200 326.449 5.1416e-07
1.65408 1.4382 200 327.452 5.00949e-07
1.65408 1.4382 200 328.454 4.88096e-07
1.65408 1.4382 200 329.457 4.75591e-07
1.65408 1.4382 200 330.459 4.63424e-07
1.65408 1.4382 200 331.462 4.51586e-07
1.65408 1.4382 200 332.464 4.40067e-07
1.65408 1.4382 200 333.467 4.28859e-07
1.65408 1.4382 200 334.469 4.17951e-07
1.65408 1.4382 200 335.472 4.07336e-07
1.65408 1.4382 200 336.474 3.97006e-07
1.65408 1.4382 200 337.477 3.86952e-07
1.65408 1.4382 200 338.479 3.77167e-07
1.65408 1.4382 200 339.482 3.67643e-07
1.65408 1.4382 200 340.484 3.58373e-07
1.65408 1.4382 200 341.487 3.4935e-07
1.65408 1.4382 200 342.489 3.40566e-07
1.65408 1.4382 200 343.491 3.32015e-07
1.65408 1.4382 200 344.494 3.23691e-07
1.65408 1.4382 200 345.496 3.15587e-07
1.65408 1.4382 200 346.499 3.07697e-07
1.65408 1.4382 200 347.501 3.00015e-07
1.65408 1.4382 200 348.504 2.92535e-07
1.65408 1.4382 200 349.506 2.85253e-07
1.65408 1.4382 200 350.509 2.78161e-07
1.65408 1.4382 200 351.511 2.71256e-07
1.65408 1.4382 200 352.514 2.64531e-07
1.65408 1.4382 200 353.516 2.57982e-07
1.65408 1.4382 200 354.519 2.51604e-07
1.65408 1.4382 200 355.521 2.45392e-07
1.65408 1.4382 200 356.524 2.39343e-07
1.65408 1.4382 200 357.526 2.3345e-07
1.65408 1.4382 200 358.528 2.2771e-07
1.65408 1.4382 200 359.531 2.2212e-07
1.65408 1.4382 200 360.533 2.16674e-07
1.65408 1.4382 200 361.536 2.11368e-07
1.65408 1.4382 200 362.538 2.062e-07
1.65408 1.4382 200 363.541 2.01165e-07
1.65408 1.4382 200 364.543 1.96259e-07
1.65408 1.4382 200 365.546 1.9148e-07
1.65408 1.4382 200 366.548 1.86823e-07
1.65408 1.4382 200 367.551 1.82286e-07
1.65408 1.4382 200 368.553 1.77865e-07
1.65408 1.4382 200 369.556 1.73557e-07
1.65408 1.4382 200 370.558 1.69358e-07
1.65408 1.4382 200 371.561 1.65267e-07
1.65408 1.4382 200 372.563 1.6128e-07
1.65408 1.4382 200 373.566 1.57394e-07
1.65408 1.4382 200 374.568 1.53607e-07
1.65408 1.4382 200 375.57 1.49916e-07
1.65408 1.4382 200 376.573 1.46319e-07
1.65408 1.4382 200 377.575 1.42812e-07
1.65408 1.4382 200 378.578 1.39394e-07
1.65408 1.4382 200 379.58 1.36062e-07
1.65408 1.4382 200 380.583 1.32813e-07
1.65408 1.4382 200 381.585 1.29647e-07
1.65408 1.4382 200 382.588 1.2656e-07
1.65408 1.4382 200 383.59 1.2355e-07
1.65408 1.4382 200 384.593 1.20616e-07
1.65408 1.4382 200 385.595 1.17755e-07
1.65408 1.4382 200 386.598 1.14965e-07
1.65408 1.4382 200 387.6 1.12245e-07
1.65408 1.4382 200 388.603 1.09593e-07
1.65408 1.4382 200 389.605 1.07007e-07
1.65408 1.4382 200 390.607 1.04485e-07
1.65408 1.4382 200 391.61 1.02025e-07
1.65408 1.4382 200 392.612 9.96264e-08
1.65408 1.4382 200 393.615 9.72871e-08
1.65408 1.4382 200 394.617 9.50055e-08
1.65408 1.4382 200 395.62 9.27802e-08
1.65408 1.4382 200 396.622 9.06097e-08
1.65408 1.4382 200 397.625 8.84926e-08
1.65408 1.4382 200 398.627 8.64276e-08
1.65408 1.4382 200 399.63 8.44131e-08
1.65408 1.4382 200 400.632 8.24481e-08
1.65408 1.4382 200 401.635 8.05311e-08
1.65408 1.4382 200 402.637 7.86609e-08
1.65408 1.4382 200 403.64 7.68364e-08
1.65408 1.4382 200 404.642 7.50564e-08
1.65408 1.4382 200 405.645 7.33197e-08
1.65408 1.4382 200 406.647 7.16252e-08
1.65408 1.4382 200 407.649 6.99718e-08
1.65408 1.4382 200 408.652 6.83586e-08
1.65408 1.4382 200 409.654 6.67843e-08
1.65408 1.4382 200 410.657 6.52482e-08
1.65408 1.4382 200 411.659 6.37491e-08
1.65408 1.4382 200 412.662 6.22863e-08
1.65408 1.4382 200 413.664 6.08586e-08
1.65408 1.4382 200 414.667 5.94653e-08
1.65408 1.4382 200 415.669 5.81055e-08
1.65408 1.4382 200 416.672 5.67783e-08
1.65408 1.4382 200 417.674 5.54829e-08
1.65408 1.4382 200 418.677 5.42185e-08
1.65408 1.4382 200 419.679 5.29843e-08
1.65408 1.4382 200 420.682 5.17797e-08
1.65408 1.4382 200 421.684 5.06037e-08
1.65408 1.4382 200 422.686 4.94557e-08
1.65408 1.4382 200 423.689 4.83351e-08
1.65408 1.4382 200 424.691 4.7241e-08
1.65408 1.4382 200 425.694 4.6173e-08
1.65408 1.4382 200 426.696 4.51302e-08
1.65408 1.4382 200 427.699 4.41121e-08
1.65408 1.4382 200 428.701 4.31181e-08
1.65408 1.4382 200 429.704 4.21476e-08
1.65408 1.4382 200 430.706 4.11999e-08
1.65408 1.4382 200 431.709 4.02746e-08
1.65408 1.4382 200 432.711 3.9371e-08
1.65408 1.4382 200 433.714 3.84886e-08
1.65408 1.4382 200 434.716 3.7627e-08
1.65408 1.4382 200 435.719 3.67856e-08
1.65408 1.4382 200 436.721 3.59638e-08
1.65408 1.4382 200 437.724 3.51613e-08
1.65408 1.4382 200 438.726 3.43775e-08
1.65408 1.4382 200 439.728 3.3612e-08
1.65408 1.4382 200 440.731 3.28643e-08
1.65408 1.4382 200 441.733 3.21341e-08
1.65408 1.4382 200 442.736 3.14208e-08
1.65408 1.4382 200 443.738 3.0724e-08
1.65408 1.4382 200 444.741 3.00434e-08
1.65408 1.4382 200 445.743 2.93786e-08
1.65408 1.4382 200 446.746 2.87292e-08
1.65408 1.4382 200 447.748 2.80948e-08
1.65408 1.4382 200 448.751 2.7475e-08
1.65408 1.4382 200 449.753 2.68695e-08
1.65408 1.4382 200 450.756 2.62779e-08
1.65408 1.4382 200 451.758 2.57e-08
1.65408 1.4382 200 452.761 2.51353e-08
1.65408 1.4382 200 453.763 2.45836e-08
1.65408 1.4382 200 454.765 2.40446e-08
1.65408 1.4382 200 455.768 2.35178e-08
1.65408 1.4382 200 456.77 2.30032e-08
1.65408 1.4382 200 457.773 2.25003e-08
1.65408 1.4382 200 458.775 2.20088e-08
1.65408 1.4382 200 459.778 2.15286e-08
1.65408 1.4382 200 460.78 2.10593e-08
1.65408 1.4382 200 461.783 2.06007e-08
1.65408 1.4382 200 462.785 2.01525e-08
1.65408 1.4382 200 463.788 1.97144e-08
1.65408 1.4382 200 464.79 1.92863e-08
1.65408 1.4382 200 465.793 1.88679e-08
1.65408 1.4382 200 466.795 1.8459e-08
1.65408 1.4382 200 467.798 1.80593e-08
1.65408 1.4382 200 468.8 1.76686e-08
1.65408 1.4382 200 469.803 1.72867e-08
1.65408 1.4382 200 470.805 1.69135e-08
1.65408 1.4382 200 471.807 1.65486e-08
1.65408 1.4382 200 472.81 1.61919e-08
1.65408 1.4382 200 473.812 1.58432e-08
1.65408 1.4382 200 474.815 1.55024e-08
1.65408 1.4382 200 475.817 1.51692e-08
1.65408 1.4382 200 476.82 1.48434e-08
1.65408 1.4382 200 477.822 1.4525e-08
1.65408 1.4382 200 478.825 1.42136e-08
1.65408 1.4382 200 479.827 1.39092e-08
1.65408 1.4382 200 480.83 1.36116e-08
1.65408 1.4382 200 481.832 1.33206e-08
1.65408 1.4382 200 482.835 1.30361e-08
1.65408 1.4382 200 483.837 1.27579e-08
1.65408 1.4382 200 484.84 1.24858e-08
1.65408 1.4382 200 485.842 1.22198e-08
1.65408 1.4382 200 486.844 1.19597e-08
1.65408 1.4382 200 487.847 1.17054e-08
1.65408 1.4382 200 488.849 1.14567e-08
1.65408 1.4382 200 489.852 1.12134e-08
1.65408 1.4382 200 490.854 1.09756e-08
1.65408 1.4382 200 491.857 1.07429e-08
1.65408 1.4382 200 492.859 1.05154e-08
1.65408 1.4382 200 493.862 1.02929e-08
1.65408 1.4382 200 494.864 1.00753e-08
1.65408 1.4382 200 495.867 9.86251e-09
1.65408 1.4382 200 496.869 9.65435e-09
1.65408 1.4382 200 497.872 9.45075e-09
1.65408 1.4382 200 498.874 9.25161e-09
1.65408 1.4382 200 499.877 9.05683e-09
1.65408 1.4382 200 500.879 8.8663e-09
1.65408 1.4382 200 501.882 8.67993e-09
1.65408 1.4382 200 502.884 8.49762e-09
1.65408 1.4382 200 503.886 8.31929e-09
1.65408 1.4382 200 504.889 8.14484e-09
1.65408 1.4382 200 505.891 7.97418e-09
1.65408 1.4382 200 506.894 7.80723e-09
1.65408 1.4382 200 507.896 7.6439e-09
1.65408 1.4382 200 508.899 7.48412e-09
1.65408 1.4382 200 509.901 7.3278e-09
1.65408 1.4382 200 510.904 7.17486e-09
1.65408 1.4382 200 511.906 7.02523e-09
1.65408 1.4382 200 512.909 6.87883e-09
1.65408 1.4382 200 513.911 6.73559e-09
1.65408 1.4382 200 514.914 6.59545e-09
1.65408 1.4382 200 515.916 6.45832e-09
1.65408 1.4382 200 516.919 6.32414e-09
1.65408 1.4382 200 517.921 6.19286e-09
1.65408 1.4382 200 518.923 6.06439e-09
1.65408 1.4382 200 519.926 5.93868e-09
1.65408 1.4382 200 520.928 5.81567e-09
1.65408 1.4382 200 521.931 5.6953e-09
1.65408 1.4382 200 522.933 5.5775e-09
1.65408 1.4382 200 523.936 5.46222e-09
1.65408 1.4382 200 524.938 5.34941e-09
1.65408 1.4382 200 525.941 5.23901e-09
1.65408 1.4382 200 526.943 5.13097e-09
1.65408 1.4382 200 527.946 5.02522e-09
1.65408 1.4382 200 528.948 4.92174e-09
1.65408 1.4382 200 529.951 4.82045e-09
1.65408 1.4382 200 530.953 4.72132e-09
1.65408 1.4382 200 531.956 4.6243e-09
1.65408 1.4382 200 532.958 4.52933e-09
1.65408 1.4382 200 533.961 4.43639e-09
1.65408 1.4382 200 534.963 4.34541e-09
1.65408 1.4382 200 535.965 4.25636e-09
1.65408 1.4382 200 536.968 4.16919e-09
1.65408 1.4382 200 537.97 4.08387e-09
1.65408 1.4382 200 538.973 4.00035e-09
1.65408 1.4382 200 539.975 3.91859e-09
1.65408 1.4382 200 540.978 3.83856e-09
1.65408 1.4382 200 541.98 3.76022e-09
1.65408 1.4382 200 542.983 3.68353e-09
1.65408 1.4382 200 543.985 3.60845e-09
1.65408 1.4382 200 544.988 3.53494e-09
1.65408 1.4382 200 545.99 3.46299e-09
1.65408 1.4382 200 546.993 3.39254e-09
1.65408 1.4382 200 547.995 3.32358e-09
1.65408 1.4382 200 548.998 3.25605e-09
1.65408 1.4382 200 550 3.18995e-09
