3.83003 1.4382 0 100.01 1.50163e-05
3.83003 1.4382 0 101.012 2.55105e-05
3.83003 1.4382 0 102.015 2.30609e-05
3.83003 1.4382 0 103.017 2.04034e-05
3.83003 1.4382 0 104.02 1.82519e-05
3.83003 1.4382 0 105.022 1.64672e-05
3.83003 1.4382 0 106.025 1.49513e-05
3.83003 1.4382 0 107.027 1.36426e-05
3.83003 1.4382 0 108.03 1.24992e-05
3.83003 1.4382 0 109.032 1.14908e-05
3.83003 1.4382 0 110.035 1.05948e-05
3.83003 1.4382 0 111.037 9.79377e-06
3.83003 1.4382 0 112.04 9.07374e-06
3.83003 1.4382 0 113.042 8.42356e-06
3.83003 1.4382 0 114.045 7.8341e-06
3.83003 1.4382 0 115.047 7.29777e-06
3.83003 1.4382 0 116.05 6.80823e-06
3.83003 1.4382 0 117.052 6.36011e-06
3.83003 1.4382 0 118.055 5.94884e-06
3.83003 1.4382 0 119.057 5.57051e-06
3.83003 1.4382 0 120.06 5.22173e-06
3.83003 1.4382 0 121.062 4.89954e-06
3.83003 1.4382 0 122.065 4.60139e-06
3.83003 1.4382 0 123.067 4.32501e-06
3.83003 1.4382 0 124.07 4.06842e-06
3.83003 1.4382 0 125.072 3.82986e-06
3.83003 1.4382 0 126.075 3.60776e-06
3.83003 1.4382 0 127.077 3.40074e-06
3.83003 1.4382 0 128.079 3.20753e-06
3.83003 1.4382 0 129.082 3.02703e-06
3.83003 1.4382 0 130.084 2.85822e-06
3.83003 1.4382 0 131.087 2.70019e-06
3.83003 1.4382 0 132.089 2.55213e-06
3.83003 1.4382 0 133.092 2.41329e-06
3.83003 1.4382 0 134.094 2.28298e-06
3.83003 1.4382 0 135.097 2.1606e-06
3.83003 1.4382 0 136.099 2.04557e-06
3.83003 1.4382 0 137.102 1.93739e-06
3.83003 1.4382 0 138.104 1.83558e-06
3.83003 1.4382 0 139.107 1.7397e-06
3.83003 1.4382 0 140.109 1.64936e-06
3.83003 1.4382 0 141.112 1.56419e-06
3.83003 1.4382 0 142.114 1.48386e-06
3.83003 1.4382 0 143.117 1.40805e-06
3.83003 1.4382 0 144.119 1.33647e-06
3.83003 1.4382 0 145.122 1.26886e-06
3.83003 1.4382 0 146.124 1.20497e-06
3.83003 1.4382 0 147.127 1.14457e-06
3.83003 1.4382 0 148.129 1.08745e-06
3.83003 1.4382 0 149.132 1.0334e-06
3.83003 1.4382 0 150.134 9.82248e-07
3.83003 1.4382 0 151.137 9.33819e-07
3.83003 1.4382 0 152.139 8.87952e-07
3.83003 1.4382 0 153.142 8.44498e-07
3.83003 1.4382 0 154.144 8.03317e-07
3.83003 1.4382 0 155.146 7.6428e-07
3.83003 1.4382 0 156.149 7.27263e-07
3.83003 1.4382 0 157.151 6.92153e-07
3.83003 1.4382 0 158.154 6.58844e-07
3.83003 1.4382 0 159.156 6.27234e-07
3.83003 1.4382 0 160.159 5.97229e-07
3.83003 1.4382 0 161.161 5.68742e-07
3.83003 1.4382 0 162.164 5.4169e-07
3.83003 1.4382 0 163.166 5.15995e-07
3.83003 1.4382 0 164.169 4.91582e-07
3.83003 1.4382 0 165.171 4.68385e-07
3.83003 1.4382 0 166.174 4.46338e-07
3.83003 1.4382 0 167.176 4.25379e-07
3.83003 1.4382 0 168.179 4.05452e-07
3.83003 1.4382 0 169.181 3.86503e-07
3.83003 1.4382 0 170.184 3.68479e-07
3.83003 1.4382 0 171.186 3.51334e-07
3.83003 1.4382 0 172.189 3.35021e-07
3.83003 1.4382 0 173.191 3.19499e-07
3.83003 1.4382 0 174.194 3.04725e-07
3.83003 1.4382 0 175.196 2.90663e-07
3.83003 1.4382 0 176.199 2.77276e-07
3.83003 1.4382 0 177.201 2.64529e-07
3.83003 1.4382 0 178.204 2.52391e-07
3.83003 1.4382 0 179.206 2.4083e-07
3.83003 1.4382 0 180.208 2.29819e-07
3.83003 1.4382 0 181.211 2.19329e-07
3.83003 1.4382 0 182.213 2.09335e-07
3.83003 1.4382 0 183.216 1.99812e-07
3.83003 1.4382 0 184.218 1.90737e-07
3.83003 1.4382 0 185.221 1.82088e-07
3.83003 1.4382 0 186.223 1.73843e-07
3.83003 1.4382 0 187.226 1.65984e-07
3.83003 1.4382 0 188.228 1.58491e-07
3.83003 1.4382 0 189.231 1.51347e-07
3.83003 1.4382 0 190.233 1.44534e-07
3.83003 1.4382 0 191.236 1.38037e-07
3.83003 1.4382 0 192.238 1.31841e-07
3.83003 1.4382 0 193.241 1.25931e-07
3.83003 1.4382 0 194.243 1.20293e-07
3.83003 1.4382 0 195.246 1.14914e-07
3.83003 1.4382 0 196.248 1.09782e-07
3.83003 1.4382 0 197.251 1.04886e-07
3.83003 1.4382 0 198.253 1.00213e-07
3.83003 1.4382 0 199.256 9.57541e-08
3.83003 1.4382 0 200.258 9.14984e-08
3.83003 1.4382 0 201.261 8.74365e-08
3.83003 1.4382 0 202.263 8.35592e-08
3.83003 1.4382 0 203.266 7.98579e-08
3.83003 1.4382 0 204.268 7.63244e-08
3.83003 1.4382 0 205.271 7.29509e-08
3.83003 1.4382 0 206.273 6.97298e-08
3.83003 1.4382 0 207.275 6.6654e-08
3.83003 1.4382 0 208.278 6.37169e-08
3.83003 1.4382 0 209.28 6.0912e-08
3.83003 1.4382 0 210.283 5.82332e-08
3.83003 1.4382 0 211.285 5.56746e-08
3.83003 1.4382 0 212.288 5.32307e-08
3.83003 1.4382 0 213.29 5.08963e-08
3.83003 1.4382 0 214.293 4.86662e-08
3.83003 1.4382 0 215.295 4.65358e-08
3.83003 1.4382 0 216.298 4.45004e-08
3.83003 1.4382 0 217.3 4.25557e-08
3.83003 1.4382 0 218.303 4.06975e-08
3.83003 1.4382 0 219.305 3.8922e-08
3.83003 1.4382 0 220.308 3.72254e-08
3.83003 1.4382 0 221.31 3.5604e-08
3.83003 1.4382 0 222.313 3.40544e-08
3.83003 1.4382 0 223.315 3.25735e-08
3.83003 1.4382 0 224.318 3.1158e-08
3.83003 1.4382 0 225.32 2.98051e-08
3.83003 1.4382 0 226.323 2.85119e-08
3.83003 1.4382 0 227.325 2.72757e-08
3.83003 1.4382 0 228.328 2.6094e-08
3.83003 1.4382 0 229.33 2.49643e-08
3.83003 1.4382 0 230.333 2.38842e-08
3.83003 1.4382 0 231.335 2.28516e-08
3.83003 1.4382 0 232.338 2.18643e-08
3.83003 1.4382 0 233.34 2.09203e-08
3.83003 1.4382 0 234.342 2.00177e-08
3.83003 1.4382 0 235.345 1.91545e-08
3.83003 1.4382 0 236.347 1.83292e-08
3.83003 1.4382 0 237.35 1.75398e-08
3.83003 1.4382 0 238.352 1.6785e-08
3.83003 1.4382 0 239.355 1.60631e-08
3.83003 1.4382 0 240.357 1.53726e-08
3.83003 1.4382 0 241.36 1.47122e-08
3.83003 1.4382 0 242.362 1.40806e-08
3.83003 1.4382 0 243.365 1.34764e-08
3.83003 1.4382 0 244.367 1.28985e-08
3.83003 1.4382 0 245.37 1.23457e-08
3.83003 1.4382 0 246.372 1.18169e-08
3.83003 1.4382 0 247.375 1.1311e-08
3.83003 1.4382 0 248.377 1.0827e-08
3.83003 1.4382 0 249.38 1.0364e-08
3.83003 1.4382 0 250.382 9.92105e-09
3.83003 1.4382 0 251.385 9.49723e-09
3.83003 1.4382 0 252.387 9.09172e-09
3.83003 1.4382 0 253.39 8.70373e-09
3.83003 1.4382 0 254.392 8.33248e-09
3.83003 1.4382 0 255.395 7.97725e-09
3.83003 1.4382 0 256.397 7.63733e-09
3.83003 1.4382 0 257.4 7.31205e-09
3.83003 1.4382 0 258.402 7.00077e-09
3.83003 1.4382 0 259.405 6.70289e-09
3.83003 1.4382 0 260.407 6.41781e-09
3.83003 1.4382 0 261.409 6.14499e-09
3.83003 1.4382 0 262.412 5.88388e-09
3.83003 1.4382 0 263.414 5.63398e-09
3.83003 1.4382 0 264.417 5.3948e-09
3.83003 1.4382 0 265.419 5.16587e-09
3.83003 1.4382 0 266.422 4.94676e-09
3.83003 1.4382 0 267.424 4.73703e-09
3.83003 1.4382 0 268.427 4.53627e-09
3.83003 1.4382 0 269.429 4.34411e-09
3.83003 1.4382 0 270.432 4.16016e-09
3.83003 1.4382 0 271.434 3.98407e-09
3.83003 1.4382 0 272.437 3.81551e-09
3.83003 1.4382 0 273.439 3.65414e-09
3.83003 1.4382 0 274.442 3.49966e-09
3.83003 1.4382 0 275.444 3.35176e-09
3.83003 1.4382 0 276.447 3.21017e-09
3.83003 1.4382 0 277.449 3.07462e-09
3.83003 1.4382 0 278.452 2.94483e-09
3.83003 1.4382 0 279.454 2.82058e-09
3.83003 1.4382 0 280.457 2.70161e-09
3.83003 1.4382 0 281.459 2.58769e-09
3.83003 1.4382 0 282.462 2.47863e-09
3.83003 1.4382 0 283.464 2.37419e-09
3.83003 1.4382 0 284.467 2.27419e-09
3.83003 1.4382 0 285.469 2.17844e-09
3.83003 1.4382 0 286.472 2.08675e-09
3.83003 1.4382 0 287.474 1.99895e-09
3.83003 1.4382 0 288.476 1.91487e-09
3.83003 1.4382 0 289.479 1.83436e-09
3.83003 1.4382 0 290.481 1.75725e-09
3.83003 1.4382 0 291.484 1.68342e-09
3.83003 1.4382 0 292.486 1.6127e-09
3.83003 1.4382 0 293.489 1.54498e-09
3.83003 1.4382 0 294.491 1.48013e-09
3.83003 1.4382 0 295.494 1.41801e-09
3.83003 1.4382 0 296.496 1.35852e-09
3.83003 1.4382 0 297.499 1.30155e-09
3.83003 1.4382 0 298.501 1.24698e-09
3.83003 1.4382 0 299.504 1.19471e-09
3.83003 1.4382 0 300.506 1.14465e-09
3.83003 1.4382 0 301.509 1.0967e-09
3.83003 1.4382 0 302.511 1.05078e-09
3.83003 1.4382 0 303.514 1.00679e-09
3.83003 1.4382 0 304.516 9.64651e-10
3.83003 1.4382 0 305.519 9.24289e-10
3.83003 1.4382 0 306.521 8.85627e-10
3.83003 1.4382 0 307.524 8.48593e-10
3.83003 1.4382 0 308.526 8.13117e-10
3.83003 1.4382 0 309.529 7.79133e-10
3.83003 1.4382 0 310.531 7.46578e-10
3.83003 1.4382 0 311.534 7.15392e-10
3.83003 1.4382 0 312.536 6.85517e-10
3.83003 1.4382 0 313.538 6.56897e-10
3.83003 1.4382 0 314.541 6.29479e-10
3.83003 1.4382 0 315.543 6.03212e-10
3.83003 1.4382 0 316.546 5.78047e-10
3.83003 1.4382 0 317.548 5.53939e-10
3.83003 1.4382 0 318.551 5.30841e-10
3.83003 1.4382 0 319.553 5.08713e-10
3.83003 1.4382 0 320.556 4.87511e-10
3.83003 1.4382 0 321.558 4.67199e-10
3.83003 1.4382 0 322.561 4.47737e-10
3.83003 1.4382 0 323.563 4.29091e-10
3.83003 1.4382 0 324.566 4.11225e-10
3.83003 1.4382 0 325.568 3.94108e-10
3.83003 1.4382 0 326.571 3.77706e-10
3.83003 1.4382 0 327.573 3.61991e-10
3.83003 1.4382 0 328.576 3.46933e-10
3.83003 1.4382 0 329.578 3.32505e-10
3.83003 1.4382 0 330.581 3.1868e-10
3.83003 1.4382 0 331.583 3.05432e-10
3.83003 1.4382 0 332.586 2.92738e-10
3.83003 1.4382 0 333.588 2.80575e-10
3.83003 1.4382 0 334.591 2.68919e-10
3.83003 1.4382 0 335.593 2.5775e-10
3.83003 1.4382 0 336.596 2.47047e-10
3.83003 1.4382 0 337.598 2.3679e-10
3.83003 1.4382 0 338.601 2.26962e-10
3.83003 1.4382 0 339.603 2.17543e-10
3.83003 1.4382 0 340.605 2.08517e-10
3.83003 1.4382 0 341.608 1.99868e-10
3.83003 1.4382 0 342.61 1.91578e-10
3.83003 1.4382 0 343.613 1.83635e-10
3.83003 1.4382 0 344.615 1.76022e-10
3.83003 1.4382 0 345.618 1.68726e-10
3.83003 1.4382 0 346.62 1.61734e-10
3.83003 1.4382 0 347.623 1.55033e-10
3.83003 1.4382 0 348.625 1.4861e-10
3.83003 1.4382 0 349.628 1.42455e-10
3.83003 1.4382 0 350.63 1.36556e-10
3.83003 1.4382 0 351.633 1.30903e-10
3.83003 1.4382 0 352.635 1.25484e-10
3.83003 1.4382 0 353.638 1.20291e-10
3.83003 1.4382 0 354.64 1.15313e-10
3.83003 1.4382 0 355.643 1.10543e-10
3.83003 1.4382 0 356.645 1.0597e-10
3.83003 1.4382 0 357.648 1.01588e-10
3.83003 1.4382 0 358.65 9.7387e-11
3.83003 1.4382 0 359.653 9.33608e-11
3.83003 1.4382 0 360.655 8.95017e-11
3.83003 1.4382 0 361.658 8.58027e-11
3.83003 1.4382 0 362.66 8.22573e-11
3.83003 1.4382 0 363.663 7.88589e-11
3.83003 1.4382 0 364.665 7.56015e-11
3.83003 1.4382 0 365.668 7.24791e-11
3.83003 1.4382 0 366.67 6.94862e-11
3.83003 1.4382 0 367.672 6.66173e-11
3.83003 1.4382 0 368.675 6.38673e-11
3.83003 1.4382 0 369.677 6.12313e-11
3.83003 1.4382 0 370.68 5.87045e-11
3.83003 1.4382 0 371.682 5.62823e-11
3.83003 1.4382 0 372.685 5.39605e-11
3.83003 1.4382 0 373.687 5.17347e-11
3.83003 1.4382 0 374.69 4.96011e-11
3.83003 1.4382 0 375.692 4.75558e-11
3.83003 1.4382 0 376.695 4.55952e-11
3.83003 1.4382 0 377.697 4.37156e-11
3.83003 1.4382 0 378.7 4.19138e-11
3.83003 1.4382 0 379.702 4.01866e-11
3.83003 1.4382 0 380.705 3.85307e-11
3.83003 1.4382 0 381.707 3.69433e-11
3.83003 1.4382 0 382.71 3.54215e-11
3.83003 1.4382 0 383.712 3.39627e-11
3.83003 1.4382 0 384.715 3.25641e-11
3.83003 1.4382 0 385.717 3.12233e-11
3.83003 1.4382 0 386.72 2.99378e-11
3.83003 1.4382 0 387.722 2.87055e-11
3.83003 1.4382 0 388.725 2.75241e-11
3.83003 1.4382 0 389.727 2.63914e-11
3.83003 1.4382 0 390.73 2.53055e-11
3.83003 1.4382 0 391.732 2.42644e-11
3.83003 1.4382 0 392.735 2.32663e-11
3.83003 1.4382 0 393.737 2.23094e-11
3.83003 1.4382 0 394.739 2.13919e-11
3.83003 1.4382 0 395.742 2.05123e-11
3.83003 1.4382 0 396.744 1.9669e-11
3.83003 1.4382 0 397.747 1.88605e-11
3.83003 1.4382 0 398.749 1.80853e-11
3.83003 1.4382 0 399.752 1.7342e-11
3.83003 1.4382 0 400.754 1.66294e-11
3.83003 1.4382 0 401.757 1.59461e-11
3.83003 1.4382 0 402.759 1.5291e-11
3.83003 1.4382 0 403.762 1.46629e-11
3.83003 1.4382 0 404.764 1.40607e-11
3.83003 1.4382 0 405.767 1.34833e-11
3.83003 1.4382 0 406.769 1.29296e-11
3.83003 1.4382 0 407.772 1.23988e-11
3.83003 1.4382 0 408.774 1.18898e-11
3.83003 1.4382 0 409.777 1.14017e-11
3.83003 1.4382 0 410.779 1.09338e-11
3.83003 1.4382 0 411.782 1.04851e-11
3.83003 1.4382 0 412.784 1.00549e-11
3.83003 1.4382 0 413.787 9.64233e-12
3.83003 1.4382 0 414.789 9.24677e-12
3.83003 1.4382 0 415.792 8.86748e-12
3.83003 1.4382 0 416.794 8.50379e-12
3.83003 1.4382 0 417.797 8.15506e-12
3.83003 1.4382 0 418.799 7.82066e-12
3.83003 1.4382 0 419.802 7.50001e-12
3.83003 1.4382 0 420.804 7.19255e-12
3.83003 1.4382 0 421.806 6.89771e-12
3.83003 1.4382 0 422.809 6.615e-12
3.83003 1.4382 0 423.811 6.3439e-12
3.83003 1.4382 0 424.814 6.08394e-12
3.83003 1.4382 0 425.816 5.83466e-12
3.83003 1.4382 0 426.819 5.59562e-12
3.83003 1.4382 0 427.821 5.36639e-12
3.83003 1.4382 0 428.824 5.14658e-12
3.83003 1.4382 0 429.826 4.93579e-12
3.83003 1.4382 0 430.829 4.73366e-12
3.83003 1.4382 0 431.831 4.53983e-12
3.83003 1.4382 0 432.834 4.35395e-12
3.83003 1.4382 0 433.836 4.1757e-12
3.83003 1.4382 0 434.839 4.00476e-12
3.83003 1.4382 0 435.841 3.84084e-12
3.83003 1.4382 0 436.844 3.68364e-12
3.83003 1.4382 0 437.846 3.53289e-12
3.83003 1.4382 0 438.849 3.38833e-12
3.83003 1.4382 0 439.851 3.24969e-12
3.83003 1.4382 0 440.854 3.11674e-12
3.83003 1.4382 0 441.856 2.98924e-12
3.83003 1.4382 0 442.859 2.86697e-12
3.83003 1.4382 0 443.861 2.74971e-12
3.83003 1.4382 0 444.864 2.63726e-12
3.83003 1.4382 0 445.866 2.52941e-12
3.83003 1.4382 0 446.868 2.42599e-12
3.83003 1.4382 0 447.871 2.3268e-12
3.83003 1.4382 0 448.873 2.23168e-12
3.83003 1.4382 0 449.876 2.14045e-12
3.83003 1.4382 0 450.878 2.05296e-12
3.83003 1.4382 0 451.881 1.96906e-12
3.83003 1.4382 0 452.883 1.88859e-12
3.83003 1.4382 0 453.886 1.81141e-12
3.83003 1.4382 0 454.888 1.7374e-12
3.83003 1.4382 0 455.891 1.66642e-12
3.83003 1.4382 0 456.893 1.59834e-12
3.83003 1.4382 0 457.896 1.53305e-12
3.83003 1.4382 0 458.898 1.47043e-12
3.83003 1.4382 0 459.901 1.41038e-12
3.83003 1.4382 0 460.903 1.35278e-12
3.83003 1.4382 0 461.906 1.29754e-12
3.83003 1.4382 0 462.908 1.24456e-12
3.83003 1.4382 0 463.911 1.19374e-12
3.83003 1.4382 0 464.913 1.14501e-12
3.83003 1.4382 0 465.916 1.09827e-12
3.83003 1.4382 0 466.918 1.05344e-12
3.83003 1.4382 0 467.921 1.01044e-12
3.83003 1.4382 0 468.923 9.69205e-13
3.83003 1.4382 0 469.926 9.29653e-13
3.83003 1.4382 0 470.928 8.91718e-13
3.83003 1.4382 0 471.931 8.55334e-13
3.83003 1.4382 0 472.933 8.20438e-13
3.83003 1.4382 0 473.935 7.86967e-13
3.83003 1.4382 0 474.938 7.54865e-13
3.83003 1.4382 0 475.94 7.24075e-13
3.83003 1.4382 0 476.943 6.94543e-13
3.83003 1.4382 0 477.945 6.66217e-13
3.83003 1.4382 0 478.948 6.39049e-13
3.83003 1.4382 0 479.95 6.1299e-13
3.83003 1.4382 0 480.953 5.87996e-13
3.83003 1.4382 0 481.955 5.64023e-13
3.83003 1.4382 0 482.958 5.41029e-13
3.83003 1.4382 0 483.96 5.18974e-13
3.83003 1.4382 0 484.963 4.9782e-13
3.83003 1.4382 0 485.965 4.77529e-13
3.83003 1.4382 0 486.968 4.58067e-13
3.83003 1.4382 0 487.97 4.394e-13
3.83003 1.4382 0 488.973 4.21494e-13
3.83003 1.4382 0 489.975 4.0432e-13
3.83003 1.4382 0 490.978 3.87846e-13
3.83003 1.4382 0 491.98 3.72044e-13
3.83003 1.4382 0 492.983 3.56888e-13
3.83003 1.4382 0 493.985 3.4235e-13
3.83003 1.4382 0 494.988 3.28405e-13
3.83003 1.4382 0 495.99 3.15029e-13
3.83003 1.4382 0 496.993 3.02199e-13
3.83003 1.4382 0 497.995 2.89892e-13
3.83003 1.4382 0 498.998 2.78087e-13
3.83003 1.4382 0 500 2.66763e-13

