0.21248 1.82408 0 100.01 3.21908e-07
0.21248 1.82408 0 101.012 5.50934e-07
0.21248 1.82408 0 102.015 5.14184e-07
0.21248 1.82408 0 103.017 4.76184e-07
0.21248 1.82408 0 104.02 4.4835e-07
0.21248 1.82408 0 105.022 4.26704e-07
0.21248 1.82408 0 106.025 4.09001e-07
0.21248 1.82408 0 107.027 3.94023e-07
0.21248 1.82408 0 108.03 3.8104e-07
0.21248 1.82408 0 109.032 3.69581e-07
0.21248 1.82408 0 110.035 3.59325e-07
0.21248 1.82408 0 111.037 3.50044e-07
0.21248 1.82408 0 112.04 3.41568e-07
0.21248 1.82408 0 113.042 3.33769e-07
0.21248 1.82408 0 114.045 3.26546e-07
0.21248 1.82408 0 115.047 3.19822e-07
0.21248 1.82408 0 116.05 3.1353e-07
0.21248 1.82408 0 117.052 3.07621e-07
0.21248 1.82408 0 118.055 3.02049e-07
0.21248 1.82408 0 119.057 2.96779e-07
0.21248 1.82408 0 120.06 2.9178e-07
0.21248 1.82408 0 121.062 2.87025e-07
0.21248 1.82408 0 122.065 2.82493e-07
0.21248 1.82408 0 123.067 2.78163e-07
0.21248 1.82408 0 124.07 2.74019e-07
0.21248 1.82408 0 125.072 2.70045e-07
0.21248 1.82408 0 126.075 2.66228e-07
0.21248 1.82408 0 127.077 2.62556e-07
0.21248 1.82408 0 128.079 2.5902e-07
0.21248 1.82408 0 129.082 2.55609e-07
0.21248 1.82408 0 130.084 2.52315e-07
0.21248 1.82408 0 131.087 2.4913e-07
0.21248 1.82408 0 132.089 2.46048e-07
0.21248 1.82408 0 133.092 2.43062e-07
0.21248 1.82408 0 134.094 2.40167e-07
0.21248 1.82408 0 135.097 2.37358e-07
0.21248 1.82408 0 136.099 2.34629e-07
0.21248 1.82408 0 137.102 2.31976e-07
0.21248 1.82408 0 138.104 2.29395e-07
0.21248 1.82408 0 139.107 2.26883e-07
0.21248 1.82408 0 140.109 2.24436e-07
0.21248 1.82408 0 141.112 2.22051e-07
0.21248 1.82408 0 142.114 2.19725e-07
0.21248 1.82408 0 143.117 2.17455e-07
0.21248 1.82408 0 144.119 2.15239e-07
0.21248 1.82408 0 145.122 2.13073e-07
0.21248 1.82408 0 146.124 2.10957e-07
0.21248 1.82408 0 147.127 2.08888e-07
0.21248 1.82408 0 148.129 2.06863e-07
0.21248 1.82408 0 149.132 2.04882e-07
0.21248 1.82408 0 150.134 2.02942e-07
0.21248 1.82408 0 151.137 2.01041e-07
0.21248 1.82408 0 152.139 1.99179e-07
0.21248 1.82408 0 153.142 1.97354e-07
0.21248 1.82408 0 154.144 1.95564e-07
0.21248 1.82408 0 155.146 1.93808e-07
0.21248 1.82408 0 156.149 1.92085e-07
0.21248 1.82408 0 157.151 1.90393e-07
0.21248 1.82408 0 158.154 1.88732e-07
0.21248 1.82408 0 159.156 1.87101e-07
0.21248 1.82408 0 160.159 1.85499e-07
0.21248 1.82408 0 161.161 1.83923e-07
0.21248 1.82408 0 162.164 1.82375e-07
0.21248 1.82408 0 163.166 1.80853e-07
0.21248 1.82408 0 164.169 1.79355e-07
0.21248 1.82408 0 165.171 1.77882e-07
0.21248 1.82408 0 166.174 1.76433e-07
0.21248 1.82408 0 167.176 1.75006e-07
0.21248 1.82408 0 168.179 1.73602e-07
0.21248 1.82408 0 169.181 1.72219e-07
0.21248 1.82408 0 170.184 1.70856e-07
0.21248 1.82408 0 171.186 1.69515e-07
0.21248 1.82408 0 172.189 1.68193e-07
0.21248 1.82408 0 173.191 1.6689e-07
0.21248 1.82408 0 174.194 1.65606e-07
0.21248 1.82408 0 175.196 1.6434e-07
0.21248 1.82408 0 176.199 1.63092e-07
0.21248 1.82408 0 177.201 1.61861e-07
0.21248 1.82408 0 178.204 1.60647e-07
0.21248 1.82408 0 179.206 1.59449e-07
0.21248 1.82408 0 180.208 1.58267e-07
0.21248 1.82408 0 181.211 1.57101e-07
0.21248 1.82408 0 182.213 1.5595e-07
0.21248 1.82408 0 183.216 1.54814e-07
0.21248 1.82408 0 184.218 1.53692e-07
0.21248 1.82408 0 185.221 1.52584e-07
0.21248 1.82408 0 186.223 1.5149e-07
0.21248 1.82408 0 187.226 1.5041e-07
0.21248 1.82408 0 188.228 1.49343e-07
0.21248 1.82408 0 189.231 1.48288e-07
0.21248 1.82408 0 190.233 1.47247e-07
0.21248 1.82408 0 191.236 1.46217e-07
0.21248 1.82408 0 192.238 1.452e-07
0.21248 1.82408 0 193.241 1.44195e-07
0.21248 1.82408 0 194.243 1.43201e-07
0.21248 1.82408 0 195.246 1.42218e-07
0.21248 1.82408 0 196.248 1.41246e-07
0.21248 1.82408 0 197.251 1.40285e-07
0.21248 1.82408 0 198.253 1.39335e-07
0.21248 1.82408 0 199.256 1.38396e-07
0.21248 1.82408 0 200.258 1.37466e-07
0.21248 1.82408 0 201.261 1.36546e-07
0.21248 1.82408 0 202.263 1.35637e-07
0.21248 1.82408 0 203.266 1.34737e-07
0.21248 1.82408 0 204.268 1.33846e-07
0.21248 1.82408 0 205.271 1.32964e-07
0.21248 1.82408 0 206.273 1.32092e-07
0.21248 1.82408 0 207.275 1.31229e-07
0.21248 1.82408 0 208.278 1.30374e-07
0.21248 1.82408 0 209.28 1.29528e-07
0.21248 1.82408 0 210.283 1.2869e-07
0.21248 1.82408 0 211.285 1.27861e-07
0.21248 1.82408 0 212.288 1.2704e-07
0.21248 1.82408 0 213.29 1.26226e-07
0.21248 1.82408 0 214.293 1.25421e-07
0.21248 1.82408 0 215.295 1.24623e-07
0.21248 1.82408 0 216.298 1.23833e-07
0.21248 1.82408 0 217.3 1.23051e-07
0.21248 1.82408 0 218.303 1.22276e-07
0.21248 1.82408 0 219.305 1.21508e-07
0.21248 1.82408 0 220.308 1.20747e-07
0.21248 1.82408 0 221.31 1.19993e-07
0.21248 1.82408 0 222.313 1.19246e-07
0.21248 1.82408 0 223.315 1.18506e-07
0.21248 1.82408 0 224.318 1.17772e-07
0.21248 1.82408 0 225.32 1.17046e-07
0.21248 1.82408 0 226.323 1.16325e-07
0.21248 1.82408 0 227.325 1.15611e-07
0.21248 1.82408 0 228.328 1.14903e-07
0.21248 1.82408 0 229.33 1.14202e-07
0.21248 1.82408 0 230.333 1.13506e-07
0.21248 1.82408 0 231.335 1.12817e-07
0.21248 1.82408 0 232.338 1.12133e-07
0.21248 1.82408 0 233.34 1.11455e-07
0.21248 1.82408 0 234.342 1.10783e-07
0.21248 1.82408 0 235.345 1.10117e-07
0.21248 1.82408 0 236.347 1.09456e-07
0.21248 1.82408 0 237.35 1.08801e-07
0.21248 1.82408 0 238.352 1.08151e-07
0.21248 1.82408 0 239.355 1.07506e-07
0.21248 1.82408 0 240.357 1.06867e-07
0.21248 1.82408 0 241.36 1.06233e-07
0.21248 1.82408 0 242.362 1.05604e-07
0.21248 1.82408 0 243.365 1.0498e-07
0.21248 1.82408 0 244.367 1.04361e-07
0.21248 1.82408 0 245.37 1.03748e-07
0.21248 1.82408 0 246.372 1.03139e-07
0.21248 1.82408 0 247.375 1.02534e-07
0.21248 1.82408 0 248.377 1.01935e-07
0.21248 1.82408 0 249.38 1.0134e-07
0.21248 1.82408 0 250.382 1.0075e-07
0.21248 1.82408 0 251.385 1.00165e-07
0.21248 1.82408 0 252.387 9.95837e-08
0.21248 1.82408 0 253.39 9.90071e-08
0.21248 1.82408 0 254.392 9.8435e-08
0.21248 1.82408 0 255.395 9.78673e-08
0.21248 1.82408 0 256.397 9.73038e-08
0.21248 1.82408 0 257.4 9.67446e-08
0.21248 1.82408 0 258.402 9.61896e-08
0.21248 1.82408 0 259.405 9.56387e-08
0.21248 1.82408 0 260.407 9.5092e-08
0.21248 1.82408 0 261.409 9.45493e-08
0.21248 1.82408 0 262.412 9.40106e-08
0.21248 1.82408 0 263.414 9.34759e-08
0.21248 1.82408 0 264.417 9.29451e-08
0.21248 1.82408 0 265.419 9.24182e-08
0.21248 1.82408 0 266.422 9.18951e-08
0.21248 1.82408 0 267.424 9.13758e-08
0.21248 1.82408 0 268.427 9.08603e-08
0.21248 1.82408 0 269.429 9.03485e-08
0.21248 1.82408 0 270.432 8.98403e-08
0.21248 1.82408 0 271.434 8.93358e-08
0.21248 1.82408 0 272.437 8.88348e-08
0.21248 1.82408 0 273.439 8.83374e-08
0.21248 1.82408 0 274.442 8.78435e-08
0.21248 1.82408 0 275.444 8.73531e-08
0.21248 1.82408 0 276.447 8.68662e-08
0.21248 1.82408 0 277.449 8.63826e-08
0.21248 1.82408 0 278.452 8.59025e-08
0.21248 1.82408 0 279.454 8.54256e-08
0.21248 1.82408 0 280.457 8.49521e-08
0.21248 1.82408 0 281.459 8.44818e-08
0.21248 1.82408 0 282.462 8.40147e-08
0.21248 1.82408 0 283.464 8.35509e-08
0.21248 1.82408 0 284.467 8.30902e-08
0.21248 1.82408 0 285.469 8.26327e-08
0.21248 1.82408 0 286.472 8.21783e-08
0.21248 1.82408 0 287.474 8.1727e-08
0.21248 1.82408 0 288.476 8.12787e-08
0.21248 1.82408 0 289.479 8.08334e-08
0.21248 1.82408 0 290.481 8.03912e-08
0.21248 1.82408 0 291.484 7.99518e-08
0.21248 1.82408 0 292.486 7.95155e-08
0.21248 1.82408 0 293.489 7.9082e-08
0.21248 1.82408 0 294.491 7.86514e-08
0.21248 1.82408 0 295.494 7.82237e-08
0.21248 1.82408 0 296.496 7.77988e-08
0.21248 1.82408 0 297.499 7.73766e-08
0.21248 1.82408 0 298.501 7.69573e-08
0.21248 1.82408 0 299.504 7.65407e-08
0.21248 1.82408 0 300.506 7.61269e-08
0.21248 1.82408 0 301.509 7.57157e-08
0.21248 1.82408 0 302.511 7.53072e-08
0.21248 1.82408 0 303.514 7.49014e-08
0.21248 1.82408 0 304.516 7.44982e-08
0.21248 1.82408 0 305.519 7.40976e-08
0.21248 1.82408 0 306.521 7.36995e-08
0.21248 1.82408 0 307.524 7.33041e-08
0.21248 1.82408 0 308.526 7.29112e-08
0.21248 1.82408 0 309.529 7.25207e-08
0.21248 1.82408 0 310.531 7.21328e-08
0.21248 1.82408 0 311.534 7.17474e-08
0.21248 1.82408 0 312.536 7.13644e-08
0.21248 1.82408 0 313.538 7.09838e-08
0.21248 1.82408 0 314.541 7.06057e-08
0.21248 1.82408 0 315.543 7.02299e-08
0.21248 1.82408 0 316.546 6.98565e-08
0.21248 1.82408 0 317.548 6.94854e-08
0.21248 1.82408 0 318.551 6.91167e-08
0.21248 1.82408 0 319.553 6.87503e-08
0.21248 1.82408 0 320.556 6.83862e-08
0.21248 1.82408 0 321.558 6.80243e-08
0.21248 1.82408 0 322.561 6.76647e-08
0.21248 1.82408 0 323.563 6.73074e-08
0.21248 1.82408 0 324.566 6.69522e-08
0.21248 1.82408 0 325.568 6.65993e-08
0.21248 1.82408 0 326.571 6.62485e-08
0.21248 1.82408 0 327.573 6.58999e-08
0.21248 1.82408 0 328.576 6.55534e-08
0.21248 1.82408 0 329.578 6.52091e-08
0.21248 1.82408 0 330.581 6.48669e-08
0.21248 1.82408 0 331.583 6.45268e-08
0.21248 1.82408 0 332.586 6.41887e-08
0.21248 1.82408 0 333.588 6.38527e-08
0.21248 1.82408 0 334.591 6.35188e-08
0.21248 1.82408 0 335.593 6.31869e-08
0.21248 1.82408 0 336.596 6.2857e-08
0.21248 1.82408 0 337.598 6.25291e-08
0.21248 1.82408 0 338.601 6.22032e-08
0.21248 1.82408 0 339.603 6.18792e-08
0.21248 1.82408 0 340.605 6.15573e-08
0.21248 1.82408 0 341.608 6.12372e-08
0.21248 1.82408 0 342.61 6.09191e-08
0.21248 1.82408 0 343.613 6.06029e-08
0.21248 1.82408 0 344.615 6.02885e-08
0.21248 1.82408 0 345.618 5.99761e-08
0.21248 1.82408 0 346.62 5.96655e-08
0.21248 1.82408 0 347.623 5.93568e-08
0.21248 1.82408 0 348.625 5.90499e-08
0.21248 1.82408 0 349.628 5.87448e-08
0.21248 1.82408 0 350.63 5.84416e-08
0.21248 1.82408 0 351.633 5.81401e-08
0.21248 1.82408 0 352.635 5.78404e-08
0.21248 1.82408 0 353.638 5.75425e-08
0.21248 1.82408 0 354.64 5.72464e-08
0.21248 1.82408 0 355.643 5.6952e-08
0.21248 1.82408 0 356.645 5.66593e-08
0.21248 1.82408 0 357.648 5.63684e-08
0.21248 1.82408 0 358.65 5.60792e-08
0.21248 1.82408 0 359.653 5.57916e-08
0.21248 1.82408 0 360.655 5.55058e-08
0.21248 1.82408 0 361.658 5.52216e-08
0.21248 1.82408 0 362.66 5.4939e-08
0.21248 1.82408 0 363.663 5.46582e-08
0.21248 1.82408 0 364.665 5.43789e-08
0.21248 1.82408 0 365.668 5.41013e-08
0.21248 1.82408 0 366.67 5.38253e-08
0.21248 1.82408 0 367.672 5.35509e-08
0.21248 1.82408 0 368.675 5.3278e-08
0.21248 1.82408 0 369.677 5.30068e-08
0.21248 1.82408 0 370.68 5.27371e-08
0.21248 1.82408 0 371.682 5.2469e-08
0.21248 1.82408 0 372.685 5.22024e-08
0.21248 1.82408 0 373.687 5.19374e-08
0.21248 1.82408 0 374.69 5.16739e-08
0.21248 1.82408 0 375.692 5.14119e-08
0.21248 1.82408 0 376.695 5.11514e-08
0.21248 1.82408 0 377.697 5.08924e-08
0.21248 1.82408 0 378.7 5.06349e-08
0.21248 1.82408 0 379.702 5.03788e-08
0.21248 1.82408 0 380.705 5.01242e-08
0.21248 1.82408 0 381.707 4.98711e-08
0.21248 1.82408 0 382.71 4.96194e-08
0.21248 1.82408 0 383.712 4.93691e-08
0.21248 1.82408 0 384.715 4.91203e-08
0.21248 1.82408 0 385.717 4.88728e-08
0.21248 1.82408 0 386.72 4.86268e-08
0.21248 1.82408 0 387.722 4.83822e-08
0.21248 1.82408 0 388.725 4.81389e-08
0.21248 1.82408 0 389.727 4.78971e-08
0.21248 1.82408 0 390.73 4.76566e-08
0.21248 1.82408 0 391.732 4.74174e-08
0.21248 1.82408 0 392.735 4.71796e-08
0.21248 1.82408 0 393.737 4.69431e-08
0.21248 1.82408 0 394.739 4.6708e-08
0.21248 1.82408 0 395.742 4.64742e-08
0.21248 1.82408 0 396.744 4.62417e-08
0.21248 1.82408 0 397.747 4.60105e-08
0.21248 1.82408 0 398.749 4.57806e-08
0.21248 1.82408 0 399.752 4.5552e-08
0.21248 1.82408 0 400.754 4.53246e-08
0.21248 1.82408 0 401.757 4.50986e-08
0.21248 1.82408 0 402.759 4.48738e-08
0.21248 1.82408 0 403.762 4.46502e-08
0.21248 1.82408 0 404.764 4.44279e-08
0.21248 1.82408 0 405.767 4.42068e-08
0.21248 1.82408 0 406.769 4.3987e-08
0.21248 1.82408 0 407.772 4.37684e-08
0.21248 1.82408 0 408.774 4.3551e-08
0.21248 1.82408 0 409.777 4.33347e-08
0.21248 1.82408 0 410.779 4.31197e-08
0.21248 1.82408 0 411.782 4.29059e-08
0.21248 1.82408 0 412.784 4.26933e-08
0.21248 1.82408 0 413.787 4.24818e-08
0.21248 1.82408 0 414.789 4.22715e-08
0.21248 1.82408 0 415.792 4.20624e-08
0.21248 1.82408 0 416.794 4.18544e-08
0.21248 1.82408 0 417.797 4.16476e-08
0.21248 1.82408 0 418.799 4.14418e-08
0.21248 1.82408 0 419.802 4.12373e-08
0.21248 1.82408 0 420.804 4.10338e-08
0.21248 1.82408 0 421.806 4.08315e-08
0.21248 1.82408 0 422.809 4.06302e-08
0.21248 1.82408 0 423.811 4.04301e-08
0.21248 1.82408 0 424.814 4.02311e-08
0.21248 1.82408 0 425.816 4.00331e-08
0.21248 1.82408 0 426.819 3.98363e-08
0.21248 1.82408 0 427.821 3.96405e-08
0.21248 1.82408 0 428.824 3.94458e-08
0.21248 1.82408 0 429.826 3.92521e-08
0.21248 1.82408 0 430.829 3.90595e-08
0.21248 1.82408 0 431.831 3.88679e-08
0.21248 1.82408 0 432.834 3.86774e-08
0.21248 1.82408 0 433.836 3.84879e-08
0.21248 1.82408 0 434.839 3.82994e-08
0.21248 1.82408 0 435.841 3.8112e-08
0.21248 1.82408 0 436.844 3.79256e-08
0.21248 1.82408 0 437.846 3.77402e-08
0.21248 1.82408 0 438.849 3.75557e-08
0.21248 1.82408 0 439.851 3.73723e-08
0.21248 1.82408 0 440.854 3.71899e-08
0.21248 1.82408 0 441.856 3.70084e-08
0.21248 1.82408 0 442.859 3.6828e-08
0.21248 1.82408 0 443.861 3.66485e-08
0.21248 1.82408 0 444.864 3.64699e-08
0.21248 1.82408 0 445.866 3.62924e-08
0.21248 1.82408 0 446.868 3.61158e-08
0.21248 1.82408 0 447.871 3.59401e-08
0.21248 1.82408 0 448.873 3.57654e-08
0.21248 1.82408 0 449.876 3.55916e-08
0.21248 1.82408 0 450.878 3.54187e-08
0.21248 1.82408 0 451.881 3.52468e-08
0.21248 1.82408 0 452.883 3.50758e-08
0.21248 1.82408 0 453.886 3.49057e-08
0.21248 1.82408 0 454.888 3.47365e-08
0.21248 1.82408 0 455.891 3.45682e-08
0.21248 1.82408 0 456.893 3.44008e-08
0.21248 1.82408 0 457.896 3.42343e-08
0.21248 1.82408 0 458.898 3.40687e-08
0.21248 1.82408 0 459.901 3.39039e-08
0.21248 1.82408 0 460.903 3.37401e-08
0.21248 1.82408 0 461.906 3.35771e-08
0.21248 1.82408 0 462.908 3.3415e-08
0.21248 1.82408 0 463.911 3.32537e-08
0.21248 1.82408 0 464.913 3.30933e-08
0.21248 1.82408 0 465.916 3.29338e-08
0.21248 1.82408 0 466.918 3.27751e-08
0.21248 1.82408 0 467.921 3.26172e-08
0.21248 1.82408 0 468.923 3.24601e-08
0.21248 1.82408 0 469.926 3.23039e-08
0.21248 1.82408 0 470.928 3.21486e-08
0.21248 1.82408 0 471.931 3.1994e-08
0.21248 1.82408 0 472.933 3.18403e-08
0.21248 1.82408 0 473.935 3.16873e-08
0.21248 1.82408 0 474.938 3.15352e-08
0.21248 1.82408 0 475.94 3.13839e-08
0.21248 1.82408 0 476.943 3.12333e-08
0.21248 1.82408 0 477.945 3.10836e-08
0.21248 1.82408 0 478.948 3.09346e-08
0.21248 1.82408 0 479.95 3.07864e-08
0.21248 1.82408 0 480.953 3.0639e-08
0.21248 1.82408 0 481.955 3.04924e-08
0.21248 1.82408 0 482.958 3.03466e-08
0.21248 1.82408 0 483.96 3.02015e-08
0.21248 1.82408 0 484.963 3.00571e-08
0.21248 1.82408 0 485.965 2.99136e-08
0.21248 1.82408 0 486.968 2.97707e-08
0.21248 1.82408 0 487.97 2.96286e-08
0.21248 1.82408 0 488.973 2.94873e-08
0.21248 1.82408 0 489.975 2.93467e-08
0.21248 1.82408 0 490.978 2.92068e-08
0.21248 1.82408 0 491.98 2.90677e-08
0.21248 1.82408 0 492.983 2.89292e-08
0.21248 1.82408 0 493.985 2.87915e-08
0.21248 1.82408 0 494.988 2.86546e-08
0.21248 1.82408 0 495.99 2.85183e-08
0.21248 1.82408 0 496.993 2.83827e-08
0.21248 1.82408 0 497.995 2.82479e-08
0.21248 1.82408 0 498.998 2.81137e-08
0.21248 1.82408 0 500 2.79802e-08
0.21248 1.82408 0 100.01 3.21908e-07
0.21248 1.82408 0 101.012 5.50934e-07
0.21248 1.82408 0 102.015 5.14184e-07
0.21248 1.82408 0 103.017 4.76184e-07
0.21248 1.82408 0 104.02 4.4835e-07
0.21248 1.82408 0 105.022 4.26704e-07
0.21248 1.82408 0 106.025 4.09001e-07
0.21248 1.82408 0 107.027 3.94023e-07
0.21248 1.82408 0 108.03 3.8104e-07
0.21248 1.82408 0 109.032 3.69581e-07
0.21248 1.82408 0 110.035 3.59325e-07
0.21248 1.82408 0 111.037 3.50044e-07
0.21248 1.82408 0 112.04 3.41568e-07
0.21248 1.82408 0 113.042 3.33769e-07
0.21248 1.82408 0 114.045 3.26546e-07
0.21248 1.82408 0 115.047 3.19822e-07
0.21248 1.82408 0 116.05 3.1353e-07
0.21248 1.82408 0 117.052 3.07621e-07
0.21248 1.82408 0 118.055 3.02049e-07
0.21248 1.82408 0 119.057 2.96779e-07
0.21248 1.82408 0 120.06 2.9178e-07
0.21248 1.82408 0 121.062 2.87025e-07
0.21248 1.82408 0 122.065 2.82493e-07
0.21248 1.82408 0 123.067 2.78163e-07
0.21248 1.82408 0 124.07 2.74019e-07
0.21248 1.82408 0 125.072 2.70045e-07
0.21248 1.82408 0 126.075 2.66228e-07
0.21248 1.82408 0 127.077 2.62556e-07
0.21248 1.82408 0 128.079 2.5902e-07
0.21248 1.82408 0 129.082 2.55609e-07
0.21248 1.82408 0 130.084 2.52315e-07
0.21248 1.82408 0 131.087 2.4913e-07
0.21248 1.82408 0 132.089 2.46048e-07
0.21248 1.82408 0 133.092 2.43062e-07
0.21248 1.82408 0 134.094 2.40167e-07
0.21248 1.82408 0 135.097 2.37358e-07
0.21248 1.82408 0 136.099 2.34629e-07
0.21248 1.82408 0 137.102 2.31976e-07
0.21248 1.82408 0 138.104 2.29395e-07
0.21248 1.82408 0 139.107 2.26883e-07
0.21248 1.82408 0 140.109 2.24436e-07
0.21248 1.82408 0 141.112 2.22051e-07
0.21248 1.82408 0 142.114 2.19725e-07
0.21248 1.82408 0 143.117 2.17455e-07
0.21248 1.82408 0 144.119 2.15239e-07
0.21248 1.82408 0 145.122 2.13073e-07
0.21248 1.82408 0 146.124 2.10957e-07
0.21248 1.82408 0 147.127 2.08888e-07
0.21248 1.82408 0 148.129 2.06863e-07
0.21248 1.82408 0 149.132 2.04882e-07
0.21248 1.82408 0 150.134 2.02942e-07
0.21248 1.82408 0 151.137 2.01041e-07
0.21248 1.82408 0 152.139 1.99179e-07
0.21248 1.82408 0 153.142 1.97354e-07
0.21248 1.82408 0 154.144 1.95564e-07
0.21248 1.82408 0 155.146 1.93808e-07
0.21248 1.82408 0 156.149 1.92085e-07
0.21248 1.82408 0 157.151 1.90393e-07
0.21248 1.82408 0 158.154 1.88732e-07
0.21248 1.82408 0 159.156 1.87101e-07
0.21248 1.82408 0 160.159 1.85499e-07
0.21248 1.82408 0 161.161 1.83923e-07
0.21248 1.82408 0 162.164 1.82375e-07
0.21248 1.82408 0 163.166 1.80853e-07
0.21248 1.82408 0 164.169 1.79355e-07
0.21248 1.82408 0 165.171 1.77882e-07
0.21248 1.82408 0 166.174 1.76433e-07
0.21248 1.82408 0 167.176 1.75006e-07
0.21248 1.82408 0 168.179 1.73602e-07
0.21248 1.82408 0 169.181 1.72219e-07
0.21248 1.82408 0 170.184 1.70856e-07
0.21248 1.82408 0 171.186 1.69515e-07
0.21248 1.82408 0 172.189 1.68193e-07
0.21248 1.82408 0 173.191 1.6689e-07
0.21248 1.82408 0 174.194 1.65606e-07
0.21248 1.82408 0 175.196 1.6434e-07
0.21248 1.82408 0 176.199 1.63092e-07
0.21248 1.82408 0 177.201 1.61861e-07
0.21248 1.82408 0 178.204 1.60647e-07
0.21248 1.82408 0 179.206 1.59449e-07
0.21248 1.82408 0 180.208 1.58267e-07
0.21248 1.82408 0 181.211 1.57101e-07
0.21248 1.82408 0 182.213 1.5595e-07
0.21248 1.82408 0 183.216 1.54814e-07
0.21248 1.82408 0 184.218 1.53692e-07
0.21248 1.82408 0 185.221 1.52584e-07
0.21248 1.82408 0 186.223 1.5149e-07
0.21248 1.82408 0 187.226 1.5041e-07
0.21248 1.82408 0 188.228 1.49343e-07
0.21248 1.82408 0 189.231 1.48288e-07
0.21248 1.82408 0 190.233 1.47247e-07
0.21248 1.82408 0 191.236 1.46217e-07
0.21248 1.82408 0 192.238 1.452e-07
0.21248 1.82408 0 193.241 1.44195e-07
0.21248 1.82408 0 194.243 1.43201e-07
0.21248 1.82408 0 195.246 1.42218e-07
0.21248 1.82408 0 196.248 1.41246e-07
0.21248 1.82408 0 197.251 1.40285e-07
0.21248 1.82408 0 198.253 1.39335e-07
0.21248 1.82408 0 199.256 1.38396e-07
0.21248 1.82408 0 200.258 1.37466e-07
0.21248 1.82408 0 201.261 1.36546e-07
0.21248 1.82408 0 202.263 1.35637e-07
0.21248 1.82408 0 203.266 1.34737e-07
0.21248 1.82408 0 204.268 1.33846e-07
0.21248 1.82408 0 205.271 1.32964e-07
0.21248 1.82408 0 206.273 1.32092e-07
0.21248 1.82408 0 207.275 1.31229e-07
0.21248 1.82408 0 208.278 1.30374e-07
0.21248 1.82408 0 209.28 1.29528e-07
0.21248 1.82408 0 210.283 1.2869e-07
0.21248 1.82408 0 211.285 1.27861e-07
0.21248 1.82408 0 212.288 1.2704e-07
0.21248 1.82408 0 213.29 1.26226e-07
0.21248 1.82408 0 214.293 1.25421e-07
0.21248 1.82408 0 215.295 1.24623e-07
0.21248 1.82408 0 216.298 1.23833e-07
0.21248 1.82408 0 217.3 1.23051e-07
0.21248 1.82408 0 218.303 1.22276e-07
0.21248 1.82408 0 219.305 1.21508e-07
0.21248 1.82408 0 220.308 1.20747e-07
0.21248 1.82408 0 221.31 1.19993e-07
0.21248 1.82408 0 222.313 1.19246e-07
0.21248 1.82408 0 223.315 1.18506e-07
0.21248 1.82408 0 224.318 1.17772e-07
0.21248 1.82408 0 225.32 1.17046e-07
0.21248 1.82408 0 226.323 1.16325e-07
0.21248 1.82408 0 227.325 1.15611e-07
0.21248 1.82408 0 228.328 1.14903e-07
0.21248 1.82408 0 229.33 1.14202e-07
0.21248 1.82408 0 230.333 1.13506e-07
0.21248 1.82408 0 231.335 1.12817e-07
0.21248 1.82408 0 232.338 1.12133e-07
0.21248 1.82408 0 233.34 1.11455e-07
0.21248 1.82408 0 234.342 1.10783e-07
0.21248 1.82408 0 235.345 1.10117e-07
0.21248 1.82408 0 236.347 1.09456e-07
0.21248 1.82408 0 237.35 1.08801e-07
0.21248 1.82408 0 238.352 1.08151e-07
0.21248 1.82408 0 239.355 1.07506e-07
0.21248 1.82408 0 240.357 1.06867e-07
0.21248 1.82408 0 241.36 1.06233e-07
0.21248 1.82408 0 242.362 1.05604e-07
0.21248 1.82408 0 243.365 1.0498e-07
0.21248 1.82408 0 244.367 1.04361e-07
0.21248 1.82408 0 245.37 1.03748e-07
0.21248 1.82408 0 246.372 1.03139e-07
0.21248 1.82408 0 247.375 1.02534e-07
0.21248 1.82408 0 248.377 1.01935e-07
0.21248 1.82408 0 249.38 1.0134e-07
0.21248 1.82408 0 250.382 1.0075e-07
0.21248 1.82408 0 251.385 1.00165e-07
0.21248 1.82408 0 252.387 9.95837e-08
0.21248 1.82408 0 253.39 9.90071e-08
0.21248 1.82408 0 254.392 9.8435e-08
0.21248 1.82408 0 255.395 9.78673e-08
0.21248 1.82408 0 256.397 9.73038e-08
0.21248 1.82408 0 257.4 9.67446e-08
0.21248 1.82408 0 258.402 9.61896e-08
0.21248 1.82408 0 259.405 9.56387e-08
0.21248 1.82408 0 260.407 9.5092e-08
0.21248 1.82408 0 261.409 9.45493e-08
0.21248 1.82408 0 262.412 9.40106e-08
0.21248 1.82408 0 263.414 9.34759e-08
0.21248 1.82408 0 264.417 9.29451e-08
0.21248 1.82408 0 265.419 9.24182e-08
0.21248 1.82408 0 266.422 9.18951e-08
0.21248 1.82408 0 267.424 9.13758e-08
0.21248 1.82408 0 268.427 9.08603e-08
0.21248 1.82408 0 269.429 9.03485e-08
0.21248 1.82408 0 270.432 8.98403e-08
0.21248 1.82408 0 271.434 8.93358e-08
0.21248 1.82408 0 272.437 8.88348e-08
0.21248 1.82408 0 273.439 8.83374e-08
0.21248 1.82408 0 274.442 8.78435e-08
0.21248 1.82408 0 275.444 8.73531e-08
0.21248 1.82408 0 276.447 8.68662e-08
0.21248 1.82408 0 277.449 8.63826e-08
0.21248 1.82408 0 278.452 8.59025e-08
0.21248 1.82408 0 279.454 8.54256e-08
0.21248 1.82408 0 280.457 8.49521e-08
0.21248 1.82408 0 281.459 8.44818e-08
0.21248 1.82408 0 282.462 8.40147e-08
0.21248 1.82408 0 283.464 8.35509e-08
0.21248 1.82408 0 284.467 8.30902e-08
0.21248 1.82408 0 285.469 8.26327e-08
0.21248 1.82408 0 286.472 8.21783e-08
0.21248 1.82408 0 287.474 8.1727e-08
0.21248 1.82408 0 288.476 8.12787e-08
0.21248 1.82408 0 289.479 8.08334e-08
0.21248 1.82408 0 290.481 8.03912e-08
0.21248 1.82408 0 291.484 7.99518e-08
0.21248 1.82408 0 292.486 7.95155e-08
0.21248 1.82408 0 293.489 7.9082e-08
0.21248 1.82408 0 294.491 7.86514e-08
0.21248 1.82408 0 295.494 7.82237e-08
0.21248 1.82408 0 296.496 7.77988e-08
0.21248 1.82408 0 297.499 7.73766e-08
0.21248 1.82408 0 298.501 7.69573e-08
0.21248 1.82408 0 299.504 7.65407e-08
0.21248 1.82408 0 300.506 7.61269e-08
0.21248 1.82408 0 301.509 7.57157e-08
0.21248 1.82408 0 302.511 7.53072e-08
0.21248 1.82408 0 303.514 7.49014e-08
0.21248 1.82408 0 304.516 7.44982e-08
0.21248 1.82408 0 305.519 7.40976e-08
0.21248 1.82408 0 306.521 7.36995e-08
0.21248 1.82408 0 307.524 7.33041e-08
0.21248 1.82408 0 308.526 7.29112e-08
0.21248 1.82408 0 309.529 7.25207e-08
0.21248 1.82408 0 310.531 7.21328e-08
0.21248 1.82408 0 311.534 7.17474e-08
0.21248 1.82408 0 312.536 7.13644e-08
0.21248 1.82408 0 313.538 7.09838e-08
0.21248 1.82408 0 314.541 7.06057e-08
0.21248 1.82408 0 315.543 7.02299e-08
0.21248 1.82408 0 316.546 6.98565e-08
0.21248 1.82408 0 317.548 6.94854e-08
0.21248 1.82408 0 318.551 6.91167e-08
0.21248 1.82408 0 319.553 6.87503e-08
0.21248 1.82408 0 320.556 6.83862e-08
0.21248 1.82408 0 321.558 6.80243e-08
0.21248 1.82408 0 322.561 6.76647e-08
0.21248 1.82408 0 323.563 6.73074e-08
0.21248 1.82408 0 324.566 6.69522e-08
0.21248 1.82408 0 325.568 6.65993e-08
0.21248 1.82408 0 326.571 6.62485e-08
0.21248 1.82408 0 327.573 6.58999e-08
0.21248 1.82408 0 328.576 6.55534e-08
0.21248 1.82408 0 329.578 6.52091e-08
0.21248 1.82408 0 330.581 6.48669e-08
0.21248 1.82408 0 331.583 6.45268e-08
0.21248 1.82408 0 332.586 6.41887e-08
0.21248 1.82408 0 333.588 6.38527e-08
0.21248 1.82408 0 334.591 6.35188e-08
0.21248 1.82408 0 335.593 6.31869e-08
0.21248 1.82408 0 336.596 6.2857e-08
0.21248 1.82408 0 337.598 6.25291e-08
0.21248 1.82408 0 338.601 6.22032e-08
0.21248 1.82408 0 339.603 6.18792e-08
0.21248 1.82408 0 340.605 6.15573e-08
0.21248 1.82408 0 341.608 6.12372e-08
0.21248 1.82408 0 342.61 6.09191e-08
0.21248 1.82408 0 343.613 6.06029e-08
0.21248 1.82408 0 344.615 6.02885e-08
0.21248 1.82408 0 345.618 5.99761e-08
0.21248 1.82408 0 346.62 5.96655e-08
0.21248 1.82408 0 347.623 5.93568e-08
0.21248 1.82408 0 348.625 5.90499e-08
0.21248 1.82408 0 349.628 5.87448e-08
0.21248 1.82408 0 350.63 5.84416e-08
0.21248 1.82408 0 351.633 5.81401e-08
0.21248 1.82408 0 352.635 5.78404e-08
0.21248 1.82408 0 353.638 5.75425e-08
0.21248 1.82408 0 354.64 5.72464e-08
0.21248 1.82408 0 355.643 5.6952e-08
0.21248 1.82408 0 356.645 5.66593e-08
0.21248 1.82408 0 357.648 5.63684e-08
0.21248 1.82408 0 358.65 5.60792e-08
0.21248 1.82408 0 359.653 5.57916e-08
0.21248 1.82408 0 360.655 5.55058e-08
0.21248 1.82408 0 361.658 5.52216e-08
0.21248 1.82408 0 362.66 5.4939e-08
0.21248 1.82408 0 363.663 5.46582e-08
0.21248 1.82408 0 364.665 5.43789e-08
0.21248 1.82408 0 365.668 5.41013e-08
0.21248 1.82408 0 366.67 5.38253e-08
0.21248 1.82408 0 367.672 5.35509e-08
0.21248 1.82408 0 368.675 5.3278e-08
0.21248 1.82408 0 369.677 5.30068e-08
0.21248 1.82408 0 370.68 5.27371e-08
0.21248 1.82408 0 371.682 5.2469e-08
0.21248 1.82408 0 372.685 5.22024e-08
0.21248 1.82408 0 373.687 5.19374e-08
0.21248 1.82408 0 374.69 5.16739e-08
0.21248 1.82408 0 375.692 5.14119e-08
0.21248 1.82408 0 376.695 5.11514e-08
0.21248 1.82408 0 377.697 5.08924e-08
0.21248 1.82408 0 378.7 5.06349e-08
0.21248 1.82408 0 379.702 5.03788e-08
0.21248 1.82408 0 380.705 5.01242e-08
0.21248 1.82408 0 381.707 4.98711e-08
0.21248 1.82408 0 382.71 4.96194e-08
0.21248 1.82408 0 383.712 4.93691e-08
0.21248 1.82408 0 384.715 4.91203e-08
0.21248 1.82408 0 385.717 4.88728e-08
0.21248 1.82408 0 386.72 4.86268e-08
0.21248 1.82408 0 387.722 4.83822e-08
0.21248 1.82408 0 388.725 4.81389e-08
0.21248 1.82408 0 389.727 4.78971e-08
0.21248 1.82408 0 390.73 4.76566e-08
0.21248 1.82408 0 391.732 4.74174e-08
0.21248 1.82408 0 392.735 4.71796e-08
0.21248 1.82408 0 393.737 4.69431e-08
0.21248 1.82408 0 394.739 4.6708e-08
0.21248 1.82408 0 395.742 4.64742e-08
0.21248 1.82408 0 396.744 4.62417e-08
0.21248 1.82408 0 397.747 4.60105e-08
0.21248 1.82408 0 398.749 4.57806e-08
0.21248 1.82408 0 399.752 4.5552e-08
0.21248 1.82408 0 400.754 4.53246e-08
0.21248 1.82408 0 401.757 4.50986e-08
0.21248 1.82408 0 402.759 4.48738e-08
0.21248 1.82408 0 403.762 4.46502e-08
0.21248 1.82408 0 404.764 4.44279e-08
0.21248 1.82408 0 405.767 4.42068e-08
0.21248 1.82408 0 406.769 4.3987e-08
0.21248 1.82408 0 407.772 4.37684e-08
0.21248 1.82408 0 408.774 4.3551e-08
0.21248 1.82408 0 409.777 4.33347e-08
0.21248 1.82408 0 410.779 4.31197e-08
0.21248 1.82408 0 411.782 4.29059e-08
0.21248 1.82408 0 412.784 4.26933e-08
0.21248 1.82408 0 413.787 4.24818e-08
0.21248 1.82408 0 414.789 4.22715e-08
0.21248 1.82408 0 415.792 4.20624e-08
0.21248 1.82408 0 416.794 4.18544e-08
0.21248 1.82408 0 417.797 4.16476e-08
0.21248 1.82408 0 418.799 4.14418e-08
0.21248 1.82408 0 419.802 4.12373e-08
0.21248 1.82408 0 420.804 4.10338e-08
0.21248 1.82408 0 421.806 4.08315e-08
0.21248 1.82408 0 422.809 4.06302e-08
0.21248 1.82408 0 423.811 4.04301e-08
0.21248 1.82408 0 424.814 4.02311e-08
0.21248 1.82408 0 425.816 4.00331e-08
0.21248 1.82408 0 426.819 3.98363e-08
0.21248 1.82408 0 427.821 3.96405e-08
0.21248 1.82408 0 428.824 3.94458e-08
0.21248 1.82408 0 429.826 3.92521e-08
0.21248 1.82408 0 430.829 3.90595e-08
0.21248 1.82408 0 431.831 3.88679e-08
0.21248 1.82408 0 432.834 3.86774e-08
0.21248 1.82408 0 433.836 3.84879e-08
0.21248 1.82408 0 434.839 3.82994e-08
0.21248 1.82408 0 435.841 3.8112e-08
0.21248 1.82408 0 436.844 3.79256e-08
0.21248 1.82408 0 437.846 3.77402e-08
0.21248 1.82408 0 438.849 3.75557e-08
0.21248 1.82408 0 439.851 3.73723e-08
0.21248 1.82408 0 440.854 3.71899e-08
0.21248 1.82408 0 441.856 3.70084e-08
0.21248 1.82408 0 442.859 3.6828e-08
0.21248 1.82408 0 443.861 3.66485e-08
0.21248 1.82408 0 444.864 3.64699e-08
0.21248 1.82408 0 445.866 3.62924e-08
0.21248 1.82408 0 446.868 3.61158e-08
0.21248 1.82408 0 447.871 3.59401e-08
0.21248 1.82408 0 448.873 3.57654e-08
0.21248 1.82408 0 449.876 3.55916e-08
0.21248 1.82408 0 450.878 3.54187e-08
0.21248 1.82408 0 451.881 3.52468e-08
0.21248 1.82408 0 452.883 3.50758e-08
0.21248 1.82408 0 453.886 3.49057e-08
0.21248 1.82408 0 454.888 3.47365e-08
0.21248 1.82408 0 455.891 3.45682e-08
0.21248 1.82408 0 456.893 3.44008e-08
0.21248 1.82408 0 457.896 3.42343e-08
0.21248 1.82408 0 458.898 3.40687e-08
0.21248 1.82408 0 459.901 3.39039e-08
0.21248 1.82408 0 460.903 3.37401e-08
0.21248 1.82408 0 461.906 3.35771e-08
0.21248 1.82408 0 462.908 3.3415e-08
0.21248 1.82408 0 463.911 3.32537e-08
0.21248 1.82408 0 464.913 3.30933e-08
0.21248 1.82408 0 465.916 3.29338e-08
0.21248 1.82408 0 466.918 3.27751e-08
0.21248 1.82408 0 467.921 3.26172e-08
0.21248 1.82408 0 468.923 3.24601e-08
0.21248 1.82408 0 469.926 3.23039e-08
0.21248 1.82408 0 470.928 3.21486e-08
0.21248 1.82408 0 471.931 3.1994e-08
0.21248 1.82408 0 472.933 3.18403e-08
0.21248 1.82408 0 473.935 3.16873e-08
0.21248 1.82408 0 474.938 3.15352e-08
0.21248 1.82408 0 475.94 3.13839e-08
0.21248 1.82408 0 476.943 3.12333e-08
0.21248 1.82408 0 477.945 3.10836e-08
0.21248 1.82408 0 478.948 3.09346e-08
0.21248 1.82408 0 479.95 3.07864e-08
0.21248 1.82408 0 480.953 3.0639e-08
0.21248 1.82408 0 481.955 3.04924e-08
0.21248 1.82408 0 482.958 3.03466e-08
0.21248 1.82408 0 483.96 3.02015e-08
0.21248 1.82408 0 484.963 3.00571e-08
0.21248 1.82408 0 485.965 2.99136e-08
0.21248 1.82408 0 486.968 2.97707e-08
0.21248 1.82408 0 487.97 2.96286e-08
0.21248 1.82408 0 488.973 2.94873e-08
0.21248 1.82408 0 489.975 2.93467e-08
0.21248 1.82408 0 490.978 2.92068e-08
0.21248 1.82408 0 491.98 2.90677e-08
0.21248 1.82408 0 492.983 2.89292e-08
0.21248 1.82408 0 493.985 2.87915e-08
0.21248 1.82408 0 494.988 2.86546e-08
0.21248 1.82408 0 495.99 2.85183e-08
0.21248 1.82408 0 496.993 2.83827e-08
0.21248 1.82408 0 497.995 2.82479e-08
0.21248 1.82408 0 498.998 2.81137e-08
0.21248 1.82408 0 500 2.79802e-08
0.21248 1.82408 0 100.01 3.21908e-07
0.21248 1.82408 0 101.012 5.50934e-07
0.21248 1.82408 0 102.015 5.14184e-07
0.21248 1.82408 0 103.017 4.76184e-07
0.21248 1.82408 0 104.02 4.4835e-07
0.21248 1.82408 0 105.022 4.26704e-07
0.21248 1.82408 0 106.025 4.09001e-07
0.21248 1.82408 0 107.027 3.94023e-07
0.21248 1.82408 0 108.03 3.8104e-07
0.21248 1.82408 0 109.032 3.69581e-07
0.21248 1.82408 0 110.035 3.59325e-07
0.21248 1.82408 0 111.037 3.50044e-07
0.21248 1.82408 0 112.04 3.41568e-07
0.21248 1.82408 0 113.042 3.33769e-07
0.21248 1.82408 0 114.045 3.26546e-07
0.21248 1.82408 0 115.047 3.19822e-07
0.21248 1.82408 0 116.05 3.1353e-07
0.21248 1.82408 0 117.052 3.07621e-07
0.21248 1.82408 0 118.055 3.02049e-07
0.21248 1.82408 0 119.057 2.96779e-07
0.21248 1.82408 0 120.06 2.9178e-07
0.21248 1.82408 0 121.062 2.87025e-07
0.21248 1.82408 0 122.065 2.82493e-07
0.21248 1.82408 0 123.067 2.78163e-07
0.21248 1.82408 0 124.07 2.74019e-07
0.21248 1.82408 0 125.072 2.70045e-07
0.21248 1.82408 0 126.075 2.66228e-07
0.21248 1.82408 0 127.077 2.62556e-07
0.21248 1.82408 0 128.079 2.5902e-07
0.21248 1.82408 0 129.082 2.55609e-07
0.21248 1.82408 0 130.084 2.52315e-07
0.21248 1.82408 0 131.087 2.4913e-07
0.21248 1.82408 0 132.089 2.46048e-07
0.21248 1.82408 0 133.092 2.43062e-07
0.21248 1.82408 0 134.094 2.40167e-07
0.21248 1.82408 0 135.097 2.37358e-07
0.21248 1.82408 0 136.099 2.34629e-07
0.21248 1.82408 0 137.102 2.31976e-07
0.21248 1.82408 0 138.104 2.29395e-07
0.21248 1.82408 0 139.107 2.26883e-07
0.21248 1.82408 0 140.109 2.24436e-07
0.21248 1.82408 0 141.112 2.22051e-07
0.21248 1.82408 0 142.114 2.19725e-07
0.21248 1.82408 0 143.117 2.17455e-07
0.21248 1.82408 0 144.119 2.15239e-07
0.21248 1.82408 0 145.122 2.13073e-07
0.21248 1.82408 0 146.124 2.10957e-07
0.21248 1.82408 0 147.127 2.08888e-07
0.21248 1.82408 0 148.129 2.06863e-07
0.21248 1.82408 0 149.132 2.04882e-07
0.21248 1.82408 0 150.134 2.02942e-07
0.21248 1.82408 0 151.137 2.01041e-07
0.21248 1.82408 0 152.139 1.99179e-07
0.21248 1.82408 0 153.142 1.97354e-07
0.21248 1.82408 0 154.144 1.95564e-07
0.21248 1.82408 0 155.146 1.93808e-07
0.21248 1.82408 0 156.149 1.92085e-07
0.21248 1.82408 0 157.151 1.90393e-07
0.21248 1.82408 0 158.154 1.88732e-07
0.21248 1.82408 0 159.156 1.87101e-07
0.21248 1.82408 0 160.159 1.85499e-07
0.21248 1.82408 0 161.161 1.83923e-07
0.21248 1.82408 0 162.164 1.82375e-07
0.21248 1.82408 0 163.166 1.80853e-07
0.21248 1.82408 0 164.169 1.79355e-07
0.21248 1.82408 0 165.171 1.77882e-07
0.21248 1.82408 0 166.174 1.76433e-07
0.21248 1.82408 0 167.176 1.75006e-07
0.21248 1.82408 0 168.179 1.73602e-07
0.21248 1.82408 0 169.181 1.72219e-07
0.21248 1.82408 0 170.184 1.70856e-07
0.21248 1.82408 0 171.186 1.69515e-07
0.21248 1.82408 0 172.189 1.68193e-07
0.21248 1.82408 0 173.191 1.6689e-07
0.21248 1.82408 0 174.194 1.65606e-07
0.21248 1.82408 0 175.196 1.6434e-07
0.21248 1.82408 0 176.199 1.63092e-07
0.21248 1.82408 0 177.201 1.61861e-07
0.21248 1.82408 0 178.204 1.60647e-07
0.21248 1.82408 0 179.206 1.59449e-07
0.21248 1.82408 0 180.208 1.58267e-07
0.21248 1.82408 0 181.211 1.57101e-07
0.21248 1.82408 0 182.213 1.5595e-07
0.21248 1.82408 0 183.216 1.54814e-07
0.21248 1.82408 0 184.218 1.53692e-07
0.21248 1.82408 0 185.221 1.52584e-07
0.21248 1.82408 0 186.223 1.5149e-07
0.21248 1.82408 0 187.226 1.5041e-07
0.21248 1.82408 0 188.228 1.49343e-07
0.21248 1.82408 0 189.231 1.48288e-07
0.21248 1.82408 0 190.233 1.47247e-07
0.21248 1.82408 0 191.236 1.46217e-07
0.21248 1.82408 0 192.238 1.452e-07
0.21248 1.82408 0 193.241 1.44195e-07
0.21248 1.82408 0 194.243 1.43201e-07
0.21248 1.82408 0 195.246 1.42218e-07
0.21248 1.82408 0 196.248 1.41246e-07
0.21248 1.82408 0 197.251 1.40285e-07
0.21248 1.82408 0 198.253 1.39335e-07
0.21248 1.82408 0 199.256 1.38396e-07
0.21248 1.82408 0 200.258 1.37466e-07
0.21248 1.82408 0 201.261 1.36546e-07
0.21248 1.82408 0 202.263 1.35637e-07
0.21248 1.82408 0 203.266 1.34737e-07
0.21248 1.82408 0 204.268 1.33846e-07
0.21248 1.82408 0 205.271 1.32964e-07
0.21248 1.82408 0 206.273 1.32092e-07
0.21248 1.82408 0 207.275 1.31229e-07
0.21248 1.82408 0 208.278 1.30374e-07
0.21248 1.82408 0 209.28 1.29528e-07
0.21248 1.82408 0 210.283 1.2869e-07
0.21248 1.82408 0 211.285 1.27861e-07
0.21248 1.82408 0 212.288 1.2704e-07
0.21248 1.82408 0 213.29 1.26226e-07
0.21248 1.82408 0 214.293 1.25421e-07
0.21248 1.82408 0 215.295 1.24623e-07
0.21248 1.82408 0 216.298 1.23833e-07
0.21248 1.82408 0 217.3 1.23051e-07
0.21248 1.82408 0 218.303 1.22276e-07
0.21248 1.82408 0 219.305 1.21508e-07
0.21248 1.82408 0 220.308 1.20747e-07
0.21248 1.82408 0 221.31 1.19993e-07
0.21248 1.82408 0 222.313 1.19246e-07
0.21248 1.82408 0 223.315 1.18506e-07
0.21248 1.82408 0 224.318 1.17772e-07
0.21248 1.82408 0 225.32 1.17046e-07
0.21248 1.82408 0 226.323 1.16325e-07
0.21248 1.82408 0 227.325 1.15611e-07
0.21248 1.82408 0 228.328 1.14903e-07
0.21248 1.82408 0 229.33 1.14202e-07
0.21248 1.82408 0 230.333 1.13506e-07
0.21248 1.82408 0 231.335 1.12817e-07
0.21248 1.82408 0 232.338 1.12133e-07
0.21248 1.82408 0 233.34 1.11455e-07
0.21248 1.82408 0 234.342 1.10783e-07
0.21248 1.82408 0 235.345 1.10117e-07
0.21248 1.82408 0 236.347 1.09456e-07
0.21248 1.82408 0 237.35 1.08801e-07
0.21248 1.82408 0 238.352 1.08151e-07
0.21248 1.82408 0 239.355 1.07506e-07
0.21248 1.82408 0 240.357 1.06867e-07
0.21248 1.82408 0 241.36 1.06233e-07
0.21248 1.82408 0 242.362 1.05604e-07
0.21248 1.82408 0 243.365 1.0498e-07
0.21248 1.82408 0 244.367 1.04361e-07
0.21248 1.82408 0 245.37 1.03748e-07
0.21248 1.82408 0 246.372 1.03139e-07
0.21248 1.82408 0 247.375 1.02534e-07
0.21248 1.82408 0 248.377 1.01935e-07
0.21248 1.82408 0 249.38 1.0134e-07
0.21248 1.82408 0 250.382 1.0075e-07
0.21248 1.82408 0 251.385 1.00165e-07
0.21248 1.82408 0 252.387 9.95837e-08
0.21248 1.82408 0 253.39 9.90071e-08
0.21248 1.82408 0 254.392 9.8435e-08
0.21248 1.82408 0 255.395 9.78673e-08
0.21248 1.82408 0 256.397 9.73038e-08
0.21248 1.82408 0 257.4 9.67446e-08
0.21248 1.82408 0 258.402 9.61896e-08
0.21248 1.82408 0 259.405 9.56387e-08
0.21248 1.82408 0 260.407 9.5092e-08
0.21248 1.82408 0 261.409 9.45493e-08
0.21248 1.82408 0 262.412 9.40106e-08
0.21248 1.82408 0 263.414 9.34759e-08
0.21248 1.82408 0 264.417 9.29451e-08
0.21248 1.82408 0 265.419 9.24182e-08
0.21248 1.82408 0 266.422 9.18951e-08
0.21248 1.82408 0 267.424 9.13758e-08
0.21248 1.82408 0 268.427 9.08603e-08
0.21248 1.82408 0 269.429 9.03485e-08
0.21248 1.82408 0 270.432 8.98403e-08
0.21248 1.82408 0 271.434 8.93358e-08
0.21248 1.82408 0 272.437 8.88348e-08
0.21248 1.82408 0 273.439 8.83374e-08
0.21248 1.82408 0 274.442 8.78435e-08
0.21248 1.82408 0 275.444 8.73531e-08
0.21248 1.82408 0 276.447 8.68662e-08
0.21248 1.82408 0 277.449 8.63826e-08
0.21248 1.82408 0 278.452 8.59025e-08
0.21248 1.82408 0 279.454 8.54256e-08
0.21248 1.82408 0 280.457 8.49521e-08
0.21248 1.82408 0 281.459 8.44818e-08
0.21248 1.82408 0 282.462 8.40147e-08
0.21248 1.82408 0 283.464 8.35509e-08
0.21248 1.82408 0 284.467 8.30902e-08
0.21248 1.82408 0 285.469 8.26327e-08
0.21248 1.82408 0 286.472 8.21783e-08
0.21248 1.82408 0 287.474 8.1727e-08
0.21248 1.82408 0 288.476 8.12787e-08
0.21248 1.82408 0 289.479 8.08334e-08
0.21248 1.82408 0 290.481 8.03912e-08
0.21248 1.82408 0 291.484 7.99518e-08
0.21248 1.82408 0 292.486 7.95155e-08
0.21248 1.82408 0 293.489 7.9082e-08
0.21248 1.82408 0 294.491 7.86514e-08
0.21248 1.82408 0 295.494 7.82237e-08
0.21248 1.82408 0 296.496 7.77988e-08
0.21248 1.82408 0 297.499 7.73766e-08
0.21248 1.82408 0 298.501 7.69573e-08
0.21248 1.82408 0 299.504 7.65407e-08
0.21248 1.82408 0 300.506 7.61269e-08
0.21248 1.82408 0 301.509 7.57157e-08
0.21248 1.82408 0 302.511 7.53072e-08
0.21248 1.82408 0 303.514 7.49014e-08
0.21248 1.82408 0 304.516 7.44982e-08
0.21248 1.82408 0 305.519 7.40976e-08
0.21248 1.82408 0 306.521 7.36995e-08
0.21248 1.82408 0 307.524 7.33041e-08
0.21248 1.82408 0 308.526 7.29112e-08
0.21248 1.82408 0 309.529 7.25207e-08
0.21248 1.82408 0 310.531 7.21328e-08
0.21248 1.82408 0 311.534 7.17474e-08
0.21248 1.82408 0 312.536 7.13644e-08
0.21248 1.82408 0 313.538 7.09838e-08
0.21248 1.82408 0 314.541 7.06057e-08
0.21248 1.82408 0 315.543 7.02299e-08
0.21248 1.82408 0 316.546 6.98565e-08
0.21248 1.82408 0 317.548 6.94854e-08
0.21248 1.82408 0 318.551 6.91167e-08
0.21248 1.82408 0 319.553 6.87503e-08
0.21248 1.82408 0 320.556 6.83862e-08
0.21248 1.82408 0 321.558 6.80243e-08
0.21248 1.82408 0 322.561 6.76647e-08
0.21248 1.82408 0 323.563 6.73074e-08
0.21248 1.82408 0 324.566 6.69522e-08
0.21248 1.82408 0 325.568 6.65993e-08
0.21248 1.82408 0 326.571 6.62485e-08
0.21248 1.82408 0 327.573 6.58999e-08
0.21248 1.82408 0 328.576 6.55534e-08
0.21248 1.82408 0 329.578 6.52091e-08
0.21248 1.82408 0 330.581 6.48669e-08
0.21248 1.82408 0 331.583 6.45268e-08
0.21248 1.82408 0 332.586 6.41887e-08
0.21248 1.82408 0 333.588 6.38527e-08
0.21248 1.82408 0 334.591 6.35188e-08
0.21248 1.82408 0 335.593 6.31869e-08
0.21248 1.82408 0 336.596 6.2857e-08
0.21248 1.82408 0 337.598 6.25291e-08
0.21248 1.82408 0 338.601 6.22032e-08
0.21248 1.82408 0 339.603 6.18792e-08
0.21248 1.82408 0 340.605 6.15573e-08
0.21248 1.82408 0 341.608 6.12372e-08
0.21248 1.82408 0 342.61 6.09191e-08
0.21248 1.82408 0 343.613 6.06029e-08
0.21248 1.82408 0 344.615 6.02885e-08
0.21248 1.82408 0 345.618 5.99761e-08
0.21248 1.82408 0 346.62 5.96655e-08
0.21248 1.82408 0 347.623 5.93568e-08
0.21248 1.82408 0 348.625 5.90499e-08
0.21248 1.82408 0 349.628 5.87448e-08
0.21248 1.82408 0 350.63 5.84416e-08
0.21248 1.82408 0 351.633 5.81401e-08
0.21248 1.82408 0 352.635 5.78404e-08
0.21248 1.82408 0 353.638 5.75425e-08
0.21248 1.82408 0 354.64 5.72464e-08
0.21248 1.82408 0 355.643 5.6952e-08
0.21248 1.82408 0 356.645 5.66593e-08
0.21248 1.82408 0 357.648 5.63684e-08
0.21248 1.82408 0 358.65 5.60792e-08
0.21248 1.82408 0 359.653 5.57916e-08
0.21248 1.82408 0 360.655 5.55058e-08
0.21248 1.82408 0 361.658 5.52216e-08
0.21248 1.82408 0 362.66 5.4939e-08
0.21248 1.82408 0 363.663 5.46582e-08
0.21248 1.82408 0 364.665 5.43789e-08
0.21248 1.82408 0 365.668 5.41013e-08
0.21248 1.82408 0 366.67 5.38253e-08
0.21248 1.82408 0 367.672 5.35509e-08
0.21248 1.82408 0 368.675 5.3278e-08
0.21248 1.82408 0 369.677 5.30068e-08
0.21248 1.82408 0 370.68 5.27371e-08
0.21248 1.82408 0 371.682 5.2469e-08
0.21248 1.82408 0 372.685 5.22024e-08
0.21248 1.82408 0 373.687 5.19374e-08
0.21248 1.82408 0 374.69 5.16739e-08
0.21248 1.82408 0 375.692 5.14119e-08
0.21248 1.82408 0 376.695 5.11514e-08
0.21248 1.82408 0 377.697 5.08924e-08
0.21248 1.82408 0 378.7 5.06349e-08
0.21248 1.82408 0 379.702 5.03788e-08
0.21248 1.82408 0 380.705 5.01242e-08
0.21248 1.82408 0 381.707 4.98711e-08
0.21248 1.82408 0 382.71 4.96194e-08
0.21248 1.82408 0 383.712 4.93691e-08
0.21248 1.82408 0 384.715 4.91203e-08
0.21248 1.82408 0 385.717 4.88728e-08
0.21248 1.82408 0 386.72 4.86268e-08
0.21248 1.82408 0 387.722 4.83822e-08
0.21248 1.82408 0 388.725 4.81389e-08
0.21248 1.82408 0 389.727 4.78971e-08
0.21248 1.82408 0 390.73 4.76566e-08
0.21248 1.82408 0 391.732 4.74174e-08
0.21248 1.82408 0 392.735 4.71796e-08
0.21248 1.82408 0 393.737 4.69431e-08
0.21248 1.82408 0 394.739 4.6708e-08
0.21248 1.82408 0 395.742 4.64742e-08
0.21248 1.82408 0 396.744 4.62417e-08
0.21248 1.82408 0 397.747 4.60105e-08
0.21248 1.82408 0 398.749 4.57806e-08
0.21248 1.82408 0 399.752 4.5552e-08
0.21248 1.82408 0 400.754 4.53246e-08
0.21248 1.82408 0 401.757 4.50986e-08
0.21248 1.82408 0 402.759 4.48738e-08
0.21248 1.82408 0 403.762 4.46502e-08
0.21248 1.82408 0 404.764 4.44279e-08
0.21248 1.82408 0 405.767 4.42068e-08
0.21248 1.82408 0 406.769 4.3987e-08
0.21248 1.82408 0 407.772 4.37684e-08
0.21248 1.82408 0 408.774 4.3551e-08
0.21248 1.82408 0 409.777 4.33347e-08
0.21248 1.82408 0 410.779 4.31197e-08
0.21248 1.82408 0 411.782 4.29059e-08
0.21248 1.82408 0 412.784 4.26933e-08
0.21248 1.82408 0 413.787 4.24818e-08
0.21248 1.82408 0 414.789 4.22715e-08
0.21248 1.82408 0 415.792 4.20624e-08
0.21248 1.82408 0 416.794 4.18544e-08
0.21248 1.82408 0 417.797 4.16476e-08
0.21248 1.82408 0 418.799 4.14418e-08
0.21248 1.82408 0 419.802 4.12373e-08
0.21248 1.82408 0 420.804 4.10338e-08
0.21248 1.82408 0 421.806 4.08315e-08
0.21248 1.82408 0 422.809 4.06302e-08
0.21248 1.82408 0 423.811 4.04301e-08
0.21248 1.82408 0 424.814 4.02311e-08
0.21248 1.82408 0 425.816 4.00331e-08
0.21248 1.82408 0 426.819 3.98363e-08
0.21248 1.82408 0 427.821 3.96405e-08
0.21248 1.82408 0 428.824 3.94458e-08
0.21248 1.82408 0 429.826 3.92521e-08
0.21248 1.82408 0 430.829 3.90595e-08
0.21248 1.82408 0 431.831 3.88679e-08
0.21248 1.82408 0 432.834 3.86774e-08
0.21248 1.82408 0 433.836 3.84879e-08
0.21248 1.82408 0 434.839 3.82994e-08
0.21248 1.82408 0 435.841 3.8112e-08
0.21248 1.82408 0 436.844 3.79256e-08
0.21248 1.82408 0 437.846 3.77402e-08
0.21248 1.82408 0 438.849 3.75557e-08
0.21248 1.82408 0 439.851 3.73723e-08
0.21248 1.82408 0 440.854 3.71899e-08
0.21248 1.82408 0 441.856 3.70084e-08
0.21248 1.82408 0 442.859 3.6828e-08
0.21248 1.82408 0 443.861 3.66485e-08
0.21248 1.82408 0 444.864 3.64699e-08
0.21248 1.82408 0 445.866 3.62924e-08
0.21248 1.82408 0 446.868 3.61158e-08
0.21248 1.82408 0 447.871 3.59401e-08
0.21248 1.82408 0 448.873 3.57654e-08
0.21248 1.82408 0 449.876 3.55916e-08
0.21248 1.82408 0 450.878 3.54187e-08
0.21248 1.82408 0 451.881 3.52468e-08
0.21248 1.82408 0 452.883 3.50758e-08
0.21248 1.82408 0 453.886 3.49057e-08
0.21248 1.82408 0 454.888 3.47365e-08
0.21248 1.82408 0 455.891 3.45682e-08
0.21248 1.82408 0 456.893 3.44008e-08
0.21248 1.82408 0 457.896 3.42343e-08
0.21248 1.82408 0 458.898 3.40687e-08
0.21248 1.82408 0 459.901 3.39039e-08
0.21248 1.82408 0 460.903 3.37401e-08
0.21248 1.82408 0 461.906 3.35771e-08
0.21248 1.82408 0 462.908 3.3415e-08
0.21248 1.82408 0 463.911 3.32537e-08
0.21248 1.82408 0 464.913 3.30933e-08
0.21248 1.82408 0 465.916 3.29338e-08
0.21248 1.82408 0 466.918 3.27751e-08
0.21248 1.82408 0 467.921 3.26172e-08
0.21248 1.82408 0 468.923 3.24601e-08
0.21248 1.82408 0 469.926 3.23039e-08
0.21248 1.82408 0 470.928 3.21486e-08
0.21248 1.82408 0 471.931 3.1994e-08
0.21248 1.82408 0 472.933 3.18403e-08
0.21248 1.82408 0 473.935 3.16873e-08
0.21248 1.82408 0 474.938 3.15352e-08
0.21248 1.82408 0 475.94 3.13839e-08
0.21248 1.82408 0 476.943 3.12333e-08
0.21248 1.82408 0 477.945 3.10836e-08
0.21248 1.82408 0 478.948 3.09346e-08
0.21248 1.82408 0 479.95 3.07864e-08
0.21248 1.82408 0 480.953 3.0639e-08
0.21248 1.82408 0 481.955 3.04924e-08
0.21248 1.82408 0 482.958 3.03466e-08
0.21248 1.82408 0 483.96 3.02015e-08
0.21248 1.82408 0 484.963 3.00571e-08
0.21248 1.82408 0 485.965 2.99136e-08
0.21248 1.82408 0 486.968 2.97707e-08
0.21248 1.82408 0 487.97 2.96286e-08
0.21248 1.82408 0 488.973 2.94873e-08
0.21248 1.82408 0 489.975 2.93467e-08
0.21248 1.82408 0 490.978 2.92068e-08
0.21248 1.82408 0 491.98 2.90677e-08
0.21248 1.82408 0 492.983 2.89292e-08
0.21248 1.82408 0 493.985 2.87915e-08
0.21248 1.82408 0 494.988 2.86546e-08
0.21248 1.82408 0 495.99 2.85183e-08
0.21248 1.82408 0 496.993 2.83827e-08
0.21248 1.82408 0 497.995 2.82479e-08
0.21248 1.82408 0 498.998 2.81137e-08
0.21248 1.82408 0 500 2.79802e-08
0.21248 1.82408 0 100.01 3.21908e-07
0.21248 1.82408 0 101.012 5.50934e-07
0.21248 1.82408 0 102.015 5.14184e-07
0.21248 1.82408 0 103.017 4.76184e-07
0.21248 1.82408 0 104.02 4.4835e-07
0.21248 1.82408 0 105.022 4.26704e-07
0.21248 1.82408 0 106.025 4.09001e-07
0.21248 1.82408 0 107.027 3.94023e-07
0.21248 1.82408 0 108.03 3.8104e-07
0.21248 1.82408 0 109.032 3.69581e-07
0.21248 1.82408 0 110.035 3.59325e-07
0.21248 1.82408 0 111.037 3.50044e-07
0.21248 1.82408 0 112.04 3.41568e-07
0.21248 1.82408 0 113.042 3.33769e-07
0.21248 1.82408 0 114.045 3.26546e-07
0.21248 1.82408 0 115.047 3.19822e-07
0.21248 1.82408 0 116.05 3.1353e-07
0.21248 1.82408 0 117.052 3.07621e-07
0.21248 1.82408 0 118.055 3.02049e-07
0.21248 1.82408 0 119.057 2.96779e-07
0.21248 1.82408 0 120.06 2.9178e-07
0.21248 1.82408 0 121.062 2.87025e-07
0.21248 1.82408 0 122.065 2.82493e-07
0.21248 1.82408 0 123.067 2.78163e-07
0.21248 1.82408 0 124.07 2.74019e-07
0.21248 1.82408 0 125.072 2.70045e-07
0.21248 1.82408 0 126.075 2.66228e-07
0.21248 1.82408 0 127.077 2.62556e-07
0.21248 1.82408 0 128.079 2.5902e-07
0.21248 1.82408 0 129.082 2.55609e-07
0.21248 1.82408 0 130.084 2.52315e-07
0.21248 1.82408 0 131.087 2.4913e-07
0.21248 1.82408 0 132.089 2.46048e-07
0.21248 1.82408 0 133.092 2.43062e-07
0.21248 1.82408 0 134.094 2.40167e-07
0.21248 1.82408 0 135.097 2.37358e-07
0.21248 1.82408 0 136.099 2.34629e-07
0.21248 1.82408 0 137.102 2.31976e-07
0.21248 1.82408 0 138.104 2.29395e-07
0.21248 1.82408 0 139.107 2.26883e-07
0.21248 1.82408 0 140.109 2.24436e-07
0.21248 1.82408 0 141.112 2.22051e-07
0.21248 1.82408 0 142.114 2.19725e-07
0.21248 1.82408 0 143.117 2.17455e-07
0.21248 1.82408 0 144.119 2.15239e-07
0.21248 1.82408 0 145.122 2.13073e-07
0.21248 1.82408 0 146.124 2.10957e-07
0.21248 1.82408 0 147.127 2.08888e-07
0.21248 1.82408 0 148.129 2.06863e-07
0.21248 1.82408 0 149.132 2.04882e-07
0.21248 1.82408 0 150.134 2.02942e-07
0.21248 1.82408 0 151.137 2.01041e-07
0.21248 1.82408 0 152.139 1.99179e-07
0.21248 1.82408 0 153.142 1.97354e-07
0.21248 1.82408 0 154.144 1.95564e-07
0.21248 1.82408 0 155.146 1.93808e-07
0.21248 1.82408 0 156.149 1.92085e-07
0.21248 1.82408 0 157.151 1.90393e-07
0.21248 1.82408 0 158.154 1.88732e-07
0.21248 1.82408 0 159.156 1.87101e-07
0.21248 1.82408 0 160.159 1.85499e-07
0.21248 1.82408 0 161.161 1.83923e-07
0.21248 1.82408 0 162.164 1.82375e-07
0.21248 1.82408 0 163.166 1.80853e-07
0.21248 1.82408 0 164.169 1.79355e-07
0.21248 1.82408 0 165.171 1.77882e-07
0.21248 1.82408 0 166.174 1.76433e-07
0.21248 1.82408 0 167.176 1.75006e-07
0.21248 1.82408 0 168.179 1.73602e-07
0.21248 1.82408 0 169.181 1.72219e-07
0.21248 1.82408 0 170.184 1.70856e-07
0.21248 1.82408 0 171.186 1.69515e-07
0.21248 1.82408 0 172.189 1.68193e-07
0.21248 1.82408 0 173.191 1.6689e-07
0.21248 1.82408 0 174.194 1.65606e-07
0.21248 1.82408 0 175.196 1.6434e-07
0.21248 1.82408 0 176.199 1.63092e-07
0.21248 1.82408 0 177.201 1.61861e-07
0.21248 1.82408 0 178.204 1.60647e-07
0.21248 1.82408 0 179.206 1.59449e-07
0.21248 1.82408 0 180.208 1.58267e-07
0.21248 1.82408 0 181.211 1.57101e-07
0.21248 1.82408 0 182.213 1.5595e-07
0.21248 1.82408 0 183.216 1.54814e-07
0.21248 1.82408 0 184.218 1.53692e-07
0.21248 1.82408 0 185.221 1.52584e-07
0.21248 1.82408 0 186.223 1.5149e-07
0.21248 1.82408 0 187.226 1.5041e-07
0.21248 1.82408 0 188.228 1.49343e-07
0.21248 1.82408 0 189.231 1.48288e-07
0.21248 1.82408 0 190.233 1.47247e-07
0.21248 1.82408 0 191.236 1.46217e-07
0.21248 1.82408 0 192.238 1.452e-07
0.21248 1.82408 0 193.241 1.44195e-07
0.21248 1.82408 0 194.243 1.43201e-07
0.21248 1.82408 0 195.246 1.42218e-07
0.21248 1.82408 0 196.248 1.41246e-07
0.21248 1.82408 0 197.251 1.40285e-07
0.21248 1.82408 0 198.253 1.39335e-07
0.21248 1.82408 0 199.256 1.38396e-07
0.21248 1.82408 0 200.258 1.37466e-07
0.21248 1.82408 0 201.261 1.36546e-07
0.21248 1.82408 0 202.263 1.35637e-07
0.21248 1.82408 0 203.266 1.34737e-07
0.21248 1.82408 0 204.268 1.33846e-07
0.21248 1.82408 0 205.271 1.32964e-07
0.21248 1.82408 0 206.273 1.32092e-07
0.21248 1.82408 0 207.275 1.31229e-07
0.21248 1.82408 0 208.278 1.30374e-07
0.21248 1.82408 0 209.28 1.29528e-07
0.21248 1.82408 0 210.283 1.2869e-07
0.21248 1.82408 0 211.285 1.27861e-07
0.21248 1.82408 0 212.288 1.2704e-07
0.21248 1.82408 0 213.29 1.26226e-07
0.21248 1.82408 0 214.293 1.25421e-07
0.21248 1.82408 0 215.295 1.24623e-07
0.21248 1.82408 0 216.298 1.23833e-07
0.21248 1.82408 0 217.3 1.23051e-07
0.21248 1.82408 0 218.303 1.22276e-07
0.21248 1.82408 0 219.305 1.21508e-07
0.21248 1.82408 0 220.308 1.20747e-07
0.21248 1.82408 0 221.31 1.19993e-07
0.21248 1.82408 0 222.313 1.19246e-07
0.21248 1.82408 0 223.315 1.18506e-07
0.21248 1.82408 0 224.318 1.17772e-07
0.21248 1.82408 0 225.32 1.17046e-07
0.21248 1.82408 0 226.323 1.16325e-07
0.21248 1.82408 0 227.325 1.15611e-07
0.21248 1.82408 0 228.328 1.14903e-07
0.21248 1.82408 0 229.33 1.14202e-07
0.21248 1.82408 0 230.333 1.13506e-07
0.21248 1.82408 0 231.335 1.12817e-07
0.21248 1.82408 0 232.338 1.12133e-07
0.21248 1.82408 0 233.34 1.11455e-07
0.21248 1.82408 0 234.342 1.10783e-07
0.21248 1.82408 0 235.345 1.10117e-07
0.21248 1.82408 0 236.347 1.09456e-07
0.21248 1.82408 0 237.35 1.08801e-07
0.21248 1.82408 0 238.352 1.08151e-07
0.21248 1.82408 0 239.355 1.07506e-07
0.21248 1.82408 0 240.357 1.06867e-07
0.21248 1.82408 0 241.36 1.06233e-07
0.21248 1.82408 0 242.362 1.05604e-07
0.21248 1.82408 0 243.365 1.0498e-07
0.21248 1.82408 0 244.367 1.04361e-07
0.21248 1.82408 0 245.37 1.03748e-07
0.21248 1.82408 0 246.372 1.03139e-07
0.21248 1.82408 0 247.375 1.02534e-07
0.21248 1.82408 0 248.377 1.01935e-07
0.21248 1.82408 0 249.38 1.0134e-07
0.21248 1.82408 0 250.382 1.0075e-07
0.21248 1.82408 0 251.385 1.00165e-07
0.21248 1.82408 0 252.387 9.95837e-08
0.21248 1.82408 0 253.39 9.90071e-08
0.21248 1.82408 0 254.392 9.8435e-08
0.21248 1.82408 0 255.395 9.78673e-08
0.21248 1.82408 0 256.397 9.73038e-08
0.21248 1.82408 0 257.4 9.67446e-08
0.21248 1.82408 0 258.402 9.61896e-08
0.21248 1.82408 0 259.405 9.56387e-08
0.21248 1.82408 0 260.407 9.5092e-08
0.21248 1.82408 0 261.409 9.45493e-08
0.21248 1.82408 0 262.412 9.40106e-08
0.21248 1.82408 0 263.414 9.34759e-08
0.21248 1.82408 0 264.417 9.29451e-08
0.21248 1.82408 0 265.419 9.24182e-08
0.21248 1.82408 0 266.422 9.18951e-08
0.21248 1.82408 0 267.424 9.13758e-08
0.21248 1.82408 0 268.427 9.08603e-08
0.21248 1.82408 0 269.429 9.03485e-08
0.21248 1.82408 0 270.432 8.98403e-08
0.21248 1.82408 0 271.434 8.93358e-08
0.21248 1.82408 0 272.437 8.88348e-08
0.21248 1.82408 0 273.439 8.83374e-08
0.21248 1.82408 0 274.442 8.78435e-08
0.21248 1.82408 0 275.444 8.73531e-08
0.21248 1.82408 0 276.447 8.68662e-08
0.21248 1.82408 0 277.449 8.63826e-08
0.21248 1.82408 0 278.452 8.59025e-08
0.21248 1.82408 0 279.454 8.54256e-08
0.21248 1.82408 0 280.457 8.49521e-08
0.21248 1.82408 0 281.459 8.44818e-08
0.21248 1.82408 0 282.462 8.40147e-08
0.21248 1.82408 0 283.464 8.35509e-08
0.21248 1.82408 0 284.467 8.30902e-08
0.21248 1.82408 0 285.469 8.26327e-08
0.21248 1.82408 0 286.472 8.21783e-08
0.21248 1.82408 0 287.474 8.1727e-08
0.21248 1.82408 0 288.476 8.12787e-08
0.21248 1.82408 0 289.479 8.08334e-08
0.21248 1.82408 0 290.481 8.03912e-08
0.21248 1.82408 0 291.484 7.99518e-08
0.21248 1.82408 0 292.486 7.95155e-08
0.21248 1.82408 0 293.489 7.9082e-08
0.21248 1.82408 0 294.491 7.86514e-08
0.21248 1.82408 0 295.494 7.82237e-08
0.21248 1.82408 0 296.496 7.77988e-08
0.21248 1.82408 0 297.499 7.73766e-08
0.21248 1.82408 0 298.501 7.69573e-08
0.21248 1.82408 0 299.504 7.65407e-08
0.21248 1.82408 0 300.506 7.61269e-08
0.21248 1.82408 0 301.509 7.57157e-08
0.21248 1.82408 0 302.511 7.53072e-08
0.21248 1.82408 0 303.514 7.49014e-08
0.21248 1.82408 0 304.516 7.44982e-08
0.21248 1.82408 0 305.519 7.40976e-08
0.21248 1.82408 0 306.521 7.36995e-08
0.21248 1.82408 0 307.524 7.33041e-08
0.21248 1.82408 0 308.526 7.29112e-08
0.21248 1.82408 0 309.529 7.25207e-08
0.21248 1.82408 0 310.531 7.21328e-08
0.21248 1.82408 0 311.534 7.17474e-08
0.21248 1.82408 0 312.536 7.13644e-08
0.21248 1.82408 0 313.538 7.09838e-08
0.21248 1.82408 0 314.541 7.06057e-08
0.21248 1.82408 0 315.543 7.02299e-08
0.21248 1.82408 0 316.546 6.98565e-08
0.21248 1.82408 0 317.548 6.94854e-08
0.21248 1.82408 0 318.551 6.91167e-08
0.21248 1.82408 0 319.553 6.87503e-08
0.21248 1.82408 0 320.556 6.83862e-08
0.21248 1.82408 0 321.558 6.80243e-08
0.21248 1.82408 0 322.561 6.76647e-08
0.21248 1.82408 0 323.563 6.73074e-08
0.21248 1.82408 0 324.566 6.69522e-08
0.21248 1.82408 0 325.568 6.65993e-08
0.21248 1.82408 0 326.571 6.62485e-08
0.21248 1.82408 0 327.573 6.58999e-08
0.21248 1.82408 0 328.576 6.55534e-08
0.21248 1.82408 0 329.578 6.52091e-08
0.21248 1.82408 0 330.581 6.48669e-08
0.21248 1.82408 0 331.583 6.45268e-08
0.21248 1.82408 0 332.586 6.41887e-08
0.21248 1.82408 0 333.588 6.38527e-08
0.21248 1.82408 0 334.591 6.35188e-08
0.21248 1.82408 0 335.593 6.31869e-08
0.21248 1.82408 0 336.596 6.2857e-08
0.21248 1.82408 0 337.598 6.25291e-08
0.21248 1.82408 0 338.601 6.22032e-08
0.21248 1.82408 0 339.603 6.18792e-08
0.21248 1.82408 0 340.605 6.15573e-08
0.21248 1.82408 0 341.608 6.12372e-08
0.21248 1.82408 0 342.61 6.09191e-08
0.21248 1.82408 0 343.613 6.06029e-08
0.21248 1.82408 0 344.615 6.02885e-08
0.21248 1.82408 0 345.618 5.99761e-08
0.21248 1.82408 0 346.62 5.96655e-08
0.21248 1.82408 0 347.623 5.93568e-08
0.21248 1.82408 0 348.625 5.90499e-08
0.21248 1.82408 0 349.628 5.87448e-08
0.21248 1.82408 0 350.63 5.84416e-08
0.21248 1.82408 0 351.633 5.81401e-08
0.21248 1.82408 0 352.635 5.78404e-08
0.21248 1.82408 0 353.638 5.75425e-08
0.21248 1.82408 0 354.64 5.72464e-08
0.21248 1.82408 0 355.643 5.6952e-08
0.21248 1.82408 0 356.645 5.66593e-08
0.21248 1.82408 0 357.648 5.63684e-08
0.21248 1.82408 0 358.65 5.60792e-08
0.21248 1.82408 0 359.653 5.57916e-08
0.21248 1.82408 0 360.655 5.55058e-08
0.21248 1.82408 0 361.658 5.52216e-08
0.21248 1.82408 0 362.66 5.4939e-08
0.21248 1.82408 0 363.663 5.46582e-08
0.21248 1.82408 0 364.665 5.43789e-08
0.21248 1.82408 0 365.668 5.41013e-08
0.21248 1.82408 0 366.67 5.38253e-08
0.21248 1.82408 0 367.672 5.35509e-08
0.21248 1.82408 0 368.675 5.3278e-08
0.21248 1.82408 0 369.677 5.30068e-08
0.21248 1.82408 0 370.68 5.27371e-08
0.21248 1.82408 0 371.682 5.2469e-08
0.21248 1.82408 0 372.685 5.22024e-08
0.21248 1.82408 0 373.687 5.19374e-08
0.21248 1.82408 0 374.69 5.16739e-08
0.21248 1.82408 0 375.692 5.14119e-08
0.21248 1.82408 0 376.695 5.11514e-08
0.21248 1.82408 0 377.697 5.08924e-08
0.21248 1.82408 0 378.7 5.06349e-08
0.21248 1.82408 0 379.702 5.03788e-08
0.21248 1.82408 0 380.705 5.01242e-08
0.21248 1.82408 0 381.707 4.98711e-08
0.21248 1.82408 0 382.71 4.96194e-08
0.21248 1.82408 0 383.712 4.93691e-08
0.21248 1.82408 0 384.715 4.91203e-08
0.21248 1.82408 0 385.717 4.88728e-08
0.21248 1.82408 0 386.72 4.86268e-08
0.21248 1.82408 0 387.722 4.83822e-08
0.21248 1.82408 0 388.725 4.81389e-08
0.21248 1.82408 0 389.727 4.78971e-08
0.21248 1.82408 0 390.73 4.76566e-08
0.21248 1.82408 0 391.732 4.74174e-08
0.21248 1.82408 0 392.735 4.71796e-08
0.21248 1.82408 0 393.737 4.69431e-08
0.21248 1.82408 0 394.739 4.6708e-08
0.21248 1.82408 0 395.742 4.64742e-08
0.21248 1.82408 0 396.744 4.62417e-08
0.21248 1.82408 0 397.747 4.60105e-08
0.21248 1.82408 0 398.749 4.57806e-08
0.21248 1.82408 0 399.752 4.5552e-08
0.21248 1.82408 0 400.754 4.53246e-08
0.21248 1.82408 0 401.757 4.50986e-08
0.21248 1.82408 0 402.759 4.48738e-08
0.21248 1.82408 0 403.762 4.46502e-08
0.21248 1.82408 0 404.764 4.44279e-08
0.21248 1.82408 0 405.767 4.42068e-08
0.21248 1.82408 0 406.769 4.3987e-08
0.21248 1.82408 0 407.772 4.37684e-08
0.21248 1.82408 0 408.774 4.3551e-08
0.21248 1.82408 0 409.777 4.33347e-08
0.21248 1.82408 0 410.779 4.31197e-08
0.21248 1.82408 0 411.782 4.29059e-08
0.21248 1.82408 0 412.784 4.26933e-08
0.21248 1.82408 0 413.787 4.24818e-08
0.21248 1.82408 0 414.789 4.22715e-08
0.21248 1.82408 0 415.792 4.20624e-08
0.21248 1.82408 0 416.794 4.18544e-08
0.21248 1.82408 0 417.797 4.16476e-08
0.21248 1.82408 0 418.799 4.14418e-08
0.21248 1.82408 0 419.802 4.12373e-08
0.21248 1.82408 0 420.804 4.10338e-08
0.21248 1.82408 0 421.806 4.08315e-08
0.21248 1.82408 0 422.809 4.06302e-08
0.21248 1.82408 0 423.811 4.04301e-08
0.21248 1.82408 0 424.814 4.02311e-08
0.21248 1.82408 0 425.816 4.00331e-08
0.21248 1.82408 0 426.819 3.98363e-08
0.21248 1.82408 0 427.821 3.96405e-08
0.21248 1.82408 0 428.824 3.94458e-08
0.21248 1.82408 0 429.826 3.92521e-08
0.21248 1.82408 0 430.829 3.90595e-08
0.21248 1.82408 0 431.831 3.88679e-08
0.21248 1.82408 0 432.834 3.86774e-08
0.21248 1.82408 0 433.836 3.84879e-08
0.21248 1.82408 0 434.839 3.82994e-08
0.21248 1.82408 0 435.841 3.8112e-08
0.21248 1.82408 0 436.844 3.79256e-08
0.21248 1.82408 0 437.846 3.77402e-08
0.21248 1.82408 0 438.849 3.75557e-08
0.21248 1.82408 0 439.851 3.73723e-08
0.21248 1.82408 0 440.854 3.71899e-08
0.21248 1.82408 0 441.856 3.70084e-08
0.21248 1.82408 0 442.859 3.6828e-08
0.21248 1.82408 0 443.861 3.66485e-08
0.21248 1.82408 0 444.864 3.64699e-08
0.21248 1.82408 0 445.866 3.62924e-08
0.21248 1.82408 0 446.868 3.61158e-08
0.21248 1.82408 0 447.871 3.59401e-08
0.21248 1.82408 0 448.873 3.57654e-08
0.21248 1.82408 0 449.876 3.55916e-08
0.21248 1.82408 0 450.878 3.54187e-08
0.21248 1.82408 0 451.881 3.52468e-08
0.21248 1.82408 0 452.883 3.50758e-08
0.21248 1.82408 0 453.886 3.49057e-08
0.21248 1.82408 0 454.888 3.47365e-08
0.21248 1.82408 0 455.891 3.45682e-08
0.21248 1.82408 0 456.893 3.44008e-08
0.21248 1.82408 0 457.896 3.42343e-08
0.21248 1.82408 0 458.898 3.40687e-08
0.21248 1.82408 0 459.901 3.39039e-08
0.21248 1.82408 0 460.903 3.37401e-08
0.21248 1.82408 0 461.906 3.35771e-08
0.21248 1.82408 0 462.908 3.3415e-08
0.21248 1.82408 0 463.911 3.32537e-08
0.21248 1.82408 0 464.913 3.30933e-08
0.21248 1.82408 0 465.916 3.29338e-08
0.21248 1.82408 0 466.918 3.27751e-08
0.21248 1.82408 0 467.921 3.26172e-08
0.21248 1.82408 0 468.923 3.24601e-08
0.21248 1.82408 0 469.926 3.23039e-08
0.21248 1.82408 0 470.928 3.21486e-08
0.21248 1.82408 0 471.931 3.1994e-08
0.21248 1.82408 0 472.933 3.18403e-08
0.21248 1.82408 0 473.935 3.16873e-08
0.21248 1.82408 0 474.938 3.15352e-08
0.21248 1.82408 0 475.94 3.13839e-08
0.21248 1.82408 0 476.943 3.12333e-08
0.21248 1.82408 0 477.945 3.10836e-08
0.21248 1.82408 0 478.948 3.09346e-08
0.21248 1.82408 0 479.95 3.07864e-08
0.21248 1.82408 0 480.953 3.0639e-08
0.21248 1.82408 0 481.955 3.04924e-08
0.21248 1.82408 0 482.958 3.03466e-08
0.21248 1.82408 0 483.96 3.02015e-08
0.21248 1.82408 0 484.963 3.00571e-08
0.21248 1.82408 0 485.965 2.99136e-08
0.21248 1.82408 0 486.968 2.97707e-08
0.21248 1.82408 0 487.97 2.96286e-08
0.21248 1.82408 0 488.973 2.94873e-08
0.21248 1.82408 0 489.975 2.93467e-08
0.21248 1.82408 0 490.978 2.92068e-08
0.21248 1.82408 0 491.98 2.90677e-08
0.21248 1.82408 0 492.983 2.89292e-08
0.21248 1.82408 0 493.985 2.87915e-08
0.21248 1.82408 0 494.988 2.86546e-08
0.21248 1.82408 0 495.99 2.85183e-08
0.21248 1.82408 0 496.993 2.83827e-08
0.21248 1.82408 0 497.995 2.82479e-08
0.21248 1.82408 0 498.998 2.81137e-08
0.21248 1.82408 0 500 2.79802e-08
