4.78611 1.4382 0 100.01 1.14274e-05
4.78611 1.4382 0 101.012 1.8667e-05
4.78611 1.4382 0 102.015 1.62215e-05
4.78611 1.4382 0 103.017 1.39945e-05
4.78611 1.4382 0 104.02 1.2308e-05
4.78611 1.4382 0 105.022 1.09658e-05
4.78611 1.4382 0 106.025 9.85708e-06
4.78611 1.4382 0 107.027 8.91837e-06
4.78611 1.4382 0 108.03 8.10971e-06
4.78611 1.4382 0 109.032 7.40409e-06
4.78611 1.4382 0 110.035 6.78227e-06
4.78611 1.4382 0 111.037 6.22995e-06
4.78611 1.4382 0 112.04 5.73619e-06
4.78611 1.4382 0 113.042 5.29241e-06
4.78611 1.4382 0 114.045 4.89173e-06
4.78611 1.4382 0 115.047 4.52856e-06
4.78611 1.4382 0 116.05 4.19828e-06
4.78611 1.4382 0 117.052 3.89703e-06
4.78611 1.4382 0 118.055 3.62152e-06
4.78611 1.4382 0 119.057 3.369e-06
4.78611 1.4382 0 120.06 3.13704e-06
4.78611 1.4382 0 121.062 2.92359e-06
4.78611 1.4382 0 122.065 2.72684e-06
4.78611 1.4382 0 123.067 2.5452e-06
4.78611 1.4382 0 124.07 2.37728e-06
4.78611 1.4382 0 125.072 2.22184e-06
4.78611 1.4382 0 126.075 2.0778e-06
4.78611 1.4382 0 127.077 1.94416e-06
4.78611 1.4382 0 128.079 1.82005e-06
4.78611 1.4382 0 129.082 1.70469e-06
4.78611 1.4382 0 130.084 1.59736e-06
4.78611 1.4382 0 131.087 1.49743e-06
4.78611 1.4382 0 132.089 1.40432e-06
4.78611 1.4382 0 133.092 1.3175e-06
4.78611 1.4382 0 134.094 1.2365e-06
4.78611 1.4382 0 135.097 1.16087e-06
4.78611 1.4382 0 136.099 1.09022e-06
4.78611 1.4382 0 137.102 1.02419e-06
4.78611 1.4382 0 138.104 9.62439e-07
4.78611 1.4382 0 139.107 9.04665e-07
4.78611 1.4382 0 140.109 8.50585e-07
4.78611 1.4382 0 141.112 7.99943e-07
4.78611 1.4382 0 142.114 7.52499e-07
4.78611 1.4382 0 143.117 7.08034e-07
4.78611 1.4382 0 144.119 6.66345e-07
4.78611 1.4382 0 145.122 6.27246e-07
4.78611 1.4382 0 146.124 5.90562e-07
4.78611 1.4382 0 147.127 5.56133e-07
4.78611 1.4382 0 148.129 5.23811e-07
4.78611 1.4382 0 149.132 4.93458e-07
4.78611 1.4382 0 150.134 4.64945e-07
4.78611 1.4382 0 151.137 4.38154e-07
4.78611 1.4382 0 152.139 4.12974e-07
4.78611 1.4382 0 153.142 3.89302e-07
4.78611 1.4382 0 154.144 3.67043e-07
4.78611 1.4382 0 155.146 3.46108e-07
4.78611 1.4382 0 156.149 3.26413e-07
4.78611 1.4382 0 157.151 3.07881e-07
4.78611 1.4382 0 158.154 2.90439e-07
4.78611 1.4382 0 159.156 2.74021e-07
4.78611 1.4382 0 160.159 2.58564e-07
4.78611 1.4382 0 161.161 2.44007e-07
4.78611 1.4382 0 162.164 2.30297e-07
4.78611 1.4382 0 163.166 2.17382e-07
4.78611 1.4382 0 164.169 2.05214e-07
4.78611 1.4382 0 165.171 1.93748e-07
4.78611 1.4382 0 166.174 1.82941e-07
4.78611 1.4382 0 167.176 1.72755e-07
4.78611 1.4382 0 168.179 1.63152e-07
4.78611 1.4382 0 169.181 1.54097e-07
4.78611 1.4382 0 170.184 1.45558e-07
4.78611 1.4382 0 171.186 1.37505e-07
4.78611 1.4382 0 172.189 1.29909e-07
4.78611 1.4382 0 173.191 1.22743e-07
4.78611 1.4382 0 174.194 1.15982e-07
4.78611 1.4382 0 175.196 1.09602e-07
4.78611 1.4382 0 176.199 1.03581e-07
4.78611 1.4382 0 177.201 9.78991e-08
4.78611 1.4382 0 178.204 9.25355e-08
4.78611 1.4382 0 179.206 8.74722e-08
4.78611 1.4382 0 180.208 8.26919e-08
4.78611 1.4382 0 181.211 7.81783e-08
4.78611 1.4382 0 182.213 7.39161e-08
4.78611 1.4382 0 183.216 6.98909e-08
4.78611 1.4382 0 184.218 6.60893e-08
4.78611 1.4382 0 185.221 6.24985e-08
4.78611 1.4382 0 186.223 5.91064e-08
4.78611 1.4382 0 187.226 5.59019e-08
4.78611 1.4382 0 188.228 5.28743e-08
4.78611 1.4382 0 189.231 5.00135e-08
4.78611 1.4382 0 190.233 4.73103e-08
4.78611 1.4382 0 191.236 4.47557e-08
4.78611 1.4382 0 192.238 4.23413e-08
4.78611 1.4382 0 193.241 4.00593e-08
4.78611 1.4382 0 194.243 3.79023e-08
4.78611 1.4382 0 195.246 3.58634e-08
4.78611 1.4382 0 196.248 3.39358e-08
4.78611 1.4382 0 197.251 3.21134e-08
4.78611 1.4382 0 198.253 3.03903e-08
4.78611 1.4382 0 199.256 2.87611e-08
4.78611 1.4382 0 200.258 2.72205e-08
4.78611 1.4382 0 201.261 2.57635e-08
4.78611 1.4382 0 202.263 2.43857e-08
4.78611 1.4382 0 203.266 2.30826e-08
4.78611 1.4382 0 204.268 2.185e-08
4.78611 1.4382 0 205.271 2.06842e-08
4.78611 1.4382 0 206.273 1.95813e-08
4.78611 1.4382 0 207.275 1.85381e-08
4.78611 1.4382 0 208.278 1.75511e-08
4.78611 1.4382 0 209.28 1.66173e-08
4.78611 1.4382 0 210.283 1.57338e-08
4.78611 1.4382 0 211.285 1.48979e-08
4.78611 1.4382 0 212.288 1.41069e-08
4.78611 1.4382 0 213.29 1.33583e-08
4.78611 1.4382 0 214.293 1.265e-08
4.78611 1.4382 0 215.295 1.19797e-08
4.78611 1.4382 0 216.298 1.13452e-08
4.78611 1.4382 0 217.3 1.07448e-08
4.78611 1.4382 0 218.303 1.01764e-08
4.78611 1.4382 0 219.305 9.63847e-09
4.78611 1.4382 0 220.308 9.12926e-09
4.78611 1.4382 0 221.31 8.64722e-09
4.78611 1.4382 0 222.313 8.1909e-09
4.78611 1.4382 0 223.315 7.7589e-09
4.78611 1.4382 0 224.318 7.34991e-09
4.78611 1.4382 0 225.32 6.96269e-09
4.78611 1.4382 0 226.323 6.59607e-09
4.78611 1.4382 0 227.325 6.24893e-09
4.78611 1.4382 0 228.328 5.92024e-09
4.78611 1.4382 0 229.33 5.60899e-09
4.78611 1.4382 0 230.333 5.31426e-09
4.78611 1.4382 0 231.335 5.03515e-09
4.78611 1.4382 0 232.338 4.77084e-09
4.78611 1.4382 0 233.34 4.52052e-09
4.78611 1.4382 0 234.342 4.28344e-09
4.78611 1.4382 0 235.345 4.05891e-09
4.78611 1.4382 0 236.347 3.84624e-09
4.78611 1.4382 0 237.35 3.64481e-09
4.78611 1.4382 0 238.352 3.45401e-09
4.78611 1.4382 0 239.355 3.27329e-09
4.78611 1.4382 0 240.357 3.10209e-09
4.78611 1.4382 0 241.36 2.93992e-09
4.78611 1.4382 0 242.362 2.78629e-09
4.78611 1.4382 0 243.365 2.64075e-09
4.78611 1.4382 0 244.367 2.50288e-09
4.78611 1.4382 0 245.37 2.37225e-09
4.78611 1.4382 0 246.372 2.24849e-09
4.78611 1.4382 0 247.375 2.13124e-09
4.78611 1.4382 0 248.377 2.02014e-09
4.78611 1.4382 0 249.38 1.91488e-09
4.78611 1.4382 0 250.382 1.81514e-09
4.78611 1.4382 0 251.385 1.72063e-09
4.78611 1.4382 0 252.387 1.63107e-09
4.78611 1.4382 0 253.39 1.54621e-09
4.78611 1.4382 0 254.392 1.4658e-09
4.78611 1.4382 0 255.395 1.38959e-09
4.78611 1.4382 0 256.397 1.31737e-09
4.78611 1.4382 0 257.4 1.24893e-09
4.78611 1.4382 0 258.402 1.18407e-09
4.78611 1.4382 0 259.405 1.12259e-09
4.78611 1.4382 0 260.407 1.06433e-09
4.78611 1.4382 0 261.409 1.00911e-09
4.78611 1.4382 0 262.412 9.56774e-10
4.78611 1.4382 0 263.414 9.07168e-10
4.78611 1.4382 0 264.417 8.60149e-10
4.78611 1.4382 0 265.419 8.15582e-10
4.78611 1.4382 0 266.422 7.73337e-10
4.78611 1.4382 0 267.424 7.33293e-10
4.78611 1.4382 0 268.427 6.95335e-10
4.78611 1.4382 0 269.429 6.59352e-10
4.78611 1.4382 0 270.432 6.25242e-10
4.78611 1.4382 0 271.434 5.92906e-10
4.78611 1.4382 0 272.437 5.62251e-10
4.78611 1.4382 0 273.439 5.3319e-10
4.78611 1.4382 0 274.442 5.05639e-10
4.78611 1.4382 0 275.444 4.7952e-10
4.78611 1.4382 0 276.447 4.54756e-10
4.78611 1.4382 0 277.449 4.31278e-10
4.78611 1.4382 0 278.452 4.09019e-10
4.78611 1.4382 0 279.454 3.87914e-10
4.78611 1.4382 0 280.457 3.67903e-10
4.78611 1.4382 0 281.459 3.4893e-10
4.78611 1.4382 0 282.462 3.3094e-10
4.78611 1.4382 0 283.464 3.13882e-10
4.78611 1.4382 0 284.467 2.97708e-10
4.78611 1.4382 0 285.469 2.82371e-10
4.78611 1.4382 0 286.472 2.67828e-10
4.78611 1.4382 0 287.474 2.54037e-10
4.78611 1.4382 0 288.476 2.4096e-10
4.78611 1.4382 0 289.479 2.28559e-10
4.78611 1.4382 0 290.481 2.16799e-10
4.78611 1.4382 0 291.484 2.05647e-10
4.78611 1.4382 0 292.486 1.95071e-10
4.78611 1.4382 0 293.489 1.85042e-10
4.78611 1.4382 0 294.491 1.7553e-10
4.78611 1.4382 0 295.494 1.66509e-10
4.78611 1.4382 0 296.496 1.57954e-10
4.78611 1.4382 0 297.499 1.49841e-10
4.78611 1.4382 0 298.501 1.42146e-10
4.78611 1.4382 0 299.504 1.34847e-10
4.78611 1.4382 0 300.506 1.27925e-10
4.78611 1.4382 0 301.509 1.2136e-10
4.78611 1.4382 0 302.511 1.15133e-10
4.78611 1.4382 0 303.514 1.09227e-10
4.78611 1.4382 0 304.516 1.03625e-10
4.78611 1.4382 0 305.519 9.83112e-11
4.78611 1.4382 0 306.521 9.32711e-11
4.78611 1.4382 0 307.524 8.84904e-11
4.78611 1.4382 0 308.526 8.39557e-11
4.78611 1.4382 0 309.529 7.96543e-11
4.78611 1.4382 0 310.531 7.55741e-11
4.78611 1.4382 0 311.534 7.17036e-11
4.78611 1.4382 0 312.536 6.80321e-11
4.78611 1.4382 0 313.538 6.45493e-11
4.78611 1.4382 0 314.541 6.12454e-11
4.78611 1.4382 0 315.543 5.81112e-11
4.78611 1.4382 0 316.546 5.5138e-11
4.78611 1.4382 0 317.548 5.23175e-11
4.78611 1.4382 0 318.551 4.96417e-11
4.78611 1.4382 0 319.553 4.71033e-11
4.78611 1.4382 0 320.556 4.46951e-11
4.78611 1.4382 0 321.558 4.24104e-11
4.78611 1.4382 0 322.561 4.02429e-11
4.78611 1.4382 0 323.563 3.81866e-11
4.78611 1.4382 0 324.566 3.62357e-11
4.78611 1.4382 0 325.568 3.43848e-11
4.78611 1.4382 0 326.571 3.26287e-11
4.78611 1.4382 0 327.573 3.09626e-11
4.78611 1.4382 0 328.576 2.93819e-11
4.78611 1.4382 0 329.578 2.78821e-11
4.78611 1.4382 0 330.581 2.64591e-11
4.78611 1.4382 0 331.583 2.5109e-11
4.78611 1.4382 0 332.586 2.38279e-11
4.78611 1.4382 0 333.588 2.26124e-11
4.78611 1.4382 0 334.591 2.14592e-11
4.78611 1.4382 0 335.593 2.03649e-11
4.78611 1.4382 0 336.596 1.93265e-11
4.78611 1.4382 0 337.598 1.83413e-11
4.78611 1.4382 0 338.601 1.74065e-11
4.78611 1.4382 0 339.603 1.65194e-11
4.78611 1.4382 0 340.605 1.56777e-11
4.78611 1.4382 0 341.608 1.4879e-11
4.78611 1.4382 0 342.61 1.41211e-11
4.78611 1.4382 0 343.613 1.34019e-11
4.78611 1.4382 0 344.615 1.27194e-11
4.78611 1.4382 0 345.618 1.20718e-11
4.78611 1.4382 0 346.62 1.14572e-11
4.78611 1.4382 0 347.623 1.08741e-11
4.78611 1.4382 0 348.625 1.03206e-11
4.78611 1.4382 0 349.628 9.79547e-12
4.78611 1.4382 0 350.63 9.2971e-12
4.78611 1.4382 0 351.633 8.82414e-12
4.78611 1.4382 0 352.635 8.37531e-12
4.78611 1.4382 0 353.638 7.94937e-12
4.78611 1.4382 0 354.64 7.54514e-12
4.78611 1.4382 0 355.643 7.16153e-12
4.78611 1.4382 0 356.645 6.79746e-12
4.78611 1.4382 0 357.648 6.45195e-12
4.78611 1.4382 0 358.65 6.12405e-12
4.78611 1.4382 0 359.653 5.81285e-12
4.78611 1.4382 0 360.655 5.51751e-12
4.78611 1.4382 0 361.658 5.23721e-12
4.78611 1.4382 0 362.66 4.97118e-12
4.78611 1.4382 0 363.663 4.7187e-12
4.78611 1.4382 0 364.665 4.47907e-12
4.78611 1.4382 0 365.668 4.25164e-12
4.78611 1.4382 0 366.67 4.03579e-12
4.78611 1.4382 0 367.672 3.83092e-12
4.78611 1.4382 0 368.675 3.63647e-12
4.78611 1.4382 0 369.677 3.45192e-12
4.78611 1.4382 0 370.68 3.27675e-12
4.78611 1.4382 0 371.682 3.11049e-12
4.78611 1.4382 0 372.685 2.95269e-12
4.78611 1.4382 0 373.687 2.80291e-12
4.78611 1.4382 0 374.69 2.66074e-12
4.78611 1.4382 0 375.692 2.52581e-12
4.78611 1.4382 0 376.695 2.39773e-12
4.78611 1.4382 0 377.697 2.27615e-12
4.78611 1.4382 0 378.7 2.16076e-12
4.78611 1.4382 0 379.702 2.05123e-12
4.78611 1.4382 0 380.705 1.94726e-12
4.78611 1.4382 0 381.707 1.84858e-12
4.78611 1.4382 0 382.71 1.7549e-12
4.78611 1.4382 0 383.712 1.66598e-12
4.78611 1.4382 0 384.715 1.58158e-12
4.78611 1.4382 0 385.717 1.50146e-12
4.78611 1.4382 0 386.72 1.42541e-12
4.78611 1.4382 0 387.722 1.35322e-12
4.78611 1.4382 0 388.725 1.28469e-12
4.78611 1.4382 0 389.727 1.21964e-12
4.78611 1.4382 0 390.73 1.15789e-12
4.78611 1.4382 0 391.732 1.09927e-12
4.78611 1.4382 0 392.735 1.04362e-12
4.78611 1.4382 0 393.737 9.90802e-13
4.78611 1.4382 0 394.739 9.40658e-13
4.78611 1.4382 0 395.742 8.93057e-13
4.78611 1.4382 0 396.744 8.47869e-13
4.78611 1.4382 0 397.747 8.04971e-13
4.78611 1.4382 0 398.749 7.64249e-13
4.78611 1.4382 0 399.752 7.2559e-13
4.78611 1.4382 0 400.754 6.8889e-13
4.78611 1.4382 0 401.757 6.5405e-13
4.78611 1.4382 0 402.759 6.20975e-13
4.78611 1.4382 0 403.762 5.89576e-13
4.78611 1.4382 0 404.764 5.59767e-13
4.78611 1.4382 0 405.767 5.31468e-13
4.78611 1.4382 0 406.769 5.04602e-13
4.78611 1.4382 0 407.772 4.79097e-13
4.78611 1.4382 0 408.774 4.54883e-13
4.78611 1.4382 0 409.777 4.31895e-13
4.78611 1.4382 0 410.779 4.1007e-13
4.78611 1.4382 0 411.782 3.89351e-13
4.78611 1.4382 0 412.784 3.6968e-13
4.78611 1.4382 0 413.787 3.51004e-13
4.78611 1.4382 0 414.789 3.33274e-13
4.78611 1.4382 0 415.792 3.16441e-13
4.78611 1.4382 0 416.794 3.00459e-13
4.78611 1.4382 0 417.797 2.85286e-13
4.78611 1.4382 0 418.799 2.7088e-13
4.78611 1.4382 0 419.802 2.57203e-13
4.78611 1.4382 0 420.804 2.44217e-13
4.78611 1.4382 0 421.806 2.31889e-13
4.78611 1.4382 0 422.809 2.20183e-13
4.78611 1.4382 0 423.811 2.0907e-13
4.78611 1.4382 0 424.814 1.98518e-13
4.78611 1.4382 0 425.816 1.88499e-13
4.78611 1.4382 0 426.819 1.78987e-13
4.78611 1.4382 0 427.821 1.69956e-13
4.78611 1.4382 0 428.824 1.61381e-13
4.78611 1.4382 0 429.826 1.5324e-13
4.78611 1.4382 0 430.829 1.45509e-13
4.78611 1.4382 0 431.831 1.3817e-13
4.78611 1.4382 0 432.834 1.31201e-13
4.78611 1.4382 0 433.836 1.24584e-13
4.78611 1.4382 0 434.839 1.18301e-13
4.78611 1.4382 0 435.841 1.12335e-13
4.78611 1.4382 0 436.844 1.06671e-13
4.78611 1.4382 0 437.846 1.01293e-13
4.78611 1.4382 0 438.849 9.61865e-14
4.78611 1.4382 0 439.851 9.13376e-14
4.78611 1.4382 0 440.854 8.67336e-14
4.78611 1.4382 0 441.856 8.2362e-14
4.78611 1.4382 0 442.859 7.8211e-14
4.78611 1.4382 0 443.861 7.42695e-14
4.78611 1.4382 0 444.864 7.05269e-14
4.78611 1.4382 0 445.866 6.69731e-14
4.78611 1.4382 0 446.868 6.35987e-14
4.78611 1.4382 0 447.871 6.03945e-14
4.78611 1.4382 0 448.873 5.7352e-14
4.78611 1.4382 0 449.876 5.4463e-14
4.78611 1.4382 0 450.878 5.17196e-14
4.78611 1.4382 0 451.881 4.91147e-14
4.78611 1.4382 0 452.883 4.66411e-14
4.78611 1.4382 0 453.886 4.42922e-14
4.78611 1.4382 0 454.888 4.20618e-14
4.78611 1.4382 0 455.891 3.99439e-14
4.78611 1.4382 0 456.893 3.79327e-14
4.78611 1.4382 0 457.896 3.6023e-14
4.78611 1.4382 0 458.898 3.42095e-14
4.78611 1.4382 0 459.901 3.24874e-14
4.78611 1.4382 0 460.903 3.08521e-14
4.78611 1.4382 0 461.906 2.92992e-14
4.78611 1.4382 0 462.908 2.78246e-14
4.78611 1.4382 0 463.911 2.64243e-14
4.78611 1.4382 0 464.913 2.50945e-14
4.78611 1.4382 0 465.916 2.38318e-14
4.78611 1.4382 0 466.918 2.26326e-14
4.78611 1.4382 0 467.921 2.14939e-14
4.78611 1.4382 0 468.923 2.04125e-14
4.78611 1.4382 0 469.926 1.93856e-14
4.78611 1.4382 0 470.928 1.84104e-14
4.78611 1.4382 0 471.931 1.74844e-14
4.78611 1.4382 0 472.933 1.66049e-14
4.78611 1.4382 0 473.935 1.57698e-14
4.78611 1.4382 0 474.938 1.49767e-14
4.78611 1.4382 0 475.94 1.42235e-14
4.78611 1.4382 0 476.943 1.35083e-14
4.78611 1.4382 0 477.945 1.28291e-14
4.78611 1.4382 0 478.948 1.2184e-14
4.78611 1.4382 0 479.95 1.15714e-14
4.78611 1.4382 0 480.953 1.09897e-14
4.78611 1.4382 0 481.955 1.04372e-14
4.78611 1.4382 0 482.958 9.91258e-15
4.78611 1.4382 0 483.96 9.41432e-15
4.78611 1.4382 0 484.963 8.94114e-15
4.78611 1.4382 0 485.965 8.49176e-15
4.78611 1.4382 0 486.968 8.06499e-15
4.78611 1.4382 0 487.97 7.65969e-15
4.78611 1.4382 0 488.973 7.27479e-15
4.78611 1.4382 0 489.975 6.90924e-15
4.78611 1.4382 0 490.978 6.56208e-15
4.78611 1.4382 0 491.98 6.23239e-15
4.78611 1.4382 0 492.983 5.91927e-15
4.78611 1.4382 0 493.985 5.6219e-15
4.78611 1.4382 0 494.988 5.33949e-15
4.78611 1.4382 0 495.99 5.07128e-15
4.78611 1.4382 0 496.993 4.81655e-15
4.78611 1.4382 0 497.995 4.57463e-15
4.78611 1.4382 0 498.998 4.34488e-15
4.78611 1.4382 0 500 4.12667e-15

