4.50877 1.4382 0 150.015 9.12173e-06
4.50877 1.4382 0 151.017 1.49149e-05
4.50877 1.4382 0 152.02 1.33999e-05
4.50877 1.4382 0 153.022 1.1643e-05
4.50877 1.4382 0 154.025 1.02612e-05
4.50877 1.4382 0 155.027 9.15072e-06
4.50877 1.4382 0 156.03 8.22995e-06
4.50877 1.4382 0 157.032 7.44928e-06
4.50877 1.4382 0 158.035 6.77663e-06
4.50877 1.4382 0 159.037 6.18995e-06
4.50877 1.4382 0 160.04 5.6733e-06
4.50877 1.4382 0 161.042 5.21479e-06
4.50877 1.4382 0 162.045 4.80524e-06
4.50877 1.4382 0 163.047 4.43742e-06
4.50877 1.4382 0 164.05 4.10556e-06
4.50877 1.4382 0 165.052 3.80493e-06
4.50877 1.4382 0 166.054 3.53164e-06
4.50877 1.4382 0 167.057 3.28243e-06
4.50877 1.4382 0 168.059 3.05456e-06
4.50877 1.4382 0 169.062 2.84568e-06
4.50877 1.4382 0 170.064 2.65379e-06
4.50877 1.4382 0 171.067 2.47716e-06
4.50877 1.4382 0 172.069 2.31427e-06
4.50877 1.4382 0 173.072 2.16382e-06
4.50877 1.4382 0 174.074 2.02465e-06
4.50877 1.4382 0 175.077 1.89572e-06
4.50877 1.4382 0 176.079 1.77614e-06
4.50877 1.4382 0 177.082 1.66509e-06
4.50877 1.4382 0 178.084 1.56186e-06
4.50877 1.4382 0 179.087 1.46579e-06
4.50877 1.4382 0 180.089 1.37631e-06
4.50877 1.4382 0 181.092 1.29289e-06
4.50877 1.4382 0 182.094 1.21506e-06
4.50877 1.4382 0 183.096 1.14238e-06
4.50877 1.4382 0 184.099 1.07448e-06
4.50877 1.4382 0 185.101 1.01098e-06
4.50877 1.4382 0 186.104 9.51568e-07
4.50877 1.4382 0 187.106 8.95947e-07
4.50877 1.4382 0 188.109 8.43845e-07
4.50877 1.4382 0 189.111 7.95014e-07
4.50877 1.4382 0 190.114 7.49224e-07
4.50877 1.4382 0 191.116 7.06266e-07
4.50877 1.4382 0 192.119 6.65946e-07
4.50877 1.4382 0 193.121 6.28086e-07
4.50877 1.4382 0 194.124 5.92522e-07
4.50877 1.4382 0 195.126 5.591e-07
4.50877 1.4382 0 196.129 5.2768e-07
4.50877 1.4382 0 197.131 4.98131e-07
4.50877 1.4382 0 198.133 4.70334e-07
4.50877 1.4382 0 199.136 4.44175e-07
4.50877 1.4382 0 200.138 4.1955e-07
4.50877 1.4382 0 201.141 3.96362e-07
4.50877 1.4382 0 202.143 3.74521e-07
4.50877 1.4382 0 203.146 3.53944e-07
4.50877 1.4382 0 204.148 3.34552e-07
4.50877 1.4382 0 205.151 3.16272e-07
4.50877 1.4382 0 206.153 2.99036e-07
4.50877 1.4382 0 207.156 2.82781e-07
4.50877 1.4382 0 208.158 2.67448e-07
4.50877 1.4382 0 209.161 2.52981e-07
4.50877 1.4382 0 210.163 2.39328e-07
4.50877 1.4382 0 211.166 2.26442e-07
4.50877 1.4382 0 212.168 2.14276e-07
4.50877 1.4382 0 213.171 2.02788e-07
4.50877 1.4382 0 214.173 1.91939e-07
4.50877 1.4382 0 215.175 1.8169e-07
4.50877 1.4382 0 216.178 1.72008e-07
4.50877 1.4382 0 217.18 1.6286e-07
4.50877 1.4382 0 218.183 1.54214e-07
4.50877 1.4382 0 219.185 1.46042e-07
4.50877 1.4382 0 220.188 1.38317e-07
4.50877 1.4382 0 221.19 1.31013e-07
4.50877 1.4382 0 222.193 1.24106e-07
4.50877 1.4382 0 223.195 1.17574e-07
4.50877 1.4382 0 224.198 1.11395e-07
4.50877 1.4382 0 225.2 1.05551e-07
4.50877 1.4382 0 226.203 1.00021e-07
4.50877 1.4382 0 227.205 9.47894e-08
4.50877 1.4382 0 228.208 8.98382e-08
4.50877 1.4382 0 229.21 8.51523e-08
4.50877 1.4382 0 230.212 8.07169e-08
4.50877 1.4382 0 231.215 7.65182e-08
4.50877 1.4382 0 232.217 7.25433e-08
4.50877 1.4382 0 233.22 6.87796e-08
4.50877 1.4382 0 234.222 6.52158e-08
4.50877 1.4382 0 235.225 6.18408e-08
4.50877 1.4382 0 236.227 5.86443e-08
4.50877 1.4382 0 237.23 5.56166e-08
4.50877 1.4382 0 238.232 5.27486e-08
4.50877 1.4382 0 239.235 5.00316e-08
4.50877 1.4382 0 240.237 4.74573e-08
4.50877 1.4382 0 241.24 4.50182e-08
4.50877 1.4382 0 242.242 4.2707e-08
4.50877 1.4382 0 243.245 4.05167e-08
4.50877 1.4382 0 244.247 3.84408e-08
4.50877 1.4382 0 245.25 3.64733e-08
4.50877 1.4382 0 246.252 3.46083e-08
4.50877 1.4382 0 247.254 3.28404e-08
4.50877 1.4382 0 248.257 3.11644e-08
4.50877 1.4382 0 249.259 2.95755e-08
4.50877 1.4382 0 250.262 2.80689e-08
4.50877 1.4382 0 251.264 2.66403e-08
4.50877 1.4382 0 252.267 2.52857e-08
4.50877 1.4382 0 253.269 2.4001e-08
4.50877 1.4382 0 254.272 2.27827e-08
4.50877 1.4382 0 255.274 2.16271e-08
4.50877 1.4382 0 256.277 2.05311e-08
4.50877 1.4382 0 257.279 1.94914e-08
4.50877 1.4382 0 258.282 1.85052e-08
4.50877 1.4382 0 259.284 1.75696e-08
4.50877 1.4382 0 260.287 1.6682e-08
4.50877 1.4382 0 261.289 1.58399e-08
4.50877 1.4382 0 262.291 1.50409e-08
4.50877 1.4382 0 263.294 1.42827e-08
4.50877 1.4382 0 264.296 1.35632e-08
4.50877 1.4382 0 265.299 1.28805e-08
4.50877 1.4382 0 266.301 1.22326e-08
4.50877 1.4382 0 267.304 1.16177e-08
4.50877 1.4382 0 268.306 1.10341e-08
4.50877 1.4382 0 269.309 1.04802e-08
4.50877 1.4382 0 270.311 9.95443e-09
4.50877 1.4382 0 271.314 9.45536e-09
4.50877 1.4382 0 272.316 8.9816e-09
4.50877 1.4382 0 273.319 8.53187e-09
4.50877 1.4382 0 274.321 8.10491e-09
4.50877 1.4382 0 275.324 7.69956e-09
4.50877 1.4382 0 276.326 7.31471e-09
4.50877 1.4382 0 277.329 6.94932e-09
4.50877 1.4382 0 278.331 6.60237e-09
4.50877 1.4382 0 279.333 6.27293e-09
4.50877 1.4382 0 280.336 5.96011e-09
4.50877 1.4382 0 281.338 5.66304e-09
4.50877 1.4382 0 282.341 5.38094e-09
4.50877 1.4382 0 283.343 5.11303e-09
4.50877 1.4382 0 284.346 4.8586e-09
4.50877 1.4382 0 285.348 4.61695e-09
4.50877 1.4382 0 286.351 4.38744e-09
4.50877 1.4382 0 287.353 4.16945e-09
4.50877 1.4382 0 288.356 3.96239e-09
4.50877 1.4382 0 289.358 3.76571e-09
4.50877 1.4382 0 290.361 3.57888e-09
4.50877 1.4382 0 291.363 3.40141e-09
4.50877 1.4382 0 292.366 3.23282e-09
4.50877 1.4382 0 293.368 3.07266e-09
4.50877 1.4382 0 294.37 2.9205e-09
4.50877 1.4382 0 295.373 2.77594e-09
4.50877 1.4382 0 296.375 2.6386e-09
4.50877 1.4382 0 297.378 2.50812e-09
4.50877 1.4382 0 298.38 2.38413e-09
4.50877 1.4382 0 299.383 2.26633e-09
4.50877 1.4382 0 300.385 2.1544e-09
4.50877 1.4382 0 301.388 2.04804e-09
4.50877 1.4382 0 302.39 1.94697e-09
4.50877 1.4382 0 303.393 1.85093e-09
4.50877 1.4382 0 304.395 1.75966e-09
4.50877 1.4382 0 305.398 1.67293e-09
4.50877 1.4382 0 306.4 1.59051e-09
4.50877 1.4382 0 307.403 1.51217e-09
4.50877 1.4382 0 308.405 1.43773e-09
4.50877 1.4382 0 309.408 1.36697e-09
4.50877 1.4382 0 310.41 1.29973e-09
4.50877 1.4382 0 311.412 1.23581e-09
4.50877 1.4382 0 312.415 1.17506e-09
4.50877 1.4382 0 313.417 1.11732e-09
4.50877 1.4382 0 314.42 1.06243e-09
4.50877 1.4382 0 315.422 1.01026e-09
4.50877 1.4382 0 316.425 9.60669e-10
4.50877 1.4382 0 317.427 9.13527e-10
4.50877 1.4382 0 318.43 8.68714e-10
4.50877 1.4382 0 319.432 8.26114e-10
4.50877 1.4382 0 320.435 7.85616e-10
4.50877 1.4382 0 321.437 7.47117e-10
4.50877 1.4382 0 322.44 7.10516e-10
4.50877 1.4382 0 323.442 6.75719e-10
4.50877 1.4382 0 324.445 6.42637e-10
4.50877 1.4382 0 325.447 6.11184e-10
4.50877 1.4382 0 326.449 5.8128e-10
4.50877 1.4382 0 327.452 5.52848e-10
4.50877 1.4382 0 328.454 5.25815e-10
4.50877 1.4382 0 329.457 5.00112e-10
4.50877 1.4382 0 330.459 4.75672e-10
4.50877 1.4382 0 331.462 4.52433e-10
4.50877 1.4382 0 332.464 4.30337e-10
4.50877 1.4382 0 333.467 4.09325e-10
4.50877 1.4382 0 334.469 3.89345e-10
4.50877 1.4382 0 335.472 3.70346e-10
4.50877 1.4382 0 336.474 3.52279e-10
4.50877 1.4382 0 337.477 3.35098e-10
4.50877 1.4382 0 338.479 3.18759e-10
4.50877 1.4382 0 339.482 3.03222e-10
4.50877 1.4382 0 340.484 2.88445e-10
4.50877 1.4382 0 341.487 2.74393e-10
4.50877 1.4382 0 342.489 2.61028e-10
4.50877 1.4382 0 343.491 2.48318e-10
4.50877 1.4382 0 344.494 2.3623e-10
4.50877 1.4382 0 345.496 2.24733e-10
4.50877 1.4382 0 346.499 2.13798e-10
4.50877 1.4382 0 347.501 2.03398e-10
4.50877 1.4382 0 348.504 1.93507e-10
4.50877 1.4382 0 349.506 1.84099e-10
4.50877 1.4382 0 350.509 1.7515e-10
4.50877 1.4382 0 351.511 1.66638e-10
4.50877 1.4382 0 352.514 1.58542e-10
4.50877 1.4382 0 353.516 1.50841e-10
4.50877 1.4382 0 354.519 1.43516e-10
4.50877 1.4382 0 355.521 1.36548e-10
4.50877 1.4382 0 356.524 1.2992e-10
4.50877 1.4382 0 357.526 1.23615e-10
4.50877 1.4382 0 358.528 1.17618e-10
4.50877 1.4382 0 359.531 1.11913e-10
4.50877 1.4382 0 360.533 1.06485e-10
4.50877 1.4382 0 361.536 1.01322e-10
4.50877 1.4382 0 362.538 9.64105e-11
4.50877 1.4382 0 363.541 9.17379e-11
4.50877 1.4382 0 364.543 8.72928e-11
4.50877 1.4382 0 365.546 8.30639e-11
4.50877 1.4382 0 366.548 7.90408e-11
4.50877 1.4382 0 367.551 7.52132e-11
4.50877 1.4382 0 368.553 7.15718e-11
4.50877 1.4382 0 369.556 6.81074e-11
4.50877 1.4382 0 370.558 6.48113e-11
4.50877 1.4382 0 371.561 6.16754e-11
4.50877 1.4382 0 372.563 5.86917e-11
4.50877 1.4382 0 373.566 5.5853e-11
4.50877 1.4382 0 374.568 5.31521e-11
4.50877 1.4382 0 375.57 5.05823e-11
4.50877 1.4382 0 376.573 4.81372e-11
4.50877 1.4382 0 377.575 4.58107e-11
4.50877 1.4382 0 378.578 4.35971e-11
4.50877 1.4382 0 379.58 4.14909e-11
4.50877 1.4382 0 380.583 3.94867e-11
4.50877 1.4382 0 381.585 3.75797e-11
4.50877 1.4382 0 382.588 3.57652e-11
4.50877 1.4382 0 383.59 3.40385e-11
4.50877 1.4382 0 384.593 3.23955e-11
4.50877 1.4382 0 385.595 3.08321e-11
4.50877 1.4382 0 386.598 2.93444e-11
4.50877 1.4382 0 387.6 2.79287e-11
4.50877 1.4382 0 388.603 2.65816e-11
4.50877 1.4382 0 389.605 2.52997e-11
4.50877 1.4382 0 390.607 2.40797e-11
4.50877 1.4382 0 391.61 2.29188e-11
4.50877 1.4382 0 392.612 2.18141e-11
4.50877 1.4382 0 393.615 2.07627e-11
4.50877 1.4382 0 394.617 1.97622e-11
4.50877 1.4382 0 395.62 1.88101e-11
4.50877 1.4382 0 396.622 1.7904e-11
4.50877 1.4382 0 397.625 1.70417e-11
4.50877 1.4382 0 398.627 1.6221e-11
4.50877 1.4382 0 399.63 1.544e-11
4.50877 1.4382 0 400.632 1.46967e-11
4.50877 1.4382 0 401.635 1.39892e-11
4.50877 1.4382 0 402.637 1.3316e-11
4.50877 1.4382 0 403.64 1.26752e-11
4.50877 1.4382 0 404.642 1.20654e-11
4.50877 1.4382 0 405.645 1.1485e-11
4.50877 1.4382 0 406.647 1.09326e-11
4.50877 1.4382 0 407.649 1.04068e-11
4.50877 1.4382 0 408.652 9.9064e-12
4.50877 1.4382 0 409.654 9.43012e-12
4.50877 1.4382 0 410.657 8.97681e-12
4.50877 1.4382 0 411.659 8.54535e-12
4.50877 1.4382 0 412.662 8.13468e-12
4.50877 1.4382 0 413.664 7.74381e-12
4.50877 1.4382 0 414.667 7.37176e-12
4.50877 1.4382 0 415.669 7.01764e-12
4.50877 1.4382 0 416.672 6.68058e-12
4.50877 1.4382 0 417.674 6.35975e-12
4.50877 1.4382 0 418.677 6.05437e-12
4.50877 1.4382 0 419.679 5.76369e-12
4.50877 1.4382 0 420.682 5.487e-12
4.50877 1.4382 0 421.684 5.22363e-12
4.50877 1.4382 0 422.686 4.97293e-12
4.50877 1.4382 0 423.689 4.7343e-12
4.50877 1.4382 0 424.691 4.50715e-12
4.50877 1.4382 0 425.694 4.29092e-12
4.50877 1.4382 0 426.696 4.08509e-12
4.50877 1.4382 0 427.699 3.88916e-12
4.50877 1.4382 0 428.701 3.70265e-12
4.50877 1.4382 0 429.704 3.5251e-12
4.50877 1.4382 0 430.706 3.35609e-12
4.50877 1.4382 0 431.709 3.19521e-12
4.50877 1.4382 0 432.711 3.04205e-12
4.50877 1.4382 0 433.714 2.89625e-12
4.50877 1.4382 0 434.716 2.75746e-12
4.50877 1.4382 0 435.719 2.62533e-12
4.50877 1.4382 0 436.721 2.49955e-12
4.50877 1.4382 0 437.724 2.37981e-12
4.50877 1.4382 0 438.726 2.26582e-12
4.50877 1.4382 0 439.728 2.1573e-12
4.50877 1.4382 0 440.731 2.05399e-12
4.50877 1.4382 0 441.733 1.95564e-12
4.50877 1.4382 0 442.736 1.862e-12
4.50877 1.4382 0 443.738 1.77286e-12
4.50877 1.4382 0 444.741 1.688e-12
4.50877 1.4382 0 445.743 1.60721e-12
4.50877 1.4382 0 446.746 1.53029e-12
4.50877 1.4382 0 447.748 1.45707e-12
4.50877 1.4382 0 448.751 1.38735e-12
4.50877 1.4382 0 449.753 1.32098e-12
4.50877 1.4382 0 450.756 1.25779e-12
4.50877 1.4382 0 451.758 1.19762e-12
4.50877 1.4382 0 452.761 1.14034e-12
4.50877 1.4382 0 453.763 1.08581e-12
4.50877 1.4382 0 454.765 1.03389e-12
4.50877 1.4382 0 455.768 9.84458e-13
4.50877 1.4382 0 456.77 9.37394e-13
4.50877 1.4382 0 457.773 8.92584e-13
4.50877 1.4382 0 458.775 8.49921e-13
4.50877 1.4382 0 459.778 8.093e-13
4.50877 1.4382 0 460.78 7.70625e-13
4.50877 1.4382 0 461.783 7.33802e-13
4.50877 1.4382 0 462.785 6.98741e-13
4.50877 1.4382 0 463.788 6.65359e-13
4.50877 1.4382 0 464.79 6.33575e-13
4.50877 1.4382 0 465.793 6.03312e-13
4.50877 1.4382 0 466.795 5.74497e-13
4.50877 1.4382 0 467.798 5.47061e-13
4.50877 1.4382 0 468.8 5.20938e-13
4.50877 1.4382 0 469.803 4.96064e-13
4.50877 1.4382 0 470.805 4.72381e-13
4.50877 1.4382 0 471.807 4.4983e-13
4.50877 1.4382 0 472.81 4.28357e-13
4.50877 1.4382 0 473.812 4.07911e-13
4.50877 1.4382 0 474.815 3.88443e-13
4.50877 1.4382 0 475.817 3.69906e-13
4.50877 1.4382 0 476.82 3.52255e-13
4.50877 1.4382 0 477.822 3.35448e-13
4.50877 1.4382 0 478.825 3.19444e-13
4.50877 1.4382 0 479.827 3.04204e-13
4.50877 1.4382 0 480.83 2.89693e-13
4.50877 1.4382 0 481.832 2.75876e-13
4.50877 1.4382 0 482.835 2.62718e-13
4.50877 1.4382 0 483.837 2.5019e-13
4.50877 1.4382 0 484.84 2.38259e-13
4.50877 1.4382 0 485.842 2.26899e-13
4.50877 1.4382 0 486.844 2.16081e-13
4.50877 1.4382 0 487.847 2.05779e-13
4.50877 1.4382 0 488.849 1.9597e-13
4.50877 1.4382 0 489.852 1.86629e-13
4.50877 1.4382 0 490.854 1.77734e-13
4.50877 1.4382 0 491.857 1.69263e-13
4.50877 1.4382 0 492.859 1.61197e-13
4.50877 1.4382 0 493.862 1.53516e-13
4.50877 1.4382 0 494.864 1.46202e-13
4.50877 1.4382 0 495.867 1.39236e-13
4.50877 1.4382 0 496.869 1.32603e-13
4.50877 1.4382 0 497.872 1.26286e-13
4.50877 1.4382 0 498.874 1.20271e-13
4.50877 1.4382 0 499.877 1.14543e-13
4.50877 1.4382 0 500.879 1.09087e-13
4.50877 1.4382 0 501.882 1.03893e-13
4.50877 1.4382 0 502.884 9.89454e-14
4.50877 1.4382 0 503.886 9.42342e-14
4.50877 1.4382 0 504.889 8.97476e-14
4.50877 1.4382 0 505.891 8.54749e-14
4.50877 1.4382 0 506.894 8.14059e-14
4.50877 1.4382 0 507.896 7.7531e-14
4.50877 1.4382 0 508.899 7.38407e-14
4.50877 1.4382 0 509.901 7.03263e-14
4.50877 1.4382 0 510.904 6.69795e-14
4.50877 1.4382 0 511.906 6.37921e-14
4.50877 1.4382 0 512.909 6.07566e-14
4.50877 1.4382 0 513.911 5.78658e-14
4.50877 1.4382 0 514.914 5.51127e-14
4.50877 1.4382 0 515.916 5.24908e-14
4.50877 1.4382 0 516.919 4.99937e-14
4.50877 1.4382 0 517.921 4.76156e-14
4.50877 1.4382 0 518.923 4.53508e-14
4.50877 1.4382 0 519.926 4.31939e-14
4.50877 1.4382 0 520.928 4.11397e-14
4.50877 1.4382 0 521.931 3.91833e-14
4.50877 1.4382 0 522.933 3.732e-14
4.50877 1.4382 0 523.936 3.55455e-14
4.50877 1.4382 0 524.938 3.38555e-14
4.50877 1.4382 0 525.941 3.22459e-14
4.50877 1.4382 0 526.943 3.0713e-14
4.50877 1.4382 0 527.946 2.9253e-14
4.50877 1.4382 0 528.948 2.78625e-14
4.50877 1.4382 0 529.951 2.65382e-14
4.50877 1.4382 0 530.953 2.52769e-14
4.50877 1.4382 0 531.956 2.40756e-14
4.50877 1.4382 0 532.958 2.29315e-14
4.50877 1.4382 0 533.961 2.18418e-14
4.50877 1.4382 0 534.963 2.0804e-14
4.50877 1.4382 0 535.965 1.98155e-14
4.50877 1.4382 0 536.968 1.88741e-14
4.50877 1.4382 0 537.97 1.79774e-14
4.50877 1.4382 0 538.973 1.71234e-14
4.50877 1.4382 0 539.975 1.631e-14
4.50877 1.4382 0 540.978 1.55353e-14
4.50877 1.4382 0 541.98 1.47975e-14
4.50877 1.4382 0 542.983 1.40947e-14
4.50877 1.4382 0 543.985 1.34253e-14
4.50877 1.4382 0 544.988 1.27878e-14
4.50877 1.4382 0 545.99 1.21806e-14
4.50877 1.4382 0 546.993 1.16022e-14
4.50877 1.4382 0 547.995 1.10513e-14
4.50877 1.4382 0 548.998 1.05267e-14
4.50877 1.4382 0 550 1.00269e-14

