2.89107 1.4382 0 100.01 1.58404e-05
2.89107 1.4382 0 101.012 2.84659e-05
2.89107 1.4382 0 102.015 2.74337e-05
2.89107 1.4382 0 103.017 2.54774e-05
2.89107 1.4382 0 104.02 2.36666e-05
2.89107 1.4382 0 105.022 2.20179e-05
2.89107 1.4382 0 106.025 2.05116e-05
2.89107 1.4382 0 107.027 1.91315e-05
2.89107 1.4382 0 108.03 1.78642e-05
2.89107 1.4382 0 109.032 1.66984e-05
2.89107 1.4382 0 110.035 1.56242e-05
2.89107 1.4382 0 111.037 1.46331e-05
2.89107 1.4382 0 112.04 1.37173e-05
2.89107 1.4382 0 113.042 1.28703e-05
2.89107 1.4382 0 114.045 1.20858e-05
2.89107 1.4382 0 115.047 1.13585e-05
2.89107 1.4382 0 116.05 1.06834e-05
2.89107 1.4382 0 117.052 1.00563e-05
2.89107 1.4382 0 118.055 9.47299e-06
2.89107 1.4382 0 119.057 8.92999e-06
2.89107 1.4382 0 120.06 8.42402e-06
2.89107 1.4382 0 121.062 7.95211e-06
2.89107 1.4382 0 122.065 7.51159e-06
2.89107 1.4382 0 123.067 7.09999e-06
2.89107 1.4382 0 124.07 6.7151e-06
2.89107 1.4382 0 125.072 6.35487e-06
2.89107 1.4382 0 126.075 6.01746e-06
2.89107 1.4382 0 127.077 5.70116e-06
2.89107 1.4382 0 128.079 5.40443e-06
2.89107 1.4382 0 129.082 5.12584e-06
2.89107 1.4382 0 130.084 4.86409e-06
2.89107 1.4382 0 131.087 4.61799e-06
2.89107 1.4382 0 132.089 4.38643e-06
2.89107 1.4382 0 133.092 4.16842e-06
2.89107 1.4382 0 134.094 3.96302e-06
2.89107 1.4382 0 135.097 3.76937e-06
2.89107 1.4382 0 136.099 3.58669e-06
2.89107 1.4382 0 137.102 3.41426e-06
2.89107 1.4382 0 138.104 3.25139e-06
2.89107 1.4382 0 139.107 3.09747e-06
2.89107 1.4382 0 140.109 2.95192e-06
2.89107 1.4382 0 141.112 2.81422e-06
2.89107 1.4382 0 142.114 2.68387e-06
2.89107 1.4382 0 143.117 2.56041e-06
2.89107 1.4382 0 144.119 2.44343e-06
2.89107 1.4382 0 145.122 2.33252e-06
2.89107 1.4382 0 146.124 2.22732e-06
2.89107 1.4382 0 147.127 2.12749e-06
2.89107 1.4382 0 148.129 2.03272e-06
2.89107 1.4382 0 149.132 1.9427e-06
2.89107 1.4382 0 150.134 1.85717e-06
2.89107 1.4382 0 151.137 1.77586e-06
2.89107 1.4382 0 152.139 1.69854e-06
2.89107 1.4382 0 153.142 1.62499e-06
2.89107 1.4382 0 154.144 1.55499e-06
2.89107 1.4382 0 155.146 1.48834e-06
2.89107 1.4382 0 156.149 1.42487e-06
2.89107 1.4382 0 157.151 1.3644e-06
2.89107 1.4382 0 158.154 1.30677e-06
2.89107 1.4382 0 159.156 1.25183e-06
2.89107 1.4382 0 160.159 1.19943e-06
2.89107 1.4382 0 161.161 1.14945e-06
2.89107 1.4382 0 162.164 1.10176e-06
2.89107 1.4382 0 163.166 1.05624e-06
2.89107 1.4382 0 164.169 1.01278e-06
2.89107 1.4382 0 165.171 9.71269e-07
2.89107 1.4382 0 166.174 9.31617e-07
2.89107 1.4382 0 167.176 8.9373e-07
2.89107 1.4382 0 168.179 8.57519e-07
2.89107 1.4382 0 169.181 8.22901e-07
2.89107 1.4382 0 170.184 7.89799e-07
2.89107 1.4382 0 171.186 7.58138e-07
2.89107 1.4382 0 172.189 7.27851e-07
2.89107 1.4382 0 173.191 6.98869e-07
2.89107 1.4382 0 174.194 6.71132e-07
2.89107 1.4382 0 175.196 6.44581e-07
2.89107 1.4382 0 176.199 6.19159e-07
2.89107 1.4382 0 177.201 5.94815e-07
2.89107 1.4382 0 178.204 5.71497e-07
2.89107 1.4382 0 179.206 5.49159e-07
2.89107 1.4382 0 180.208 5.27755e-07
2.89107 1.4382 0 181.211 5.07243e-07
2.89107 1.4382 0 182.213 4.87582e-07
2.89107 1.4382 0 183.216 4.68734e-07
2.89107 1.4382 0 184.218 4.50662e-07
2.89107 1.4382 0 185.221 4.33332e-07
2.89107 1.4382 0 186.223 4.16711e-07
2.89107 1.4382 0 187.226 4.00766e-07
2.89107 1.4382 0 188.228 3.85469e-07
2.89107 1.4382 0 189.231 3.70791e-07
2.89107 1.4382 0 190.233 3.56706e-07
2.89107 1.4382 0 191.236 3.43186e-07
2.89107 1.4382 0 192.238 3.30208e-07
2.89107 1.4382 0 193.241 3.17749e-07
2.89107 1.4382 0 194.243 3.05786e-07
2.89107 1.4382 0 195.246 2.94298e-07
2.89107 1.4382 0 196.248 2.83264e-07
2.89107 1.4382 0 197.251 2.72667e-07
2.89107 1.4382 0 198.253 2.62486e-07
2.89107 1.4382 0 199.256 2.52705e-07
2.89107 1.4382 0 200.258 2.43307e-07
2.89107 1.4382 0 201.261 2.34277e-07
2.89107 1.4382 0 202.263 2.25597e-07
2.89107 1.4382 0 203.266 2.17255e-07
2.89107 1.4382 0 204.268 2.09237e-07
2.89107 1.4382 0 205.271 2.01528e-07
2.89107 1.4382 0 206.273 1.94116e-07
2.89107 1.4382 0 207.275 1.8699e-07
2.89107 1.4382 0 208.278 1.80137e-07
2.89107 1.4382 0 209.28 1.73546e-07
2.89107 1.4382 0 210.283 1.67207e-07
2.89107 1.4382 0 211.285 1.6111e-07
2.89107 1.4382 0 212.288 1.55245e-07
2.89107 1.4382 0 213.29 1.49602e-07
2.89107 1.4382 0 214.293 1.44173e-07
2.89107 1.4382 0 215.295 1.38949e-07
2.89107 1.4382 0 216.298 1.33922e-07
2.89107 1.4382 0 217.3 1.29084e-07
2.89107 1.4382 0 218.303 1.24428e-07
2.89107 1.4382 0 219.305 1.19947e-07
2.89107 1.4382 0 220.308 1.15633e-07
2.89107 1.4382 0 221.31 1.11481e-07
2.89107 1.4382 0 222.313 1.07483e-07
2.89107 1.4382 0 223.315 1.03634e-07
2.89107 1.4382 0 224.318 9.99275e-08
2.89107 1.4382 0 225.32 9.63588e-08
2.89107 1.4382 0 226.323 9.29221e-08
2.89107 1.4382 0 227.325 8.96124e-08
2.89107 1.4382 0 228.328 8.64248e-08
2.89107 1.4382 0 229.33 8.33546e-08
2.89107 1.4382 0 230.333 8.03972e-08
2.89107 1.4382 0 231.335 7.75483e-08
2.89107 1.4382 0 232.338 7.48038e-08
2.89107 1.4382 0 233.34 7.21597e-08
2.89107 1.4382 0 234.342 6.96122e-08
2.89107 1.4382 0 235.345 6.71576e-08
2.89107 1.4382 0 236.347 6.47923e-08
2.89107 1.4382 0 237.35 6.2513e-08
2.89107 1.4382 0 238.352 6.03165e-08
2.89107 1.4382 0 239.355 5.81996e-08
2.89107 1.4382 0 240.357 5.61593e-08
2.89107 1.4382 0 241.36 5.41927e-08
2.89107 1.4382 0 242.362 5.22971e-08
2.89107 1.4382 0 243.365 5.04698e-08
2.89107 1.4382 0 244.367 4.87083e-08
2.89107 1.4382 0 245.37 4.70101e-08
2.89107 1.4382 0 246.372 4.53729e-08
2.89107 1.4382 0 247.375 4.37943e-08
2.89107 1.4382 0 248.377 4.22722e-08
2.89107 1.4382 0 249.38 4.08046e-08
2.89107 1.4382 0 250.382 3.93893e-08
2.89107 1.4382 0 251.385 3.80245e-08
2.89107 1.4382 0 252.387 3.67083e-08
2.89107 1.4382 0 253.39 3.5439e-08
2.89107 1.4382 0 254.392 3.42147e-08
2.89107 1.4382 0 255.395 3.30338e-08
2.89107 1.4382 0 256.397 3.18948e-08
2.89107 1.4382 0 257.4 3.07962e-08
2.89107 1.4382 0 258.402 2.97363e-08
2.89107 1.4382 0 259.405 2.87139e-08
2.89107 1.4382 0 260.407 2.77275e-08
2.89107 1.4382 0 261.409 2.67759e-08
2.89107 1.4382 0 262.412 2.58578e-08
2.89107 1.4382 0 263.414 2.4972e-08
2.89107 1.4382 0 264.417 2.41172e-08
2.89107 1.4382 0 265.419 2.32925e-08
2.89107 1.4382 0 266.422 2.24966e-08
2.89107 1.4382 0 267.424 2.17286e-08
2.89107 1.4382 0 268.427 2.09874e-08
2.89107 1.4382 0 269.429 2.02721e-08
2.89107 1.4382 0 270.432 1.95818e-08
2.89107 1.4382 0 271.434 1.89155e-08
2.89107 1.4382 0 272.437 1.82725e-08
2.89107 1.4382 0 273.439 1.76518e-08
2.89107 1.4382 0 274.442 1.70526e-08
2.89107 1.4382 0 275.444 1.64743e-08
2.89107 1.4382 0 276.447 1.5916e-08
2.89107 1.4382 0 277.449 1.5377e-08
2.89107 1.4382 0 278.452 1.48567e-08
2.89107 1.4382 0 279.454 1.43544e-08
2.89107 1.4382 0 280.457 1.38695e-08
2.89107 1.4382 0 281.459 1.34013e-08
2.89107 1.4382 0 282.462 1.29492e-08
2.89107 1.4382 0 283.464 1.25127e-08
2.89107 1.4382 0 284.467 1.20912e-08
2.89107 1.4382 0 285.469 1.16842e-08
2.89107 1.4382 0 286.472 1.12912e-08
2.89107 1.4382 0 287.474 1.09117e-08
2.89107 1.4382 0 288.476 1.05452e-08
2.89107 1.4382 0 289.479 1.01913e-08
2.89107 1.4382 0 290.481 9.84943e-09
2.89107 1.4382 0 291.484 9.5193e-09
2.89107 1.4382 0 292.486 9.20045e-09
2.89107 1.4382 0 293.489 8.89249e-09
2.89107 1.4382 0 294.491 8.59503e-09
2.89107 1.4382 0 295.494 8.30772e-09
2.89107 1.4382 0 296.496 8.03019e-09
2.89107 1.4382 0 297.499 7.76211e-09
2.89107 1.4382 0 298.501 7.50314e-09
2.89107 1.4382 0 299.504 7.25298e-09
2.89107 1.4382 0 300.506 7.01131e-09
2.89107 1.4382 0 301.509 6.77783e-09
2.89107 1.4382 0 302.511 6.55228e-09
2.89107 1.4382 0 303.514 6.33436e-09
2.89107 1.4382 0 304.516 6.12382e-09
2.89107 1.4382 0 305.519 5.92041e-09
2.89107 1.4382 0 306.521 5.72387e-09
2.89107 1.4382 0 307.524 5.53396e-09
2.89107 1.4382 0 308.526 5.35047e-09
2.89107 1.4382 0 309.529 5.17316e-09
2.89107 1.4382 0 310.531 5.00183e-09
2.89107 1.4382 0 311.534 4.83627e-09
2.89107 1.4382 0 312.536 4.67628e-09
2.89107 1.4382 0 313.538 4.52167e-09
2.89107 1.4382 0 314.541 4.37225e-09
2.89107 1.4382 0 315.543 4.22786e-09
2.89107 1.4382 0 316.546 4.08831e-09
2.89107 1.4382 0 317.548 3.95344e-09
2.89107 1.4382 0 318.551 3.82309e-09
2.89107 1.4382 0 319.553 3.6971e-09
2.89107 1.4382 0 320.556 3.57534e-09
2.89107 1.4382 0 321.558 3.45764e-09
2.89107 1.4382 0 322.561 3.34388e-09
2.89107 1.4382 0 323.563 3.23392e-09
2.89107 1.4382 0 324.566 3.12763e-09
2.89107 1.4382 0 325.568 3.02489e-09
2.89107 1.4382 0 326.571 2.92557e-09
2.89107 1.4382 0 327.573 2.82956e-09
2.89107 1.4382 0 328.576 2.73675e-09
2.89107 1.4382 0 329.578 2.64702e-09
2.89107 1.4382 0 330.581 2.56028e-09
2.89107 1.4382 0 331.583 2.47643e-09
2.89107 1.4382 0 332.586 2.39536e-09
2.89107 1.4382 0 333.588 2.31698e-09
2.89107 1.4382 0 334.591 2.2412e-09
2.89107 1.4382 0 335.593 2.16793e-09
2.89107 1.4382 0 336.596 2.0971e-09
2.89107 1.4382 0 337.598 2.02861e-09
2.89107 1.4382 0 338.601 1.96238e-09
2.89107 1.4382 0 339.603 1.89835e-09
2.89107 1.4382 0 340.605 1.83643e-09
2.89107 1.4382 0 341.608 1.77656e-09
2.89107 1.4382 0 342.61 1.71867e-09
2.89107 1.4382 0 343.613 1.66269e-09
2.89107 1.4382 0 344.615 1.60856e-09
2.89107 1.4382 0 345.618 1.55621e-09
2.89107 1.4382 0 346.62 1.50559e-09
2.89107 1.4382 0 347.623 1.45663e-09
2.89107 1.4382 0 348.625 1.40929e-09
2.89107 1.4382 0 349.628 1.3635e-09
2.89107 1.4382 0 350.63 1.31922e-09
2.89107 1.4382 0 351.633 1.2764e-09
2.89107 1.4382 0 352.635 1.23498e-09
2.89107 1.4382 0 353.638 1.19492e-09
2.89107 1.4382 0 354.64 1.15618e-09
2.89107 1.4382 0 355.643 1.11871e-09
2.89107 1.4382 0 356.645 1.08246e-09
2.89107 1.4382 0 357.648 1.04741e-09
2.89107 1.4382 0 358.65 1.0135e-09
2.89107 1.4382 0 359.653 9.80707e-10
2.89107 1.4382 0 360.655 9.48984e-10
2.89107 1.4382 0 361.658 9.18299e-10
2.89107 1.4382 0 362.66 8.88618e-10
2.89107 1.4382 0 363.663 8.59906e-10
2.89107 1.4382 0 364.665 8.32132e-10
2.89107 1.4382 0 365.668 8.05266e-10
2.89107 1.4382 0 366.67 7.79276e-10
2.89107 1.4382 0 367.672 7.54134e-10
2.89107 1.4382 0 368.675 7.29812e-10
2.89107 1.4382 0 369.677 7.06283e-10
2.89107 1.4382 0 370.68 6.8352e-10
2.89107 1.4382 0 371.682 6.61498e-10
2.89107 1.4382 0 372.685 6.40194e-10
2.89107 1.4382 0 373.687 6.19583e-10
2.89107 1.4382 0 374.69 5.99642e-10
2.89107 1.4382 0 375.692 5.80349e-10
2.89107 1.4382 0 376.695 5.61683e-10
2.89107 1.4382 0 377.697 5.43624e-10
2.89107 1.4382 0 378.7 5.26151e-10
2.89107 1.4382 0 379.702 5.09245e-10
2.89107 1.4382 0 380.705 4.92888e-10
2.89107 1.4382 0 381.707 4.77061e-10
2.89107 1.4382 0 382.71 4.61748e-10
2.89107 1.4382 0 383.712 4.4693e-10
2.89107 1.4382 0 384.715 4.32593e-10
2.89107 1.4382 0 385.717 4.1872e-10
2.89107 1.4382 0 386.72 4.05296e-10
2.89107 1.4382 0 387.722 3.92306e-10
2.89107 1.4382 0 388.725 3.79736e-10
2.89107 1.4382 0 389.727 3.67573e-10
2.89107 1.4382 0 390.73 3.55803e-10
2.89107 1.4382 0 391.732 3.44413e-10
2.89107 1.4382 0 392.735 3.33391e-10
2.89107 1.4382 0 393.737 3.22725e-10
2.89107 1.4382 0 394.739 3.12403e-10
2.89107 1.4382 0 395.742 3.02415e-10
2.89107 1.4382 0 396.744 2.92748e-10
2.89107 1.4382 0 397.747 2.83393e-10
2.89107 1.4382 0 398.749 2.74339e-10
2.89107 1.4382 0 399.752 2.65577e-10
2.89107 1.4382 0 400.754 2.57098e-10
2.89107 1.4382 0 401.757 2.48891e-10
2.89107 1.4382 0 402.759 2.40948e-10
2.89107 1.4382 0 403.762 2.33261e-10
2.89107 1.4382 0 404.764 2.25822e-10
2.89107 1.4382 0 405.767 2.18621e-10
2.89107 1.4382 0 406.769 2.11652e-10
2.89107 1.4382 0 407.772 2.04907e-10
2.89107 1.4382 0 408.774 1.98378e-10
2.89107 1.4382 0 409.777 1.92059e-10
2.89107 1.4382 0 410.779 1.85943e-10
2.89107 1.4382 0 411.782 1.80023e-10
2.89107 1.4382 0 412.784 1.74293e-10
2.89107 1.4382 0 413.787 1.68747e-10
2.89107 1.4382 0 414.789 1.63379e-10
2.89107 1.4382 0 415.792 1.58182e-10
2.89107 1.4382 0 416.794 1.53153e-10
2.89107 1.4382 0 417.797 1.48284e-10
2.89107 1.4382 0 418.799 1.43571e-10
2.89107 1.4382 0 419.802 1.39009e-10
2.89107 1.4382 0 420.804 1.34593e-10
2.89107 1.4382 0 421.806 1.30319e-10
2.89107 1.4382 0 422.809 1.26181e-10
2.89107 1.4382 0 423.811 1.22175e-10
2.89107 1.4382 0 424.814 1.18298e-10
2.89107 1.4382 0 425.816 1.14544e-10
2.89107 1.4382 0 426.819 1.1091e-10
2.89107 1.4382 0 427.821 1.07393e-10
2.89107 1.4382 0 428.824 1.03987e-10
2.89107 1.4382 0 429.826 1.00691e-10
2.89107 1.4382 0 430.829 9.74994e-11
2.89107 1.4382 0 431.831 9.44098e-11
2.89107 1.4382 0 432.834 9.14188e-11
2.89107 1.4382 0 433.836 8.85231e-11
2.89107 1.4382 0 434.839 8.57198e-11
2.89107 1.4382 0 435.841 8.30058e-11
2.89107 1.4382 0 436.844 8.03783e-11
2.89107 1.4382 0 437.846 7.78345e-11
2.89107 1.4382 0 438.849 7.53717e-11
2.89107 1.4382 0 439.851 7.29873e-11
2.89107 1.4382 0 440.854 7.06788e-11
2.89107 1.4382 0 441.856 6.84438e-11
2.89107 1.4382 0 442.859 6.62798e-11
2.89107 1.4382 0 443.861 6.41848e-11
2.89107 1.4382 0 444.864 6.21563e-11
2.89107 1.4382 0 445.866 6.01923e-11
2.89107 1.4382 0 446.868 5.82908e-11
2.89107 1.4382 0 447.871 5.64497e-11
2.89107 1.4382 0 448.873 5.4667e-11
2.89107 1.4382 0 449.876 5.2941e-11
2.89107 1.4382 0 450.878 5.12698e-11
2.89107 1.4382 0 451.881 4.96517e-11
2.89107 1.4382 0 452.883 4.80849e-11
2.89107 1.4382 0 453.886 4.65679e-11
2.89107 1.4382 0 454.888 4.50989e-11
2.89107 1.4382 0 455.891 4.36766e-11
2.89107 1.4382 0 456.893 4.22994e-11
2.89107 1.4382 0 457.896 4.09658e-11
2.89107 1.4382 0 458.898 3.96745e-11
2.89107 1.4382 0 459.901 3.84242e-11
2.89107 1.4382 0 460.903 3.72134e-11
2.89107 1.4382 0 461.906 3.6041e-11
2.89107 1.4382 0 462.908 3.49057e-11
2.89107 1.4382 0 463.911 3.38064e-11
2.89107 1.4382 0 464.913 3.27419e-11
2.89107 1.4382 0 465.916 3.17111e-11
2.89107 1.4382 0 466.918 3.07129e-11
2.89107 1.4382 0 467.921 2.97463e-11
2.89107 1.4382 0 468.923 2.88102e-11
2.89107 1.4382 0 469.926 2.79038e-11
2.89107 1.4382 0 470.928 2.7026e-11
2.89107 1.4382 0 471.931 2.6176e-11
2.89107 1.4382 0 472.933 2.53528e-11
2.89107 1.4382 0 473.935 2.45557e-11
2.89107 1.4382 0 474.938 2.37837e-11
2.89107 1.4382 0 475.94 2.30361e-11
2.89107 1.4382 0 476.943 2.23122e-11
2.89107 1.4382 0 477.945 2.16111e-11
2.89107 1.4382 0 478.948 2.09321e-11
2.89107 1.4382 0 479.95 2.02746e-11
2.89107 1.4382 0 480.953 1.96378e-11
2.89107 1.4382 0 481.955 1.90211e-11
2.89107 1.4382 0 482.958 1.84238e-11
2.89107 1.4382 0 483.96 1.78454e-11
2.89107 1.4382 0 484.963 1.72853e-11
2.89107 1.4382 0 485.965 1.67428e-11
2.89107 1.4382 0 486.968 1.62174e-11
2.89107 1.4382 0 487.97 1.57085e-11
2.89107 1.4382 0 488.973 1.52157e-11
2.89107 1.4382 0 489.975 1.47385e-11
2.89107 1.4382 0 490.978 1.42762e-11
2.89107 1.4382 0 491.98 1.38286e-11
2.89107 1.4382 0 492.983 1.3395e-11
2.89107 1.4382 0 493.985 1.29751e-11
2.89107 1.4382 0 494.988 1.25684e-11
2.89107 1.4382 0 495.99 1.21745e-11
2.89107 1.4382 0 496.993 1.17929e-11
2.89107 1.4382 0 497.995 1.14234e-11
2.89107 1.4382 0 498.998 1.10656e-11
2.89107 1.4382 0 500 1.07189e-11

