1.27978 1.4382 200 150.015 7.37077e-06
1.27978 1.4382 200 151.017 1.32849e-05
1.27978 1.4382 200 152.02 1.36097e-05
1.27978 1.4382 200 153.022 1.32602e-05
1.27978 1.4382 200 154.025 1.28638e-05
1.27978 1.4382 200 155.027 1.24777e-05
1.27978 1.4382 200 156.03 1.21064e-05
1.27978 1.4382 200 157.032 1.17493e-05
1.27978 1.4382 200 158.035 1.14054e-05
1.27978 1.4382 200 159.037 1.10741e-05
1.27978 1.4382 200 160.04 1.07546e-05
1.27978 1.4382 200 161.042 1.04465e-05
1.27978 1.4382 200 162.045 1.0149e-05
1.27978 1.4382 200 163.047 9.86188e-06
1.27978 1.4382 200 164.05 9.58454e-06
1.27978 1.4382 200 165.052 9.3166e-06
1.27978 1.4382 200 166.054 9.05767e-06
1.27978 1.4382 200 167.057 8.80736e-06
1.27978 1.4382 200 168.059 8.56534e-06
1.27978 1.4382 200 169.062 8.33126e-06
1.27978 1.4382 200 170.064 8.10481e-06
1.27978 1.4382 200 171.067 7.88569e-06
1.27978 1.4382 200 172.069 7.67362e-06
1.27978 1.4382 200 173.072 7.46832e-06
1.27978 1.4382 200 174.074 7.26954e-06
1.27978 1.4382 200 175.077 7.07703e-06
1.27978 1.4382 200 176.079 6.89055e-06
1.27978 1.4382 200 177.082 6.70989e-06
1.27978 1.4382 200 178.084 6.53482e-06
1.27978 1.4382 200 179.087 6.36515e-06
1.27978 1.4382 200 180.089 6.20067e-06
1.27978 1.4382 200 181.092 6.0412e-06
1.27978 1.4382 200 182.094 5.88656e-06
1.27978 1.4382 200 183.096 5.73657e-06
1.27978 1.4382 200 184.099 5.59108e-06
1.27978 1.4382 200 185.101 5.44993e-06
1.27978 1.4382 200 186.104 5.31296e-06
1.27978 1.4382 200 187.106 5.18003e-06
1.27978 1.4382 200 188.109 5.051e-06
1.27978 1.4382 200 189.111 4.92574e-06
1.27978 1.4382 200 190.114 4.80411e-06
1.27978 1.4382 200 191.116 4.68601e-06
1.27978 1.4382 200 192.119 4.5713e-06
1.27978 1.4382 200 193.121 4.45987e-06
1.27978 1.4382 200 194.124 4.35162e-06
1.27978 1.4382 200 195.126 4.24643e-06
1.27978 1.4382 200 196.129 4.14422e-06
1.27978 1.4382 200 197.131 4.04488e-06
1.27978 1.4382 200 198.133 3.94831e-06
1.27978 1.4382 200 199.136 3.85444e-06
1.27978 1.4382 200 200.138 3.76316e-06
1.27978 1.4382 200 201.141 3.67441e-06
1.27978 1.4382 200 202.143 3.58809e-06
1.27978 1.4382 200 203.146 3.50413e-06
1.27978 1.4382 200 204.148 3.42246e-06
1.27978 1.4382 200 205.151 3.343e-06
1.27978 1.4382 200 206.153 3.26568e-06
1.27978 1.4382 200 207.156 3.19045e-06
1.27978 1.4382 200 208.158 3.11723e-06
1.27978 1.4382 200 209.161 3.04596e-06
1.27978 1.4382 200 210.163 2.97658e-06
1.27978 1.4382 200 211.166 2.90903e-06
1.27978 1.4382 200 212.168 2.84326e-06
1.27978 1.4382 200 213.171 2.77922e-06
1.27978 1.4382 200 214.173 2.71685e-06
1.27978 1.4382 200 215.175 2.6561e-06
1.27978 1.4382 200 216.178 2.59692e-06
1.27978 1.4382 200 217.18 2.53927e-06
1.27978 1.4382 200 218.183 2.4831e-06
1.27978 1.4382 200 219.185 2.42837e-06
1.27978 1.4382 200 220.188 2.37503e-06
1.27978 1.4382 200 221.19 2.32305e-06
1.27978 1.4382 200 222.193 2.27238e-06
1.27978 1.4382 200 223.195 2.22299e-06
1.27978 1.4382 200 224.198 2.17484e-06
1.27978 1.4382 200 225.2 2.12789e-06
1.27978 1.4382 200 226.203 2.08211e-06
1.27978 1.4382 200 227.205 2.03747e-06
1.27978 1.4382 200 228.208 1.99393e-06
1.27978 1.4382 200 229.21 1.95146e-06
1.27978 1.4382 200 230.212 1.91004e-06
1.27978 1.4382 200 231.215 1.86962e-06
1.27978 1.4382 200 232.217 1.83019e-06
1.27978 1.4382 200 233.22 1.79172e-06
1.27978 1.4382 200 234.222 1.75418e-06
1.27978 1.4382 200 235.225 1.71754e-06
1.27978 1.4382 200 236.227 1.68178e-06
1.27978 1.4382 200 237.23 1.64688e-06
1.27978 1.4382 200 238.232 1.61281e-06
1.27978 1.4382 200 239.235 1.57955e-06
1.27978 1.4382 200 240.237 1.54707e-06
1.27978 1.4382 200 241.24 1.51536e-06
1.27978 1.4382 200 242.242 1.4844e-06
1.27978 1.4382 200 243.245 1.45416e-06
1.27978 1.4382 200 244.247 1.42462e-06
1.27978 1.4382 200 245.25 1.39577e-06
1.27978 1.4382 200 246.252 1.36759e-06
1.27978 1.4382 200 247.254 1.34006e-06
1.27978 1.4382 200 248.257 1.31317e-06
1.27978 1.4382 200 249.259 1.28689e-06
1.27978 1.4382 200 250.262 1.26121e-06
1.27978 1.4382 200 251.264 1.23612e-06
1.27978 1.4382 200 252.267 1.21159e-06
1.27978 1.4382 200 253.269 1.18762e-06
1.27978 1.4382 200 254.272 1.1642e-06
1.27978 1.4382 200 255.274 1.14129e-06
1.27978 1.4382 200 256.277 1.1189e-06
1.27978 1.4382 200 257.279 1.09701e-06
1.27978 1.4382 200 258.282 1.07561e-06
1.27978 1.4382 200 259.284 1.05468e-06
1.27978 1.4382 200 260.287 1.03422e-06
1.27978 1.4382 200 261.289 1.0142e-06
1.27978 1.4382 200 262.291 9.9463e-07
1.27978 1.4382 200 263.294 9.75484e-07
1.27978 1.4382 200 264.296 9.56755e-07
1.27978 1.4382 200 265.299 9.38434e-07
1.27978 1.4382 200 266.301 9.20511e-07
1.27978 1.4382 200 267.304 9.02975e-07
1.27978 1.4382 200 268.306 8.85817e-07
1.27978 1.4382 200 269.309 8.69027e-07
1.27978 1.4382 200 270.311 8.52597e-07
1.27978 1.4382 200 271.314 8.36518e-07
1.27978 1.4382 200 272.316 8.20782e-07
1.27978 1.4382 200 273.319 8.05379e-07
1.27978 1.4382 200 274.321 7.90302e-07
1.27978 1.4382 200 275.324 7.75543e-07
1.27978 1.4382 200 276.326 7.61094e-07
1.27978 1.4382 200 277.329 7.46948e-07
1.27978 1.4382 200 278.331 7.33099e-07
1.27978 1.4382 200 279.333 7.19537e-07
1.27978 1.4382 200 280.336 7.06258e-07
1.27978 1.4382 200 281.338 6.93254e-07
1.27978 1.4382 200 282.341 6.80518e-07
1.27978 1.4382 200 283.343 6.68045e-07
1.27978 1.4382 200 284.346 6.55828e-07
1.27978 1.4382 200 285.348 6.43861e-07
1.27978 1.4382 200 286.351 6.32139e-07
1.27978 1.4382 200 287.353 6.20655e-07
1.27978 1.4382 200 288.356 6.09405e-07
1.27978 1.4382 200 289.358 5.98382e-07
1.27978 1.4382 200 290.361 5.87582e-07
1.27978 1.4382 200 291.363 5.77e-07
1.27978 1.4382 200 292.366 5.6663e-07
1.27978 1.4382 200 293.368 5.56468e-07
1.27978 1.4382 200 294.37 5.46508e-07
1.27978 1.4382 200 295.373 5.36748e-07
1.27978 1.4382 200 296.375 5.27181e-07
1.27978 1.4382 200 297.378 5.17804e-07
1.27978 1.4382 200 298.38 5.08612e-07
1.27978 1.4382 200 299.383 4.99601e-07
1.27978 1.4382 200 300.385 4.90767e-07
1.27978 1.4382 200 301.388 4.82106e-07
1.27978 1.4382 200 302.39 4.73615e-07
1.27978 1.4382 200 303.393 4.6529e-07
1.27978 1.4382 200 304.395 4.57126e-07
1.27978 1.4382 200 305.398 4.49121e-07
1.27978 1.4382 200 306.4 4.41271e-07
1.27978 1.4382 200 307.403 4.33572e-07
1.27978 1.4382 200 308.405 4.26022e-07
1.27978 1.4382 200 309.408 4.18617e-07
1.27978 1.4382 200 310.41 4.11353e-07
1.27978 1.4382 200 311.412 4.04229e-07
1.27978 1.4382 200 312.415 3.9724e-07
1.27978 1.4382 200 313.417 3.90384e-07
1.27978 1.4382 200 314.42 3.83659e-07
1.27978 1.4382 200 315.422 3.7706e-07
1.27978 1.4382 200 316.425 3.70587e-07
1.27978 1.4382 200 317.427 3.64235e-07
1.27978 1.4382 200 318.43 3.58003e-07
1.27978 1.4382 200 319.432 3.51887e-07
1.27978 1.4382 200 320.435 3.45886e-07
1.27978 1.4382 200 321.437 3.39998e-07
1.27978 1.4382 200 322.44 3.34218e-07
1.27978 1.4382 200 323.442 3.28547e-07
1.27978 1.4382 200 324.445 3.2298e-07
1.27978 1.4382 200 325.447 3.17516e-07
1.27978 1.4382 200 326.449 3.12154e-07
1.27978 1.4382 200 327.452 3.0689e-07
1.27978 1.4382 200 328.454 3.01722e-07
1.27978 1.4382 200 329.457 2.9665e-07
1.27978 1.4382 200 330.459 2.9167e-07
1.27978 1.4382 200 331.462 2.86782e-07
1.27978 1.4382 200 332.464 2.81982e-07
1.27978 1.4382 200 333.467 2.7727e-07
1.27978 1.4382 200 334.469 2.72643e-07
1.27978 1.4382 200 335.472 2.681e-07
1.27978 1.4382 200 336.474 2.63639e-07
1.27978 1.4382 200 337.477 2.59259e-07
1.27978 1.4382 200 338.479 2.54957e-07
1.27978 1.4382 200 339.482 2.50733e-07
1.27978 1.4382 200 340.484 2.46584e-07
1.27978 1.4382 200 341.487 2.4251e-07
1.27978 1.4382 200 342.489 2.38508e-07
1.27978 1.4382 200 343.491 2.34578e-07
1.27978 1.4382 200 344.494 2.30718e-07
1.27978 1.4382 200 345.496 2.26926e-07
1.27978 1.4382 200 346.499 2.23201e-07
1.27978 1.4382 200 347.501 2.19542e-07
1.27978 1.4382 200 348.504 2.15948e-07
1.27978 1.4382 200 349.506 2.12417e-07
1.27978 1.4382 200 350.509 2.08948e-07
1.27978 1.4382 200 351.511 2.05541e-07
1.27978 1.4382 200 352.514 2.02192e-07
1.27978 1.4382 200 353.516 1.98903e-07
1.27978 1.4382 200 354.519 1.95671e-07
1.27978 1.4382 200 355.521 1.92495e-07
1.27978 1.4382 200 356.524 1.89374e-07
1.27978 1.4382 200 357.526 1.86308e-07
1.27978 1.4382 200 358.528 1.83295e-07
1.27978 1.4382 200 359.531 1.80334e-07
1.27978 1.4382 200 360.533 1.77424e-07
1.27978 1.4382 200 361.536 1.74564e-07
1.27978 1.4382 200 362.538 1.71754e-07
1.27978 1.4382 200 363.541 1.68991e-07
1.27978 1.4382 200 364.543 1.66277e-07
1.27978 1.4382 200 365.546 1.63609e-07
1.27978 1.4382 200 366.548 1.60986e-07
1.27978 1.4382 200 367.551 1.58408e-07
1.27978 1.4382 200 368.553 1.55874e-07
1.27978 1.4382 200 369.556 1.53384e-07
1.27978 1.4382 200 370.558 1.50936e-07
1.27978 1.4382 200 371.561 1.48529e-07
1.27978 1.4382 200 372.563 1.46163e-07
1.27978 1.4382 200 373.566 1.43837e-07
1.27978 1.4382 200 374.568 1.4155e-07
1.27978 1.4382 200 375.57 1.39302e-07
1.27978 1.4382 200 376.573 1.37092e-07
1.27978 1.4382 200 377.575 1.34919e-07
1.27978 1.4382 200 378.578 1.32783e-07
1.27978 1.4382 200 379.58 1.30682e-07
1.27978 1.4382 200 380.583 1.28617e-07
1.27978 1.4382 200 381.585 1.26586e-07
1.27978 1.4382 200 382.588 1.24589e-07
1.27978 1.4382 200 383.59 1.22625e-07
1.27978 1.4382 200 384.593 1.20694e-07
1.27978 1.4382 200 385.595 1.18795e-07
1.27978 1.4382 200 386.598 1.16928e-07
1.27978 1.4382 200 387.6 1.15092e-07
1.27978 1.4382 200 388.603 1.13286e-07
1.27978 1.4382 200 389.605 1.1151e-07
1.27978 1.4382 200 390.607 1.09763e-07
1.27978 1.4382 200 391.61 1.08045e-07
1.27978 1.4382 200 392.612 1.06355e-07
1.27978 1.4382 200 393.615 1.04694e-07
1.27978 1.4382 200 394.617 1.03059e-07
1.27978 1.4382 200 395.62 1.01452e-07
1.27978 1.4382 200 396.622 9.98702e-08
1.27978 1.4382 200 397.625 9.83149e-08
1.27978 1.4382 200 398.627 9.67849e-08
1.27978 1.4382 200 399.63 9.528e-08
1.27978 1.4382 200 400.632 9.37996e-08
1.27978 1.4382 200 401.635 9.23434e-08
1.27978 1.4382 200 402.637 9.09108e-08
1.27978 1.4382 200 403.64 8.95015e-08
1.27978 1.4382 200 404.642 8.81152e-08
1.27978 1.4382 200 405.645 8.67513e-08
1.27978 1.4382 200 406.647 8.54095e-08
1.27978 1.4382 200 407.649 8.40894e-08
1.27978 1.4382 200 408.652 8.27907e-08
1.27978 1.4382 200 409.654 8.15129e-08
1.27978 1.4382 200 410.657 8.02558e-08
1.27978 1.4382 200 411.659 7.90189e-08
1.27978 1.4382 200 412.662 7.78019e-08
1.27978 1.4382 200 413.664 7.66045e-08
1.27978 1.4382 200 414.667 7.54263e-08
1.27978 1.4382 200 415.669 7.4267e-08
1.27978 1.4382 200 416.672 7.31263e-08
1.27978 1.4382 200 417.674 7.20039e-08
1.27978 1.4382 200 418.677 7.08994e-08
1.27978 1.4382 200 419.679 6.98126e-08
1.27978 1.4382 200 420.682 6.87431e-08
1.27978 1.4382 200 421.684 6.76907e-08
1.27978 1.4382 200 422.686 6.66551e-08
1.27978 1.4382 200 423.689 6.56359e-08
1.27978 1.4382 200 424.691 6.46329e-08
1.27978 1.4382 200 425.694 6.36459e-08
1.27978 1.4382 200 426.696 6.26745e-08
1.27978 1.4382 200 427.699 6.17186e-08
1.27978 1.4382 200 428.701 6.07778e-08
1.27978 1.4382 200 429.704 5.98518e-08
1.27978 1.4382 200 430.706 5.89405e-08
1.27978 1.4382 200 431.709 5.80436e-08
1.27978 1.4382 200 432.711 5.71609e-08
1.27978 1.4382 200 433.714 5.62921e-08
1.27978 1.4382 200 434.716 5.5437e-08
1.27978 1.4382 200 435.719 5.45953e-08
1.27978 1.4382 200 436.721 5.37669e-08
1.27978 1.4382 200 437.724 5.29515e-08
1.27978 1.4382 200 438.726 5.21489e-08
1.27978 1.4382 200 439.728 5.13589e-08
1.27978 1.4382 200 440.731 5.05813e-08
1.27978 1.4382 200 441.733 4.98158e-08
1.27978 1.4382 200 442.736 4.90624e-08
1.27978 1.4382 200 443.738 4.83207e-08
1.27978 1.4382 200 444.741 4.75906e-08
1.27978 1.4382 200 445.743 4.68719e-08
1.27978 1.4382 200 446.746 4.61644e-08
1.27978 1.4382 200 447.748 4.5468e-08
1.27978 1.4382 200 448.751 4.47823e-08
1.27978 1.4382 200 449.753 4.41074e-08
1.27978 1.4382 200 450.756 4.3443e-08
1.27978 1.4382 200 451.758 4.27889e-08
1.27978 1.4382 200 452.761 4.21449e-08
1.27978 1.4382 200 453.763 4.15109e-08
1.27978 1.4382 200 454.765 4.08868e-08
1.27978 1.4382 200 455.768 4.02724e-08
1.27978 1.4382 200 456.77 3.96674e-08
1.27978 1.4382 200 457.773 3.90718e-08
1.27978 1.4382 200 458.775 3.84855e-08
1.27978 1.4382 200 459.778 3.79081e-08
1.27978 1.4382 200 460.78 3.73397e-08
1.27978 1.4382 200 461.783 3.67801e-08
1.27978 1.4382 200 462.785 3.62291e-08
1.27978 1.4382 200 463.788 3.56866e-08
1.27978 1.4382 200 464.79 3.51524e-08
1.27978 1.4382 200 465.793 3.46265e-08
1.27978 1.4382 200 466.795 3.41087e-08
1.27978 1.4382 200 467.798 3.35988e-08
1.27978 1.4382 200 468.8 3.30967e-08
1.27978 1.4382 200 469.803 3.26024e-08
1.27978 1.4382 200 470.805 3.21156e-08
1.27978 1.4382 200 471.807 3.16363e-08
1.27978 1.4382 200 472.81 3.11643e-08
1.27978 1.4382 200 473.812 3.06996e-08
1.27978 1.4382 200 474.815 3.0242e-08
1.27978 1.4382 200 475.817 2.97913e-08
1.27978 1.4382 200 476.82 2.93476e-08
1.27978 1.4382 200 477.822 2.89106e-08
1.27978 1.4382 200 478.825 2.84803e-08
1.27978 1.4382 200 479.827 2.80566e-08
1.27978 1.4382 200 480.83 2.76393e-08
1.27978 1.4382 200 481.832 2.72284e-08
1.27978 1.4382 200 482.835 2.68238e-08
1.27978 1.4382 200 483.837 2.64253e-08
1.27978 1.4382 200 484.84 2.60329e-08
1.27978 1.4382 200 485.842 2.56464e-08
1.27978 1.4382 200 486.844 2.52658e-08
1.27978 1.4382 200 487.847 2.4891e-08
1.27978 1.4382 200 488.849 2.45219e-08
1.27978 1.4382 200 489.852 2.41583e-08
1.27978 1.4382 200 490.854 2.38003e-08
1.27978 1.4382 200 491.857 2.34478e-08
1.27978 1.4382 200 492.859 2.31005e-08
1.27978 1.4382 200 493.862 2.27585e-08
1.27978 1.4382 200 494.864 2.24217e-08
1.27978 1.4382 200 495.867 2.209e-08
1.27978 1.4382 200 496.869 2.17633e-08
1.27978 1.4382 200 497.872 2.14416e-08
1.27978 1.4382 200 498.874 2.11246e-08
1.27978 1.4382 200 499.877 2.08125e-08
1.27978 1.4382 200 500.879 2.05051e-08
1.27978 1.4382 200 501.882 2.02023e-08
1.27978 1.4382 200 502.884 1.99041e-08
1.27978 1.4382 200 503.886 1.96104e-08
1.27978 1.4382 200 504.889 1.93211e-08
1.27978 1.4382 200 505.891 1.90362e-08
1.27978 1.4382 200 506.894 1.87555e-08
1.27978 1.4382 200 507.896 1.84791e-08
1.27978 1.4382 200 508.899 1.82068e-08
1.27978 1.4382 200 509.901 1.79386e-08
1.27978 1.4382 200 510.904 1.76745e-08
1.27978 1.4382 200 511.906 1.74143e-08
1.27978 1.4382 200 512.909 1.7158e-08
1.27978 1.4382 200 513.911 1.69055e-08
1.27978 1.4382 200 514.914 1.66569e-08
1.27978 1.4382 200 515.916 1.64119e-08
1.27978 1.4382 200 516.919 1.61707e-08
1.27978 1.4382 200 517.921 1.5933e-08
1.27978 1.4382 200 518.923 1.56989e-08
1.27978 1.4382 200 519.926 1.54683e-08
1.27978 1.4382 200 520.928 1.52412e-08
1.27978 1.4382 200 521.931 1.50174e-08
1.27978 1.4382 200 522.933 1.4797e-08
1.27978 1.4382 200 523.936 1.45799e-08
1.27978 1.4382 200 524.938 1.4366e-08
1.27978 1.4382 200 525.941 1.41554e-08
1.27978 1.4382 200 526.943 1.39478e-08
1.27978 1.4382 200 527.946 1.37434e-08
1.27978 1.4382 200 528.948 1.3542e-08
1.27978 1.4382 200 529.951 1.33436e-08
1.27978 1.4382 200 530.953 1.31482e-08
1.27978 1.4382 200 531.956 1.29556e-08
1.27978 1.4382 200 532.958 1.2766e-08
1.27978 1.4382 200 533.961 1.25791e-08
1.27978 1.4382 200 534.963 1.23951e-08
1.27978 1.4382 200 535.965 1.22137e-08
1.27978 1.4382 200 536.968 1.20351e-08
1.27978 1.4382 200 537.97 1.18591e-08
1.27978 1.4382 200 538.973 1.16858e-08
1.27978 1.4382 200 539.975 1.1515e-08
1.27978 1.4382 200 540.978 1.13468e-08
1.27978 1.4382 200 541.98 1.1181e-08
1.27978 1.4382 200 542.983 1.10177e-08
1.27978 1.4382 200 543.985 1.08568e-08
1.27978 1.4382 200 544.988 1.06983e-08
1.27978 1.4382 200 545.99 1.05422e-08
1.27978 1.4382 200 546.993 1.03884e-08
1.27978 1.4382 200 547.995 1.02368e-08
1.27978 1.4382 200 548.998 1.00875e-08
1.27978 1.4382 200 550 9.94042e-09
