1.54144 1.4382 200 150.015 9.76219e-07
1.54144 1.4382 200 151.017 1.64515e-06
1.54144 1.4382 200 152.02 1.53802e-06
1.54144 1.4382 200 153.022 1.36161e-06
1.54144 1.4382 200 154.025 1.19345e-06
1.54144 1.4382 200 155.027 1.03821e-06
1.54144 1.4382 200 156.03 8.94841e-07
1.54144 1.4382 200 157.032 7.62115e-07
1.54144 1.4382 200 158.035 6.39053e-07
1.54144 1.4382 200 159.037 5.24846e-07
1.54144 1.4382 200 160.04 4.18811e-07
1.54144 1.4382 200 161.042 3.2035e-07
1.54144 1.4382 200 162.045 2.28931e-07
1.54144 1.4382 200 163.047 1.44075e-07
1.54144 1.4382 200 164.05 6.53456e-08
1.54144 1.4382 200 165.052 -7.65951e-09
1.54144 1.4382 200 166.054 -7.53102e-08
1.54144 1.4382 200 167.057 -1.37949e-07
1.54144 1.4382 200 168.059 -1.95895e-07
1.54144 1.4382 200 169.062 -2.49444e-07
1.54144 1.4382 200 170.064 -2.98872e-07
1.54144 1.4382 200 171.067 -3.44438e-07
1.54144 1.4382 200 172.069 -3.86384e-07
1.54144 1.4382 200 173.072 -4.24934e-07
1.54144 1.4382 200 174.074 -4.60301e-07
1.54144 1.4382 200 175.077 -4.92683e-07
1.54144 1.4382 200 176.079 -5.22266e-07
1.54144 1.4382 200 177.082 -5.49225e-07
1.54144 1.4382 200 178.084 -5.73722e-07
1.54144 1.4382 200 179.087 -5.95913e-07
1.54144 1.4382 200 180.089 -6.15942e-07
1.54144 1.4382 200 181.092 -6.33944e-07
1.54144 1.4382 200 182.094 -6.50048e-07
1.54144 1.4382 200 183.096 -6.64372e-07
1.54144 1.4382 200 184.099 -6.77031e-07
1.54144 1.4382 200 185.101 -6.8813e-07
1.54144 1.4382 200 186.104 -6.97768e-07
1.54144 1.4382 200 187.106 -7.06041e-07
1.54144 1.4382 200 188.109 -7.13037e-07
1.54144 1.4382 200 189.111 -7.18838e-07
1.54144 1.4382 200 190.114 -7.23523e-07
1.54144 1.4382 200 191.116 -7.27166e-07
1.54144 1.4382 200 192.119 -7.29836e-07
1.54144 1.4382 200 193.121 -7.31599e-07
1.54144 1.4382 200 194.124 -7.32516e-07
1.54144 1.4382 200 195.126 -7.32646e-07
1.54144 1.4382 200 196.129 -7.32042e-07
1.54144 1.4382 200 197.131 -7.30757e-07
1.54144 1.4382 200 198.133 -7.28838e-07
1.54144 1.4382 200 199.136 -7.26332e-07
1.54144 1.4382 200 200.138 -7.23281e-07
1.54144 1.4382 200 201.141 -7.19726e-07
1.54144 1.4382 200 202.143 -7.15705e-07
1.54144 1.4382 200 203.146 -7.11253e-07
1.54144 1.4382 200 204.148 -7.06405e-07
1.54144 1.4382 200 205.151 -7.01192e-07
1.54144 1.4382 200 206.153 -6.95644e-07
1.54144 1.4382 200 207.156 -6.8979e-07
1.54144 1.4382 200 208.158 -6.83655e-07
1.54144 1.4382 200 209.161 -6.77265e-07
1.54144 1.4382 200 210.163 -6.70643e-07
1.54144 1.4382 200 211.166 -6.63812e-07
1.54144 1.4382 200 212.168 -6.56791e-07
1.54144 1.4382 200 213.171 -6.49601e-07
1.54144 1.4382 200 214.173 -6.4226e-07
1.54144 1.4382 200 215.175 -6.34784e-07
1.54144 1.4382 200 216.178 -6.27191e-07
1.54144 1.4382 200 217.18 -6.19495e-07
1.54144 1.4382 200 218.183 -6.11711e-07
1.54144 1.4382 200 219.185 -6.03851e-07
1.54144 1.4382 200 220.188 -5.95929e-07
1.54144 1.4382 200 221.19 -5.87956e-07
1.54144 1.4382 200 222.193 -5.79944e-07
1.54144 1.4382 200 223.195 -5.71901e-07
1.54144 1.4382 200 224.198 -5.63839e-07
1.54144 1.4382 200 225.2 -5.55765e-07
1.54144 1.4382 200 226.203 -5.47689e-07
1.54144 1.4382 200 227.205 -5.39619e-07
1.54144 1.4382 200 228.208 -5.31561e-07
1.54144 1.4382 200 229.21 -5.23522e-07
1.54144 1.4382 200 230.212 -5.15509e-07
1.54144 1.4382 200 231.215 -5.07527e-07
1.54144 1.4382 200 232.217 -4.99583e-07
1.54144 1.4382 200 233.22 -4.9168e-07
1.54144 1.4382 200 234.222 -4.83825e-07
1.54144 1.4382 200 235.225 -4.7602e-07
1.54144 1.4382 200 236.227 -4.68271e-07
1.54144 1.4382 200 237.23 -4.60581e-07
1.54144 1.4382 200 238.232 -4.52953e-07
1.54144 1.4382 200 239.235 -4.4539e-07
1.54144 1.4382 200 240.237 -4.37896e-07
1.54144 1.4382 200 241.24 -4.30472e-07
1.54144 1.4382 200 242.242 -4.23121e-07
1.54144 1.4382 200 243.245 -4.15846e-07
1.54144 1.4382 200 244.247 -4.08648e-07
1.54144 1.4382 200 245.25 -4.01529e-07
1.54144 1.4382 200 246.252 -3.9449e-07
1.54144 1.4382 200 247.254 -3.87534e-07
1.54144 1.4382 200 248.257 -3.8066e-07
1.54144 1.4382 200 249.259 -3.73871e-07
1.54144 1.4382 200 250.262 -3.67166e-07
1.54144 1.4382 200 251.264 -3.60548e-07
1.54144 1.4382 200 252.267 -3.54015e-07
1.54144 1.4382 200 253.269 -3.4757e-07
1.54144 1.4382 200 254.272 -3.41212e-07
1.54144 1.4382 200 255.274 -3.34942e-07
1.54144 1.4382 200 256.277 -3.2876e-07
1.54144 1.4382 200 257.279 -3.22665e-07
1.54144 1.4382 200 258.282 -3.16659e-07
1.54144 1.4382 200 259.284 -3.1074e-07
1.54144 1.4382 200 260.287 -3.04909e-07
1.54144 1.4382 200 261.289 -2.99166e-07
1.54144 1.4382 200 262.291 -2.9351e-07
1.54144 1.4382 200 263.294 -2.87941e-07
1.54144 1.4382 200 264.296 -2.82458e-07
1.54144 1.4382 200 265.299 -2.77062e-07
1.54144 1.4382 200 266.301 -2.71751e-07
1.54144 1.4382 200 267.304 -2.66525e-07
1.54144 1.4382 200 268.306 -2.61383e-07
1.54144 1.4382 200 269.309 -2.56325e-07
1.54144 1.4382 200 270.311 -2.51351e-07
1.54144 1.4382 200 271.314 -2.46458e-07
1.54144 1.4382 200 272.316 -2.41648e-07
1.54144 1.4382 200 273.319 -2.36918e-07
1.54144 1.4382 200 274.321 -2.32269e-07
1.54144 1.4382 200 275.324 -2.27699e-07
1.54144 1.4382 200 276.326 -2.23207e-07
1.54144 1.4382 200 277.329 -2.18793e-07
1.54144 1.4382 200 278.331 -2.14456e-07
1.54144 1.4382 200 279.333 -2.10195e-07
1.54144 1.4382 200 280.336 -2.06009e-07
1.54144 1.4382 200 281.338 -2.01897e-07
1.54144 1.4382 200 282.341 -1.97858e-07
1.54144 1.4382 200 283.343 -1.93891e-07
1.54144 1.4382 200 284.346 -1.89996e-07
1.54144 1.4382 200 285.348 -1.86171e-07
1.54144 1.4382 200 286.351 -1.82416e-07
1.54144 1.4382 200 287.353 -1.78729e-07
1.54144 1.4382 200 288.356 -1.7511e-07
1.54144 1.4382 200 289.358 -1.71558e-07
1.54144 1.4382 200 290.361 -1.68071e-07
1.54144 1.4382 200 291.363 -1.64649e-07
1.54144 1.4382 200 292.366 -1.6129e-07
1.54144 1.4382 200 293.368 -1.57995e-07
1.54144 1.4382 200 294.37 -1.54761e-07
1.54144 1.4382 200 295.373 -1.51589e-07
1.54144 1.4382 200 296.375 -1.48476e-07
1.54144 1.4382 200 297.378 -1.45423e-07
1.54144 1.4382 200 298.38 -1.42428e-07
1.54144 1.4382 200 299.383 -1.3949e-07
1.54144 1.4382 200 300.385 -1.36608e-07
1.54144 1.4382 200 301.388 -1.33782e-07
1.54144 1.4382 200 302.39 -1.3101e-07
1.54144 1.4382 200 303.393 -1.28292e-07
1.54144 1.4382 200 304.395 -1.25626e-07
1.54144 1.4382 200 305.398 -1.23013e-07
1.54144 1.4382 200 306.4 -1.2045e-07
1.54144 1.4382 200 307.403 -1.17938e-07
1.54144 1.4382 200 308.405 -1.15475e-07
1.54144 1.4382 200 309.408 -1.1306e-07
1.54144 1.4382 200 310.41 -1.10693e-07
1.54144 1.4382 200 311.412 -1.08373e-07
1.54144 1.4382 200 312.415 -1.06099e-07
1.54144 1.4382 200 313.417 -1.0387e-07
1.54144 1.4382 200 314.42 -1.01685e-07
1.54144 1.4382 200 315.422 -9.95439e-08
1.54144 1.4382 200 316.425 -9.74456e-08
1.54144 1.4382 200 317.427 -9.53892e-08
1.54144 1.4382 200 318.43 -9.33742e-08
1.54144 1.4382 200 319.432 -9.13996e-08
1.54144 1.4382 200 320.435 -8.94649e-08
1.54144 1.4382 200 321.437 -8.75692e-08
1.54144 1.4382 200 322.44 -8.57118e-08
1.54144 1.4382 200 323.442 -8.38921e-08
1.54144 1.4382 200 324.445 -8.21094e-08
1.54144 1.4382 200 325.447 -8.03629e-08
1.54144 1.4382 200 326.449 -7.8652e-08
1.54144 1.4382 200 327.452 -7.69759e-08
1.54144 1.4382 200 328.454 -7.53342e-08
1.54144 1.4382 200 329.457 -7.37261e-08
1.54144 1.4382 200 330.459 -7.21509e-08
1.54144 1.4382 200 331.462 -7.06081e-08
1.54144 1.4382 200 332.464 -6.9097e-08
1.54144 1.4382 200 333.467 -6.7617e-08
1.54144 1.4382 200 334.469 -6.61676e-08
1.54144 1.4382 200 335.472 -6.47481e-08
1.54144 1.4382 200 336.474 -6.3358e-08
1.54144 1.4382 200 337.477 -6.19967e-08
1.54144 1.4382 200 338.479 -6.06637e-08
1.54144 1.4382 200 339.482 -5.93583e-08
1.54144 1.4382 200 340.484 -5.808e-08
1.54144 1.4382 200 341.487 -5.68284e-08
1.54144 1.4382 200 342.489 -5.56029e-08
1.54144 1.4382 200 343.491 -5.4403e-08
1.54144 1.4382 200 344.494 -5.32282e-08
1.54144 1.4382 200 345.496 -5.20779e-08
1.54144 1.4382 200 346.499 -5.09517e-08
1.54144 1.4382 200 347.501 -4.98492e-08
1.54144 1.4382 200 348.504 -4.87698e-08
1.54144 1.4382 200 349.506 -4.77131e-08
1.54144 1.4382 200 350.509 -4.66787e-08
1.54144 1.4382 200 351.511 -4.5666e-08
1.54144 1.4382 200 352.514 -4.46747e-08
1.54144 1.4382 200 353.516 -4.37043e-08
1.54144 1.4382 200 354.519 -4.27544e-08
1.54144 1.4382 200 355.521 -4.18246e-08
1.54144 1.4382 200 356.524 -4.09145e-08
1.54144 1.4382 200 357.526 -4.00237e-08
1.54144 1.4382 200 358.528 -3.91518e-08
1.54144 1.4382 200 359.531 -3.82984e-08
1.54144 1.4382 200 360.533 -3.74631e-08
1.54144 1.4382 200 361.536 -3.66456e-08
1.54144 1.4382 200 362.538 -3.58455e-08
1.54144 1.4382 200 363.541 -3.50625e-08
1.54144 1.4382 200 364.543 -3.42961e-08
1.54144 1.4382 200 365.546 -3.35461e-08
1.54144 1.4382 200 366.548 -3.28122e-08
1.54144 1.4382 200 367.551 -3.20939e-08
1.54144 1.4382 200 368.553 -3.1391e-08
1.54144 1.4382 200 369.556 -3.07031e-08
1.54144 1.4382 200 370.558 -3.003e-08
1.54144 1.4382 200 371.561 -2.93713e-08
1.54144 1.4382 200 372.563 -2.87267e-08
1.54144 1.4382 200 373.566 -2.8096e-08
1.54144 1.4382 200 374.568 -2.74789e-08
1.54144 1.4382 200 375.57 -2.6875e-08
1.54144 1.4382 200 376.573 -2.62841e-08
1.54144 1.4382 200 377.575 -2.57059e-08
1.54144 1.4382 200 378.578 -2.51402e-08
1.54144 1.4382 200 379.58 -2.45867e-08
1.54144 1.4382 200 380.583 -2.40452e-08
1.54144 1.4382 200 381.585 -2.35153e-08
1.54144 1.4382 200 382.588 -2.29969e-08
1.54144 1.4382 200 383.59 -2.24897e-08
1.54144 1.4382 200 384.593 -2.19934e-08
1.54144 1.4382 200 385.595 -2.1508e-08
1.54144 1.4382 200 386.598 -2.1033e-08
1.54144 1.4382 200 387.6 -2.05683e-08
1.54144 1.4382 200 388.603 -2.01137e-08
1.54144 1.4382 200 389.605 -1.9669e-08
1.54144 1.4382 200 390.607 -1.92339e-08
1.54144 1.4382 200 391.61 -1.88083e-08
1.54144 1.4382 200 392.612 -1.83919e-08
1.54144 1.4382 200 393.615 -1.79846e-08
1.54144 1.4382 200 394.617 -1.75861e-08
1.54144 1.4382 200 395.62 -1.71963e-08
1.54144 1.4382 200 396.622 -1.6815e-08
1.54144 1.4382 200 397.625 -1.64421e-08
1.54144 1.4382 200 398.627 -1.60772e-08
1.54144 1.4382 200 399.63 -1.57203e-08
1.54144 1.4382 200 400.632 -1.53712e-08
1.54144 1.4382 200 401.635 -1.50298e-08
1.54144 1.4382 200 402.637 -1.46958e-08
1.54144 1.4382 200 403.64 -1.43691e-08
1.54144 1.4382 200 404.642 -1.40495e-08
1.54144 1.4382 200 405.645 -1.37369e-08
1.54144 1.4382 200 406.647 -1.34312e-08
1.54144 1.4382 200 407.649 -1.31322e-08
1.54144 1.4382 200 408.652 -1.28397e-08
1.54144 1.4382 200 409.654 -1.25536e-08
1.54144 1.4382 200 410.657 -1.22738e-08
1.54144 1.4382 200 411.659 -1.20002e-08
1.54144 1.4382 200 412.662 -1.17325e-08
1.54144 1.4382 200 413.664 -1.14708e-08
1.54144 1.4382 200 414.667 -1.12148e-08
1.54144 1.4382 200 415.669 -1.09644e-08
1.54144 1.4382 200 416.672 -1.07195e-08
1.54144 1.4382 200 417.674 -1.048e-08
1.54144 1.4382 200 418.677 -1.02458e-08
1.54144 1.4382 200 419.679 -1.00167e-08
1.54144 1.4382 200 420.682 -9.79266e-09
1.54144 1.4382 200 421.684 -9.57357e-09
1.54144 1.4382 200 422.686 -9.35932e-09
1.54144 1.4382 200 423.689 -9.14978e-09
1.54144 1.4382 200 424.691 -8.94487e-09
1.54144 1.4382 200 425.694 -8.74448e-09
1.54144 1.4382 200 426.696 -8.54852e-09
1.54144 1.4382 200 427.699 -8.35688e-09
1.54144 1.4382 200 428.701 -8.16948e-09
1.54144 1.4382 200 429.704 -7.98621e-09
1.54144 1.4382 200 430.706 -7.807e-09
1.54144 1.4382 200 431.709 -7.63176e-09
1.54144 1.4382 200 432.711 -7.46039e-09
1.54144 1.4382 200 433.714 -7.29281e-09
1.54144 1.4382 200 434.716 -7.12895e-09
1.54144 1.4382 200 435.719 -6.96871e-09
1.54144 1.4382 200 436.721 -6.81203e-09
1.54144 1.4382 200 437.724 -6.65882e-09
1.54144 1.4382 200 438.726 -6.509e-09
1.54144 1.4382 200 439.728 -6.36251e-09
1.54144 1.4382 200 440.731 -6.21927e-09
1.54144 1.4382 200 441.733 -6.0792e-09
1.54144 1.4382 200 442.736 -5.94225e-09
1.54144 1.4382 200 443.738 -5.80834e-09
1.54144 1.4382 200 444.741 -5.67741e-09
1.54144 1.4382 200 445.743 -5.54938e-09
1.54144 1.4382 200 446.746 -5.4242e-09
1.54144 1.4382 200 447.748 -5.3018e-09
1.54144 1.4382 200 448.751 -5.18213e-09
1.54144 1.4382 200 449.753 -5.06512e-09
1.54144 1.4382 200 450.756 -4.95072e-09
1.54144 1.4382 200 451.758 -4.83886e-09
1.54144 1.4382 200 452.761 -4.7295e-09
1.54144 1.4382 200 453.763 -4.62257e-09
1.54144 1.4382 200 454.765 -4.51802e-09
1.54144 1.4382 200 455.768 -4.41581e-09
1.54144 1.4382 200 456.77 -4.31587e-09
1.54144 1.4382 200 457.773 -4.21817e-09
1.54144 1.4382 200 458.775 -4.12264e-09
1.54144 1.4382 200 459.778 -4.02925e-09
1.54144 1.4382 200 460.78 -3.93795e-09
1.54144 1.4382 200 461.783 -3.84868e-09
1.54144 1.4382 200 462.785 -3.76141e-09
1.54144 1.4382 200 463.788 -3.67609e-09
1.54144 1.4382 200 464.79 -3.59267e-09
1.54144 1.4382 200 465.793 -3.51112e-09
1.54144 1.4382 200 466.795 -3.4314e-09
1.54144 1.4382 200 467.798 -3.35346e-09
1.54144 1.4382 200 468.8 -3.27726e-09
1.54144 1.4382 200 469.803 -3.20277e-09
1.54144 1.4382 200 470.805 -3.12995e-09
1.54144 1.4382 200 471.807 -3.05876e-09
1.54144 1.4382 200 472.81 -2.98917e-09
1.54144 1.4382 200 473.812 -2.92113e-09
1.54144 1.4382 200 474.815 -2.85463e-09
1.54144 1.4382 200 475.817 -2.78961e-09
1.54144 1.4382 200 476.82 -2.72605e-09
1.54144 1.4382 200 477.822 -2.66392e-09
1.54144 1.4382 200 478.825 -2.60318e-09
1.54144 1.4382 200 479.827 -2.54381e-09
1.54144 1.4382 200 480.83 -2.48577e-09
1.54144 1.4382 200 481.832 -2.42904e-09
1.54144 1.4382 200 482.835 -2.37358e-09
1.54144 1.4382 200 483.837 -2.31937e-09
1.54144 1.4382 200 484.84 -2.26637e-09
1.54144 1.4382 200 485.842 -2.21457e-09
1.54144 1.4382 200 486.844 -2.16394e-09
1.54144 1.4382 200 487.847 -2.11444e-09
1.54144 1.4382 200 488.849 -2.06606e-09
1.54144 1.4382 200 489.852 -2.01877e-09
1.54144 1.4382 200 490.854 -1.97254e-09
1.54144 1.4382 200 491.857 -1.92736e-09
1.54144 1.4382 200 492.859 -1.88319e-09
1.54144 1.4382 200 493.862 -1.84002e-09
1.54144 1.4382 200 494.864 -1.79782e-09
1.54144 1.4382 200 495.867 -1.75658e-09
1.54144 1.4382 200 496.869 -1.71627e-09
1.54144 1.4382 200 497.872 -1.67686e-09
1.54144 1.4382 200 498.874 -1.63835e-09
1.54144 1.4382 200 499.877 -1.60071e-09
1.54144 1.4382 200 500.879 -1.56391e-09
1.54144 1.4382 200 501.882 -1.52795e-09
1.54144 1.4382 200 502.884 -1.4928e-09
1.54144 1.4382 200 503.886 -1.45845e-09
1.54144 1.4382 200 504.889 -1.42487e-09
1.54144 1.4382 200 505.891 -1.39205e-09
1.54144 1.4382 200 506.894 -1.35998e-09
1.54144 1.4382 200 507.896 -1.32863e-09
1.54144 1.4382 200 508.899 -1.29799e-09
1.54144 1.4382 200 509.901 -1.26805e-09
1.54144 1.4382 200 510.904 -1.23879e-09
1.54144 1.4382 200 511.906 -1.21018e-09
1.54144 1.4382 200 512.909 -1.18223e-09
1.54144 1.4382 200 513.911 -1.15491e-09
1.54144 1.4382 200 514.914 -1.12821e-09
1.54144 1.4382 200 515.916 -1.10212e-09
1.54144 1.4382 200 516.919 -1.07662e-09
1.54144 1.4382 200 517.921 -1.0517e-09
1.54144 1.4382 200 518.923 -1.02734e-09
1.54144 1.4382 200 519.926 -1.00354e-09
1.54144 1.4382 200 520.928 -9.80278e-10
1.54144 1.4382 200 521.931 -9.57546e-10
1.54144 1.4382 200 522.933 -9.35331e-10
1.54144 1.4382 200 523.936 -9.13622e-10
1.54144 1.4382 200 524.938 -8.92406e-10
1.54144 1.4382 200 525.941 -8.71674e-10
1.54144 1.4382 200 526.943 -8.51414e-10
1.54144 1.4382 200 527.946 -8.31615e-10
1.54144 1.4382 200 528.948 -8.12268e-10
1.54144 1.4382 200 529.951 -7.93361e-10
1.54144 1.4382 200 530.953 -7.74886e-10
1.54144 1.4382 200 531.956 -7.56832e-10
1.54144 1.4382 200 532.958 -7.3919e-10
1.54144 1.4382 200 533.961 -7.21951e-10
1.54144 1.4382 200 534.963 -7.05106e-10
1.54144 1.4382 200 535.965 -6.88645e-10
1.54144 1.4382 200 536.968 -6.72561e-10
1.54144 1.4382 200 537.97 -6.56844e-10
1.54144 1.4382 200 538.973 -6.41487e-10
1.54144 1.4382 200 539.975 -6.2648e-10
1.54144 1.4382 200 540.978 -6.11818e-10
1.54144 1.4382 200 541.98 -5.9749e-10
1.54144 1.4382 200 542.983 -5.83491e-10
1.54144 1.4382 200 543.985 -5.69813e-10
1.54144 1.4382 200 544.988 -5.56448e-10
1.54144 1.4382 200 545.99 -5.43389e-10
1.54144 1.4382 200 546.993 -5.3063e-10
1.54144 1.4382 200 547.995 -5.18163e-10
1.54144 1.4382 200 548.998 -5.05983e-10
1.54144 1.4382 200 550 -4.94082e-10
