4.04606 1.4382 0 150.015 1.3828e-05
4.04606 1.4382 0 151.017 2.30363e-05
4.04606 1.4382 0 152.02 2.11181e-05
4.04606 1.4382 0 153.022 1.85939e-05
4.04606 1.4382 0 154.025 1.65283e-05
4.04606 1.4382 0 155.027 1.48274e-05
4.04606 1.4382 0 156.03 1.33945e-05
4.04606 1.4382 0 157.032 1.21664e-05
4.04606 1.4382 0 158.035 1.11004e-05
4.04606 1.4382 0 159.037 1.01657e-05
4.04606 1.4382 0 160.04 9.3395e-06
4.04606 1.4382 0 161.042 8.6043e-06
4.04606 1.4382 0 162.045 7.9463e-06
4.04606 1.4382 0 163.047 7.35447e-06
4.04606 1.4382 0 164.05 6.81986e-06
4.04606 1.4382 0 165.052 6.33509e-06
4.04606 1.4382 0 166.054 5.89401e-06
4.04606 1.4382 0 167.057 5.49146e-06
4.04606 1.4382 0 168.059 5.12306e-06
4.04606 1.4382 0 169.062 4.78509e-06
4.04606 1.4382 0 170.064 4.47432e-06
4.04606 1.4382 0 171.067 4.18797e-06
4.04606 1.4382 0 172.069 3.92362e-06
4.04606 1.4382 0 173.072 3.67915e-06
4.04606 1.4382 0 174.074 3.45271e-06
4.04606 1.4382 0 175.077 3.24265e-06
4.04606 1.4382 0 176.079 3.04752e-06
4.04606 1.4382 0 177.082 2.86603e-06
4.04606 1.4382 0 178.084 2.69701e-06
4.04606 1.4382 0 179.087 2.53944e-06
4.04606 1.4382 0 180.089 2.39239e-06
4.04606 1.4382 0 181.092 2.25502e-06
4.04606 1.4382 0 182.094 2.12657e-06
4.04606 1.4382 0 183.096 2.00637e-06
4.04606 1.4382 0 184.099 1.89379e-06
4.04606 1.4382 0 185.101 1.78827e-06
4.04606 1.4382 0 186.104 1.6893e-06
4.04606 1.4382 0 187.106 1.5964e-06
4.04606 1.4382 0 188.109 1.50914e-06
4.04606 1.4382 0 189.111 1.42715e-06
4.04606 1.4382 0 190.114 1.35004e-06
4.04606 1.4382 0 191.116 1.27749e-06
4.04606 1.4382 0 192.119 1.2092e-06
4.04606 1.4382 0 193.121 1.14489e-06
4.04606 1.4382 0 194.124 1.08429e-06
4.04606 1.4382 0 195.126 1.02716e-06
4.04606 1.4382 0 196.129 9.73287e-07
4.04606 1.4382 0 197.131 9.22458e-07
4.04606 1.4382 0 198.133 8.74483e-07
4.04606 1.4382 0 199.136 8.29187e-07
4.04606 1.4382 0 200.138 7.86404e-07
4.04606 1.4382 0 201.141 7.4598e-07
4.04606 1.4382 0 202.143 7.07773e-07
4.04606 1.4382 0 203.146 6.7165e-07
4.04606 1.4382 0 204.148 6.37488e-07
4.04606 1.4382 0 205.151 6.05169e-07
4.04606 1.4382 0 206.153 5.74587e-07
4.04606 1.4382 0 207.156 5.4564e-07
4.04606 1.4382 0 208.158 5.18233e-07
4.04606 1.4382 0 209.161 4.92279e-07
4.04606 1.4382 0 210.163 4.67694e-07
4.04606 1.4382 0 211.166 4.44401e-07
4.04606 1.4382 0 212.168 4.22327e-07
4.04606 1.4382 0 213.171 4.01403e-07
4.04606 1.4382 0 214.173 3.81566e-07
4.04606 1.4382 0 215.175 3.62756e-07
4.04606 1.4382 0 216.178 3.44915e-07
4.04606 1.4382 0 217.18 3.27991e-07
4.04606 1.4382 0 218.183 3.11934e-07
4.04606 1.4382 0 219.185 2.96696e-07
4.04606 1.4382 0 220.188 2.82233e-07
4.04606 1.4382 0 221.19 2.68504e-07
4.04606 1.4382 0 222.193 2.5547e-07
4.04606 1.4382 0 223.195 2.43092e-07
4.04606 1.4382 0 224.198 2.31338e-07
4.04606 1.4382 0 225.2 2.20172e-07
4.04606 1.4382 0 226.203 2.09565e-07
4.04606 1.4382 0 227.205 1.99487e-07
4.04606 1.4382 0 228.208 1.89911e-07
4.04606 1.4382 0 229.21 1.80809e-07
4.04606 1.4382 0 230.212 1.72159e-07
4.04606 1.4382 0 231.215 1.63935e-07
4.04606 1.4382 0 232.217 1.56118e-07
4.04606 1.4382 0 233.22 1.48684e-07
4.04606 1.4382 0 234.222 1.41615e-07
4.04606 1.4382 0 235.225 1.34892e-07
4.04606 1.4382 0 236.227 1.28498e-07
4.04606 1.4382 0 237.23 1.22416e-07
4.04606 1.4382 0 238.232 1.16629e-07
4.04606 1.4382 0 239.235 1.11124e-07
4.04606 1.4382 0 240.237 1.05886e-07
4.04606 1.4382 0 241.24 1.00901e-07
4.04606 1.4382 0 242.242 9.61565e-08
4.04606 1.4382 0 243.245 9.16411e-08
4.04606 1.4382 0 244.247 8.7343e-08
4.04606 1.4382 0 245.25 8.32515e-08
4.04606 1.4382 0 246.252 7.93563e-08
4.04606 1.4382 0 247.254 7.56476e-08
4.04606 1.4382 0 248.257 7.21163e-08
4.04606 1.4382 0 249.259 6.87536e-08
4.04606 1.4382 0 250.262 6.55512e-08
4.04606 1.4382 0 251.264 6.25013e-08
4.04606 1.4382 0 252.267 5.95963e-08
4.04606 1.4382 0 253.269 5.68293e-08
4.04606 1.4382 0 254.272 5.41934e-08
4.04606 1.4382 0 255.274 5.16823e-08
4.04606 1.4382 0 256.277 4.92898e-08
4.04606 1.4382 0 257.279 4.70104e-08
4.04606 1.4382 0 258.282 4.48384e-08
4.04606 1.4382 0 259.284 4.27687e-08
4.04606 1.4382 0 260.287 4.07963e-08
4.04606 1.4382 0 261.289 3.89166e-08
4.04606 1.4382 0 262.291 3.71251e-08
4.04606 1.4382 0 263.294 3.54175e-08
4.04606 1.4382 0 264.296 3.37899e-08
4.04606 1.4382 0 265.299 3.22383e-08
4.04606 1.4382 0 266.301 3.07593e-08
4.04606 1.4382 0 267.304 2.93492e-08
4.04606 1.4382 0 268.306 2.80049e-08
4.04606 1.4382 0 269.309 2.67231e-08
4.04606 1.4382 0 270.311 2.5501e-08
4.04606 1.4382 0 271.314 2.43356e-08
4.04606 1.4382 0 272.316 2.32243e-08
4.04606 1.4382 0 273.319 2.21646e-08
4.04606 1.4382 0 274.321 2.11539e-08
4.04606 1.4382 0 275.324 2.01901e-08
4.04606 1.4382 0 276.326 1.92707e-08
4.04606 1.4382 0 277.329 1.83939e-08
4.04606 1.4382 0 278.331 1.75575e-08
4.04606 1.4382 0 279.333 1.67597e-08
4.04606 1.4382 0 280.336 1.59987e-08
4.04606 1.4382 0 281.338 1.52726e-08
4.04606 1.4382 0 282.341 1.458e-08
4.04606 1.4382 0 283.343 1.39192e-08
4.04606 1.4382 0 284.346 1.32888e-08
4.04606 1.4382 0 285.348 1.26872e-08
4.04606 1.4382 0 286.351 1.21133e-08
4.04606 1.4382 0 287.353 1.15656e-08
4.04606 1.4382 0 288.356 1.10431e-08
4.04606 1.4382 0 289.358 1.05444e-08
4.04606 1.4382 0 290.361 1.00685e-08
4.04606 1.4382 0 291.363 9.61432e-09
4.04606 1.4382 0 292.366 9.18089e-09
4.04606 1.4382 0 293.368 8.76723e-09
4.04606 1.4382 0 294.37 8.37242e-09
4.04606 1.4382 0 295.373 7.9956e-09
4.04606 1.4382 0 296.375 7.63592e-09
4.04606 1.4382 0 297.378 7.2926e-09
4.04606 1.4382 0 298.38 6.96489e-09
4.04606 1.4382 0 299.383 6.65206e-09
4.04606 1.4382 0 300.385 6.35343e-09
4.04606 1.4382 0 301.388 6.06835e-09
4.04606 1.4382 0 302.39 5.7962e-09
4.04606 1.4382 0 303.393 5.53637e-09
4.04606 1.4382 0 304.395 5.28832e-09
4.04606 1.4382 0 305.398 5.05148e-09
4.04606 1.4382 0 306.4 4.82536e-09
4.04606 1.4382 0 307.403 4.60946e-09
4.04606 1.4382 0 308.405 4.40331e-09
4.04606 1.4382 0 309.408 4.20647e-09
4.04606 1.4382 0 310.41 4.01851e-09
4.04606 1.4382 0 311.412 3.83903e-09
4.04606 1.4382 0 312.415 3.66764e-09
4.04606 1.4382 0 313.417 3.50397e-09
4.04606 1.4382 0 314.42 3.34767e-09
4.04606 1.4382 0 315.422 3.19841e-09
4.04606 1.4382 0 316.425 3.05585e-09
4.04606 1.4382 0 317.427 2.91971e-09
4.04606 1.4382 0 318.43 2.78968e-09
4.04606 1.4382 0 319.432 2.6655e-09
4.04606 1.4382 0 320.435 2.54689e-09
4.04606 1.4382 0 321.437 2.4336e-09
4.04606 1.4382 0 322.44 2.32539e-09
4.04606 1.4382 0 323.442 2.22203e-09
4.04606 1.4382 0 324.445 2.1233e-09
4.04606 1.4382 0 325.447 2.029e-09
4.04606 1.4382 0 326.449 1.93891e-09
4.04606 1.4382 0 327.452 1.85286e-09
4.04606 1.4382 0 328.454 1.77065e-09
4.04606 1.4382 0 329.457 1.69212e-09
4.04606 1.4382 0 330.459 1.6171e-09
4.04606 1.4382 0 331.462 1.54543e-09
4.04606 1.4382 0 332.464 1.47696e-09
4.04606 1.4382 0 333.467 1.41155e-09
4.04606 1.4382 0 334.469 1.34905e-09
4.04606 1.4382 0 335.472 1.28934e-09
4.04606 1.4382 0 336.474 1.23229e-09
4.04606 1.4382 0 337.477 1.17779e-09
4.04606 1.4382 0 338.479 1.12571e-09
4.04606 1.4382 0 339.482 1.07595e-09
4.04606 1.4382 0 340.484 1.0284e-09
4.04606 1.4382 0 341.487 9.8297e-10
4.04606 1.4382 0 342.489 9.39559e-10
4.04606 1.4382 0 343.491 8.98079e-10
4.04606 1.4382 0 344.494 8.58441e-10
4.04606 1.4382 0 345.496 8.20564e-10
4.04606 1.4382 0 346.499 7.84369e-10
4.04606 1.4382 0 347.501 7.49781e-10
4.04606 1.4382 0 348.504 7.16727e-10
4.04606 1.4382 0 349.506 6.8514e-10
4.04606 1.4382 0 350.509 6.54953e-10
4.04606 1.4382 0 351.511 6.26104e-10
4.04606 1.4382 0 352.514 5.98534e-10
4.04606 1.4382 0 353.516 5.72185e-10
4.04606 1.4382 0 354.519 5.47002e-10
4.04606 1.4382 0 355.521 5.22935e-10
4.04606 1.4382 0 356.524 4.99932e-10
4.04606 1.4382 0 357.526 4.77947e-10
4.04606 1.4382 0 358.528 4.56935e-10
4.04606 1.4382 0 359.531 4.36851e-10
4.04606 1.4382 0 360.533 4.17655e-10
4.04606 1.4382 0 361.536 3.99307e-10
4.04606 1.4382 0 362.538 3.8177e-10
4.04606 1.4382 0 363.541 3.65007e-10
4.04606 1.4382 0 364.543 3.48984e-10
4.04606 1.4382 0 365.546 3.33668e-10
4.04606 1.4382 0 366.548 3.19028e-10
4.04606 1.4382 0 367.551 3.05033e-10
4.04606 1.4382 0 368.553 2.91656e-10
4.04606 1.4382 0 369.556 2.78868e-10
4.04606 1.4382 0 370.558 2.66644e-10
4.04606 1.4382 0 371.561 2.54958e-10
4.04606 1.4382 0 372.563 2.43787e-10
4.04606 1.4382 0 373.566 2.33108e-10
4.04606 1.4382 0 374.568 2.22899e-10
4.04606 1.4382 0 375.57 2.13139e-10
4.04606 1.4382 0 376.573 2.03808e-10
4.04606 1.4382 0 377.575 1.94888e-10
4.04606 1.4382 0 378.578 1.8636e-10
4.04606 1.4382 0 379.58 1.78208e-10
4.04606 1.4382 0 380.583 1.70413e-10
4.04606 1.4382 0 381.585 1.62961e-10
4.04606 1.4382 0 382.588 1.55836e-10
4.04606 1.4382 0 383.59 1.49024e-10
4.04606 1.4382 0 384.593 1.42512e-10
4.04606 1.4382 0 385.595 1.36285e-10
4.04606 1.4382 0 386.598 1.30331e-10
4.04606 1.4382 0 387.6 1.24639e-10
4.04606 1.4382 0 388.603 1.19196e-10
4.04606 1.4382 0 389.605 1.13992e-10
4.04606 1.4382 0 390.607 1.09016e-10
4.04606 1.4382 0 391.61 1.04259e-10
4.04606 1.4382 0 392.612 9.97094e-11
4.04606 1.4382 0 393.615 9.53595e-11
4.04606 1.4382 0 394.617 9.12002e-11
4.04606 1.4382 0 395.62 8.7223e-11
4.04606 1.4382 0 396.622 8.342e-11
4.04606 1.4382 0 397.625 7.97834e-11
4.04606 1.4382 0 398.627 7.6306e-11
4.04606 1.4382 0 399.63 7.29807e-11
4.04606 1.4382 0 400.632 6.9801e-11
4.04606 1.4382 0 401.635 6.67603e-11
4.04606 1.4382 0 402.637 6.38525e-11
4.04606 1.4382 0 403.64 6.10719e-11
4.04606 1.4382 0 404.642 5.84129e-11
4.04606 1.4382 0 405.645 5.587e-11
4.04606 1.4382 0 406.647 5.34383e-11
4.04606 1.4382 0 407.649 5.11128e-11
4.04606 1.4382 0 408.652 4.88889e-11
4.04606 1.4382 0 409.654 4.6762e-11
4.04606 1.4382 0 410.657 4.47281e-11
4.04606 1.4382 0 411.659 4.27829e-11
4.04606 1.4382 0 412.662 4.09226e-11
4.04606 1.4382 0 413.664 3.91435e-11
4.04606 1.4382 0 414.667 3.7442e-11
4.04606 1.4382 0 415.669 3.58147e-11
4.04606 1.4382 0 416.672 3.42584e-11
4.04606 1.4382 0 417.674 3.27699e-11
4.04606 1.4382 0 418.677 3.13464e-11
4.04606 1.4382 0 419.679 2.99848e-11
4.04606 1.4382 0 420.682 2.86827e-11
4.04606 1.4382 0 421.684 2.74372e-11
4.04606 1.4382 0 422.686 2.6246e-11
4.04606 1.4382 0 423.689 2.51067e-11
4.04606 1.4382 0 424.691 2.4017e-11
4.04606 1.4382 0 425.694 2.29748e-11
4.04606 1.4382 0 426.696 2.19779e-11
4.04606 1.4382 0 427.699 2.10244e-11
4.04606 1.4382 0 428.701 2.01124e-11
4.04606 1.4382 0 429.704 1.92401e-11
4.04606 1.4382 0 430.706 1.84058e-11
4.04606 1.4382 0 431.709 1.76077e-11
4.04606 1.4382 0 432.711 1.68444e-11
4.04606 1.4382 0 433.714 1.61142e-11
4.04606 1.4382 0 434.716 1.54158e-11
4.04606 1.4382 0 435.719 1.47477e-11
4.04606 1.4382 0 436.721 1.41087e-11
4.04606 1.4382 0 437.724 1.34974e-11
4.04606 1.4382 0 438.726 1.29128e-11
4.04606 1.4382 0 439.728 1.23535e-11
4.04606 1.4382 0 440.731 1.18185e-11
4.04606 1.4382 0 441.733 1.13067e-11
4.04606 1.4382 0 442.736 1.08172e-11
4.04606 1.4382 0 443.738 1.03489e-11
4.04606 1.4382 0 444.741 9.90093e-12
4.04606 1.4382 0 445.743 9.47241e-12
4.04606 1.4382 0 446.746 9.0625e-12
4.04606 1.4382 0 447.748 8.67037e-12
4.04606 1.4382 0 448.751 8.29525e-12
4.04606 1.4382 0 449.753 7.93641e-12
4.04606 1.4382 0 450.756 7.59313e-12
4.04606 1.4382 0 451.758 7.26474e-12
4.04606 1.4382 0 452.761 6.95059e-12
4.04606 1.4382 0 453.763 6.65005e-12
4.04606 1.4382 0 454.765 6.36255e-12
4.04606 1.4382 0 455.768 6.08751e-12
4.04606 1.4382 0 456.77 5.82439e-12
4.04606 1.4382 0 457.773 5.57267e-12
4.04606 1.4382 0 458.775 5.33185e-12
4.04606 1.4382 0 459.778 5.10147e-12
4.04606 1.4382 0 460.78 4.88107e-12
4.04606 1.4382 0 461.783 4.67021e-12
4.04606 1.4382 0 462.785 4.46848e-12
4.04606 1.4382 0 463.788 4.27549e-12
4.04606 1.4382 0 464.79 4.09085e-12
4.04606 1.4382 0 465.793 3.91421e-12
4.04606 1.4382 0 466.795 3.74521e-12
4.04606 1.4382 0 467.798 3.58353e-12
4.04606 1.4382 0 468.8 3.42884e-12
4.04606 1.4382 0 469.803 3.28084e-12
4.04606 1.4382 0 470.805 3.13925e-12
4.04606 1.4382 0 471.807 3.00378e-12
4.04606 1.4382 0 472.81 2.87418e-12
4.04606 1.4382 0 473.812 2.75017e-12
4.04606 1.4382 0 474.815 2.63153e-12
4.04606 1.4382 0 475.817 2.51802e-12
4.04606 1.4382 0 476.82 2.40941e-12
4.04606 1.4382 0 477.822 2.3055e-12
4.04606 1.4382 0 478.825 2.20608e-12
4.04606 1.4382 0 479.827 2.11096e-12
4.04606 1.4382 0 480.83 2.01995e-12
4.04606 1.4382 0 481.832 1.93287e-12
4.04606 1.4382 0 482.835 1.84955e-12
4.04606 1.4382 0 483.837 1.76983e-12
4.04606 1.4382 0 484.84 1.69356e-12
4.04606 1.4382 0 485.842 1.62058e-12
4.04606 1.4382 0 486.844 1.55075e-12
4.04606 1.4382 0 487.847 1.48393e-12
4.04606 1.4382 0 488.849 1.42e-12
4.04606 1.4382 0 489.852 1.35883e-12
4.04606 1.4382 0 490.854 1.3003e-12
4.04606 1.4382 0 491.857 1.2443e-12
4.04606 1.4382 0 492.859 1.19071e-12
4.04606 1.4382 0 493.862 1.13944e-12
4.04606 1.4382 0 494.864 1.09037e-12
4.04606 1.4382 0 495.867 1.04343e-12
4.04606 1.4382 0 496.869 9.98509e-13
4.04606 1.4382 0 497.872 9.55526e-13
4.04606 1.4382 0 498.874 9.14397e-13
4.04606 1.4382 0 499.877 8.75042e-13
4.04606 1.4382 0 500.879 8.37384e-13
4.04606 1.4382 0 501.882 8.0135e-13
4.04606 1.4382 0 502.884 7.66869e-13
4.04606 1.4382 0 503.886 7.33874e-13
4.04606 1.4382 0 504.889 7.02302e-13
4.04606 1.4382 0 505.891 6.72091e-13
4.04606 1.4382 0 506.894 6.43181e-13
4.04606 1.4382 0 507.896 6.15518e-13
4.04606 1.4382 0 508.899 5.89046e-13
4.04606 1.4382 0 509.901 5.63715e-13
4.04606 1.4382 0 510.904 5.39475e-13
4.04606 1.4382 0 511.906 5.16279e-13
4.04606 1.4382 0 512.909 4.94082e-13
4.04606 1.4382 0 513.911 4.72842e-13
4.04606 1.4382 0 514.914 4.52516e-13
4.04606 1.4382 0 515.916 4.33065e-13
4.04606 1.4382 0 516.919 4.14452e-13
4.04606 1.4382 0 517.921 3.9664e-13
4.04606 1.4382 0 518.923 3.79595e-13
4.04606 1.4382 0 519.926 3.63284e-13
4.04606 1.4382 0 520.928 3.47675e-13
4.04606 1.4382 0 521.931 3.32737e-13
4.04606 1.4382 0 522.933 3.18443e-13
4.04606 1.4382 0 523.936 3.04763e-13
4.04606 1.4382 0 524.938 2.91673e-13
4.04606 1.4382 0 525.941 2.79145e-13
4.04606 1.4382 0 526.943 2.67156e-13
4.04606 1.4382 0 527.946 2.55683e-13
4.04606 1.4382 0 528.948 2.44704e-13
4.04606 1.4382 0 529.951 2.34197e-13
4.04606 1.4382 0 530.953 2.24141e-13
4.04606 1.4382 0 531.956 2.14518e-13
4.04606 1.4382 0 532.958 2.05309e-13
4.04606 1.4382 0 533.961 1.96496e-13
4.04606 1.4382 0 534.963 1.88062e-13
4.04606 1.4382 0 535.965 1.7999e-13
4.04606 1.4382 0 536.968 1.72265e-13
4.04606 1.4382 0 537.97 1.64872e-13
4.04606 1.4382 0 538.973 1.57798e-13
4.04606 1.4382 0 539.975 1.51027e-13
4.04606 1.4382 0 540.978 1.44547e-13
4.04606 1.4382 0 541.98 1.38345e-13
4.04606 1.4382 0 542.983 1.3241e-13
4.04606 1.4382 0 543.985 1.2673e-13
4.04606 1.4382 0 544.988 1.21294e-13
4.04606 1.4382 0 545.99 1.16091e-13
4.04606 1.4382 0 546.993 1.11112e-13
4.04606 1.4382 0 547.995 1.06347e-13
4.04606 1.4382 0 548.998 1.01787e-13
4.04606 1.4382 0 550 9.7422e-14

