2.20377 1.4382 200 150.015 2.08381e-05
2.20377 1.4382 200 151.017 3.72865e-05
2.20377 1.4382 200 152.02 3.7728e-05
2.20377 1.4382 200 153.022 3.62811e-05
2.20377 1.4382 200 154.025 3.47408e-05
2.20377 1.4382 200 155.027 3.32691e-05
2.20377 1.4382 200 156.03 3.18756e-05
2.20377 1.4382 200 157.032 3.05558e-05
2.20377 1.4382 200 158.035 2.93047e-05
2.20377 1.4382 200 159.037 2.81176e-05
2.20377 1.4382 200 160.04 2.69901e-05
2.20377 1.4382 200 161.042 2.59186e-05
2.20377 1.4382 200 162.045 2.48996e-05
2.20377 1.4382 200 163.047 2.39297e-05
2.20377 1.4382 200 164.05 2.30061e-05
2.20377 1.4382 200 165.052 2.2126e-05
2.20377 1.4382 200 166.054 2.12869e-05
2.20377 1.4382 200 167.057 2.04864e-05
2.20377 1.4382 200 168.059 1.97223e-05
2.20377 1.4382 200 169.062 1.89927e-05
2.20377 1.4382 200 170.064 1.82956e-05
2.20377 1.4382 200 171.067 1.76292e-05
2.20377 1.4382 200 172.069 1.69919e-05
2.20377 1.4382 200 173.072 1.63821e-05
2.20377 1.4382 200 174.074 1.57984e-05
2.20377 1.4382 200 175.077 1.52394e-05
2.20377 1.4382 200 176.079 1.47039e-05
2.20377 1.4382 200 177.082 1.41907e-05
2.20377 1.4382 200 178.084 1.36986e-05
2.20377 1.4382 200 179.087 1.32266e-05
2.20377 1.4382 200 180.089 1.27737e-05
2.20377 1.4382 200 181.092 1.2339e-05
2.20377 1.4382 200 182.094 1.19216e-05
2.20377 1.4382 200 183.096 1.15206e-05
2.20377 1.4382 200 184.099 1.11353e-05
2.20377 1.4382 200 185.101 1.0765e-05
2.20377 1.4382 200 186.104 1.0409e-05
2.20377 1.4382 200 187.106 1.00665e-05
2.20377 1.4382 200 188.109 9.73708e-06
2.20377 1.4382 200 189.111 9.42002e-06
2.20377 1.4382 200 190.114 9.1148e-06
2.20377 1.4382 200 191.116 8.82091e-06
2.20377 1.4382 200 192.119 8.53784e-06
2.20377 1.4382 200 193.121 8.26512e-06
2.20377 1.4382 200 194.124 8.00231e-06
2.20377 1.4382 200 195.126 7.74898e-06
2.20377 1.4382 200 196.129 7.50473e-06
2.20377 1.4382 200 197.131 7.26918e-06
2.20377 1.4382 200 198.133 7.04196e-06
2.20377 1.4382 200 199.136 6.82273e-06
2.20377 1.4382 200 200.138 6.61116e-06
2.20377 1.4382 200 201.141 6.40693e-06
2.20377 1.4382 200 202.143 6.20977e-06
2.20377 1.4382 200 203.146 6.01937e-06
2.20377 1.4382 200 204.148 5.83547e-06
2.20377 1.4382 200 205.151 5.65781e-06
2.20377 1.4382 200 206.153 5.48615e-06
2.20377 1.4382 200 207.156 5.32025e-06
2.20377 1.4382 200 208.158 5.1599e-06
2.20377 1.4382 200 209.161 5.00488e-06
2.20377 1.4382 200 210.163 4.85498e-06
2.20377 1.4382 200 211.166 4.71001e-06
2.20377 1.4382 200 212.168 4.56979e-06
2.20377 1.4382 200 213.171 4.43414e-06
2.20377 1.4382 200 214.173 4.30289e-06
2.20377 1.4382 200 215.175 4.17587e-06
2.20377 1.4382 200 216.178 4.05294e-06
2.20377 1.4382 200 217.18 3.93394e-06
2.20377 1.4382 200 218.183 3.81874e-06
2.20377 1.4382 200 219.185 3.70718e-06
2.20377 1.4382 200 220.188 3.59916e-06
2.20377 1.4382 200 221.19 3.49453e-06
2.20377 1.4382 200 222.193 3.39319e-06
2.20377 1.4382 200 223.195 3.295e-06
2.20377 1.4382 200 224.198 3.19988e-06
2.20377 1.4382 200 225.2 3.1077e-06
2.20377 1.4382 200 226.203 3.01836e-06
2.20377 1.4382 200 227.205 2.93178e-06
2.20377 1.4382 200 228.208 2.84785e-06
2.20377 1.4382 200 229.21 2.76649e-06
2.20377 1.4382 200 230.212 2.6876e-06
2.20377 1.4382 200 231.215 2.61111e-06
2.20377 1.4382 200 232.217 2.53693e-06
2.20377 1.4382 200 233.22 2.46499e-06
2.20377 1.4382 200 234.222 2.39522e-06
2.20377 1.4382 200 235.225 2.32753e-06
2.20377 1.4382 200 236.227 2.26187e-06
2.20377 1.4382 200 237.23 2.19817e-06
2.20377 1.4382 200 238.232 2.13636e-06
2.20377 1.4382 200 239.235 2.07639e-06
2.20377 1.4382 200 240.237 2.01818e-06
2.20377 1.4382 200 241.24 1.9617e-06
2.20377 1.4382 200 242.242 1.90687e-06
2.20377 1.4382 200 243.245 1.85366e-06
2.20377 1.4382 200 244.247 1.802e-06
2.20377 1.4382 200 245.25 1.75185e-06
2.20377 1.4382 200 246.252 1.70316e-06
2.20377 1.4382 200 247.254 1.65589e-06
2.20377 1.4382 200 248.257 1.60999e-06
2.20377 1.4382 200 249.259 1.56541e-06
2.20377 1.4382 200 250.262 1.52213e-06
2.20377 1.4382 200 251.264 1.48009e-06
2.20377 1.4382 200 252.267 1.43926e-06
2.20377 1.4382 200 253.269 1.3996e-06
2.20377 1.4382 200 254.272 1.36107e-06
2.20377 1.4382 200 255.274 1.32365e-06
2.20377 1.4382 200 256.277 1.2873e-06
2.20377 1.4382 200 257.279 1.25198e-06
2.20377 1.4382 200 258.282 1.21767e-06
2.20377 1.4382 200 259.284 1.18433e-06
2.20377 1.4382 200 260.287 1.15193e-06
2.20377 1.4382 200 261.289 1.12045e-06
2.20377 1.4382 200 262.291 1.08987e-06
2.20377 1.4382 200 263.294 1.06014e-06
2.20377 1.4382 200 264.296 1.03125e-06
2.20377 1.4382 200 265.299 1.00317e-06
2.20377 1.4382 200 266.301 9.75881e-07
2.20377 1.4382 200 267.304 9.49356e-07
2.20377 1.4382 200 268.306 9.23573e-07
2.20377 1.4382 200 269.309 8.98512e-07
2.20377 1.4382 200 270.311 8.74149e-07
2.20377 1.4382 200 271.314 8.50466e-07
2.20377 1.4382 200 272.316 8.27442e-07
2.20377 1.4382 200 273.319 8.05059e-07
2.20377 1.4382 200 274.321 7.83296e-07
2.20377 1.4382 200 275.324 7.62138e-07
2.20377 1.4382 200 276.326 7.41565e-07
2.20377 1.4382 200 277.329 7.21562e-07
2.20377 1.4382 200 278.331 7.02112e-07
2.20377 1.4382 200 279.333 6.83198e-07
2.20377 1.4382 200 280.336 6.64806e-07
2.20377 1.4382 200 281.338 6.46921e-07
2.20377 1.4382 200 282.341 6.29528e-07
2.20377 1.4382 200 283.343 6.12613e-07
2.20377 1.4382 200 284.346 5.96163e-07
2.20377 1.4382 200 285.348 5.80163e-07
2.20377 1.4382 200 286.351 5.64603e-07
2.20377 1.4382 200 287.353 5.49468e-07
2.20377 1.4382 200 288.356 5.34748e-07
2.20377 1.4382 200 289.358 5.2043e-07
2.20377 1.4382 200 290.361 5.06503e-07
2.20377 1.4382 200 291.363 4.92956e-07
2.20377 1.4382 200 292.366 4.79778e-07
2.20377 1.4382 200 293.368 4.66959e-07
2.20377 1.4382 200 294.37 4.5449e-07
2.20377 1.4382 200 295.373 4.42359e-07
2.20377 1.4382 200 296.375 4.30558e-07
2.20377 1.4382 200 297.378 4.19077e-07
2.20377 1.4382 200 298.38 4.07908e-07
2.20377 1.4382 200 299.383 3.97041e-07
2.20377 1.4382 200 300.385 3.8647e-07
2.20377 1.4382 200 301.388 3.76184e-07
2.20377 1.4382 200 302.39 3.66176e-07
2.20377 1.4382 200 303.393 3.5644e-07
2.20377 1.4382 200 304.395 3.46966e-07
2.20377 1.4382 200 305.398 3.37748e-07
2.20377 1.4382 200 306.4 3.28778e-07
2.20377 1.4382 200 307.403 3.20051e-07
2.20377 1.4382 200 308.405 3.11559e-07
2.20377 1.4382 200 309.408 3.03295e-07
2.20377 1.4382 200 310.41 2.95254e-07
2.20377 1.4382 200 311.412 2.87429e-07
2.20377 1.4382 200 312.415 2.79815e-07
2.20377 1.4382 200 313.417 2.72405e-07
2.20377 1.4382 200 314.42 2.65194e-07
2.20377 1.4382 200 315.422 2.58177e-07
2.20377 1.4382 200 316.425 2.51348e-07
2.20377 1.4382 200 317.427 2.44702e-07
2.20377 1.4382 200 318.43 2.38234e-07
2.20377 1.4382 200 319.432 2.3194e-07
2.20377 1.4382 200 320.435 2.25813e-07
2.20377 1.4382 200 321.437 2.19851e-07
2.20377 1.4382 200 322.44 2.14048e-07
2.20377 1.4382 200 323.442 2.08401e-07
2.20377 1.4382 200 324.445 2.02904e-07
2.20377 1.4382 200 325.447 1.97554e-07
2.20377 1.4382 200 326.449 1.92347e-07
2.20377 1.4382 200 327.452 1.87278e-07
2.20377 1.4382 200 328.454 1.82345e-07
2.20377 1.4382 200 329.457 1.77543e-07
2.20377 1.4382 200 330.459 1.7287e-07
2.20377 1.4382 200 331.462 1.6832e-07
2.20377 1.4382 200 332.464 1.63892e-07
2.20377 1.4382 200 333.467 1.59582e-07
2.20377 1.4382 200 334.469 1.55386e-07
2.20377 1.4382 200 335.472 1.51302e-07
2.20377 1.4382 200 336.474 1.47327e-07
2.20377 1.4382 200 337.477 1.43457e-07
2.20377 1.4382 200 338.479 1.3969e-07
2.20377 1.4382 200 339.482 1.36023e-07
2.20377 1.4382 200 340.484 1.32453e-07
2.20377 1.4382 200 341.487 1.28978e-07
2.20377 1.4382 200 342.489 1.25595e-07
2.20377 1.4382 200 343.491 1.22301e-07
2.20377 1.4382 200 344.494 1.19095e-07
2.20377 1.4382 200 345.496 1.15974e-07
2.20377 1.4382 200 346.499 1.12936e-07
2.20377 1.4382 200 347.501 1.09977e-07
2.20377 1.4382 200 348.504 1.07098e-07
2.20377 1.4382 200 349.506 1.04294e-07
2.20377 1.4382 200 350.509 1.01564e-07
2.20377 1.4382 200 351.511 9.89071e-08
2.20377 1.4382 200 352.514 9.632e-08
2.20377 1.4382 200 353.516 9.38012e-08
2.20377 1.4382 200 354.519 9.13489e-08
2.20377 1.4382 200 355.521 8.89614e-08
2.20377 1.4382 200 356.524 8.66368e-08
2.20377 1.4382 200 357.526 8.43736e-08
2.20377 1.4382 200 358.528 8.21701e-08
2.20377 1.4382 200 359.531 8.00247e-08
2.20377 1.4382 200 360.533 7.79358e-08
2.20377 1.4382 200 361.536 7.59019e-08
2.20377 1.4382 200 362.538 7.39216e-08
2.20377 1.4382 200 363.541 7.19935e-08
2.20377 1.4382 200 364.543 7.01162e-08
2.20377 1.4382 200 365.546 6.82882e-08
2.20377 1.4382 200 366.548 6.65083e-08
2.20377 1.4382 200 367.551 6.47753e-08
2.20377 1.4382 200 368.553 6.30878e-08
2.20377 1.4382 200 369.556 6.14446e-08
2.20377 1.4382 200 370.558 5.98447e-08
2.20377 1.4382 200 371.561 5.82868e-08
2.20377 1.4382 200 372.563 5.67698e-08
2.20377 1.4382 200 373.566 5.52926e-08
2.20377 1.4382 200 374.568 5.38542e-08
2.20377 1.4382 200 375.57 5.24536e-08
2.20377 1.4382 200 376.573 5.10897e-08
2.20377 1.4382 200 377.575 4.97616e-08
2.20377 1.4382 200 378.578 4.84683e-08
2.20377 1.4382 200 379.58 4.72089e-08
2.20377 1.4382 200 380.583 4.59825e-08
2.20377 1.4382 200 381.585 4.47883e-08
2.20377 1.4382 200 382.588 4.36253e-08
2.20377 1.4382 200 383.59 4.24928e-08
2.20377 1.4382 200 384.593 4.13899e-08
2.20377 1.4382 200 385.595 4.03159e-08
2.20377 1.4382 200 386.598 3.927e-08
2.20377 1.4382 200 387.6 3.82515e-08
2.20377 1.4382 200 388.603 3.72596e-08
2.20377 1.4382 200 389.605 3.62937e-08
2.20377 1.4382 200 390.607 3.5353e-08
2.20377 1.4382 200 391.61 3.44368e-08
2.20377 1.4382 200 392.612 3.35447e-08
2.20377 1.4382 200 393.615 3.26758e-08
2.20377 1.4382 200 394.617 3.18296e-08
2.20377 1.4382 200 395.62 3.10055e-08
2.20377 1.4382 200 396.622 3.02029e-08
2.20377 1.4382 200 397.625 2.94213e-08
2.20377 1.4382 200 398.627 2.866e-08
2.20377 1.4382 200 399.63 2.79187e-08
2.20377 1.4382 200 400.632 2.71966e-08
2.20377 1.4382 200 401.635 2.64934e-08
2.20377 1.4382 200 402.637 2.58085e-08
2.20377 1.4382 200 403.64 2.51414e-08
2.20377 1.4382 200 404.642 2.44917e-08
2.20377 1.4382 200 405.645 2.3859e-08
2.20377 1.4382 200 406.647 2.32427e-08
2.20377 1.4382 200 407.649 2.26425e-08
2.20377 1.4382 200 408.652 2.20579e-08
2.20377 1.4382 200 409.654 2.14885e-08
2.20377 1.4382 200 410.657 2.09339e-08
2.20377 1.4382 200 411.659 2.03938e-08
2.20377 1.4382 200 412.662 1.98677e-08
2.20377 1.4382 200 413.664 1.93552e-08
2.20377 1.4382 200 414.667 1.88561e-08
2.20377 1.4382 200 415.669 1.837e-08
2.20377 1.4382 200 416.672 1.78965e-08
2.20377 1.4382 200 417.674 1.74353e-08
2.20377 1.4382 200 418.677 1.69861e-08
2.20377 1.4382 200 419.679 1.65485e-08
2.20377 1.4382 200 420.682 1.61223e-08
2.20377 1.4382 200 421.684 1.57072e-08
2.20377 1.4382 200 422.686 1.53028e-08
2.20377 1.4382 200 423.689 1.49089e-08
2.20377 1.4382 200 424.691 1.45252e-08
2.20377 1.4382 200 425.694 1.41515e-08
2.20377 1.4382 200 426.696 1.37875e-08
2.20377 1.4382 200 427.699 1.34329e-08
2.20377 1.4382 200 428.701 1.30875e-08
2.20377 1.4382 200 429.704 1.27511e-08
2.20377 1.4382 200 430.706 1.24233e-08
2.20377 1.4382 200 431.709 1.21041e-08
2.20377 1.4382 200 432.711 1.17931e-08
2.20377 1.4382 200 433.714 1.14901e-08
2.20377 1.4382 200 434.716 1.11951e-08
2.20377 1.4382 200 435.719 1.09076e-08
2.20377 1.4382 200 436.721 1.06276e-08
2.20377 1.4382 200 437.724 1.03548e-08
2.20377 1.4382 200 438.726 1.00891e-08
2.20377 1.4382 200 439.728 9.83021e-09
2.20377 1.4382 200 440.731 9.57805e-09
2.20377 1.4382 200 441.733 9.3324e-09
2.20377 1.4382 200 442.736 9.0931e-09
2.20377 1.4382 200 443.738 8.85998e-09
2.20377 1.4382 200 444.741 8.63288e-09
2.20377 1.4382 200 445.743 8.41164e-09
2.20377 1.4382 200 446.746 8.19612e-09
2.20377 1.4382 200 447.748 7.98616e-09
2.20377 1.4382 200 448.751 7.78161e-09
2.20377 1.4382 200 449.753 7.58235e-09
2.20377 1.4382 200 450.756 7.38822e-09
2.20377 1.4382 200 451.758 7.1991e-09
2.20377 1.4382 200 452.761 7.01486e-09
2.20377 1.4382 200 453.763 6.83537e-09
2.20377 1.4382 200 454.765 6.6605e-09
2.20377 1.4382 200 455.768 6.49014e-09
2.20377 1.4382 200 456.77 6.32417e-09
2.20377 1.4382 200 457.773 6.16247e-09
2.20377 1.4382 200 458.775 6.00494e-09
2.20377 1.4382 200 459.778 5.85146e-09
2.20377 1.4382 200 460.78 5.70193e-09
2.20377 1.4382 200 461.783 5.55626e-09
2.20377 1.4382 200 462.785 5.41433e-09
2.20377 1.4382 200 463.788 5.27605e-09
2.20377 1.4382 200 464.79 5.14133e-09
2.20377 1.4382 200 465.793 5.01007e-09
2.20377 1.4382 200 466.795 4.88219e-09
2.20377 1.4382 200 467.798 4.7576e-09
2.20377 1.4382 200 468.8 4.63621e-09
2.20377 1.4382 200 469.803 4.51794e-09
2.20377 1.4382 200 470.805 4.4027e-09
2.20377 1.4382 200 471.807 4.29043e-09
2.20377 1.4382 200 472.81 4.18104e-09
2.20377 1.4382 200 473.812 4.07446e-09
2.20377 1.4382 200 474.815 3.97061e-09
2.20377 1.4382 200 475.817 3.86943e-09
2.20377 1.4382 200 476.82 3.77085e-09
2.20377 1.4382 200 477.822 3.67479e-09
2.20377 1.4382 200 478.825 3.5812e-09
2.20377 1.4382 200 479.827 3.49001e-09
2.20377 1.4382 200 480.83 3.40116e-09
2.20377 1.4382 200 481.832 3.31459e-09
2.20377 1.4382 200 482.835 3.23023e-09
2.20377 1.4382 200 483.837 3.14804e-09
2.20377 1.4382 200 484.84 3.06795e-09
2.20377 1.4382 200 485.842 2.98992e-09
2.20377 1.4382 200 486.844 2.91388e-09
2.20377 1.4382 200 487.847 2.83979e-09
2.20377 1.4382 200 488.849 2.7676e-09
2.20377 1.4382 200 489.852 2.69725e-09
2.20377 1.4382 200 490.854 2.6287e-09
2.20377 1.4382 200 491.857 2.56191e-09
2.20377 1.4382 200 492.859 2.49683e-09
2.20377 1.4382 200 493.862 2.43341e-09
2.20377 1.4382 200 494.864 2.37162e-09
2.20377 1.4382 200 495.867 2.3114e-09
2.20377 1.4382 200 496.869 2.25273e-09
2.20377 1.4382 200 497.872 2.19555e-09
2.20377 1.4382 200 498.874 2.13983e-09
2.20377 1.4382 200 499.877 2.08554e-09
2.20377 1.4382 200 500.879 2.03263e-09
2.20377 1.4382 200 501.882 1.98108e-09
2.20377 1.4382 200 502.884 1.93084e-09
2.20377 1.4382 200 503.886 1.88189e-09
2.20377 1.4382 200 504.889 1.83418e-09
2.20377 1.4382 200 505.891 1.78769e-09
2.20377 1.4382 200 506.894 1.74239e-09
2.20377 1.4382 200 507.896 1.69824e-09
2.20377 1.4382 200 508.899 1.65522e-09
2.20377 1.4382 200 509.901 1.6133e-09
2.20377 1.4382 200 510.904 1.57245e-09
2.20377 1.4382 200 511.906 1.53263e-09
2.20377 1.4382 200 512.909 1.49383e-09
2.20377 1.4382 200 513.911 1.45603e-09
2.20377 1.4382 200 514.914 1.41918e-09
2.20377 1.4382 200 515.916 1.38327e-09
2.20377 1.4382 200 516.919 1.34828e-09
2.20377 1.4382 200 517.921 1.31418e-09
2.20377 1.4382 200 518.923 1.28094e-09
2.20377 1.4382 200 519.926 1.24855e-09
2.20377 1.4382 200 520.928 1.21699e-09
2.20377 1.4382 200 521.931 1.18623e-09
2.20377 1.4382 200 522.933 1.15625e-09
2.20377 1.4382 200 523.936 1.12704e-09
2.20377 1.4382 200 524.938 1.09857e-09
2.20377 1.4382 200 525.941 1.07082e-09
2.20377 1.4382 200 526.943 1.04377e-09
2.20377 1.4382 200 527.946 1.01742e-09
2.20377 1.4382 200 528.948 9.91733e-10
2.20377 1.4382 200 529.951 9.667e-10
2.20377 1.4382 200 530.953 9.42303e-10
2.20377 1.4382 200 531.956 9.18526e-10
2.20377 1.4382 200 532.958 8.95352e-10
2.20377 1.4382 200 533.961 8.72767e-10
2.20377 1.4382 200 534.963 8.50755e-10
2.20377 1.4382 200 535.965 8.29302e-10
2.20377 1.4382 200 536.968 8.08394e-10
2.20377 1.4382 200 537.97 7.88015e-10
2.20377 1.4382 200 538.973 7.68154e-10
2.20377 1.4382 200 539.975 7.48797e-10
2.20377 1.4382 200 540.978 7.2993e-10
2.20377 1.4382 200 541.98 7.11542e-10
2.20377 1.4382 200 542.983 6.9362e-10
2.20377 1.4382 200 543.985 6.76153e-10
2.20377 1.4382 200 544.988 6.59128e-10
2.20377 1.4382 200 545.99 6.42534e-10
2.20377 1.4382 200 546.993 6.26361e-10
2.20377 1.4382 200 547.995 6.10597e-10
2.20377 1.4382 200 548.998 5.95233e-10
2.20377 1.4382 200 550 5.80258e-10
