0.992457 1.4382 0 100.01 7.40667e-06
0.992457 1.4382 0 101.012 1.37948e-05
0.992457 1.4382 0 102.015 1.40224e-05
0.992457 1.4382 0 103.017 1.37331e-05
0.992457 1.4382 0 104.02 1.34331e-05
0.992457 1.4382 0 105.022 1.31424e-05
0.992457 1.4382 0 106.025 1.28604e-05
0.992457 1.4382 0 107.027 1.25862e-05
0.992457 1.4382 0 108.03 1.23193e-05
0.992457 1.4382 0 109.032 1.20593e-05
0.992457 1.4382 0 110.035 1.18058e-05
0.992457 1.4382 0 111.037 1.15585e-05
0.992457 1.4382 0 112.04 1.13173e-05
0.992457 1.4382 0 113.042 1.10819e-05
0.992457 1.4382 0 114.045 1.08521e-05
0.992457 1.4382 0 115.047 1.06277e-05
0.992457 1.4382 0 116.05 1.04086e-05
0.992457 1.4382 0 117.052 1.01947e-05
0.992457 1.4382 0 118.055 9.98567e-06
0.992457 1.4382 0 119.057 9.78152e-06
0.992457 1.4382 0 120.06 9.58207e-06
0.992457 1.4382 0 121.062 9.38721e-06
0.992457 1.4382 0 122.065 9.1968e-06
0.992457 1.4382 0 123.067 9.01074e-06
0.992457 1.4382 0 124.07 8.82891e-06
0.992457 1.4382 0 125.072 8.6512e-06
0.992457 1.4382 0 126.075 8.47751e-06
0.992457 1.4382 0 127.077 8.30773e-06
0.992457 1.4382 0 128.079 8.14177e-06
0.992457 1.4382 0 129.082 7.97954e-06
0.992457 1.4382 0 130.084 7.82093e-06
0.992457 1.4382 0 131.087 7.66586e-06
0.992457 1.4382 0 132.089 7.51424e-06
0.992457 1.4382 0 133.092 7.36599e-06
0.992457 1.4382 0 134.094 7.22103e-06
0.992457 1.4382 0 135.097 7.07926e-06
0.992457 1.4382 0 136.099 6.94063e-06
0.992457 1.4382 0 137.102 6.80504e-06
0.992457 1.4382 0 138.104 6.67244e-06
0.992457 1.4382 0 139.107 6.54273e-06
0.992457 1.4382 0 140.109 6.41586e-06
0.992457 1.4382 0 141.112 6.29176e-06
0.992457 1.4382 0 142.114 6.17036e-06
0.992457 1.4382 0 143.117 6.05159e-06
0.992457 1.4382 0 144.119 5.9354e-06
0.992457 1.4382 0 145.122 5.82171e-06
0.992457 1.4382 0 146.124 5.71048e-06
0.992457 1.4382 0 147.127 5.60165e-06
0.992457 1.4382 0 148.129 5.49515e-06
0.992457 1.4382 0 149.132 5.39093e-06
0.992457 1.4382 0 150.134 5.28894e-06
0.992457 1.4382 0 151.137 5.18913e-06
0.992457 1.4382 0 152.139 5.09144e-06
0.992457 1.4382 0 153.142 4.99583e-06
0.992457 1.4382 0 154.144 4.90224e-06
0.992457 1.4382 0 155.146 4.81063e-06
0.992457 1.4382 0 156.149 4.72096e-06
0.992457 1.4382 0 157.151 4.63318e-06
0.992457 1.4382 0 158.154 4.54723e-06
0.992457 1.4382 0 159.156 4.46309e-06
0.992457 1.4382 0 160.159 4.38072e-06
0.992457 1.4382 0 161.161 4.30006e-06
0.992457 1.4382 0 162.164 4.22107e-06
0.992457 1.4382 0 163.166 4.14374e-06
0.992457 1.4382 0 164.169 4.068e-06
0.992457 1.4382 0 165.171 3.99383e-06
0.992457 1.4382 0 166.174 3.92119e-06
0.992457 1.4382 0 167.176 3.85005e-06
0.992457 1.4382 0 168.179 3.78037e-06
0.992457 1.4382 0 169.181 3.71212e-06
0.992457 1.4382 0 170.184 3.64527e-06
0.992457 1.4382 0 171.186 3.57977e-06
0.992457 1.4382 0 172.189 3.51562e-06
0.992457 1.4382 0 173.191 3.45276e-06
0.992457 1.4382 0 174.194 3.39119e-06
0.992457 1.4382 0 175.196 3.33085e-06
0.992457 1.4382 0 176.199 3.27174e-06
0.992457 1.4382 0 177.201 3.21381e-06
0.992457 1.4382 0 178.204 3.15705e-06
0.992457 1.4382 0 179.206 3.10142e-06
0.992457 1.4382 0 180.208 3.04691e-06
0.992457 1.4382 0 181.211 2.99348e-06
0.992457 1.4382 0 182.213 2.94112e-06
0.992457 1.4382 0 183.216 2.8898e-06
0.992457 1.4382 0 184.218 2.8395e-06
0.992457 1.4382 0 185.221 2.79019e-06
0.992457 1.4382 0 186.223 2.74185e-06
0.992457 1.4382 0 187.226 2.69446e-06
0.992457 1.4382 0 188.228 2.648e-06
0.992457 1.4382 0 189.231 2.60245e-06
0.992457 1.4382 0 190.233 2.5578e-06
0.992457 1.4382 0 191.236 2.51401e-06
0.992457 1.4382 0 192.238 2.47107e-06
0.992457 1.4382 0 193.241 2.42897e-06
0.992457 1.4382 0 194.243 2.38768e-06
0.992457 1.4382 0 195.246 2.34719e-06
0.992457 1.4382 0 196.248 2.30748e-06
0.992457 1.4382 0 197.251 2.26853e-06
0.992457 1.4382 0 198.253 2.23033e-06
0.992457 1.4382 0 199.256 2.19286e-06
0.992457 1.4382 0 200.258 2.15611e-06
0.992457 1.4382 0 201.261 2.12005e-06
0.992457 1.4382 0 202.263 2.08468e-06
0.992457 1.4382 0 203.266 2.04998e-06
0.992457 1.4382 0 204.268 2.01594e-06
0.992457 1.4382 0 205.271 1.98253e-06
0.992457 1.4382 0 206.273 1.94976e-06
0.992457 1.4382 0 207.275 1.9176e-06
0.992457 1.4382 0 208.278 1.88604e-06
0.992457 1.4382 0 209.28 1.85508e-06
0.992457 1.4382 0 210.283 1.82469e-06
0.992457 1.4382 0 211.285 1.79486e-06
0.992457 1.4382 0 212.288 1.76559e-06
0.992457 1.4382 0 213.29 1.73686e-06
0.992457 1.4382 0 214.293 1.70866e-06
0.992457 1.4382 0 215.295 1.68097e-06
0.992457 1.4382 0 216.298 1.6538e-06
0.992457 1.4382 0 217.3 1.62713e-06
0.992457 1.4382 0 218.303 1.60094e-06
0.992457 1.4382 0 219.305 1.57523e-06
0.992457 1.4382 0 220.308 1.54999e-06
0.992457 1.4382 0 221.31 1.5252e-06
0.992457 1.4382 0 222.313 1.50087e-06
0.992457 1.4382 0 223.315 1.47698e-06
0.992457 1.4382 0 224.318 1.45351e-06
0.992457 1.4382 0 225.32 1.43047e-06
0.992457 1.4382 0 226.323 1.40784e-06
0.992457 1.4382 0 227.325 1.38562e-06
0.992457 1.4382 0 228.328 1.36379e-06
0.992457 1.4382 0 229.33 1.34235e-06
0.992457 1.4382 0 230.333 1.32129e-06
0.992457 1.4382 0 231.335 1.30061e-06
0.992457 1.4382 0 232.338 1.28029e-06
0.992457 1.4382 0 233.34 1.26033e-06
0.992457 1.4382 0 234.342 1.24072e-06
0.992457 1.4382 0 235.345 1.22146e-06
0.992457 1.4382 0 236.347 1.20253e-06
0.992457 1.4382 0 237.35 1.18394e-06
0.992457 1.4382 0 238.352 1.16567e-06
0.992457 1.4382 0 239.355 1.14771e-06
0.992457 1.4382 0 240.357 1.13007e-06
0.992457 1.4382 0 241.36 1.11274e-06
0.992457 1.4382 0 242.362 1.0957e-06
0.992457 1.4382 0 243.365 1.07896e-06
0.992457 1.4382 0 244.367 1.0625e-06
0.992457 1.4382 0 245.37 1.04633e-06
0.992457 1.4382 0 246.372 1.03044e-06
0.992457 1.4382 0 247.375 1.01481e-06
0.992457 1.4382 0 248.377 9.99456e-07
0.992457 1.4382 0 249.38 9.84359e-07
0.992457 1.4382 0 250.382 9.69519e-07
0.992457 1.4382 0 251.385 9.5493e-07
0.992457 1.4382 0 252.387 9.40588e-07
0.992457 1.4382 0 253.39 9.26487e-07
0.992457 1.4382 0 254.392 9.12624e-07
0.992457 1.4382 0 255.395 8.98992e-07
0.992457 1.4382 0 256.397 8.8559e-07
0.992457 1.4382 0 257.4 8.72411e-07
0.992457 1.4382 0 258.402 8.59451e-07
0.992457 1.4382 0 259.405 8.46707e-07
0.992457 1.4382 0 260.407 8.34175e-07
0.992457 1.4382 0 261.409 8.2185e-07
0.992457 1.4382 0 262.412 8.09728e-07
0.992457 1.4382 0 263.414 7.97807e-07
0.992457 1.4382 0 264.417 7.86081e-07
0.992457 1.4382 0 265.419 7.74548e-07
0.992457 1.4382 0 266.422 7.63204e-07
0.992457 1.4382 0 267.424 7.52045e-07
0.992457 1.4382 0 268.427 7.41068e-07
0.992457 1.4382 0 269.429 7.30269e-07
0.992457 1.4382 0 270.432 7.19646e-07
0.992457 1.4382 0 271.434 7.09195e-07
0.992457 1.4382 0 272.437 6.98913e-07
0.992457 1.4382 0 273.439 6.88797e-07
0.992457 1.4382 0 274.442 6.78843e-07
0.992457 1.4382 0 275.444 6.6905e-07
0.992457 1.4382 0 276.447 6.59413e-07
0.992457 1.4382 0 277.449 6.49931e-07
0.992457 1.4382 0 278.452 6.406e-07
0.992457 1.4382 0 279.454 6.31418e-07
0.992457 1.4382 0 280.457 6.22381e-07
0.992457 1.4382 0 281.459 6.13488e-07
0.992457 1.4382 0 282.462 6.04736e-07
0.992457 1.4382 0 283.464 5.96122e-07
0.992457 1.4382 0 284.467 5.87644e-07
0.992457 1.4382 0 285.469 5.793e-07
0.992457 1.4382 0 286.472 5.71086e-07
0.992457 1.4382 0 287.474 5.63001e-07
0.992457 1.4382 0 288.476 5.55043e-07
0.992457 1.4382 0 289.479 5.47209e-07
0.992457 1.4382 0 290.481 5.39497e-07
0.992457 1.4382 0 291.484 5.31904e-07
0.992457 1.4382 0 292.486 5.2443e-07
0.992457 1.4382 0 293.489 5.17071e-07
0.992457 1.4382 0 294.491 5.09827e-07
0.992457 1.4382 0 295.494 5.02694e-07
0.992457 1.4382 0 296.496 4.9567e-07
0.992457 1.4382 0 297.499 4.88755e-07
0.992457 1.4382 0 298.501 4.81946e-07
0.992457 1.4382 0 299.504 4.75241e-07
0.992457 1.4382 0 300.506 4.68639e-07
0.992457 1.4382 0 301.509 4.62137e-07
0.992457 1.4382 0 302.511 4.55734e-07
0.992457 1.4382 0 303.514 4.49429e-07
0.992457 1.4382 0 304.516 4.43219e-07
0.992457 1.4382 0 305.519 4.37104e-07
0.992457 1.4382 0 306.521 4.3108e-07
0.992457 1.4382 0 307.524 4.25148e-07
0.992457 1.4382 0 308.526 4.19305e-07
0.992457 1.4382 0 309.529 4.1355e-07
0.992457 1.4382 0 310.531 4.07881e-07
0.992457 1.4382 0 311.534 4.02297e-07
0.992457 1.4382 0 312.536 3.96797e-07
0.992457 1.4382 0 313.538 3.91378e-07
0.992457 1.4382 0 314.541 3.86041e-07
0.992457 1.4382 0 315.543 3.80782e-07
0.992457 1.4382 0 316.546 3.75602e-07
0.992457 1.4382 0 317.548 3.70499e-07
0.992457 1.4382 0 318.551 3.65471e-07
0.992457 1.4382 0 319.553 3.60518e-07
0.992457 1.4382 0 320.556 3.55637e-07
0.992457 1.4382 0 321.558 3.50828e-07
0.992457 1.4382 0 322.561 3.4609e-07
0.992457 1.4382 0 323.563 3.41422e-07
0.992457 1.4382 0 324.566 3.36822e-07
0.992457 1.4382 0 325.568 3.32289e-07
0.992457 1.4382 0 326.571 3.27823e-07
0.992457 1.4382 0 327.573 3.23421e-07
0.992457 1.4382 0 328.576 3.19084e-07
0.992457 1.4382 0 329.578 3.14809e-07
0.992457 1.4382 0 330.581 3.10597e-07
0.992457 1.4382 0 331.583 3.06445e-07
0.992457 1.4382 0 332.586 3.02354e-07
0.992457 1.4382 0 333.588 2.98322e-07
0.992457 1.4382 0 334.591 2.94348e-07
0.992457 1.4382 0 335.593 2.90431e-07
0.992457 1.4382 0 336.596 2.8657e-07
0.992457 1.4382 0 337.598 2.82765e-07
0.992457 1.4382 0 338.601 2.79014e-07
0.992457 1.4382 0 339.603 2.75317e-07
0.992457 1.4382 0 340.605 2.71673e-07
0.992457 1.4382 0 341.608 2.6808e-07
0.992457 1.4382 0 342.61 2.64539e-07
0.992457 1.4382 0 343.613 2.61048e-07
0.992457 1.4382 0 344.615 2.57607e-07
0.992457 1.4382 0 345.618 2.54215e-07
0.992457 1.4382 0 346.62 2.5087e-07
0.992457 1.4382 0 347.623 2.47573e-07
0.992457 1.4382 0 348.625 2.44323e-07
0.992457 1.4382 0 349.628 2.41118e-07
0.992457 1.4382 0 350.63 2.37958e-07
0.992457 1.4382 0 351.633 2.34843e-07
0.992457 1.4382 0 352.635 2.31772e-07
0.992457 1.4382 0 353.638 2.28743e-07
0.992457 1.4382 0 354.64 2.25757e-07
0.992457 1.4382 0 355.643 2.22813e-07
0.992457 1.4382 0 356.645 2.1991e-07
0.992457 1.4382 0 357.648 2.17047e-07
0.992457 1.4382 0 358.65 2.14224e-07
0.992457 1.4382 0 359.653 2.11441e-07
0.992457 1.4382 0 360.655 2.08696e-07
0.992457 1.4382 0 361.658 2.05989e-07
0.992457 1.4382 0 362.66 2.0332e-07
0.992457 1.4382 0 363.663 2.00687e-07
0.992457 1.4382 0 364.665 1.98091e-07
0.992457 1.4382 0 365.668 1.95531e-07
0.992457 1.4382 0 366.67 1.93006e-07
0.992457 1.4382 0 367.672 1.90516e-07
0.992457 1.4382 0 368.675 1.8806e-07
0.992457 1.4382 0 369.677 1.85637e-07
0.992457 1.4382 0 370.68 1.83248e-07
0.992457 1.4382 0 371.682 1.80892e-07
0.992457 1.4382 0 372.685 1.78568e-07
0.992457 1.4382 0 373.687 1.76276e-07
0.992457 1.4382 0 374.69 1.74014e-07
0.992457 1.4382 0 375.692 1.71784e-07
0.992457 1.4382 0 376.695 1.69584e-07
0.992457 1.4382 0 377.697 1.67414e-07
0.992457 1.4382 0 378.7 1.65274e-07
0.992457 1.4382 0 379.702 1.63162e-07
0.992457 1.4382 0 380.705 1.61079e-07
0.992457 1.4382 0 381.707 1.59024e-07
0.992457 1.4382 0 382.71 1.56997e-07
0.992457 1.4382 0 383.712 1.54998e-07
0.992457 1.4382 0 384.715 1.53025e-07
0.992457 1.4382 0 385.717 1.51079e-07
0.992457 1.4382 0 386.72 1.49159e-07
0.992457 1.4382 0 387.722 1.47265e-07
0.992457 1.4382 0 388.725 1.45397e-07
0.992457 1.4382 0 389.727 1.43553e-07
0.992457 1.4382 0 390.73 1.41734e-07
0.992457 1.4382 0 391.732 1.3994e-07
0.992457 1.4382 0 392.735 1.38169e-07
0.992457 1.4382 0 393.737 1.36422e-07
0.992457 1.4382 0 394.739 1.34699e-07
0.992457 1.4382 0 395.742 1.32998e-07
0.992457 1.4382 0 396.744 1.3132e-07
0.992457 1.4382 0 397.747 1.29664e-07
0.992457 1.4382 0 398.749 1.28031e-07
0.992457 1.4382 0 399.752 1.26419e-07
0.992457 1.4382 0 400.754 1.24828e-07
0.992457 1.4382 0 401.757 1.23258e-07
0.992457 1.4382 0 402.759 1.2171e-07
0.992457 1.4382 0 403.762 1.20181e-07
0.992457 1.4382 0 404.764 1.18673e-07
0.992457 1.4382 0 405.767 1.17185e-07
0.992457 1.4382 0 406.769 1.15716e-07
0.992457 1.4382 0 407.772 1.14267e-07
0.992457 1.4382 0 408.774 1.12837e-07
0.992457 1.4382 0 409.777 1.11425e-07
0.992457 1.4382 0 410.779 1.10032e-07
0.992457 1.4382 0 411.782 1.08658e-07
0.992457 1.4382 0 412.784 1.07301e-07
0.992457 1.4382 0 413.787 1.05962e-07
0.992457 1.4382 0 414.789 1.04641e-07
0.992457 1.4382 0 415.792 1.03337e-07
0.992457 1.4382 0 416.794 1.0205e-07
0.992457 1.4382 0 417.797 1.0078e-07
0.992457 1.4382 0 418.799 9.95259e-08
0.992457 1.4382 0 419.802 9.82886e-08
0.992457 1.4382 0 420.804 9.70673e-08
0.992457 1.4382 0 421.806 9.58619e-08
0.992457 1.4382 0 422.809 9.46722e-08
0.992457 1.4382 0 423.811 9.34979e-08
0.992457 1.4382 0 424.814 9.23389e-08
0.992457 1.4382 0 425.816 9.11948e-08
0.992457 1.4382 0 426.819 9.00656e-08
0.992457 1.4382 0 427.821 8.89509e-08
0.992457 1.4382 0 428.824 8.78507e-08
0.992457 1.4382 0 429.826 8.67647e-08
0.992457 1.4382 0 430.829 8.56927e-08
0.992457 1.4382 0 431.831 8.46345e-08
0.992457 1.4382 0 432.834 8.35899e-08
0.992457 1.4382 0 433.836 8.25588e-08
0.992457 1.4382 0 434.839 8.1541e-08
0.992457 1.4382 0 435.841 8.05362e-08
0.992457 1.4382 0 436.844 7.95443e-08
0.992457 1.4382 0 437.846 7.85652e-08
0.992457 1.4382 0 438.849 7.75986e-08
0.992457 1.4382 0 439.851 7.66444e-08
0.992457 1.4382 0 440.854 7.57024e-08
0.992457 1.4382 0 441.856 7.47724e-08
0.992457 1.4382 0 442.859 7.38544e-08
0.992457 1.4382 0 443.861 7.2948e-08
0.992457 1.4382 0 444.864 7.20533e-08
0.992457 1.4382 0 445.866 7.11699e-08
0.992457 1.4382 0 446.868 7.02978e-08
0.992457 1.4382 0 447.871 6.94368e-08
0.992457 1.4382 0 448.873 6.85868e-08
0.992457 1.4382 0 449.876 6.77476e-08
0.992457 1.4382 0 450.878 6.6919e-08
0.992457 1.4382 0 451.881 6.61009e-08
0.992457 1.4382 0 452.883 6.52933e-08
0.992457 1.4382 0 453.886 6.44959e-08
0.992457 1.4382 0 454.888 6.37085e-08
0.992457 1.4382 0 455.891 6.29312e-08
0.992457 1.4382 0 456.893 6.21637e-08
0.992457 1.4382 0 457.896 6.14059e-08
0.992457 1.4382 0 458.898 6.06577e-08
0.992457 1.4382 0 459.901 5.99189e-08
0.992457 1.4382 0 460.903 5.91894e-08
0.992457 1.4382 0 461.906 5.84692e-08
0.992457 1.4382 0 462.908 5.7758e-08
0.992457 1.4382 0 463.911 5.70558e-08
0.992457 1.4382 0 464.913 5.63624e-08
0.992457 1.4382 0 465.916 5.56777e-08
0.992457 1.4382 0 466.918 5.50017e-08
0.992457 1.4382 0 467.921 5.43341e-08
0.992457 1.4382 0 468.923 5.36749e-08
0.992457 1.4382 0 469.926 5.3024e-08
0.992457 1.4382 0 470.928 5.23813e-08
0.992457 1.4382 0 471.931 5.17466e-08
0.992457 1.4382 0 472.933 5.11199e-08
0.992457 1.4382 0 473.935 5.0501e-08
0.992457 1.4382 0 474.938 4.98898e-08
0.992457 1.4382 0 475.94 4.92863e-08
0.992457 1.4382 0 476.943 4.86903e-08
0.992457 1.4382 0 477.945 4.81018e-08
0.992457 1.4382 0 478.948 4.75206e-08
0.992457 1.4382 0 479.95 4.69467e-08
0.992457 1.4382 0 480.953 4.63799e-08
0.992457 1.4382 0 481.955 4.58202e-08
0.992457 1.4382 0 482.958 4.52674e-08
0.992457 1.4382 0 483.96 4.47216e-08
0.992457 1.4382 0 484.963 4.41825e-08
0.992457 1.4382 0 485.965 4.36501e-08
0.992457 1.4382 0 486.968 4.31243e-08
0.992457 1.4382 0 487.97 4.26051e-08
0.992457 1.4382 0 488.973 4.20923e-08
0.992457 1.4382 0 489.975 4.15858e-08
0.992457 1.4382 0 490.978 4.10857e-08
0.992457 1.4382 0 491.98 4.05917e-08
0.992457 1.4382 0 492.983 4.01039e-08
0.992457 1.4382 0 493.985 3.96221e-08
0.992457 1.4382 0 494.988 3.91462e-08
0.992457 1.4382 0 495.99 3.86762e-08
0.992457 1.4382 0 496.993 3.82121e-08
0.992457 1.4382 0 497.995 3.77536e-08
0.992457 1.4382 0 498.998 3.73009e-08
0.992457 1.4382 0 500 3.68537e-08

