1.47299 1.4382 0 100.01 5.04105e-06
1.47299 1.4382 0 101.012 9.30692e-06
1.47299 1.4382 0 102.015 9.33969e-06
1.47299 1.4382 0 103.017 9.03054e-06
1.47299 1.4382 0 104.02 8.72293e-06
1.47299 1.4382 0 105.022 8.42867e-06
1.47299 1.4382 0 106.025 8.14656e-06
1.47299 1.4382 0 107.027 7.87548e-06
1.47299 1.4382 0 108.03 7.6146e-06
1.47299 1.4382 0 109.032 7.3633e-06
1.47299 1.4382 0 110.035 7.12107e-06
1.47299 1.4382 0 111.037 6.88745e-06
1.47299 1.4382 0 112.04 6.66205e-06
1.47299 1.4382 0 113.042 6.44453e-06
1.47299 1.4382 0 114.045 6.23453e-06
1.47299 1.4382 0 115.047 6.03178e-06
1.47299 1.4382 0 116.05 5.83597e-06
1.47299 1.4382 0 117.052 5.64685e-06
1.47299 1.4382 0 118.055 5.46416e-06
1.47299 1.4382 0 119.057 5.28766e-06
1.47299 1.4382 0 120.06 5.11713e-06
1.47299 1.4382 0 121.062 4.95234e-06
1.47299 1.4382 0 122.065 4.79309e-06
1.47299 1.4382 0 123.067 4.63917e-06
1.47299 1.4382 0 124.07 4.49041e-06
1.47299 1.4382 0 125.072 4.34662e-06
1.47299 1.4382 0 126.075 4.20761e-06
1.47299 1.4382 0 127.077 4.07323e-06
1.47299 1.4382 0 128.079 3.94331e-06
1.47299 1.4382 0 129.082 3.81769e-06
1.47299 1.4382 0 130.084 3.69623e-06
1.47299 1.4382 0 131.087 3.57879e-06
1.47299 1.4382 0 132.089 3.46521e-06
1.47299 1.4382 0 133.092 3.35538e-06
1.47299 1.4382 0 134.094 3.24916e-06
1.47299 1.4382 0 135.097 3.14643e-06
1.47299 1.4382 0 136.099 3.04707e-06
1.47299 1.4382 0 137.102 2.95097e-06
1.47299 1.4382 0 138.104 2.858e-06
1.47299 1.4382 0 139.107 2.76808e-06
1.47299 1.4382 0 140.109 2.68108e-06
1.47299 1.4382 0 141.112 2.59693e-06
1.47299 1.4382 0 142.114 2.51551e-06
1.47299 1.4382 0 143.117 2.43674e-06
1.47299 1.4382 0 144.119 2.36052e-06
1.47299 1.4382 0 145.122 2.28678e-06
1.47299 1.4382 0 146.124 2.21543e-06
1.47299 1.4382 0 147.127 2.14638e-06
1.47299 1.4382 0 148.129 2.07957e-06
1.47299 1.4382 0 149.132 2.01491e-06
1.47299 1.4382 0 150.134 1.95234e-06
1.47299 1.4382 0 151.137 1.89178e-06
1.47299 1.4382 0 152.139 1.83317e-06
1.47299 1.4382 0 153.142 1.77645e-06
1.47299 1.4382 0 154.144 1.72154e-06
1.47299 1.4382 0 155.146 1.6684e-06
1.47299 1.4382 0 156.149 1.61696e-06
1.47299 1.4382 0 157.151 1.56716e-06
1.47299 1.4382 0 158.154 1.51896e-06
1.47299 1.4382 0 159.156 1.4723e-06
1.47299 1.4382 0 160.159 1.42712e-06
1.47299 1.4382 0 161.161 1.38338e-06
1.47299 1.4382 0 162.164 1.34104e-06
1.47299 1.4382 0 163.166 1.30004e-06
1.47299 1.4382 0 164.169 1.26034e-06
1.47299 1.4382 0 165.171 1.22191e-06
1.47299 1.4382 0 166.174 1.18469e-06
1.47299 1.4382 0 167.176 1.14865e-06
1.47299 1.4382 0 168.179 1.11374e-06
1.47299 1.4382 0 169.181 1.07995e-06
1.47299 1.4382 0 170.184 1.04721e-06
1.47299 1.4382 0 171.186 1.01551e-06
1.47299 1.4382 0 172.189 9.84813e-07
1.47299 1.4382 0 173.191 9.55077e-07
1.47299 1.4382 0 174.194 9.26275e-07
1.47299 1.4382 0 175.196 8.98378e-07
1.47299 1.4382 0 176.199 8.71356e-07
1.47299 1.4382 0 177.201 8.4518e-07
1.47299 1.4382 0 178.204 8.19823e-07
1.47299 1.4382 0 179.206 7.95259e-07
1.47299 1.4382 0 180.208 7.71462e-07
1.47299 1.4382 0 181.211 7.48408e-07
1.47299 1.4382 0 182.213 7.26072e-07
1.47299 1.4382 0 183.216 7.04431e-07
1.47299 1.4382 0 184.218 6.83463e-07
1.47299 1.4382 0 185.221 6.63146e-07
1.47299 1.4382 0 186.223 6.4346e-07
1.47299 1.4382 0 187.226 6.24384e-07
1.47299 1.4382 0 188.228 6.05899e-07
1.47299 1.4382 0 189.231 5.87985e-07
1.47299 1.4382 0 190.233 5.70625e-07
1.47299 1.4382 0 191.236 5.53801e-07
1.47299 1.4382 0 192.238 5.37495e-07
1.47299 1.4382 0 193.241 5.21691e-07
1.47299 1.4382 0 194.243 5.06374e-07
1.47299 1.4382 0 195.246 4.91527e-07
1.47299 1.4382 0 196.248 4.77136e-07
1.47299 1.4382 0 197.251 4.63187e-07
1.47299 1.4382 0 198.253 4.49664e-07
1.47299 1.4382 0 199.256 4.36555e-07
1.47299 1.4382 0 200.258 4.23847e-07
1.47299 1.4382 0 201.261 4.11527e-07
1.47299 1.4382 0 202.263 3.99582e-07
1.47299 1.4382 0 203.266 3.88001e-07
1.47299 1.4382 0 204.268 3.76773e-07
1.47299 1.4382 0 205.271 3.65886e-07
1.47299 1.4382 0 206.273 3.55329e-07
1.47299 1.4382 0 207.275 3.45092e-07
1.47299 1.4382 0 208.278 3.35165e-07
1.47299 1.4382 0 209.28 3.25538e-07
1.47299 1.4382 0 210.283 3.16203e-07
1.47299 1.4382 0 211.285 3.07149e-07
1.47299 1.4382 0 212.288 2.98368e-07
1.47299 1.4382 0 213.29 2.89851e-07
1.47299 1.4382 0 214.293 2.8159e-07
1.47299 1.4382 0 215.295 2.73578e-07
1.47299 1.4382 0 216.298 2.65806e-07
1.47299 1.4382 0 217.3 2.58266e-07
1.47299 1.4382 0 218.303 2.50953e-07
1.47299 1.4382 0 219.305 2.43858e-07
1.47299 1.4382 0 220.308 2.36974e-07
1.47299 1.4382 0 221.31 2.30296e-07
1.47299 1.4382 0 222.313 2.23817e-07
1.47299 1.4382 0 223.315 2.17531e-07
1.47299 1.4382 0 224.318 2.11431e-07
1.47299 1.4382 0 225.32 2.05513e-07
1.47299 1.4382 0 226.323 1.99769e-07
1.47299 1.4382 0 227.325 1.94196e-07
1.47299 1.4382 0 228.328 1.88787e-07
1.47299 1.4382 0 229.33 1.83538e-07
1.47299 1.4382 0 230.333 1.78444e-07
1.47299 1.4382 0 231.335 1.735e-07
1.47299 1.4382 0 232.338 1.68701e-07
1.47299 1.4382 0 233.34 1.64043e-07
1.47299 1.4382 0 234.342 1.59522e-07
1.47299 1.4382 0 235.345 1.55133e-07
1.47299 1.4382 0 236.347 1.50873e-07
1.47299 1.4382 0 237.35 1.46737e-07
1.47299 1.4382 0 238.352 1.42721e-07
1.47299 1.4382 0 239.355 1.38823e-07
1.47299 1.4382 0 240.357 1.35038e-07
1.47299 1.4382 0 241.36 1.31363e-07
1.47299 1.4382 0 242.362 1.27794e-07
1.47299 1.4382 0 243.365 1.24329e-07
1.47299 1.4382 0 244.367 1.20965e-07
1.47299 1.4382 0 245.37 1.17697e-07
1.47299 1.4382 0 246.372 1.14524e-07
1.47299 1.4382 0 247.375 1.11442e-07
1.47299 1.4382 0 248.377 1.08448e-07
1.47299 1.4382 0 249.38 1.05541e-07
1.47299 1.4382 0 250.382 1.02717e-07
1.47299 1.4382 0 251.385 9.99744e-08
1.47299 1.4382 0 252.387 9.73098e-08
1.47299 1.4382 0 253.39 9.47214e-08
1.47299 1.4382 0 254.392 9.22068e-08
1.47299 1.4382 0 255.395 8.97638e-08
1.47299 1.4382 0 256.397 8.73902e-08
1.47299 1.4382 0 257.4 8.5084e-08
1.47299 1.4382 0 258.402 8.28432e-08
1.47299 1.4382 0 259.405 8.06658e-08
1.47299 1.4382 0 260.407 7.85499e-08
1.47299 1.4382 0 261.409 7.64938e-08
1.47299 1.4382 0 262.412 7.44955e-08
1.47299 1.4382 0 263.414 7.25535e-08
1.47299 1.4382 0 264.417 7.0666e-08
1.47299 1.4382 0 265.419 6.88314e-08
1.47299 1.4382 0 266.422 6.70482e-08
1.47299 1.4382 0 267.424 6.53148e-08
1.47299 1.4382 0 268.427 6.36298e-08
1.47299 1.4382 0 269.429 6.19917e-08
1.47299 1.4382 0 270.432 6.03992e-08
1.47299 1.4382 0 271.434 5.88509e-08
1.47299 1.4382 0 272.437 5.73455e-08
1.47299 1.4382 0 273.439 5.58818e-08
1.47299 1.4382 0 274.442 5.44586e-08
1.47299 1.4382 0 275.444 5.30745e-08
1.47299 1.4382 0 276.447 5.17286e-08
1.47299 1.4382 0 277.449 5.04197e-08
1.47299 1.4382 0 278.452 4.91467e-08
1.47299 1.4382 0 279.454 4.79086e-08
1.47299 1.4382 0 280.457 4.67044e-08
1.47299 1.4382 0 281.459 4.5533e-08
1.47299 1.4382 0 282.462 4.43935e-08
1.47299 1.4382 0 283.464 4.3285e-08
1.47299 1.4382 0 284.467 4.22067e-08
1.47299 1.4382 0 285.469 4.11576e-08
1.47299 1.4382 0 286.472 4.01368e-08
1.47299 1.4382 0 287.474 3.91436e-08
1.47299 1.4382 0 288.476 3.81772e-08
1.47299 1.4382 0 289.479 3.72369e-08
1.47299 1.4382 0 290.481 3.63217e-08
1.47299 1.4382 0 291.484 3.54311e-08
1.47299 1.4382 0 292.486 3.45644e-08
1.47299 1.4382 0 293.489 3.37208e-08
1.47299 1.4382 0 294.491 3.28997e-08
1.47299 1.4382 0 295.494 3.21004e-08
1.47299 1.4382 0 296.496 3.13224e-08
1.47299 1.4382 0 297.499 3.0565e-08
1.47299 1.4382 0 298.501 2.98277e-08
1.47299 1.4382 0 299.504 2.91098e-08
1.47299 1.4382 0 300.506 2.84108e-08
1.47299 1.4382 0 301.509 2.77303e-08
1.47299 1.4382 0 302.511 2.70676e-08
1.47299 1.4382 0 303.514 2.64223e-08
1.47299 1.4382 0 304.516 2.57938e-08
1.47299 1.4382 0 305.519 2.51818e-08
1.47299 1.4382 0 306.521 2.45857e-08
1.47299 1.4382 0 307.524 2.40051e-08
1.47299 1.4382 0 308.526 2.34395e-08
1.47299 1.4382 0 309.529 2.28886e-08
1.47299 1.4382 0 310.531 2.2352e-08
1.47299 1.4382 0 311.534 2.18292e-08
1.47299 1.4382 0 312.536 2.13198e-08
1.47299 1.4382 0 313.538 2.08235e-08
1.47299 1.4382 0 314.541 2.034e-08
1.47299 1.4382 0 315.543 1.98688e-08
1.47299 1.4382 0 316.546 1.94096e-08
1.47299 1.4382 0 317.548 1.89621e-08
1.47299 1.4382 0 318.551 1.85261e-08
1.47299 1.4382 0 319.553 1.8101e-08
1.47299 1.4382 0 320.556 1.76867e-08
1.47299 1.4382 0 321.558 1.72829e-08
1.47299 1.4382 0 322.561 1.68893e-08
1.47299 1.4382 0 323.563 1.65056e-08
1.47299 1.4382 0 324.566 1.61314e-08
1.47299 1.4382 0 325.568 1.57667e-08
1.47299 1.4382 0 326.571 1.54111e-08
1.47299 1.4382 0 327.573 1.50643e-08
1.47299 1.4382 0 328.576 1.47262e-08
1.47299 1.4382 0 329.578 1.43964e-08
1.47299 1.4382 0 330.581 1.40749e-08
1.47299 1.4382 0 331.583 1.37613e-08
1.47299 1.4382 0 332.586 1.34554e-08
1.47299 1.4382 0 333.588 1.3157e-08
1.47299 1.4382 0 334.591 1.28659e-08
1.47299 1.4382 0 335.593 1.2582e-08
1.47299 1.4382 0 336.596 1.23051e-08
1.47299 1.4382 0 337.598 1.20348e-08
1.47299 1.4382 0 338.601 1.17712e-08
1.47299 1.4382 0 339.603 1.15139e-08
1.47299 1.4382 0 340.605 1.12629e-08
1.47299 1.4382 0 341.608 1.1018e-08
1.47299 1.4382 0 342.61 1.07789e-08
1.47299 1.4382 0 343.613 1.05456e-08
1.47299 1.4382 0 344.615 1.03179e-08
1.47299 1.4382 0 345.618 1.00957e-08
1.47299 1.4382 0 346.62 9.87875e-09
1.47299 1.4382 0 347.623 9.66699e-09
1.47299 1.4382 0 348.625 9.46026e-09
1.47299 1.4382 0 349.628 9.25843e-09
1.47299 1.4382 0 350.63 9.06138e-09
1.47299 1.4382 0 351.633 8.86898e-09
1.47299 1.4382 0 352.635 8.68112e-09
1.47299 1.4382 0 353.638 8.49767e-09
1.47299 1.4382 0 354.64 8.31852e-09
1.47299 1.4382 0 355.643 8.14356e-09
1.47299 1.4382 0 356.645 7.97268e-09
1.47299 1.4382 0 357.648 7.80579e-09
1.47299 1.4382 0 358.65 7.64277e-09
1.47299 1.4382 0 359.653 7.48352e-09
1.47299 1.4382 0 360.655 7.32796e-09
1.47299 1.4382 0 361.658 7.17599e-09
1.47299 1.4382 0 362.66 7.02751e-09
1.47299 1.4382 0 363.663 6.88244e-09
1.47299 1.4382 0 364.665 6.74069e-09
1.47299 1.4382 0 365.668 6.60218e-09
1.47299 1.4382 0 366.67 6.46683e-09
1.47299 1.4382 0 367.672 6.33456e-09
1.47299 1.4382 0 368.675 6.20528e-09
1.47299 1.4382 0 369.677 6.07893e-09
1.47299 1.4382 0 370.68 5.95543e-09
1.47299 1.4382 0 371.682 5.83472e-09
1.47299 1.4382 0 372.685 5.71671e-09
1.47299 1.4382 0 373.687 5.60135e-09
1.47299 1.4382 0 374.69 5.48857e-09
1.47299 1.4382 0 375.692 5.37831e-09
1.47299 1.4382 0 376.695 5.2705e-09
1.47299 1.4382 0 377.697 5.16508e-09
1.47299 1.4382 0 378.7 5.062e-09
1.47299 1.4382 0 379.702 4.96119e-09
1.47299 1.4382 0 380.705 4.86261e-09
1.47299 1.4382 0 381.707 4.76619e-09
1.47299 1.4382 0 382.71 4.67189e-09
1.47299 1.4382 0 383.712 4.57965e-09
1.47299 1.4382 0 384.715 4.48943e-09
1.47299 1.4382 0 385.717 4.40117e-09
1.47299 1.4382 0 386.72 4.31483e-09
1.47299 1.4382 0 387.722 4.23036e-09
1.47299 1.4382 0 388.725 4.14772e-09
1.47299 1.4382 0 389.727 4.06686e-09
1.47299 1.4382 0 390.73 3.98774e-09
1.47299 1.4382 0 391.732 3.91032e-09
1.47299 1.4382 0 392.735 3.83456e-09
1.47299 1.4382 0 393.737 3.76041e-09
1.47299 1.4382 0 394.739 3.68785e-09
1.47299 1.4382 0 395.742 3.61683e-09
1.47299 1.4382 0 396.744 3.54732e-09
1.47299 1.4382 0 397.747 3.47928e-09
1.47299 1.4382 0 398.749 3.41268e-09
1.47299 1.4382 0 399.752 3.34748e-09
1.47299 1.4382 0 400.754 3.28365e-09
1.47299 1.4382 0 401.757 3.22116e-09
1.47299 1.4382 0 402.759 3.15998e-09
1.47299 1.4382 0 403.762 3.10007e-09
1.47299 1.4382 0 404.764 3.04142e-09
1.47299 1.4382 0 405.767 2.98398e-09
1.47299 1.4382 0 406.769 2.92773e-09
1.47299 1.4382 0 407.772 2.87265e-09
1.47299 1.4382 0 408.774 2.8187e-09
1.47299 1.4382 0 409.777 2.76586e-09
1.47299 1.4382 0 410.779 2.71411e-09
1.47299 1.4382 0 411.782 2.66342e-09
1.47299 1.4382 0 412.784 2.61377e-09
1.47299 1.4382 0 413.787 2.56513e-09
1.47299 1.4382 0 414.789 2.51748e-09
1.47299 1.4382 0 415.792 2.4708e-09
1.47299 1.4382 0 416.794 2.42507e-09
1.47299 1.4382 0 417.797 2.38026e-09
1.47299 1.4382 0 418.799 2.33635e-09
1.47299 1.4382 0 419.802 2.29333e-09
1.47299 1.4382 0 420.804 2.25117e-09
1.47299 1.4382 0 421.806 2.20986e-09
1.47299 1.4382 0 422.809 2.16938e-09
1.47299 1.4382 0 423.811 2.1297e-09
1.47299 1.4382 0 424.814 2.09081e-09
1.47299 1.4382 0 425.816 2.0527e-09
1.47299 1.4382 0 426.819 2.01534e-09
1.47299 1.4382 0 427.821 1.97872e-09
1.47299 1.4382 0 428.824 1.94283e-09
1.47299 1.4382 0 429.826 1.90764e-09
1.47299 1.4382 0 430.829 1.87315e-09
1.47299 1.4382 0 431.831 1.83933e-09
1.47299 1.4382 0 432.834 1.80617e-09
1.47299 1.4382 0 433.836 1.77366e-09
1.47299 1.4382 0 434.839 1.74179e-09
1.47299 1.4382 0 435.841 1.71053e-09
1.47299 1.4382 0 436.844 1.67989e-09
1.47299 1.4382 0 437.846 1.64983e-09
1.47299 1.4382 0 438.849 1.62036e-09
1.47299 1.4382 0 439.851 1.59146e-09
1.47299 1.4382 0 440.854 1.56311e-09
1.47299 1.4382 0 441.856 1.53531e-09
1.47299 1.4382 0 442.859 1.50805e-09
1.47299 1.4382 0 443.861 1.4813e-09
1.47299 1.4382 0 444.864 1.45507e-09
1.47299 1.4382 0 445.866 1.42934e-09
1.47299 1.4382 0 446.868 1.40409e-09
1.47299 1.4382 0 447.871 1.37933e-09
1.47299 1.4382 0 448.873 1.35504e-09
1.47299 1.4382 0 449.876 1.3312e-09
1.47299 1.4382 0 450.878 1.30782e-09
1.47299 1.4382 0 451.881 1.28488e-09
1.47299 1.4382 0 452.883 1.26237e-09
1.47299 1.4382 0 453.886 1.24028e-09
1.47299 1.4382 0 454.888 1.21861e-09
1.47299 1.4382 0 455.891 1.19734e-09
1.47299 1.4382 0 456.893 1.17647e-09
1.47299 1.4382 0 457.896 1.15599e-09
1.47299 1.4382 0 458.898 1.13589e-09
1.47299 1.4382 0 459.901 1.11617e-09
1.47299 1.4382 0 460.903 1.09681e-09
1.47299 1.4382 0 461.906 1.07781e-09
1.47299 1.4382 0 462.908 1.05916e-09
1.47299 1.4382 0 463.911 1.04085e-09
1.47299 1.4382 0 464.913 1.02288e-09
1.47299 1.4382 0 465.916 1.00525e-09
1.47299 1.4382 0 466.918 9.87935e-10
1.47299 1.4382 0 467.921 9.70939e-10
1.47299 1.4382 0 468.923 9.54254e-10
1.47299 1.4382 0 469.926 9.37875e-10
1.47299 1.4382 0 470.928 9.21794e-10
1.47299 1.4382 0 471.931 9.06006e-10
1.47299 1.4382 0 472.933 8.90505e-10
1.47299 1.4382 0 473.935 8.75285e-10
1.47299 1.4382 0 474.938 8.60342e-10
1.47299 1.4382 0 475.94 8.45668e-10
1.47299 1.4382 0 476.943 8.3126e-10
1.47299 1.4382 0 477.945 8.17112e-10
1.47299 1.4382 0 478.948 8.03219e-10
1.47299 1.4382 0 479.95 7.89575e-10
1.47299 1.4382 0 480.953 7.76177e-10
1.47299 1.4382 0 481.955 7.63019e-10
1.47299 1.4382 0 482.958 7.50096e-10
1.47299 1.4382 0 483.96 7.37405e-10
1.47299 1.4382 0 484.963 7.2494e-10
1.47299 1.4382 0 485.965 7.12697e-10
1.47299 1.4382 0 486.968 7.00672e-10
1.47299 1.4382 0 487.97 6.88861e-10
1.47299 1.4382 0 488.973 6.77259e-10
1.47299 1.4382 0 489.975 6.65863e-10
1.47299 1.4382 0 490.978 6.54669e-10
1.47299 1.4382 0 491.98 6.43673e-10
1.47299 1.4382 0 492.983 6.3287e-10
1.47299 1.4382 0 493.985 6.22258e-10
1.47299 1.4382 0 494.988 6.11833e-10
1.47299 1.4382 0 495.99 6.01591e-10
1.47299 1.4382 0 496.993 5.91529e-10
1.47299 1.4382 0 497.995 5.81644e-10
1.47299 1.4382 0 498.998 5.71931e-10
1.47299 1.4382 0 500 5.62389e-10

