# $W_{\text{p}}/W$ = 0.50, $h/W$ = 0.60, $d/W$ = 0.20, x/W = 0.0, $E_{\rm e}$ = 200 keV
1.1832642602
1.1842642602
1.1852642602
1.1862642602
1.1872642602
1.1882642602
1.1892642602
1.1902642602
1.1912642602
1.1922642602
1.1932642602
1.1942642602
1.1952642602
1.1962642602
1.1972642602
1.1982642602
1.1992642602
1.2002642602
1.2012642602
1.2022642602
1.2032642602
1.2042642602
1.2052642602
1.2062642602
1.2072642602
1.2082642602
1.2092642602
1.2102642602
1.2112642602
1.2122642602
1.2132642602
1.2142642602
1.2152642602
1.2162642602
1.2172642602
1.2182642602
1.2192642602
1.2202642602
1.2212642602
1.2222642602
1.2232642602
1.2242642602
1.2252642602
1.2262642602
1.2272642602
1.2282642602
1.2292642602
1.2302642602
1.2312642602
1.2322642602
1.2332642602
1.2342642602
1.2352642602
1.2362642602
1.2372642602
1.2382642602
1.2392642602
1.2402642602
1.2412642602
1.2422642602
1.2432642602
1.2442642602
1.2452642602
1.2462642602
1.2472642602
1.2482642602
1.2492642602
1.2502642602
1.2512642602
1.2522642602
1.2532642602
1.2542642602
1.2552642602
1.2562642602
1.2572642602
1.2582642602
1.2592642602
1.2602642602
1.2612642602
1.2622642602
1.2632642602
1.2642642602
1.2652642602
1.2662642602
1.2672642602
1.2682642602
1.2692642602
1.2702642602
1.2712642602
1.2722642602
1.2732642602
1.2742642602
1.2752642602
1.2762642602
1.2772642602
1.2782642602
1.2792642602
1.2802642602
1.2812642602
1.2822642602
1.2832642602
1.2842642602
1.2852642602
1.2862642602
1.2872642602
1.2882642602
