# $W_{\text{p}}/W$ = 0.50, $h/W$ = 0.60, $d/W$ = 0.20, x/W = 0.0, $E_{\rm e}$ = 200 keV
0.6467626005
0.6477626005
0.6487626005
0.6497626005
0.6507626005
0.6517626005
0.6527626005
0.6537626005
0.6547626005
0.6557626005
0.6567626005
0.6577626005
0.6587626005
0.6597626005
0.6607626005
0.6617626005
0.6627626005
0.6637626005
0.6647626005
0.6657626005
0.6667626005
0.6677626005
0.6687626005
0.6697626005
0.6707626005
0.6717626005
0.6727626005
0.6737626005
0.6747626005
0.6757626005
0.6767626005
0.6777626005
0.6787626005
0.6797626005
0.6807626005
0.6817626005
0.6827626005
0.6837626005
0.6847626005
0.6857626005
0.6867626005
0.6877626005
0.6887626005
0.6897626005
0.6907626005
0.6917626005
0.6927626005
0.6937626005
0.6947626005
0.6957626005
0.6967626005
0.6977626005
0.6987626005
0.6997626005
0.7007626005
0.7017626005
0.7027626005
