# $W_{\text{p}}/W$ = 0.50, $h/W$ = 0.60, $d/W$ = 0.20, x/W = 0.0, $E_{\rm e}$ = 200 keV
1.1832340233
1.1842340233
1.1852340233
1.1862340233
1.1872340233
1.1882340233
1.1892340233
1.1902340233
1.1912340233
1.1922340233
1.1932340233
1.1942340233
1.1952340233
1.1962340233
1.1972340233
1.1982340233
1.1992340233
1.2002340233
1.2012340233
1.2022340233
1.2032340233
1.2042340233
1.2052340233
1.2062340233
1.2072340233
1.2082340233
1.2092340233
1.2102340233
1.2112340233
1.2122340233
1.2132340233
1.2142340233
1.2152340233
1.2162340233
1.2172340233
1.2182340233
1.2192340233
1.2202340233
1.2212340233
1.2222340233
1.2232340233
1.2242340233
1.2252340233
1.2262340233
1.2272340233
1.2282340233
1.2292340233
1.2302340233
1.2312340233
1.2322340233
1.2332340233
1.2342340233
1.2352340233
1.2362340233
1.2372340233
1.2382340233
1.2392340233
1.2402340233
1.2412340233
1.2422340233
1.2432340233
1.2442340233
1.2452340233
1.2462340233
1.2472340233
1.2482340233
1.2492340233
1.2502340233
1.2512340233
1.2522340233
1.2532340233
1.2542340233
1.2552340233
1.2562340233
1.2572340233
1.2582340233
1.2592340233
1.2602340233
1.2612340233
1.2622340233
1.2632340233
1.2642340233
1.2652340233
1.2662340233
1.2672340233
1.2682340233
1.2692340233
1.2702340233
1.2712340233
1.2722340233
1.2732340233
1.2742340233
1.2752340233
1.2762340233
1.2772340233
1.2782340233
1.2792340233
1.2802340233
1.2812340233
1.2822340233
1.2832340233
1.2842340233
1.2852340233
1.2862340233
1.2872340233
1.2882340233
