# $W_{\text{p}}/W$ = 0.50, $h/W$ = 0.60, $d/W$ = 0.20, x/W = 0.0, $E_{\rm e}$ = 200 keV
1.1832643988
1.1842643988
1.1852643988
1.1862643988
1.1872643988
1.1882643988
1.1892643988
1.1902643988
1.1912643988
1.1922643988
1.1932643988
1.1942643988
1.1952643988
1.1962643988
1.1972643988
1.1982643988
1.1992643988
1.2002643988
1.2012643988
1.2022643988
1.2032643988
1.2042643988
1.2052643988
1.2062643988
1.2072643988
1.2082643988
1.2092643988
1.2102643988
1.2112643988
1.2122643988
1.2132643988
1.2142643988
1.2152643988
1.2162643988
1.2172643988
1.2182643988
1.2192643988
1.2202643988
1.2212643988
1.2222643988
1.2232643988
1.2242643988
1.2252643988
1.2262643988
1.2272643988
1.2282643988
1.2292643988
1.2302643988
1.2312643988
1.2322643988
1.2332643988
1.2342643988
1.2352643988
1.2362643988
1.2372643988
1.2382643988
1.2392643988
1.2402643988
1.2412643988
1.2422643988
1.2432643988
1.2442643988
1.2452643988
1.2462643988
1.2472643988
1.2482643988
1.2492643988
1.2502643988
1.2512643988
1.2522643988
1.2532643988
1.2542643988
1.2552643988
1.2562643988
1.2572643988
1.2582643988
1.2592643988
1.2602643988
1.2612643988
1.2622643988
1.2632643988
1.2642643988
1.2652643988
1.2662643988
1.2672643988
1.2682643988
1.2692643988
1.2702643988
1.2712643988
1.2722643988
1.2732643988
1.2742643988
1.2752643988
1.2762643988
1.2772643988
1.2782643988
1.2792643988
1.2802643988
1.2812643988
1.2822643988
1.2832643988
1.2842643988
1.2852643988
1.2862643988
1.2872643988
1.2882643988
