# $W_{\text{p}}/W$ = 0.50, $h/W$ = 0.40, $d/W$ = 0.20, x/W = 0.0, $E_{\rm e}$ = 200 keV
0.7287224635
0.7297224635
0.7307224635
0.7317224635
0.7327224635
0.7337224635
0.7347224635
0.7357224635
0.7367224635
0.7377224635
0.7387224635
0.7397224635
0.7407224635
0.7417224635
0.7427224635
0.7437224635
0.7447224635
0.7457224635
0.7467224635
0.7477224635
0.7487224635
0.7497224635
0.7507224635
0.7517224635
0.7527224635
0.7537224635
0.7547224635
0.7557224635
0.7567224635
0.7577224635
0.7587224635
0.7597224635
0.7607224635
0.7617224635
0.7627224635
0.7637224635
0.7647224635
0.7657224635
0.7667224635
0.7677224635
0.7687224635
0.7697224635
0.7707224635
0.7717224635
0.7727224635
0.7737224635
0.7747224635
0.7757224635
0.7767224635
0.7777224635
0.7787224635
0.7797224635
0.7807224635
0.7817224635
0.7827224635
0.7837224635
0.7847224635
0.7857224635
0.7867224635
0.7877224635
0.7887224635
0.7897224635
0.7907224635
0.7917224635
0.7927224635
0.7937224635
0.7947224635
0.7957224635
0.7967224635
0.7977224635
0.7987224635
0.7997224635
0.8007224635
0.8017224635
0.8027224635
0.8037224635
0.8047224635
0.8057224635
0.8067224635
0.8077224635
0.8087224635
0.8097224635
0.8107224635
0.8117224635
0.8127224635
0.8137224635
0.8147224635
0.8157224635
0.8167224635
0.8177224635
0.8187224635
0.8197224635
0.8207224635
0.8217224635
0.8227224635
0.8237224635
0.8247224635
0.8257224635
0.8267224635
0.8277224635
0.8287224635
0.8297224635
0.8307224635
0.8317224635
0.8327224635
0.8337224635
0.8347224635
0.8357224635
