# $W_{\text{p}}/W$ = 0.50, $h/W$ = 0.40, $d/W$ = 0.20, x/W = 0.0, $E_{\rm e}$ = 200 keV
1.4011100403
1.4021100403
1.4031100403
1.4041100403
1.4051100403
1.4061100403
1.4071100403
1.4081100403
1.4091100403
1.4101100403
1.4111100403
1.4121100403
1.4131100403
1.4141100403
1.4151100403
1.4161100403
1.4171100403
1.4181100403
1.4191100403
1.4201100403
1.4211100403
1.4221100403
1.4231100403
1.4241100403
1.4251100403
1.4261100403
1.4271100403
1.4281100403
1.4291100403
1.4301100403
1.4311100403
1.4321100403
1.4331100403
1.4341100403
1.4351100403
1.4361100403
1.4371100403
1.4381100403
1.4391100403
1.4401100403
1.4411100403
1.4421100403
1.4431100403
1.4441100403
1.4451100403
1.4461100403
1.4471100403
1.4481100403
1.4491100403
1.4501100403
1.4511100403
1.4521100403
1.4531100403
1.4541100403
1.4551100403
1.4561100403
1.4571100403
1.4581100403
1.4591100403
1.4601100403
1.4611100403
1.4621100403
1.4631100403
1.4641100403
1.4651100403
1.4661100403
1.4671100403
1.4681100403
1.4691100403
1.4701100403
1.4711100403
1.4721100403
1.4731100403
1.4741100403
1.4751100403
1.4761100403
1.4771100403
1.4781100403
1.4791100403
1.4801100403
1.4811100403
1.4821100403
1.4831100403
1.4841100403
1.4851100403
1.4861100403
1.4871100403
1.4881100403
1.4891100403
1.4901100403
1.4911100403
1.4921100403
1.4931100403
1.4941100403
1.4951100403
1.4961100403
1.4971100403
1.4981100403
1.4991100403
1.5001100403
1.5011100403
1.5021100403
1.5031100403
1.5041100403
1.5051100403
1.5061100403
1.5071100403
1.5081100403
1.5091100403
1.5101100403
1.5111100403
1.5121100403
1.5131100403
1.5141100403
1.5151100403
1.5161100403
1.5171100403
1.5181100403
1.5191100403
1.5201100403
1.5211100403
1.5221100403
1.5231100403
1.5241100403
1.5251100403
1.5261100403
1.5271100403
1.5281100403
1.5291100403
1.5301100403
1.5311100403
1.5321100403
1.5331100403
1.5341100403
1.5351100403
1.5361100403
1.5371100403
1.5381100403
1.5391100403
1.5401100403
1.5411100403
1.5421100403
1.5431100403
1.5441100403
1.5451100403
1.5461100403
1.5471100403
1.5481100403
1.5491100403
1.5501100403
1.5511100403
1.5521100403
1.5531100403
1.5541100403
1.5551100403
1.5561100403
1.5571100403
1.5581100403
1.5591100403
1.5601100403
1.5611100403
1.5621100403
1.5631100403
1.5641100403
1.5651100403
1.5661100403
1.5671100403
1.5681100403
1.5691100403
1.5701100403
1.5711100403
1.5721100403
1.5731100403
1.5741100403
1.5751100403
1.5761100403
1.5771100403
1.5781100403
1.5791100403
1.5801100403
1.5811100403
1.5821100403
1.5831100403
1.5841100403
1.5851100403
1.5861100403
1.5871100403
1.5881100403
1.5891100403
1.5901100403
1.5911100403
1.5921100403
1.5931100403
1.5941100403
1.5951100403
1.5961100403
1.5971100403
1.5981100403
1.5991100403
1.6001100403
1.6011100403
1.6021100403
1.6031100403
1.6041100403
1.6051100403
1.6061100403
1.6071100403
1.6081100403
1.6091100403
1.6101100403
1.6111100403
1.6121100403
1.6131100403
1.6141100403
1.6151100403
1.6161100403
1.6171100403
1.6181100403
1.6191100403
1.6201100403
1.6211100403
1.6221100403
1.6231100403
1.6241100403
1.6251100403
1.6261100403
1.6271100403
1.6281100403
1.6291100403
1.6301100403
1.6311100403
1.6321100403
1.6331100403
1.6341100403
1.6351100403
1.6361100403
1.6371100403
1.6381100403
1.6391100403
1.6401100403
1.6411100403
1.6421100403
1.6431100403
1.6441100403
1.6451100403
1.6461100403
1.6471100403
1.6481100403
1.6491100403
1.6501100403
1.6511100403
1.6521100403
1.6531100403
1.6541100403
1.6551100403
1.6561100403
1.6571100403
1.6581100403
1.6591100403
1.6601100403
1.6611100403
1.6621100403
1.6631100403
1.6641100403
1.6651100403
