# $W_{\text{p}}/W$ = 0.50, $h/W$ = 0.40, $d/W$ = 0.20, x/W = 0.0, $E_{\rm e}$ = 200 keV
0.7287223584
0.7297223584
0.7307223584
0.7317223584
0.7327223584
0.7337223584
0.7347223584
0.7357223584
0.7367223584
0.7377223584
0.7387223584
0.7397223584
0.7407223584
0.7417223584
0.7427223584
0.7437223584
0.7447223584
0.7457223584
0.7467223584
0.7477223584
0.7487223584
0.7497223584
0.7507223584
0.7517223584
0.7527223584
0.7537223584
0.7547223584
0.7557223584
0.7567223584
0.7577223584
0.7587223584
0.7597223584
0.7607223584
0.7617223584
0.7627223584
0.7637223584
0.7647223584
0.7657223584
0.7667223584
0.7677223584
0.7687223584
0.7697223584
0.7707223584
0.7717223584
0.7727223584
0.7737223584
0.7747223584
0.7757223584
0.7767223584
0.7777223584
0.7787223584
0.7797223584
0.7807223584
0.7817223584
0.7827223584
0.7837223584
0.7847223584
0.7857223584
0.7867223584
0.7877223584
0.7887223584
0.7897223584
0.7907223584
0.7917223584
0.7927223584
0.7937223584
0.7947223584
0.7957223584
0.7967223584
0.7977223584
0.7987223584
0.7997223584
0.8007223584
0.8017223584
0.8027223584
0.8037223584
0.8047223584
0.8057223584
0.8067223584
0.8077223584
0.8087223584
0.8097223584
0.8107223584
0.8117223584
0.8127223584
0.8137223584
0.8147223584
0.8157223584
0.8167223584
0.8177223584
0.8187223584
0.8197223584
0.8207223584
0.8217223584
0.8227223584
0.8237223584
0.8247223584
0.8257223584
0.8267223584
0.8277223584
0.8287223584
0.8297223584
0.8307223584
0.8317223584
0.8327223584
0.8337223584
0.8347223584
0.8357223584
