# $W_{\text{p}}/W$ = 0.50, $h/W$ = 0.40, $d/W$ = 0.20, x/W = 0.0, $E_{\rm e}$ = 200 keV
1.4011123854
1.4021123854
1.4031123854
1.4041123854
1.4051123854
1.4061123854
1.4071123854
1.4081123854
1.4091123854
1.4101123854
1.4111123854
1.4121123854
1.4131123854
1.4141123854
1.4151123854
1.4161123854
1.4171123854
1.4181123854
1.4191123854
1.4201123854
1.4211123854
1.4221123854
1.4231123854
1.4241123854
1.4251123854
1.4261123854
1.4271123854
1.4281123854
1.4291123854
1.4301123854
1.4311123854
1.4321123854
1.4331123854
1.4341123854
1.4351123854
1.4361123854
1.4371123854
1.4381123854
1.4391123854
1.4401123854
1.4411123854
1.4421123854
1.4431123854
1.4441123854
1.4451123854
1.4461123854
1.4471123854
1.4481123854
1.4491123854
1.4501123854
1.4511123854
1.4521123854
1.4531123854
1.4541123854
1.4551123854
1.4561123854
1.4571123854
1.4581123854
1.4591123854
1.4601123854
1.4611123854
1.4621123854
1.4631123854
1.4641123854
1.4651123854
1.4661123854
1.4671123854
1.4681123854
1.4691123854
1.4701123854
1.4711123854
1.4721123854
1.4731123854
1.4741123854
1.4751123854
1.4761123854
1.4771123854
1.4781123854
1.4791123854
1.4801123854
1.4811123854
1.4821123854
1.4831123854
1.4841123854
1.4851123854
1.4861123854
1.4871123854
1.4881123854
1.4891123854
1.4901123854
1.4911123854
1.4921123854
1.4931123854
1.4941123854
1.4951123854
1.4961123854
1.4971123854
1.4981123854
1.4991123854
1.5001123854
1.5011123854
1.5021123854
1.5031123854
1.5041123854
1.5051123854
1.5061123854
1.5071123854
1.5081123854
1.5091123854
1.5101123854
1.5111123854
1.5121123854
1.5131123854
1.5141123854
1.5151123854
1.5161123854
1.5171123854
1.5181123854
1.5191123854
1.5201123854
1.5211123854
1.5221123854
1.5231123854
1.5241123854
1.5251123854
1.5261123854
1.5271123854
1.5281123854
1.5291123854
1.5301123854
1.5311123854
1.5321123854
1.5331123854
1.5341123854
1.5351123854
1.5361123854
1.5371123854
1.5381123854
1.5391123854
1.5401123854
1.5411123854
1.5421123854
1.5431123854
1.5441123854
1.5451123854
1.5461123854
1.5471123854
1.5481123854
1.5491123854
1.5501123854
1.5511123854
1.5521123854
1.5531123854
1.5541123854
1.5551123854
1.5561123854
1.5571123854
1.5581123854
1.5591123854
1.5601123854
1.5611123854
1.5621123854
1.5631123854
1.5641123854
1.5651123854
1.5661123854
1.5671123854
1.5681123854
1.5691123854
1.5701123854
1.5711123854
1.5721123854
1.5731123854
1.5741123854
1.5751123854
1.5761123854
1.5771123854
1.5781123854
1.5791123854
1.5801123854
1.5811123854
1.5821123854
1.5831123854
1.5841123854
1.5851123854
1.5861123854
1.5871123854
1.5881123854
1.5891123854
1.5901123854
1.5911123854
1.5921123854
1.5931123854
1.5941123854
1.5951123854
1.5961123854
1.5971123854
1.5981123854
1.5991123854
1.6001123854
1.6011123854
1.6021123854
1.6031123854
1.6041123854
1.6051123854
1.6061123854
1.6071123854
1.6081123854
1.6091123854
1.6101123854
1.6111123854
1.6121123854
1.6131123854
1.6141123854
1.6151123854
1.6161123854
1.6171123854
1.6181123854
1.6191123854
1.6201123854
1.6211123854
1.6221123854
1.6231123854
1.6241123854
1.6251123854
1.6261123854
1.6271123854
1.6281123854
1.6291123854
1.6301123854
1.6311123854
1.6321123854
1.6331123854
1.6341123854
1.6351123854
1.6361123854
1.6371123854
1.6381123854
1.6391123854
1.6401123854
1.6411123854
1.6421123854
1.6431123854
1.6441123854
1.6451123854
1.6461123854
1.6471123854
1.6481123854
1.6491123854
1.6501123854
1.6511123854
1.6521123854
1.6531123854
1.6541123854
1.6551123854
1.6561123854
1.6571123854
1.6581123854
1.6591123854
1.6601123854
1.6611123854
1.6621123854
1.6631123854
1.6641123854
1.6651123854
