# $W_{\text{p}}/W$ = 0.50, $h/W$ = 0.40, $d/W$ = 0.20, x/W = 0.0, $E_{\rm e}$ = 200 keV
0.7287212130
0.7297212130
0.7307212130
0.7317212130
0.7327212130
0.7337212130
0.7347212130
0.7357212130
0.7367212130
0.7377212130
0.7387212130
0.7397212130
0.7407212130
0.7417212130
0.7427212130
0.7437212130
0.7447212130
0.7457212130
0.7467212130
0.7477212130
0.7487212130
0.7497212130
0.7507212130
0.7517212130
0.7527212130
0.7537212130
0.7547212130
0.7557212130
0.7567212130
0.7577212130
0.7587212130
0.7597212130
0.7607212130
0.7617212130
0.7627212130
0.7637212130
0.7647212130
0.7657212130
0.7667212130
0.7677212130
0.7687212130
0.7697212130
0.7707212130
0.7717212130
0.7727212130
0.7737212130
0.7747212130
0.7757212130
0.7767212130
0.7777212130
0.7787212130
0.7797212130
0.7807212130
0.7817212130
0.7827212130
0.7837212130
0.7847212130
0.7857212130
0.7867212130
0.7877212130
0.7887212130
0.7897212130
0.7907212130
0.7917212130
0.7927212130
0.7937212130
0.7947212130
0.7957212130
0.7967212130
0.7977212130
0.7987212130
0.7997212130
0.8007212130
0.8017212130
0.8027212130
0.8037212130
0.8047212130
0.8057212130
0.8067212130
0.8077212130
0.8087212130
0.8097212130
0.8107212130
0.8117212130
0.8127212130
0.8137212130
0.8147212130
0.8157212130
0.8167212130
0.8177212130
0.8187212130
0.8197212130
0.8207212130
0.8217212130
0.8227212130
0.8237212130
0.8247212130
0.8257212130
0.8267212130
0.8277212130
0.8287212130
0.8297212130
0.8307212130
0.8317212130
0.8327212130
0.8337212130
0.8347212130
0.8357212130
