# $W_{\text{p}}/W$ = 0.50, $h/W$ = 0.40, $d/W$ = 0.20, x/W = 0.0, $E_{\rm e}$ = 200 keV
0.7287204259
0.7297204259
0.7307204259
0.7317204259
0.7327204259
0.7337204259
0.7347204259
0.7357204259
0.7367204259
0.7377204259
0.7387204259
0.7397204259
0.7407204259
0.7417204259
0.7427204259
0.7437204259
0.7447204259
0.7457204259
0.7467204259
0.7477204259
0.7487204259
0.7497204259
0.7507204259
0.7517204259
0.7527204259
0.7537204259
0.7547204259
0.7557204259
0.7567204259
0.7577204259
0.7587204259
0.7597204259
0.7607204259
0.7617204259
0.7627204259
0.7637204259
0.7647204259
0.7657204259
0.7667204259
0.7677204259
0.7687204259
0.7697204259
0.7707204259
0.7717204259
0.7727204259
0.7737204259
0.7747204259
0.7757204259
0.7767204259
0.7777204259
0.7787204259
0.7797204259
0.7807204259
0.7817204259
0.7827204259
0.7837204259
0.7847204259
0.7857204259
0.7867204259
0.7877204259
0.7887204259
0.7897204259
0.7907204259
0.7917204259
0.7927204259
0.7937204259
0.7947204259
0.7957204259
0.7967204259
0.7977204259
0.7987204259
0.7997204259
0.8007204259
0.8017204259
0.8027204259
0.8037204259
0.8047204259
0.8057204259
0.8067204259
0.8077204259
0.8087204259
0.8097204259
0.8107204259
0.8117204259
0.8127204259
0.8137204259
0.8147204259
0.8157204259
0.8167204259
0.8177204259
0.8187204259
0.8197204259
0.8207204259
0.8217204259
0.8227204259
0.8237204259
0.8247204259
0.8257204259
0.8267204259
0.8277204259
0.8287204259
0.8297204259
0.8307204259
0.8317204259
0.8327204259
0.8337204259
0.8347204259
0.8357204259
