# $W_{\text{p}}/W$ = 0.50, $h/W$ = 0.40, $d/W$ = 0.20, x/W = 0.0, $E_{\rm e}$ = 200 keV
1.4011326115
1.4021326115
1.4031326115
1.4041326115
1.4051326115
1.4061326115
1.4071326115
1.4081326115
1.4091326115
1.4101326115
1.4111326115
1.4121326115
1.4131326115
1.4141326115
1.4151326115
1.4161326115
1.4171326115
1.4181326115
1.4191326115
1.4201326115
1.4211326115
1.4221326115
1.4231326115
1.4241326115
1.4251326115
1.4261326115
1.4271326115
1.4281326115
1.4291326115
1.4301326115
1.4311326115
1.4321326115
1.4331326115
1.4341326115
1.4351326115
1.4361326115
1.4371326115
1.4381326115
1.4391326115
1.4401326115
1.4411326115
1.4421326115
1.4431326115
1.4441326115
1.4451326115
1.4461326115
1.4471326115
1.4481326115
1.4491326115
1.4501326115
1.4511326115
1.4521326115
1.4531326115
1.4541326115
1.4551326115
1.4561326115
1.4571326115
1.4581326115
1.4591326115
1.4601326115
1.4611326115
1.4621326115
1.4631326115
1.4641326115
1.4651326115
1.4661326115
1.4671326115
1.4681326115
1.4691326115
1.4701326115
1.4711326115
1.4721326115
1.4731326115
1.4741326115
1.4751326115
1.4761326115
1.4771326115
1.4781326115
1.4791326115
1.4801326115
1.4811326115
1.4821326115
1.4831326115
1.4841326115
1.4851326115
1.4861326115
1.4871326115
1.4881326115
1.4891326115
1.4901326115
1.4911326115
1.4921326115
1.4931326115
1.4941326115
1.4951326115
1.4961326115
1.4971326115
1.4981326115
1.4991326115
1.5001326115
1.5011326115
1.5021326115
1.5031326115
1.5041326115
1.5051326115
1.5061326115
1.5071326115
1.5081326115
1.5091326115
1.5101326115
1.5111326115
1.5121326115
1.5131326115
1.5141326115
1.5151326115
1.5161326115
1.5171326115
1.5181326115
1.5191326115
1.5201326115
1.5211326115
1.5221326115
1.5231326115
1.5241326115
1.5251326115
1.5261326115
1.5271326115
1.5281326115
1.5291326115
1.5301326115
1.5311326115
1.5321326115
1.5331326115
1.5341326115
1.5351326115
1.5361326115
1.5371326115
1.5381326115
1.5391326115
1.5401326115
1.5411326115
1.5421326115
1.5431326115
1.5441326115
1.5451326115
1.5461326115
1.5471326115
1.5481326115
1.5491326115
1.5501326115
1.5511326115
1.5521326115
1.5531326115
1.5541326115
1.5551326115
1.5561326115
1.5571326115
1.5581326115
1.5591326115
1.5601326115
1.5611326115
1.5621326115
1.5631326115
1.5641326115
1.5651326115
1.5661326115
1.5671326115
1.5681326115
1.5691326115
1.5701326115
1.5711326115
1.5721326115
1.5731326115
1.5741326115
1.5751326115
1.5761326115
1.5771326115
1.5781326115
1.5791326115
1.5801326115
1.5811326115
1.5821326115
1.5831326115
1.5841326115
1.5851326115
1.5861326115
1.5871326115
1.5881326115
1.5891326115
1.5901326115
1.5911326115
1.5921326115
1.5931326115
1.5941326115
1.5951326115
1.5961326115
1.5971326115
1.5981326115
1.5991326115
1.6001326115
1.6011326115
1.6021326115
1.6031326115
1.6041326115
1.6051326115
1.6061326115
1.6071326115
1.6081326115
1.6091326115
1.6101326115
1.6111326115
1.6121326115
1.6131326115
1.6141326115
1.6151326115
1.6161326115
1.6171326115
1.6181326115
1.6191326115
1.6201326115
1.6211326115
1.6221326115
1.6231326115
1.6241326115
1.6251326115
1.6261326115
1.6271326115
1.6281326115
1.6291326115
1.6301326115
1.6311326115
1.6321326115
1.6331326115
1.6341326115
1.6351326115
1.6361326115
1.6371326115
1.6381326115
1.6391326115
1.6401326115
1.6411326115
1.6421326115
1.6431326115
1.6441326115
1.6451326115
1.6461326115
1.6471326115
1.6481326115
1.6491326115
1.6501326115
1.6511326115
1.6521326115
1.6531326115
1.6541326115
1.6551326115
1.6561326115
1.6571326115
1.6581326115
1.6591326115
1.6601326115
1.6611326115
1.6621326115
1.6631326115
1.6641326115
1.6651326115
