# $W_{\text{p}}/W$ = 0.50, $h/W$ = 0.60, $d/W$ = 0.20, x/W = 0.0, $E_{\rm e}$ = 200 keV
0.5660834304
0.5670834304
0.5680834304
0.5690834304
0.5700834304
0.5710834304
0.5720834304
0.5730834304
0.5740834304
0.5750834304
0.5760834304
0.5770834304
0.5780834304
0.5790834304
0.5800834304
0.5810834304
0.5820834304
0.5830834304
0.5840834304
0.5850834304
0.5860834304
0.5870834304
0.5880834304
0.5890834304
0.5900834304
0.5910834304
0.5920834304
0.5930834304
0.5940834304
0.5950834304
0.5960834304
0.5970834304
0.5980834304
0.5990834304
0.6000834304
0.6010834304
