# $W_{\text{p}}/W$ = 0.50, $h/W$ = 0.40, $d/W$ = 0.20, x/W = 0.0, $E_{\rm e}$ = 200 keV
0.7287220450
0.7288220450
0.7289220450
0.7290220450
0.7291220450
0.7292220450
0.7293220450
0.7294220450
0.7295220450
0.7296220450
0.7297220450
0.7298220450
0.7299220450
0.7300220450
0.7301220450
0.7302220450
0.7303220450
0.7304220450
0.7305220450
0.7306220450
0.7307220450
0.7308220450
0.7309220450
0.7310220450
0.7311220450
0.7312220450
0.7313220450
0.7314220450
0.7315220450
0.7316220450
0.7317220450
0.7318220450
0.7319220450
0.7320220450
0.7321220450
0.7322220450
0.7323220450
0.7324220450
0.7325220450
0.7326220450
0.7327220450
0.7328220450
0.7329220450
0.7330220450
0.7331220450
0.7332220450
0.7333220450
0.7334220450
0.7335220450
0.7336220450
0.7337220450
0.7338220450
0.7339220450
0.7340220450
0.7341220450
0.7342220450
0.7343220450
0.7344220450
0.7345220450
0.7346220450
0.7347220450
0.7348220450
0.7349220450
0.7350220450
0.7351220450
0.7352220450
0.7353220450
0.7354220450
0.7355220450
0.7356220450
0.7357220450
0.7358220450
0.7359220450
0.7360220450
0.7361220450
0.7362220450
0.7363220450
0.7364220450
0.7365220450
0.7366220450
0.7367220450
0.7368220450
0.7369220450
0.7370220450
0.7371220450
0.7372220450
0.7373220450
0.7374220450
0.7375220450
0.7376220450
0.7377220450
0.7378220450
0.7379220450
0.7380220450
0.7381220450
0.7382220450
0.7383220450
0.7384220450
0.7385220450
0.7386220450
0.7387220450
0.7388220450
0.7389220450
0.7390220450
0.7391220450
0.7392220450
0.7393220450
0.7394220450
0.7395220450
0.7396220450
0.7397220450
0.7398220450
0.7399220450
0.7400220450
0.7401220450
0.7402220450
0.7403220450
0.7404220450
0.7405220450
0.7406220450
0.7407220450
0.7408220450
0.7409220450
0.7410220450
0.7411220450
0.7412220450
0.7413220450
0.7414220450
0.7415220450
0.7416220450
0.7417220450
0.7418220450
0.7419220450
0.7420220450
0.7421220450
0.7422220450
0.7423220450
0.7424220450
0.7425220450
0.7426220450
0.7427220450
0.7428220450
0.7429220450
0.7430220450
0.7431220450
0.7432220450
0.7433220450
0.7434220450
0.7435220450
0.7436220450
0.7437220450
0.7438220450
0.7439220450
0.7440220450
0.7441220450
0.7442220450
0.7443220450
0.7444220450
0.7445220450
0.7446220450
0.7447220450
0.7448220450
0.7449220450
0.7450220450
0.7451220450
0.7452220450
0.7453220450
0.7454220450
0.7455220450
0.7456220450
0.7457220450
0.7458220450
0.7459220450
0.7460220450
0.7461220450
0.7462220450
0.7463220450
0.7464220450
0.7465220450
0.7466220450
0.7467220450
0.7468220450
0.7469220450
0.7470220450
0.7471220450
0.7472220450
0.7473220450
0.7474220450
0.7475220450
0.7476220450
0.7477220450
0.7478220450
0.7479220450
0.7480220450
0.7481220450
0.7482220450
0.7483220450
0.7484220450
0.7485220450
0.7486220450
0.7487220450
0.7488220450
0.7489220450
0.7490220450
0.7491220450
0.7492220450
0.7493220450
0.7494220450
0.7495220450
0.7496220450
0.7497220450
0.7498220450
0.7499220450
0.7500220450
0.7501220450
0.7502220450
0.7503220450
0.7504220450
0.7505220450
0.7506220450
0.7507220450
0.7508220450
0.7509220450
0.7510220450
0.7511220450
0.7512220450
0.7513220450
0.7514220450
0.7515220450
0.7516220450
0.7517220450
0.7518220450
0.7519220450
0.7520220450
0.7521220450
0.7522220450
0.7523220450
0.7524220450
0.7525220450
0.7526220450
0.7527220450
0.7528220450
0.7529220450
0.7530220450
0.7531220450
0.7532220450
0.7533220450
0.7534220450
0.7535220450
0.7536220450
0.7537220450
0.7538220450
0.7539220450
0.7540220450
0.7541220450
0.7542220450
0.7543220450
0.7544220450
0.7545220450
0.7546220450
0.7547220450
0.7548220450
0.7549220450
0.7550220450
0.7551220450
0.7552220450
0.7553220450
0.7554220450
0.7555220450
0.7556220450
0.7557220450
0.7558220450
0.7559220450
0.7560220450
0.7561220450
0.7562220450
0.7563220450
0.7564220450
0.7565220450
0.7566220450
0.7567220450
0.7568220450
0.7569220450
0.7570220450
0.7571220450
0.7572220450
0.7573220450
0.7574220450
0.7575220450
0.7576220450
0.7577220450
0.7578220450
0.7579220450
0.7580220450
0.7581220450
0.7582220450
0.7583220450
0.7584220450
0.7585220450
0.7586220450
0.7587220450
0.7588220450
0.7589220450
0.7590220450
0.7591220450
0.7592220450
0.7593220450
0.7594220450
0.7595220450
0.7596220450
0.7597220450
0.7598220450
0.7599220450
0.7600220450
0.7601220450
0.7602220450
0.7603220450
0.7604220450
0.7605220450
0.7606220450
0.7607220450
0.7608220450
0.7609220450
0.7610220450
0.7611220450
0.7612220450
0.7613220450
0.7614220450
0.7615220450
0.7616220450
0.7617220450
0.7618220450
0.7619220450
0.7620220450
0.7621220450
0.7622220450
0.7623220450
0.7624220450
0.7625220450
0.7626220450
0.7627220450
0.7628220450
0.7629220450
0.7630220450
0.7631220450
0.7632220450
0.7633220450
0.7634220450
0.7635220450
0.7636220450
0.7637220450
0.7638220450
0.7639220450
0.7640220450
0.7641220450
0.7642220450
0.7643220450
0.7644220450
0.7645220450
0.7646220450
0.7647220450
0.7648220450
0.7649220450
0.7650220450
0.7651220450
0.7652220450
0.7653220450
0.7654220450
0.7655220450
0.7656220450
0.7657220450
0.7658220450
0.7659220450
0.7660220450
0.7661220450
0.7662220450
0.7663220450
0.7664220450
0.7665220450
0.7666220450
0.7667220450
0.7668220450
0.7669220450
0.7670220450
0.7671220450
0.7672220450
0.7673220450
0.7674220450
0.7675220450
0.7676220450
0.7677220450
0.7678220450
0.7679220450
0.7680220450
0.7681220450
0.7682220450
0.7683220450
0.7684220450
0.7685220450
0.7686220450
0.7687220450
0.7688220450
0.7689220450
0.7690220450
0.7691220450
0.7692220450
0.7693220450
0.7694220450
0.7695220450
0.7696220450
0.7697220450
0.7698220450
0.7699220450
0.7700220450
0.7701220450
0.7702220450
0.7703220450
0.7704220450
0.7705220450
0.7706220450
0.7707220450
0.7708220450
0.7709220450
0.7710220450
0.7711220450
0.7712220450
0.7713220450
0.7714220450
0.7715220450
0.7716220450
0.7717220450
0.7718220450
0.7719220450
0.7720220450
0.7721220450
0.7722220450
0.7723220450
0.7724220450
0.7725220450
0.7726220450
0.7727220450
0.7728220450
0.7729220450
0.7730220450
0.7731220450
0.7732220450
0.7733220450
0.7734220450
0.7735220450
0.7736220450
0.7737220450
0.7738220450
0.7739220450
0.7740220450
0.7741220450
0.7742220450
0.7743220450
0.7744220450
0.7745220450
0.7746220450
0.7747220450
0.7748220450
0.7749220450
0.7750220450
0.7751220450
0.7752220450
0.7753220450
0.7754220450
0.7755220450
0.7756220450
0.7757220450
0.7758220450
0.7759220450
0.7760220450
0.7761220450
0.7762220450
0.7763220450
0.7764220450
0.7765220450
0.7766220450
0.7767220450
0.7768220450
0.7769220450
0.7770220450
0.7771220450
0.7772220450
0.7773220450
0.7774220450
0.7775220450
0.7776220450
0.7777220450
0.7778220450
0.7779220450
0.7780220450
0.7781220450
0.7782220450
0.7783220450
0.7784220450
0.7785220450
0.7786220450
0.7787220450
0.7788220450
0.7789220450
0.7790220450
0.7791220450
0.7792220450
0.7793220450
0.7794220450
0.7795220450
0.7796220450
0.7797220450
0.7798220450
0.7799220450
0.7800220450
0.7801220450
0.7802220450
0.7803220450
0.7804220450
0.7805220450
0.7806220450
0.7807220450
0.7808220450
0.7809220450
0.7810220450
0.7811220450
0.7812220450
0.7813220450
0.7814220450
0.7815220450
0.7816220450
0.7817220450
0.7818220450
0.7819220450
0.7820220450
0.7821220450
0.7822220450
0.7823220450
0.7824220450
0.7825220450
0.7826220450
0.7827220450
0.7828220450
0.7829220450
0.7830220450
0.7831220450
0.7832220450
0.7833220450
0.7834220450
0.7835220450
0.7836220450
0.7837220450
0.7838220450
0.7839220450
0.7840220450
0.7841220450
0.7842220450
0.7843220450
0.7844220450
0.7845220450
0.7846220450
0.7847220450
0.7848220450
0.7849220450
0.7850220450
0.7851220450
0.7852220450
0.7853220450
0.7854220450
0.7855220450
0.7856220450
0.7857220450
0.7858220450
0.7859220450
0.7860220450
0.7861220450
0.7862220450
0.7863220450
0.7864220450
0.7865220450
0.7866220450
0.7867220450
0.7868220450
0.7869220450
0.7870220450
0.7871220450
0.7872220450
0.7873220450
0.7874220450
0.7875220450
0.7876220450
0.7877220450
0.7878220450
0.7879220450
0.7880220450
0.7881220450
0.7882220450
0.7883220450
0.7884220450
0.7885220450
0.7886220450
0.7887220450
0.7888220450
0.7889220450
0.7890220450
0.7891220450
0.7892220450
0.7893220450
0.7894220450
0.7895220450
0.7896220450
0.7897220450
0.7898220450
0.7899220450
0.7900220450
0.7901220450
0.7902220450
0.7903220450
0.7904220450
0.7905220450
0.7906220450
0.7907220450
0.7908220450
0.7909220450
0.7910220450
0.7911220450
0.7912220450
0.7913220450
0.7914220450
0.7915220450
0.7916220450
0.7917220450
0.7918220450
0.7919220450
0.7920220450
0.7921220450
0.7922220450
0.7923220450
0.7924220450
0.7925220450
0.7926220450
0.7927220450
0.7928220450
0.7929220450
0.7930220450
0.7931220450
0.7932220450
0.7933220450
0.7934220450
0.7935220450
0.7936220450
0.7937220450
0.7938220450
0.7939220450
0.7940220450
0.7941220450
0.7942220450
0.7943220450
0.7944220450
0.7945220450
0.7946220450
0.7947220450
0.7948220450
0.7949220450
0.7950220450
0.7951220450
0.7952220450
0.7953220450
0.7954220450
0.7955220450
0.7956220450
0.7957220450
0.7958220450
0.7959220450
0.7960220450
0.7961220450
0.7962220450
0.7963220450
0.7964220450
0.7965220450
0.7966220450
0.7967220450
0.7968220450
0.7969220450
0.7970220450
0.7971220450
0.7972220450
0.7973220450
0.7974220450
0.7975220450
0.7976220450
0.7977220450
0.7978220450
0.7979220450
0.7980220450
0.7981220450
0.7982220450
0.7983220450
0.7984220450
0.7985220450
0.7986220450
0.7987220450
0.7988220450
0.7989220450
0.7990220450
0.7991220450
0.7992220450
0.7993220450
0.7994220450
0.7995220450
0.7996220450
0.7997220450
0.7998220450
0.7999220450
0.8000220450
0.8001220450
0.8002220450
0.8003220450
0.8004220450
0.8005220450
0.8006220450
0.8007220450
0.8008220450
0.8009220450
0.8010220450
0.8011220450
0.8012220450
0.8013220450
0.8014220450
0.8015220450
0.8016220450
0.8017220450
0.8018220450
0.8019220450
0.8020220450
0.8021220450
0.8022220450
0.8023220450
0.8024220450
0.8025220450
0.8026220450
0.8027220450
0.8028220450
0.8029220450
0.8030220450
0.8031220450
0.8032220450
0.8033220450
0.8034220450
0.8035220450
0.8036220450
0.8037220450
0.8038220450
0.8039220450
0.8040220450
0.8041220450
0.8042220450
0.8043220450
0.8044220450
0.8045220450
0.8046220450
0.8047220450
0.8048220450
0.8049220450
0.8050220450
0.8051220450
0.8052220450
0.8053220450
0.8054220450
0.8055220450
0.8056220450
0.8057220450
0.8058220450
0.8059220450
0.8060220450
0.8061220450
0.8062220450
0.8063220450
0.8064220450
0.8065220450
0.8066220450
0.8067220450
0.8068220450
0.8069220450
0.8070220450
0.8071220450
0.8072220450
0.8073220450
0.8074220450
0.8075220450
0.8076220450
0.8077220450
0.8078220450
0.8079220450
0.8080220450
0.8081220450
0.8082220450
0.8083220450
0.8084220450
0.8085220450
0.8086220450
0.8087220450
0.8088220450
0.8089220450
0.8090220450
0.8091220450
0.8092220450
0.8093220450
0.8094220450
0.8095220450
0.8096220450
0.8097220450
0.8098220450
0.8099220450
0.8100220450
0.8101220450
0.8102220450
0.8103220450
0.8104220450
0.8105220450
0.8106220450
0.8107220450
0.8108220450
0.8109220450
0.8110220450
0.8111220450
0.8112220450
0.8113220450
0.8114220450
0.8115220450
0.8116220450
0.8117220450
0.8118220450
0.8119220450
0.8120220450
0.8121220450
0.8122220450
0.8123220450
0.8124220450
0.8125220450
0.8126220450
0.8127220450
0.8128220450
0.8129220450
0.8130220450
0.8131220450
0.8132220450
0.8133220450
0.8134220450
0.8135220450
0.8136220450
0.8137220450
0.8138220450
0.8139220450
0.8140220450
0.8141220450
0.8142220450
0.8143220450
0.8144220450
0.8145220450
0.8146220450
0.8147220450
0.8148220450
0.8149220450
0.8150220450
0.8151220450
0.8152220450
0.8153220450
0.8154220450
0.8155220450
0.8156220450
0.8157220450
0.8158220450
0.8159220450
0.8160220450
0.8161220450
0.8162220450
0.8163220450
0.8164220450
0.8165220450
0.8166220450
0.8167220450
0.8168220450
0.8169220450
0.8170220450
0.8171220450
0.8172220450
0.8173220450
0.8174220450
0.8175220450
0.8176220450
0.8177220450
0.8178220450
0.8179220450
0.8180220450
0.8181220450
0.8182220450
0.8183220450
0.8184220450
0.8185220450
0.8186220450
0.8187220450
0.8188220450
0.8189220450
0.8190220450
0.8191220450
0.8192220450
0.8193220450
0.8194220450
0.8195220450
0.8196220450
0.8197220450
0.8198220450
0.8199220450
0.8200220450
0.8201220450
0.8202220450
0.8203220450
0.8204220450
0.8205220450
0.8206220450
0.8207220450
0.8208220450
0.8209220450
0.8210220450
0.8211220450
0.8212220450
0.8213220450
0.8214220450
0.8215220450
0.8216220450
0.8217220450
0.8218220450
0.8219220450
0.8220220450
0.8221220450
0.8222220450
0.8223220450
0.8224220450
0.8225220450
0.8226220450
0.8227220450
0.8228220450
0.8229220450
0.8230220450
0.8231220450
0.8232220450
0.8233220450
0.8234220450
0.8235220450
0.8236220450
0.8237220450
0.8238220450
0.8239220450
0.8240220450
0.8241220450
0.8242220450
0.8243220450
0.8244220450
0.8245220450
0.8246220450
0.8247220450
0.8248220450
0.8249220450
0.8250220450
0.8251220450
0.8252220450
0.8253220450
0.8254220450
0.8255220450
0.8256220450
0.8257220450
0.8258220450
0.8259220450
0.8260220450
0.8261220450
0.8262220450
0.8263220450
0.8264220450
0.8265220450
0.8266220450
0.8267220450
0.8268220450
0.8269220450
0.8270220450
0.8271220450
0.8272220450
0.8273220450
0.8274220450
0.8275220450
0.8276220450
0.8277220450
0.8278220450
0.8279220450
0.8280220450
0.8281220450
0.8282220450
0.8283220450
0.8284220450
0.8285220450
0.8286220450
0.8287220450
0.8288220450
0.8289220450
0.8290220450
0.8291220450
0.8292220450
0.8293220450
0.8294220450
0.8295220450
0.8296220450
0.8297220450
0.8298220450
0.8299220450
0.8300220450
0.8301220450
0.8302220450
0.8303220450
0.8304220450
0.8305220450
0.8306220450
0.8307220450
0.8308220450
0.8309220450
0.8310220450
0.8311220450
0.8312220450
0.8313220450
0.8314220450
0.8315220450
0.8316220450
0.8317220450
0.8318220450
0.8319220450
0.8320220450
0.8321220450
0.8322220450
0.8323220450
0.8324220450
0.8325220450
0.8326220450
0.8327220450
0.8328220450
0.8329220450
0.8330220450
0.8331220450
0.8332220450
0.8333220450
0.8334220450
0.8335220450
0.8336220450
0.8337220450
0.8338220450
0.8339220450
0.8340220450
0.8341220450
0.8342220450
0.8343220450
0.8344220450
0.8345220450
0.8346220450
0.8347220450
0.8348220450
0.8349220450
0.8350220450
0.8351220450
0.8352220450
0.8353220450
0.8354220450
