# $W_{\text{p}}/W$ = 0.50, $h/W$ = 0.40, $d/W$ = 0.20, x/W = 0.0, $E_{\rm e}$ = 200 keV
0.7287181775
0.7297181775
0.7307181775
0.7317181775
0.7327181775
0.7337181775
0.7347181775
0.7357181775
0.7367181775
0.7377181775
0.7387181775
0.7397181775
0.7407181775
0.7417181775
0.7427181775
0.7437181775
0.7447181775
0.7457181775
0.7467181775
0.7477181775
0.7487181775
0.7497181775
0.7507181775
0.7517181775
0.7527181775
0.7537181775
0.7547181775
0.7557181775
0.7567181775
0.7577181775
0.7587181775
0.7597181775
0.7607181775
0.7617181775
0.7627181775
0.7637181775
0.7647181775
0.7657181775
0.7667181775
0.7677181775
0.7687181775
0.7697181775
0.7707181775
0.7717181775
0.7727181775
0.7737181775
0.7747181775
0.7757181775
0.7767181775
0.7777181775
0.7787181775
0.7797181775
0.7807181775
0.7817181775
0.7827181775
0.7837181775
0.7847181775
0.7857181775
0.7867181775
0.7877181775
0.7887181775
0.7897181775
0.7907181775
0.7917181775
0.7927181775
0.7937181775
0.7947181775
0.7957181775
0.7967181775
0.7977181775
0.7987181775
0.7997181775
0.8007181775
0.8017181775
0.8027181775
0.8037181775
0.8047181775
0.8057181775
0.8067181775
0.8077181775
0.8087181775
0.8097181775
0.8107181775
0.8117181775
0.8127181775
0.8137181775
0.8147181775
0.8157181775
0.8167181775
0.8177181775
0.8187181775
0.8197181775
0.8207181775
0.8217181775
0.8227181775
0.8237181775
0.8247181775
0.8257181775
0.8267181775
0.8277181775
0.8287181775
0.8297181775
0.8307181775
0.8317181775
0.8327181775
0.8337181775
0.8347181775
0.8357181775
