# $W_{\text{p}}/W$ = 0.50, $h/W$ = 0.40, $d/W$ = 0.20, x/W = 0.0, $E_{\rm e}$ = 200 keV
0.7287201764
0.7297201764
0.7307201764
0.7317201764
0.7327201764
0.7337201764
0.7347201764
0.7357201764
0.7367201764
0.7377201764
0.7387201764
0.7397201764
0.7407201764
0.7417201764
0.7427201764
0.7437201764
0.7447201764
0.7457201764
0.7467201764
0.7477201764
0.7487201764
0.7497201764
0.7507201764
0.7517201764
0.7527201764
0.7537201764
0.7547201764
0.7557201764
0.7567201764
0.7577201764
0.7587201764
0.7597201764
0.7607201764
0.7617201764
0.7627201764
0.7637201764
0.7647201764
0.7657201764
0.7667201764
0.7677201764
0.7687201764
0.7697201764
0.7707201764
0.7717201764
0.7727201764
0.7737201764
0.7747201764
0.7757201764
0.7767201764
0.7777201764
0.7787201764
0.7797201764
0.7807201764
0.7817201764
0.7827201764
0.7837201764
0.7847201764
0.7857201764
0.7867201764
0.7877201764
0.7887201764
0.7897201764
0.7907201764
0.7917201764
0.7927201764
0.7937201764
0.7947201764
0.7957201764
0.7967201764
0.7977201764
0.7987201764
0.7997201764
0.8007201764
0.8017201764
0.8027201764
0.8037201764
0.8047201764
0.8057201764
0.8067201764
0.8077201764
0.8087201764
0.8097201764
0.8107201764
0.8117201764
0.8127201764
0.8137201764
0.8147201764
0.8157201764
0.8167201764
0.8177201764
0.8187201764
0.8197201764
0.8207201764
0.8217201764
0.8227201764
0.8237201764
0.8247201764
0.8257201764
0.8267201764
0.8277201764
0.8287201764
0.8297201764
0.8307201764
0.8317201764
0.8327201764
0.8337201764
0.8347201764
0.8357201764
