# $W_{\text{p}}/W$ = 0.50, $h/W$ = 0.60, $d/W$ = 0.20, x/W = 0.0, $E_{\rm e}$ = 200 keV
0.5660836541
0.5670836541
0.5680836541
0.5690836541
0.5700836541
0.5710836541
0.5720836541
0.5730836541
0.5740836541
0.5750836541
0.5760836541
0.5770836541
0.5780836541
0.5790836541
0.5800836541
0.5810836541
0.5820836541
0.5830836541
0.5840836541
0.5850836541
0.5860836541
0.5870836541
0.5880836541
0.5890836541
0.5900836541
0.5910836541
0.5920836541
0.5930836541
0.5940836541
0.5950836541
0.5960836541
0.5970836541
0.5980836541
0.5990836541
0.6000836541
0.6010836541
