# $W_{\text{p}}/W$ = 0.50, $h/W$ = 0.40, $d/W$ = 0.20, x/W = 0.0, $E_{\rm e}$ = 200 keV
0.7287177950
0.7297177950
0.7307177950
0.7317177950
0.7327177950
0.7337177950
0.7347177950
0.7357177950
0.7367177950
0.7377177950
0.7387177950
0.7397177950
0.7407177950
0.7417177950
0.7427177950
0.7437177950
0.7447177950
0.7457177950
0.7467177950
0.7477177950
0.7487177950
0.7497177950
0.7507177950
0.7517177950
0.7527177950
0.7537177950
0.7547177950
0.7557177950
0.7567177950
0.7577177950
0.7587177950
0.7597177950
0.7607177950
0.7617177950
0.7627177950
0.7637177950
0.7647177950
0.7657177950
0.7667177950
0.7677177950
0.7687177950
0.7697177950
0.7707177950
0.7717177950
0.7727177950
0.7737177950
0.7747177950
0.7757177950
0.7767177950
0.7777177950
0.7787177950
0.7797177950
0.7807177950
0.7817177950
0.7827177950
0.7837177950
0.7847177950
0.7857177950
0.7867177950
0.7877177950
0.7887177950
0.7897177950
0.7907177950
0.7917177950
0.7927177950
0.7937177950
0.7947177950
0.7957177950
0.7967177950
0.7977177950
0.7987177950
0.7997177950
0.8007177950
0.8017177950
0.8027177950
0.8037177950
0.8047177950
0.8057177950
0.8067177950
0.8077177950
0.8087177950
0.8097177950
0.8107177950
0.8117177950
0.8127177950
0.8137177950
0.8147177950
0.8157177950
0.8167177950
0.8177177950
0.8187177950
0.8197177950
0.8207177950
0.8217177950
0.8227177950
0.8237177950
0.8247177950
0.8257177950
0.8267177950
0.8277177950
0.8287177950
0.8297177950
0.8307177950
0.8317177950
0.8327177950
0.8337177950
0.8347177950
0.8357177950
