# $W_{\text{p}}/W$ = 0.50, $h/W$ = 0.40, $d/W$ = 0.20, x/W = 0.0, $E_{\rm e}$ = 200 keV
1.4010853568
1.4020853568
1.4030853568
1.4040853568
1.4050853568
1.4060853568
1.4070853568
1.4080853568
1.4090853568
1.4100853568
1.4110853568
1.4120853568
1.4130853568
1.4140853568
1.4150853568
1.4160853568
1.4170853568
1.4180853568
1.4190853568
1.4200853568
1.4210853568
1.4220853568
1.4230853568
1.4240853568
1.4250853568
1.4260853568
1.4270853568
1.4280853568
1.4290853568
1.4300853568
1.4310853568
1.4320853568
1.4330853568
1.4340853568
1.4350853568
1.4360853568
1.4370853568
1.4380853568
1.4390853568
1.4400853568
1.4410853568
1.4420853568
1.4430853568
1.4440853568
1.4450853568
1.4460853568
1.4470853568
1.4480853568
1.4490853568
1.4500853568
1.4510853568
1.4520853568
1.4530853568
1.4540853568
1.4550853568
1.4560853568
1.4570853568
1.4580853568
1.4590853568
1.4600853568
1.4610853568
1.4620853568
1.4630853568
1.4640853568
1.4650853568
1.4660853568
1.4670853568
1.4680853568
1.4690853568
1.4700853568
1.4710853568
1.4720853568
1.4730853568
1.4740853568
1.4750853568
1.4760853568
1.4770853568
1.4780853568
1.4790853568
1.4800853568
1.4810853568
1.4820853568
1.4830853568
1.4840853568
1.4850853568
1.4860853568
1.4870853568
1.4880853568
1.4890853568
1.4900853568
1.4910853568
1.4920853568
1.4930853568
1.4940853568
1.4950853568
1.4960853568
1.4970853568
1.4980853568
1.4990853568
1.5000853568
1.5010853568
1.5020853568
1.5030853568
1.5040853568
1.5050853568
1.5060853568
1.5070853568
1.5080853568
1.5090853568
1.5100853568
1.5110853568
1.5120853568
1.5130853568
1.5140853568
1.5150853568
1.5160853568
1.5170853568
1.5180853568
1.5190853568
1.5200853568
1.5210853568
1.5220853568
1.5230853568
1.5240853568
1.5250853568
1.5260853568
1.5270853568
1.5280853568
1.5290853568
1.5300853568
1.5310853568
1.5320853568
1.5330853568
1.5340853568
1.5350853568
1.5360853568
1.5370853568
1.5380853568
1.5390853568
1.5400853568
1.5410853568
1.5420853568
1.5430853568
1.5440853568
1.5450853568
1.5460853568
1.5470853568
1.5480853568
1.5490853568
1.5500853568
1.5510853568
1.5520853568
1.5530853568
1.5540853568
1.5550853568
1.5560853568
1.5570853568
1.5580853568
1.5590853568
1.5600853568
1.5610853568
1.5620853568
1.5630853568
1.5640853568
1.5650853568
1.5660853568
1.5670853568
1.5680853568
1.5690853568
1.5700853568
1.5710853568
1.5720853568
1.5730853568
1.5740853568
1.5750853568
1.5760853568
1.5770853568
1.5780853568
1.5790853568
1.5800853568
1.5810853568
1.5820853568
1.5830853568
1.5840853568
1.5850853568
1.5860853568
1.5870853568
1.5880853568
1.5890853568
1.5900853568
1.5910853568
1.5920853568
1.5930853568
1.5940853568
1.5950853568
1.5960853568
1.5970853568
1.5980853568
1.5990853568
1.6000853568
1.6010853568
1.6020853568
1.6030853568
1.6040853568
1.6050853568
1.6060853568
1.6070853568
1.6080853568
1.6090853568
1.6100853568
1.6110853568
1.6120853568
1.6130853568
1.6140853568
1.6150853568
1.6160853568
1.6170853568
1.6180853568
1.6190853568
1.6200853568
1.6210853568
1.6220853568
1.6230853568
1.6240853568
1.6250853568
1.6260853568
1.6270853568
1.6280853568
1.6290853568
1.6300853568
1.6310853568
1.6320853568
1.6330853568
1.6340853568
1.6350853568
1.6360853568
1.6370853568
1.6380853568
1.6390853568
1.6400853568
1.6410853568
1.6420853568
1.6430853568
1.6440853568
1.6450853568
1.6460853568
1.6470853568
1.6480853568
1.6490853568
1.6500853568
1.6510853568
1.6520853568
1.6530853568
1.6540853568
1.6550853568
1.6560853568
1.6570853568
1.6580853568
1.6590853568
1.6600853568
1.6610853568
1.6620853568
1.6630853568
1.6640853568
1.6650853568
