# $W_{\text{p}}/W$ = 0.50, $h/W$ = 0.60, $d/W$ = 0.20, x/W = 0.0, $E_{\rm e}$ = 200 keV
0.5660836403
0.5670836403
0.5680836403
0.5690836403
0.5700836403
0.5710836403
0.5720836403
0.5730836403
0.5740836403
0.5750836403
0.5760836403
0.5770836403
0.5780836403
0.5790836403
0.5800836403
0.5810836403
0.5820836403
0.5830836403
0.5840836403
0.5850836403
0.5860836403
0.5870836403
0.5880836403
0.5890836403
0.5900836403
0.5910836403
0.5920836403
0.5930836403
0.5940836403
0.5950836403
0.5960836403
0.5970836403
0.5980836403
0.5990836403
0.6000836403
0.6010836403
