# $W_{\text{p}}/W$ = 0.50, $h/W$ = 0.60, $d/W$ = 0.20, x/W = 0.0, $E_{\rm e}$ = 200 keV
0.5660833489
0.5670833489
0.5680833489
0.5690833489
0.5700833489
0.5710833489
0.5720833489
0.5730833489
0.5740833489
0.5750833489
0.5760833489
0.5770833489
0.5780833489
0.5790833489
0.5800833489
0.5810833489
0.5820833489
0.5830833489
0.5840833489
0.5850833489
0.5860833489
0.5870833489
0.5880833489
0.5890833489
0.5900833489
0.5910833489
0.5920833489
0.5930833489
0.5940833489
0.5950833489
0.5960833489
0.5970833489
0.5980833489
0.5990833489
0.6000833489
0.6010833489
