# $W_{\text{p}}/W$ = 0.50, $h/W$ = 0.40, $d/W$ = 0.20, x/W = 0.0, $E_{\rm e}$ = 200 keV
0.7287223630
0.7297223630
0.7307223630
0.7317223630
0.7327223630
0.7337223630
0.7347223630
0.7357223630
0.7367223630
0.7377223630
0.7387223630
0.7397223630
0.7407223630
0.7417223630
0.7427223630
0.7437223630
0.7447223630
0.7457223630
0.7467223630
0.7477223630
0.7487223630
0.7497223630
0.7507223630
0.7517223630
0.7527223630
0.7537223630
0.7547223630
0.7557223630
0.7567223630
0.7577223630
0.7587223630
0.7597223630
0.7607223630
0.7617223630
0.7627223630
0.7637223630
0.7647223630
0.7657223630
0.7667223630
0.7677223630
0.7687223630
0.7697223630
0.7707223630
0.7717223630
0.7727223630
0.7737223630
0.7747223630
0.7757223630
0.7767223630
0.7777223630
0.7787223630
0.7797223630
0.7807223630
0.7817223630
0.7827223630
0.7837223630
0.7847223630
0.7857223630
0.7867223630
0.7877223630
0.7887223630
0.7897223630
0.7907223630
0.7917223630
0.7927223630
0.7937223630
0.7947223630
0.7957223630
0.7967223630
0.7977223630
0.7987223630
0.7997223630
0.8007223630
0.8017223630
0.8027223630
0.8037223630
0.8047223630
0.8057223630
0.8067223630
0.8077223630
0.8087223630
0.8097223630
0.8107223630
0.8117223630
0.8127223630
0.8137223630
0.8147223630
0.8157223630
0.8167223630
0.8177223630
0.8187223630
0.8197223630
0.8207223630
0.8217223630
0.8227223630
0.8237223630
0.8247223630
0.8257223630
0.8267223630
0.8277223630
0.8287223630
0.8297223630
0.8307223630
0.8317223630
0.8327223630
0.8337223630
0.8347223630
0.8357223630
