# $W_{\text{p}}/W$ = 0.50, $h/W$ = 0.40, $d/W$ = 0.20, x/W = 0.0, $E_{\rm e}$ = 200 keV
1.4011196441
1.4021196441
1.4031196441
1.4041196441
1.4051196441
1.4061196441
1.4071196441
1.4081196441
1.4091196441
1.4101196441
1.4111196441
1.4121196441
1.4131196441
1.4141196441
1.4151196441
1.4161196441
1.4171196441
1.4181196441
1.4191196441
1.4201196441
1.4211196441
1.4221196441
1.4231196441
1.4241196441
1.4251196441
1.4261196441
1.4271196441
1.4281196441
1.4291196441
1.4301196441
1.4311196441
1.4321196441
1.4331196441
1.4341196441
1.4351196441
1.4361196441
1.4371196441
1.4381196441
1.4391196441
1.4401196441
1.4411196441
1.4421196441
1.4431196441
1.4441196441
1.4451196441
1.4461196441
1.4471196441
1.4481196441
1.4491196441
1.4501196441
1.4511196441
1.4521196441
1.4531196441
1.4541196441
1.4551196441
1.4561196441
1.4571196441
1.4581196441
1.4591196441
1.4601196441
1.4611196441
1.4621196441
1.4631196441
1.4641196441
1.4651196441
1.4661196441
1.4671196441
1.4681196441
1.4691196441
1.4701196441
1.4711196441
1.4721196441
1.4731196441
1.4741196441
1.4751196441
1.4761196441
1.4771196441
1.4781196441
1.4791196441
1.4801196441
1.4811196441
1.4821196441
1.4831196441
1.4841196441
1.4851196441
1.4861196441
1.4871196441
1.4881196441
1.4891196441
1.4901196441
1.4911196441
1.4921196441
1.4931196441
1.4941196441
1.4951196441
1.4961196441
1.4971196441
1.4981196441
1.4991196441
1.5001196441
1.5011196441
1.5021196441
1.5031196441
1.5041196441
1.5051196441
1.5061196441
1.5071196441
1.5081196441
1.5091196441
1.5101196441
1.5111196441
1.5121196441
1.5131196441
1.5141196441
1.5151196441
1.5161196441
1.5171196441
1.5181196441
1.5191196441
1.5201196441
1.5211196441
1.5221196441
1.5231196441
1.5241196441
1.5251196441
1.5261196441
1.5271196441
1.5281196441
1.5291196441
1.5301196441
1.5311196441
1.5321196441
1.5331196441
1.5341196441
1.5351196441
1.5361196441
1.5371196441
1.5381196441
1.5391196441
1.5401196441
1.5411196441
1.5421196441
1.5431196441
1.5441196441
1.5451196441
1.5461196441
1.5471196441
1.5481196441
1.5491196441
1.5501196441
1.5511196441
1.5521196441
1.5531196441
1.5541196441
1.5551196441
1.5561196441
1.5571196441
1.5581196441
1.5591196441
1.5601196441
1.5611196441
1.5621196441
1.5631196441
1.5641196441
1.5651196441
1.5661196441
1.5671196441
1.5681196441
1.5691196441
1.5701196441
1.5711196441
1.5721196441
1.5731196441
1.5741196441
1.5751196441
1.5761196441
1.5771196441
1.5781196441
1.5791196441
1.5801196441
1.5811196441
1.5821196441
1.5831196441
1.5841196441
1.5851196441
1.5861196441
1.5871196441
1.5881196441
1.5891196441
1.5901196441
1.5911196441
1.5921196441
1.5931196441
1.5941196441
1.5951196441
1.5961196441
1.5971196441
1.5981196441
1.5991196441
1.6001196441
1.6011196441
1.6021196441
1.6031196441
1.6041196441
1.6051196441
1.6061196441
1.6071196441
1.6081196441
1.6091196441
1.6101196441
1.6111196441
1.6121196441
1.6131196441
1.6141196441
1.6151196441
1.6161196441
1.6171196441
1.6181196441
1.6191196441
1.6201196441
1.6211196441
1.6221196441
1.6231196441
1.6241196441
1.6251196441
1.6261196441
1.6271196441
1.6281196441
1.6291196441
1.6301196441
1.6311196441
1.6321196441
1.6331196441
1.6341196441
1.6351196441
1.6361196441
1.6371196441
1.6381196441
1.6391196441
1.6401196441
1.6411196441
1.6421196441
1.6431196441
1.6441196441
1.6451196441
1.6461196441
1.6471196441
1.6481196441
1.6491196441
1.6501196441
1.6511196441
1.6521196441
1.6531196441
1.6541196441
1.6551196441
1.6561196441
1.6571196441
1.6581196441
1.6591196441
1.6601196441
1.6611196441
1.6621196441
1.6631196441
1.6641196441
1.6651196441
