# $W_{\text{p}}/W$ = 0.50, $h/W$ = 0.60, $d/W$ = 0.20, x/W = 0.0, $E_{\rm e}$ = 200 keV
0.5660832531
0.5670832531
0.5680832531
0.5690832531
0.5700832531
0.5710832531
0.5720832531
0.5730832531
0.5740832531
0.5750832531
0.5760832531
0.5770832531
0.5780832531
0.5790832531
0.5800832531
0.5810832531
0.5820832531
0.5830832531
0.5840832531
0.5850832531
0.5860832531
0.5870832531
0.5880832531
0.5890832531
0.5900832531
0.5910832531
0.5920832531
0.5930832531
0.5940832531
0.5950832531
0.5960832531
0.5970832531
0.5980832531
0.5990832531
0.6000832531
0.6010832531
