# $W_{\text{p}}/W$ = 0.50, $h/W$ = 0.60, $d/W$ = 0.20, x/W = 0.0, $E_{\rm e}$ = 200 keV
0.5660833657
0.5670833657
0.5680833657
0.5690833657
0.5700833657
0.5710833657
0.5720833657
0.5730833657
0.5740833657
0.5750833657
0.5760833657
0.5770833657
0.5780833657
0.5790833657
0.5800833657
0.5810833657
0.5820833657
0.5830833657
0.5840833657
0.5850833657
0.5860833657
0.5870833657
0.5880833657
0.5890833657
0.5900833657
0.5910833657
0.5920833657
0.5930833657
0.5940833657
0.5950833657
0.5960833657
0.5970833657
0.5980833657
0.5990833657
0.6000833657
0.6010833657
