# $W_{\text{p}}/W$ = 0.50, $h/W$ = 0.40, $d/W$ = 0.20, x/W = 0.0, $E_{\rm e}$ = 200 keV
1.4011255249
1.4021255249
1.4031255249
1.4041255249
1.4051255249
1.4061255249
1.4071255249
1.4081255249
1.4091255249
1.4101255249
1.4111255249
1.4121255249
1.4131255249
1.4141255249
1.4151255249
1.4161255249
1.4171255249
1.4181255249
1.4191255249
1.4201255249
1.4211255249
1.4221255249
1.4231255249
1.4241255249
1.4251255249
1.4261255249
1.4271255249
1.4281255249
1.4291255249
1.4301255249
1.4311255249
1.4321255249
1.4331255249
1.4341255249
1.4351255249
1.4361255249
1.4371255249
1.4381255249
1.4391255249
1.4401255249
1.4411255249
1.4421255249
1.4431255249
1.4441255249
1.4451255249
1.4461255249
1.4471255249
1.4481255249
1.4491255249
1.4501255249
1.4511255249
1.4521255249
1.4531255249
1.4541255249
1.4551255249
1.4561255249
1.4571255249
1.4581255249
1.4591255249
1.4601255249
1.4611255249
1.4621255249
1.4631255249
1.4641255249
1.4651255249
1.4661255249
1.4671255249
1.4681255249
1.4691255249
1.4701255249
1.4711255249
1.4721255249
1.4731255249
1.4741255249
1.4751255249
1.4761255249
1.4771255249
1.4781255249
1.4791255249
1.4801255249
1.4811255249
1.4821255249
1.4831255249
1.4841255249
1.4851255249
1.4861255249
1.4871255249
1.4881255249
1.4891255249
1.4901255249
1.4911255249
1.4921255249
1.4931255249
1.4941255249
1.4951255249
1.4961255249
1.4971255249
1.4981255249
1.4991255249
1.5001255249
1.5011255249
1.5021255249
1.5031255249
1.5041255249
1.5051255249
1.5061255249
1.5071255249
1.5081255249
1.5091255249
1.5101255249
1.5111255249
1.5121255249
1.5131255249
1.5141255249
1.5151255249
1.5161255249
1.5171255249
1.5181255249
1.5191255249
1.5201255249
1.5211255249
1.5221255249
1.5231255249
1.5241255249
1.5251255249
1.5261255249
1.5271255249
1.5281255249
1.5291255249
1.5301255249
1.5311255249
1.5321255249
1.5331255249
1.5341255249
1.5351255249
1.5361255249
1.5371255249
1.5381255249
1.5391255249
1.5401255249
1.5411255249
1.5421255249
1.5431255249
1.5441255249
1.5451255249
1.5461255249
1.5471255249
1.5481255249
1.5491255249
1.5501255249
1.5511255249
1.5521255249
1.5531255249
1.5541255249
1.5551255249
1.5561255249
1.5571255249
1.5581255249
1.5591255249
1.5601255249
1.5611255249
1.5621255249
1.5631255249
1.5641255249
1.5651255249
1.5661255249
1.5671255249
1.5681255249
1.5691255249
1.5701255249
1.5711255249
1.5721255249
1.5731255249
1.5741255249
1.5751255249
1.5761255249
1.5771255249
1.5781255249
1.5791255249
1.5801255249
1.5811255249
1.5821255249
1.5831255249
1.5841255249
1.5851255249
1.5861255249
1.5871255249
1.5881255249
1.5891255249
1.5901255249
1.5911255249
1.5921255249
1.5931255249
1.5941255249
1.5951255249
1.5961255249
1.5971255249
1.5981255249
1.5991255249
1.6001255249
1.6011255249
1.6021255249
1.6031255249
1.6041255249
1.6051255249
1.6061255249
1.6071255249
1.6081255249
1.6091255249
1.6101255249
1.6111255249
1.6121255249
1.6131255249
1.6141255249
1.6151255249
1.6161255249
1.6171255249
1.6181255249
1.6191255249
1.6201255249
1.6211255249
1.6221255249
1.6231255249
1.6241255249
1.6251255249
1.6261255249
1.6271255249
1.6281255249
1.6291255249
1.6301255249
1.6311255249
1.6321255249
1.6331255249
1.6341255249
1.6351255249
1.6361255249
1.6371255249
1.6381255249
1.6391255249
1.6401255249
1.6411255249
1.6421255249
1.6431255249
1.6441255249
1.6451255249
1.6461255249
1.6471255249
1.6481255249
1.6491255249
1.6501255249
1.6511255249
1.6521255249
1.6531255249
1.6541255249
1.6551255249
1.6561255249
1.6571255249
1.6581255249
1.6591255249
1.6601255249
1.6611255249
1.6621255249
1.6631255249
1.6641255249
1.6651255249
