# Energy(eV)	P_integrated for V0 = 0.3014 eV, theta = 1.1736 mrad
0.2960000000 70.4177725270
0.2970000000 403.4230078960
0.2980000000 452.7847312410
0.2990000000 246.1651165776
0.3000000000 82.2122722294
0.3010000000 5.5233126458
0.3630000000 5.5233126458
0.3640000000 5.5233126458
0.3650000000 5.5233126458
0.3660000000 5.5233126458
0.3670000000 5.5233126458
0.3680000000 5.5233126458
0.3690000000 5.5233126458
0.3700000000 5.5233126458
0.3710000000 5.5233126458
0.3720000000 5.5233126458
0.3730000000 5.5233126458
0.3740000000 5.5233126458
0.3750000000 5.5233126458
0.3760000000 5.5233126458
0.3770000000 5.5233126458
0.3780000000 5.5233126458
0.3790000000 0.9826912393
0.3800000000 0.0139015363
0.3810000000 0.0225832954
0.3820000000 0.0309190940
0.3830000000 0.0388014418
0.3840000000 0.0465334619
0.3850000000 0.0539882827
0.3860000000 0.0611733408
0.3870000000 0.0680915114
0.3880000000 0.0747820419
0.3890000000 0.0814866319
0.3900000000 0.0876101429
0.3910000000 0.0936567073
0.3920000000 0.0995131064
0.3930000000 0.1054064398
0.3940000000 0.1109036483
0.3950000000 0.1162441132
0.3960000000 0.1215289844
0.3970000000 0.1265678630
0.3980000000 0.1314696370
0.3990000000 0.1364368530
0.4000000000 0.1410818072
0.4010000000 0.1457018603
0.4020000000 0.1503151315
0.4030000000 0.1546365947
0.4040000000 0.1590357375
0.4050000000 0.1633408783
0.4060000000 0.1674585026
0.4070000000 0.1714137408
0.4080000000 0.1754609175
0.4090000000 0.1796154844
0.4100000000 0.1834232962
0.4110000000 0.1872661659
0.4120000000 0.1912067041
0.4130000000 0.1949185125
0.4140000000 0.1986584935
0.4150000000 0.2024295924
0.4160000000 0.2063060152
0.4170000000 0.2101307387
0.4180000000 0.2138275383
0.4190000000 0.2177192493
0.4200000000 0.2218616734
0.4210000000 0.2265484724
0.4220000000 0.2311749831
0.4230000000 0.2340505001
0.4240000000 0.2368801388
0.4250000000 0.2396338989
0.4260000000 0.2424496480
0.4270000000 0.2452508642
0.4280000000 0.2480424298
0.4290000000 0.2507601315
0.4300000000 0.2535476377
0.4310000000 0.2563278035
0.4320000000 0.2590521841
0.4330000000 0.2618509622
0.4340000000 0.2646467692
0.4350000000 0.2674000911
0.4360000000 0.2702318839
0.4370000000 0.2730664549
0.4380000000 0.2758734185
0.4390000000 0.2787603770
0.4400000000 0.2816621220
0.4410000000 0.2845445864
0.4420000000 0.2875117430
0.4430000000 0.2905000268
0.4440000000 0.2934793055
0.4450000000 0.2965501627
0.4460000000 0.2996480883
0.4470000000 0.3027479971
0.4480000000 0.3059423183
0.4490000000 0.3091745390
0.4500000000 0.3124171472
0.4510000000 0.3157493483
0.4520000000 0.3191025068
0.4530000000 0.3225577231
0.4540000000 0.3260612216
0.4550000000 0.3295980909
0.4560000000 0.3332408780
0.4570000000 0.3369444316
0.4580000000 0.3406905143
0.4590000000 0.3445373284
0.4600000000 0.3484395004
0.4610000000 0.3524575761
0.4620000000 0.3565479135
0.4630000000 0.3607073190
0.4640000000 0.3649776673
0.4650000000 0.3693255621
0.4660000000 0.3738008678
0.4670000000 0.3783665273
0.4680000000 0.3830272152
0.4690000000 0.3878110607
0.4700000000 0.3926998281
0.4710000000 0.3977282005
0.4720000000 0.4028551556
0.4730000000 0.4081380509
0.4740000000 0.4135418047
0.4750000000 0.4190850671
0.4760000000 0.4247739098
0.4770000000 0.4306142929
0.4780000000 0.4366188315
0.4790000000 0.4427729339
0.4800000000 0.4491105354
0.4810000000 0.4556093867
0.4820000000 0.4623043133
0.4830000000 0.4691755454
0.4840000000 0.4762623647
0.4850000000 0.4835369277
0.4860000000 0.4910453188
0.4870000000 0.4987565830
0.4880000000 0.5067254807
0.4890000000 0.5149200296
0.4900000000 0.5233771567
0.4910000000 0.5320859274
0.4920000000 0.5410846220
0.4930000000 0.5503549386
0.4940000000 0.5599093055
0.4950000000 0.5698237172
0.4960000000 0.5800182205
0.4970000000 0.5906548522
0.4980000000 0.6015965184
0.4990000000 0.6129787735
0.5000000000 0.6246915388
0.5010000000 0.6368889796
0.5020000000 0.6494486050
0.5030000000 0.6625392914
0.5040000000 0.6760305919
0.5050000000 0.6901116721
0.5060000000 0.7046336648
0.5070000000 0.7198024914
0.5080000000 0.7354608781
0.5090000000 0.7518389163
0.5100000000 0.7687557451
0.5110000000 0.7864703414
0.5120000000 0.8047900378
0.5130000000 0.8240001900
0.5140000000 0.8438777326
0.5150000000 0.8647554945
0.5160000000 0.8863781656
0.5170000000 0.9091207834
0.5180000000 0.9327050097
0.5190000000 0.9575466139
0.5200000000 0.9833335693
0.5210000000 1.0105416339
0.5220000000 1.0388259560
0.5230000000 1.0687086774
0.5240000000 1.1000630122
0.5250000000 1.1327620760
0.5260000000 1.1673644331
0.5270000000 1.2035231338
0.5280000000 1.2418558441
0.5290000000 1.2819693267
0.5300000000 1.3246107106
0.5310000000 1.3692943152
0.5320000000 1.4168945839
0.5330000000 1.4668814388
0.5340000000 1.5202612228
0.5350000000 1.5764368272
0.5360000000 1.6365862916
0.5370000000 1.7005318289
0.5380000000 1.7681370110
0.5390000000 1.8407704932
0.5400000000 1.9177680849
0.5410000000 2.0007344138
0.5420000000 2.0889671466
0.5430000000 2.1843527876
0.5440000000 2.2861626150
0.5450000000 2.3966174368
0.5460000000 2.5158003223
0.5470000000 2.6438384490
0.5480000000 2.7835392278
0.5490000000 2.9343000974
0.5500000000 3.0995571961
0.5510000000 3.2787267739
0.5520000000 3.4763046267
0.5530000000 3.6931961708
0.5540000000 3.9305856183
0.5550000000 4.1946077936
0.5560000000 4.4855388737
0.5570000000 4.8114645612
0.5580000000 5.1758142598
0.5590000000 5.5825734834
0.5600000000 6.0440282734
0.5610000000 6.5645816625
0.5620000000 7.1614012466
0.5630000000 7.8425157669
0.5640000000 8.6337387207
0.5650000000 9.5546446787
0.5660000000 10.6304117987
0.5670000000 11.9101329123
0.5680000000 13.4345360241
0.5690000000 15.2876023464
0.5700000000 17.5599449069
0.5710000000 20.3777594380
0.5720000000 23.9581559478
0.5730000000 28.5663833449
0.5740000000 34.6793919208
0.5750000000 42.9923201831
0.5760000000 54.6472454234
0.5770000000 71.7629030960
0.5780000000 98.1385817201
0.5790000000 141.3135760808
0.5800000000 217.7798124336
0.5810000000 363.2866419570
0.5820000000 639.9424560192
0.5830000000 967.3932885718
0.5840000000 852.3849895631
0.5850000000 502.1355006945
0.5860000000 286.0258715967
0.5870000000 175.4871166478
0.5880000000 116.2010348643
0.5890000000 81.7635461102
0.5900000000 60.3184848340
0.5910000000 46.1691413178
0.5920000000 36.3714479698
0.5930000000 29.3459724966
0.5940000000 24.1433201790
0.5950000000 20.1766108165
0.5960000000 17.1033875718
0.5970000000 14.6618285112
0.5980000000 12.7035296782
0.5990000000 11.1052991148
0.6000000000 9.7789115662
0.6010000000 8.6753786486
0.6020000000 7.7445213724
0.6030000000 6.9477966447
0.6040000000 6.2679993621
0.6050000000 5.6809082355
0.6060000000 5.1663328172
0.6070000000 4.7196725689
0.6080000000 4.3266606348
0.6090000000 3.9760828029
0.6100000000 3.6675451463
0.6110000000 3.3896462961
0.6120000000 3.1429911282
0.6130000000 2.9213971491
0.6140000000 2.7192960853
0.6150000000 2.5382492572
0.6160000000 2.3739591184
0.6170000000 2.2225564708
0.6180000000 2.0859603200
0.6190000000 1.9609678325
0.6200000000 1.8447376648
0.6210000000 1.7392430521
0.6220000000 1.6421041487
0.6230000000 1.5509926330
0.6240000000 1.4679277366
0.6250000000 1.3909849635
0.6260000000 1.3183178953
0.6270000000 1.2518102496
0.6280000000 1.1898995650
0.6290000000 1.1310265909
0.6300000000 1.0770109511
0.6310000000 1.0264879150
0.6320000000 0.9781616163
0.6330000000 0.9337210015
0.6340000000 0.8920038915
0.6350000000 0.8518427408
0.6360000000 0.8148440168
0.6370000000 0.7800299168
0.6380000000 0.7471396438
0.6390000000 0.7152046571
0.6400000000 0.6858555823
0.6410000000 0.6580447347
0.6420000000 0.6309594576
0.6430000000 0.6059246528
0.6440000000 0.5822055368
0.6450000000 0.5589925017
0.6460000000 0.5375323440
0.6470000000 0.5171373584
0.6480000000 0.4970876331
0.6490000000 0.4785405364
0.6500000000 0.4609081110
0.6510000000 0.4440630155
0.6520000000 0.4273297535
0.6530000000 0.4119730657
0.6540000000 0.3972498390
0.6550000000 0.3826374158
0.6560000000 0.3691134634
0.6570000000 0.3561873630
0.6580000000 0.3432900855
0.6590000000 0.3313727931
0.6600000000 0.3199563699
0.6610000000 0.3089863595
0.6620000000 0.2979313474
0.6630000000 0.2878034418
0.6640000000 0.2780366366
0.6650000000 0.2682058917
0.6660000000 0.2591229481
0.6670000000 0.2503929209
0.6680000000 0.2415748016
0.6690000000 0.2334249152
0.6700000000 0.2255991130
0.6710000000 0.2180341433
0.6720000000 0.2103315424
0.6730000000 0.2032311365
0.6740000000 0.1963859226
0.6750000000 0.1893962116
0.6760000000 0.1829596289
0.6770000000 0.1767614062
0.6780000000 0.1707418892
0.6790000000 0.1645682814
0.6800000000 0.1588755303
0.6810000000 0.1533802581
0.6820000000 0.1480555095
0.6830000000 0.1425016565
0.6840000000 0.1374800466
0.6850000000 0.1325768982
0.6860000000 0.1274996993
0.6870000000 0.1228394184
0.6880000000 0.1183287065
0.6890000000 0.1139307144
0.6900000000 0.1093448968
0.6910000000 0.1051362482
0.6920000000 0.1010564521
0.6930000000 0.0970789159
0.6940000000 0.0928717346
0.6950000000 0.0890809117
0.6960000000 0.0853599512
0.6970000000 0.0814620628
0.6980000000 0.0778742239
0.6990000000 0.0744054827
0.7000000000 0.0709917072
0.7010000000 0.0673961802
0.7020000000 0.0640980344
0.7030000000 0.0608846300
0.7040000000 0.0577295357
0.7050000000 0.0543865609
0.7060000000 0.0513175091
0.7070000000 0.0483276044
0.7080000000 0.0453849837
0.7090000000 0.0422565308
0.7100000000 0.0393701041
0.7110000000 0.0365644104
0.7120000000 0.0337932559
0.7130000000 0.0308364573
0.7140000000 0.0281100070
0.7150000000 0.0254403613
0.7160000000 0.0228174686
0.7170000000 0.0200004634
0.7180000000 0.0173992660
0.7190000000 0.0148414651
0.7200000000 0.0123190121
0.7210000000 0.0096129332
0.7220000000 0.0075520177
0.7230000000 0.0066145251
0.7240000000 0.0058740217
0.7250000000 0.0052956454
0.7260000000 0.0045327163
0.7270000000 0.0041866655
0.7280000000 0.0042912796
0.7290000000 0.0038060847
0.7300000000 0.0039882662
0.7310000000 0.0030317197
0.7320000000 0.0043384221
0.7330000000 0.0038536577
0.7340000000 0.0039323488
0.7350000000 0.0046747024
0.7360000000 0.0063266311
0.7370000000 0.0029047739
0.7380000000 0.0060027854
0.7390000000 0.0026106407
0.7400000000 0.0086421576
0.7410000000 0.0047705649
0.7420000000 0.0179871214
0.7430000000 0.0144512981
0.7440000000 0.0106920921
0.7450000000 0.0067514328
0.7460000000 0.0022276176
0.7470000000 0.6975707743
0.7480000000 0.6823429994
0.7490000000 0.6659195613
0.7500000000 0.6464479166
0.7510000000 0.6271789328
0.7520000000 0.6071569791
0.7530000000 0.5857170254
0.7540000000 0.5593086229
0.7550000000 0.5348390862
0.7560000000 0.5080325674
0.7570000000 0.4799030449
0.7580000000 0.4506073738
0.7590000000 0.4180704993
0.7600000000 0.3857441794
0.7610000000 0.3526736354
0.7620000000 0.3170395525
0.7630000000 0.2792881142
0.7640000000 0.2406140006
0.7650000000 0.2013644627
0.7660000000 0.1604841484
0.7670000000 0.1184777542
0.7680000000 0.0730132602
0.7690000000 0.0271315431
0.7700000000 0.0001669217
0.7710000000 0.0001988962
0.7720000000 0.0001664921
0.7730000000 0.0002085856
0.7740000000 0.0002053877
0.7750000000 0.0001437574
0.7760000000 0.0001563568
0.7770000000 0.0001688952
0.7780000000 0.0001920022
0.7790000000 0.0001646951
0.7800000000 0.0001449215
0.7810000000 0.0002085283
0.7820000000 0.0002019407
0.7830000000 0.0002045861
0.7840000000 0.0002288610
0.7850000000 0.0001812950
0.7860000000 0.0002231755
0.7870000000 0.0001848338
0.7880000000 0.0002649683
0.7890000000 0.0002684038
0.7900000000 0.0002841599
0.7910000000 0.0003120482
0.7920000000 0.0003508555
0.7930000000 0.0003109114
0.7940000000 0.0004074700
0.7950000000 0.0004041503
0.7960000000 0.0004139878
0.7970000000 0.0004399934
0.7980000000 0.0005139070
0.7990000000 0.0006233677
0.8000000000 0.0007792595
0.8010000000 0.0007904629
0.8020000000 0.0008193191
0.8030000000 0.0009238092
0.8040000000 0.0010886735
0.8050000000 0.0013299185
0.8060000000 0.0016647107
0.8070000000 0.0017693949
0.8080000000 0.0020075944
0.8090000000 0.0023689178
0.8100000000 0.0029198972
0.8110000000 0.0037048639
0.8120000000 0.0041923193
0.8130000000 0.0050153235
0.8140000000 0.0062174161
0.8150000000 0.0070954916
0.8160000000 0.0093875656
0.8170000000 0.0114651314
0.8180000000 0.0133081818
0.8190000000 0.0177027348
0.8200000000 0.0222444812
0.8210000000 0.0289093603
0.8220000000 0.0387685827
0.8230000000 0.0504361187
0.8240000000 0.0681449604
0.8250000000 0.0898876064
0.8260000000 0.7265845948
0.8270000000 0.2248477591
0.8280000000 0.3197632216
0.8290000000 0.4146982984
0.8300000000 0.6181766606
0.8310000000 0.9527633313
0.8320000000 1.4380499734
0.8330000000 2.0636656240
0.8340000000 2.5801797479
0.8350000000 2.3444450668
0.8360000000 1.6299986001
0.8370000000 0.9397996593
0.8380000000 0.5097561389
0.8390000000 0.1388231067
0.8400000000 0.0307634900
0.8410000000 0.0027834754
0.8430000000 0.0007366606
0.8440000000 0.4835648781
0.8450000000 6.6177364212
0.8460000000 15.5709234939
0.8470000000 22.5865328506
0.8480000000 23.7526826680
0.8490000000 19.6090871086
0.8500000000 13.6484307251
0.8510000000 8.5010198046
0.8520000000 4.8980767449
0.8530000000 2.6727860966
0.8540000000 1.2942325928
0.8550000000 0.4894682017
0.8560000000 0.0378346688
0.8570000000 0.0238805234
0.8580000000 0.0003367271
0.8590000000 0.0000370980
0.8670000000 0.0771570470
0.8680000000 0.4714436242
0.8690000000 0.8390004054
0.8700000000 0.0007801738
0.8710000000 0.0116118611
0.8720000000 0.0014241712
0.8730000000 0.0032235623
0.8740000000 0.0002064237
0.8750000000 0.0030014527
0.8760000000 0.0015955119
0.8770000000 0.0011987244
0.8780000000 0.0009228327
0.8790000000 0.0028269807
0.8800000000 0.0105294932
0.8810000000 0.0191993671
0.8820000000 0.0289388851
0.8830000000 0.0360835276
0.8840000000 0.0427407904
0.8850000000 0.0488707868
0.8860000000 0.0545163917
0.8870000000 0.0597438349
0.8880000000 0.0658310103
0.8890000000 0.0701828682
0.8900000000 0.0742619251
0.8910000000 0.0780531967
0.8920000000 0.0815754056
0.8930000000 0.0848476161
0.8940000000 0.0888377068
0.8950000000 0.0916007838
0.8960000000 0.0942124211
0.8970000000 0.0966618365
0.8980000000 0.0989467606
0.8990000000 0.1010840916
0.9000000000 0.1038335640
0.9010000000 0.1056642651
0.9020000000 0.1074111361
0.9030000000 0.1090617115
0.9040000000 0.1106133632
0.9050000000 0.1120819875
0.9060000000 0.1140660674
0.9070000000 0.1153371569
0.9080000000 0.1165651762
0.9090000000 0.1177377943
0.9100000000 0.1188495344
0.9110000000 0.1199113137
0.9120000000 0.1214145309
0.9130000000 0.1223661913
0.9140000000 0.1232683943
0.9150000000 0.1241460474
0.9160000000 0.1249944270
0.9170000000 0.1258114057
0.9180000000 0.1266000133
0.9190000000 0.1277630931
0.9200000000 0.1284783555
0.9210000000 0.1291850754
0.9220000000 0.1298759337
0.9230000000 0.1305496171
0.9240000000 0.1312065476
0.9250000000 0.1321927166
0.9260000000 0.1328028085
0.9270000000 0.1334132101
0.9280000000 0.1340167350
0.9290000000 0.1346106543
0.9300000000 0.1351951604
0.9310000000 0.1357736000
0.9320000000 0.1366378686
0.9330000000 0.1371916199
0.9340000000 0.1377483902
0.9350000000 0.1383046411
0.9360000000 0.1388552276
0.9370000000 0.1394059548
0.9380000000 0.1399544415
0.9390000000 0.1407500276
0.9400000000 0.1412843649
0.9410000000 0.1418250549
0.9420000000 0.1423665528
0.9430000000 0.1429064679
0.9440000000 0.1434464892
0.9450000000 0.1442102617
0.9460000000 0.1447405067
0.9470000000 0.1452768371
0.9480000000 0.1458129180
0.9490000000 0.1463493865
0.9500000000 0.1468845515
0.9510000000 0.1474182333
0.9520000000 0.1481462816
0.9530000000 0.1486666476
0.9540000000 0.1491871609
0.9550000000 0.1497040687
0.9560000000 0.1502158358
0.9570000000 0.1507195877
0.9580000000 0.1512131165
0.9590000000 0.1518703208
0.9600000000 0.1523311350
0.9610000000 0.1527804326
0.9620000000 0.1532104512
0.9630000000 0.1536171347
0.9640000000 0.1539951537
0.9650000000 0.1543408830
0.9660000000 0.1548043351
0.9670000000 0.1550577754
0.9680000000 0.1552636463
0.9690000000 0.1554082734
0.9700000000 0.1554813110
0.9710000000 0.1554700657
0.9720000000 0.1553614896
0.9730000000 0.1552784080
0.9740000000 0.1549222648
0.9750000000 0.1544036377
0.9760000000 0.1537271412
0.9770000000 0.1528685384
0.9780000000 0.1518134810
0.9790000000 0.1505546100
0.9800000000 0.1491043493
0.9810000000 0.1476284243
0.9820000000 0.1459423620
0.9830000000 0.1444826369
0.9840000000 0.1436506984
0.9850000000 0.1442780654
0.9860000000 0.1478187318
0.9870000000 0.1568643733
0.9880000000 0.1757044238
0.9890000000 0.2100786172
0.9900000000 0.2672337318
0.9910000000 0.3472923974
0.9920000000 0.4361011317
0.9930000000 0.5025727966
0.9940000000 0.5185664022
0.9950000000 0.4849110495
0.9960000000 0.4266663200
0.9970000000 0.3692424383
0.9980000000 0.3237480748
0.9990000000 0.2920123043
1.0000000000 0.2714296104
1.0010000000 0.2587891342
1.0020000000 0.2514781517
1.0030000000 0.2477429116
1.0040000000 0.2463996500
1.0050000000 0.2463610149
1.0060000000 0.2473343554
1.0070000000 0.2490010955
1.0080000000 0.2511570113
1.0090000000 0.2536697692
1.0100000000 0.2564564044
1.0110000000 0.2595296966
1.0120000000 0.2628117297
1.0130000000 0.2661675560
1.0140000000 0.2696821093
1.0150000000 0.2733520020
1.0160000000 0.2771793705
1.0170000000 0.2811659282
1.0180000000 0.2853221147
1.0190000000 0.2897138893
1.0200000000 0.2943034982
1.0210000000 0.2990440470
1.0220000000 0.3040175498
1.0230000000 0.3092496970
1.0240000000 0.3147710321
1.0250000000 0.3206132491
1.0260000000 0.3268229934
1.0270000000 0.3334943400
1.0280000000 0.3406503016
1.0290000000 0.3483171075
1.0300000000 0.3566428065
1.0310000000 0.3657496673
1.0320000000 0.3757948879
1.0330000000 0.3869757555
1.0340000000 0.3995527227
1.0350000000 0.4138915755
1.0360000000 0.4304095676
1.0370000000 0.4496282349
1.0380000000 0.4723346408
1.0390000000 0.4994667364
1.0400000000 0.5321434282
1.0410000000 0.5715181589
1.0420000000 0.6183451831
1.0430000000 0.6719548917
1.0440000000 0.7284787534
1.0450000000 0.7789681437
1.0460000000 0.8107266171
1.0470000000 0.8139280955
1.0480000000 0.7896067918
1.0490000000 0.7489512874
1.0500000000 0.7047969361
1.0510000000 0.6653152675
1.0520000000 0.6338336896
1.0530000000 0.6105143965
1.0540000000 0.5942166885
1.0550000000 0.5836849091
1.0560000000 0.5777407432
1.0570000000 0.5754277211
1.0580000000 0.5760119855
1.0590000000 0.5789385118
1.0600000000 0.5837039393
1.0610000000 0.5902479136
1.0620000000 0.5981509944
1.0630000000 0.6072992383
1.0640000000 0.6175751929
1.0650000000 0.6288965765
1.0660000000 0.6411983502
1.0670000000 0.6544457508
1.0680000000 0.6684681659
1.0690000000 0.6835511793
1.0700000000 0.6996162642
1.0710000000 0.7165504784
1.0720000000 0.7344373750
1.0730000000 0.7533053297
1.0740000000 0.7731925356
1.0750000000 0.7941388618
1.0760000000 0.8161925634
1.0770000000 0.8391662655
1.0780000000 0.8636007211
1.0790000000 0.8894067523
1.0800000000 0.9165154181
1.0810000000 0.9450834936
1.0820000000 0.9752059968
1.0830000000 1.0069860721
1.0840000000 1.0405382358
1.0850000000 1.0786960291
1.0860000000 1.1187727112
1.0870000000 1.1618368731
1.0880000000 1.2075147453
1.0890000000 1.2561222629
1.0900000000 1.3079063634
1.0910000000 1.3631464355
1.0920000000 1.4221605065
1.0930000000 1.4852861609
1.0940000000 1.5529047793
1.0950000000 1.6247401951
1.0960000000 1.7027923113
1.0970000000 1.7866597326
1.0980000000 1.8770967960
1.0990000000 1.9748090042
1.1000000000 2.0805875614
1.1010000000 2.1953356115
1.1020000000 2.3200861558
1.1030000000 2.4547857821
1.1040000000 2.6032075237
1.1050000000 2.7659909168
1.1060000000 2.9445425075
1.1070000000 3.1412312083
1.1080000000 3.3585509850
1.1090000000 3.5995094826
1.1100000000 3.8675520672
1.1110000000 4.1669611323
1.1120000000 4.5000733121
1.1130000000 4.8783156638
1.1140000000 5.3058456373
1.1150000000 5.7919982622
1.1160000000 6.3478223629
1.1170000000 6.9869821211
1.1180000000 7.7266221142
1.1190000000 8.5883475976
1.1200000000 9.5997493393
1.1210000000 10.7893883829
1.1220000000 12.2172103610
1.1230000000 13.9358911471
1.1240000000 16.0268581589
1.1250000000 18.5974644002
1.1260000000 21.7928042041
1.1270000000 25.8091410529
1.1280000000 30.9098399803
1.1290000000 37.4414646586
1.1300000000 45.8154233279
1.1310000000 56.5366721737
1.1320000000 69.8940983867
1.1330000000 85.5444217211
1.1340000000 101.6568585574
1.1350000000 114.2665369917
1.1360000000 118.5424564420
1.1370000000 112.4534316373
1.1380000000 98.7742225407
1.1390000000 82.4213106421
1.1400000000 67.0493137249
1.1410000000 54.0935627055
1.1420000000 43.7788718264
1.1430000000 35.7346168064
1.1440000000 29.4855728446
1.1450000000 24.6086934227
1.1460000000 20.7686497114
1.1470000000 17.7126530723
1.1480000000 15.2532055100
1.1490000000 13.2465624646
1.1500000000 11.6012018539
1.1510000000 10.2347099074
1.1520000000 9.0893841812
1.1530000000 8.1212090682
1.1540000000 7.2962711618
1.1550000000 6.5882777506
1.1560000000 5.9765721098
1.1570000000 5.4446973465
1.1580000000 4.9795983909
1.1590000000 4.5675920636
1.1600000000 4.2066142374
1.1610000000 3.8861101768
1.1620000000 3.6004144363
1.1630000000 3.3447019441
1.1640000000 3.1149926962
1.1650000000 2.9079021738
1.1660000000 2.7205964951
1.1670000000 2.5506641844
1.1680000000 2.3960316218
1.1690000000 2.2530498205
1.1700000000 2.1241185779
1.1710000000 2.0058266146
1.1720000000 1.8970938842
1.1730000000 1.7969273513
1.1740000000 1.7044708706
1.1750000000 1.6189553865
1.1760000000 1.5397206676
1.1770000000 1.4661762753
1.1780000000 1.3964569193
1.1790000000 1.3328171663
1.1800000000 1.2735002332
1.1810000000 1.2180681953
1.1820000000 1.1662216941
1.1830000000 1.1176708840
1.1840000000 1.0721508233
1.1850000000 1.0294304569
1.1860000000 0.9893023280
1.1870000000 0.9515649169
1.1880000000 0.9160430822
1.1890000000 0.8816348759
1.1900000000 0.8501510925
1.1910000000 0.8204388057
1.1920000000 0.7924082874
1.1930000000 0.7659572648
1.1940000000 0.7409909209
1.1950000000 0.7174319674
1.1960000000 0.6952121308
1.1970000000 0.6742647843
1.1980000000 0.6545364582
1.1990000000 0.6352295909
1.2000000000 0.6178523972
1.2010000000 0.6015801475
1.2020000000 0.5864173042
1.2030000000 0.5723653261
1.2040000000 0.5594406787
1.2050000000 0.5476810600
1.2060000000 0.5371488063
1.2070000000 0.5279324250
1.2080000000 0.5201588451
1.2090000000 0.5133658115
1.2100000000 0.5090957215
1.2110000000 0.5070493228
1.2120000000 0.5076974390
1.2130000000 0.5117242373
1.2140000000 0.5200885721
1.2150000000 0.5341671600
1.2160000000 0.5559642234
1.2170000000 0.5883877363
1.2180000000 0.6356068313
1.2190000000 0.7033053210
1.2200000000 0.7973481234
1.2210000000 0.9224460630
1.2220000000 1.0660575682
1.2230000000 1.1818139870
1.2240000000 1.1980527683
1.2250000000 1.0917404730
1.2260000000 0.9227017578
1.2270000000 0.7590417984
1.2280000000 0.6285326389
1.2290000000 0.5315864436
1.2300000000 0.4605615129
1.2310000000 0.4075396445
1.2320000000 0.3676644358
1.2330000000 0.3366787039
1.2340000000 0.3119757189
1.2350000000 0.2917940947
1.2360000000 0.2749333173
1.2370000000 0.2605564321
1.2380000000 0.2480735565
1.2390000000 0.2370616113
1.2400000000 0.2272069188
1.2410000000 0.2182799251
1.2420000000 0.2097402470
1.2430000000 0.2021827051
1.2440000000 0.1951319674
1.2450000000 0.1885133954
1.2460000000 0.1822575840
1.2470000000 0.1763097485
1.2480000000 0.1706283059
1.2490000000 0.1651730621
1.2500000000 0.1599165371
1.2510000000 0.1548322462
1.2520000000 0.1498985406
1.2530000000 0.1447581147
1.2540000000 0.1400680091
1.2550000000 0.1354688451
1.2560000000 0.1309573454
1.2570000000 0.1265182181
1.2580000000 0.1221361850
1.2590000000 0.1178048149
1.2600000000 0.1135083516
1.2610000000 0.1092387536
1.2620000000 0.1049872210
1.2630000000 0.1007449990
1.2640000000 0.0964999016
1.2650000000 0.0919302532
1.2660000000 0.0876456629
1.2670000000 0.0833365117
1.2680000000 0.0789860391
1.2690000000 0.0745825436
1.2700000000 0.0701162754
1.2710000000 0.0655708360
1.2720000000 0.0609327029
1.2730000000 0.0561925464
1.2740000000 0.0513352446
1.2750000000 0.0463429899
1.2760000000 0.0411965759
1.2770000000 0.0355684682
1.2780000000 0.0301547313
1.2790000000 0.0272955195
1.2800000000 0.0242266958
1.2810000000 0.0223242206
1.2820000000 0.0197329899
1.2830000000 0.0182436986
1.2840000000 0.0168808539
1.2850000000 0.0146939248
1.2860000000 0.0135247108
1.2870000000 0.0124129644
1.2880000000 0.0113517947
1.2890000000 0.0101169497
1.2900000000 0.0091384195
1.2910000000 0.0082164454
1.2920000000 0.0073376867
1.2930000000 0.0072260672
1.2940000000 0.0064370973
1.2950000000 0.0057230928
1.2960000000 0.0050991002
1.2970000000 0.0045912410
1.2980000000 0.0042243358
1.2990000000 0.0040377289
1.3000000000 0.0035876278
1.3010000000 0.0033665100
1.3020000000 0.0033314675
1.3030000000 0.0032166153
1.3040000000 0.0031769539
1.3050000000 0.0037534877
1.3060000000 0.0052538002
1.3070000000 0.0521445070
1.3080000000 0.2355301559
1.3090000000 0.4722318594
1.3100000000 0.7383106359
1.3110000000 0.9851933444
1.3120000000 1.1536772588
1.3130000000 1.2028506159
1.3140000000 1.1359408165
1.3150000000 0.9896721796
1.3160000000 0.8122347757
1.3170000000 0.6405756605
1.3180000000 0.4937499655
1.3190000000 0.3772351403
1.3200000000 0.2888148581
1.3210000000 0.2235680828
1.3220000000 0.1759829006
1.3230000000 0.1414706877
1.3240000000 0.1164330553
1.3250000000 0.0981351013
1.3260000000 0.0842916604
1.3270000000 0.0741584440
1.3280000000 0.0664467466
1.3290000000 0.0603229987
1.3300000000 0.0553490666
1.3310000000 0.0511747019
1.3320000000 0.0475230701
1.3330000000 0.0442002328
1.3340000000 0.0410705205
1.3350000000 0.0381093566
1.3360000000 0.0352241856
1.3370000000 0.0323529599
1.3380000000 0.0294719801
1.3390000000 0.0260905889
1.3400000000 0.0231259396
1.3410000000 0.0201072713
1.3420000000 0.0170336180
1.3430000000 0.0139415459
1.3440000000 0.0108740517
1.3450000000 0.0078857517
1.3460000000 0.0050973702
1.3470000000 0.0026845187
1.3480000000 0.0026845187
1.3490000000 0.0026845187
1.3500000000 0.0026845187
1.3510000000 0.0026845187
1.3520000000 0.0026845187
1.3530000000 0.0026845187
1.3540000000 0.0026845187
1.3550000000 0.0026845187
1.3560000000 0.0026845187
1.3570000000 0.0026845187
1.3580000000 0.0026845187
1.3590000000 0.0026845187
1.3600000000 0.0026845187
1.3610000000 0.0026845187
1.3620000000 0.0026845187
1.3630000000 0.0026845187
1.3640000000 0.0026845187
1.3780000000 0.0026845187
1.3790000000 0.1286740960
1.3800000000 0.5766645947
1.3810000000 1.1090544244
1.3820000000 1.6366411352
1.3830000000 2.0462250471
1.3840000000 2.2534034688
1.3850000000 2.2444297923
1.3860000000 2.0711487660
1.3870000000 1.8114527641
1.3880000000 1.5313966177
1.3890000000 1.2719314563
1.3900000000 1.0508839923
1.3910000000 0.8717461124
1.3920000000 0.7306429591
1.3930000000 0.6374301216
1.3940000000 0.5514671098
1.3950000000 0.4855172957
1.3960000000 0.4350130566
1.3970000000 0.3963503287
1.3980000000 0.3668441591
1.3990000000 0.3443549177
1.4000000000 0.3273557807
1.4010000000 0.3147031201
1.4020000000 0.3054975957
1.4030000000 0.2990944825
1.4040000000 0.2950159727
1.4050000000 0.2929068947
1.4060000000 0.2925189943
1.4070000000 0.2936727799
1.4080000000 0.2991780120
1.4090000000 0.3028937834
1.4100000000 0.3080224018
1.4110000000 0.3145883666
1.4120000000 0.3226744817
1.4130000000 0.3324086252
1.4140000000 0.3439629502
1.4150000000 0.3575759324
1.4160000000 0.3735487096
1.4170000000 0.3922591620
1.4180000000 0.4141838020
1.4190000000 0.4399165073
1.4200000000 0.4701840335
1.4210000000 0.5058788489
1.4220000000 0.5491683055
1.4230000000 0.5989973662
1.4240000000 0.6579031338
1.4250000000 0.7272042574
1.4260000000 0.8078543642
1.4270000000 0.8998167819
1.4280000000 1.0009868970
1.4290000000 1.1057610425
1.4300000000 1.2037219522
1.4310000000 1.2798416463
1.4320000000 1.3179180175
1.4330000000 1.3072236614
1.4340000000 1.2483681055
1.4350000000 1.1533420420
1.4360000000 1.0395116118
1.4370000000 0.9231453035
1.4380000000 0.8136735328
1.4390000000 0.7168429297
1.4400000000 0.6340127454
1.4410000000 0.5645623477
1.4420000000 0.5069154693
1.4430000000 0.4592650401
1.4440000000 0.4198916030
1.4450000000 0.3873006274
1.4460000000 0.3602501035
1.4470000000 0.3377183205
1.4480000000 0.3188865856
1.4490000000 0.3030939956
1.4500000000 0.2898139652
1.4510000000 0.2786229951
1.4520000000 0.2691797030
1.4530000000 0.2615404954
1.4540000000 0.2548023506
1.4550000000 0.2491431074
1.4560000000 0.2444044187
1.4570000000 0.2404635100
1.4580000000 0.2372207074
1.4590000000 0.2345919984
1.4600000000 0.2325091487
1.4610000000 0.2309150773
1.4620000000 0.2297622205
1.4630000000 0.2290126252
1.4640000000 0.2286331269
1.4650000000 0.2285968485
1.4660000000 0.2288833018
1.4670000000 0.2294750497
1.4680000000 0.2306059656
1.4690000000 0.2317661616
1.4700000000 0.2332006087
1.4710000000 0.2349085841
1.4720000000 0.2368872780
1.4730000000 0.2391382342
1.4740000000 0.2416652022
1.4750000000 0.2444748465
1.4760000000 0.2475764389
1.4770000000 0.2509817003
1.4780000000 0.2547049320
1.4790000000 0.2587645545
1.4800000000 0.2631820654
1.4810000000 0.2679818148
1.4820000000 0.2731931349
1.4830000000 0.2788505541
1.4840000000 0.2851900713
1.4850000000 0.2918600813
1.4860000000 0.2991084406
1.4870000000 0.3070078012
1.4880000000 0.3156246764
1.4890000000 0.3250421606
1.4900000000 0.3353565015
1.4910000000 0.3466833644
1.4920000000 0.3591538440
1.4930000000 0.3729250028
1.4940000000 0.3881853115
1.4950000000 0.4051541943
1.4960000000 0.4240906901
1.4970000000 0.4453092315
1.4980000000 0.4691796577
1.4990000000 0.4961443778
1.5000000000 0.5267362972
1.5010000000 0.5632407777
1.5020000000 0.6049043745
1.5030000000 0.6529831321
1.5040000000 0.7085520404
1.5050000000 0.7728699590
1.5060000000 0.8472570237
1.5070000000 0.9329304282
1.5080000000 1.0306804851
1.5090000000 1.1403278584
1.5100000000 1.2598850343
1.5110000000 1.3843747534
1.5120000000 1.5048814975
1.5130000000 1.6083878792
1.5140000000 1.6797315242
1.5150000000 1.7059431339
1.5160000000 1.6814756256
1.5170000000 1.6108393865
1.5180000000 1.5068821996
1.5190000000 1.3859233759
1.5200000000 1.2607213628
1.5210000000 1.1416567223
1.5220000000 1.0341241065
1.5230000000 0.9402053143
1.5240000000 0.8599537618
1.5250000000 0.7923420895
1.5260000000 0.7359052016
1.5270000000 0.6890972713
1.5280000000 0.6504804168
1.5290000000 0.6187794668
1.5300000000 0.5929110266
1.5310000000 0.5719727756
1.5320000000 0.5552183008
1.5330000000 0.5420251262
1.5340000000 0.5319129451
1.5350000000 0.5244695563
1.5360000000 0.5193502116
1.5370000000 0.5162943441
1.5380000000 0.5150811895
1.5390000000 0.5155382083
1.5400000000 0.5175228708
1.5410000000 0.5209211392
1.5420000000 0.5256463141
1.5430000000 0.5316321736
1.5440000000 0.5388289940
1.5450000000 0.5472050212
1.5460000000 0.5567412189
1.5470000000 0.5674287343
1.5480000000 0.5792763334
1.5490000000 0.5922989456
1.5500000000 0.6064921393
1.5510000000 0.6219555034
1.5520000000 0.6386929290
1.5530000000 0.6567939039
1.5540000000 0.6763147852
1.5550000000 0.6973365637
1.5560000000 0.7199551388
1.5570000000 0.7442804734
1.5580000000 0.7704357830
1.5590000000 0.7985646150
1.5600000000 0.8288236337
1.5610000000 0.8613962554
1.5620000000 0.8964872557
1.5630000000 0.9343288660
1.5640000000 0.9751840582
1.5650000000 1.0193523760
1.5660000000 1.0671742640
1.5670000000 1.1190335833
1.5680000000 1.1752210177
1.5690000000 1.2365076868
1.5700000000 1.3033899681
1.5710000000 1.3765069736
1.5720000000 1.4566265170
1.5730000000 1.5446430405
1.5740000000 1.6415854979
1.5750000000 1.7486579884
1.5760000000 1.8672700033
1.5770000000 1.9990579707
1.5780000000 2.1459523381
1.5790000000 2.3102094695
1.5800000000 2.4944840697
1.5810000000 2.7019055800
1.5820000000 2.9361366905
1.5830000000 3.2014580396
1.5840000000 3.5028453148
1.5850000000 3.8460083714
1.5860000000 4.2368516077
1.5870000000 4.6832790577
1.5880000000 5.1923588904
1.5890000000 5.7708093188
1.5900000000 6.4238461599
1.5910000000 7.1530584668
1.5920000000 7.9533737540
1.5930000000 8.8093254432
1.5940000000 9.6906970543
1.5950000000 10.5498599271
1.5960000000 11.3231757772
1.5970000000 11.9395639491
1.5980000000 12.3365097597
1.5990000000 12.4786443435
1.6000000000 12.3701208812
1.6010000000 12.0568920751
1.6020000000 11.6055645823
1.6030000000 11.0875766662
1.6040000000 10.5676589508
1.6050000000 10.0916449182
1.6060000000 9.6931760221
1.6070000000 9.3917149026
1.6080000000 9.1952160439
1.6090000000 9.1037831724
1.6100000000 9.1102776111
1.6110000000 9.1999600785
1.6120000000 9.3491097832
1.6130000000 9.5237104977
1.6140000000 9.6798401094
1.6150000000 9.7679258717
1.6160000000 9.7415256621
1.6170000000 9.5692639902
1.6180000000 9.2445705083
1.6190000000 8.7874978531
1.6200000000 8.2376411159
1.6210000000 7.6418297478
1.6220000000 7.0428645583
1.6230000000 6.4745800536
1.6240000000 5.9553383460
1.6250000000 5.4967551685
1.6260000000 5.1028731957
1.6270000000 4.7729691792
1.6280000000 4.5041863999
1.6290000000 4.2928353318
1.6300000000 4.1353024532
1.6310000000 4.0286105699
1.6320000000 3.9706800305
1.6330000000 3.9604358526
1.6340000000 3.9979412493
1.6350000000 4.0843695790
1.6360000000 4.2220475636
1.6370000000 4.4142574313
1.6380000000 4.6651579989
1.6390000000 4.9793286012
1.6400000000 5.3610963518
1.6410000000 5.8131325776
1.6420000000 6.3353792753
1.6430000000 6.9191142862
1.6440000000 7.5469033249
1.6450000000 8.1858833838
1.6460000000 8.7869501999
1.6470000000 9.2869455383
1.6480000000 9.6192209324
1.6490000000 9.7306007077
1.6500000000 9.5986438765
1.6510000000 9.2395384150
1.6520000000 8.7019258137
1.6530000000 8.0504634709
1.6540000000 7.3482670748
1.6550000000 6.6458162204
1.6560000000 5.9771482675
1.6570000000 5.3614501291
1.6580000000 4.8068216969
1.6590000000 4.3141532316
1.6600000000 3.8801868212
1.6610000000 3.4996246314
1.6620000000 3.1657216269
1.6630000000 2.8738795051
1.6640000000 2.6179229383
1.6650000000 2.3929804374
1.6660000000 2.1946751904
1.6670000000 2.0192622769
1.6680000000 1.8635584556
1.6690000000 1.7248521665
1.6700000000 1.6008291227
1.6710000000 1.4895506733
1.6720000000 1.3893746552
1.6730000000 1.2989055467
1.6740000000 1.2169811933
1.6750000000 1.1426149380
1.6760000000 1.0749957289
1.6770000000 1.0134379607
1.6780000000 0.9574152032
1.6790000000 0.9065297665
1.6800000000 0.8605040847
1.6810000000 0.8192034774
1.6820000000 0.7817012878
1.6830000000 0.7499238439
1.6840000000 0.7232401978
1.6850000000 0.7021178740
1.6860000000 0.6870022583
1.6870000000 0.6784074150
1.6880000000 0.6766907786
1.6890000000 0.6818694846
1.6900000000 0.6933205502
1.6910000000 0.7096034346
1.6920000000 0.7282767833
1.6930000000 0.7461278182
1.6940000000 0.7596632335
1.6950000000 0.7658272077
1.6960000000 0.7628086029
1.6970000000 0.7503355380
1.6980000000 0.7296648204
1.6990000000 0.7029668684
1.7000000000 0.6727529156
1.7010000000 0.6404505298
1.7020000000 0.6088070332
1.7030000000 0.5790087751
1.7040000000 0.5520811125
1.7050000000 0.5281218886
1.7060000000 0.5072092761
1.7070000000 0.4892047289
1.7080000000 0.4738812877
1.7090000000 0.4610000148
1.7100000000 0.4503530377
1.7110000000 0.4417423794
1.7120000000 0.4350080662
1.7130000000 0.4300301515
1.7140000000 0.4267302610
1.7150000000 0.4250602916
1.7160000000 0.4250165273
1.7170000000 0.4266164469
1.7180000000 0.4299228379
1.7190000000 0.4350285502
1.7200000000 0.4420641586
1.7210000000 0.4512046317
1.7220000000 0.4626690599
1.7230000000 0.4767226279
1.7240000000 0.4936494505
1.7250000000 0.5139304465
1.7260000000 0.5378856605
1.7270000000 0.5662485342
1.7280000000 0.5995667371
1.7290000000 0.6385635957
1.7300000000 0.6840563209
1.7310000000 0.7369264262
1.7320000000 0.7980792740
1.7330000000 0.8683405454
1.7340000000 0.9483180884
1.7350000000 1.0381369542
1.7360000000 1.1371063183
1.7370000000 1.2432318612
1.7380000000 1.3527831072
1.7390000000 1.4599353858
1.7400000000 1.5568602832
1.7410000000 1.6346234917
1.7420000000 1.6848060745
1.7430000000 1.7016009900
1.7440000000 1.6834733411
1.7450000000 1.6338726721
1.7460000000 1.5586642217
1.7470000000 1.4667004493
1.7480000000 1.3658733747
1.7490000000 1.2629731015
1.7500000000 1.1628173075
1.7510000000 1.0684471188
1.7520000000 0.9814657145
1.7530000000 0.9024745823
1.7540000000 0.8314199648
1.7550000000 0.7678770194
1.7560000000 0.7112249144
1.7570000000 0.6607662230
1.7580000000 0.6158186576
1.7590000000 0.5757317890
1.7600000000 0.5399085745
1.7610000000 0.5078166439
1.7620000000 0.4789935999
1.7630000000 0.4530288457
1.7640000000 0.4295658055
1.7650000000 0.4083008481
1.7660000000 0.3889691893
1.7670000000 0.3710540823
1.7680000000 0.3549267583
1.7690000000 0.3401402278
1.7700000000 0.3265260264
1.7710000000 0.3139676737
1.7720000000 0.3023506436
1.7730000000 0.2915782826
1.7740000000 0.2815625389
1.7750000000 0.2722289082
1.7760000000 0.2635116381
1.7770000000 0.2553532076
1.7780000000 0.2477018752
1.7790000000 0.2405132205
1.7800000000 0.2337509908
1.7810000000 0.2273805655
1.7820000000 0.2213735280
1.7830000000 0.2157085047
1.7840000000 0.2103660400
1.7850000000 0.2053308312
1.7860000000 0.2005931375
1.7870000000 0.1961508246
1.7880000000 0.1920054891
1.7890000000 0.1881658779
1.7900000000 0.1842462402
1.7910000000 0.1810441029
1.7920000000 0.1782426464
1.7930000000 0.1758705669
1.7940000000 0.1739864725
1.7950000000 0.1726692960
1.7960000000 0.1720085852
1.7970000000 0.1721185634
1.7980000000 0.1731148472
1.7990000000 0.1751383201
1.8000000000 0.1783133778
1.8010000000 0.1829688154
1.8020000000 0.1890202635
1.8030000000 0.1964494558
1.8040000000 0.2051023114
1.8050000000 0.2146485925
1.8060000000 0.2245835627
1.8070000000 0.2342482594
1.8080000000 0.2429153663
1.8090000000 0.2498926998
1.8100000000 0.2546773068
1.8110000000 0.2570078222
1.8120000000 0.2562857326
1.8130000000 0.2541054523
1.8140000000 0.2503332608
1.8150000000 0.2453485212
1.8160000000 0.2396940482
1.8170000000 0.2337538823
1.8180000000 0.2278192643
1.8190000000 0.2220846624
1.8200000000 0.2166666964
1.8210000000 0.2116290571
1.8220000000 0.2069791366
1.8230000000 0.2027041125
1.8240000000 0.1987725455
1.8250000000 0.1951565272
1.8260000000 0.1918173739
1.8270000000 0.1887118986
1.8280000000 0.1858020612
1.8290000000 0.1830509806
1.8300000000 0.1804250611
1.8310000000 0.1778909426
1.8320000000 0.1754150256
1.8330000000 0.1729679940
1.8340000000 0.1705243615
1.8350000000 0.1663589307
1.8360000000 0.1636884637
1.8370000000 0.1609989585
1.8380000000 0.1580839865
1.8390000000 0.1549969791
1.8400000000 0.1517021082
1.8410000000 0.1481633635
1.8420000000 0.1443542196
1.8430000000 0.1402396207
1.8440000000 0.1357969095
1.8450000000 0.1310193807
1.8460000000 0.1259266880
1.8470000000 0.1205684998
1.8480000000 0.1150270249
1.8490000000 0.1094749257
1.8500000000 0.1041675767
1.8510000000 0.0994710288
1.8520000000 0.0960101333
1.8530000000 0.0944416024
1.8540000000 0.0954397006
1.8550000000 0.0999451730
1.8560000000 0.1088379147
1.8570000000 0.1231403885
1.8580000000 0.1434558481
1.8590000000 0.1635404571
1.8600000000 0.1958641858
1.8610000000 0.2319058055
1.8620000000 0.2694894340
1.8630000000 0.3063370687
1.8640000000 0.3403627980
1.8650000000 0.3700591131
1.8660000000 0.3946737563
1.8670000000 0.4142131800
1.8680000000 0.4292481174
1.8690000000 0.4407146008
1.8700000000 0.4497008748
1.8710000000 0.4572399208
1.8720000000 0.4642457004
1.8730000000 0.4713811482
1.8740000000 0.4791244577
1.8750000000 0.4877111630
1.8760000000 0.4971531146
1.8770000000 0.5072644200
1.8780000000 0.5176507984
1.8790000000 0.5277473382
1.8800000000 0.5368518693
1.8810000000 0.5442075925
1.8820000000 0.5490813315
1.8830000000 0.5508425620
1.8840000000 0.5514594917
1.8850000000 0.5458947687
1.8860000000 0.5368487322
1.8870000000 0.5247491749
1.8880000000 0.5102065968
1.8890000000 0.4939149300
1.8900000000 0.4765744714
1.8910000000 0.4588294601
1.8920000000 0.4412261436
1.8930000000 0.4241685734
1.8940000000 0.4079617639
1.8950000000 0.3928023639
1.8960000000 0.3788031882
1.8970000000 0.3660103122
1.8980000000 0.3544210180
1.8990000000 0.3440012910
1.9000000000 0.3347025180
1.9010000000 0.3262961748
1.9020000000 0.3189636511
1.9030000000 0.3126244650
1.9040000000 0.3072008257
1.9050000000 0.3026199104
1.9060000000 0.2988139742
1.9070000000 0.2957215960
1.9080000000 0.2932882917
1.9090000000 0.2920189542
1.9100000000 0.2907400216
1.9110000000 0.2899988370
1.9120000000 0.2897621784
1.9130000000 0.2900026096
1.9140000000 0.2906978662
1.9150000000 0.2918294910
1.9160000000 0.2933830549
1.9170000000 0.2953468149
1.9180000000 0.2977123467
1.9190000000 0.3004737488
1.9200000000 0.3036283971
1.9210000000 0.3071758837
1.9220000000 0.3111179786
1.9230000000 0.3154594257
1.9240000000 0.3202071239
1.9250000000 0.3253702747
1.9260000000 0.3309606595
1.9270000000 0.3369923002
1.9280000000 0.3434815352
1.9290000000 0.3504478644
1.9300000000 0.3579127511
1.9310000000 0.3659011217
1.9320000000 0.3744411587
1.9330000000 0.3838192147
1.9340000000 0.3935515463
1.9350000000 0.4039397173
1.9360000000 0.4150271136
1.9370000000 0.4268611995
1.9380000000 0.4394937437
1.9390000000 0.4529839074
1.9400000000 0.4673945928
1.9410000000 0.4827985155
1.9420000000 0.4992725355
1.9430000000 0.5169053948
1.9440000000 0.5357940169
1.9450000000 0.5560435138
1.9460000000 0.5777746654
1.9470000000 0.6011188850
1.9480000000 0.6262235428
1.9490000000 0.6532497496
1.9500000000 0.6823789184
1.9510000000 0.7138129371
1.9520000000 0.7477745179
1.9530000000 0.7845111901
1.9540000000 0.8243011998
1.9550000000 0.8674487803
1.9560000000 0.9142887642
1.9570000000 0.9651986895
1.9580000000 1.0205879358
1.9590000000 1.0810519417
1.9600000000 1.1467616707
1.9610000000 1.2184070824
1.9620000000 1.2965025557
1.9630000000 1.3816224314
1.9640000000 1.4743227124
1.9650000000 1.5751255549
1.9660000000 1.6844835918
1.9670000000 1.8027150316
1.9680000000 1.9299345864
1.9690000000 2.0659454746
1.9700000000 2.2101007929
1.9710000000 2.3611712302
1.9720000000 2.5171711991
1.9730000000 2.6752037104
1.9740000000 2.8313718288
1.9750000000 2.9807556024
1.9760000000 3.1175750439
1.9770000000 3.2355548324
1.9780000000 3.3284703564
1.9790000000 3.3908897075
1.9800000000 3.4189424912
1.9810000000 3.4109365286
1.9820000000 3.3676604248
1.9830000000 3.2922913546
1.9840000000 3.1899324057
1.9850000000 3.0669365254
1.9860000000 2.9298078495
1.9870000000 2.7851056584
1.9880000000 2.6382958473
1.9890000000 2.4940892718
1.9900000000 2.3559912036
1.9910000000 2.2264870180
1.9920000000 2.1071673717
1.9930000000 1.9989019923
1.9940000000 1.9019786595
1.9950000000 1.8162558323
1.9960000000 1.7412447592
1.9970000000 1.6762029811
1.9980000000 1.6201571809
1.9990000000 1.5719527308
2.0000000000 1.5302762207
