# Energy(eV)	P_integrated for V0 = 0.1358 eV, theta = 0.7625 mrad
0.2960000000 86.0181097070
0.2970000000 493.6314121480
0.2980000000 553.9481628297
0.2990000000 301.0846245035
0.3000000000 100.5290282909
0.3010000000 6.7616782950
0.3630000000 6.7616782950
0.3640000000 6.7616782950
0.3650000000 6.7616782950
0.3660000000 6.7616782950
0.3670000000 6.7616782950
0.3680000000 6.7616782950
0.3690000000 6.7616782950
0.3700000000 6.7616782950
0.3710000000 6.7616782950
0.3720000000 6.7616782950
0.3730000000 6.7616782950
0.3740000000 6.7616782950
0.3750000000 6.7616782950
0.3760000000 6.7616782950
0.3770000000 6.7616782950
0.3780000000 6.7616782950
0.3790000000 1.5657403306
0.3800000000 0.0141087549
0.3810000000 0.0243817719
0.3820000000 0.0342371928
0.3830000000 0.0435473281
0.3840000000 0.0526732697
0.3850000000 0.0614642538
0.3860000000 0.0699294718
0.3870000000 0.0780727243
0.3880000000 0.0859408378
0.3890000000 0.0938195640
0.3900000000 0.1010052955
0.3910000000 0.1080957988
0.3920000000 0.1149562528
0.3930000000 0.1218552786
0.3940000000 0.1282818708
0.3950000000 0.1345190850
0.3960000000 0.1406852870
0.3970000000 0.1465578846
0.3980000000 0.1522647436
0.3990000000 0.1580443000
0.4000000000 0.1634405588
0.4010000000 0.1688027750
0.4020000000 0.1741536713
0.4030000000 0.1791577979
0.4040000000 0.1842493643
0.4050000000 0.1892269346
0.4060000000 0.1939799924
0.4070000000 0.1985398036
0.4080000000 0.2032041053
0.4090000000 0.2079907868
0.4100000000 0.2123672156
0.4110000000 0.2167819691
0.4120000000 0.2213077078
0.4130000000 0.2255627209
0.4140000000 0.2298469514
0.4150000000 0.2341651709
0.4160000000 0.2386031480
0.4170000000 0.2429777469
0.4180000000 0.2471992729
0.4190000000 0.2516459489
0.4200000000 0.2563821201
0.4210000000 0.2617506250
0.4220000000 0.2670454576
0.4230000000 0.2702935544
0.4240000000 0.2734862475
0.4250000000 0.2765878318
0.4260000000 0.2797596630
0.4270000000 0.2829124579
0.4280000000 0.2860519625
0.4290000000 0.2891028693
0.4300000000 0.2922332375
0.4310000000 0.2953529990
0.4320000000 0.2984055681
0.4330000000 0.3015427884
0.4340000000 0.3046745097
0.4350000000 0.3077544606
0.4360000000 0.3109236203
0.4370000000 0.3140940617
0.4380000000 0.3172300662
0.4390000000 0.3204570138
0.4400000000 0.3236988381
0.4410000000 0.3269160313
0.4420000000 0.3302294183
0.4430000000 0.3335652271
0.4440000000 0.3368880269
0.4450000000 0.3403148665
0.4460000000 0.3437707323
0.4470000000 0.3472264890
0.4480000000 0.3507893947
0.4490000000 0.3543936753
0.4500000000 0.3580073438
0.4510000000 0.3617225100
0.4520000000 0.3654593573
0.4530000000 0.3693112510
0.4540000000 0.3732166698
0.4550000000 0.3771579959
0.4560000000 0.3812187399
0.4570000000 0.3853468770
0.4580000000 0.3895213496
0.4590000000 0.3938092625
0.4600000000 0.3981580868
0.4610000000 0.4026373550
0.4620000000 0.4071970363
0.4630000000 0.4118329995
0.4640000000 0.4165937429
0.4650000000 0.4214405803
0.4660000000 0.4264303469
0.4670000000 0.4315208972
0.4680000000 0.4367173530
0.4690000000 0.4420517989
0.4700000000 0.4475030801
0.4710000000 0.4531110543
0.4720000000 0.4588286435
0.4730000000 0.4647208991
0.4740000000 0.4707482369
0.4750000000 0.4769314890
0.4760000000 0.4832773174
0.4770000000 0.4897928332
0.4780000000 0.4964917167
0.4790000000 0.5033578468
0.4800000000 0.5104289649
0.4810000000 0.5176801675
0.4820000000 0.5251509900
0.4830000000 0.5328180971
0.4840000000 0.5407270348
0.4850000000 0.5488450049
0.4860000000 0.5572249271
0.4870000000 0.5658308225
0.4880000000 0.5747253860
0.4890000000 0.5838710787
0.4900000000 0.5933112909
0.4910000000 0.6030312535
0.4920000000 0.6130762656
0.4930000000 0.6234233643
0.4940000000 0.6340876788
0.4950000000 0.6451554310
0.4960000000 0.6565345031
0.4970000000 0.6684093042
0.4980000000 0.6806229251
0.4990000000 0.6933301295
0.5000000000 0.7064045008
0.5010000000 0.7200218377
0.5020000000 0.7340415070
0.5030000000 0.7486558244
0.5040000000 0.7637149572
0.5050000000 0.7794345037
0.5060000000 0.7956437559
0.5070000000 0.8125773572
0.5080000000 0.8300537218
0.5090000000 0.8483366998
0.5100000000 0.8672169045
0.5110000000 0.8869890549
0.5120000000 0.9074341757
0.5130000000 0.9288758399
0.5140000000 0.9510577700
0.5150000000 0.9743586838
0.5160000000 0.9984862711
0.5170000000 1.0238664251
0.5180000000 1.0501808641
0.5190000000 1.0779004023
0.5200000000 1.1066703505
0.5210000000 1.1370286421
0.5220000000 1.1685793952
0.5230000000 1.2019192604
0.5240000000 1.2368981189
0.5250000000 1.2733695624
0.5260000000 1.3119660266
0.5270000000 1.3522925881
0.5280000000 1.3950451737
0.5290000000 1.4397780210
0.5300000000 1.4873299349
0.5310000000 1.5371512669
0.5320000000 1.5902271255
0.5330000000 1.6459547257
0.5340000000 1.7054662641
0.5350000000 1.7680833296
0.5360000000 1.8351346925
0.5370000000 1.9064105292
0.5380000000 1.9817526075
0.5390000000 2.0627006549
0.5400000000 2.1484981867
0.5410000000 2.2409474749
0.5420000000 2.3392492163
0.5430000000 2.4455210598
0.5440000000 2.5589319336
0.5450000000 2.6819730988
0.5460000000 2.8147242924
0.5470000000 2.9573173643
0.5480000000 3.1128984612
0.5490000000 3.2807713502
0.5500000000 3.4647806832
0.5510000000 3.6642518552
0.5520000000 3.8842142396
0.5530000000 4.1256553846
0.5540000000 4.3898764556
0.5550000000 4.6837324114
0.5560000000 5.0074909641
0.5570000000 5.3701783609
0.5580000000 5.7755867989
0.5590000000 6.2281234847
0.5600000000 6.7414853368
0.5610000000 7.3205207026
0.5620000000 7.9843572744
0.5630000000 8.7418432303
0.5640000000 9.6217390924
0.5650000000 10.6457489605
0.5660000000 11.8418148573
0.5670000000 13.2645465356
0.5680000000 14.9591099652
0.5690000000 17.0188475573
0.5700000000 19.5443858503
0.5710000000 22.6758230640
0.5720000000 26.6543677617
0.5730000000 31.7744860509
0.5740000000 38.5659113171
0.5750000000 47.8004631218
0.5760000000 60.7461006291
0.5770000000 79.7552514515
0.5780000000 109.0458955945
0.5790000000 156.9867444314
0.5800000000 241.8837370443
0.5810000000 403.4121517987
0.5820000000 710.4790906775
0.5830000000 1073.8027876981
0.5840000000 945.9508441903
0.5850000000 557.1409535754
0.5860000000 317.2937028963
0.5870000000 194.6316625109
0.5880000000 128.8519052441
0.5890000000 90.6471564086
0.5900000000 66.8586541526
0.5910000000 51.1649497385
0.5920000000 40.2991192310
0.5930000000 32.5085715858
0.5940000000 26.7399870682
0.5950000000 22.3423125801
0.5960000000 18.9355270591
0.5970000000 16.2293228118
0.5980000000 14.0589546928
0.5990000000 12.2878476618
0.6000000000 10.8181861388
0.6010000000 9.5955651269
0.6020000000 8.5643716217
0.6030000000 7.6818906071
0.6040000000 6.9289830651
0.6050000000 6.2788274982
0.6060000000 5.7090721530
0.6070000000 5.2145462456
0.6080000000 4.7794701726
0.6090000000 4.3914409743
0.6100000000 4.0499591743
0.6110000000 3.7424483531
0.6120000000 3.4695243170
0.6130000000 3.2243600796
0.6140000000 3.0008091790
0.6150000000 2.8005547514
0.6160000000 2.6188580142
0.6170000000 2.4514508849
0.6180000000 2.3004216369
0.6190000000 2.1622399341
0.6200000000 2.0337758470
0.6210000000 1.9171804671
0.6220000000 1.8098332426
0.6230000000 1.7091770915
0.6240000000 1.6174088440
0.6250000000 1.5324143156
0.6260000000 1.4521695848
0.6270000000 1.3787247118
0.6280000000 1.3103658845
0.6290000000 1.2453839773
0.6300000000 1.1857614466
0.6310000000 1.1300007589
0.6320000000 1.0766872758
0.6330000000 1.0276565837
0.6340000000 0.9816367458
0.6350000000 0.9373527751
0.6360000000 0.8965545041
0.6370000000 0.8581685881
0.6380000000 0.8219110273
0.6390000000 0.7867248614
0.6400000000 0.7543814262
0.6410000000 0.7237402345
0.6420000000 0.6939148581
0.6430000000 0.6663430808
0.6440000000 0.6402245923
0.6450000000 0.6146792864
0.6460000000 0.5910585559
0.6470000000 0.5686145601
0.6480000000 0.5465652837
0.6490000000 0.5261645187
0.6500000000 0.5067728856
0.6510000000 0.4882518462
0.6520000000 0.4698687145
0.6530000000 0.4529919755
0.6540000000 0.4368159104
0.6550000000 0.4207746176
0.6560000000 0.4059244650
0.6570000000 0.3917336925
0.6580000000 0.3775877288
0.6590000000 0.3645124117
0.6600000000 0.3519898870
0.6610000000 0.3399605795
0.6620000000 0.3278507950
0.6630000000 0.3167517702
0.6640000000 0.3060521445
0.6650000000 0.2952939226
0.6660000000 0.2853507418
0.6670000000 0.2757968789
0.6680000000 0.2661573837
0.6690000000 0.2572454984
0.6700000000 0.2486904622
0.6710000000 0.2404240722
0.6720000000 0.2320178090
0.6730000000 0.2242660357
0.6740000000 0.2167955985
0.6750000000 0.2091775544
0.6760000000 0.2021599789
0.6770000000 0.1954048248
0.6780000000 0.1888477398
0.6790000000 0.1821323206
0.6800000000 0.1759379470
0.6810000000 0.1699612192
0.6820000000 0.1641728614
0.6830000000 0.1581453583
0.6840000000 0.1526927678
0.6850000000 0.1473723350
0.6860000000 0.1418713951
0.6870000000 0.1368210446
0.6880000000 0.1319355520
0.6890000000 0.1271752623
0.6900000000 0.1222196576
0.6910000000 0.1176711355
0.6920000000 0.1132646407
0.6930000000 0.1089718525
0.6940000000 0.1044388718
0.6950000000 0.1003539189
0.6960000000 0.0963476794
0.6970000000 0.0921575650
0.6980000000 0.0883012587
0.6990000000 0.0845759185
0.7000000000 0.0809130078
0.7010000000 0.0770612991
0.7020000000 0.0735290492
0.7030000000 0.0700908489
0.7040000000 0.0667183793
0.7050000000 0.0631506766
0.7060000000 0.0598768320
0.7070000000 0.0566908812
0.7080000000 0.0535586884
0.7090000000 0.0502336314
0.7100000000 0.0471679088
0.7110000000 0.0441916206
0.7120000000 0.0412554101
0.7130000000 0.0381267723
0.7140000000 0.0352445642
0.7150000000 0.0324262789
0.7160000000 0.0296609356
0.7170000000 0.0266944721
0.7180000000 0.0239586304
0.7190000000 0.0212723514
0.7200000000 0.0186269567
0.7210000000 0.0157918827
0.7220000000 0.0131670140
0.7230000000 0.0108878983
0.7240000000 0.0094719845
0.7250000000 0.0083432697
0.7260000000 0.0072758268
0.7270000000 0.0066133629
0.7280000000 0.0063512492
0.7290000000 0.0056603851
0.7300000000 0.0056315998
0.7310000000 0.0045999968
0.7320000000 0.0056751450
0.7330000000 0.0051015052
0.7340000000 0.0050753412
0.7350000000 0.0057427585
0.7360000000 0.0073737585
0.7370000000 0.0038318305
0.7380000000 0.0070187261
0.7390000000 0.0034246473
0.7400000000 0.0098322798
0.7410000000 0.0056754282
0.7420000000 0.0200067880
0.7430000000 0.0162536971
0.7440000000 0.0121936093
0.7450000000 0.0078730260
0.7460000000 0.0028158007
0.7470000000 0.7842546101
0.7480000000 0.7709729004
0.7490000000 0.7560382382
0.7500000000 0.7373276011
0.7510000000 0.7185445384
0.7520000000 0.6986043900
0.7530000000 0.6767387702
0.7540000000 0.6481684590
0.7550000000 0.6222397897
0.7560000000 0.5927327498
0.7570000000 0.5614666308
0.7580000000 0.5286207060
0.7590000000 0.4917474929
0.7600000000 0.4548990941
0.7610000000 0.4169554224
0.7620000000 0.3754439222
0.7630000000 0.3315494755
0.7640000000 0.2860959001
0.7650000000 0.2398096704
0.7660000000 0.1914302050
0.7670000000 0.1415551620
0.7680000000 0.0873896492
0.7690000000 0.0325637053
0.7700000000 0.0002606592
0.7710000000 0.0003028187
0.7720000000 0.0002579715
0.7730000000 0.0003140633
0.7740000000 0.0003092367
0.7750000000 0.0002254507
0.7760000000 0.0002422718
0.7770000000 0.0002590222
0.7780000000 0.0002902634
0.7790000000 0.0002535404
0.7800000000 0.0002271798
0.7810000000 0.0003139605
0.7820000000 0.0003057202
0.7830000000 0.0003101726
0.7840000000 0.0003443253
0.7850000000 0.0002813848
0.7860000000 0.0003398119
0.7870000000 0.0002898000
0.7880000000 0.0004008181
0.7890000000 0.0004083908
0.7900000000 0.0004330836
0.7910000000 0.0004746572
0.7920000000 0.0005314560
0.7930000000 0.0004828154
0.7940000000 0.0006194946
0.7950000000 0.0006222483
0.7960000000 0.0006438721
0.7970000000 0.0006885525
0.7980000000 0.0007998431
0.7990000000 0.0009609128
0.8000000000 0.0011867574
0.8010000000 0.0012206900
0.8020000000 0.0012814999
0.8030000000 0.0014488112
0.8040000000 0.0017021517
0.8050000000 0.0020638460
0.8060000000 0.0025578784
0.8070000000 0.0027530870
0.8080000000 0.0031397616
0.8090000000 0.0037052626
0.8100000000 0.0045425216
0.8110000000 0.0057140892
0.8120000000 0.0065213349
0.8130000000 0.0078158054
0.8140000000 0.0096631572
0.8150000000 0.0111572367
0.8160000000 0.0145968093
0.8170000000 0.0178790067
0.8180000000 0.0210434032
0.8190000000 0.0277592767
0.8200000000 0.0350093374
0.8210000000 0.0454757328
0.8220000000 0.0607188920
0.8230000000 0.0793402854
0.8240000000 0.1072006332
0.8250000000 0.1426825570
0.8260000000 0.7611978104
0.8270000000 0.3247631701
0.8280000000 0.4652198516
0.8290000000 0.6372279538
0.8300000000 0.9646635933
0.8310000000 1.4947708897
0.8320000000 2.2940629267
0.8330000000 3.3301911343
0.8340000000 4.1235704875
0.8350000000 3.7819377327
0.8360000000 2.5912030843
0.8370000000 1.4341790943
0.8380000000 0.7304824033
0.8390000000 0.2171056731
0.8400000000 0.0481107158
0.8410000000 0.0042391624
0.8430000000 0.0010779399
0.8440000000 0.5013071606
0.8450000000 7.0810014240
0.8460000000 16.2854554304
0.8470000000 23.4851285583
0.8480000000 24.6480842050
0.8490000000 20.3408342973
0.8500000000 14.1676353513
0.8510000000 8.8402948969
0.8520000000 5.1108323748
0.8530000000 2.8048508050
0.8540000000 1.3751703231
0.8550000000 0.5388379651
0.8560000000 0.0628226121
0.8570000000 0.0281785803
0.8580000000 0.0005247866
0.8590000000 0.0000517906
0.8670000000 0.0961099059
0.8680000000 0.5871743838
0.8690000000 1.0449482198
0.8700000000 0.0011236550
0.8710000000 0.0142468175
0.8720000000 0.0020345109
0.8730000000 0.0040151906
0.8740000000 0.0002593106
0.8750000000 0.0036568546
0.8760000000 0.0019345655
0.8770000000 0.0014780125
0.8780000000 0.0012103877
0.8790000000 0.0011653562
0.8800000000 0.0067100545
0.8810000000 0.0153597484
0.8820000000 0.0250795377
0.8830000000 0.0321956971
0.8840000000 0.0388295897
0.8850000000 0.0449356489
0.8860000000 0.0505570023
0.8870000000 0.0557599136
0.8880000000 0.0618190207
0.8890000000 0.0661413398
0.8900000000 0.0701951952
0.8910000000 0.0739609820
0.8920000000 0.0774579907
0.8930000000 0.0807052423
0.8940000000 0.0846649263
0.8950000000 0.0874002428
0.8960000000 0.0899875625
0.8970000000 0.0924126604
0.8980000000 0.0946740161
0.8990000000 0.0967880187
0.9000000000 0.0995078587
0.9010000000 0.1013139010
0.9020000000 0.1030388933
0.9030000000 0.1046676671
0.9040000000 0.1061985712
0.9050000000 0.1076466039
0.9060000000 0.1096037023
0.9070000000 0.1108537899
0.9080000000 0.1120631405
0.9090000000 0.1132174615
0.9100000000 0.1143118229
0.9110000000 0.1153567721
0.9120000000 0.1168363028
0.9130000000 0.1177725091
0.9140000000 0.1186589385
0.9150000000 0.1195225759
0.9160000000 0.1203575990
0.9170000000 0.1211620435
0.9180000000 0.1219391988
0.9190000000 0.1230838054
0.9200000000 0.1237888092
0.9210000000 0.1244866097
0.9220000000 0.1251695633
0.9230000000 0.1258362255
0.9240000000 0.1264873407
0.9250000000 0.1274614107
0.9260000000 0.1280679905
0.9270000000 0.1286761576
0.9280000000 0.1292787839
0.9290000000 0.1298731768
0.9300000000 0.1304598070
0.9310000000 0.1310417198
0.9320000000 0.1319041594
0.9330000000 0.1324652627
0.9340000000 0.1330311404
0.9350000000 0.1335982867
0.9360000000 0.1341621639
0.9370000000 0.1347282002
0.9380000000 0.1352947886
0.9390000000 0.1361041772
0.9400000000 0.1366626213
0.9410000000 0.1372299904
0.9420000000 0.1378013058
0.9430000000 0.1383747424
0.9440000000 0.1389521828
0.9450000000 0.1397506203
0.9460000000 0.1403280737
0.9470000000 0.1409152319
0.9480000000 0.1415073742
0.9490000000 0.1421057854
0.9500000000 0.1427089247
0.9510000000 0.1433174771
0.9520000000 0.1441211560
0.9530000000 0.1447337307
0.9540000000 0.1453534925
0.9550000000 0.1459793234
0.9560000000 0.1466107933
0.9570000000 0.1472458581
0.9580000000 0.1478837917
0.9590000000 0.1486931519
0.9600000000 0.1493309403
0.9610000000 0.1499723501
0.9620000000 0.1506137528
0.9630000000 0.1512537339
0.9640000000 0.1518895749
0.9650000000 0.1525201496
0.9660000000 0.1532926951
0.9670000000 0.1538998314
0.9680000000 0.1544941993
0.9690000000 0.1550709979
0.9700000000 0.1556252930
0.9710000000 0.1561515037
0.9720000000 0.1566436409
0.9730000000 0.1572276034
0.9740000000 0.1576255082
0.9750000000 0.1579611809
0.9760000000 0.1582338744
0.9770000000 0.1584424212
0.9780000000 0.1585840884
0.9790000000 0.1586599562
0.9800000000 0.1586805653
0.9810000000 0.1587873975
0.9820000000 0.1587816869
0.9830000000 0.1589222859
0.9840000000 0.1593943566
0.9850000000 0.1605652168
0.9860000000 0.1630712821
0.9870000000 0.1680515726
0.9880000000 0.1774954468
0.9890000000 0.1943146310
0.9900000000 0.2223244920
0.9910000000 0.2612357473
0.9920000000 0.3043228654
0.9930000000 0.3368320255
0.9940000000 0.3454263175
0.9950000000 0.3305675148
0.9960000000 0.3040485000
0.9970000000 0.2779584237
0.9980000000 0.2575515584
0.9990000000 0.2436886282
1.0000000000 0.2351339665
1.0010000000 0.2303680605
1.0020000000 0.2281570243
1.0030000000 0.2277161546
1.0040000000 0.2284055107
1.0050000000 0.2297520782
1.0060000000 0.2316233768
1.0070000000 0.2338720113
1.0080000000 0.2364054263
1.0090000000 0.2391644676
1.0100000000 0.2421141627
1.0110000000 0.2453019229
1.0120000000 0.2486258254
1.0130000000 0.2520570598
1.0140000000 0.2556462910
1.0150000000 0.2593991248
1.0160000000 0.2633245356
1.0170000000 0.2674325224
1.0180000000 0.2717389291
1.0190000000 0.2763180869
1.0200000000 0.2811089658
1.0210000000 0.2861279772
1.0220000000 0.2914386199
1.0230000000 0.2970767454
1.0240000000 0.3030849751
1.0250000000 0.3095115640
1.0260000000 0.3164200473
1.0270000000 0.3239303375
1.0280000000 0.3320684415
1.0290000000 0.3409383628
1.0300000000 0.3507111149
1.0310000000 0.3615659192
1.0320000000 0.3737310526
1.0330000000 0.3874981138
1.0340000000 0.4032472806
1.0350000000 0.4215085407
1.0360000000 0.4428815991
1.0370000000 0.4682002174
1.0380000000 0.4985920257
1.0390000000 0.5354500280
1.0400000000 0.5804391831
1.0410000000 0.6352876336
1.0420000000 0.7011410324
1.0430000000 0.7770583605
1.0440000000 0.8573290820
1.0450000000 0.9288055461
1.0460000000 0.9726078866
1.0470000000 0.9740382679
1.0480000000 0.9344424933
1.0490000000 0.8702743889
1.0500000000 0.8005317920
1.0510000000 0.7374004494
1.0520000000 0.6858150800
1.0530000000 0.6460498021
1.0540000000 0.6165120024
1.0550000000 0.5953164258
1.0560000000 0.5807170294
1.0570000000 0.5712934264
1.0580000000 0.5659505392
1.0590000000 0.5638582321
1.0600000000 0.5643044474
1.0610000000 0.5670588694
1.0620000000 0.5716020225
1.0630000000 0.5777170063
1.0640000000 0.5852125213
1.0650000000 0.5939488322
1.0660000000 0.6038177087
1.0670000000 0.6147456903
1.0680000000 0.6265378829
1.0690000000 0.6394444138
1.0700000000 0.6533568817
1.0710000000 0.6681707667
1.0720000000 0.6839413675
1.0730000000 0.7006811600
1.0740000000 0.7184178687
1.0750000000 0.7371787922
1.0760000000 0.7570016638
1.0770000000 0.7777011103
1.0780000000 0.7997821243
1.0790000000 0.8231460073
1.0800000000 0.8477386561
1.0810000000 0.8736930164
1.0820000000 0.9010951027
1.0830000000 0.9300356945
1.0840000000 0.9606178996
1.0850000000 0.9954482570
1.0860000000 1.0320453396
1.0870000000 1.0713967216
1.0880000000 1.1131633430
1.0890000000 1.1576263847
1.0900000000 1.2050131148
1.0910000000 1.2555740054
1.0920000000 1.3096049784
1.0930000000 1.3674107333
1.0940000000 1.4293422322
1.0950000000 1.4951327810
1.0960000000 1.5666295537
1.0970000000 1.6434691972
1.0980000000 1.7263325762
1.0990000000 1.8158647876
1.1000000000 1.9127945099
1.1010000000 2.0179437433
1.1020000000 2.1322601733
1.1030000000 2.2556791794
1.1040000000 2.3916867167
1.1050000000 2.5408435700
1.1060000000 2.7044545436
1.1070000000 2.8846788112
1.1080000000 3.0838004827
1.1090000000 3.3045725377
1.1100000000 3.5501503197
1.1110000000 3.8244512774
1.1120000000 4.1295897440
1.1130000000 4.4760677786
1.1140000000 4.8676832755
1.1150000000 5.3129736367
1.1160000000 5.8220402918
1.1170000000 6.4073996869
1.1180000000 7.0847248034
1.1190000000 7.8738132792
1.1200000000 8.7998958171
1.1210000000 9.8890508181
1.1220000000 11.1962136901
1.1230000000 12.7695700513
1.1240000000 14.6835607247
1.1250000000 17.0364184158
1.1260000000 19.9608557875
1.1270000000 23.6363627038
1.1280000000 28.3037955036
1.1290000000 34.2800315977
1.1300000000 41.9410555503
1.1310000000 51.7484637521
1.1320000000 63.9656804657
1.1330000000 78.2775944818
1.1340000000 93.0080936571
1.1350000000 104.5300525722
1.1360000000 108.4260742013
1.1370000000 102.8417874544
1.1380000000 90.3184688377
1.1390000000 75.3543901534
1.1400000000 61.2913442590
1.1410000000 49.4407356278
1.1420000000 40.0071173322
1.1430000000 32.6508750002
1.1440000000 26.9368902522
1.1450000000 22.4780052915
1.1460000000 18.9674133556
1.1470000000 16.1738523358
1.1480000000 13.9257876377
1.1490000000 12.0918140828
1.1500000000 10.5881058062
1.1510000000 9.3393460245
1.1520000000 8.2927921787
1.1530000000 7.4081616888
1.1540000000 6.6544617914
1.1550000000 6.0076593384
1.1560000000 5.4488515845
1.1570000000 4.9630154178
1.1580000000 4.5381898698
1.1590000000 4.1619360502
1.1600000000 3.8322631227
1.1610000000 3.5395674399
1.1620000000 3.2786737429
1.1630000000 3.0451728148
1.1640000000 2.8354275183
1.1650000000 2.6463420807
1.1660000000 2.4753303763
1.1670000000 2.3201844494
1.1680000000 2.1790138071
1.1690000000 2.0485262117
1.1700000000 1.9308245705
1.1710000000 1.8228374670
1.1720000000 1.7235760256
1.1730000000 1.6321360407
1.1740000000 1.5477341711
1.1750000000 1.4696657305
1.1760000000 1.3973310291
1.1770000000 1.3301867571
1.1780000000 1.2665790205
1.1790000000 1.2084732889
1.1800000000 1.1543094260
1.1810000000 1.1036870928
1.1820000000 1.0563337000
1.1830000000 1.0119844662
1.1840000000 0.9703974003
1.1850000000 0.9313617778
1.1860000000 0.8946850826
1.1870000000 0.8601854136
1.1880000000 0.8277027924
1.1890000000 0.7962832328
1.1900000000 0.7674736278
1.1910000000 0.7402744246
1.1920000000 0.7146007533
1.1930000000 0.6903625005
1.1940000000 0.6674717546
1.1950000000 0.6458551241
1.1960000000 0.6254523978
1.1970000000 0.6062009578
1.1980000000 0.5880520251
1.1990000000 0.5703455075
1.2000000000 0.5543231179
1.2010000000 0.5393000869
1.2020000000 0.5252788942
1.2030000000 0.5122624094
1.2040000000 0.5002664911
1.2050000000 0.4893269432
1.2060000000 0.4795042743
1.2070000000 0.4708843597
1.2080000000 0.4635894392
1.2090000000 0.4573159892
1.2100000000 0.4532817699
1.2110000000 0.4513373061
1.2120000000 0.4519564578
1.2130000000 0.4558224695
1.2140000000 0.4639051838
1.2150000000 0.4776153702
1.2160000000 0.4990275329
1.2170000000 0.5311996307
1.2180000000 0.5786107316
1.2190000000 0.6475515563
1.2200000000 0.7454383537
1.2210000000 0.8782193589
1.2220000000 1.0362558582
1.2230000000 1.1741571023
1.2240000000 1.2153263897
1.2250000000 1.1273534860
1.2260000000 0.9657069350
1.2270000000 0.8014679199
1.2280000000 0.6667999987
1.2290000000 0.5647981200
1.2300000000 0.4889764870
1.2310000000 0.4317802649
1.2320000000 0.3884014719
1.2330000000 0.3545237717
1.2340000000 0.3274487133
1.2350000000 0.3053250971
1.2360000000 0.2868761873
1.2370000000 0.2712025775
1.2380000000 0.2576639228
1.2390000000 0.2457968469
1.2400000000 0.2352549662
1.2410000000 0.2257833110
1.2420000000 0.2168143094
1.2430000000 0.2089382287
1.2440000000 0.2016595361
1.2450000000 0.1948916843
1.2460000000 0.1885560088
1.2470000000 0.1825903170
1.2480000000 0.1769467007
1.2490000000 0.1715792370
1.2500000000 0.1664569953
1.2510000000 0.1615498617
1.2520000000 0.1568329190
1.2530000000 0.1519521885
1.2540000000 0.1475534095
1.2550000000 0.1432805022
1.2560000000 0.1391282614
1.2570000000 0.1350811763
1.2580000000 0.1311237843
1.2590000000 0.1272484952
1.2600000000 0.1234411753
1.2610000000 0.1196946962
1.2620000000 0.1160002617
1.2630000000 0.1123501589
1.2640000000 0.1087331949
1.2650000000 0.1048405456
1.2660000000 0.1012627119
1.2670000000 0.0977011156
1.2680000000 0.0941421029
1.2690000000 0.0905764533
1.2700000000 0.0869978940
1.2710000000 0.0833931226
1.2720000000 0.0797533560
1.2730000000 0.0760734219
1.2740000000 0.0723418950
1.2750000000 0.0685463032
1.2760000000 0.0646739697
1.2770000000 0.0604218012
1.2780000000 0.0563504357
1.2790000000 0.0521683854
1.2800000000 0.0478537401
1.2810000000 0.0433894265
1.2820000000 0.0387510973
1.2830000000 0.0339202142
1.2840000000 0.0296404862
1.2850000000 0.0260538489
1.2860000000 0.0234329970
1.2870000000 0.0211519958
1.2880000000 0.0191129151
1.2890000000 0.0169994381
1.2900000000 0.0152863447
1.2910000000 0.0137166923
1.2920000000 0.0122589460
1.2930000000 0.0116697395
1.2940000000 0.0104259795
1.2950000000 0.0093026014
1.2960000000 0.0083137325
1.2970000000 0.0074882163
1.2980000000 0.0068545820
1.2990000000 0.0064604248
1.3000000000 0.0057901834
1.3010000000 0.0054030796
1.3020000000 0.0052817644
1.3030000000 0.0051099656
1.3040000000 0.0050976687
1.3050000000 0.0059697200
1.3060000000 0.0086293290
1.3070000000 0.0546959750
1.3080000000 0.1666125736
1.3090000000 0.3111480026
1.3100000000 0.4735775371
1.3110000000 0.6240585687
1.3120000000 0.7262584420
1.3130000000 0.7549724405
1.3140000000 0.7125391202
1.3150000000 0.6214601464
1.3160000000 0.5113681595
1.3170000000 0.4049733298
1.3180000000 0.3139599462
1.3190000000 0.2416659116
1.3200000000 0.1866993698
1.3210000000 0.1460148419
1.3220000000 0.1162042436
1.3230000000 0.0944345775
1.3240000000 0.0784850010
1.3250000000 0.0666669339
1.3260000000 0.0574464915
1.3270000000 0.0506080869
1.3280000000 0.0452340955
1.3290000000 0.0408103183
1.3300000000 0.0370659628
1.3310000000 0.0337830981
1.3320000000 0.0307893644
1.3330000000 0.0279616172
1.3340000000 0.0252148865
1.3350000000 0.0226076778
1.3360000000 0.0200651524
1.3370000000 0.0175494837
1.3380000000 0.0150626219
1.3390000000 0.0122223605
1.3400000000 0.0098130356
1.3410000000 0.0074965986
1.3420000000 0.0053014061
1.3430000000 0.0033560897
1.3440000000 0.0019357844
1.3450000000 0.0019357844
1.3460000000 0.0019357844
1.3470000000 0.0019357844
1.3480000000 0.0019357844
1.3490000000 0.0019357844
1.3500000000 0.0019357844
1.3510000000 0.0019357844
1.3520000000 0.0019357844
1.3530000000 0.0019357844
1.3540000000 0.0019357844
1.3550000000 0.0019357844
1.3560000000 0.0019357844
1.3570000000 0.0019357844
1.3580000000 0.0019357844
1.3590000000 0.0019357844
1.3600000000 0.0019357844
1.3610000000 0.0019357844
1.3620000000 0.0019357844
1.3630000000 0.0019357844
1.3640000000 0.0019357844
1.3780000000 0.0019357844
1.3790000000 0.0873373165
1.3800000000 0.4934535865
1.3810000000 0.9765129368
1.3820000000 1.4553752021
1.3830000000 1.8271236111
1.3840000000 2.0150459242
1.3850000000 2.0066990182
1.3860000000 1.8492479404
1.3870000000 1.6134883479
1.3880000000 1.3593986947
1.3890000000 1.1241212709
1.3900000000 0.9237778483
1.3910000000 0.7614824777
1.3920000000 0.6336755876
1.3930000000 0.5492452691
1.3940000000 0.4713335973
1.3950000000 0.4114893061
1.3960000000 0.3655669670
1.3970000000 0.3302900491
1.3980000000 0.3032195838
1.3990000000 0.2824123313
1.4000000000 0.2664804995
1.4010000000 0.2543829340
1.4020000000 0.2452987735
1.4030000000 0.2386368385
1.4040000000 0.2339550453
1.4050000000 0.2309203381
1.4060000000 0.2292948223
1.4070000000 0.2288990014
1.4080000000 0.2322434204
1.4090000000 0.2337706720
1.4100000000 0.2363404622
1.4110000000 0.2399386293
1.4120000000 0.2445979773
1.4130000000 0.2503841624
1.4140000000 0.2573912228
1.4150000000 0.2657598369
1.4160000000 0.2756710880
1.4170000000 0.2873540533
1.4180000000 0.3011022569
1.4190000000 0.3172829487
1.4200000000 0.3363467610
1.4210000000 0.3588461254
1.4220000000 0.3864342321
1.4230000000 0.4178153066
1.4240000000 0.4548855280
1.4250000000 0.4984425979
1.4260000000 0.5490481217
1.4270000000 0.6066193985
1.4280000000 0.6697670965
1.4290000000 0.7348890904
1.4300000000 0.7953797393
1.4310000000 0.8417858704
1.4320000000 0.8640122525
1.4330000000 0.8555062803
1.4340000000 0.8168835809
1.4350000000 0.7558659609
1.4360000000 0.6834478118
1.4370000000 0.6099766928
1.4380000000 0.5410117451
1.4390000000 0.4802284233
1.4400000000 0.4284025138
1.4410000000 0.3850848376
1.4420000000 0.3492459639
1.4430000000 0.3197229663
1.4440000000 0.2954188615
1.4450000000 0.2753851259
1.4460000000 0.2588356565
1.4470000000 0.2451260502
1.4480000000 0.2337406883
1.4490000000 0.2242643446
1.4500000000 0.2163669201
1.4510000000 0.2097836249
1.4520000000 0.2043012293
1.4530000000 0.2000456565
1.4540000000 0.1962708218
1.4550000000 0.1931810375
1.4560000000 0.1906791918
1.4570000000 0.1886893667
1.4580000000 0.1871510827
1.4590000000 0.1860126006
1.4600000000 0.1852332209
1.4610000000 0.1847789083
1.4620000000 0.1846213466
1.4630000000 0.1847387888
1.4640000000 0.1851125169
1.4650000000 0.1857277409
1.4660000000 0.1865738261
1.4670000000 0.1876421938
1.4680000000 0.1891468102
1.4690000000 0.1906399440
1.4700000000 0.1923439995
1.4710000000 0.1942630764
1.4720000000 0.1963985660
1.4730000000 0.1987553740
1.4740000000 0.2013406191
1.4750000000 0.2041631377
1.4760000000 0.2072344571
1.4770000000 0.2105679625
1.4780000000 0.2141793114
1.4790000000 0.2180882455
1.4800000000 0.2223167179
1.4810000000 0.2268894320
1.4820000000 0.2318360135
1.4830000000 0.2371907746
1.4840000000 0.2431663172
1.4850000000 0.2494565465
1.4860000000 0.2562818996
1.4870000000 0.2637191815
1.4880000000 0.2718302734
1.4890000000 0.2806958716
1.4900000000 0.2904095086
1.4910000000 0.3010833561
1.4920000000 0.3128445017
1.4930000000 0.3258450248
1.4940000000 0.3402679182
1.4950000000 0.3563253369
1.4960000000 0.3742685851
1.4970000000 0.3944025801
1.4980000000 0.4170859124
1.4990000000 0.4427473499
1.5000000000 0.4719051967
1.5010000000 0.5067195592
1.5020000000 0.5465209241
1.5030000000 0.5925355600
1.5040000000 0.6457978541
1.5050000000 0.7075390141
1.5060000000 0.7790481915
1.5070000000 0.8615194156
1.5080000000 0.9557441351
1.5090000000 1.0615735340
1.5100000000 1.1771155524
1.5110000000 1.2975852498
1.5120000000 1.4143653328
1.5130000000 1.5148468455
1.5140000000 1.5842950244
1.5150000000 1.6100581397
1.5160000000 1.5866455725
1.5170000000 1.5183139737
1.5180000000 1.4174458152
1.5190000000 1.2998213359
1.5200000000 1.1778468980
1.5210000000 1.0616083248
1.5220000000 0.9563784061
1.5230000000 0.8642176283
1.5240000000 0.7852044197
1.5250000000 0.7183645047
1.5260000000 0.6622922651
1.5270000000 0.6155006266
1.5280000000 0.5765966762
1.5290000000 0.5443456932
1.5300000000 0.5176994466
1.5310000000 0.4957796367
1.5320000000 0.4778608027
1.5330000000 0.4633342456
1.5340000000 0.4517350263
1.5350000000 0.4426604845
1.5360000000 0.4357628249
1.5370000000 0.4307891754
1.5380000000 0.4275214575
1.5390000000 0.4257834978
1.5400000000 0.4254322525
1.5410000000 0.4263509476
1.5420000000 0.4284478826
1.5430000000 0.4316509859
1.5440000000 0.4359031152
1.5450000000 0.4411641342
1.5460000000 0.4474068161
1.5470000000 0.4546126441
1.5480000000 0.4627765281
1.5490000000 0.4719016879
1.5500000000 0.4819723784
1.5510000000 0.4930651789
1.5520000000 0.5051721873
1.5530000000 0.5183573358
1.5540000000 0.5326565800
1.5550000000 0.5481281144
1.5560000000 0.5648404304
1.5570000000 0.5828723618
1.5580000000 0.6023148051
1.5590000000 0.6232711010
1.5600000000 0.6458595249
1.5610000000 0.6702147263
1.5620000000 0.6964896735
1.5630000000 0.7248576486
1.5640000000 0.7555152795
1.5650000000 0.7886862952
1.5660000000 0.8246243509
1.5670000000 0.8636211604
1.5680000000 0.9058805622
1.5690000000 0.9520041752
1.5700000000 1.0023550203
1.5710000000 1.0574137989
1.5720000000 1.1177578806
1.5730000000 1.1840590492
1.5740000000 1.2570944512
1.5750000000 1.3377670481
1.5760000000 1.4271385910
1.5770000000 1.5264434493
1.5780000000 1.6371297854
1.5790000000 1.7608987764
1.5800000000 1.8997493078
1.5810000000 2.0560345038
1.5820000000 2.2325113397
1.5830000000 2.4324002832
1.5840000000 2.6594440931
1.5850000000 2.9179323920
1.5860000000 3.2122756200
1.5870000000 3.5484545115
1.5880000000 3.9317510251
1.5890000000 4.3671751978
1.5900000000 4.8585964735
1.5910000000 5.4071221706
1.5920000000 6.0088360730
1.5930000000 6.6518909925
1.5940000000 7.3133571844
1.5950000000 7.9571184402
1.5960000000 8.5350363643
1.5970000000 8.9933679693
1.5980000000 9.2849345631
1.5990000000 9.3831123472
1.6000000000 9.2911658209
1.6010000000 9.0439055168
1.6020000000 8.6915655100
1.6030000000 8.2879004972
1.6040000000 7.8816149329
1.6050000000 7.5069245645
1.6060000000 7.1889255982
1.6070000000 6.9419699203
1.6080000000 6.7717958233
1.6090000000 6.6783611838
1.6100000000 6.6564075084
1.6110000000 6.6953701074
1.6120000000 6.7784867721
1.6130000000 6.8819105923
1.6140000000 6.9750980584
1.6150000000 7.0237174017
1.6160000000 6.9957152845
1.6170000000 6.8695483099
1.6180000000 6.6408144747
1.6190000000 6.3234035830
1.6200000000 5.9446818301
1.6210000000 5.5368856103
1.6220000000 5.1294254411
1.6230000000 4.7455904323
1.6240000000 4.3979356528
1.6250000000 4.0945134395
1.6260000000 3.8381857942
1.6270000000 3.6286339790
1.6280000000 3.4641006678
1.6290000000 3.3423600559
1.6300000000 3.2613153701
1.6310000000 3.2194057618
1.6320000000 3.2157917776
1.6330000000 3.2504378195
1.6340000000 3.3242353394
1.6350000000 3.4389781160
1.6360000000 3.5974112583
1.6370000000 3.8030740414
1.6380000000 4.0602190973
1.6390000000 4.3734076497
1.6400000000 4.7468759384
1.6410000000 5.1832858351
1.6420000000 5.6824959363
1.6430000000 6.2367536983
1.6440000000 6.8297083439
1.6450000000 7.4308717037
1.6460000000 7.9947040774
1.6470000000 8.4628002775
1.6480000000 8.7736554188
1.6490000000 8.8784969790
1.6500000000 8.7570954447
1.6510000000 8.4250998361
1.6520000000 7.9281028344
1.6530000000 7.3262669960
1.6540000000 6.6781847314
1.6550000000 6.0305617423
1.6560000000 5.4147940095
1.6570000000 4.8485143986
1.6580000000 4.3390722677
1.6590000000 3.8871745547
1.6600000000 3.4897071591
1.6610000000 3.1416930740
1.6620000000 2.8369375700
1.6630000000 2.5709506328
1.6640000000 2.3380950381
1.6650000000 2.1338484906
1.6660000000 1.9541502056
1.6670000000 1.7955360738
1.6680000000 1.6550559733
1.6690000000 1.5302022219
1.6700000000 1.4188407452
1.6710000000 1.3191726687
1.6720000000 1.2296808700
1.6730000000 1.1490753911
1.6740000000 1.0762686556
1.6750000000 1.0103396370
1.6760000000 0.9505155301
1.6770000000 0.8961430185
1.6780000000 0.8466924292
1.6790000000 0.8017371114
1.6800000000 0.7609496223
1.6810000000 0.7240981851
1.6820000000 0.6903399114
1.6830000000 0.6610206543
1.6840000000 0.6354725983
1.6850000000 0.6138770162
1.6860000000 0.5963869588
1.6870000000 0.5832041913
1.6880000000 0.5744519227
1.6890000000 0.5700680533
1.6900000000 0.5696430873
1.6910000000 0.5723159256
1.6920000000 0.5766819613
1.6930000000 0.5809230769
1.6940000000 0.5830741070
1.6950000000 0.5814259071
1.6960000000 0.5749730476
1.6970000000 0.5635652731
1.6980000000 0.5479079421
1.6990000000 0.5292086060
1.7000000000 0.5088637910
1.7010000000 0.4875765503
1.7020000000 0.4669731366
1.7030000000 0.4476250916
1.7040000000 0.4302649652
1.7050000000 0.4148435244
1.7060000000 0.4014266574
1.7070000000 0.3899228310
1.7080000000 0.3802065152
1.7090000000 0.3721489103
1.7100000000 0.3656404115
1.7110000000 0.3605802988
1.7120000000 0.3568925943
1.7130000000 0.3545282234
1.7140000000 0.3534647884
1.7150000000 0.3537020098
1.7160000000 0.3552703504
1.7170000000 0.3582179555
1.7180000000 0.3626270577
1.7190000000 0.3686045117
1.7200000000 0.3762891343
1.7210000000 0.3858572261
1.7220000000 0.3975228864
1.7230000000 0.4115428242
1.7240000000 0.4281790408
1.7250000000 0.4479054044
1.7260000000 0.4710158812
1.7270000000 0.4981895893
1.7280000000 0.5299395203
1.7290000000 0.5669402469
1.7300000000 0.6099476796
1.7310000000 0.6597779875
1.7320000000 0.7172615764
1.7330000000 0.7831597410
1.7340000000 0.8580155328
1.7350000000 0.9419252707
1.7360000000 1.0342180633
1.7370000000 1.1330074541
1.7380000000 1.2347944942
1.7390000000 1.3341360917
1.7400000000 1.4237439523
1.7410000000 1.4953238204
1.7420000000 1.5410936893
1.7430000000 1.5557277593
1.7440000000 1.5378905436
1.7450000000 1.4908668447
1.7460000000 1.4201858362
1.7470000000 1.3341133735
1.7480000000 1.2399770657
1.7490000000 1.1440875908
1.7500000000 1.0508991836
1.7510000000 0.9632123939
1.7520000000 0.8824867582
1.7530000000 0.8092618775
1.7540000000 0.7434653073
1.7550000000 0.6846872350
1.7560000000 0.6323388456
1.7570000000 0.5857623620
1.7580000000 0.5443184885
1.7590000000 0.5073948817
1.7600000000 0.4744344551
1.7610000000 0.4449409552
1.7620000000 0.4184813553
1.7630000000 0.3946733587
1.7640000000 0.3731850540
1.7650000000 0.3537335710
1.7660000000 0.3360726012
1.7670000000 0.3197478590
1.7680000000 0.3050528033
1.7690000000 0.2916004554
1.7700000000 0.2792293341
1.7710000000 0.2678338434
1.7720000000 0.2573077954
1.7730000000 0.2475611063
1.7740000000 0.2385124864
1.7750000000 0.2300927526
1.7760000000 0.2222410160
1.7770000000 0.2149032543
1.7780000000 0.2080318197
1.7790000000 0.2015848505
1.7800000000 0.1955280647
1.7810000000 0.1898287229
1.7820000000 0.1844594657
1.7830000000 0.1793987874
1.7840000000 0.1746266914
1.7850000000 0.1701271417
1.7860000000 0.1658881620
1.7870000000 0.1619032187
1.7880000000 0.1581692709
1.7890000000 0.1546876561
1.7900000000 0.1511377012
1.7910000000 0.1481685961
1.7920000000 0.1455023647
1.7930000000 0.1431573598
1.7940000000 0.1411696065
1.7950000000 0.1395887213
1.7960000000 0.1384714852
1.7970000000 0.1378906382
1.7980000000 0.1379202064
1.7990000000 0.1386510972
1.8000000000 0.1401627964
1.8010000000 0.1426612040
1.8020000000 0.1460979328
1.8030000000 0.1504591666
1.8040000000 0.1556426169
1.8050000000 0.1614301398
1.8060000000 0.1674906394
1.8070000000 0.1733915475
1.8080000000 0.1786567263
1.8090000000 0.1828314909
1.8100000000 0.1855855281
1.8110000000 0.1867443281
1.8120000000 0.1858115190
1.8130000000 0.1840255888
1.8140000000 0.1812003734
1.8150000000 0.1775677892
1.8160000000 0.1734861371
1.8170000000 0.1692043913
1.8180000000 0.1649121560
1.8190000000 0.1607355591
1.8200000000 0.1567515160
1.8210000000 0.1530017692
1.8220000000 0.1494916283
1.8230000000 0.1462124448
1.8240000000 0.1431431494
1.8250000000 0.1402655447
1.8260000000 0.1375535308
1.8270000000 0.1349772036
1.8280000000 0.1325102837
1.8290000000 0.1301264945
1.8300000000 0.1278017014
1.8310000000 0.1255107915
1.8320000000 0.1232289776
1.8330000000 0.1209332639
1.8340000000 0.1186031929
1.8350000000 0.1148241408
1.8360000000 0.1122360039
1.8370000000 0.1095856152
1.8380000000 0.1067235287
1.8390000000 0.1036819754
1.8400000000 0.1004307968
1.8410000000 0.0969387240
1.8420000000 0.0931820573
1.8430000000 0.0891308587
1.8440000000 0.0847644750
1.8450000000 0.0800756834
1.8460000000 0.0750780658
1.8470000000 0.0698102701
1.8480000000 0.0643381718
1.8490000000 0.0588007219
1.8500000000 0.0534047778
1.8510000000 0.0484486347
1.8520000000 0.0445210081
1.8530000000 0.0421214970
1.8540000000 0.0416853226
1.8550000000 0.0439448843
1.8560000000 0.0495703422
1.8570000000 0.0595591254
1.8580000000 0.0744673667
1.8590000000 0.0890648426
1.8600000000 0.1135269064
1.8610000000 0.1408701797
1.8620000000 0.1693108768
1.8630000000 0.1969604568
1.8640000000 0.2220903235
1.8650000000 0.2434409801
1.8660000000 0.2603667083
1.8670000000 0.2728389777
1.8680000000 0.2812889254
1.8690000000 0.2864502427
1.8700000000 0.2891829210
1.8710000000 0.2903076430
1.8720000000 0.2905635996
1.8730000000 0.2904970641
1.8740000000 0.2905299400
1.8750000000 0.2909153604
1.8760000000 0.2917611889
1.8770000000 0.2930608980
1.8780000000 0.2946850502
1.8790000000 0.2964161411
1.8800000000 0.2979626765
1.8810000000 0.2990041223
1.8820000000 0.2992246250
1.8830000000 0.2983454913
1.8840000000 0.2980565065
1.8850000000 0.2944110088
1.8860000000 0.2894728722
1.8870000000 0.2834092335
1.8880000000 0.2764627297
1.8890000000 0.2689116598
1.8900000000 0.2610350466
1.8910000000 0.2530942412
1.8920000000 0.2453087894
1.8930000000 0.2378371364
1.8940000000 0.2308017706
1.8950000000 0.2242777248
1.8960000000 0.2183071678
1.8970000000 0.2129047419
1.8980000000 0.2080642808
1.8990000000 0.2037680391
1.9000000000 0.1999931235
1.9010000000 0.1966922874
1.9020000000 0.1938923057
1.9030000000 0.1915574972
1.9040000000 0.1896540935
1.9050000000 0.1881502894
1.9060000000 0.1870168656
1.9070000000 0.1862275346
1.9080000000 0.1857587718
1.9090000000 0.1860210973
1.9100000000 0.1861160522
1.9110000000 0.1864826262
1.9120000000 0.1871074168
1.9130000000 0.1879795733
1.9140000000 0.1890909576
1.9150000000 0.1904349596
1.9160000000 0.1920072654
1.9170000000 0.1938045371
1.9180000000 0.1958253659
1.9190000000 0.1980694593
1.9200000000 0.2005380088
1.9210000000 0.2032335560
1.9220000000 0.2061601211
1.9230000000 0.2093225084
1.9240000000 0.2127275184
1.9250000000 0.2163828566
1.9260000000 0.2202977705
1.9270000000 0.2244828378
1.9280000000 0.2289500565
1.9290000000 0.2337130513
1.9300000000 0.2387870416
1.9310000000 0.2441890429
1.9320000000 0.2499382474
1.9330000000 0.2562511342
1.9340000000 0.2627538676
1.9350000000 0.2696734688
1.9360000000 0.2770389013
1.9370000000 0.2848811359
1.9380000000 0.2932349080
1.9390000000 0.3021381092
1.9400000000 0.3116327284
1.9410000000 0.3217653014
1.9420000000 0.3325871428
1.9430000000 0.3441554965
1.9440000000 0.3565326718
1.9450000000 0.3697888759
1.9460000000 0.3840014686
1.9470000000 0.3992556683
1.9480000000 0.4156475013
1.9490000000 0.4332813080
1.9500000000 0.4522750924
1.9510000000 0.4727594313
1.9520000000 0.4948785013
1.9530000000 0.5187944997
1.9540000000 0.5446849893
1.9550000000 0.5727486691
1.9560000000 0.6032025190
1.9570000000 0.6362915897
1.9580000000 0.6722782601
1.9590000000 0.7115684273
1.9600000000 0.7542376110
1.9610000000 0.8007480165
1.9620000000 0.8514354807
1.9630000000 0.9066688540
1.9640000000 0.9668099431
1.9650000000 1.0321950912
1.9660000000 1.1031160538
1.9670000000 1.1797776694
1.9680000000 1.2622512258
1.9690000000 1.3504100130
1.9700000000 1.4438282862
1.9710000000 1.5417081306
1.9720000000 1.6427583921
1.9730000000 1.7450940194
1.9740000000 1.8461881013
1.9750000000 1.9428427123
1.9760000000 2.0313090280
1.9770000000 2.1075110439
1.9780000000 2.1674128931
1.9790000000 2.2074909109
1.9800000000 2.2252325165
1.9810000000 2.2195420313
1.9820000000 2.1909282102
1.9830000000 2.1414545558
1.9840000000 2.0744265357
1.9850000000 1.9939665781
1.9860000000 1.9042783243
1.9870000000 1.8096224183
1.9880000000 1.7135232464
1.9890000000 1.6190337018
1.9900000000 1.5284232514
1.9910000000 1.4432919764
1.9920000000 1.3646696392
1.9930000000 1.2931160133
1.9940000000 1.2288173282
1.9950000000 1.1716886370
1.9960000000 1.1214249038
1.9970000000 1.0775639071
1.9980000000 1.0395059937
1.9990000000 1.0065434749
2.0000000000 0.9778779993
