# Energy(eV)	P_integrated for V0 = 0.8311 eV, theta = 2.0045 mrad
0.4100000000 204.5025002384
0.5000000000 204.5025002384
0.5050000000 204.5025002384
0.5100000000 204.5025002384
0.5150000000 204.5025002384
0.5200000000 101.5616542834
0.5250000000 0.0148685549
0.5300000000 0.0278099585
0.5350000000 0.0391790117
0.5400000000 0.0489240368
0.5450000000 0.0577310034
0.5500000000 0.0654634311
0.5550000000 0.0724453716
0.5600000000 0.0787631119
0.5650000000 0.0846461885
0.5700000000 0.0900389845
0.5750000000 0.0951522697
0.5800000000 0.0999391233
0.5850000000 0.1045261274
0.5900000000 0.1090951983
0.5950000000 0.1134440155
0.6000000000 0.1178781918
0.6050000000 0.1222966511
0.6100000000 0.1267852239
0.6150000000 0.1314020585
0.6200000000 0.1362124658
0.6250000000 0.1413754778
0.6300000000 0.1468971336
0.6350000000 0.1516000200
0.6400000000 0.1565712891
0.6450000000 0.1618555738
0.6500000000 0.1675121195
0.6550000000 0.1735979629
0.6600000000 0.1801775320
0.6650000000 0.1873076892
0.6700000000 0.1951012814
0.6750000000 0.2036307467
0.6800000000 0.2129947944
0.6850000000 0.2233221966
0.6900000000 0.2347581176
0.6950000000 0.2474506001
0.7000000000 0.2616040232
0.7050000000 0.2774807888
0.7100000000 0.2953036548
0.7150000000 0.3154903507
0.7200000000 0.3383695924
0.7250000000 0.3644942865
0.7300000000 0.3946060297
0.7350000000 0.4293472008
0.7400000000 0.4699825610
0.7450000000 0.5177686737
0.7500000000 0.5743276405
0.7550000000 0.6423947213
0.7600000000 0.7247974110
0.7650000000 0.8265917468
0.7700000000 0.9540180933
0.7750000000 1.1160577130
0.7800000000 1.3279888567
0.7850000000 1.6119734369
0.7900000000 2.0040681395
0.7950000000 2.5710810976
0.8000000000 3.4335506757
0.8050000000 4.8377578425
0.8100000000 7.3782586924
0.8150000000 12.7943391885
0.8200000000 27.5602783628
0.8250000000 93.7537343244
0.8300000000 491.4543770903
0.8350000000 89.2220708045
0.8400000000 25.6448636133
0.8450000000 11.5968743535
0.8500000000 6.5021883505
0.8550000000 4.1183058291
0.8600000000 2.8250823868
0.8650000000 2.0474777250
0.8700000000 1.5449549474
0.8750000000 1.2022360787
0.8800000000 0.9585541261
0.8850000000 0.7793883402
0.8900000000 0.6439532235
0.8950000000 0.5392075169
0.9000000000 0.4566192211
0.9050000000 0.3904008929
0.9100000000 0.3365142676
0.9150000000 0.2921044505
0.9200000000 0.2550914244
0.9250000000 0.2239187406
0.9300000000 0.1974284637
0.9350000000 0.1747198675
0.9400000000 0.1551062417
0.9450000000 0.1380681286
0.9500000000 0.1231299502
0.9550000000 0.1099688290
0.9600000000 0.0985742060
0.9650000000 0.0881716925
0.9700000000 0.0788633384
0.9750000000 0.0704884009
0.9800000000 0.0629207714
0.9850000000 0.0560572585
0.9900000000 0.0498297715
0.9950000000 0.0441333450
1.0000000000 0.0391206769
1.0050000000 0.0343753054
1.0100000000 0.0300570600
1.0150000000 0.0261776600
1.0200000000 0.0227133053
1.0250000000 0.0198906539
1.0300000000 0.0174874560
1.0350000000 0.0158709731
1.0400000000 0.0162784171
1.0450000000 0.0190548986
1.0500000000 0.0241476815
1.0550000000 0.0338502851
1.0600000000 0.0544528478
1.0650000000 0.1046271669
1.0700000000 0.2561811083
1.0750000000 0.9568301385
1.0800000000 1.4245903683
1.0850000000 0.3001405546
1.0900000000 0.0781295921
1.0950000000 0.0272705118
1.1000000000 0.0129346033
1.1050000000 0.0042206501
1.1100000000 0.0061546681
1.1150000000 0.2096689720
1.1200000000 0.0000373570
1.2000000000 11.8547503012
1.2050000000 3.8124409695
1.2100000000 0.4521840536
1.2150000000 0.4521840536
1.2200000000 0.4521840536
1.2250000000 0.4521840536
1.2300000000 0.1990898953
1.2350000000 0.1201900290
1.2400000000 0.1101641053
1.2450000000 0.1251557513
1.2500000000 0.1307506821
1.2550000000 0.1938446459
1.2600000000 0.0928318409
1.2650000000 0.0679856744
1.2700000000 0.0677425314
1.2750000000 0.0717195988
1.2800000000 0.0753443139
1.2850000000 0.0789104342
1.2900000000 0.0817426573
1.2950000000 0.0845900549
1.3000000000 0.0869909159
1.3050000000 0.0895550856
1.3100000000 0.0918952707
1.3150000000 0.0945237150
1.3200000000 0.0971275862
1.3250000000 0.1001906139
1.3300000000 0.1035353937
1.3350000000 0.1077755523
1.3400000000 0.1131807587
1.3450000000 0.1213244623
1.3500000000 0.1352191573
1.3550000000 0.1636079369
1.3600000000 0.2109598744
1.3650000000 0.2065701052
1.3700000000 0.1686311581
1.3750000000 0.1518949858
1.3800000000 0.1471432165
1.3850000000 0.1476280301
1.3900000000 0.1506087411
1.3950000000 0.1551550687
1.4000000000 0.1609448634
1.4050000000 0.1676634690
1.4100000000 0.1754236614
1.4150000000 0.1841129965
1.4200000000 0.1939315774
1.4250000000 0.2049019831
1.4300000000 0.2172044121
1.4350000000 0.2310854295
1.4400000000 0.2466799531
1.4450000000 0.2643461276
1.4500000000 0.2844075865
1.4550000000 0.3072978971
1.4600000000 0.3335931067
1.4650000000 0.3639477011
1.4700000000 0.3992294080
1.4750000000 0.4406399893
1.4800000000 0.4895931952
1.4850000000 0.5480031038
1.4900000000 0.6186003714
1.4950000000 0.7048087732
1.5000000000 0.8120064930
1.5050000000 0.9548391735
1.5100000000 1.1402588680
1.5150000000 1.3877034644
1.5200000000 1.7270044803
1.5250000000 2.2112743185
1.5300000000 2.9335175821
1.5350000000 4.0736057557
1.5400000000 6.0173807580
1.5450000000 9.6567957667
1.5500000000 17.2401565186
1.5550000000 33.4027410819
1.5600000000 50.3801677696
1.5650000000 35.4366446797
1.5700000000 17.9940866579
1.5750000000 9.7683962586
1.5800000000 5.9218387322
1.5850000000 3.9259586520
1.5900000000 2.7920382095
1.5950000000 2.1119972174
1.6000000000 1.7050800863
1.6050000000 1.5056738118
1.6100000000 1.5291803347
1.6150000000 1.9510369855
1.6200000000 3.2267752940
1.6250000000 4.5674725291
1.6300000000 3.2221939526
1.6350000000 1.8840804164
1.6400000000 1.2216726527
1.6450000000 0.8752271391
1.6500000000 0.6687312311
1.6550000000 0.5325048097
1.6600000000 0.4343560757
1.6650000000 0.3584691980
1.6700000000 0.2955337734
1.6750000000 0.2410636385
1.6800000000 0.1909481763
1.6850000000 0.1431830914
1.6900000000 0.1019801286
1.6950000000 0.0876555391
1.7000000000 0.1733195953
1.7050000000 0.5005042169
1.7100000000 0.8221242805
1.7150000000 0.6456972546
1.7200000000 0.3819740871
1.7250000000 0.2509187067
1.7300000000 0.1960258463
1.7350000000 0.1710022687
1.7400000000 0.1579186892
1.7450000000 0.1500359889
1.7500000000 0.1447817724
1.7550000000 0.1415426251
1.7600000000 0.1399994940
1.7650000000 0.1402237499
1.7700000000 0.1423786590
1.7750000000 0.1475072651
1.7800000000 0.1565154995
1.7850000000 0.1710929114
1.7900000000 0.1945888805
1.7950000000 0.2326818178
1.8000000000 0.2959370402
1.8050000000 0.4098605301
1.8100000000 0.6180865890
1.8150000000 0.9936851019
1.8200000000 1.5088683790
1.8250000000 1.6785389533
1.8300000000 1.2880668329
1.8350000000 0.8657319101
1.8400000000 0.5946874212
1.8450000000 0.4319657349
1.8500000000 0.3295913228
1.8550000000 0.2604478838
1.8600000000 0.2090914341
1.8650000000 0.1686300962
1.8700000000 0.1333940517
1.8750000000 0.1003523467
1.8800000000 0.0660321364
1.8850000000 0.0402943174
1.8900000000 0.0403294775
1.8950000000 0.1287750470
1.9000000000 0.4013071240
1.9050000000 0.7865018172
1.9100000000 0.7708801990
1.9150000000 0.4706109754
1.9200000000 0.2584271698
1.9250000000 0.1600884782
1.9300000000 0.1291056597
1.9350000000 0.1342217581
1.9400000000 0.1686713814
1.9450000000 0.2289619688
1.9500000000 0.2988748886
1.9550000000 0.3349443877
1.9600000000 0.3311348290
1.9650000000 0.3111656703
1.9700000000 0.2866693680
1.9750000000 0.2611800290
1.9800000000 0.2415665812
1.9850000000 0.2293757515
1.9900000000 0.2240523819
1.9950000000 0.2239683106
2.0000000000 0.2279631899
2.0050000000 0.2364633496
2.0100000000 0.2480565351
2.0150000000 0.2630169956
2.0200000000 0.2816111336
2.0250000000 0.3045053300
2.0300000000 0.3321126821
2.0350000000 0.3656860777
2.0400000000 0.4067113512
2.0450000000 0.4573751154
2.0500000000 0.5202739797
2.0550000000 0.5996039101
2.0600000000 0.7011986855
2.0650000000 0.8335945219
2.0700000000 1.0095660180
2.0750000000 1.2480084615
2.0800000000 1.5775765762
2.0850000000 2.0393137766
2.0900000000 2.6839355790
2.0950000000 3.5428018955
2.1000000000 4.5281931664
2.1050000000 5.3313444795
2.1100000000 5.3260983060
2.1150000000 4.4986150797
2.1200000000 3.4330426214
2.1250000000 2.5402370049
2.1300000000 1.8974141500
2.1350000000 1.4534235632
2.1400000000 1.1454225007
2.1450000000 0.9282541551
2.1500000000 0.7740415276
2.1550000000 0.6643873178
2.1600000000 0.5869703302
2.1650000000 0.5340160400
2.1700000000 0.5017283052
2.1750000000 0.4899331406
2.1800000000 0.5030798791
2.1850000000 0.5507483574
2.1900000000 0.6416734090
2.1950000000 0.7711245680
2.2000000000 0.9141271712
2.2050000000 1.0785961353
2.2100000000 1.2829168205
2.2150000000 1.5646693365
2.2200000000 1.9545626280
2.2250000000 2.4686315217
2.2300000000 3.0756659577
2.2350000000 3.6385132440
2.2400000000 3.9204217653
2.2450000000 3.7634888644
2.2500000000 3.2758971756
2.2550000000 2.6906951706
2.2600000000 2.1630977405
2.2650000000 1.7417741718
2.2700000000 1.4202956588
2.2750000000 1.1786693958
2.2800000000 0.9965465524
2.2850000000 0.8576744086
2.2900000000 0.7496288155
2.2950000000 0.6638849305
2.3000000000 0.5943523479
2.3050000000 0.5335514216
2.3100000000 0.4841797968
2.3150000000 0.4443025174
2.3200000000 0.4121255803
2.3250000000 0.3867882722
2.3300000000 0.3671034396
2.3350000000 0.3523687028
2.3400000000 0.3421365402
2.3450000000 0.3359511994
2.3500000000 0.3342368930
2.3550000000 0.3369434395
2.3600000000 0.3443981758
2.3650000000 0.3570259629
2.3700000000 0.3751801599
2.3750000000 0.3984823606
2.3800000000 0.4264708929
2.3850000000 0.4561713565
2.3900000000 0.4834068034
2.3950000000 0.5042814070
2.4000000000 0.5173304320
2.4050000000 0.5276902829
2.4100000000 0.5395032986
2.4150000000 0.5566461663
2.4200000000 0.5782517602
2.4250000000 0.5990799624
2.4300000000 0.6113004904
2.4350000000 0.6146216853
2.4400000000 0.6096138273
2.4450000000 0.6009332845
2.4500000000 0.5929351447
2.4550000000 0.5886980018
2.4600000000 0.5903033112
2.4650000000 0.5954528156
2.4700000000 0.6010657876
2.4750000000 0.6023182992
2.4800000000 0.5960175849
2.4850000000 0.5829918178
2.4900000000 0.5680640199
2.4950000000 0.5559461364
2.5000000000 0.5515059088
2.5050000000 0.5590973800
2.5100000000 0.5801600149
2.5150000000 0.6148125159
2.5200000000 0.6611180709
2.5250000000 0.7157106231
2.5300000000 0.7722093508
2.5350000000 0.8211337676
2.5400000000 0.8514416645
2.5450000000 0.8548001960
2.5500000000 0.8296161598
2.5550000000 0.7827761295
2.5600000000 0.7252841362
2.5650000000 0.6673492788
2.5700000000 0.6156163391
2.5750000000 0.5730704497
2.5800000000 0.5401585920
2.5850000000 0.5162626457
2.5900000000 0.5001714902
2.5950000000 0.4906616318
2.6000000000 0.4867807881
2.6050000000 0.4914322805
2.6100000000 0.5024054216
2.6150000000 0.5204077854
2.6200000000 0.5459016716
2.6250000000 0.5792407473
2.6300000000 0.6205095284
2.6350000000 0.6694036126
2.6400000000 0.7250840988
2.6450000000 0.7855654032
2.6500000000 0.8477243947
2.6550000000 0.9069218895
2.6600000000 0.9573890269
2.6650000000 0.9932882497
2.6700000000 1.0106505017
2.6750000000 1.0074833193
2.6800000000 0.9862136079
2.6850000000 0.9515531745
2.6900000000 0.9092857305
2.6950000000 0.8648147105
2.7000000000 0.8223272732
2.7050000000 0.7811619280
2.7100000000 0.7472505724
2.7150000000 0.7215421322
2.7200000000 0.7037216673
2.7250000000 0.6926343468
2.7300000000 0.6864502062
2.7350000000 0.6828053191
2.7400000000 0.6791224729
2.7450000000 0.6729397087
2.7500000000 0.6624222650
2.7550000000 0.6467483041
2.7600000000 0.6262099992
2.7650000000 0.6018018142
2.7700000000 0.5755165260
2.7750000000 0.5488681792
2.7800000000 0.5232943316
2.7850000000 0.4998342106
2.7900000000 0.4791332138
2.7950000000 0.4615170872
2.8000000000 0.4467748231
2.8050000000 0.4345294665
2.8100000000 0.4260311687
2.8150000000 0.4208775958
2.8200000000 0.4186125186
2.8250000000 0.4187531809
2.8300000000 0.4207672223
2.8350000000 0.4241078783
2.8400000000 0.4280559707
2.8450000000 0.4318820857
2.8500000000 0.4348600003
2.8550000000 0.4363759451
2.8600000000 0.4360372944
2.8650000000 0.4338100924
2.8700000000 0.4298238306
2.8750000000 0.4246300410
2.8800000000 0.4188704189
2.8850000000 0.4132147380
2.8900000000 0.4082675001
2.8950000000 0.4045269086
2.9000000000 0.4023253336
2.9050000000 0.4028753196
2.9100000000 0.4061318370
2.9150000000 0.4120883279
2.9200000000 0.4206275209
2.9250000000 0.4315261302
2.9300000000 0.4444878605
2.9350000000 0.4589762628
2.9400000000 0.4744343133
2.9450000000 0.4901424474
2.9500000000 0.5052744426
2.9550000000 0.5189457366
2.9600000000 0.5303765993
2.9650000000 0.5386209412
2.9700000000 0.5432084832
2.9750000000 0.5438619830
2.9800000000 0.5406224571
2.9850000000 0.5338353897
2.9900000000 0.5240868258
2.9950000000 0.5121402506
3.0000000000 0.4986791448
