# Energy(eV)	P_integrated for V0 = 0.58898 eV, theta = 1.64000 mrad
1.4500000000 0.4392448783
1.4510000000 0.4477627359
1.4520000000 0.4565721059
1.4530000000 0.4656874204
1.4540000000 0.4751222776
1.4550000000 0.4848914678
1.4560000000 0.4950117543
1.4570000000 0.5055004834
1.4580000000 0.5164295608
1.4590000000 0.5277086471
1.4600000000 0.5394127871
1.4610000000 0.5515647225
1.4620000000 0.5641868254
1.4630000000 0.5773068283
1.4640000000 0.5909466833
1.4650000000 0.6051363648
1.4660000000 0.6199049586
1.4670000000 0.6352857721
1.4680000000 0.6513126708
1.4690000000 0.6680237431
1.4700000000 0.6854560211
1.4710000000 0.7036525343
1.4720000000 0.7226583012
1.4730000000 0.7425234154
1.4740000000 0.7632985810
1.4750000000 0.7850404887
1.4760000000 0.8078452788
1.4770000000 0.8317082035
1.4780000000 0.8567350032
1.4790000000 0.8830014896
1.4800000000 0.9105958413
1.4810000000 0.9396014429
1.4820000000 0.9701165417
1.4830000000 1.0022484169
1.4840000000 1.0361114288
1.4850000000 1.0718306412
1.4860000000 1.1095430512
1.4870000000 1.1493961806
1.4880000000 1.1915531056
1.4890000000 1.2361917980
1.4910000000 1.3337111022
1.4920000000 1.3870379034
1.4930000000 1.4437372634
1.4940000000 1.5041026406
1.4950000000 1.5684427460
1.4960000000 1.6371023559
1.4970000000 1.7104600238
1.4980000000 1.7889467048
1.4990000000 1.8730073985
1.5000000000 1.9631649564
1.5010000000 2.0599903472
1.5020000000 2.1641174285
1.5030000000 2.2762481044
1.5040000000 2.3971655545
1.5050000000 2.5277287394
1.5060000000 2.6689020774
1.5070000000 2.8217495265
1.5080000000 2.9874451684
1.5090000000 3.1672829205
1.5100000000 3.3627107546
1.5110000000 3.5752767394
1.5120000000 3.8065587838
1.5130000000 4.0586570333
1.5140000000 4.3334106330
1.5150000000 4.6328714027
1.5160000000 4.9592410666
1.5170000000 5.3144300188
1.5180000000 5.7004550669
1.5190000000 6.1189607039
1.5200000000 6.5710978664
1.5210000000 7.0571823266
1.5220000000 7.5763124260
1.5230000000 8.1259112561
1.5240000000 8.7011455683
1.5250000000 9.2943657403
1.5260000000 9.8944406164
1.5270000000 10.4865401311
1.5280000000 11.0520066822
1.5290000000 11.5689355783
1.5300000000 12.0137147219
1.5310000000 12.3622627777
1.5320000000 12.5937487171
1.5330000000 12.6927930929
1.5340000000 12.6519616059
1.5350000000 12.4732143877
1.5360000000 12.1665957298
1.5370000000 11.7504221407
1.5380000000 11.2474538962
1.5390000000 10.6823260924
1.5400000000 10.0790008113
1.5410000000 9.4588931903
1.5420000000 8.8397155415
1.5430000000 8.2351971221
1.5440000000 7.6552004526
1.5450000000 7.1062639095
1.5460000000 6.5921649363
1.5470000000 6.1145607198
1.5480000000 5.6735726957
1.5490000000 5.2687077365
1.5500000000 4.8973855214
1.5510000000 4.5580601870
1.5520000000 4.2484638734
1.5530000000 3.9662787548
1.5540000000 3.7091373803
1.5550000000 3.4750408011
1.5560000000 3.2618378336
1.5570000000 3.0676324972
1.5580000000 2.8906892101
1.5590000000 2.7294125857
1.5600000000 2.5823838017
1.5610000000 2.4483166744
1.5620000000 2.3260550153
1.5630000000 2.2145657865
1.5640000000 2.1129330658
1.5650000000 2.0203429293
1.5660000000 1.9360723037
1.5670000000 1.8594793937
1.5680000000 1.7899994109
1.5690000000 1.7272582690
1.5700000000 1.6705777936
1.5710000000 1.6197167941
1.5720000000 1.5743534692
1.5730000000 1.5342144973
1.5740000000 1.4990619184
1.5750000000 1.4687515832
1.5760000000 1.4431258840
1.5770000000 1.4220892930
1.5780000000 1.4055833238
1.5790000000 1.3935913607
1.5800000000 1.3861300106
1.5810000000 1.3832561110
1.5820000000 1.3850659241
1.5830000000 1.3917046877
1.5840000000 1.4033498922
1.5850000000 1.4202234624
1.5860000000 1.4425857361
1.5870000000 1.4707425540
1.5880000000 1.5050385402
1.5890000000 1.5458333131
1.5900000000 1.5935248131
1.5910000000 1.6485133851
1.5920000000 1.7111943161
1.5930000000 1.7819114792
1.5940000000 1.8609679622
1.5950000000 1.9483836962
1.5960000000 2.0440699433
1.5970000000 2.1475867527
1.5980000000 2.2580733827
1.5990000000 2.3741015239
1.6000000000 2.4935404320
1.6010000000 2.6135104458
1.6020000000 2.7303739424
1.6030000000 2.8397500648
1.6040000000 2.9367777246
1.6050000000 3.0164657327
1.6060000000 3.0742165762
1.6070000000 3.1063275890
1.6080000000 3.1105752327
1.6090000000 3.0864303180
1.6100000000 3.0359343637
