# Energy(eV)	P_integrated for V0 = 0.5100 eV, theta = 1.5702 mrad
0.4100000000 259.4439974282
0.5000000000 259.4439974282
0.5050000000 259.4439974282
0.5100000000 259.4439974282
0.5150000000 259.4439974282
0.5200000000 129.6568082108
0.5250000000 0.0188278427
0.5300000000 0.0352347774
0.5350000000 0.0496474259
0.5400000000 0.0620004289
0.5450000000 0.0731635994
0.5500000000 0.0829640103
0.5550000000 0.0918125598
0.5600000000 0.0998187184
0.5650000000 0.1072735124
0.5700000000 0.1141064843
0.5750000000 0.1205848535
0.5800000000 0.1266491726
0.5850000000 0.1324599217
0.5900000000 0.1382476916
0.5950000000 0.1437560611
0.6000000000 0.1493723836
0.6050000000 0.1549685591
0.6100000000 0.1606533679
0.6150000000 0.1665004929
0.6200000000 0.1725926952
0.6250000000 0.1791314865
0.6300000000 0.1861244960
0.6350000000 0.1920797422
0.6400000000 0.1983748546
0.6450000000 0.2050663789
0.6500000000 0.2122293622
0.6550000000 0.2199360520
0.6600000000 0.2282680541
0.6650000000 0.2372973933
0.6700000000 0.2471669891
0.6750000000 0.2579685883
0.6800000000 0.2698272047
0.6850000000 0.2829059256
0.6900000000 0.2973886169
0.6950000000 0.3134627343
0.7000000000 0.3313871288
0.7050000000 0.3514941548
0.7100000000 0.3740658637
0.7150000000 0.3996313528
0.7200000000 0.4286068558
0.7250000000 0.4616926016
0.7300000000 0.4998278727
0.7350000000 0.5438260642
0.7400000000 0.5952890439
0.7450000000 0.6558081029
0.7500000000 0.7274374310
0.7550000000 0.8136411909
0.7600000000 0.9180000325
0.7650000000 1.0469172179
0.7700000000 1.2082955802
0.7750000000 1.4135089573
0.7800000000 1.6819062985
0.7850000000 2.0415535335
0.7900000000 2.5381130091
0.7950000000 3.2561914169
0.8000000000 4.3484389462
0.8050000000 6.1267456381
0.8100000000 9.3440578903
0.8150000000 16.2030027173
0.8200000000 34.9025647849
0.8250000000 118.7294632273
0.8300000000 622.3711304277
0.8350000000 112.9886830633
0.8400000000 32.4757789154
0.8450000000 14.6857728027
0.8500000000 8.2340256897
0.8550000000 5.2151676025
0.8600000000 3.5774861599
0.8650000000 2.5927664086
0.8700000000 1.9563998342
0.8750000000 1.5224021538
0.8800000000 1.2138202959
0.8850000000 0.9869385071
0.8900000000 0.8154349101
0.8950000000 0.6827946609
0.9000000000 0.5782132350
0.9050000000 0.4943617031
0.9100000000 0.4261262522
0.9150000000 0.3698915814
0.9200000000 0.3230237042
0.9250000000 0.2835516376
0.9300000000 0.2500090500
0.9350000000 0.2212553325
0.9400000000 0.1964208940
0.9450000000 0.1748479327
0.9500000000 0.1559342386
0.9550000000 0.1392709535
0.9600000000 0.1248445250
0.9650000000 0.1116747382
0.9700000000 0.0998906455
0.9750000000 0.0892887240
0.9800000000 0.0797093113
0.9850000000 0.0710217719
0.9900000000 0.0631399211
0.9950000000 0.0559309006
1.0000000000 0.0495879338
1.0050000000 0.0435841365
1.0100000000 0.0381218250
1.0150000000 0.0332159891
1.0200000000 0.0288367034
1.0250000000 0.0252710333
1.0300000000 0.0222384361
1.0350000000 0.0202048549
1.0400000000 0.0207473287
1.0450000000 0.0243008119
1.0500000000 0.0307926697
1.0550000000 0.0431306063
1.0600000000 0.0692976081
1.0650000000 0.1329870683
1.0700000000 0.3252895016
1.0750000000 1.2141170894
1.0800000000 1.8070174501
1.0850000000 0.3807555390
1.0900000000 0.0992874793
1.0950000000 0.0347729104
1.1000000000 0.0164804475
1.1050000000 0.0053879463
1.1100000000 0.0078100719
1.1150000000 0.2658144028
1.1200000000 0.0000476370
1.2000000000 14.9958466840
1.2050000000 4.8219369494
1.2100000000 0.5713428561
1.2150000000 0.5713428561
1.2200000000 0.5713428561
1.2250000000 0.5713428561
1.2300000000 0.2540408131
1.2350000000 0.1529680724
1.2400000000 0.1398949072
1.2450000000 0.1586219916
1.2500000000 0.1644865169
1.2550000000 0.2444695267
1.2600000000 0.1172130823
1.2650000000 0.0859366141
1.2700000000 0.0856533456
1.2750000000 0.0906809802
1.2800000000 0.0952575608
1.2850000000 0.0997598937
1.2900000000 0.1033347985
1.2950000000 0.1069298834
1.3000000000 0.1099610234
1.3050000000 0.1131994014
1.3100000000 0.1161550837
1.3150000000 0.1194758495
1.3200000000 0.1227660754
1.3250000000 0.1266376136
1.3300000000 0.1308663611
1.3350000000 0.1362288500
1.3400000000 0.1430672303
1.3450000000 0.1533738199
1.3500000000 0.1709643757
1.3550000000 0.2069095257
1.3600000000 0.2668575526
1.3650000000 0.2612590328
1.3700000000 0.2131922015
1.3750000000 0.1919851944
1.3800000000 0.1859550358
1.3850000000 0.1865543850
1.3900000000 0.1903127063
1.3950000000 0.1960516845
1.4000000000 0.2033629987
1.4050000000 0.2118484576
1.4100000000 0.2216502155
1.4150000000 0.2326259933
1.4200000000 0.2450284879
1.4250000000 0.2588860880
1.4300000000 0.2744264073
1.4350000000 0.2919608604
1.4400000000 0.3116598295
1.4450000000 0.3339756884
1.4500000000 0.3593172147
1.4550000000 0.3882320605
1.4600000000 0.4214477976
1.4650000000 0.4597911366
1.4700000000 0.5043580733
1.4750000000 0.5566666088
1.4800000000 0.6185024152
1.4850000000 0.6922830373
1.4900000000 0.7814576976
1.4950000000 0.8903506595
1.5000000000 1.0257551998
1.5050000000 1.2061705405
1.5100000000 1.4403765714
1.5150000000 1.7529249168
1.5200000000 2.1814938714
1.5250000000 2.7931677144
1.5300000000 3.7054152921
1.5350000000 5.1454208530
1.5400000000 7.6005182091
1.5450000000 12.1972715000
1.5500000000 21.7753452237
1.5550000000 42.1891448352
1.5600000000 63.6317567356
1.5650000000 44.7573244372
1.5700000000 22.7269475166
1.5750000000 12.3378247864
1.5800000000 7.4796780572
1.5850000000 4.9590094270
1.5900000000 3.5270702883
1.5950000000 2.6684881213
1.6000000000 2.1550534728
1.6050000000 1.9040764993
1.6100000000 1.9354600042
1.6150000000 2.4719819448
1.6200000000 4.0915153856
1.6250000000 5.7922176942
1.6300000000 4.0847820698
1.6350000000 2.3873273796
1.6400000000 1.5473444678
1.6450000000 1.1081960147
1.6500000000 0.8465529095
1.6550000000 0.6740166869
1.6600000000 0.5497606664
1.6650000000 0.4537314744
1.6700000000 0.3741303168
1.6750000000 0.3052723937
1.6800000000 0.2419541503
1.6850000000 0.1816349896
1.6900000000 0.1296160781
1.6950000000 0.1114848056
1.7000000000 0.2193396207
1.7050000000 0.6314703957
1.7100000000 1.0365636192
1.7150000000 0.8141874680
1.7200000000 0.4818583489
1.7250000000 0.3166940446
1.7300000000 0.2474972948
1.7350000000 0.2159392866
1.7400000000 0.1994312400
1.7450000000 0.1894807649
1.7500000000 0.1828458856
1.7550000000 0.1787552750
1.7600000000 0.1768069846
1.7650000000 0.1770917693
1.7700000000 0.1798160961
1.7750000000 0.1862984714
1.7800000000 0.1976836806
1.7850000000 0.2161068610
1.7900000000 0.2458008923
1.7950000000 0.2939418188
1.8000000000 0.3738814217
1.8050000000 0.5178524786
1.8100000000 0.7809967516
1.8150000000 1.2556530041
1.8200000000 1.9066986737
1.8250000000 2.1210976276
1.8300000000 1.6276313432
1.8350000000 1.0939092352
1.8400000000 0.7513815620
1.8450000000 0.5457454443
1.8500000000 0.4163718923
1.8550000000 0.3289929869
1.8600000000 0.2640919457
1.8650000000 0.2129590604
1.8700000000 0.1684293614
1.8750000000 0.1266727083
1.8800000000 0.0833035240
1.8850000000 0.0507865344
1.8900000000 0.0508083502
1.8950000000 0.1624825956
1.9000000000 0.5067226621
1.9050000000 0.9932712847
1.9100000000 0.9734694167
1.9150000000 0.5940926582
1.9200000000 0.3259993784
1.9250000000 0.2017101452
1.9300000000 0.1624800817
1.9350000000 0.1688108506
1.9400000000 0.2121495036
1.9450000000 0.2880943235
1.9500000000 0.3762169198
1.9550000000 0.4217544779
1.9600000000 0.4171068776
1.9650000000 0.3920904912
1.9700000000 0.3613241990
1.9750000000 0.3292644288
1.9800000000 0.3045866618
1.9850000000 0.2892500464
1.9900000000 0.2825620947
1.9950000000 0.2824736011
2.0000000000 0.2875237457
2.0050000000 0.2982524668
2.0100000000 0.3128784244
2.0150000000 0.3317484971
2.0200000000 0.3551989821
2.0250000000 0.3840706421
2.0300000000 0.4188838313
2.0350000000 0.4612186796
2.0400000000 0.5129485882
2.0450000000 0.5768306824
2.0500000000 0.6561382698
2.0550000000 0.7561617742
2.0600000000 0.8842562488
2.0650000000 1.0511837932
2.0700000000 1.2730502631
2.0750000000 1.5736776487
2.0800000000 1.9891925995
2.0850000000 2.5713406004
2.0900000000 3.3840611340
2.0950000000 4.4668911736
2.1000000000 5.7092380231
2.1050000000 6.7218279934
2.1100000000 6.7152374678
2.1150000000 5.6720214760
2.1200000000 4.3286447511
2.1250000000 3.2030930630
2.1300000000 2.3927132928
2.1350000000 1.8330053991
2.1400000000 1.4447234894
2.1450000000 1.1709390224
2.1500000000 0.9765277880
2.1550000000 0.8383095403
2.1600000000 0.7407528133
2.1650000000 0.6740547886
2.1700000000 0.6334280304
2.1750000000 0.6186513530
2.1800000000 0.6353303223
2.1850000000 0.6955366400
2.1900000000 0.8102841360
2.1950000000 0.9736396697
2.2000000000 1.1541826946
2.2050000000 1.3619869424
2.2100000000 1.6202152971
2.2150000000 1.9762799153
2.2200000000 2.4689577977
2.2250000000 3.1184981250
2.2300000000 3.8854615538
2.2350000000 4.5965633500
2.2400000000 4.9526946710
2.2450000000 4.7543804219
2.2500000000 4.1383203494
2.2550000000 3.3989567345
2.2600000000 2.7323844288
2.2650000000 2.2000862354
2.2700000000 1.7939353692
2.2750000000 1.4886701474
2.2800000000 1.2585805385
2.2850000000 1.0831324455
2.2900000000 0.9466294576
2.2950000000 0.8383016785
2.3000000000 0.7504545620
2.3050000000 0.6736391938
2.3100000000 0.6112615248
2.3150000000 0.5608762560
2.3200000000 0.5202164658
2.3250000000 0.4881942483
2.3300000000 0.4633093922
2.3350000000 0.4446740350
2.3400000000 0.4317220489
2.3450000000 0.4238768218
2.3500000000 0.4216729070
2.3550000000 0.4250454505
2.3600000000 0.4344061633
2.3650000000 0.4502897189
2.3700000000 0.4731406007
2.3750000000 0.5024798524
2.3800000000 0.5377252143
2.3850000000 0.5751241718
2.3900000000 0.6094082773
2.3950000000 0.6356635972
2.4000000000 0.6520404567
2.4050000000 0.6650107620
2.4100000000 0.6798011596
2.4150000000 0.7013042840
2.4200000000 0.7284380032
2.4250000000 0.7546129848
2.4300000000 0.7699717363
2.4350000000 0.7741584571
2.4400000000 0.7678786285
2.4450000000 0.7569804140
2.4500000000 0.7469331650
2.4550000000 0.7416067644
2.4600000000 0.7436260228
2.4650000000 0.7500996746
2.4700000000 0.7571574717
2.4750000000 0.7587318264
2.4800000000 0.7508065275
2.4850000000 0.7344248823
2.4900000000 0.7156587600
2.4950000000 0.7004357052
2.5000000000 0.6948841083
2.5050000000 0.7044899753
2.5100000000 0.7310617538
2.5150000000 0.7747502291
2.5200000000 0.8331161119
2.5250000000 0.9019208146
2.5300000000 0.9731262267
2.5350000000 1.0347880173
2.5400000000 1.0729935838
2.5450000000 1.0772440257
2.5500000000 1.0455318595
2.5550000000 0.9865342422
2.5600000000 0.9141160499
2.5650000000 0.8411405337
2.5700000000 0.7759801157
2.5750000000 0.7223962948
2.5800000000 0.6809530894
2.5850000000 0.6508724435
2.5900000000 0.6306300690
2.5950000000 0.6186862698
2.6000000000 0.6138429360
2.6050000000 0.6197695993
2.6100000000 0.6336734897
2.6150000000 0.6564463817
2.6200000000 0.6886714011
2.6250000000 0.7307947700
2.6300000000 0.7829232143
2.6350000000 0.8446726049
2.6400000000 0.9149838667
2.6450000000 0.9913500132
2.6500000000 1.0698278462
2.6550000000 1.1445600660
2.6600000000 1.2082631435
2.6650000000 1.2535669969
2.6700000000 1.2754608016
2.6750000000 1.2714295562
2.6800000000 1.2445379229
2.6850000000 1.2007352445
2.6900000000 1.1473239299
2.6950000000 1.0911259689
2.7000000000 1.0374275564
2.7050000000 0.9853874625
2.7100000000 0.9424988621
2.7150000000 0.9099599362
2.7200000000 0.8873742357
2.7250000000 0.8732861987
2.7300000000 0.8653894820
2.7350000000 0.8607049243
2.7400000000 0.8559856270
2.7450000000 0.8481293444
2.7500000000 0.8348241597
2.7550000000 0.8150338635
2.7600000000 0.7891253544
2.7650000000 0.7583493955
2.7700000000 0.7252158624
2.7750000000 0.6916300506
2.7800000000 0.6594016400
2.7850000000 0.6298387898
2.7900000000 0.6037539029
2.7950000000 0.5815568998
2.8000000000 0.5629811666
2.8050000000 0.5475536826
2.8100000000 0.5368479443
2.8150000000 0.5303568348
2.8200000000 0.5275053339
2.8250000000 0.5276849638
2.8300000000 0.5302248861
2.8350000000 0.5344363412
2.8400000000 0.5394132813
2.8450000000 0.5442369147
2.8500000000 0.5479925885
2.8550000000 0.5499072554
2.8600000000 0.5494865158
2.8650000000 0.5466878345
2.8700000000 0.5416742171
2.8750000000 0.5351406116
2.8800000000 0.5278954107
2.8850000000 0.5207823636
2.8900000000 0.5145629728
2.8950000000 0.5098649699
2.9000000000 0.5071068150
2.9050000000 0.5078201450
2.9100000000 0.5119441855
2.9150000000 0.5194703659
2.9200000000 0.5302504717
2.9250000000 0.5440025936
2.9300000000 0.5603528319
2.9350000000 0.5786242734
2.9400000000 0.5981143581
2.9450000000 0.6179156987
2.9500000000 0.6369867005
2.9550000000 0.6542124654
2.9600000000 0.6686105955
2.9650000000 0.6789889625
2.9700000000 0.6847556693
2.9750000000 0.6855621014
2.9800000000 0.6814608070
2.9850000000 0.6728879963
2.9900000000 0.6605829226
2.9950000000 0.6455082902
3.0000000000 0.6285258461
