# Energy(eV)	P_integrated for V0 = 0.3371 eV, theta = 1.2012 mrad
0.2960000000 54.0963279735
0.2970000000 310.4534720618
0.2980000000 348.3862469218
0.2990000000 189.3552985818
0.3000000000 63.2233485185
0.3010000000 4.2525516466
0.3630000000 4.2525516466
0.3640000000 4.2525516466
0.3650000000 4.2525516466
0.3660000000 4.2525516466
0.3670000000 4.2525516466
0.3680000000 4.2525516466
0.3690000000 4.2525516466
0.3700000000 4.2525516466
0.3710000000 4.2525516466
0.3720000000 4.2525516466
0.3730000000 4.2525516466
0.3740000000 4.2525516466
0.3750000000 4.2525516466
0.3760000000 4.2525516466
0.3770000000 4.2525516466
0.3780000000 4.2525516466
0.3790000000 0.9938859245
0.3800000000 0.0088393176
0.3810000000 0.0152949669
0.3820000000 0.0214880711
0.3830000000 0.0273383855
0.3840000000 0.0330728534
0.3850000000 0.0385967279
0.3860000000 0.0439157903
0.3870000000 0.0490324345
0.3880000000 0.0539760930
0.3890000000 0.0589263314
0.3900000000 0.0634410095
0.3910000000 0.0678957744
0.3920000000 0.0722059052
0.3930000000 0.0765401971
0.3940000000 0.0805775553
0.3950000000 0.0844958458
0.3960000000 0.0883694403
0.3970000000 0.0920584898
0.3980000000 0.0956433361
0.3990000000 0.0992737952
0.4000000000 0.1026633576
0.4010000000 0.1060314647
0.4020000000 0.1093924081
0.4030000000 0.1125354129
0.4040000000 0.1157332993
0.4050000000 0.1188595114
0.4060000000 0.1218446042
0.4070000000 0.1247082391
0.4080000000 0.1276374753
0.4090000000 0.1306435434
0.4100000000 0.1333918101
0.4110000000 0.1361641131
0.4120000000 0.1390060957
0.4130000000 0.1416779489
0.4140000000 0.1443681042
0.4150000000 0.1470795721
0.4160000000 0.1498662348
0.4170000000 0.1526130312
0.4180000000 0.1552636124
0.4190000000 0.1580555988
0.4200000000 0.1610294034
0.4210000000 0.1644003995
0.4220000000 0.1677250651
0.4230000000 0.1697639135
0.4240000000 0.1717679360
0.4250000000 0.1737146798
0.4260000000 0.1757055244
0.4270000000 0.1776843812
0.4280000000 0.1796548551
0.4290000000 0.1815696427
0.4300000000 0.1835343117
0.4310000000 0.1854922910
0.4320000000 0.1874080302
0.4330000000 0.1893769117
0.4340000000 0.1913423091
0.4350000000 0.1932751581
0.4360000000 0.1952640087
0.4370000000 0.1972536322
0.4380000000 0.1992215978
0.4390000000 0.2012466504
0.4400000000 0.2032810185
0.4410000000 0.2052998858
0.4420000000 0.2073791396
0.4430000000 0.2094724373
0.4440000000 0.2115575380
0.4450000000 0.2137079498
0.4460000000 0.2158765597
0.4470000000 0.2180450645
0.4480000000 0.2202808311
0.4490000000 0.2225425518
0.4500000000 0.2248101336
0.4510000000 0.2271414234
0.4520000000 0.2294862940
0.4530000000 0.2319033817
0.4540000000 0.2343540488
0.4550000000 0.2368272261
0.4560000000 0.2393753618
0.4570000000 0.2419657857
0.4580000000 0.2445852653
0.4590000000 0.2472759494
0.4600000000 0.2500048407
0.4610000000 0.2528156038
0.4620000000 0.2556768287
0.4630000000 0.2585859098
0.4640000000 0.2615733081
0.4650000000 0.2646147269
0.4660000000 0.2677458457
0.4670000000 0.2709402118
0.4680000000 0.2742010319
0.4690000000 0.2775484515
0.4700000000 0.2809691871
0.4710000000 0.2844882648
0.4720000000 0.2880761202
0.4730000000 0.2917735958
0.4740000000 0.2955558405
0.4750000000 0.2994359278
0.4760000000 0.3034180346
0.4770000000 0.3075066398
0.4780000000 0.3117103123
0.4790000000 0.3160189421
0.4800000000 0.3204562087
0.4810000000 0.3250064855
0.4820000000 0.3296945910
0.4830000000 0.3345058692
0.4840000000 0.3394689121
0.4850000000 0.3445631285
0.4860000000 0.3498217370
0.4870000000 0.3552221415
0.4880000000 0.3608037136
0.4890000000 0.3665428614
0.4900000000 0.3724668507
0.4910000000 0.3785663803
0.4920000000 0.3848699017
0.4930000000 0.3913629805
0.4940000000 0.3980551207
0.4950000000 0.4050004497
0.4960000000 0.4121411297
0.4970000000 0.4195929179
0.4980000000 0.4272573074
0.4990000000 0.4352314589
0.5000000000 0.4434359921
0.5010000000 0.4519812801
0.5020000000 0.4607790094
0.5030000000 0.4699499280
0.5040000000 0.4793999526
0.5050000000 0.4892644330
0.5060000000 0.4994361775
0.5070000000 0.5100625031
0.5080000000 0.5210293891
0.5090000000 0.5325024763
0.5100000000 0.5443502999
0.5110000000 0.5567578653
0.5120000000 0.5695876974
0.5130000000 0.5830429146
0.5140000000 0.5969626088
0.5150000000 0.6115845318
0.5160000000 0.6267251585
0.5170000000 0.6426518260
0.5180000000 0.6591646874
0.5190000000 0.6765593574
0.5200000000 0.6946130897
0.5210000000 0.7136635827
0.5220000000 0.7334623188
0.5230000000 0.7543837285
0.5240000000 0.7763336660
0.5250000000 0.7992200963
0.5260000000 0.8234400731
0.5270000000 0.8487456290
0.5280000000 0.8755735779
0.5290000000 0.9036440362
0.5300000000 0.9334835171
0.5310000000 0.9647470213
0.5320000000 0.9980527530
0.5330000000 1.0330223703
0.5340000000 1.0703664658
0.5350000000 1.1096591806
0.5360000000 1.1517344463
0.5370000000 1.1964605335
0.5380000000 1.2437380589
0.5390000000 1.2945333637
0.5400000000 1.3483715184
0.5410000000 1.4063837175
0.5420000000 1.4680680985
0.5430000000 1.5347537023
0.5440000000 1.6059188009
0.5450000000 1.6831268640
0.5460000000 1.7664278124
0.5470000000 1.8559041969
0.5480000000 1.9535304613
0.5490000000 2.0588693601
0.5500000000 2.1743336967
0.5510000000 2.2994997914
0.5520000000 2.4375237934
0.5530000000 2.5890251680
0.5540000000 2.7548201598
0.5550000000 2.9392104248
0.5560000000 3.1423635232
0.5570000000 3.3699435351
0.5580000000 3.6243296881
0.5590000000 3.9082871245
0.5600000000 4.2304106338
0.5610000000 4.5937417824
0.5620000000 5.0102830956
0.5630000000 5.4855857758
0.5640000000 6.0376967043
0.5650000000 6.6802334110
0.5660000000 7.4307289113
0.5670000000 8.3234481661
0.5680000000 9.3867308533
0.5690000000 10.6791455811
0.5700000000 12.2638305327
0.5710000000 14.2286903883
0.5720000000 16.7250732702
0.5730000000 19.9377408857
0.5740000000 24.1990768755
0.5750000000 29.9933591437
0.5760000000 38.1161661446
0.5770000000 50.0435268351
0.5780000000 68.4219998839
0.5790000000 98.5025034656
0.5800000000 151.7710007971
0.5810000000 253.1214517234
0.5820000000 445.7887916650
0.5830000000 673.7522963007
0.5840000000 593.5293334547
0.5850000000 349.5719594710
0.5860000000 199.0814856503
0.5870000000 122.1183227682
0.5880000000 80.8455504304
0.5890000000 56.8744756654
0.5900000000 41.9487294162
0.5910000000 32.1019716563
0.5920000000 25.2844028226
0.5930000000 20.3963769379
0.5940000000 16.7770016942
0.5950000000 14.0177825333
0.5960000000 11.8802791562
0.5970000000 10.1823427294
0.5980000000 8.8206057442
0.5990000000 7.7093772102
0.6000000000 6.7872847188
0.6010000000 6.0201912150
0.6020000000 5.3732046588
0.6030000000 4.8195243436
0.6040000000 4.3471411666
0.6050000000 3.9392268967
0.6060000000 3.5817578832
0.6070000000 3.2714890022
0.6080000000 2.9985200778
0.6090000000 2.7550695773
0.6100000000 2.5408234246
0.6110000000 2.3478914950
0.6120000000 2.1766595488
0.6130000000 2.0228444718
0.6140000000 1.8825901468
0.6150000000 1.7569520507
0.6160000000 1.6429572613
0.6170000000 1.5379281819
0.6180000000 1.4431744594
0.6190000000 1.3564813470
0.6200000000 1.2758854466
0.6210000000 1.2027357148
0.6220000000 1.1353883738
0.6230000000 1.0722392205
0.6240000000 1.0146661700
0.6250000000 0.9613429424
0.6260000000 0.9109999590
0.6270000000 0.8649229846
0.6280000000 0.8220369336
0.6290000000 0.7812698246
0.6300000000 0.7438649495
0.6310000000 0.7088829442
0.6320000000 0.6754365376
0.6330000000 0.6446768881
0.6340000000 0.6158062521
0.6350000000 0.5880248751
0.6360000000 0.5624301848
0.6370000000 0.5383489747
0.6380000000 0.5156030735
0.6390000000 0.4935295555
0.6400000000 0.4732393211
0.6410000000 0.4540170482
0.6420000000 0.4353067932
0.6430000000 0.4180102380
0.6440000000 0.4016254404
0.6450000000 0.3856004261
0.6460000000 0.3707826845
0.6470000000 0.3567031934
0.6480000000 0.3428715190
0.6490000000 0.3300739213
0.6500000000 0.3179094138
0.6510000000 0.3062911003
0.6520000000 0.2947595007
0.6530000000 0.2841727786
0.6540000000 0.2740256504
0.6550000000 0.2639632438
0.6560000000 0.2546479709
0.6570000000 0.2457463691
0.6580000000 0.2368730406
0.6590000000 0.2286712552
0.6600000000 0.2208162711
0.6610000000 0.2132707175
0.6620000000 0.2056748516
0.6630000000 0.1987129280
0.6640000000 0.1920015908
0.6650000000 0.1852536448
0.6660000000 0.1790168860
0.6670000000 0.1730243706
0.6680000000 0.1669782857
0.6690000000 0.1613885399
0.6700000000 0.1560226649
0.6710000000 0.1508378772
0.6720000000 0.1455654982
0.6730000000 0.1407035888
0.6740000000 0.1360181739
0.6750000000 0.1312403102
0.6760000000 0.1268390258
0.6770000000 0.1226023638
0.6780000000 0.1184899783
0.6790000000 0.1142784126
0.6800000000 0.1103936026
0.6810000000 0.1066453323
0.6820000000 0.1030152412
0.6830000000 0.0992352922
0.6840000000 0.0958158666
0.6850000000 0.0924793669
0.6860000000 0.0890297735
0.6870000000 0.0858627373
0.6880000000 0.0827991267
0.6890000000 0.0798140742
0.6900000000 0.0767066499
0.6910000000 0.0738544839
0.6920000000 0.0710914282
0.6930000000 0.0683997119
0.6940000000 0.0655574838
0.6950000000 0.0629961848
0.6960000000 0.0604842857
0.6970000000 0.0578571814
0.6980000000 0.0554393853
0.6990000000 0.0531037485
0.7000000000 0.0508073012
0.7010000000 0.0483925637
0.7020000000 0.0461781292
0.7030000000 0.0440227061
0.7040000000 0.0419085393
0.7050000000 0.0396720500
0.7060000000 0.0376198063
0.7070000000 0.0356227125
0.7080000000 0.0336593662
0.7090000000 0.0315751860
0.7100000000 0.0296536018
0.7110000000 0.0277881312
0.7120000000 0.0259478313
0.7130000000 0.0239869745
0.7140000000 0.0221806179
0.7150000000 0.0204143827
0.7160000000 0.0186813813
0.7170000000 0.0168223769
0.7180000000 0.0151079596
0.7190000000 0.0134246617
0.7200000000 0.0117670389
0.7210000000 0.0099905902
0.7220000000 0.0083459270
0.7230000000 0.0069102986
0.7240000000 0.0060106787
0.7250000000 0.0052929397
0.7260000000 0.0046176381
0.7270000000 0.0041959082
0.7280000000 0.0040242044
0.7290000000 0.0035868606
0.7300000000 0.0035635822
0.7310000000 0.0029160106
0.7320000000 0.0035827300
0.7330000000 0.0032214053
0.7340000000 0.0032021935
0.7350000000 0.0036169959
0.7360000000 0.0046349024
0.7370000000 0.0024188112
0.7380000000 0.0044109954
0.7390000000 0.0021611291
0.7400000000 0.0061710156
0.7410000000 0.0035680820
0.7420000000 0.0125424765
0.7430000000 0.0101932573
0.7440000000 0.0076506870
0.7450000000 0.0049438769
0.7460000000 0.0017738400
0.7470000000 0.4916403086
0.7480000000 0.4833849498
0.7490000000 0.4740884465
0.7500000000 0.4624190134
0.7510000000 0.4506991653
0.7520000000 0.4382486346
0.7530000000 0.4245852248
0.7540000000 0.4066973458
0.7550000000 0.3904749073
0.7560000000 0.3719907492
0.7570000000 0.3523986826
0.7580000000 0.3318110966
0.7590000000 0.3086914184
0.7600000000 0.2855831317
0.7610000000 0.2617831211
0.7620000000 0.2357325922
0.7630000000 0.2081884061
0.7640000000 0.1796560887
0.7650000000 0.1505979919
0.7660000000 0.1202223906
0.7670000000 0.0889045217
0.7680000000 0.0548888524
0.7690000000 0.0204551579
0.7700000000 0.0001654236
0.7710000000 0.0001919685
0.7720000000 0.0001636639
0.7730000000 0.0001989997
0.7740000000 0.0001959414
0.7750000000 0.0001431072
0.7760000000 0.0001537049
0.7770000000 0.0001642585
0.7780000000 0.0001839536
0.7790000000 0.0001608092
0.7800000000 0.0001442029
0.7810000000 0.0001989354
0.7820000000 0.0001937616
0.7830000000 0.0001965960
0.7840000000 0.0002181683
0.7850000000 0.0001785327
0.7860000000 0.0002154226
0.7870000000 0.0001839517
0.7880000000 0.0002540230
0.7890000000 0.0002588887
0.7900000000 0.0002745616
0.7910000000 0.0003008914
0.7920000000 0.0003368338
0.7930000000 0.0003063377
0.7940000000 0.0003926940
0.7950000000 0.0003946561
0.7960000000 0.0004085477
0.7970000000 0.0004370117
0.7980000000 0.0005075249
0.7990000000 0.0006094728
0.8000000000 0.0007523179
0.8010000000 0.0007742925
0.8020000000 0.0008133035
0.8030000000 0.0009195855
0.8040000000 0.0010802368
0.8050000000 0.0013093523
0.8060000000 0.0016220756
0.8070000000 0.0017467884
0.8080000000 0.0019925380
0.8090000000 0.0023513978
0.8100000000 0.0028820438
0.8110000000 0.0036239868
0.8120000000 0.0041373921
0.8130000000 0.0049589578
0.8140000000 0.0061302740
0.8150000000 0.0070813937
0.8160000000 0.0092599889
0.8170000000 0.0113432704
0.8180000000 0.0133581010
0.8190000000 0.0176147973
0.8200000000 0.0222179191
0.8210000000 0.0288585563
0.8220000000 0.0385235324
0.8230000000 0.0503444413
0.8240000000 0.0680194390
0.8250000000 0.0905586587
0.8260000000 0.4769997430
0.8270000000 0.2056301170
0.8280000000 0.2946196621
0.8290000000 0.4041059860
0.8300000000 0.6118966048
0.8310000000 0.9482104592
0.8320000000 1.4555874324
0.8330000000 2.1133055768
0.8340000000 2.6163943954
0.8350000000 2.4000462950
0.8360000000 1.6440900119
0.8370000000 0.9093466394
0.8380000000 0.4623304090
0.8390000000 0.1377451646
0.8400000000 0.0305308748
0.8410000000 0.0026874546
0.8430000000 0.0006821462
0.8440000000 0.3148426872
0.8450000000 4.4397613270
0.8460000000 10.2053008979
0.8470000000 14.7149158193
0.8480000000 15.4428687835
0.8490000000 12.7441606115
0.8500000000 8.8766614058
0.8510000000 5.5391379437
0.8520000000 3.2026554040
0.8530000000 1.7579342483
0.8540000000 0.8622028230
0.8550000000 0.3381904323
0.8560000000 0.0398790363
0.8570000000 0.0177052355
0.8580000000 0.0003330411
0.8590000000 0.0000327230
0.8670000000 0.0604451685
0.8680000000 0.3692822790
0.8690000000 0.6571824533
0.8700000000 0.0007105751
0.8710000000 0.0089563033
0.8720000000 0.0012855594
0.8730000000 0.0025252474
0.8740000000 0.0001631830
0.8750000000 0.0022982815
0.8760000000 0.0012159648
0.8770000000 0.0009299086
0.8780000000 0.0007636108
0.8790000000 0.0007394660
0.8800000000 0.0041907059
0.8810000000 0.0096036552
0.8820000000 0.0156866869
0.8830000000 0.0201396848
0.8840000000 0.0242909418
0.8850000000 0.0281118359
0.8860000000 0.0316293633
0.8870000000 0.0348850020
0.8880000000 0.0386767070
0.8890000000 0.0413811181
0.8900000000 0.0439175856
0.8910000000 0.0462737635
0.8920000000 0.0484617322
0.8930000000 0.0504933896
0.8940000000 0.0529710537
0.8950000000 0.0546822580
0.8960000000 0.0563008985
0.8970000000 0.0578180245
0.8980000000 0.0592326743
0.8990000000 0.0605551130
0.9000000000 0.0622567948
0.9010000000 0.0633864618
0.9020000000 0.0644654559
0.9030000000 0.0654842394
0.9040000000 0.0664417824
0.9050000000 0.0673474680
0.9060000000 0.0685717943
0.9070000000 0.0693535786
0.9080000000 0.0701099058
0.9090000000 0.0708318072
0.9100000000 0.0715161888
0.9110000000 0.0721696535
0.9120000000 0.0730951204
0.9130000000 0.0736805389
0.9140000000 0.0742347985
0.9150000000 0.0747748215
0.9160000000 0.0752969438
0.9170000000 0.0757999406
0.9180000000 0.0762858643
0.9190000000 0.0770017542
0.9200000000 0.0774425222
0.9210000000 0.0778788055
0.9220000000 0.0783058010
0.9230000000 0.0787226152
0.9240000000 0.0791297040
0.9250000000 0.0797388979
0.9260000000 0.0801181183
0.9270000000 0.0804983513
0.9280000000 0.0808751211
0.9290000000 0.0812467525
0.9300000000 0.0816135324
0.9310000000 0.0819773650
0.9320000000 0.0825167451
0.9330000000 0.0828675708
0.9340000000 0.0832213957
0.9350000000 0.0835760190
0.9360000000 0.0839286147
0.9370000000 0.0842825678
0.9380000000 0.0846368780
0.9390000000 0.0851431133
0.9400000000 0.0854923505
0.9410000000 0.0858471811
0.9420000000 0.0862044947
0.9430000000 0.0865631484
0.9440000000 0.0869243207
0.9450000000 0.0874237785
0.9460000000 0.0877850002
0.9470000000 0.0881523016
0.9480000000 0.0885227404
0.9490000000 0.0888971203
0.9500000000 0.0892744886
0.9510000000 0.0896552596
0.9520000000 0.0901581292
0.9530000000 0.0905414875
0.9540000000 0.0909293527
0.9550000000 0.0913210479
0.9560000000 0.0917163100
0.9570000000 0.0921138586
0.9580000000 0.0925132360
0.9590000000 0.0930199042
0.9600000000 0.0934193208
0.9610000000 0.0938210237
0.9620000000 0.0942227881
0.9630000000 0.0946237295
0.9640000000 0.0950221534
0.9650000000 0.0954173595
0.9660000000 0.0959014653
0.9670000000 0.0962822363
0.9680000000 0.0966550925
0.9690000000 0.0970170832
0.9700000000 0.0973651327
0.9710000000 0.0976957661
0.9720000000 0.0980052466
0.9730000000 0.0983723405
0.9740000000 0.0986232574
0.9750000000 0.0988355332
0.9760000000 0.0990085828
0.9770000000 0.0991418482
0.9780000000 0.0992336711
0.9790000000 0.0992847378
0.9800000000 0.0993016021
0.9810000000 0.0993725892
0.9820000000 0.0993732893
0.9830000000 0.0994646184
0.9840000000 0.0997612540
0.9850000000 0.1004905654
0.9860000000 0.1020463943
0.9870000000 0.1051341051
0.9880000000 0.1109874144
0.9890000000 0.1214195376
0.9900000000 0.1388076888
0.9910000000 0.1629668255
0.9920000000 0.1897224030
0.9930000000 0.2099143587
0.9940000000 0.2152621248
0.9950000000 0.2060530817
0.9960000000 0.1896079272
0.9970000000 0.1734312981
0.9980000000 0.1607844482
0.9990000000 0.1522001197
1.0000000000 0.1469104858
1.0010000000 0.1439719905
1.0020000000 0.1426186517
1.0030000000 0.1423639165
1.0040000000 0.1428096729
1.0050000000 0.1436632579
1.0060000000 0.1448424285
1.0070000000 0.1462558478
1.0080000000 0.1478462012
1.0090000000 0.1495768931
1.0100000000 0.1514263372
1.0110000000 0.1534244382
1.0120000000 0.1555071986
1.0130000000 0.1576573944
1.0140000000 0.1599064886
1.0150000000 0.1622580826
1.0160000000 0.1647178690
1.0170000000 0.1672921938
1.0180000000 0.1699910424
1.0190000000 0.1728610468
1.0200000000 0.1758638383
1.0210000000 0.1790102471
1.0220000000 0.1823399129
1.0230000000 0.1858754094
1.0240000000 0.1896435754
1.0250000000 0.1936748228
1.0260000000 0.1980091453
1.0270000000 0.2027219180
1.0280000000 0.2078295640
1.0290000000 0.2133979873
1.0300000000 0.2195346211
1.0310000000 0.2263523609
1.0320000000 0.2339950089
1.0330000000 0.2426462699
1.0340000000 0.2525456400
1.0350000000 0.2640269266
1.0360000000 0.2774679001
1.0370000000 0.2933942730
1.0380000000 0.3125162576
1.0390000000 0.3357115580
1.0400000000 0.3640292706
1.0410000000 0.3985584219
1.0420000000 0.4400211296
1.0430000000 0.4878250026
1.0440000000 0.5383724610
1.0450000000 0.5833806752
1.0460000000 0.6109537289
1.0470000000 0.6118297985
1.0480000000 0.5868549275
1.0490000000 0.5463946721
1.0500000000 0.5024185435
1.0510000000 0.4626049956
1.0520000000 0.4300632878
1.0530000000 0.4049665608
1.0540000000 0.3863121858
1.0550000000 0.3729122111
1.0560000000 0.3636665573
1.0570000000 0.3576802840
1.0580000000 0.3542633738
1.0590000000 0.3528927428
1.0600000000 0.3531200395
1.0610000000 0.3547989810
1.0620000000 0.3576031040
1.0630000000 0.3613953511
1.0640000000 0.3660550728
1.0650000000 0.3714940782
1.0660000000 0.3776440548
1.0670000000 0.3844585568
1.0680000000 0.3918152834
1.0690000000 0.3998703776
1.0700000000 0.4085556575
1.0710000000 0.4178057217
1.0720000000 0.4276548717
1.0730000000 0.4381107559
1.0740000000 0.4491905625
1.0750000000 0.4609112841
1.0760000000 0.4732963548
1.0770000000 0.4862298621
1.0780000000 0.5000274152
1.0790000000 0.5146271729
1.0800000000 0.5299954182
1.0810000000 0.5462151049
1.0820000000 0.5633400059
1.0830000000 0.5814267992
1.0840000000 0.6005399241
1.0850000000 0.6223086918
1.0860000000 0.6451818381
1.0870000000 0.6697767915
1.0880000000 0.6958816300
1.0890000000 0.7236720352
1.0900000000 0.7532899657
1.0910000000 0.7848920681
1.0920000000 0.8186632446
1.0930000000 0.8547939137
1.0940000000 0.8935034666
1.0950000000 0.9346250692
1.0960000000 0.9793134650
1.0970000000 1.0273414828
1.0980000000 1.0791347022
1.0990000000 1.1350962713
1.1000000000 1.1956816360
1.1010000000 1.2614046138
1.1020000000 1.3328575113
1.1030000000 1.4099997603
1.1040000000 1.4950105015
1.1050000000 1.5882400512
1.1060000000 1.6905040823
1.1070000000 1.8031520914
1.1080000000 1.9276116662
1.1090000000 2.0656035730
1.1100000000 2.2190999183
1.1110000000 2.3905492826
1.1120000000 2.5812729183
1.1130000000 2.7978353265
1.1140000000 3.0426101970
1.1150000000 3.3209335879
1.1160000000 3.6391191145
1.1170000000 4.0049899960
1.1180000000 4.4283420851
1.1190000000 4.9215496710
1.1200000000 5.5003821327
1.1210000000 6.1811388149
1.1220000000 6.9981571555
1.1230000000 7.9815527527
1.1240000000 9.1778535224
1.1250000000 10.6484566375
1.1260000000 12.4763099090
1.1270000000 14.7735980978
1.1280000000 17.6908603895
1.1290000000 21.4261503223
1.1300000000 26.2144610172
1.1310000000 32.3442960183
1.1320000000 39.9802895199
1.1330000000 48.9254744640
1.1340000000 58.1322345351
1.1350000000 65.3335314659
1.1360000000 67.7684249209
1.1370000000 64.2779434536
1.1380000000 56.4504783674
1.1390000000 47.0975542002
1.1400000000 38.3078399160
1.1410000000 30.9009747861
1.1420000000 25.0047925480
1.1430000000 20.4070192392
1.1440000000 16.8356919541
1.1450000000 14.0488267361
1.1460000000 11.8546620619
1.1470000000 10.1086542870
1.1480000000 8.7035902985
1.1490000000 7.5573406026
1.1500000000 6.6175105891
1.1510000000 5.8370272382
1.1520000000 5.1829246498
1.1530000000 4.6300264898
1.1540000000 4.1589613135
1.1550000000 3.7547081897
1.1560000000 3.4054525968
1.1570000000 3.1018049082
1.1580000000 2.8362894282
1.1590000000 2.6011321849
1.1600000000 2.3950878322
1.1610000000 2.2121544879
1.1620000000 2.0490975950
1.1630000000 1.9031613568
1.1640000000 1.7720725073
1.1650000000 1.6538962146
1.1660000000 1.5470160966
1.1670000000 1.4500521640
1.1680000000 1.3618228199
1.1690000000 1.2802709758
1.1700000000 1.2067099584
1.1710000000 1.1392205617
1.1720000000 1.0771847676
1.1730000000 1.0200374037
1.1740000000 0.9672889657
1.1750000000 0.9184990258
1.1760000000 0.8732927143
1.1770000000 0.8313305213
1.1780000000 0.7915792401
1.1790000000 0.7552663261
1.1800000000 0.7214172226
1.1810000000 0.6897816871
1.1820000000 0.6601894040
1.1830000000 0.6324748792
1.1840000000 0.6064869120
1.1850000000 0.5820938021
1.1860000000 0.5591752527
1.1870000000 0.5376175986
1.1880000000 0.5173209301
1.1890000000 0.4976895207
1.1900000000 0.4796891910
1.1910000000 0.4626958023
1.1920000000 0.4466563883
1.1930000000 0.4315146571
1.1940000000 0.4172157654
1.1950000000 0.4037139429
1.1960000000 0.3909716599
1.1970000000 0.3789499232
1.1980000000 0.3676184054
1.1990000000 0.3565654113
1.2000000000 0.3465658918
1.2010000000 0.3371928426
1.2020000000 0.3284481379
1.2030000000 0.3203340022
1.2040000000 0.3128608802
1.2050000000 0.3060518288
1.2060000000 0.2999455080
1.2070000000 0.2945966865
1.2080000000 0.2900831913
1.2090000000 0.2862182300
1.2100000000 0.2837634011
1.2110000000 0.2826296066
1.2120000000 0.2831177616
1.2130000000 0.2856613741
1.2140000000 0.2908758740
1.2150000000 0.2996564327
1.2160000000 0.3133193078
1.2170000000 0.3338048288
1.2180000000 0.3639553708
1.2190000000 0.4077633859
1.2200000000 0.4699426494
1.2210000000 0.5542622553
1.2220000000 0.6546224923
1.2230000000 0.7422351559
1.2240000000 0.7684973940
1.2250000000 0.7128190387
1.2260000000 0.6103693995
1.2270000000 0.5062462052
1.2280000000 0.4208662455
1.2290000000 0.3562019681
1.2300000000 0.3081434063
1.2310000000 0.2719031300
1.2320000000 0.2444249546
1.2330000000 0.2229741898
1.2340000000 0.2058389174
1.2350000000 0.1918446794
1.2360000000 0.1801814184
1.2370000000 0.1702784731
1.2380000000 0.1617295584
1.2390000000 0.1542406335
1.2400000000 0.1475919495
1.2410000000 0.1416217087
1.2420000000 0.1359729419
1.2430000000 0.1310139253
1.2440000000 0.1264334455
1.2450000000 0.1221765340
1.2460000000 0.1181933342
1.2470000000 0.1144444224
1.2480000000 0.1108994054
1.2490000000 0.1075292100
1.2500000000 0.1043142117
1.2510000000 0.1012353373
1.2520000000 0.0982768118
1.2530000000 0.0952169795
1.2540000000 0.0924597825
1.2550000000 0.0897822933
1.2560000000 0.0871811592
1.2570000000 0.0846465975
1.2580000000 0.0821688757
1.2590000000 0.0797431802
1.2600000000 0.0773606327
1.2610000000 0.0750167450
1.2620000000 0.0727059734
1.2630000000 0.0704234663
1.2640000000 0.0681622095
1.2650000000 0.0657290183
1.2660000000 0.0634932531
1.2670000000 0.0612681350
1.2680000000 0.0590451199
1.2690000000 0.0568184567
1.2700000000 0.0545842234
1.2710000000 0.0523341122
1.2720000000 0.0500626515
1.2730000000 0.0477666263
1.2740000000 0.0454389097
1.2750000000 0.0430717300
1.2760000000 0.0406571973
1.2770000000 0.0380058330
1.2780000000 0.0354682569
1.2790000000 0.0328622380
1.2800000000 0.0301741400
1.2810000000 0.0273933351
1.2820000000 0.0245047008
1.2830000000 0.0214967146
1.2840000000 0.0188030770
1.2850000000 0.0165380176
1.2860000000 0.0148715190
1.2870000000 0.0134220415
1.2880000000 0.0121271249
1.2890000000 0.0107878135
1.2900000000 0.0097012330
1.2910000000 0.0087060138
1.2920000000 0.0077821361
1.2930000000 0.0074013849
1.2940000000 0.0066139113
1.2950000000 0.0059025806
1.2960000000 0.0052761850
1.2970000000 0.0047527731
1.2980000000 0.0043502226
1.2990000000 0.0040984071
1.3000000000 0.0036745178
1.3010000000 0.0034283656
1.3020000000 0.0033500406
1.3030000000 0.0032413038
1.3040000000 0.0032344817
1.3050000000 0.0037860745
1.3060000000 0.0054754781
1.3070000000 0.0342321051
1.3080000000 0.1037163785
1.3090000000 0.1934537124
1.3100000000 0.2943007963
1.3110000000 0.3877271611
1.3120000000 0.4511727420
1.3130000000 0.4689859502
1.3140000000 0.4426227826
1.3150000000 0.3860545836
1.3160000000 0.3176817625
1.3170000000 0.2516060752
1.3180000000 0.1950826110
1.3190000000 0.1501837206
1.3200000000 0.1160448558
1.3210000000 0.0907747200
1.3220000000 0.0722568757
1.3230000000 0.0587320492
1.3240000000 0.0488211313
1.3250000000 0.0414755146
1.3260000000 0.0357411590
1.3270000000 0.0314871761
1.3280000000 0.0281422224
1.3290000000 0.0253870029
1.3300000000 0.0230533454
1.3310000000 0.0210058942
1.3320000000 0.0191375965
1.3330000000 0.0173719388
1.3340000000 0.0156561390
1.3350000000 0.0140282102
1.3360000000 0.0124412622
1.3370000000 0.0108718672
1.3380000000 0.0093215988
1.3390000000 0.0075530762
1.3400000000 0.0060548441
1.3410000000 0.0046174094
1.3420000000 0.0032589788
1.3430000000 0.0020613648
1.3440000000 0.0011996870
1.3450000000 0.0011996870
1.3460000000 0.0011996870
1.3470000000 0.0011996870
1.3480000000 0.0011996870
1.3490000000 0.0011996870
1.3500000000 0.0011996870
1.3510000000 0.0011996870
1.3520000000 0.0011996870
1.3530000000 0.0011996870
1.3540000000 0.0011996870
1.3550000000 0.0011996870
1.3560000000 0.0011996870
1.3570000000 0.0011996870
1.3580000000 0.0011996870
1.3590000000 0.0011996870
1.3600000000 0.0011996870
1.3610000000 0.0011996870
1.3620000000 0.0011996870
1.3630000000 0.0011996870
1.3640000000 0.0011996870
1.3780000000 0.0011996870
1.3790000000 0.0543055204
1.3800000000 0.3080610038
1.3810000000 0.6098976893
1.3820000000 0.9091126929
1.3830000000 1.1413968973
1.3840000000 1.2588160465
1.3850000000 1.2535957765
1.3860000000 1.1552086969
1.3870000000 1.0078925022
1.3880000000 0.8491249770
1.3890000000 0.7021139703
1.3900000000 0.5769325454
1.3910000000 0.4755258299
1.3920000000 0.3956690293
1.3930000000 0.3429152421
1.3940000000 0.2942341572
1.3950000000 0.2568415425
1.3960000000 0.2281471425
1.3970000000 0.2061035447
1.3980000000 0.1891867437
1.3990000000 0.1761825052
1.4000000000 0.1662236475
1.4010000000 0.1586595888
1.4020000000 0.1529773794
1.4030000000 0.1488075695
1.4040000000 0.1458738629
1.4050000000 0.1439680576
1.4060000000 0.1429413990
1.4070000000 0.1426815871
1.4080000000 0.1447569381
1.4090000000 0.1456951620
1.4100000000 0.1472826880
1.4110000000 0.1495103450
1.4120000000 0.1523982660
1.4130000000 0.1559870404
1.4140000000 0.1603348824
1.4150000000 0.1655290415
1.4160000000 0.1716818606
1.4170000000 0.1789354904
1.4180000000 0.1874721352
1.4190000000 0.1975197759
1.4200000000 0.2093581755
1.4210000000 0.2233303110
1.4220000000 0.2404663954
1.4230000000 0.2599539536
1.4240000000 0.2829742537
1.4250000000 0.3100223601
1.4260000000 0.3414466037
1.4270000000 0.3771950948
1.4280000000 0.4164043303
1.4290000000 0.4568366848
1.4300000000 0.4943895065
1.4310000000 0.5231925275
1.4320000000 0.5369775808
1.4330000000 0.5316775509
1.4340000000 0.5076770872
1.4350000000 0.4697731114
1.4360000000 0.4247938641
1.4370000000 0.3791665057
1.4380000000 0.3363388791
1.4390000000 0.2985942699
1.4400000000 0.2664136999
1.4410000000 0.2395176330
1.4420000000 0.2172664112
1.4430000000 0.1989376054
1.4440000000 0.1838498380
1.4450000000 0.1714140005
1.4460000000 0.1611418862
1.4470000000 0.1526332921
1.4480000000 0.1455680324
1.4490000000 0.1396882547
1.4500000000 0.1347889833
1.4510000000 0.1307057982
1.4520000000 0.1273063074
1.4530000000 0.1246698184
1.4540000000 0.1223308087
1.4550000000 0.1204173128
1.4560000000 0.1188690343
1.4570000000 0.1176388525
1.4580000000 0.1166892249
1.4590000000 0.1159880472
1.4600000000 0.1155100613
1.4610000000 0.1152341525
1.4620000000 0.1151427593
1.4630000000 0.1152223940
1.4640000000 0.1154614564
1.4650000000 0.1158507883
1.4660000000 0.1163838173
1.4670000000 0.1170552351
1.4680000000 0.1179987293
1.4690000000 0.1189347081
1.4700000000 0.1200021053
1.4710000000 0.1212035344
1.4720000000 0.1225398885
1.4730000000 0.1240142638
1.4740000000 0.1256311252
1.4750000000 0.1273960213
1.4760000000 0.1293161703
1.4770000000 0.1313999524
1.4780000000 0.1336571720
1.4790000000 0.1361001768
1.4800000000 0.1387426969
1.4810000000 0.1416001785
1.4820000000 0.1446911528
1.4830000000 0.1480370613
1.4840000000 0.1517707083
1.4850000000 0.1557009562
1.4860000000 0.1599654641
1.4870000000 0.1646122977
1.4880000000 0.1696801074
1.4890000000 0.1752193333
1.4900000000 0.1812884235
1.4910000000 0.1879574933
1.4920000000 0.1953059695
1.4930000000 0.2034288998
1.4940000000 0.2124406547
1.4950000000 0.2224738303
1.4960000000 0.2336854888
1.4970000000 0.2462661997
1.4980000000 0.2604400843
1.4990000000 0.2764751224
1.5000000000 0.2946952598
1.5010000000 0.3164502288
1.5020000000 0.3413218988
1.5030000000 0.3700768139
1.5040000000 0.4033614107
1.5050000000 0.4419452366
1.5060000000 0.4866340951
1.5070000000 0.5381743810
1.5080000000 0.5970608969
1.5090000000 0.6632008353
1.5100000000 0.7354119921
1.5110000000 0.8107040244
1.5120000000 0.8836914379
1.5130000000 0.9464937379
1.5140000000 0.9899015153
1.5150000000 1.0060069157
1.5160000000 0.9913774370
1.5170000000 0.9486725856
1.5180000000 0.8856308204
1.5190000000 0.8121143579
1.5200000000 0.7358774049
1.5210000000 0.6632237390
1.5220000000 0.5974491914
1.5230000000 0.5398417799
1.5240000000 0.4904508705
1.5250000000 0.4486675994
1.5260000000 0.4136136481
1.5270000000 0.3843595927
1.5280000000 0.3600349830
1.5290000000 0.3398681082
1.5300000000 0.3232038335
1.5310000000 0.3094932185
1.5320000000 0.2982828371
1.5330000000 0.2891922159
1.5340000000 0.2819307789
1.5350000000 0.2762468414
1.5360000000 0.2719229496
1.5370000000 0.2688010521
1.5380000000 0.2667448121
1.5390000000 0.2656440873
1.5400000000 0.2654094249
1.5410000000 0.2659678013
1.5420000000 0.2672618524
1.5430000000 0.2692464846
1.5440000000 0.2718859254
1.5450000000 0.2751550289
1.5460000000 0.2790367102
1.5470000000 0.2835193258
1.5480000000 0.2885996211
1.5490000000 0.2942795163
1.5500000000 0.3005490981
1.5510000000 0.3074560999
1.5520000000 0.3149955185
1.5530000000 0.3232071175
1.5540000000 0.3321132724
1.5550000000 0.3417502044
1.5560000000 0.3521605621
1.5570000000 0.3633934332
1.5580000000 0.3755054089
1.5590000000 0.3885608936
1.5600000000 0.4026335487
1.5610000000 0.4178072436
1.5620000000 0.4341772334
1.5630000000 0.4518515385
1.5640000000 0.4709526068
1.5650000000 0.4916198303
1.5660000000 0.5140112718
1.5670000000 0.5383086674
1.5680000000 0.5646388384
1.5690000000 0.5933769377
1.5700000000 0.6247489887
1.5710000000 0.6590544830
1.5720000000 0.6966531545
1.5730000000 0.7379635614
1.5740000000 0.7834699063
1.5750000000 0.8337348198
1.5760000000 0.8894197956
1.5770000000 0.9512939149
1.5780000000 1.0202594784
1.5790000000 1.0973764251
1.5800000000 1.1838901642
1.5810000000 1.2812668195
1.5820000000 1.3912241403
1.5830000000 1.5157686773
1.5840000000 1.6572322685
1.5850000000 1.8182876920
1.5860000000 2.0016824150
1.5870000000 2.2111433073
1.5880000000 2.4499607377
1.5890000000 2.7212560486
1.5900000000 3.0274395605
1.5910000000 3.3692004922
1.5920000000 3.7440975839
1.5930000000 4.1447484742
1.5940000000 4.5568641616
1.5950000000 4.9579402107
1.5960000000 5.3179813060
1.5970000000 5.6035002772
1.5980000000 5.7851008878
1.5990000000 5.8461948139
1.6000000000 5.7888166481
1.6010000000 5.6346580610
1.6020000000 5.4150173117
1.6030000000 5.1633877287
1.6040000000 4.9101136952
1.6050000000 4.6765119752
1.6060000000 4.4782168284
1.6070000000 4.3241674377
1.6080000000 4.2179366178
1.6090000000 4.1594974420
1.6100000000 4.1455746886
1.6110000000 4.1695910555
1.6120000000 4.2211112133
1.6130000000 4.2852947841
1.6140000000 4.3431344140
1.6150000000 4.3732659458
1.6160000000 4.3557463657
1.6170000000 4.2771721023
1.6180000000 4.1348050546
1.6190000000 3.9372901047
1.6200000000 3.7016545575
1.6210000000 3.4479559510
1.6220000000 3.1944935097
1.6230000000 2.9557571585
1.6240000000 2.7395580300
1.6250000000 2.5509067205
1.6260000000 2.3915849601
1.6270000000 2.2613961142
1.6280000000 2.1592492394
1.6290000000 2.0837628615
1.6300000000 2.0336365067
1.6310000000 2.0079043030
1.6320000000 2.0060504133
1.6330000000 2.0280602950
1.6340000000 2.0744976771
1.6350000000 2.1464893460
1.6360000000 2.2457555593
1.6370000000 2.3745122758
1.6380000000 2.5354202940
1.6390000000 2.7313328012
1.6400000000 2.9648990139
1.6410000000 3.2377836501
1.6420000000 3.5498975513
1.6430000000 3.8963979240
1.6440000000 4.2670642761
1.6450000000 4.6428413917
1.6460000000 4.9952682263
1.6470000000 5.2878438998
1.6480000000 5.4821326385
1.6490000000 5.5476568215
1.6500000000 5.4717800783
1.6510000000 5.2642879522
1.6520000000 4.9536797524
1.6530000000 4.5775574176
1.6540000000 4.1725406755
1.6550000000 3.7678183084
1.6560000000 3.3830103899
1.6570000000 3.0291353789
1.6580000000 2.7107849465
1.6590000000 2.4283996578
1.6600000000 2.1800323407
1.6610000000 1.9625718275
1.6620000000 1.7721469858
1.6630000000 1.6059496678
1.6640000000 1.4604573921
1.6650000000 1.3328438509
1.6660000000 1.2205710938
1.6670000000 1.1214741337
1.6680000000 1.0337092907
1.6690000000 0.9557093197
1.6700000000 0.8861405281
1.6710000000 0.8238787876
1.6720000000 0.7679758620
1.6730000000 0.7176255899
1.6740000000 0.6721482810
1.6750000000 0.6309682308
1.6760000000 0.5936023084
1.6770000000 0.5596420760
1.6780000000 0.5287562120
1.6790000000 0.5006777199
1.6800000000 0.4752013514
1.6810000000 0.4521815429
1.6820000000 0.4310917015
1.6830000000 0.4127696319
1.6840000000 0.3967975042
1.6850000000 0.3832867792
1.6860000000 0.3723312515
1.6870000000 0.3640551101
1.6880000000 0.3585338895
1.6890000000 0.3557282713
1.6900000000 0.3553835893
1.6910000000 0.3569651591
1.6920000000 0.3596013620
1.6930000000 0.3621642726
1.6940000000 0.3634348913
1.6950000000 0.3623530885
1.6960000000 0.3582952794
1.6970000000 0.3511682181
1.6980000000 0.3414093444
1.6990000000 0.3297675124
1.7000000000 0.3171087307
1.7010000000 0.3038679300
1.7020000000 0.2910547767
1.7030000000 0.2790226437
1.7040000000 0.2682277735
1.7050000000 0.2586384127
1.7060000000 0.2502956396
1.7070000000 0.2431425297
1.7080000000 0.2371012378
1.7090000000 0.2320919151
1.7100000000 0.2280466488
1.7110000000 0.2249030615
1.7120000000 0.2226141771
1.7130000000 0.2211497321
1.7140000000 0.2204960581
1.7150000000 0.2206532604
1.7160000000 0.2216405608
1.7170000000 0.2234882252
1.7180000000 0.2262477494
1.7190000000 0.2299859686
1.7200000000 0.2347896767
1.7210000000 0.2407690317
1.7220000000 0.2480577915
1.7230000000 0.2568163024
1.7240000000 0.2672080829
1.7250000000 0.2795293078
1.7260000000 0.2939634381
1.7270000000 0.3109345231
1.7280000000 0.3307628991
1.7290000000 0.3538697727
1.7300000000 0.3807271282
1.7310000000 0.4118445776
1.7320000000 0.4477405690
1.7330000000 0.4888903974
1.7340000000 0.5356330513
1.7350000000 0.5880285930
1.7360000000 0.6456579384
1.7370000000 0.7073429798
1.7380000000 0.7708988092
1.7390000000 0.8329264949
1.7400000000 0.8888751837
1.7410000000 0.9335658774
1.7420000000 0.9621397178
1.7430000000 0.9712716385
1.7440000000 0.9601281439
1.7450000000 0.9307607881
1.7460000000 0.8866224403
1.7470000000 0.8328745358
1.7480000000 0.7740924888
1.7490000000 0.7142167281
1.7500000000 0.6560283134
1.7510000000 0.6012758107
1.7520000000 0.5508704708
1.7530000000 0.5051490149
1.7540000000 0.4640661592
1.7550000000 0.4273659174
1.7560000000 0.3946805265
1.7570000000 0.3655992630
1.7580000000 0.3397228909
1.7590000000 0.3166690375
1.7600000000 0.2960898230
1.7610000000 0.2776753825
1.7620000000 0.2611553095
1.7630000000 0.2462908956
1.7640000000 0.2328748899
1.7650000000 0.2207306611
1.7660000000 0.2097044087
1.7670000000 0.1995125875
1.7680000000 0.1903382144
1.7690000000 0.1819397740
1.7700000000 0.1742164256
1.7710000000 0.1671022350
1.7720000000 0.1605309032
1.7730000000 0.1544461811
1.7740000000 0.1487973143
1.7750000000 0.1435410999
1.7760000000 0.1386395195
1.7770000000 0.1340588428
1.7780000000 0.1297693160
1.7790000000 0.1257448026
1.7800000000 0.1219638872
1.7810000000 0.1184061267
1.7820000000 0.1150544327
1.7830000000 0.1118953696
1.7840000000 0.1089164415
1.7850000000 0.1061076221
1.7860000000 0.1034614238
1.7870000000 0.1009737414
1.7880000000 0.0986426508
1.7890000000 0.0964689593
1.7900000000 0.0942526105
1.7910000000 0.0923985207
1.7920000000 0.0907331992
1.7930000000 0.0892680623
1.7940000000 0.0880255101
1.7950000000 0.0870364072
1.7960000000 0.0863360741
1.7970000000 0.0859697647
1.7980000000 0.0859835418
1.7990000000 0.0864339606
1.8000000000 0.0873704779
1.8010000000 0.0889211586
1.8020000000 0.0910559429
1.8030000000 0.0937662268
1.8040000000 0.0969883384
1.8050000000 0.1005865114
1.8060000000 0.1043546905
1.8070000000 0.1080236716
1.8080000000 0.1112971414
1.8090000000 0.1138921361
1.8100000000 0.1156030833
1.8110000000 0.1163213630
1.8120000000 0.1157373545
1.8130000000 0.1146231444
1.8140000000 0.1128621919
1.8150000000 0.1105987272
1.8160000000 0.1080557428
1.8170000000 0.1053881485
1.8180000000 0.1027139374
1.8190000000 0.1001115871
1.8200000000 0.0976289618
1.8210000000 0.0952920398
1.8220000000 0.0931041190
1.8230000000 0.0910598150
1.8240000000 0.0891460151
1.8250000000 0.0873513884
1.8260000000 0.0856596817
1.8270000000 0.0840522830
1.8280000000 0.0825128173
1.8290000000 0.0810249208
1.8300000000 0.0795735541
1.8310000000 0.0781430737
1.8320000000 0.0767180210
1.8330000000 0.0752840692
1.8340000000 0.0738284551
1.8350000000 0.0714688758
1.8360000000 0.0698518432
1.8370000000 0.0681956841
1.8380000000 0.0664073125
1.8390000000 0.0645067580
1.8400000000 0.0624752027
1.8410000000 0.0602931351
1.8420000000 0.0579457632
1.8430000000 0.0554144067
1.8440000000 0.0526861775
1.8450000000 0.0497565657
1.8460000000 0.0466340295
1.8470000000 0.0433426804
1.8480000000 0.0399235963
1.8490000000 0.0364634445
1.8500000000 0.0330912353
1.8510000000 0.0299930338
1.8520000000 0.0275378065
1.8530000000 0.0260363591
1.8540000000 0.0257576143
1.8550000000 0.0271576849
1.8560000000 0.0306535000
1.8570000000 0.0368708288
1.8580000000 0.0461581427
1.8590000000 0.0552509582
1.8600000000 0.0704950086
1.8610000000 0.0875349768
1.8620000000 0.1052583738
1.8630000000 0.1224872315
1.8640000000 0.1381433691
1.8650000000 0.1514411352
1.8660000000 0.1619776461
1.8670000000 0.1697348969
1.8680000000 0.1749815545
1.8690000000 0.1781749861
1.8700000000 0.1798513461
1.8710000000 0.1805223121
1.8720000000 0.1806488160
1.8730000000 0.1805715774
1.8740000000 0.1805538951
1.8750000000 0.1807540013
1.8760000000 0.1812397762
1.8770000000 0.1820080178
1.8780000000 0.1829791980
1.8790000000 0.1840191406
1.8800000000 0.1849477759
1.8810000000 0.1855670221
1.8820000000 0.1856816224
1.8830000000 0.1851192058
1.8840000000 0.1849340005
1.8850000000 0.1826659033
1.8860000000 0.1796010895
1.8870000000 0.1758426677
1.8880000000 0.1715403970
1.8890000000 0.1668660795
1.8900000000 0.1619919511
1.8910000000 0.1570793755
1.8920000000 0.1522639079
1.8930000000 0.1476433110
1.8940000000 0.1432931991
1.8950000000 0.1392598546
1.8960000000 0.1355692669
1.8970000000 0.1322304292
1.8980000000 0.1292394783
1.8990000000 0.1265854000
1.9000000000 0.1242540224
1.9010000000 0.1222167079
1.9020000000 0.1204894280
1.9030000000 0.1190501241
1.9040000000 0.1178779156
1.9050000000 0.1169531309
1.9060000000 0.1162577117
1.9070000000 0.1157754039
1.9080000000 0.1154916716
1.9090000000 0.1156624640
1.9100000000 0.1157279287
1.9110000000 0.1159617379
1.9120000000 0.1163556166
1.9130000000 0.1169028677
1.9140000000 0.1175984729
1.9150000000 0.1184383600
1.9160000000 0.1194198829
1.9170000000 0.1205409996
1.9180000000 0.1218008563
1.9190000000 0.1231992999
1.9200000000 0.1247370926
1.9210000000 0.1264158354
1.9220000000 0.1282380387
1.9230000000 0.1302067169
1.9240000000 0.1323261037
1.9250000000 0.1346010025
1.9260000000 0.1370371772
1.9270000000 0.1396412171
1.9280000000 0.1424205844
1.9290000000 0.1453837688
1.9300000000 0.1485402330
1.9310000000 0.1519005665
1.9320000000 0.1554767089
1.9330000000 0.1594035299
1.9340000000 0.1634480542
1.9350000000 0.1677517203
1.9360000000 0.1723325395
1.9370000000 0.1772097734
1.9380000000 0.1824050180
1.9390000000 0.1879418405
1.9400000000 0.1938463472
1.9410000000 0.2001474823
1.9420000000 0.2068771477
1.9430000000 0.2140709373
1.9440000000 0.2217676010
1.9450000000 0.2300107857
1.9460000000 0.2388485991
1.9470000000 0.2483340276
1.9480000000 0.2585267754
1.9490000000 0.2694917228
1.9500000000 0.2813022409
1.9510000000 0.2940395145
1.9520000000 0.3077931944
1.9530000000 0.3226641246
1.9540000000 0.3387627260
1.9550000000 0.3562124953
1.9560000000 0.3751484317
1.9570000000 0.3957228183
1.9580000000 0.4180988377
1.9590000000 0.4425289353
1.9600000000 0.4690598607
1.9610000000 0.4979791392
1.9620000000 0.5294955358
1.9630000000 0.5638383961
1.9640000000 0.6012326825
1.9650000000 0.6418875111
1.9660000000 0.6859842953
1.9670000000 0.7336503651
1.9680000000 0.7849300465
1.9690000000 0.8397444590
1.9700000000 0.8978289359
1.9710000000 0.9586873071
1.9720000000 1.0215166797
1.9730000000 1.0851449771
1.9740000000 1.1480009226
1.9750000000 1.2080961006
1.9760000000 1.2630995247
1.9770000000 1.3104767839
1.9780000000 1.3477183527
1.9790000000 1.3726333130
1.9800000000 1.3836593625
1.9810000000 1.3801151602
1.9820000000 1.3623170840
1.9830000000 1.3315481398
1.9840000000 1.2898635809
1.9850000000 1.2398266292
1.9860000000 1.1840509201
1.9870000000 1.1251856450
1.9880000000 1.0654220852
1.9890000000 1.0066584192
1.9900000000 0.9503056305
1.9910000000 0.8973586140
1.9920000000 0.8484575615
1.9930000000 0.8039505303
1.9940000000 0.7639533086
1.9950000000 0.7284131340
1.9960000000 0.6971404832
1.9970000000 0.6698482324
1.9980000000 0.6461638517
1.9990000000 0.6256477615
2.0000000000 0.6078042166
