# Energy(eV)	P_integrated for V0 = 0.9928 eV, theta = 2.1301 mrad
0.2960000000 36.3896532014
0.2970000000 208.5321506002
0.2980000000 234.0414665980
0.2990000000 127.2354023562
0.3000000000 42.4912167200
0.3010000000 2.8551180882
0.3630000000 2.8551180882
0.3640000000 2.8551180882
0.3650000000 2.8551180882
0.3660000000 2.8551180882
0.3670000000 2.8551180882
0.3680000000 2.8551180882
0.3690000000 2.8551180882
0.3700000000 2.8551180882
0.3710000000 2.8551180882
0.3720000000 2.8551180882
0.3730000000 2.8551180882
0.3740000000 2.8551180882
0.3750000000 2.8551180882
0.3760000000 2.8551180882
0.3770000000 2.8551180882
0.3780000000 2.8551180882
0.3790000000 0.5411053730
0.3800000000 0.0069991932
0.3810000000 0.0114628440
0.3820000000 0.0157480645
0.3830000000 0.0197995606
0.3840000000 0.0237733348
0.3850000000 0.0276041186
0.3860000000 0.0312957645
0.3870000000 0.0348497738
0.3880000000 0.0382863565
0.3890000000 0.0417297547
0.3900000000 0.0448740361
0.3910000000 0.0479784737
0.3920000000 0.0509847938
0.3930000000 0.0540097616
0.3940000000 0.0568308142
0.3950000000 0.0595710172
0.3960000000 0.0622822918
0.3970000000 0.0648669092
0.3980000000 0.0673808077
0.3990000000 0.0699280263
0.4000000000 0.0723094330
0.4010000000 0.0746777235
0.4020000000 0.0770423060
0.4030000000 0.0792567574
0.4040000000 0.0815108467
0.4050000000 0.0837164199
0.4060000000 0.0858254085
0.4070000000 0.0878508315
0.4080000000 0.0899232472
0.4090000000 0.0920505496
0.4100000000 0.0939995732
0.4110000000 0.0959664184
0.4120000000 0.0979831673
0.4130000000 0.0998823136
0.4140000000 0.1017956665
0.4150000000 0.1037248360
0.4160000000 0.1057078271
0.4170000000 0.1076640929
0.4180000000 0.1095544588
0.4190000000 0.1115446884
0.4200000000 0.1136633268
0.4210000000 0.1160610601
0.4220000000 0.1184276455
0.4230000000 0.1198956665
0.4240000000 0.1213400257
0.4250000000 0.1227452795
0.4260000000 0.1241822030
0.4270000000 0.1256115345
0.4280000000 0.1270357722
0.4290000000 0.1284219572
0.4300000000 0.1298438146
0.4310000000 0.1312617778
0.4320000000 0.1326509817
0.4330000000 0.1340782097
0.4340000000 0.1355037720
0.4350000000 0.1369073920
0.4360000000 0.1383511145
0.4370000000 0.1397961314
0.4380000000 0.1412268347
0.4390000000 0.1426984164
0.4400000000 0.1441774265
0.4410000000 0.1456464106
0.4420000000 0.1471586600
0.4430000000 0.1486816014
0.4440000000 0.1501997537
0.4450000000 0.1517647067
0.4460000000 0.1533433665
0.4470000000 0.1549228827
0.4480000000 0.1565506460
0.4490000000 0.1581976462
0.4500000000 0.1598498012
0.4510000000 0.1615477140
0.4520000000 0.1632561965
0.4530000000 0.1650167650
0.4540000000 0.1668019173
0.4550000000 0.1686039838
0.4560000000 0.1704601193
0.4570000000 0.1723471775
0.4580000000 0.1742558445
0.4590000000 0.1762159241
0.4600000000 0.1782041476
0.4610000000 0.1802515045
0.4620000000 0.1823356865
0.4630000000 0.1844550075
0.4640000000 0.1866309361
0.4650000000 0.1888463589
0.4660000000 0.1911267507
0.4670000000 0.1934532045
0.4680000000 0.1958280660
0.4690000000 0.1982657256
0.4700000000 0.2007568414
0.4710000000 0.2033191722
0.4720000000 0.2059317030
0.4730000000 0.2086237592
0.4740000000 0.2113774136
0.4750000000 0.2142021852
0.4760000000 0.2171011478
0.4770000000 0.2200773842
0.4780000000 0.2231372923
0.4790000000 0.2262734424
0.4800000000 0.2295031239
0.4810000000 0.2328149975
0.4820000000 0.2362268364
0.4830000000 0.2397285082
0.4840000000 0.2433401133
0.4850000000 0.2470473872
0.4860000000 0.2508738752
0.4870000000 0.2548037290
0.4880000000 0.2588649646
0.4890000000 0.2630411453
0.4900000000 0.2673512469
0.4910000000 0.2717895162
0.4920000000 0.2763756362
0.4930000000 0.2811001204
0.4940000000 0.2859693851
0.4950000000 0.2910222261
0.4960000000 0.2962177528
0.4970000000 0.3016387346
0.4980000000 0.3072150816
0.4990000000 0.3130160707
0.5000000000 0.3189853980
0.5010000000 0.3252018631
0.5020000000 0.3316027831
0.5030000000 0.3382744789
0.5040000000 0.3451502001
0.5050000000 0.3523266289
0.5060000000 0.3597276065
0.5070000000 0.3674584050
0.5080000000 0.3754384267
0.5090000000 0.3837854480
0.5100000000 0.3924068458
0.5110000000 0.4014348037
0.5120000000 0.4107710219
0.5130000000 0.4205612915
0.5140000000 0.4306913318
0.5150000000 0.4413313014
0.5160000000 0.4523505911
0.5170000000 0.4639408264
0.5180000000 0.4759596366
0.5190000000 0.4886193651
0.5200000000 0.5017605810
0.5210000000 0.5156262519
0.5220000000 0.5300397234
0.5230000000 0.5452682110
0.5240000000 0.5612463934
0.5250000000 0.5779094396
0.5260000000 0.5955424922
0.5270000000 0.6139681874
0.5280000000 0.6335019015
0.5290000000 0.6539427152
0.5300000000 0.6756715228
0.5310000000 0.6984406235
0.5320000000 0.7226959796
0.5330000000 0.7481669299
0.5340000000 0.7753668421
0.5350000000 0.8039906750
0.5360000000 0.8346396274
0.5370000000 0.8672222896
0.5380000000 0.9016689541
0.5390000000 0.9386778266
0.5400000000 0.9779092387
0.5410000000 1.0201820849
0.5420000000 1.0651371827
0.5430000000 1.1137366613
0.5440000000 1.1656081719
0.5450000000 1.2218842400
0.5460000000 1.2826063876
0.5470000000 1.3478388094
0.5480000000 1.4190129958
0.5490000000 1.4958203912
0.5500000000 1.5800126791
0.5510000000 1.6712910936
0.5520000000 1.7719473455
0.5530000000 1.8824414296
0.5540000000 2.0033756120
0.5550000000 2.1378769291
0.5560000000 2.2860833995
0.5570000000 2.4521158561
0.5580000000 2.6377197494
0.5590000000 2.8449237117
0.5600000000 3.0799879091
0.5610000000 3.3451519517
0.5620000000 3.6491635555
0.5630000000 3.9961056898
0.5640000000 4.3991315675
0.5650000000 4.8682071201
0.5660000000 5.4161547915
0.5670000000 6.0679795575
0.5680000000 6.8444218548
0.5690000000 7.7882545630
0.5700000000 8.9456231515
0.5710000000 10.3807932186
0.5720000000 12.2043386348
0.5730000000 14.5513353090
0.5740000000 17.6646858202
0.5750000000 21.8983920030
0.5760000000 27.8340557806
0.5770000000 36.5506480298
0.5780000000 49.9829639084
0.5790000000 71.9702675879
0.5800000000 110.9108138781
0.5810000000 185.0089920232
0.5820000000 325.8903854505
0.5830000000 492.6301382822
0.5840000000 434.0512417000
0.5850000000 255.6898026684
0.5860000000 145.6415238703
0.5870000000 89.3537044796
0.5880000000 59.1649962386
0.5890000000 41.6296032469
0.5900000000 30.7100495397
0.5910000000 23.5055050003
0.5920000000 18.5168096006
0.5930000000 14.9397006941
0.5940000000 12.2907478027
0.5950000000 10.2711140568
0.5960000000 8.7064175008
0.5970000000 7.4633483965
0.5980000000 6.4663336973
0.5990000000 5.6526516595
0.6000000000 4.9773826711
0.6010000000 4.4155754821
0.6020000000 3.9416863879
0.6030000000 3.5360903248
0.6040000000 3.1900230669
0.6050000000 2.8911554772
0.6060000000 2.6292092590
0.6070000000 2.4018375476
0.6080000000 2.2017788905
0.6090000000 2.0233255090
0.6100000000 1.8662727831
0.6110000000 1.7248198750
0.6120000000 1.5992711850
0.6130000000 1.4864807264
0.6140000000 1.3836149995
0.6150000000 1.2914661630
0.6160000000 1.2078476821
0.6170000000 1.1307907304
0.6180000000 1.0612701066
0.6190000000 0.9976563827
0.6200000000 0.9385041637
0.6210000000 0.8848156048
0.6220000000 0.8353804859
0.6230000000 0.7890146457
0.6240000000 0.7467435703
0.6250000000 0.7075886684
0.6260000000 0.6706113342
0.6270000000 0.6367681376
0.6280000000 0.6052647899
0.6290000000 0.5753087071
0.6300000000 0.5478240836
0.6310000000 0.5221168881
0.6320000000 0.4975290203
0.6330000000 0.4749179124
0.6340000000 0.4536927987
0.6350000000 0.4332606906
0.6360000000 0.4144373131
0.6370000000 0.3967257268
0.6380000000 0.3799932255
0.6390000000 0.3637479086
0.6400000000 0.3488176621
0.6410000000 0.3346704243
0.6420000000 0.3208932919
0.6430000000 0.3081588939
0.6440000000 0.2960940260
0.6450000000 0.2842875790
0.6460000000 0.2733724055
0.6470000000 0.2629992887
0.6480000000 0.2528027074
0.6490000000 0.2433700737
0.6500000000 0.2344028217
0.6510000000 0.2258362885
0.6520000000 0.2173275563
0.6530000000 0.2095184546
0.6540000000 0.2020317581
0.6550000000 0.1946022312
0.6560000000 0.1877259022
0.6570000000 0.1811537447
0.6580000000 0.1745970655
0.6590000000 0.1685383368
0.6600000000 0.1627344611
0.6610000000 0.1571577624
0.6620000000 0.1515386468
0.6630000000 0.1463904803
0.6640000000 0.1414261074
0.6650000000 0.1364299450
0.6660000000 0.1318136261
0.6670000000 0.1273768855
0.6680000000 0.1228960317
0.6690000000 0.1187545729
0.6700000000 0.1147779628
0.6710000000 0.1109341233
0.6720000000 0.1070209963
0.6730000000 0.1034136448
0.6740000000 0.0999361286
0.6750000000 0.0963858230
0.6760000000 0.0931163407
0.6770000000 0.0899680873
0.6780000000 0.0869108261
0.6790000000 0.0837758985
0.6800000000 0.0808850274
0.6810000000 0.0780946140
0.6820000000 0.0753909787
0.6830000000 0.0725716293
0.6840000000 0.0700223146
0.6850000000 0.0675333700
0.6860000000 0.0649565729
0.6870000000 0.0625913279
0.6880000000 0.0603021682
0.6890000000 0.0580704101
0.6900000000 0.0557438420
0.6910000000 0.0536086052
0.6920000000 0.0515389177
0.6930000000 0.0495213125
0.6940000000 0.0473876954
0.6950000000 0.0454652134
0.6960000000 0.0435783720
0.6970000000 0.0416022140
0.6980000000 0.0397833027
0.6990000000 0.0380249526
0.7000000000 0.0362946912
0.7010000000 0.0344726835
0.7020000000 0.0328014425
0.7030000000 0.0311733540
0.7040000000 0.0295750206
0.7050000000 0.0278818502
0.7060000000 0.0263275282
0.7070000000 0.0248135118
0.7080000000 0.0233236547
0.7090000000 0.0217400093
0.7100000000 0.0202790251
0.7110000000 0.0188591406
0.7120000000 0.0174569559
0.7130000000 0.0159610922
0.7140000000 0.0145819476
0.7150000000 0.0132317848
0.7160000000 0.0119054965
0.7170000000 0.0104812624
0.7180000000 0.0091663643
0.7190000000 0.0078736546
0.7200000000 0.0065990486
0.7210000000 0.0052318242
0.7220000000 0.0041594609
0.7230000000 0.0036336764
0.7240000000 0.0032224724
0.7250000000 0.0028964150
0.7260000000 0.0024911559
0.7270000000 0.0022945673
0.7280000000 0.0023215384
0.7290000000 0.0020618136
0.7300000000 0.0021366912
0.7310000000 0.0016495604
0.7320000000 0.0022872036
0.7330000000 0.0020359982
0.7340000000 0.0020665505
0.7350000000 0.0024314460
0.7360000000 0.0032551996
0.7370000000 0.0015325858
0.7380000000 0.0030874478
0.7390000000 0.0013752324
0.7400000000 0.0044169535
0.7410000000 0.0024596471
0.7420000000 0.0091451974
0.7430000000 0.0073607429
0.7440000000 0.0054591702
0.7450000000 0.0034616959
0.7460000000 0.0011622252
0.7470000000 0.3547800513
0.7480000000 0.3472983014
0.7490000000 0.3391892259
0.7500000000 0.3295075214
0.7510000000 0.3199096667
0.7520000000 0.3099086393
0.7530000000 0.2991644866
0.7540000000 0.2858148791
0.7550000000 0.2734853629
0.7560000000 0.2598997143
0.7570000000 0.2456222062
0.7580000000 0.2307326873
0.7590000000 0.2141675301
0.7600000000 0.1976942898
0.7610000000 0.1808239524
0.7620000000 0.1625996067
0.7630000000 0.1432988344
0.7640000000 0.1234901505
0.7650000000 0.1033751129
0.7660000000 0.0824116001
0.7670000000 0.0608584027
0.7680000000 0.0375169481
0.7690000000 0.0139489241
0.7700000000 0.0000917884
0.7710000000 0.0001084761
0.7720000000 0.0000913236
0.7730000000 0.0001133591
0.7740000000 0.0001116211
0.7750000000 0.0000791702
0.7760000000 0.0000857699
0.7770000000 0.0000923388
0.7780000000 0.0001044867
0.7790000000 0.0000901548
0.7800000000 0.0000798035
0.7810000000 0.0001133316
0.7820000000 0.0001099457
0.7830000000 0.0001114376
0.7840000000 0.0001243524
0.7850000000 0.0000995053
0.7860000000 0.0001217294
0.7870000000 0.0001017838
0.7880000000 0.0001442177
0.7890000000 0.0001463605
0.7900000000 0.0001550330
0.7910000000 0.0001701380
0.7920000000 0.0001910361
0.7930000000 0.0001706526
0.7940000000 0.0002221160
0.7950000000 0.0002211999
0.7960000000 0.0002273233
0.7970000000 0.0002420822
0.7980000000 0.0002822353
0.7990000000 0.0003412705
0.8000000000 0.0004249415
0.8010000000 0.0004329663
0.8020000000 0.0004506098
0.8030000000 0.0005084920
0.8040000000 0.0005986075
0.8050000000 0.0007294471
0.8060000000 0.0009101215
0.8070000000 0.0009711887
0.8080000000 0.0011036624
0.8090000000 0.0013022314
0.8100000000 0.0016022009
0.8110000000 0.0020271601
0.8120000000 0.0022998547
0.8130000000 0.0027526103
0.8140000000 0.0034090370
0.8150000000 0.0039042529
0.8160000000 0.0051464644
0.8170000000 0.0062900470
0.8180000000 0.0073313984
0.8190000000 0.0097247797
0.8200000000 0.0122304717
0.8210000000 0.0158879660
0.8220000000 0.0212715269
0.8230000000 0.0277000847
0.8240000000 0.0374110947
0.8250000000 0.0494554516
0.8260000000 0.3677642914
0.8270000000 0.1210558751
0.8280000000 0.1723766148
0.8290000000 0.2261470996
0.8300000000 0.3379240303
0.8310000000 0.5210165903
0.8320000000 0.7883679224
0.8330000000 1.1330785079
0.8340000000 1.4136789206
0.8350000000 1.2875688125
0.8360000000 0.8936694343
0.8370000000 0.5117537724
0.8380000000 0.2738549436
0.8390000000 0.0761741785
0.8400000000 0.0169082559
0.8410000000 0.0015184453
0.8430000000 0.0003968033
0.8440000000 0.2460010337
0.8450000000 3.3534626075
0.8460000000 7.8664952092
0.8470000000 11.4020819681
0.8480000000 11.9876735532
0.8490000000 9.8960298237
0.8500000000 6.8885729566
0.8510000000 4.2916606949
0.8520000000 2.4739045304
0.8530000000 1.3510392317
0.8540000000 0.6553540939
0.8550000000 0.2491189315
0.8560000000 0.0208303125
0.8570000000 0.0122796497
0.8580000000 0.0001851333
0.8590000000 0.0000197848
0.8670000000 0.0399424353
0.8680000000 0.2440487946
0.8690000000 0.4343182097
0.8700000000 0.0004182289
0.8710000000 0.0059959326
0.8720000000 0.0007599794
0.8730000000 0.0016688621
0.8740000000 0.0001072196
0.8750000000 0.0015475949
0.8760000000 0.0008228334
0.8770000000 0.0006212662
0.8780000000 0.0004856999
0.8790000000 0.0013207136
0.8800000000 0.0051019064
0.8810000000 0.0094542742
0.8820000000 0.0143442125
0.8830000000 0.0179300596
0.8840000000 0.0212714854
0.8850000000 0.0243480852
0.8860000000 0.0271814079
0.8870000000 0.0298047184
0.8880000000 0.0328598393
0.8890000000 0.0350431022
0.8900000000 0.0370896636
0.8910000000 0.0389916764
0.8920000000 0.0407586033
0.8930000000 0.0423999839
0.8940000000 0.0444017746
0.8950000000 0.0457873032
0.8960000000 0.0470969997
0.8970000000 0.0483252459
0.8980000000 0.0494709286
0.8990000000 0.0505425089
0.9000000000 0.0519212985
0.9010000000 0.0528387967
0.9020000000 0.0537143957
0.9030000000 0.0545416425
0.9040000000 0.0553192775
0.9050000000 0.0560552319
0.9060000000 0.0570497902
0.9070000000 0.0576865114
0.9080000000 0.0583017438
0.9090000000 0.0588891949
0.9100000000 0.0594461282
0.9110000000 0.0599780062
0.9120000000 0.0607312607
0.9130000000 0.0612079175
0.9140000000 0.0616597166
0.9150000000 0.0620992891
0.9160000000 0.0625242049
0.9170000000 0.0629334070
0.9180000000 0.0633284143
0.9190000000 0.0639111497
0.9200000000 0.0642693801
0.9210000000 0.0646234212
0.9220000000 0.0649695341
0.9230000000 0.0653070816
0.9240000000 0.0656362831
0.9250000000 0.0661305162
0.9260000000 0.0664363093
0.9270000000 0.0667423371
0.9280000000 0.0670449719
0.9290000000 0.0673428732
0.9300000000 0.0676361278
0.9310000000 0.0679263977
0.9320000000 0.0683599595
0.9330000000 0.0686380351
0.9340000000 0.0689177230
0.9350000000 0.0691972397
0.9360000000 0.0694740444
0.9370000000 0.0697510128
0.9380000000 0.0700270118
0.9390000000 0.0704268672
0.9400000000 0.0706960604
0.9410000000 0.0709685749
0.9420000000 0.0712416560
0.9430000000 0.0715141300
0.9440000000 0.0717868639
0.9450000000 0.0721717939
0.9460000000 0.0724401090
0.9470000000 0.0727116621
0.9480000000 0.0729833493
0.9490000000 0.0732555374
0.9500000000 0.0735273716
0.9510000000 0.0737987974
0.9520000000 0.0741678611
0.9530000000 0.0744334930
0.9540000000 0.0746995415
0.9550000000 0.0749642710
0.9560000000 0.0752269570
0.9570000000 0.0754862011
0.9580000000 0.0757409687
0.9590000000 0.0760783007
0.9600000000 0.0763182918
0.9610000000 0.0765532502
0.9620000000 0.0767794869
0.9630000000 0.0769951120
0.9640000000 0.0771975691
0.9650000000 0.0773851705
0.9660000000 0.0776330678
0.9670000000 0.0777778053
0.9680000000 0.0779003577
0.9690000000 0.0779943533
0.9700000000 0.0780548458
0.9710000000 0.0780758313
0.9720000000 0.0780510981
0.9730000000 0.0780424407
0.9740000000 0.0779010271
0.9750000000 0.0776830563
0.9760000000 0.0773904800
0.9770000000 0.0770124484
0.9780000000 0.0765423845
0.9790000000 0.0759770419
0.9800000000 0.0753225567
0.9810000000 0.0746608151
0.9820000000 0.0738985346
0.9830000000 0.0732454485
0.9840000000 0.0728917105
0.9850000000 0.0732303409
0.9860000000 0.0749481899
0.9870000000 0.0792702194
0.9880000000 0.0882301253
0.9890000000 0.1045698099
0.9900000000 0.1317584531
0.9910000000 0.1698315728
0.9920000000 0.2120658570
0.9930000000 0.2436929552
0.9940000000 0.2513448905
0.9950000000 0.2354193069
0.9960000000 0.2078159822
0.9970000000 0.1806064009
0.9980000000 0.1590661900
0.9990000000 0.1440623425
1.0000000000 0.1343565134
1.0010000000 0.1284233891
1.0020000000 0.1250221471
1.0030000000 0.1233222927
1.0040000000 0.1227573793
1.0050000000 0.1228136592
1.0060000000 0.1233523965
1.0070000000 0.1242225798
1.0080000000 0.1253274997
1.0090000000 0.1266045854
1.0100000000 0.1280147365
1.0110000000 0.1295662180
1.0120000000 0.1312185684
1.0130000000 0.1329098048
1.0140000000 0.1346807319
1.0150000000 0.1365301637
1.0160000000 0.1384595422
1.0170000000 0.1404702299
1.0180000000 0.1425677744
1.0190000000 0.1447857967
1.0200000000 0.1471040860
1.0210000000 0.1495025886
1.0220000000 0.1520215389
1.0230000000 0.1546744368
1.0240000000 0.1574773349
1.0250000000 0.1604471275
1.0260000000 0.1636082504
1.0270000000 0.1670094673
1.0280000000 0.1706626113
1.0290000000 0.1745852673
1.0300000000 0.1788532610
1.0310000000 0.1835313407
1.0320000000 0.1887026662
1.0330000000 0.1944718693
1.0340000000 0.2009768445
1.0350000000 0.2084109683
1.0360000000 0.2169946550
1.0370000000 0.2270081298
1.0380000000 0.2388668414
1.0390000000 0.2530687287
1.0400000000 0.2702079356
1.0410000000 0.2908977142
1.0420000000 0.3155399523
1.0430000000 0.3437823410
1.0440000000 0.3735733776
1.0450000000 0.4001709272
1.0460000000 0.4168335950
1.0470000000 0.4183387730
1.0480000000 0.4052245110
1.0490000000 0.3834205796
1.0500000000 0.3597369156
1.0510000000 0.3385144348
1.0520000000 0.3215191415
1.0530000000 0.3088391356
1.0540000000 0.2998748032
1.0550000000 0.2939583983
1.0560000000 0.2904646539
1.0570000000 0.2888858078
1.0580000000 0.2888319769
1.0590000000 0.2900082252
1.0600000000 0.2921493708
1.0610000000 0.2952152647
1.0620000000 0.2989890182
1.0630000000 0.3034076589
1.0640000000 0.3084076230
1.0650000000 0.3139442791
1.0660000000 0.3199824618
1.0670000000 0.3265025070
1.0680000000 0.3334170222
1.0690000000 0.3408677076
1.0700000000 0.3488131499
1.0710000000 0.3571970927
1.0720000000 0.3660600461
1.0730000000 0.3754151219
1.0740000000 0.3852810000
1.0750000000 0.3956770604
1.0760000000 0.4066267288
1.0770000000 0.4180362514
1.0780000000 0.4301748268
1.0790000000 0.4429975035
1.0800000000 0.4564703204
1.0810000000 0.4706705876
1.0820000000 0.4856456430
1.0830000000 0.5014465038
1.0840000000 0.5181300707
1.0850000000 0.5371067472
1.0860000000 0.5570385493
1.0870000000 0.5784577158
1.0880000000 0.6011784290
1.0890000000 0.6253575156
1.0900000000 0.6511177463
1.0910000000 0.6785977593
1.0920000000 0.7079562681
1.0930000000 0.7393606549
1.0940000000 0.7730010257
1.0950000000 0.8087390804
1.0960000000 0.8475706217
1.0970000000 0.8892962709
1.0980000000 0.9342907703
1.0990000000 0.9829048297
1.1000000000 1.0355326082
1.1010000000 1.0926228531
1.1020000000 1.1546898547
1.1030000000 1.2217058442
1.1040000000 1.2955497763
1.1050000000 1.3765382502
1.1060000000 1.4653722714
1.1070000000 1.5632296237
1.1080000000 1.6713508282
1.1090000000 1.7912324426
1.1100000000 1.9245882469
1.1110000000 2.0735485536
1.1120000000 2.2392744476
1.1130000000 2.4274528196
1.1140000000 2.6401514645
1.1150000000 2.8820139075
1.1160000000 3.1585357598
1.1170000000 3.4765154074
1.1180000000 3.8444789840
1.1190000000 4.2731778362
1.1200000000 4.7763347988
1.1210000000 5.3681542811
1.1220000000 6.0784615573
1.1230000000 6.9334593642
1.1240000000 7.9736480073
1.1250000000 9.2524334161
1.1260000000 10.8419855034
1.1270000000 12.8399320355
1.1280000000 15.3772753151
1.1290000000 18.6263990003
1.1300000000 22.7919291973
1.1310000000 28.1250275405
1.1320000000 34.7693484030
1.1330000000 42.5540732062
1.1340000000 50.5684235907
1.1350000000 56.8401354664
1.1360000000 58.9661976977
1.1370000000 55.9364849004
1.1380000000 49.1313970121
1.1390000000 40.9966325663
1.1400000000 33.3500247946
1.1410000000 26.9054627291
1.1420000000 21.7747035919
1.1430000000 17.7733671848
1.1440000000 14.6650305993
1.1450000000 12.2392471215
1.1460000000 10.3292100135
1.1470000000 8.8091732734
1.1480000000 7.5858666798
1.1490000000 6.5877937422
1.1500000000 5.7694205002
1.1510000000 5.0897578025
1.1520000000 4.5201035771
1.1530000000 4.0385626386
1.1540000000 3.6282661092
1.1550000000 3.2761380124
1.1560000000 2.9719007559
1.1570000000 2.7073713270
1.1580000000 2.4760534810
1.1590000000 2.2711461863
1.1600000000 2.0916164988
1.1610000000 1.9322169893
1.1620000000 1.7901301775
1.1630000000 1.6629558429
1.1640000000 1.5487146330
1.1650000000 1.4457229724
1.1660000000 1.3525715785
1.1670000000 1.2680607175
1.1680000000 1.1911592082
1.1690000000 1.1200546878
1.1700000000 1.0559355998
1.1710000000 0.9971079359
1.1720000000 0.9430342006
1.1730000000 0.8932208458
1.1740000000 0.8472419218
1.1750000000 0.8047148980
1.1760000000 0.7653115156
1.1770000000 0.7287379495
1.1780000000 0.6940692105
1.1790000000 0.6624214541
1.1800000000 0.6329234738
1.1810000000 0.6053573298
1.1820000000 0.5795743073
1.1830000000 0.5554301654
1.1840000000 0.5327933632
1.1850000000 0.5115487957
1.1860000000 0.4915931456
1.1870000000 0.4728264617
1.1880000000 0.4551616357
1.1890000000 0.4380535113
1.1900000000 0.4223967300
1.1910000000 0.4076210503
1.1920000000 0.3936815688
1.1930000000 0.3805277483
1.1940000000 0.3681124567
1.1950000000 0.3563970390
1.1960000000 0.3453479325
1.1970000000 0.3349317820
1.1980000000 0.3251222886
1.1990000000 0.3155267071
1.2000000000 0.3068876239
1.2010000000 0.2987991139
1.2020000000 0.2912633480
1.2030000000 0.2842816403
1.2040000000 0.2778624877
1.2050000000 0.2720251592
1.2060000000 0.2668015721
1.2070000000 0.2622368242
1.2080000000 0.2583953044
1.2090000000 0.2550550779
1.2100000000 0.2529743494
1.2110000000 0.2520134941
1.2120000000 0.2524123387
1.2130000000 0.2545187827
1.2140000000 0.2588211398
1.2150000000 0.2660215327
1.2160000000 0.2771431183
1.2170000000 0.2936733571
1.2180000000 0.3177499327
1.2190000000 0.3522981504
1.2200000000 0.4003928845
1.2210000000 0.4644946184
1.2220000000 0.5383977774
1.2230000000 0.5985828231
1.2240000000 0.6083275420
1.2250000000 0.5553785383
1.2260000000 0.4699017613
1.2270000000 0.3866976269
1.2280000000 0.3201408518
1.2290000000 0.2705961154
1.2300000000 0.2342449202
1.2310000000 0.2070847737
1.2320000000 0.1866443468
1.2330000000 0.1707581729
1.2340000000 0.1580955943
1.2350000000 0.1477558882
1.2360000000 0.1391242979
1.2370000000 0.1317716941
1.2380000000 0.1253952774
1.2390000000 0.1197776169
1.2400000000 0.1147573941
1.2410000000 0.1102164390
1.2420000000 0.1058807480
1.2430000000 0.1020479499
1.2440000000 0.0984775538
1.2450000000 0.0951309081
1.2460000000 0.0919722323
1.2470000000 0.0889732835
1.2480000000 0.0861125688
1.2490000000 0.0833693701
1.2500000000 0.0807295211
1.2510000000 0.0781793844
1.2520000000 0.0757077827
1.2530000000 0.0731353765
1.2540000000 0.0707914152
1.2550000000 0.0684955160
1.2560000000 0.0662458955
1.2570000000 0.0640347800
1.2580000000 0.0618544701
1.2590000000 0.0597016301
1.2600000000 0.0575683899
1.2610000000 0.0554507406
1.2620000000 0.0533442455
1.2630000000 0.0512445379
1.2640000000 0.0491455357
1.2650000000 0.0468864035
1.2660000000 0.0447721825
1.2670000000 0.0426479964
1.2680000000 0.0405055815
1.2690000000 0.0383392064
1.2700000000 0.0361441383
1.2710000000 0.0339123141
1.2720000000 0.0316371942
1.2730000000 0.0293143158
1.2740000000 0.0269362828
1.2750000000 0.0244944427
1.2760000000 0.0219795038
1.2770000000 0.0192283489
1.2780000000 0.0165714133
1.2790000000 0.0149519864
1.2800000000 0.0133128874
1.2810000000 0.0122306485
1.2820000000 0.0108541566
1.2830000000 0.0100091951
1.2840000000 0.0092411584
1.2850000000 0.0080877531
1.2860000000 0.0074328892
1.2870000000 0.0068146877
1.2880000000 0.0062283349
1.2890000000 0.0055582183
1.2900000000 0.0050231333
1.2910000000 0.0045204481
1.2920000000 0.0040428237
1.2930000000 0.0039528354
1.2940000000 0.0035270284
1.2950000000 0.0031413347
1.2960000000 0.0028032986
1.2970000000 0.0025262014
1.2980000000 0.0023227291
1.2990000000 0.0022131119
1.3000000000 0.0019718758
1.3010000000 0.0018482830
1.3020000000 0.0018233876
1.3030000000 0.0017614789
1.3040000000 0.0017438087
1.3050000000 0.0020529577
1.3060000000 0.0028839317
1.3070000000 0.0263143880
1.3080000000 0.1144690946
1.3090000000 0.2282577723
1.3100000000 0.3561665444
1.3110000000 0.4748351342
1.3120000000 0.5557931953
1.3130000000 0.5793612803
1.3140000000 0.5471107168
1.3150000000 0.4767000630
1.3160000000 0.3913065878
1.3170000000 0.3086999157
1.3180000000 0.2380430225
1.3190000000 0.1819687594
1.3200000000 0.1394095169
1.3210000000 0.1079974783
1.3220000000 0.0850806593
1.3230000000 0.0684514887
1.3240000000 0.0563788731
1.3250000000 0.0475470653
1.3260000000 0.0408499553
1.3270000000 0.0359428207
1.3280000000 0.0321990025
1.3290000000 0.0292174985
1.3300000000 0.0267875139
1.3310000000 0.0247404454
1.3320000000 0.0229430323
1.3330000000 0.0213017883
1.3340000000 0.0197513797
1.3350000000 0.0182852404
1.3360000000 0.0168574305
1.3370000000 0.0154381001
1.3380000000 0.0140168043
1.3390000000 0.0123539167
1.3400000000 0.0109009332
1.3410000000 0.0094290546
1.3420000000 0.0079385564
1.3430000000 0.0064504735
1.3440000000 0.0049905478
1.3450000000 0.0035896761
1.3460000000 0.0023167021
1.3470000000 0.0012699639
1.3480000000 0.0012699639
1.3490000000 0.0012699639
1.3500000000 0.0012699639
1.3510000000 0.0012699639
1.3520000000 0.0012699639
1.3530000000 0.0012699639
1.3540000000 0.0012699639
1.3550000000 0.0012699639
1.3560000000 0.0012699639
1.3570000000 0.0012699639
1.3580000000 0.0012699639
1.3590000000 0.0012699639
1.3600000000 0.0012699639
1.3610000000 0.0012699639
1.3620000000 0.0012699639
1.3630000000 0.0012699639
1.3640000000 0.0012699639
1.3780000000 0.0012699639
1.3790000000 0.0623232998
1.3800000000 0.2849256877
1.3810000000 0.5494904986
1.3820000000 0.8116767039
1.3830000000 1.0152197933
1.3840000000 1.1181696763
1.3850000000 1.1136970507
1.3860000000 1.0275730814
1.3870000000 0.8985121106
1.3880000000 0.7593418651
1.3890000000 0.6304115944
1.3900000000 0.5205771229
1.3910000000 0.4315705483
1.3920000000 0.3614638705
1.3930000000 0.3151514382
1.3940000000 0.2724385460
1.3950000000 0.2396659724
1.3960000000 0.2145637733
1.3970000000 0.1953406186
1.3980000000 0.1806620987
1.3990000000 0.1694648371
1.4000000000 0.1609899668
1.4010000000 0.1546689895
1.4020000000 0.1500547408
1.4030000000 0.1468264849
1.4040000000 0.1447463227
1.4050000000 0.1436371602
1.4060000000 0.1433749583
1.4070000000 0.1438696138
1.4080000000 0.1465152348
1.4090000000 0.1482610401
1.4100000000 0.1506958547
1.4110000000 0.1538298618
1.4120000000 0.1577018783
1.4130000000 0.1623727294
1.4140000000 0.1679245654
1.4150000000 0.1744717513
1.4160000000 0.1821589202
1.4170000000 0.1911676384
1.4180000000 0.2017271223
1.4190000000 0.2141231381
1.4200000000 0.2287054505
1.4210000000 0.2459034965
1.4220000000 0.2667772343
1.4230000000 0.2907839438
1.4240000000 0.3191623283
1.4250000000 0.3525458653
1.4260000000 0.3913920145
1.4270000000 0.4356799010
1.4280000000 0.4843923431
1.4290000000 0.5348254635
1.4300000000 0.5819582370
1.4310000000 0.6185508301
1.4320000000 0.6368030476
1.4330000000 0.6315572884
1.4340000000 0.6031194949
1.4350000000 0.5572755073
1.4360000000 0.5023951769
1.4370000000 0.4463220127
1.4380000000 0.3935789803
1.4390000000 0.3469378980
1.4400000000 0.3070494704
1.4410000000 0.2736115076
1.4420000000 0.2458628034
1.4430000000 0.2229312738
1.4440000000 0.2039877997
1.4450000000 0.1883120230
1.4460000000 0.1753052972
1.4470000000 0.1644753437
1.4480000000 0.1554277217
1.4490000000 0.1478440850
1.4500000000 0.1414707971
1.4510000000 0.1361039155
1.4520000000 0.1315790832
1.4530000000 0.1279283854
1.4540000000 0.1247070972
1.4550000000 0.1220059252
1.4560000000 0.1197487160
1.4570000000 0.1178763961
1.4580000000 0.1163410707
1.4590000000 0.1151023148
1.4600000000 0.1141273875
1.4610000000 0.1133888884
1.4620000000 0.1128639835
1.4630000000 0.1125345053
1.4640000000 0.1123845858
1.4650000000 0.1124014125
1.4660000000 0.1125752108
1.4670000000 0.1128977241
1.4680000000 0.1134852471
1.4690000000 0.1140852362
1.4700000000 0.1148194264
1.4710000000 0.1156877069
1.4720000000 0.1166888874
1.4730000000 0.1178239399
1.4740000000 0.1190949174
1.4750000000 0.1205052749
1.4760000000 0.1220598046
1.4770000000 0.1237644535
1.4780000000 0.1256264850
1.4790000000 0.1276552275
1.4800000000 0.1298614558
1.4810000000 0.1322574142
1.4820000000 0.1348578651
1.4830000000 0.1376800924
1.4840000000 0.1408412773
1.4850000000 0.1441674217
1.4860000000 0.1477814065
1.4870000000 0.1517199208
1.4880000000 0.1560160985
1.4890000000 0.1607114912
1.4900000000 0.1658542362
1.4910000000 0.1715022020
1.4920000000 0.1777209149
1.4930000000 0.1845889381
1.4940000000 0.1922005396
1.4950000000 0.2006654008
1.4960000000 0.2101130940
1.4970000000 0.2207008574
1.4980000000 0.2326136559
1.4990000000 0.2460727244
1.5000000000 0.2613446940
1.5010000000 0.2795694153
1.5020000000 0.3003733333
1.5030000000 0.3243851999
1.5040000000 0.3521420581
1.5050000000 0.3842740824
1.5060000000 0.4214420468
1.5070000000 0.4642551505
1.5080000000 0.5131103520
1.5090000000 0.5679190940
1.5100000000 0.6276891732
1.5110000000 0.6899339259
1.5120000000 0.7501959936
1.5130000000 0.8019661828
1.5140000000 0.8376597822
1.5150000000 0.8507868441
1.5160000000 0.8385672475
1.5170000000 0.8032503178
1.5180000000 0.7512573560
1.5190000000 0.6907472193
1.5200000000 0.6281023684
1.5210000000 0.5685153160
1.5220000000 0.5146860927
1.5230000000 0.4676582115
1.5240000000 0.4274597951
1.5250000000 0.3935780311
1.5260000000 0.3652812509
1.5270000000 0.3417968477
1.5280000000 0.3224060063
1.5290000000 0.3064709074
1.5300000000 0.2934499718
1.5310000000 0.2828916488
1.5320000000 0.2744226879
1.5330000000 0.2677314493
1.5340000000 0.2625778555
1.5350000000 0.2587555528
1.5360000000 0.2560912640
1.5370000000 0.2544548677
1.5380000000 0.2537357149
1.5390000000 0.2538469168
1.5400000000 0.2547170001
1.5410000000 0.2562886583
1.5420000000 0.2585180817
1.5430000000 0.2613717222
1.5440000000 0.2648241952
1.5450000000 0.2688590904
1.5460000000 0.2734665584
1.5470000000 0.2786415929
1.5480000000 0.2843877151
1.5490000000 0.2907119369
1.5500000000 0.2976114004
1.5510000000 0.3051347820
1.5520000000 0.3132832988
1.5530000000 0.3221007311
1.5540000000 0.3316140420
1.5550000000 0.3418627460
1.5560000000 0.3528935167
1.5570000000 0.3647597555
1.5580000000 0.3775215260
1.5590000000 0.3912487218
1.5600000000 0.4060179830
1.5610000000 0.4219186474
1.5620000000 0.4390504783
1.5630000000 0.4575272173
1.5640000000 0.4774767969
1.5650000000 0.4990457347
1.5660000000 0.5224000803
1.5670000000 0.5477274755
1.5680000000 0.5751689166
1.5690000000 0.6051024514
1.5700000000 0.6377698261
1.5710000000 0.6734831894
1.5720000000 0.7126176177
1.5730000000 0.7556096210
1.5740000000 0.8029621564
1.5750000000 0.8552631200
1.5760000000 0.9132008328
1.5770000000 0.9775749165
1.5780000000 1.0493277662
1.5790000000 1.1295617063
1.5800000000 1.2195734019
1.5810000000 1.3208911297
1.5820000000 1.4353038855
1.5830000000 1.5649022721
1.5840000000 1.7121163477
1.5850000000 1.8797346565
1.5860000000 2.0706389757
1.5870000000 2.2886917541
1.5880000000 2.5373430321
1.5890000000 2.8198713438
1.5900000000 3.1388211830
1.5910000000 3.4949636597
1.5920000000 3.8858166115
1.5930000000 4.3038139148
1.5940000000 4.7341878253
1.5950000000 5.1536608933
1.5960000000 5.5311375772
1.5970000000 5.8318880849
1.5980000000 6.0253711286
1.5990000000 6.0943132403
1.6000000000 6.0407491417
1.6010000000 5.8871360423
1.6020000000 5.6660107818
1.6030000000 5.4122653912
1.6040000000 5.1575129272
1.6050000000 4.9241247905
1.6060000000 4.7285197704
1.6070000000 4.5801885065
1.6080000000 4.4830024064
1.6090000000 4.4370042479
1.6100000000 4.4387146286
1.6110000000 4.4809639888
1.6120000000 4.5522250294
1.6130000000 4.6359807488
1.6140000000 4.7109147944
1.6150000000 4.7529762527
1.6160000000 4.7396410853
1.6170000000 4.6556981123
1.6180000000 4.4979657484
1.6190000000 4.2761757092
1.6200000000 4.0095326767
1.6210000000 3.7207437661
1.6220000000 3.4305630755
1.6230000000 3.1553959856
1.6240000000 2.9041424270
1.6250000000 2.6824387346
1.6260000000 2.4922491752
1.6270000000 2.3332330450
1.6280000000 2.2040160217
1.6290000000 2.1028267055
1.6300000000 2.0279339204
1.6310000000 1.9779206480
1.6320000000 1.9518109633
1.6330000000 1.9491220008
1.6340000000 1.9699305922
1.6350000000 2.0148598235
1.6360000000 2.0851000711
1.6370000000 2.1823131411
1.6380000000 2.3085914122
1.6390000000 2.4662323520
1.6400000000 2.6574024779
1.6410000000 2.8834438959
1.6420000000 3.1443198575
1.6430000000 3.4357072432
1.6440000000 3.7489139035
1.6450000000 4.0675743279
1.6460000000 4.3672339145
1.6470000000 4.6164534770
1.6480000000 4.7820589073
1.6490000000 4.8376024203
1.6500000000 4.7719376629
1.6510000000 4.5931643087
1.6520000000 4.3255305425
1.6530000000 4.0012434244
1.6540000000 3.6517381793
1.6550000000 3.3021444696
1.6560000000 2.9694029895
1.6570000000 2.6630597498
1.6580000000 2.3871386570
1.6590000000 2.1420768829
1.6600000000 1.9262468126
1.6610000000 1.7370065864
1.6620000000 1.5710007765
1.6630000000 1.4259269896
1.6640000000 1.2987151090
1.6650000000 1.1869389875
1.6660000000 1.0884189070
1.6670000000 1.0012906046
1.6680000000 0.9239689153
1.6690000000 0.8551039996
1.6700000000 0.7935440519
1.6710000000 0.7383235042
1.6720000000 0.6886252642
1.6730000000 0.6437542719
1.6740000000 0.6031314646
1.6750000000 0.5662651785
1.6760000000 0.5327503190
1.6770000000 0.5022446467
1.6780000000 0.4744836621
1.6790000000 0.4492662270
1.6800000000 0.4264503316
1.6810000000 0.4059631430
1.6820000000 0.3873440136
1.6830000000 0.3715283074
1.6840000000 0.3581974177
1.6850000000 0.3475702946
1.6860000000 0.3398547724
1.6870000000 0.3352917715
1.6880000000 0.3340480457
1.6890000000 0.3361279268
1.6900000000 0.3412302593
1.6910000000 0.3486636087
1.6920000000 0.3572588264
1.6930000000 0.3654793468
1.6940000000 0.3716546105
1.6950000000 0.3743242782
1.6960000000 0.3726229052
1.6970000000 0.3664206227
1.6980000000 0.3563183321
1.6990000000 0.3433529892
1.7000000000 0.3287245441
1.7010000000 0.3131100033
1.7020000000 0.2978274525
1.7030000000 0.2834388776
1.7040000000 0.2704431774
1.7050000000 0.2588811980
1.7060000000 0.2487916994
1.7070000000 0.2401076079
1.7080000000 0.2327204955
1.7090000000 0.2265164963
1.7100000000 0.2213965517
1.7110000000 0.2172665893
1.7120000000 0.2140508565
1.7130000000 0.2116929909
1.7140000000 0.2101566836
1.7150000000 0.2094203687
1.7160000000 0.2094840114
1.7170000000 0.2103580214
1.7180000000 0.2120749559
1.7190000000 0.2146821280
1.7200000000 0.2182454868
1.7210000000 0.2228528706
1.7220000000 0.2286139204
1.7230000000 0.2356612055
1.7240000000 0.2441360357
1.7250000000 0.2542793504
1.7260000000 0.2662502622
1.7270000000 0.2804137067
1.7280000000 0.2970426938
1.7290000000 0.3164973381
1.7300000000 0.3391843732
1.7310000000 0.3655425769
1.7320000000 0.3960219192
1.7330000000 0.4310333203
1.7340000000 0.4708781248
1.7350000000 0.5156176312
1.7360000000 0.5649063424
1.7370000000 0.6177496777
1.7380000000 0.6722886460
1.7390000000 0.7256219612
1.7400000000 0.7738515029
1.7410000000 0.8125297435
1.7420000000 0.8374675314
1.7430000000 0.8457776695
1.7440000000 0.8367006645
1.7450000000 0.8119580956
1.7460000000 0.7744740814
1.7470000000 0.7286578871
1.7480000000 0.6784381439
1.7490000000 0.6271955637
1.7500000000 0.5773270963
1.7510000000 0.5303456413
1.7520000000 0.4870476443
1.7530000000 0.4477315510
1.7540000000 0.4123694667
1.7550000000 0.3807491581
1.7560000000 0.3525606588
1.7570000000 0.3274564300
1.7580000000 0.3050965404
1.7590000000 0.2851566640
1.7600000000 0.2673395263
1.7610000000 0.2513800359
1.7620000000 0.2370476951
1.7630000000 0.2241381135
1.7640000000 0.2124737456
1.7650000000 0.2019033815
1.7660000000 0.1922951900
1.7670000000 0.1833932730
1.7680000000 0.1753797369
1.7690000000 0.1680335317
1.7700000000 0.1612705467
1.7710000000 0.1550329243
1.7720000000 0.1492636633
1.7730000000 0.1439146167
1.7740000000 0.1389419968
1.7750000000 0.1343086976
1.7760000000 0.1299820043
1.7770000000 0.1259332485
1.7780000000 0.1221366941
1.7790000000 0.1185701883
1.7800000000 0.1152156665
1.7810000000 0.1120558421
1.7820000000 0.1090765401
1.7830000000 0.1062670030
1.7840000000 0.1036174595
1.7850000000 0.1011201906
1.7860000000 0.0987701900
1.7870000000 0.0965661509
1.7880000000 0.0945086240
1.7890000000 0.0926015981
1.7900000000 0.0906550178
1.7910000000 0.0890610687
1.7920000000 0.0876628618
1.7930000000 0.0864742404
1.7940000000 0.0855233826
1.7950000000 0.0848483234
1.7960000000 0.0844922053
1.7970000000 0.0845101026
1.7980000000 0.0849577772
1.7990000000 0.0859032041
1.8000000000 0.0874063882
1.8010000000 0.0896256294
1.8020000000 0.0925205583
1.8030000000 0.0960822382
1.8040000000 0.1002361700
1.8050000000 0.1048227193
1.8060000000 0.1095980264
1.8070000000 0.1142437199
1.8080000000 0.1184084589
1.8090000000 0.1217577876
1.8100000000 0.1240486916
1.8110000000 0.1251547470
1.8120000000 0.1247811272
1.8130000000 0.1237086340
1.8140000000 0.1218673010
1.8150000000 0.1194394890
1.8160000000 0.1166875689
1.8170000000 0.1137969132
1.8180000000 0.1109081610
1.8190000000 0.1081151926
1.8200000000 0.1054743578
1.8210000000 0.1030164498
1.8220000000 0.1007450529
1.8230000000 0.0986539549
1.8240000000 0.0967279607
1.8250000000 0.0949535873
1.8260000000 0.0933120921
1.8270000000 0.0917825577
1.8280000000 0.0903465096
1.8290000000 0.0889860258
1.8300000000 0.0876847487
1.8310000000 0.0864264086
1.8320000000 0.0851946137
1.8330000000 0.0839749968
1.8340000000 0.0827550455
1.8350000000 0.0806858971
1.8360000000 0.0793504342
1.8370000000 0.0780030952
1.8380000000 0.0765433683
1.8390000000 0.0749969180
1.8400000000 0.0733460700
1.8410000000 0.0715730181
1.8420000000 0.0696646132
1.8430000000 0.0676035430
1.8440000000 0.0653785245
1.8450000000 0.0629861859
1.8460000000 0.0604360497
1.8470000000 0.0577524446
1.8480000000 0.0549757186
1.8490000000 0.0521906981
1.8500000000 0.0495228797
1.8510000000 0.0471523013
1.8520000000 0.0453920821
1.8530000000 0.0445624435
1.8540000000 0.0449867949
1.8550000000 0.0471256382
1.8560000000 0.0514082257
1.8570000000 0.0583491307
1.8580000000 0.0682501599
1.8590000000 0.0780310177
1.8600000000 0.0938246166
1.8610000000 0.1114384439
1.8620000000 0.1298019435
1.8630000000 0.1477931284
1.8640000000 0.1643847031
1.8650000000 0.1788336452
1.8660000000 0.1907682716
1.8670000000 0.2001899203
1.8680000000 0.2073774225
1.8690000000 0.2127895445
1.8700000000 0.2169599380
1.8710000000 0.2203954737
1.8720000000 0.2235452355
1.8730000000 0.2267355531
1.8740000000 0.2302034562
1.8750000000 0.2340679551
1.8760000000 0.2383401480
1.8770000000 0.2429366173
1.8780000000 0.2476737875
1.8790000000 0.2522869093
1.8800000000 0.2564460838
1.8810000000 0.2597951133
1.8820000000 0.2619886753
1.8830000000 0.2627293831
1.8840000000 0.2629898281
1.8850000000 0.2603015024
1.8860000000 0.2559847471
1.8870000000 0.2502402596
1.8880000000 0.2433542991
1.8890000000 0.2356528310
1.8900000000 0.2274641171
1.8910000000 0.2190909601
1.8920000000 0.2107895501
1.8930000000 0.2027494211
1.8940000000 0.1951138112
1.8950000000 0.1879747300
1.8960000000 0.1813849478
1.8970000000 0.1753659294
1.8980000000 0.1699161005
1.8990000000 0.1650192686
1.9000000000 0.1606524464
1.9010000000 0.1567107712
1.9020000000 0.1532769046
1.9030000000 0.1503128654
1.9040000000 0.1477820241
1.9050000000 0.1456500411
1.9060000000 0.1438850236
1.9070000000 0.1424580455
1.9080000000 0.1413434502
1.9090000000 0.1407894610
1.9100000000 0.1402221288
1.9110000000 0.1399102073
1.9120000000 0.1398381261
1.9130000000 0.1399929851
1.9140000000 0.1403643984
1.9150000000 0.1409437391
1.9160000000 0.1417243124
1.9170000000 0.1427006959
1.9180000000 0.1438690081
1.9190000000 0.1452266298
1.9200000000 0.1467724219
1.9210000000 0.1485063768
1.9220000000 0.1504294603
1.9230000000 0.1525440848
1.9240000000 0.1548537003
1.9250000000 0.1573628304
1.9260000000 0.1600772700
1.9270000000 0.1630038605
1.9280000000 0.1661505497
1.9290000000 0.1695268234
1.9300000000 0.1731431084
1.9310000000 0.1770114874
1.9320000000 0.1811456070
1.9330000000 0.1856853811
1.9340000000 0.1903940160
1.9350000000 0.1954187875
1.9360000000 0.2007807068
1.9370000000 0.2065026770
1.9380000000 0.2126098080
1.9390000000 0.2191305371
1.9400000000 0.2260953416
1.9410000000 0.2335393356
1.9420000000 0.2414996290
1.9430000000 0.2500190804
1.9440000000 0.2591444172
1.9450000000 0.2689265911
1.9460000000 0.2794237489
1.9470000000 0.2906993860
1.9480000000 0.3028246700
1.9490000000 0.3158773522
1.9500000000 0.3299449933
1.9510000000 0.3451250319
1.9520000000 0.3615250378
1.9530000000 0.3792646587
1.9540000000 0.3984778149
1.9550000000 0.4193116598
1.9560000000 0.4419278086
1.9570000000 0.4665084712
1.9580000000 0.4932510680
1.9590000000 0.5224441307
1.9600000000 0.5541684114
1.9610000000 0.5887576864
1.9620000000 0.6264603300
1.9630000000 0.6675533782
1.9640000000 0.7123054879
1.9650000000 0.7609685202
1.9660000000 0.8137608530
1.9670000000 0.8708360612
1.9680000000 0.9322493003
1.9690000000 0.9979056578
1.9700000000 1.0674925574
1.9710000000 1.1404164832
1.9720000000 1.2157185880
1.9730000000 1.2920001425
1.9740000000 1.3673800419
1.9750000000 1.4394826394
1.9760000000 1.5055177383
1.9770000000 1.5624556010
1.9780000000 1.6072912981
1.9790000000 1.6374027828
1.9800000000 1.6509212738
1.9810000000 1.6470300704
1.9820000000 1.6261098274
1.9830000000 1.5896944223
1.9840000000 1.5402471191
1.9850000000 1.4808348057
1.9860000000 1.4145967791
1.9870000000 1.3446996866
1.9880000000 1.2737812037
1.9890000000 1.2041154079
1.9900000000 1.1373938914
1.9910000000 1.0748163166
1.9920000000 1.0171501228
1.9930000000 0.9648152005
1.9940000000 0.9179502121
1.9950000000 0.8764872321
1.9960000000 0.8401910154
1.9970000000 0.8087042263
1.9980000000 0.7815584276
1.9990000000 0.7581986008
2.0000000000 0.7379933914
