0.375 1.82408 0 150.015 4.1463e-07
0.375 1.82408 0 151.017 7.01218e-07
0.375 1.82408 0 152.02 7.17841e-07
0.375 1.82408 0 153.022 6.86221e-07
0.375 1.82408 0 154.025 6.57131e-07
0.375 1.82408 0 155.027 6.33316e-07
0.375 1.82408 0 156.03 6.13349e-07
0.375 1.82408 0 157.032 5.96107e-07
0.375 1.82408 0 158.035 5.80875e-07
0.375 1.82408 0 159.037 5.67186e-07
0.375 1.82408 0 160.04 5.54721e-07
0.375 1.82408 0 161.042 5.43251e-07
0.375 1.82408 0 162.045 5.32608e-07
0.375 1.82408 0 163.047 5.22664e-07
0.375 1.82408 0 164.05 5.13318e-07
0.375 1.82408 0 165.052 5.04492e-07
0.375 1.82408 0 166.054 4.96122e-07
0.375 1.82408 0 167.057 4.88154e-07
0.375 1.82408 0 168.059 4.80547e-07
0.375 1.82408 0 169.062 4.73262e-07
0.375 1.82408 0 170.064 4.66269e-07
0.375 1.82408 0 171.067 4.59542e-07
0.375 1.82408 0 172.069 4.53058e-07
0.375 1.82408 0 173.072 4.46797e-07
0.375 1.82408 0 174.074 4.40741e-07
0.375 1.82408 0 175.077 4.34876e-07
0.375 1.82408 0 176.079 4.29187e-07
0.375 1.82408 0 177.082 4.23664e-07
0.375 1.82408 0 178.084 4.18294e-07
0.375 1.82408 0 179.087 4.13069e-07
0.375 1.82408 0 180.089 4.0798e-07
0.375 1.82408 0 181.092 4.03019e-07
0.375 1.82408 0 182.094 3.98179e-07
0.375 1.82408 0 183.096 3.93453e-07
0.375 1.82408 0 184.099 3.88836e-07
0.375 1.82408 0 185.101 3.84322e-07
0.375 1.82408 0 186.104 3.79905e-07
0.375 1.82408 0 187.106 3.75583e-07
0.375 1.82408 0 188.109 3.71349e-07
0.375 1.82408 0 189.111 3.67201e-07
0.375 1.82408 0 190.114 3.63134e-07
0.375 1.82408 0 191.116 3.59146e-07
0.375 1.82408 0 192.119 3.55233e-07
0.375 1.82408 0 193.121 3.51393e-07
0.375 1.82408 0 194.124 3.47621e-07
0.375 1.82408 0 195.126 3.43917e-07
0.375 1.82408 0 196.129 3.40277e-07
0.375 1.82408 0 197.131 3.36699e-07
0.375 1.82408 0 198.133 3.33182e-07
0.375 1.82408 0 199.136 3.29722e-07
0.375 1.82408 0 200.138 3.26319e-07
0.375 1.82408 0 201.141 3.22971e-07
0.375 1.82408 0 202.143 3.19674e-07
0.375 1.82408 0 203.146 3.1643e-07
0.375 1.82408 0 204.148 3.13234e-07
0.375 1.82408 0 205.151 3.10087e-07
0.375 1.82408 0 206.153 3.06987e-07
0.375 1.82408 0 207.156 3.03932e-07
0.375 1.82408 0 208.158 3.00922e-07
0.375 1.82408 0 209.161 2.97954e-07
0.375 1.82408 0 210.163 2.95028e-07
0.375 1.82408 0 211.166 2.92144e-07
0.375 1.82408 0 212.168 2.89299e-07
0.375 1.82408 0 213.171 2.86493e-07
0.375 1.82408 0 214.173 2.83725e-07
0.375 1.82408 0 215.175 2.80994e-07
0.375 1.82408 0 216.178 2.78299e-07
0.375 1.82408 0 217.18 2.75639e-07
0.375 1.82408 0 218.183 2.73014e-07
0.375 1.82408 0 219.185 2.70423e-07
0.375 1.82408 0 220.188 2.67865e-07
0.375 1.82408 0 221.19 2.65339e-07
0.375 1.82408 0 222.193 2.62844e-07
0.375 1.82408 0 223.195 2.60381e-07
0.375 1.82408 0 224.198 2.57948e-07
0.375 1.82408 0 225.2 2.55544e-07
0.375 1.82408 0 226.203 2.5317e-07
0.375 1.82408 0 227.205 2.50824e-07
0.375 1.82408 0 228.208 2.48506e-07
0.375 1.82408 0 229.21 2.46216e-07
0.375 1.82408 0 230.212 2.43952e-07
0.375 1.82408 0 231.215 2.41715e-07
0.375 1.82408 0 232.217 2.39504e-07
0.375 1.82408 0 233.22 2.37319e-07
0.375 1.82408 0 234.222 2.35158e-07
0.375 1.82408 0 235.225 2.33022e-07
0.375 1.82408 0 236.227 2.30911e-07
0.375 1.82408 0 237.23 2.28823e-07
0.375 1.82408 0 238.232 2.26758e-07
0.375 1.82408 0 239.235 2.24716e-07
0.375 1.82408 0 240.237 2.22697e-07
0.375 1.82408 0 241.24 2.207e-07
0.375 1.82408 0 242.242 2.18725e-07
0.375 1.82408 0 243.245 2.16771e-07
0.375 1.82408 0 244.247 2.14839e-07
0.375 1.82408 0 245.25 2.12927e-07
0.375 1.82408 0 246.252 2.11036e-07
0.375 1.82408 0 247.254 2.09165e-07
0.375 1.82408 0 248.257 2.07314e-07
0.375 1.82408 0 249.259 2.05482e-07
0.375 1.82408 0 250.262 2.0367e-07
0.375 1.82408 0 251.264 2.01876e-07
0.375 1.82408 0 252.267 2.00102e-07
0.375 1.82408 0 253.269 1.98345e-07
0.375 1.82408 0 254.272 1.96607e-07
0.375 1.82408 0 255.274 1.94887e-07
0.375 1.82408 0 256.277 1.93185e-07
0.375 1.82408 0 257.279 1.915e-07
0.375 1.82408 0 258.282 1.89832e-07
0.375 1.82408 0 259.284 1.88181e-07
0.375 1.82408 0 260.287 1.86547e-07
0.375 1.82408 0 261.289 1.84929e-07
0.375 1.82408 0 262.291 1.83328e-07
0.375 1.82408 0 263.294 1.81742e-07
0.375 1.82408 0 264.296 1.80172e-07
0.375 1.82408 0 265.299 1.78618e-07
0.375 1.82408 0 266.301 1.7708e-07
0.375 1.82408 0 267.304 1.75556e-07
0.375 1.82408 0 268.306 1.74048e-07
0.375 1.82408 0 269.309 1.72555e-07
0.375 1.82408 0 270.311 1.71076e-07
0.375 1.82408 0 271.314 1.69611e-07
0.375 1.82408 0 272.316 1.68161e-07
0.375 1.82408 0 273.319 1.66725e-07
0.375 1.82408 0 274.321 1.65303e-07
0.375 1.82408 0 275.324 1.63894e-07
0.375 1.82408 0 276.326 1.62499e-07
0.375 1.82408 0 277.329 1.61118e-07
0.375 1.82408 0 278.331 1.5975e-07
0.375 1.82408 0 279.333 1.58395e-07
0.375 1.82408 0 280.336 1.57053e-07
0.375 1.82408 0 281.338 1.55723e-07
0.375 1.82408 0 282.341 1.54406e-07
0.375 1.82408 0 283.343 1.53102e-07
0.375 1.82408 0 284.346 1.5181e-07
0.375 1.82408 0 285.348 1.5053e-07
0.375 1.82408 0 286.351 1.49263e-07
0.375 1.82408 0 287.353 1.48007e-07
0.375 1.82408 0 288.356 1.46763e-07
0.375 1.82408 0 289.358 1.45531e-07
0.375 1.82408 0 290.361 1.4431e-07
0.375 1.82408 0 291.363 1.431e-07
0.375 1.82408 0 292.366 1.41902e-07
0.375 1.82408 0 293.368 1.40715e-07
0.375 1.82408 0 294.37 1.39539e-07
0.375 1.82408 0 295.373 1.38374e-07
0.375 1.82408 0 296.375 1.37219e-07
0.375 1.82408 0 297.378 1.36075e-07
0.375 1.82408 0 298.38 1.34942e-07
0.375 1.82408 0 299.383 1.33819e-07
0.375 1.82408 0 300.385 1.32707e-07
0.375 1.82408 0 301.388 1.31604e-07
0.375 1.82408 0 302.39 1.30512e-07
0.375 1.82408 0 303.393 1.2943e-07
0.375 1.82408 0 304.395 1.28357e-07
0.375 1.82408 0 305.398 1.27294e-07
0.375 1.82408 0 306.4 1.26241e-07
0.375 1.82408 0 307.403 1.25198e-07
0.375 1.82408 0 308.405 1.24164e-07
0.375 1.82408 0 309.408 1.23139e-07
0.375 1.82408 0 310.41 1.22123e-07
0.375 1.82408 0 311.412 1.21117e-07
0.375 1.82408 0 312.415 1.2012e-07
0.375 1.82408 0 313.417 1.19131e-07
0.375 1.82408 0 314.42 1.18152e-07
0.375 1.82408 0 315.422 1.17181e-07
0.375 1.82408 0 316.425 1.16219e-07
0.375 1.82408 0 317.427 1.15266e-07
0.375 1.82408 0 318.43 1.14321e-07
0.375 1.82408 0 319.432 1.13384e-07
0.375 1.82408 0 320.435 1.12456e-07
0.375 1.82408 0 321.437 1.11536e-07
0.375 1.82408 0 322.44 1.10625e-07
0.375 1.82408 0 323.442 1.09721e-07
0.375 1.82408 0 324.445 1.08825e-07
0.375 1.82408 0 325.447 1.07938e-07
0.375 1.82408 0 326.449 1.07058e-07
0.375 1.82408 0 327.452 1.06186e-07
0.375 1.82408 0 328.454 1.05321e-07
0.375 1.82408 0 329.457 1.04465e-07
0.375 1.82408 0 330.459 1.03615e-07
0.375 1.82408 0 331.462 1.02774e-07
0.375 1.82408 0 332.464 1.01939e-07
0.375 1.82408 0 333.467 1.01112e-07
0.375 1.82408 0 334.469 1.00292e-07
0.375 1.82408 0 335.472 9.94796e-08
0.375 1.82408 0 336.474 9.8674e-08
0.375 1.82408 0 337.477 9.78755e-08
0.375 1.82408 0 338.479 9.7084e-08
0.375 1.82408 0 339.482 9.62993e-08
0.375 1.82408 0 340.484 9.55215e-08
0.375 1.82408 0 341.487 9.47504e-08
0.375 1.82408 0 342.489 9.3986e-08
0.375 1.82408 0 343.491 9.32283e-08
0.375 1.82408 0 344.494 9.24771e-08
0.375 1.82408 0 345.496 9.17324e-08
0.375 1.82408 0 346.499 9.09942e-08
0.375 1.82408 0 347.501 9.02624e-08
0.375 1.82408 0 348.504 8.95369e-08
0.375 1.82408 0 349.506 8.88176e-08
0.375 1.82408 0 350.509 8.81045e-08
0.375 1.82408 0 351.511 8.73976e-08
0.375 1.82408 0 352.514 8.66968e-08
0.375 1.82408 0 353.516 8.6002e-08
0.375 1.82408 0 354.519 8.53131e-08
0.375 1.82408 0 355.521 8.46302e-08
0.375 1.82408 0 356.524 8.39531e-08
0.375 1.82408 0 357.526 8.32818e-08
0.375 1.82408 0 358.528 8.26163e-08
0.375 1.82408 0 359.531 8.19565e-08
0.375 1.82408 0 360.533 8.13023e-08
0.375 1.82408 0 361.536 8.06536e-08
0.375 1.82408 0 362.538 8.00106e-08
0.375 1.82408 0 363.541 7.9373e-08
0.375 1.82408 0 364.543 7.87408e-08
0.375 1.82408 0 365.546 7.8114e-08
0.375 1.82408 0 366.548 7.74925e-08
0.375 1.82408 0 367.551 7.68763e-08
0.375 1.82408 0 368.553 7.62654e-08
0.375 1.82408 0 369.556 7.56596e-08
0.375 1.82408 0 370.558 7.5059e-08
0.375 1.82408 0 371.561 7.44634e-08
0.375 1.82408 0 372.563 7.38729e-08
0.375 1.82408 0 373.566 7.32874e-08
0.375 1.82408 0 374.568 7.27068e-08
0.375 1.82408 0 375.57 7.21312e-08
0.375 1.82408 0 376.573 7.15604e-08
0.375 1.82408 0 377.575 7.09944e-08
0.375 1.82408 0 378.578 7.04332e-08
0.375 1.82408 0 379.58 6.98767e-08
0.375 1.82408 0 380.583 6.93248e-08
0.375 1.82408 0 381.585 6.87776e-08
0.375 1.82408 0 382.588 6.82351e-08
0.375 1.82408 0 383.59 6.7697e-08
0.375 1.82408 0 384.593 6.71635e-08
0.375 1.82408 0 385.595 6.66345e-08
0.375 1.82408 0 386.598 6.61099e-08
0.375 1.82408 0 387.6 6.55896e-08
0.375 1.82408 0 388.603 6.50738e-08
0.375 1.82408 0 389.605 6.45622e-08
0.375 1.82408 0 390.607 6.40549e-08
0.375 1.82408 0 391.61 6.35519e-08
0.375 1.82408 0 392.612 6.3053e-08
0.375 1.82408 0 393.615 6.25583e-08
0.375 1.82408 0 394.617 6.20677e-08
0.375 1.82408 0 395.62 6.15812e-08
0.375 1.82408 0 396.622 6.10988e-08
0.375 1.82408 0 397.625 6.06204e-08
0.375 1.82408 0 398.627 6.01459e-08
0.375 1.82408 0 399.63 5.96754e-08
0.375 1.82408 0 400.632 5.92088e-08
0.375 1.82408 0 401.635 5.8746e-08
0.375 1.82408 0 402.637 5.82871e-08
0.375 1.82408 0 403.64 5.7832e-08
0.375 1.82408 0 404.642 5.73807e-08
0.375 1.82408 0 405.645 5.69331e-08
0.375 1.82408 0 406.647 5.64891e-08
0.375 1.82408 0 407.649 5.60489e-08
0.375 1.82408 0 408.652 5.56123e-08
0.375 1.82408 0 409.654 5.51793e-08
0.375 1.82408 0 410.657 5.47499e-08
0.375 1.82408 0 411.659 5.4324e-08
0.375 1.82408 0 412.662 5.39016e-08
0.375 1.82408 0 413.664 5.34827e-08
0.375 1.82408 0 414.667 5.30672e-08
0.375 1.82408 0 415.669 5.26551e-08
0.375 1.82408 0 416.672 5.22465e-08
0.375 1.82408 0 417.674 5.18411e-08
0.375 1.82408 0 418.677 5.14392e-08
0.375 1.82408 0 419.679 5.10405e-08
0.375 1.82408 0 420.682 5.0645e-08
0.375 1.82408 0 421.684 5.02529e-08
0.375 1.82408 0 422.686 4.98639e-08
0.375 1.82408 0 423.689 4.94781e-08
0.375 1.82408 0 424.691 4.90955e-08
0.375 1.82408 0 425.694 4.87159e-08
0.375 1.82408 0 426.696 4.83395e-08
0.375 1.82408 0 427.699 4.79662e-08
0.375 1.82408 0 428.701 4.75959e-08
0.375 1.82408 0 429.704 4.72286e-08
0.375 1.82408 0 430.706 4.68643e-08
0.375 1.82408 0 431.709 4.6503e-08
0.375 1.82408 0 432.711 4.61446e-08
0.375 1.82408 0 433.714 4.57892e-08
0.375 1.82408 0 434.716 4.54366e-08
0.375 1.82408 0 435.719 4.50869e-08
0.375 1.82408 0 436.721 4.474e-08
0.375 1.82408 0 437.724 4.4396e-08
0.375 1.82408 0 438.726 4.40547e-08
0.375 1.82408 0 439.728 4.37162e-08
0.375 1.82408 0 440.731 4.33805e-08
0.375 1.82408 0 441.733 4.30474e-08
0.375 1.82408 0 442.736 4.27171e-08
0.375 1.82408 0 443.738 4.23894e-08
0.375 1.82408 0 444.741 4.20644e-08
0.375 1.82408 0 445.743 4.1742e-08
0.375 1.82408 0 446.746 4.14223e-08
0.375 1.82408 0 447.748 4.11051e-08
0.375 1.82408 0 448.751 4.07904e-08
0.375 1.82408 0 449.753 4.04783e-08
0.375 1.82408 0 450.756 4.01687e-08
0.375 1.82408 0 451.758 3.98616e-08
0.375 1.82408 0 452.761 3.9557e-08
0.375 1.82408 0 453.763 3.92548e-08
0.375 1.82408 0 454.765 3.89551e-08
0.375 1.82408 0 455.768 3.86577e-08
0.375 1.82408 0 456.77 3.83628e-08
0.375 1.82408 0 457.773 3.80702e-08
0.375 1.82408 0 458.775 3.778e-08
0.375 1.82408 0 459.778 3.74921e-08
0.375 1.82408 0 460.78 3.72065e-08
0.375 1.82408 0 461.783 3.69232e-08
0.375 1.82408 0 462.785 3.66421e-08
0.375 1.82408 0 463.788 3.63633e-08
0.375 1.82408 0 464.79 3.60868e-08
0.375 1.82408 0 465.793 3.58124e-08
0.375 1.82408 0 466.795 3.55403e-08
0.375 1.82408 0 467.798 3.52703e-08
0.375 1.82408 0 468.8 3.50025e-08
0.375 1.82408 0 469.803 3.47368e-08
0.375 1.82408 0 470.805 3.44732e-08
0.375 1.82408 0 471.807 3.42117e-08
0.375 1.82408 0 472.81 3.39524e-08
0.375 1.82408 0 473.812 3.3695e-08
0.375 1.82408 0 474.815 3.34398e-08
0.375 1.82408 0 475.817 3.31865e-08
0.375 1.82408 0 476.82 3.29353e-08
0.375 1.82408 0 477.822 3.26861e-08
0.375 1.82408 0 478.825 3.24388e-08
0.375 1.82408 0 479.827 3.21936e-08
0.375 1.82408 0 480.83 3.19502e-08
0.375 1.82408 0 481.832 3.17088e-08
0.375 1.82408 0 482.835 3.14693e-08
0.375 1.82408 0 483.837 3.12317e-08
0.375 1.82408 0 484.84 3.0996e-08
0.375 1.82408 0 485.842 3.07622e-08
0.375 1.82408 0 486.844 3.05302e-08
0.375 1.82408 0 487.847 3.03e-08
0.375 1.82408 0 488.849 3.00717e-08
0.375 1.82408 0 489.852 2.98452e-08
0.375 1.82408 0 490.854 2.96204e-08
0.375 1.82408 0 491.857 2.93974e-08
0.375 1.82408 0 492.859 2.91762e-08
0.375 1.82408 0 493.862 2.89568e-08
0.375 1.82408 0 494.864 2.8739e-08
0.375 1.82408 0 495.867 2.8523e-08
0.375 1.82408 0 496.869 2.83087e-08
0.375 1.82408 0 497.872 2.80961e-08
0.375 1.82408 0 498.874 2.78851e-08
0.375 1.82408 0 499.877 2.76758e-08
0.375 1.82408 0 500.879 2.74682e-08
0.375 1.82408 0 501.882 2.72622e-08
0.375 1.82408 0 502.884 2.70578e-08
0.375 1.82408 0 503.886 2.6855e-08
0.375 1.82408 0 504.889 2.66538e-08
0.375 1.82408 0 505.891 2.64541e-08
0.375 1.82408 0 506.894 2.62561e-08
0.375 1.82408 0 507.896 2.60596e-08
0.375 1.82408 0 508.899 2.58646e-08
0.375 1.82408 0 509.901 2.56712e-08
0.375 1.82408 0 510.904 2.54792e-08
0.375 1.82408 0 511.906 2.52888e-08
0.375 1.82408 0 512.909 2.50999e-08
0.375 1.82408 0 513.911 2.49124e-08
0.375 1.82408 0 514.914 2.47264e-08
0.375 1.82408 0 515.916 2.45419e-08
0.375 1.82408 0 516.919 2.43588e-08
0.375 1.82408 0 517.921 2.41771e-08
0.375 1.82408 0 518.923 2.39969e-08
0.375 1.82408 0 519.926 2.3818e-08
0.375 1.82408 0 520.928 2.36406e-08
0.375 1.82408 0 521.931 2.34645e-08
0.375 1.82408 0 522.933 2.32898e-08
0.375 1.82408 0 523.936 2.31164e-08
0.375 1.82408 0 524.938 2.29444e-08
0.375 1.82408 0 525.941 2.27738e-08
0.375 1.82408 0 526.943 2.26045e-08
0.375 1.82408 0 527.946 2.24364e-08
0.375 1.82408 0 528.948 2.22697e-08
0.375 1.82408 0 529.951 2.21043e-08
0.375 1.82408 0 530.953 2.19402e-08
0.375 1.82408 0 531.956 2.17773e-08
0.375 1.82408 0 532.958 2.16157e-08
0.375 1.82408 0 533.961 2.14554e-08
0.375 1.82408 0 534.963 2.12963e-08
0.375 1.82408 0 535.965 2.11384e-08
0.375 1.82408 0 536.968 2.09818e-08
0.375 1.82408 0 537.97 2.08263e-08
0.375 1.82408 0 538.973 2.06721e-08
0.375 1.82408 0 539.975 2.05191e-08
0.375 1.82408 0 540.978 2.03672e-08
0.375 1.82408 0 541.98 2.02165e-08
0.375 1.82408 0 542.983 2.0067e-08
0.375 1.82408 0 543.985 1.99186e-08
0.375 1.82408 0 544.988 1.97714e-08
0.375 1.82408 0 545.99 1.96253e-08
0.375 1.82408 0 546.993 1.94804e-08
0.375 1.82408 0 547.995 1.93365e-08
0.375 1.82408 0 548.998 1.91938e-08
0.375 1.82408 0 550 1.90521e-08
