0.67 1.82408 0 150.015 1.22333e-06
0.67 1.82408 0 151.017 2.12946e-06
0.67 1.82408 0 152.02 2.25995e-06
0.67 1.82408 0 153.022 2.22179e-06
0.67 1.82408 0 154.025 2.17149e-06
0.67 1.82408 0 155.027 2.12501e-06
0.67 1.82408 0 156.03 2.08246e-06
0.67 1.82408 0 157.032 2.04289e-06
0.67 1.82408 0 158.035 2.00562e-06
0.67 1.82408 0 159.037 1.9702e-06
0.67 1.82408 0 160.04 1.93631e-06
0.67 1.82408 0 161.042 1.90372e-06
0.67 1.82408 0 162.045 1.87227e-06
0.67 1.82408 0 163.047 1.84181e-06
0.67 1.82408 0 164.05 1.81226e-06
0.67 1.82408 0 165.052 1.78353e-06
0.67 1.82408 0 166.054 1.75555e-06
0.67 1.82408 0 167.057 1.72827e-06
0.67 1.82408 0 168.059 1.70163e-06
0.67 1.82408 0 169.062 1.6756e-06
0.67 1.82408 0 170.064 1.65015e-06
0.67 1.82408 0 171.067 1.62523e-06
0.67 1.82408 0 172.069 1.60084e-06
0.67 1.82408 0 173.072 1.57693e-06
0.67 1.82408 0 174.074 1.5535e-06
0.67 1.82408 0 175.077 1.53051e-06
0.67 1.82408 0 176.079 1.50796e-06
0.67 1.82408 0 177.082 1.48583e-06
0.67 1.82408 0 178.084 1.46411e-06
0.67 1.82408 0 179.087 1.44277e-06
0.67 1.82408 0 180.089 1.42181e-06
0.67 1.82408 0 181.092 1.40122e-06
0.67 1.82408 0 182.094 1.38098e-06
0.67 1.82408 0 183.096 1.36109e-06
0.67 1.82408 0 184.099 1.34154e-06
0.67 1.82408 0 185.101 1.32231e-06
0.67 1.82408 0 186.104 1.3034e-06
0.67 1.82408 0 187.106 1.2848e-06
0.67 1.82408 0 188.109 1.26651e-06
0.67 1.82408 0 189.111 1.24851e-06
0.67 1.82408 0 190.114 1.23081e-06
0.67 1.82408 0 191.116 1.21338e-06
0.67 1.82408 0 192.119 1.19623e-06
0.67 1.82408 0 193.121 1.17936e-06
0.67 1.82408 0 194.124 1.16275e-06
0.67 1.82408 0 195.126 1.14639e-06
0.67 1.82408 0 196.129 1.1303e-06
0.67 1.82408 0 197.131 1.11445e-06
0.67 1.82408 0 198.133 1.09884e-06
0.67 1.82408 0 199.136 1.08348e-06
0.67 1.82408 0 200.138 1.06835e-06
0.67 1.82408 0 201.141 1.05345e-06
0.67 1.82408 0 202.143 1.03877e-06
0.67 1.82408 0 203.146 1.02432e-06
0.67 1.82408 0 204.148 1.01008e-06
0.67 1.82408 0 205.151 9.96063e-07
0.67 1.82408 0 206.153 9.82252e-07
0.67 1.82408 0 207.156 9.68647e-07
0.67 1.82408 0 208.158 9.55244e-07
0.67 1.82408 0 209.161 9.4204e-07
0.67 1.82408 0 210.163 9.29031e-07
0.67 1.82408 0 211.166 9.16214e-07
0.67 1.82408 0 212.168 9.03586e-07
0.67 1.82408 0 213.171 8.91144e-07
0.67 1.82408 0 214.173 8.78884e-07
0.67 1.82408 0 215.175 8.66804e-07
0.67 1.82408 0 216.178 8.54899e-07
0.67 1.82408 0 217.18 8.43169e-07
0.67 1.82408 0 218.183 8.31608e-07
0.67 1.82408 0 219.185 8.20216e-07
0.67 1.82408 0 220.188 8.08988e-07
0.67 1.82408 0 221.19 7.97923e-07
0.67 1.82408 0 222.193 7.87018e-07
0.67 1.82408 0 223.195 7.7627e-07
0.67 1.82408 0 224.198 7.65676e-07
0.67 1.82408 0 225.2 7.55235e-07
0.67 1.82408 0 226.203 7.44944e-07
0.67 1.82408 0 227.205 7.34799e-07
0.67 1.82408 0 228.208 7.248e-07
0.67 1.82408 0 229.21 7.14944e-07
0.67 1.82408 0 230.212 7.05229e-07
0.67 1.82408 0 231.215 6.95651e-07
0.67 1.82408 0 232.217 6.8621e-07
0.67 1.82408 0 233.22 6.76904e-07
0.67 1.82408 0 234.222 6.67729e-07
0.67 1.82408 0 235.225 6.58684e-07
0.67 1.82408 0 236.227 6.49768e-07
0.67 1.82408 0 237.23 6.40977e-07
0.67 1.82408 0 238.232 6.32311e-07
0.67 1.82408 0 239.235 6.23767e-07
0.67 1.82408 0 240.237 6.15343e-07
0.67 1.82408 0 241.24 6.07038e-07
0.67 1.82408 0 242.242 5.9885e-07
0.67 1.82408 0 243.245 5.90777e-07
0.67 1.82408 0 244.247 5.82817e-07
0.67 1.82408 0 245.25 5.74969e-07
0.67 1.82408 0 246.252 5.67231e-07
0.67 1.82408 0 247.254 5.59602e-07
0.67 1.82408 0 248.257 5.52079e-07
0.67 1.82408 0 249.259 5.44661e-07
0.67 1.82408 0 250.262 5.37347e-07
0.67 1.82408 0 251.264 5.30135e-07
0.67 1.82408 0 252.267 5.23023e-07
0.67 1.82408 0 253.269 5.1601e-07
0.67 1.82408 0 254.272 5.09095e-07
0.67 1.82408 0 255.274 5.02277e-07
0.67 1.82408 0 256.277 4.95553e-07
0.67 1.82408 0 257.279 4.88922e-07
0.67 1.82408 0 258.282 4.82383e-07
0.67 1.82408 0 259.284 4.75935e-07
0.67 1.82408 0 260.287 4.69577e-07
0.67 1.82408 0 261.289 4.63306e-07
0.67 1.82408 0 262.291 4.57122e-07
0.67 1.82408 0 263.294 4.51024e-07
0.67 1.82408 0 264.296 4.4501e-07
0.67 1.82408 0 265.299 4.39079e-07
0.67 1.82408 0 266.301 4.33229e-07
0.67 1.82408 0 267.304 4.27461e-07
0.67 1.82408 0 268.306 4.21772e-07
0.67 1.82408 0 269.309 4.16161e-07
0.67 1.82408 0 270.311 4.10627e-07
0.67 1.82408 0 271.314 4.0517e-07
0.67 1.82408 0 272.316 3.99788e-07
0.67 1.82408 0 273.319 3.94479e-07
0.67 1.82408 0 274.321 3.89244e-07
0.67 1.82408 0 275.324 3.8408e-07
0.67 1.82408 0 276.326 3.78987e-07
0.67 1.82408 0 277.329 3.73964e-07
0.67 1.82408 0 278.331 3.69009e-07
0.67 1.82408 0 279.333 3.64123e-07
0.67 1.82408 0 280.336 3.59303e-07
0.67 1.82408 0 281.338 3.54549e-07
0.67 1.82408 0 282.341 3.4986e-07
0.67 1.82408 0 283.343 3.45235e-07
0.67 1.82408 0 284.346 3.40674e-07
0.67 1.82408 0 285.348 3.36174e-07
0.67 1.82408 0 286.351 3.31736e-07
0.67 1.82408 0 287.353 3.27358e-07
0.67 1.82408 0 288.356 3.2304e-07
0.67 1.82408 0 289.358 3.18781e-07
0.67 1.82408 0 290.361 3.1458e-07
0.67 1.82408 0 291.363 3.10436e-07
0.67 1.82408 0 292.366 3.06348e-07
0.67 1.82408 0 293.368 3.02315e-07
0.67 1.82408 0 294.37 2.98338e-07
0.67 1.82408 0 295.373 2.94414e-07
0.67 1.82408 0 296.375 2.90544e-07
0.67 1.82408 0 297.378 2.86726e-07
0.67 1.82408 0 298.38 2.8296e-07
0.67 1.82408 0 299.383 2.79245e-07
0.67 1.82408 0 300.385 2.7558e-07
0.67 1.82408 0 301.388 2.71964e-07
0.67 1.82408 0 302.39 2.68398e-07
0.67 1.82408 0 303.393 2.6488e-07
0.67 1.82408 0 304.395 2.61409e-07
0.67 1.82408 0 305.398 2.57985e-07
0.67 1.82408 0 306.4 2.54608e-07
0.67 1.82408 0 307.403 2.51276e-07
0.67 1.82408 0 308.405 2.47988e-07
0.67 1.82408 0 309.408 2.44746e-07
0.67 1.82408 0 310.41 2.41547e-07
0.67 1.82408 0 311.412 2.38391e-07
0.67 1.82408 0 312.415 2.35277e-07
0.67 1.82408 0 313.417 2.32205e-07
0.67 1.82408 0 314.42 2.29175e-07
0.67 1.82408 0 315.422 2.26185e-07
0.67 1.82408 0 316.425 2.23236e-07
0.67 1.82408 0 317.427 2.20326e-07
0.67 1.82408 0 318.43 2.17455e-07
0.67 1.82408 0 319.432 2.14623e-07
0.67 1.82408 0 320.435 2.11828e-07
0.67 1.82408 0 321.437 2.09072e-07
0.67 1.82408 0 322.44 2.06352e-07
0.67 1.82408 0 323.442 2.03668e-07
0.67 1.82408 0 324.445 2.01021e-07
0.67 1.82408 0 325.447 1.98408e-07
0.67 1.82408 0 326.449 1.95831e-07
0.67 1.82408 0 327.452 1.93288e-07
0.67 1.82408 0 328.454 1.9078e-07
0.67 1.82408 0 329.457 1.88304e-07
0.67 1.82408 0 330.459 1.85862e-07
0.67 1.82408 0 331.462 1.83453e-07
0.67 1.82408 0 332.464 1.81075e-07
0.67 1.82408 0 333.467 1.78729e-07
0.67 1.82408 0 334.469 1.76415e-07
0.67 1.82408 0 335.472 1.74131e-07
0.67 1.82408 0 336.474 1.71878e-07
0.67 1.82408 0 337.477 1.69654e-07
0.67 1.82408 0 338.479 1.67461e-07
0.67 1.82408 0 339.482 1.65296e-07
0.67 1.82408 0 340.484 1.6316e-07
0.67 1.82408 0 341.487 1.61053e-07
0.67 1.82408 0 342.489 1.58974e-07
0.67 1.82408 0 343.491 1.56922e-07
0.67 1.82408 0 344.494 1.54897e-07
0.67 1.82408 0 345.496 1.529e-07
0.67 1.82408 0 346.499 1.50929e-07
0.67 1.82408 0 347.501 1.48984e-07
0.67 1.82408 0 348.504 1.47064e-07
0.67 1.82408 0 349.506 1.4517e-07
0.67 1.82408 0 350.509 1.43302e-07
0.67 1.82408 0 351.511 1.41458e-07
0.67 1.82408 0 352.514 1.39638e-07
0.67 1.82408 0 353.516 1.37842e-07
0.67 1.82408 0 354.519 1.3607e-07
0.67 1.82408 0 355.521 1.34322e-07
0.67 1.82408 0 356.524 1.32597e-07
0.67 1.82408 0 357.526 1.30894e-07
0.67 1.82408 0 358.528 1.29214e-07
0.67 1.82408 0 359.531 1.27556e-07
0.67 1.82408 0 360.533 1.2592e-07
0.67 1.82408 0 361.536 1.24305e-07
0.67 1.82408 0 362.538 1.22712e-07
0.67 1.82408 0 363.541 1.2114e-07
0.67 1.82408 0 364.543 1.19588e-07
0.67 1.82408 0 365.546 1.18057e-07
0.67 1.82408 0 366.548 1.16546e-07
0.67 1.82408 0 367.551 1.15055e-07
0.67 1.82408 0 368.553 1.13583e-07
0.67 1.82408 0 369.556 1.12131e-07
0.67 1.82408 0 370.558 1.10698e-07
0.67 1.82408 0 371.561 1.09283e-07
0.67 1.82408 0 372.563 1.07888e-07
0.67 1.82408 0 373.566 1.0651e-07
0.67 1.82408 0 374.568 1.05151e-07
0.67 1.82408 0 375.57 1.03809e-07
0.67 1.82408 0 376.573 1.02485e-07
0.67 1.82408 0 377.575 1.01178e-07
0.67 1.82408 0 378.578 9.98888e-08
0.67 1.82408 0 379.58 9.86161e-08
0.67 1.82408 0 380.583 9.73601e-08
0.67 1.82408 0 381.585 9.61204e-08
0.67 1.82408 0 382.588 9.4897e-08
0.67 1.82408 0 383.59 9.36896e-08
0.67 1.82408 0 384.593 9.24979e-08
0.67 1.82408 0 385.595 9.13218e-08
0.67 1.82408 0 386.598 9.0161e-08
0.67 1.82408 0 387.6 8.90154e-08
0.67 1.82408 0 388.603 8.78847e-08
0.67 1.82408 0 389.605 8.67688e-08
0.67 1.82408 0 390.607 8.56674e-08
0.67 1.82408 0 391.61 8.45803e-08
0.67 1.82408 0 392.612 8.35074e-08
0.67 1.82408 0 393.615 8.24485e-08
0.67 1.82408 0 394.617 8.14033e-08
0.67 1.82408 0 395.62 8.03718e-08
0.67 1.82408 0 396.622 7.93536e-08
0.67 1.82408 0 397.625 7.83487e-08
0.67 1.82408 0 398.627 7.73568e-08
0.67 1.82408 0 399.63 7.63778e-08
0.67 1.82408 0 400.632 7.54116e-08
0.67 1.82408 0 401.635 7.44578e-08
0.67 1.82408 0 402.637 7.35165e-08
0.67 1.82408 0 403.64 7.25873e-08
0.67 1.82408 0 404.642 7.16702e-08
0.67 1.82408 0 405.645 7.0765e-08
0.67 1.82408 0 406.647 6.98715e-08
0.67 1.82408 0 407.649 6.89895e-08
0.67 1.82408 0 408.652 6.8119e-08
0.67 1.82408 0 409.654 6.72598e-08
0.67 1.82408 0 410.657 6.64116e-08
0.67 1.82408 0 411.659 6.55744e-08
0.67 1.82408 0 412.662 6.47481e-08
0.67 1.82408 0 413.664 6.39324e-08
0.67 1.82408 0 414.667 6.31272e-08
0.67 1.82408 0 415.669 6.23325e-08
0.67 1.82408 0 416.672 6.1548e-08
0.67 1.82408 0 417.674 6.07736e-08
0.67 1.82408 0 418.677 6.00092e-08
0.67 1.82408 0 419.679 5.92547e-08
0.67 1.82408 0 420.682 5.85099e-08
0.67 1.82408 0 421.684 5.77747e-08
0.67 1.82408 0 422.686 5.70489e-08
0.67 1.82408 0 423.689 5.63325e-08
0.67 1.82408 0 424.691 5.56253e-08
0.67 1.82408 0 425.694 5.49272e-08
0.67 1.82408 0 426.696 5.42381e-08
0.67 1.82408 0 427.699 5.35578e-08
0.67 1.82408 0 428.701 5.28863e-08
0.67 1.82408 0 429.704 5.22234e-08
0.67 1.82408 0 430.706 5.1569e-08
0.67 1.82408 0 431.709 5.0923e-08
0.67 1.82408 0 432.711 5.02853e-08
0.67 1.82408 0 433.714 4.96558e-08
0.67 1.82408 0 434.716 4.90344e-08
0.67 1.82408 0 435.719 4.84209e-08
0.67 1.82408 0 436.721 4.78153e-08
0.67 1.82408 0 437.724 4.72174e-08
0.67 1.82408 0 438.726 4.66272e-08
0.67 1.82408 0 439.728 4.60446e-08
0.67 1.82408 0 440.731 4.54694e-08
0.67 1.82408 0 441.733 4.49015e-08
0.67 1.82408 0 442.736 4.4341e-08
0.67 1.82408 0 443.738 4.37875e-08
0.67 1.82408 0 444.741 4.32412e-08
0.67 1.82408 0 445.743 4.27018e-08
0.67 1.82408 0 446.746 4.21694e-08
0.67 1.82408 0 447.748 4.16437e-08
0.67 1.82408 0 448.751 4.11247e-08
0.67 1.82408 0 449.753 4.06124e-08
0.67 1.82408 0 450.756 4.01065e-08
0.67 1.82408 0 451.758 3.96072e-08
0.67 1.82408 0 452.761 3.91142e-08
0.67 1.82408 0 453.763 3.86274e-08
0.67 1.82408 0 454.765 3.81469e-08
0.67 1.82408 0 455.768 3.76725e-08
0.67 1.82408 0 456.77 3.72041e-08
0.67 1.82408 0 457.773 3.67417e-08
0.67 1.82408 0 458.775 3.62851e-08
0.67 1.82408 0 459.778 3.58344e-08
0.67 1.82408 0 460.78 3.53894e-08
0.67 1.82408 0 461.783 3.495e-08
0.67 1.82408 0 462.785 3.45163e-08
0.67 1.82408 0 463.788 3.4088e-08
0.67 1.82408 0 464.79 3.36652e-08
0.67 1.82408 0 465.793 3.32477e-08
0.67 1.82408 0 466.795 3.28355e-08
0.67 1.82408 0 467.798 3.24286e-08
0.67 1.82408 0 468.8 3.20268e-08
0.67 1.82408 0 469.803 3.16301e-08
0.67 1.82408 0 470.805 3.12384e-08
0.67 1.82408 0 471.807 3.08517e-08
0.67 1.82408 0 472.81 3.04699e-08
0.67 1.82408 0 473.812 3.00929e-08
0.67 1.82408 0 474.815 2.97207e-08
0.67 1.82408 0 475.817 2.93532e-08
0.67 1.82408 0 476.82 2.89903e-08
0.67 1.82408 0 477.822 2.8632e-08
0.67 1.82408 0 478.825 2.82782e-08
0.67 1.82408 0 479.827 2.7929e-08
0.67 1.82408 0 480.83 2.75841e-08
0.67 1.82408 0 481.832 2.72436e-08
0.67 1.82408 0 482.835 2.69073e-08
0.67 1.82408 0 483.837 2.65753e-08
0.67 1.82408 0 484.84 2.62475e-08
0.67 1.82408 0 485.842 2.59239e-08
0.67 1.82408 0 486.844 2.56043e-08
0.67 1.82408 0 487.847 2.52887e-08
0.67 1.82408 0 488.849 2.49771e-08
0.67 1.82408 0 489.852 2.46694e-08
0.67 1.82408 0 490.854 2.43656e-08
0.67 1.82408 0 491.857 2.40657e-08
0.67 1.82408 0 492.859 2.37695e-08
0.67 1.82408 0 493.862 2.3477e-08
0.67 1.82408 0 494.864 2.31882e-08
0.67 1.82408 0 495.867 2.2903e-08
0.67 1.82408 0 496.869 2.26214e-08
0.67 1.82408 0 497.872 2.23433e-08
0.67 1.82408 0 498.874 2.20688e-08
0.67 1.82408 0 499.877 2.17977e-08
0.67 1.82408 0 500.879 2.15299e-08
0.67 1.82408 0 501.882 2.12656e-08
0.67 1.82408 0 502.884 2.10045e-08
0.67 1.82408 0 503.886 2.07468e-08
0.67 1.82408 0 504.889 2.04922e-08
0.67 1.82408 0 505.891 2.02409e-08
0.67 1.82408 0 506.894 1.99926e-08
0.67 1.82408 0 507.896 1.97475e-08
0.67 1.82408 0 508.899 1.95055e-08
0.67 1.82408 0 509.901 1.92665e-08
0.67 1.82408 0 510.904 1.90305e-08
0.67 1.82408 0 511.906 1.87974e-08
0.67 1.82408 0 512.909 1.85673e-08
0.67 1.82408 0 513.911 1.834e-08
0.67 1.82408 0 514.914 1.81156e-08
0.67 1.82408 0 515.916 1.78939e-08
0.67 1.82408 0 516.919 1.76751e-08
0.67 1.82408 0 517.921 1.74589e-08
0.67 1.82408 0 518.923 1.72455e-08
0.67 1.82408 0 519.926 1.70347e-08
0.67 1.82408 0 520.928 1.68266e-08
0.67 1.82408 0 521.931 1.6621e-08
0.67 1.82408 0 522.933 1.6418e-08
0.67 1.82408 0 523.936 1.62176e-08
0.67 1.82408 0 524.938 1.60196e-08
0.67 1.82408 0 525.941 1.58241e-08
0.67 1.82408 0 526.943 1.5631e-08
0.67 1.82408 0 527.946 1.54404e-08
0.67 1.82408 0 528.948 1.52521e-08
0.67 1.82408 0 529.951 1.50661e-08
0.67 1.82408 0 530.953 1.48825e-08
0.67 1.82408 0 531.956 1.47011e-08
0.67 1.82408 0 532.958 1.4522e-08
0.67 1.82408 0 533.961 1.43452e-08
0.67 1.82408 0 534.963 1.41705e-08
0.67 1.82408 0 535.965 1.3998e-08
0.67 1.82408 0 536.968 1.38276e-08
0.67 1.82408 0 537.97 1.36594e-08
0.67 1.82408 0 538.973 1.34932e-08
0.67 1.82408 0 539.975 1.33291e-08
0.67 1.82408 0 540.978 1.3167e-08
0.67 1.82408 0 541.98 1.30069e-08
0.67 1.82408 0 542.983 1.28489e-08
0.67 1.82408 0 543.985 1.26928e-08
0.67 1.82408 0 544.988 1.25386e-08
0.67 1.82408 0 545.99 1.23863e-08
0.67 1.82408 0 546.993 1.22359e-08
0.67 1.82408 0 547.995 1.20874e-08
0.67 1.82408 0 548.998 1.19407e-08
0.67 1.82408 0 550 1.17958e-08
