1.945 1.82408 0 150.015 3.99902e-06
1.945 1.82408 0 151.017 6.90229e-06
1.945 1.82408 0 152.02 7.19535e-06
1.945 1.82408 0 153.022 6.91544e-06
1.945 1.82408 0 154.025 6.59288e-06
1.945 1.82408 0 155.027 6.2861e-06
1.945 1.82408 0 156.03 5.99805e-06
1.945 1.82408 0 157.032 5.72685e-06
1.945 1.82408 0 158.035 5.47074e-06
1.945 1.82408 0 159.037 5.22835e-06
1.945 1.82408 0 160.04 4.99858e-06
1.945 1.82408 0 161.042 4.78049e-06
1.945 1.82408 0 162.045 4.57329e-06
1.945 1.82408 0 163.047 4.37628e-06
1.945 1.82408 0 164.05 4.18884e-06
1.945 1.82408 0 165.052 4.01039e-06
1.945 1.82408 0 166.054 3.84041e-06
1.945 1.82408 0 167.057 3.67844e-06
1.945 1.82408 0 168.059 3.52403e-06
1.945 1.82408 0 169.062 3.37677e-06
1.945 1.82408 0 170.064 3.23629e-06
1.945 1.82408 0 171.067 3.10223e-06
1.945 1.82408 0 172.069 2.97425e-06
1.945 1.82408 0 173.072 2.85204e-06
1.945 1.82408 0 174.074 2.73532e-06
1.945 1.82408 0 175.077 2.62381e-06
1.945 1.82408 0 176.079 2.51725e-06
1.945 1.82408 0 177.082 2.41539e-06
1.945 1.82408 0 178.084 2.31801e-06
1.945 1.82408 0 179.087 2.22489e-06
1.945 1.82408 0 180.089 2.13582e-06
1.945 1.82408 0 181.092 2.0506e-06
1.945 1.82408 0 182.094 1.96906e-06
1.945 1.82408 0 183.096 1.89103e-06
1.945 1.82408 0 184.099 1.81632e-06
1.945 1.82408 0 185.101 1.7448e-06
1.945 1.82408 0 186.104 1.67631e-06
1.945 1.82408 0 187.106 1.61071e-06
1.945 1.82408 0 188.109 1.54787e-06
1.945 1.82408 0 189.111 1.48766e-06
1.945 1.82408 0 190.114 1.42996e-06
1.945 1.82408 0 191.116 1.37466e-06
1.945 1.82408 0 192.119 1.32166e-06
1.945 1.82408 0 193.121 1.27083e-06
1.945 1.82408 0 194.124 1.2221e-06
1.945 1.82408 0 195.126 1.17536e-06
1.945 1.82408 0 196.129 1.13053e-06
1.945 1.82408 0 197.131 1.08753e-06
1.945 1.82408 0 198.133 1.04626e-06
1.945 1.82408 0 199.136 1.00667e-06
1.945 1.82408 0 200.138 9.68664e-07
1.945 1.82408 0 201.141 9.32187e-07
1.945 1.82408 0 202.143 8.9717e-07
1.945 1.82408 0 203.146 8.63548e-07
1.945 1.82408 0 204.148 8.31263e-07
1.945 1.82408 0 205.151 8.00257e-07
1.945 1.82408 0 206.153 7.70477e-07
1.945 1.82408 0 207.156 7.41869e-07
1.945 1.82408 0 208.158 7.14385e-07
1.945 1.82408 0 209.161 6.87976e-07
1.945 1.82408 0 210.163 6.62599e-07
1.945 1.82408 0 211.166 6.3821e-07
1.945 1.82408 0 212.168 6.14768e-07
1.945 1.82408 0 213.171 5.92233e-07
1.945 1.82408 0 214.173 5.70569e-07
1.945 1.82408 0 215.175 5.49738e-07
1.945 1.82408 0 216.178 5.29708e-07
1.945 1.82408 0 217.18 5.10445e-07
1.945 1.82408 0 218.183 4.91918e-07
1.945 1.82408 0 219.185 4.74096e-07
1.945 1.82408 0 220.188 4.56953e-07
1.945 1.82408 0 221.19 4.40459e-07
1.945 1.82408 0 222.193 4.24589e-07
1.945 1.82408 0 223.195 4.09319e-07
1.945 1.82408 0 224.198 3.94623e-07
1.945 1.82408 0 225.2 3.80479e-07
1.945 1.82408 0 226.203 3.66865e-07
1.945 1.82408 0 227.205 3.5376e-07
1.945 1.82408 0 228.208 3.41144e-07
1.945 1.82408 0 229.21 3.28997e-07
1.945 1.82408 0 230.212 3.17302e-07
1.945 1.82408 0 231.215 3.0604e-07
1.945 1.82408 0 232.217 2.95195e-07
1.945 1.82408 0 233.22 2.8475e-07
1.945 1.82408 0 234.222 2.74689e-07
1.945 1.82408 0 235.225 2.64999e-07
1.945 1.82408 0 236.227 2.55664e-07
1.945 1.82408 0 237.23 2.46671e-07
1.945 1.82408 0 238.232 2.38006e-07
1.945 1.82408 0 239.235 2.29657e-07
1.945 1.82408 0 240.237 2.21613e-07
1.945 1.82408 0 241.24 2.1386e-07
1.945 1.82408 0 242.242 2.06389e-07
1.945 1.82408 0 243.245 1.99188e-07
1.945 1.82408 0 244.247 1.92248e-07
1.945 1.82408 0 245.25 1.85558e-07
1.945 1.82408 0 246.252 1.79109e-07
1.945 1.82408 0 247.254 1.72891e-07
1.945 1.82408 0 248.257 1.66897e-07
1.945 1.82408 0 249.259 1.61118e-07
1.945 1.82408 0 250.262 1.55545e-07
1.945 1.82408 0 251.264 1.50172e-07
1.945 1.82408 0 252.267 1.4499e-07
1.945 1.82408 0 253.269 1.39992e-07
1.945 1.82408 0 254.272 1.35173e-07
1.945 1.82408 0 255.274 1.30524e-07
1.945 1.82408 0 256.277 1.2604e-07
1.945 1.82408 0 257.279 1.21715e-07
1.945 1.82408 0 258.282 1.17543e-07
1.945 1.82408 0 259.284 1.13518e-07
1.945 1.82408 0 260.287 1.09634e-07
1.945 1.82408 0 261.289 1.05888e-07
1.945 1.82408 0 262.291 1.02273e-07
1.945 1.82408 0 263.294 9.87849e-08
1.945 1.82408 0 264.296 9.54191e-08
1.945 1.82408 0 265.299 9.21711e-08
1.945 1.82408 0 266.301 8.90367e-08
1.945 1.82408 0 267.304 8.60117e-08
1.945 1.82408 0 268.306 8.30922e-08
1.945 1.82408 0 269.309 8.02743e-08
1.945 1.82408 0 270.311 7.75545e-08
1.945 1.82408 0 271.314 7.49292e-08
1.945 1.82408 0 272.316 7.23949e-08
1.945 1.82408 0 273.319 6.99485e-08
1.945 1.82408 0 274.321 6.75868e-08
1.945 1.82408 0 275.324 6.53067e-08
1.945 1.82408 0 276.326 6.31054e-08
1.945 1.82408 0 277.329 6.09801e-08
1.945 1.82408 0 278.331 5.89279e-08
1.945 1.82408 0 279.333 5.69465e-08
1.945 1.82408 0 280.336 5.50331e-08
1.945 1.82408 0 281.338 5.31855e-08
1.945 1.82408 0 282.341 5.14013e-08
1.945 1.82408 0 283.343 4.96783e-08
1.945 1.82408 0 284.346 4.80143e-08
1.945 1.82408 0 285.348 4.64072e-08
1.945 1.82408 0 286.351 4.4855e-08
1.945 1.82408 0 287.353 4.33558e-08
1.945 1.82408 0 288.356 4.19078e-08
1.945 1.82408 0 289.358 4.05091e-08
1.945 1.82408 0 290.361 3.91581e-08
1.945 1.82408 0 291.363 3.7853e-08
1.945 1.82408 0 292.366 3.65922e-08
1.945 1.82408 0 293.368 3.53743e-08
1.945 1.82408 0 294.37 3.41977e-08
1.945 1.82408 0 295.373 3.30609e-08
1.945 1.82408 0 296.375 3.19627e-08
1.945 1.82408 0 297.378 3.09016e-08
1.945 1.82408 0 298.38 2.98764e-08
1.945 1.82408 0 299.383 2.88858e-08
1.945 1.82408 0 300.385 2.79287e-08
1.945 1.82408 0 301.388 2.70038e-08
1.945 1.82408 0 302.39 2.61101e-08
1.945 1.82408 0 303.393 2.52465e-08
1.945 1.82408 0 304.395 2.44119e-08
1.945 1.82408 0 305.398 2.36054e-08
1.945 1.82408 0 306.4 2.2826e-08
1.945 1.82408 0 307.403 2.20728e-08
1.945 1.82408 0 308.405 2.13448e-08
1.945 1.82408 0 309.408 2.06412e-08
1.945 1.82408 0 310.41 1.99612e-08
1.945 1.82408 0 311.412 1.93039e-08
1.945 1.82408 0 312.415 1.86687e-08
1.945 1.82408 0 313.417 1.80546e-08
1.945 1.82408 0 314.42 1.74611e-08
1.945 1.82408 0 315.422 1.68874e-08
1.945 1.82408 0 316.425 1.63328e-08
1.945 1.82408 0 317.427 1.57967e-08
1.945 1.82408 0 318.43 1.52784e-08
1.945 1.82408 0 319.432 1.47774e-08
1.945 1.82408 0 320.435 1.42931e-08
1.945 1.82408 0 321.437 1.38249e-08
1.945 1.82408 0 322.44 1.33722e-08
1.945 1.82408 0 323.442 1.29345e-08
1.945 1.82408 0 324.445 1.25114e-08
1.945 1.82408 0 325.447 1.21023e-08
1.945 1.82408 0 326.449 1.17068e-08
1.945 1.82408 0 327.452 1.13244e-08
1.945 1.82408 0 328.454 1.09546e-08
1.945 1.82408 0 329.457 1.0597e-08
1.945 1.82408 0 330.459 1.02513e-08
1.945 1.82408 0 331.462 9.91702e-09
1.945 1.82408 0 332.464 9.59377e-09
1.945 1.82408 0 333.467 9.28118e-09
1.945 1.82408 0 334.469 8.97891e-09
1.945 1.82408 0 335.472 8.68661e-09
1.945 1.82408 0 336.474 8.40393e-09
1.945 1.82408 0 337.477 8.13057e-09
1.945 1.82408 0 338.479 7.86621e-09
1.945 1.82408 0 339.482 7.61054e-09
1.945 1.82408 0 340.484 7.36329e-09
1.945 1.82408 0 341.487 7.12416e-09
1.945 1.82408 0 342.489 6.89288e-09
1.945 1.82408 0 343.491 6.6692e-09
1.945 1.82408 0 344.494 6.45286e-09
1.945 1.82408 0 345.496 6.24362e-09
1.945 1.82408 0 346.499 6.04124e-09
1.945 1.82408 0 347.501 5.84549e-09
1.945 1.82408 0 348.504 5.65615e-09
1.945 1.82408 0 349.506 5.47301e-09
1.945 1.82408 0 350.509 5.29587e-09
1.945 1.82408 0 351.511 5.12452e-09
1.945 1.82408 0 352.514 4.95877e-09
1.945 1.82408 0 353.516 4.79844e-09
1.945 1.82408 0 354.519 4.64335e-09
1.945 1.82408 0 355.521 4.49332e-09
1.945 1.82408 0 356.524 4.34818e-09
1.945 1.82408 0 357.526 4.20779e-09
1.945 1.82408 0 358.528 4.07197e-09
1.945 1.82408 0 359.531 3.94058e-09
1.945 1.82408 0 360.533 3.81347e-09
1.945 1.82408 0 361.536 3.69049e-09
1.945 1.82408 0 362.538 3.57153e-09
1.945 1.82408 0 363.541 3.45643e-09
1.945 1.82408 0 364.543 3.34508e-09
1.945 1.82408 0 365.546 3.23735e-09
1.945 1.82408 0 366.548 3.13312e-09
1.945 1.82408 0 367.551 3.03228e-09
1.945 1.82408 0 368.553 2.93471e-09
1.945 1.82408 0 369.556 2.84031e-09
1.945 1.82408 0 370.558 2.74898e-09
1.945 1.82408 0 371.561 2.66061e-09
1.945 1.82408 0 372.563 2.5751e-09
1.945 1.82408 0 373.566 2.49237e-09
1.945 1.82408 0 374.568 2.41231e-09
1.945 1.82408 0 375.57 2.33485e-09
1.945 1.82408 0 376.573 2.2599e-09
1.945 1.82408 0 377.575 2.18738e-09
1.945 1.82408 0 378.578 2.1172e-09
1.945 1.82408 0 379.58 2.04929e-09
1.945 1.82408 0 380.583 1.98358e-09
1.945 1.82408 0 381.585 1.91999e-09
1.945 1.82408 0 382.588 1.85846e-09
1.945 1.82408 0 383.59 1.79891e-09
1.945 1.82408 0 384.593 1.74129e-09
1.945 1.82408 0 385.595 1.68553e-09
1.945 1.82408 0 386.598 1.63157e-09
1.945 1.82408 0 387.6 1.57935e-09
1.945 1.82408 0 388.603 1.52881e-09
1.945 1.82408 0 389.605 1.4799e-09
1.945 1.82408 0 390.607 1.43257e-09
1.945 1.82408 0 391.61 1.38677e-09
1.945 1.82408 0 392.612 1.34244e-09
1.945 1.82408 0 393.615 1.29953e-09
1.945 1.82408 0 394.617 1.25801e-09
1.945 1.82408 0 395.62 1.21783e-09
1.945 1.82408 0 396.622 1.17894e-09
1.945 1.82408 0 397.625 1.1413e-09
1.945 1.82408 0 398.627 1.10486e-09
1.945 1.82408 0 399.63 1.06961e-09
1.945 1.82408 0 400.632 1.03548e-09
1.945 1.82408 0 401.635 1.00245e-09
1.945 1.82408 0 402.637 9.70479e-10
1.945 1.82408 0 403.64 9.39537e-10
1.945 1.82408 0 404.642 9.09587e-10
1.945 1.82408 0 405.645 8.80599e-10
1.945 1.82408 0 406.647 8.52541e-10
1.945 1.82408 0 407.649 8.25382e-10
1.945 1.82408 0 408.652 7.99095e-10
1.945 1.82408 0 409.654 7.7365e-10
1.945 1.82408 0 410.657 7.49021e-10
1.945 1.82408 0 411.659 7.25181e-10
1.945 1.82408 0 412.662 7.02104e-10
1.945 1.82408 0 413.664 6.79767e-10
1.945 1.82408 0 414.667 6.58145e-10
1.945 1.82408 0 415.669 6.37214e-10
1.945 1.82408 0 416.672 6.16954e-10
1.945 1.82408 0 417.674 5.97342e-10
1.945 1.82408 0 418.677 5.78356e-10
1.945 1.82408 0 419.679 5.59978e-10
1.945 1.82408 0 420.682 5.42188e-10
1.945 1.82408 0 421.684 5.24966e-10
1.945 1.82408 0 422.686 5.08294e-10
1.945 1.82408 0 423.689 4.92155e-10
1.945 1.82408 0 424.691 4.76532e-10
1.945 1.82408 0 425.694 4.61407e-10
1.945 1.82408 0 426.696 4.46765e-10
1.945 1.82408 0 427.699 4.32591e-10
1.945 1.82408 0 428.701 4.18868e-10
1.945 1.82408 0 429.704 4.05584e-10
1.945 1.82408 0 430.706 3.92723e-10
1.945 1.82408 0 431.709 3.80272e-10
1.945 1.82408 0 432.711 3.68218e-10
1.945 1.82408 0 433.714 3.56549e-10
1.945 1.82408 0 434.716 3.45251e-10
1.945 1.82408 0 435.719 3.34313e-10
1.945 1.82408 0 436.721 3.23724e-10
1.945 1.82408 0 437.724 3.13471e-10
1.945 1.82408 0 438.726 3.03545e-10
1.945 1.82408 0 439.728 2.93936e-10
1.945 1.82408 0 440.731 2.84632e-10
1.945 1.82408 0 441.733 2.75624e-10
1.945 1.82408 0 442.736 2.66902e-10
1.945 1.82408 0 443.738 2.58458e-10
1.945 1.82408 0 444.741 2.50283e-10
1.945 1.82408 0 445.743 2.42367e-10
1.945 1.82408 0 446.746 2.34703e-10
1.945 1.82408 0 447.748 2.27283e-10
1.945 1.82408 0 448.751 2.20098e-10
1.945 1.82408 0 449.753 2.13141e-10
1.945 1.82408 0 450.756 2.06406e-10
1.945 1.82408 0 451.758 1.99884e-10
1.945 1.82408 0 452.761 1.9357e-10
1.945 1.82408 0 453.763 1.87456e-10
1.945 1.82408 0 454.765 1.81536e-10
1.945 1.82408 0 455.768 1.75804e-10
1.945 1.82408 0 456.77 1.70253e-10
1.945 1.82408 0 457.773 1.64879e-10
1.945 1.82408 0 458.775 1.59675e-10
1.945 1.82408 0 459.778 1.54636e-10
1.945 1.82408 0 460.78 1.49757e-10
1.945 1.82408 0 461.783 1.45033e-10
1.945 1.82408 0 462.785 1.40458e-10
1.945 1.82408 0 463.788 1.36028e-10
1.945 1.82408 0 464.79 1.31739e-10
1.945 1.82408 0 465.793 1.27585e-10
1.945 1.82408 0 466.795 1.23563e-10
1.945 1.82408 0 467.798 1.19669e-10
1.945 1.82408 0 468.8 1.15897e-10
1.945 1.82408 0 469.803 1.12245e-10
1.945 1.82408 0 470.805 1.08709e-10
1.945 1.82408 0 471.807 1.05285e-10
1.945 1.82408 0 472.81 1.01968e-10
1.945 1.82408 0 473.812 9.87571e-11
1.945 1.82408 0 474.815 9.56474e-11
1.945 1.82408 0 475.817 9.2636e-11
1.945 1.82408 0 476.82 8.97198e-11
1.945 1.82408 0 477.822 8.68958e-11
1.945 1.82408 0 478.825 8.41611e-11
1.945 1.82408 0 479.827 8.15128e-11
1.945 1.82408 0 480.83 7.89482e-11
1.945 1.82408 0 481.832 7.64645e-11
1.945 1.82408 0 482.835 7.40594e-11
1.945 1.82408 0 483.837 7.17302e-11
1.945 1.82408 0 484.84 6.94745e-11
1.945 1.82408 0 485.842 6.72901e-11
1.945 1.82408 0 486.844 6.51746e-11
1.945 1.82408 0 487.847 6.31259e-11
1.945 1.82408 0 488.849 6.11418e-11
1.945 1.82408 0 489.852 5.92203e-11
1.945 1.82408 0 490.854 5.73595e-11
1.945 1.82408 0 491.857 5.55573e-11
1.945 1.82408 0 492.859 5.3812e-11
1.945 1.82408 0 493.862 5.21218e-11
1.945 1.82408 0 494.864 5.04848e-11
1.945 1.82408 0 495.867 4.88994e-11
1.945 1.82408 0 496.869 4.7364e-11
1.945 1.82408 0 497.872 4.5877e-11
1.945 1.82408 0 498.874 4.44369e-11
1.945 1.82408 0 499.877 4.30421e-11
1.945 1.82408 0 500.879 4.16912e-11
1.945 1.82408 0 501.882 4.0383e-11
1.945 1.82408 0 502.884 3.91159e-11
1.945 1.82408 0 503.886 3.78887e-11
1.945 1.82408 0 504.889 3.67001e-11
1.945 1.82408 0 505.891 3.5549e-11
1.945 1.82408 0 506.894 3.44341e-11
1.945 1.82408 0 507.896 3.33543e-11
1.945 1.82408 0 508.899 3.23085e-11
1.945 1.82408 0 509.901 3.12956e-11
1.945 1.82408 0 510.904 3.03145e-11
1.945 1.82408 0 511.906 2.93643e-11
1.945 1.82408 0 512.909 2.8444e-11
1.945 1.82408 0 513.911 2.75527e-11
1.945 1.82408 0 514.914 2.66893e-11
1.945 1.82408 0 515.916 2.58531e-11
1.945 1.82408 0 516.919 2.50432e-11
1.945 1.82408 0 517.921 2.42588e-11
1.945 1.82408 0 518.923 2.3499e-11
1.945 1.82408 0 519.926 2.27631e-11
1.945 1.82408 0 520.928 2.20503e-11
1.945 1.82408 0 521.931 2.13599e-11
1.945 1.82408 0 522.933 2.06912e-11
1.945 1.82408 0 523.936 2.00435e-11
1.945 1.82408 0 524.938 1.94161e-11
1.945 1.82408 0 525.941 1.88084e-11
1.945 1.82408 0 526.943 1.82198e-11
1.945 1.82408 0 527.946 1.76497e-11
1.945 1.82408 0 528.948 1.70975e-11
1.945 1.82408 0 529.951 1.65626e-11
1.945 1.82408 0 530.953 1.60445e-11
1.945 1.82408 0 531.956 1.55427e-11
1.945 1.82408 0 532.958 1.50566e-11
1.945 1.82408 0 533.961 1.45858e-11
1.945 1.82408 0 534.963 1.41297e-11
1.945 1.82408 0 535.965 1.36879e-11
1.945 1.82408 0 536.968 1.326e-11
1.945 1.82408 0 537.97 1.28455e-11
1.945 1.82408 0 538.973 1.2444e-11
1.945 1.82408 0 539.975 1.20551e-11
1.945 1.82408 0 540.978 1.16784e-11
1.945 1.82408 0 541.98 1.13134e-11
1.945 1.82408 0 542.983 1.096e-11
1.945 1.82408 0 543.985 1.06176e-11
1.945 1.82408 0 544.988 1.02859e-11
1.945 1.82408 0 545.99 9.96461e-12
1.945 1.82408 0 546.993 9.65339e-12
1.945 1.82408 0 547.995 9.35192e-12
1.945 1.82408 0 548.998 9.05989e-12
1.945 1.82408 0 550 8.77701e-12
