# $W$ = 400 nm, $h$ = 300 nm, $s$ = 20 nm, $d/W = 5$, $E_{\rm e}$ = 200 keV
0.6729793661
0.6739793661
0.6749793661
0.6759793661
0.6769793661
0.6779793661
0.6789793661
0.6799793661
0.6809793661
0.6819793661
0.6829793661
0.6839793661
0.6849793661
0.6859793661
0.6869793661
0.6879793661
0.6889793661
0.6899793661
0.6909793661
0.6919793661
0.6929793661
0.6939793661
0.6949793661
0.6959793661
0.6969793661
0.6979793661
0.6989793661
0.6999793661
0.7009793661
0.7019793661
0.7029793661
0.7039793661
0.7049793661
0.7059793661
0.7069793661
0.7079793661
0.7089793661
0.7099793661
0.7109793661
0.7119793661
0.7129793661
0.7139793661
0.7149793661
0.7159793661
0.7169793661
0.7179793661
0.7189793661
0.7199793661
0.7209793661
0.7219793661
0.7229793661
0.7239793661
0.7249793661
0.7259793661
0.7269793661
0.7279793661
0.7289793661
0.7299793661
