# $W$ = 400 nm, $h$ = 300 nm, $s$ = 20 nm, $d/W = 10$, $E_{\rm e}$ = 200 keV
0.6730144931
0.6740144931
0.6750144931
0.6760144931
0.6770144931
0.6780144931
0.6790144931
0.6800144931
0.6810144931
0.6820144931
0.6830144931
0.6840144931
0.6850144931
0.6860144931
0.6870144931
0.6880144931
0.6890144931
0.6900144931
0.6910144931
0.6920144931
0.6930144931
0.6940144931
0.6950144931
0.6960144931
0.6970144931
0.6980144931
0.6990144931
0.7000144931
0.7010144931
0.7020144931
0.7030144931
0.7040144931
0.7050144931
0.7060144931
0.7070144931
0.7080144931
0.7090144931
0.7100144931
0.7110144931
0.7120144931
0.7130144931
0.7140144931
0.7150144931
0.7160144931
0.7170144931
0.7180144931
0.7190144931
0.7200144931
0.7210144931
0.7220144931
0.7230144931
0.7240144931
0.7250144931
0.7260144931
0.7270144931
0.7280144931
0.7290144931
0.7300144931
