# $W$ = 400 nm, $h$ = 300 nm, $s$ = 20 nm, $d/W = 50$, $E_{\rm e}$ = 200 keV
1.6426086416
1.6436086416
1.6446086416
1.6456086416
1.6466086416
1.6476086416
1.6486086416
1.6496086416
1.6506086416
1.6516086416
1.6526086416
1.6536086416
1.6546086416
1.6556086416
1.6566086416
1.6576086416
1.6586086416
1.6596086416
1.6606086416
1.6616086416
1.6626086416
1.6636086416
1.6646086416
1.6656086416
1.6666086416
1.6676086416
1.6686086416
1.6696086416
1.6706086416
1.6716086416
1.6726086416
1.6736086416
1.6746086416
1.6756086416
1.6766086416
1.6776086416
1.6786086416
1.6796086416
1.6806086416
1.6816086416
1.6826086416
1.6836086416
1.6846086416
1.6856086416
1.6866086416
1.6876086416
1.6886086416
1.6896086416
1.6906086416
1.6916086416
1.6926086416
1.6936086416
1.6946086416
1.6956086416
1.6966086416
1.6976086416
1.6986086416
1.6996086416
1.7006086416
1.7016086416
1.7026086416
1.7036086416
1.7046086416
1.7056086416
1.7066086416
1.7076086416
1.7086086416
1.7096086416
1.7106086416
1.7116086416
1.7126086416
1.7136086416
1.7146086416
1.7156086416
1.7166086416
1.7176086416
1.7186086416
1.7196086416
1.7206086416
1.7216086416
1.7226086416
1.7236086416
1.7246086416
1.7256086416
1.7266086416
1.7276086416
1.7286086416
1.7296086416
1.7306086416
1.7316086416
1.7326086416
1.7336086416
1.7346086416
1.7356086416
1.7366086416
1.7376086416
1.7386086416
1.7396086416
1.7406086416
1.7416086416
1.7426086416
1.7436086416
1.7446086416
1.7456086416
1.7466086416
1.7476086416
1.7486086416
1.7496086416
1.7506086416
1.7516086416
1.7526086416
1.7536086416
1.7546086416
1.7556086416
1.7566086416
1.7576086416
1.7586086416
1.7596086416
1.7606086416
1.7616086416
1.7626086416
1.7636086416
1.7646086416
1.7656086416
1.7666086416
1.7676086416
1.7686086416
1.7696086416
1.7706086416
1.7716086416
1.7726086416
1.7736086416
1.7746086416
1.7756086416
1.7766086416
1.7776086416
1.7786086416
1.7796086416
1.7806086416
1.7816086416
1.7826086416
1.7836086416
1.7846086416
1.7856086416
1.7866086416
1.7876086416
1.7886086416
1.7896086416
1.7906086416
1.7916086416
1.7926086416
1.7936086416
1.7946086416
1.7956086416
1.7966086416
1.7976086416
1.7986086416
1.7996086416
1.8006086416
1.8016086416
1.8026086416
1.8036086416
1.8046086416
1.8056086416
1.8066086416
1.8076086416
1.8086086416
1.8096086416
1.8106086416
1.8116086416
1.8126086416
1.8136086416
1.8146086416
1.8156086416
1.8166086416
1.8176086416
1.8186086416
1.8196086416
1.8206086416
1.8216086416
1.8226086416
1.8236086416
1.8246086416
1.8256086416
1.8266086416
1.8276086416
1.8286086416
1.8296086416
1.8306086416
1.8316086416
1.8326086416
1.8336086416
1.8346086416
1.8356086416
1.8366086416
1.8376086416
1.8386086416
1.8396086416
1.8406086416
1.8416086416
1.8426086416
1.8436086416
1.8446086416
1.8456086416
1.8466086416
1.8476086416
1.8486086416
1.8496086416
1.8506086416
1.8516086416
1.8526086416
1.8536086416
1.8546086416
1.8556086416
1.8566086416
1.8576086416
1.8586086416
1.8596086416
1.8606086416
1.8616086416
1.8626086416
