# $W$ = 400 nm, $h$ = 300 nm, $s$ = 20 nm, $d/W = 100$, $E_{\rm e}$ = 200 keV
1.2089273174
1.2099273174
1.2109273174
1.2119273174
1.2129273174
1.2139273174
1.2149273174
1.2159273174
1.2169273174
1.2179273174
1.2189273174
1.2199273174
1.2209273174
1.2219273174
1.2229273174
1.2239273174
1.2249273174
1.2259273174
1.2269273174
1.2279273174
1.2289273174
1.2299273174
1.2309273174
1.2319273174
1.2329273174
1.2339273174
1.2349273174
1.2359273174
1.2369273174
1.2379273174
1.2389273174
1.2399273174
1.2409273174
1.2419273174
1.2429273174
1.2439273174
1.2449273174
1.2459273174
1.2469273174
1.2479273174
1.2489273174
1.2499273174
1.2509273174
1.2519273174
1.2529273174
1.2539273174
1.2549273174
1.2559273174
1.2569273174
1.2579273174
1.2589273174
1.2599273174
1.2609273174
1.2619273174
1.2629273174
1.2639273174
1.2649273174
1.2659273174
1.2669273174
1.2679273174
1.2689273174
1.2699273174
1.2709273174
1.2719273174
1.2729273174
1.2739273174
1.2749273174
1.2759273174
1.2769273174
1.2779273174
1.2789273174
1.2799273174
1.2809273174
1.2819273174
1.2829273174
1.2839273174
1.2849273174
1.2859273174
1.2869273174
1.2879273174
1.2889273174
1.2899273174
1.2909273174
1.2919273174
1.2929273174
1.2939273174
1.2949273174
1.2959273174
1.2969273174
1.2979273174
1.2989273174
1.2999273174
1.3009273174
1.3019273174
1.3029273174
1.3039273174
1.3049273174
1.3059273174
1.3069273174
1.3079273174
1.3089273174
1.3099273174
1.3109273174
1.3119273174
1.3129273174
1.3139273174
1.3149273174
1.3159273174
1.3169273174
