# $W$ = 400 nm, $h$ = 300 nm, $s$ = 20 nm, $d/W = 25$, $E_{\rm e}$ = 200 keV
0.6730132730
0.6740132730
0.6750132730
0.6760132730
0.6770132730
0.6780132730
0.6790132730
0.6800132730
0.6810132730
0.6820132730
0.6830132730
0.6840132730
0.6850132730
0.6860132730
0.6870132730
0.6880132730
0.6890132730
0.6900132730
0.6910132730
0.6920132730
0.6930132730
0.6940132730
0.6950132730
0.6960132730
0.6970132730
0.6980132730
0.6990132730
0.7000132730
0.7010132730
0.7020132730
0.7030132730
0.7040132730
0.7050132730
0.7060132730
0.7070132730
0.7080132730
0.7090132730
0.7100132730
0.7110132730
0.7120132730
0.7130132730
0.7140132730
0.7150132730
0.7160132730
0.7170132730
0.7180132730
0.7190132730
0.7200132730
0.7210132730
0.7220132730
0.7230132730
0.7240132730
0.7250132730
0.7260132730
0.7270132730
0.7280132730
0.7290132730
0.7300132730
