# $W$ = 400 nm, $h$ = 300 nm, $s$ = 20 nm, $d/W = 5$, $E_{\rm e}$ = 200 keV
1.6336413139
1.6346413139
1.6356413139
1.6366413139
1.6376413139
1.6386413139
1.6396413139
1.6406413139
1.6416413139
1.6426413139
1.6436413139
1.6446413139
1.6456413139
1.6466413139
1.6476413139
1.6486413139
1.6496413139
1.6506413139
1.6516413139
1.6526413139
1.6536413139
1.6546413139
1.6556413139
1.6566413139
1.6576413139
1.6586413139
1.6596413139
1.6606413139
1.6616413139
1.6626413139
1.6636413139
1.6646413139
1.6656413139
1.6666413139
1.6676413139
1.6686413139
1.6696413139
1.6706413139
1.6716413139
1.6726413139
1.6736413139
1.6746413139
1.6756413139
1.6766413139
1.6776413139
1.6786413139
1.6796413139
1.6806413139
1.6816413139
1.6826413139
1.6836413139
1.6846413139
1.6856413139
1.6866413139
1.6876413139
1.6886413139
1.6896413139
1.6906413139
1.6916413139
1.6926413139
1.6936413139
1.6946413139
1.6956413139
1.6966413139
1.6976413139
1.6986413139
1.6996413139
1.7006413139
1.7016413139
1.7026413139
1.7036413139
1.7046413139
1.7056413139
1.7066413139
1.7076413139
1.7086413139
1.7096413139
1.7106413139
1.7116413139
1.7126413139
1.7136413139
1.7146413139
1.7156413139
1.7166413139
1.7176413139
1.7186413139
1.7196413139
1.7206413139
1.7216413139
1.7226413139
1.7236413139
1.7246413139
1.7256413139
1.7266413139
1.7276413139
1.7286413139
1.7296413139
1.7306413139
1.7316413139
1.7326413139
1.7336413139
1.7346413139
1.7356413139
1.7366413139
1.7376413139
1.7386413139
1.7396413139
1.7406413139
1.7416413139
1.7426413139
1.7436413139
1.7446413139
1.7456413139
1.7466413139
1.7476413139
1.7486413139
1.7496413139
1.7506413139
1.7516413139
1.7526413139
1.7536413139
1.7546413139
1.7556413139
1.7566413139
1.7576413139
1.7586413139
1.7596413139
1.7606413139
1.7616413139
1.7626413139
1.7636413139
1.7646413139
1.7656413139
1.7666413139
1.7676413139
1.7686413139
1.7696413139
1.7706413139
1.7716413139
1.7726413139
1.7736413139
1.7746413139
1.7756413139
1.7766413139
1.7776413139
1.7786413139
1.7796413139
1.7806413139
1.7816413139
1.7826413139
1.7836413139
1.7846413139
1.7856413139
1.7866413139
1.7876413139
1.7886413139
1.7896413139
1.7906413139
1.7916413139
1.7926413139
1.7936413139
1.7946413139
1.7956413139
1.7966413139
1.7976413139
1.7986413139
1.7996413139
1.8006413139
1.8016413139
1.8026413139
1.8036413139
1.8046413139
1.8056413139
1.8066413139
1.8076413139
1.8086413139
1.8096413139
1.8106413139
1.8116413139
1.8126413139
1.8136413139
1.8146413139
1.8156413139
1.8166413139
1.8176413139
1.8186413139
1.8196413139
1.8206413139
1.8216413139
1.8226413139
1.8236413139
1.8246413139
1.8256413139
1.8266413139
1.8276413139
1.8286413139
1.8296413139
1.8306413139
1.8316413139
1.8326413139
1.8336413139
1.8346413139
1.8356413139
1.8366413139
1.8376413139
1.8386413139
1.8396413139
1.8406413139
1.8416413139
1.8426413139
1.8436413139
1.8446413139
1.8456413139
1.8466413139
1.8476413139
1.8486413139
1.8496413139
1.8506413139
1.8516413139
1.8526413139
1.8536413139
1.8546413139
1.8556413139
1.8566413139
1.8576413139
1.8586413139
1.8596413139
1.8606413139
1.8616413139
1.8626413139
1.8636413139
1.8646413139
1.8656413139
1.8666413139
1.8676413139
1.8686413139
1.8696413139
1.8706413139
