# $W$ = 400 nm, $h$ = 300 nm, $s$ = 20 nm, $d/W = 25$, $E_{\rm e}$ = 200 keV
0.6729688251
0.6739688251
0.6749688251
0.6759688251
0.6769688251
0.6779688251
0.6789688251
0.6799688251
0.6809688251
0.6819688251
0.6829688251
0.6839688251
0.6849688251
0.6859688251
0.6869688251
0.6879688251
0.6889688251
0.6899688251
0.6909688251
0.6919688251
0.6929688251
0.6939688251
0.6949688251
0.6959688251
0.6969688251
0.6979688251
0.6989688251
0.6999688251
0.7009688251
0.7019688251
0.7029688251
0.7039688251
0.7049688251
0.7059688251
0.7069688251
0.7079688251
0.7089688251
0.7099688251
0.7109688251
0.7119688251
0.7129688251
0.7139688251
0.7149688251
0.7159688251
0.7169688251
0.7179688251
0.7189688251
0.7199688251
0.7209688251
0.7219688251
0.7229688251
0.7239688251
0.7249688251
0.7259688251
0.7269688251
0.7279688251
0.7289688251
0.7299688251
