# $W$ = 400 nm, $h$ = 300 nm, $s$ = 20 nm, $d/W = 5$, $E_{\rm e}$ = 200 keV
1.2089210126
1.2099210126
1.2109210126
1.2119210126
1.2129210126
1.2139210126
1.2149210126
1.2159210126
1.2169210126
1.2179210126
1.2189210126
1.2199210126
1.2209210126
1.2219210126
1.2229210126
1.2239210126
1.2249210126
1.2259210126
1.2269210126
1.2279210126
1.2289210126
1.2299210126
1.2309210126
1.2319210126
1.2329210126
1.2339210126
1.2349210126
1.2359210126
1.2369210126
1.2379210126
1.2389210126
1.2399210126
1.2409210126
1.2419210126
1.2429210126
1.2439210126
1.2449210126
1.2459210126
1.2469210126
1.2479210126
1.2489210126
1.2499210126
1.2509210126
1.2519210126
1.2529210126
1.2539210126
1.2549210126
1.2559210126
1.2569210126
1.2579210126
1.2589210126
1.2599210126
1.2609210126
1.2619210126
1.2629210126
1.2639210126
1.2649210126
1.2659210126
1.2669210126
1.2679210126
1.2689210126
1.2699210126
1.2709210126
1.2719210126
1.2729210126
1.2739210126
1.2749210126
1.2759210126
1.2769210126
1.2779210126
1.2789210126
1.2799210126
1.2809210126
1.2819210126
1.2829210126
1.2839210126
1.2849210126
1.2859210126
1.2869210126
1.2879210126
1.2889210126
1.2899210126
1.2909210126
1.2919210126
1.2929210126
1.2939210126
1.2949210126
1.2959210126
1.2969210126
1.2979210126
1.2989210126
1.2999210126
1.3009210126
1.3019210126
1.3029210126
1.3039210126
1.3049210126
1.3059210126
1.3069210126
1.3079210126
1.3089210126
1.3099210126
1.3109210126
1.3119210126
1.3129210126
1.3139210126
1.3149210126
1.3159210126
1.3169210126
