# $W$ = 400 nm, $h$ = 300 nm, $s$ = 20 nm, $d/W = 250$, $E_{\rm e}$ = 200 keV
1.6429918619
1.6439918619
1.6449918619
1.6459918619
1.6469918619
1.6479918619
1.6489918619
1.6499918619
1.6509918619
1.6519918619
1.6529918619
1.6539918619
1.6549918619
1.6559918619
1.6569918619
1.6579918619
1.6589918619
1.6599918619
1.6609918619
1.6619918619
1.6629918619
1.6639918619
1.6649918619
1.6659918619
1.6669918619
1.6679918619
1.6689918619
1.6699918619
1.6709918619
1.6719918619
1.6729918619
1.6739918619
1.6749918619
1.6759918619
1.6769918619
1.6779918619
1.6789918619
1.6799918619
1.6809918619
1.6819918619
1.6829918619
1.6839918619
1.6849918619
1.6859918619
1.6869918619
1.6879918619
1.6889918619
1.6899918619
1.6909918619
1.6919918619
1.6929918619
1.6939918619
1.6949918619
1.6959918619
1.6969918619
1.6979918619
1.6989918619
1.6999918619
1.7009918619
1.7019918619
1.7029918619
1.7039918619
1.7049918619
1.7059918619
1.7069918619
1.7079918619
1.7089918619
1.7099918619
1.7109918619
1.7119918619
1.7129918619
1.7139918619
1.7149918619
1.7159918619
1.7169918619
1.7179918619
1.7189918619
1.7199918619
1.7209918619
1.7219918619
1.7229918619
1.7239918619
1.7249918619
1.7259918619
1.7269918619
1.7279918619
1.7289918619
1.7299918619
1.7309918619
1.7319918619
1.7329918619
1.7339918619
1.7349918619
1.7359918619
1.7369918619
1.7379918619
1.7389918619
1.7399918619
1.7409918619
1.7419918619
1.7429918619
1.7439918619
1.7449918619
1.7459918619
1.7469918619
1.7479918619
1.7489918619
1.7499918619
1.7509918619
1.7519918619
1.7529918619
1.7539918619
1.7549918619
1.7559918619
1.7569918619
1.7579918619
1.7589918619
1.7599918619
1.7609918619
1.7619918619
1.7629918619
1.7639918619
1.7649918619
1.7659918619
1.7669918619
1.7679918619
1.7689918619
1.7699918619
1.7709918619
1.7719918619
1.7729918619
1.7739918619
1.7749918619
1.7759918619
1.7769918619
1.7779918619
1.7789918619
1.7799918619
1.7809918619
1.7819918619
1.7829918619
1.7839918619
1.7849918619
1.7859918619
1.7869918619
1.7879918619
1.7889918619
1.7899918619
1.7909918619
1.7919918619
1.7929918619
1.7939918619
1.7949918619
1.7959918619
1.7969918619
1.7979918619
1.7989918619
1.7999918619
1.8009918619
1.8019918619
1.8029918619
1.8039918619
1.8049918619
1.8059918619
1.8069918619
1.8079918619
1.8089918619
1.8099918619
1.8109918619
1.8119918619
1.8129918619
1.8139918619
1.8149918619
1.8159918619
1.8169918619
1.8179918619
1.8189918619
1.8199918619
1.8209918619
1.8219918619
1.8229918619
1.8239918619
1.8249918619
1.8259918619
1.8269918619
1.8279918619
1.8289918619
1.8299918619
1.8309918619
1.8319918619
1.8329918619
1.8339918619
1.8349918619
1.8359918619
1.8369918619
1.8379918619
1.8389918619
1.8399918619
1.8409918619
1.8419918619
1.8429918619
1.8439918619
1.8449918619
1.8459918619
1.8469918619
1.8479918619
1.8489918619
1.8499918619
1.8509918619
1.8519918619
1.8529918619
1.8539918619
1.8549918619
1.8559918619
1.8569918619
1.8579918619
1.8589918619
1.8599918619
1.8609918619
1.8619918619
