# $W$ = 400 nm, $h$ = 300 nm, $s$ = 20 nm, $d/W = 250$, $E_{\rm e}$ = 200 keV
1.6429607910
1.6439607910
1.6449607910
1.6459607910
1.6469607910
1.6479607910
1.6489607910
1.6499607910
1.6509607910
1.6519607910
1.6529607910
1.6539607910
1.6549607910
1.6559607910
1.6569607910
1.6579607910
1.6589607910
1.6599607910
1.6609607910
1.6619607910
1.6629607910
1.6639607910
1.6649607910
1.6659607910
1.6669607910
1.6679607910
1.6689607910
1.6699607910
1.6709607910
1.6719607910
1.6729607910
1.6739607910
1.6749607910
1.6759607910
1.6769607910
1.6779607910
1.6789607910
1.6799607910
1.6809607910
1.6819607910
1.6829607910
1.6839607910
1.6849607910
1.6859607910
1.6869607910
1.6879607910
1.6889607910
1.6899607910
1.6909607910
1.6919607910
1.6929607910
1.6939607910
1.6949607910
1.6959607910
1.6969607910
1.6979607910
1.6989607910
1.6999607910
1.7009607910
1.7019607910
1.7029607910
1.7039607910
1.7049607910
1.7059607910
1.7069607910
1.7079607910
1.7089607910
1.7099607910
1.7109607910
1.7119607910
1.7129607910
1.7139607910
1.7149607910
1.7159607910
1.7169607910
1.7179607910
1.7189607910
1.7199607910
1.7209607910
1.7219607910
1.7229607910
1.7239607910
1.7249607910
1.7259607910
1.7269607910
1.7279607910
1.7289607910
1.7299607910
1.7309607910
1.7319607910
1.7329607910
1.7339607910
1.7349607910
1.7359607910
1.7369607910
1.7379607910
1.7389607910
1.7399607910
1.7409607910
1.7419607910
1.7429607910
1.7439607910
1.7449607910
1.7459607910
1.7469607910
1.7479607910
1.7489607910
1.7499607910
1.7509607910
1.7519607910
1.7529607910
1.7539607910
1.7549607910
1.7559607910
1.7569607910
1.7579607910
1.7589607910
1.7599607910
1.7609607910
1.7619607910
1.7629607910
1.7639607910
1.7649607910
1.7659607910
1.7669607910
1.7679607910
1.7689607910
1.7699607910
1.7709607910
1.7719607910
1.7729607910
1.7739607910
1.7749607910
1.7759607910
1.7769607910
1.7779607910
1.7789607910
1.7799607910
1.7809607910
1.7819607910
1.7829607910
1.7839607910
1.7849607910
1.7859607910
1.7869607910
1.7879607910
1.7889607910
1.7899607910
1.7909607910
1.7919607910
1.7929607910
1.7939607910
1.7949607910
1.7959607910
1.7969607910
1.7979607910
1.7989607910
1.7999607910
1.8009607910
1.8019607910
1.8029607910
1.8039607910
1.8049607910
1.8059607910
1.8069607910
1.8079607910
1.8089607910
1.8099607910
1.8109607910
1.8119607910
1.8129607910
1.8139607910
1.8149607910
1.8159607910
1.8169607910
1.8179607910
1.8189607910
1.8199607910
1.8209607910
1.8219607910
1.8229607910
1.8239607910
1.8249607910
1.8259607910
1.8269607910
1.8279607910
1.8289607910
1.8299607910
1.8309607910
1.8319607910
1.8329607910
1.8339607910
1.8349607910
1.8359607910
1.8369607910
1.8379607910
1.8389607910
1.8399607910
1.8409607910
1.8419607910
1.8429607910
1.8439607910
1.8449607910
1.8459607910
1.8469607910
1.8479607910
1.8489607910
1.8499607910
1.8509607910
1.8519607910
1.8529607910
1.8539607910
1.8549607910
1.8559607910
1.8569607910
1.8579607910
1.8589607910
1.8599607910
1.8609607910
1.8619607910
