# $W$ = 400 nm, $h$ = 300 nm, $s$ = 20 nm, $d/W = 250$, $E_{\rm e}$ = 200 keV
1.2089234458
1.2099234458
1.2109234458
1.2119234458
1.2129234458
1.2139234458
1.2149234458
1.2159234458
1.2169234458
1.2179234458
1.2189234458
1.2199234458
1.2209234458
1.2219234458
1.2229234458
1.2239234458
1.2249234458
1.2259234458
1.2269234458
1.2279234458
1.2289234458
1.2299234458
1.2309234458
1.2319234458
1.2329234458
1.2339234458
1.2349234458
1.2359234458
1.2369234458
1.2379234458
1.2389234458
1.2399234458
1.2409234458
1.2419234458
1.2429234458
1.2439234458
1.2449234458
1.2459234458
1.2469234458
1.2479234458
1.2489234458
1.2499234458
1.2509234458
1.2519234458
1.2529234458
1.2539234458
1.2549234458
1.2559234458
1.2569234458
1.2579234458
1.2589234458
1.2599234458
1.2609234458
1.2619234458
1.2629234458
1.2639234458
1.2649234458
1.2659234458
1.2669234458
1.2679234458
1.2689234458
1.2699234458
1.2709234458
1.2719234458
1.2729234458
1.2739234458
1.2749234458
1.2759234458
1.2769234458
1.2779234458
1.2789234458
1.2799234458
1.2809234458
1.2819234458
1.2829234458
1.2839234458
1.2849234458
1.2859234458
1.2869234458
1.2879234458
1.2889234458
1.2899234458
1.2909234458
1.2919234458
1.2929234458
1.2939234458
1.2949234458
1.2959234458
1.2969234458
1.2979234458
1.2989234458
1.2999234458
1.3009234458
1.3019234458
1.3029234458
1.3039234458
1.3049234458
1.3059234458
1.3069234458
1.3079234458
1.3089234458
1.3099234458
1.3109234458
1.3119234458
1.3129234458
1.3139234458
1.3149234458
1.3159234458
1.3169234458
