# $W$ = 400 nm, $h$ = 300 nm, $s$ = 20 nm, $d/W = 5$, $E_{\rm e}$ = 200 keV
0.6729795764
0.6739795764
0.6749795764
0.6759795764
0.6769795764
0.6779795764
0.6789795764
0.6799795764
0.6809795764
0.6819795764
0.6829795764
0.6839795764
0.6849795764
0.6859795764
0.6869795764
0.6879795764
0.6889795764
0.6899795764
0.6909795764
0.6919795764
0.6929795764
0.6939795764
0.6949795764
0.6959795764
0.6969795764
0.6979795764
0.6989795764
0.6999795764
0.7009795764
0.7019795764
0.7029795764
0.7039795764
0.7049795764
0.7059795764
0.7069795764
0.7079795764
0.7089795764
0.7099795764
0.7109795764
0.7119795764
0.7129795764
0.7139795764
0.7149795764
0.7159795764
0.7169795764
0.7179795764
0.7189795764
0.7199795764
0.7209795764
0.7219795764
0.7229795764
0.7239795764
0.7249795764
0.7259795764
0.7269795764
0.7279795764
0.7289795764
0.7299795764
