# $W$ = 400 nm, $h$ = 300 nm, $s$ = 20 nm, $d/W = 250$, $E_{\rm e}$ = 200 keV
1.6429873745
1.6439873745
1.6449873745
1.6459873745
1.6469873745
1.6479873745
1.6489873745
1.6499873745
1.6509873745
1.6519873745
1.6529873745
1.6539873745
1.6549873745
1.6559873745
1.6569873745
1.6579873745
1.6589873745
1.6599873745
1.6609873745
1.6619873745
1.6629873745
1.6639873745
1.6649873745
1.6659873745
1.6669873745
1.6679873745
1.6689873745
1.6699873745
1.6709873745
1.6719873745
1.6729873745
1.6739873745
1.6749873745
1.6759873745
1.6769873745
1.6779873745
1.6789873745
1.6799873745
1.6809873745
1.6819873745
1.6829873745
1.6839873745
1.6849873745
1.6859873745
1.6869873745
1.6879873745
1.6889873745
1.6899873745
1.6909873745
1.6919873745
1.6929873745
1.6939873745
1.6949873745
1.6959873745
1.6969873745
1.6979873745
1.6989873745
1.6999873745
1.7009873745
1.7019873745
1.7029873745
1.7039873745
1.7049873745
1.7059873745
1.7069873745
1.7079873745
1.7089873745
1.7099873745
1.7109873745
1.7119873745
1.7129873745
1.7139873745
1.7149873745
1.7159873745
1.7169873745
1.7179873745
1.7189873745
1.7199873745
1.7209873745
1.7219873745
1.7229873745
1.7239873745
1.7249873745
1.7259873745
1.7269873745
1.7279873745
1.7289873745
1.7299873745
1.7309873745
1.7319873745
1.7329873745
1.7339873745
1.7349873745
1.7359873745
1.7369873745
1.7379873745
1.7389873745
1.7399873745
1.7409873745
1.7419873745
1.7429873745
1.7439873745
1.7449873745
1.7459873745
1.7469873745
1.7479873745
1.7489873745
1.7499873745
1.7509873745
1.7519873745
1.7529873745
1.7539873745
1.7549873745
1.7559873745
1.7569873745
1.7579873745
1.7589873745
1.7599873745
1.7609873745
1.7619873745
1.7629873745
1.7639873745
1.7649873745
1.7659873745
1.7669873745
1.7679873745
1.7689873745
1.7699873745
1.7709873745
1.7719873745
1.7729873745
1.7739873745
1.7749873745
1.7759873745
1.7769873745
1.7779873745
1.7789873745
1.7799873745
1.7809873745
1.7819873745
1.7829873745
1.7839873745
1.7849873745
1.7859873745
1.7869873745
1.7879873745
1.7889873745
1.7899873745
1.7909873745
1.7919873745
1.7929873745
1.7939873745
1.7949873745
1.7959873745
1.7969873745
1.7979873745
1.7989873745
1.7999873745
1.8009873745
1.8019873745
1.8029873745
1.8039873745
1.8049873745
1.8059873745
1.8069873745
1.8079873745
1.8089873745
1.8099873745
1.8109873745
1.8119873745
1.8129873745
1.8139873745
1.8149873745
1.8159873745
1.8169873745
1.8179873745
1.8189873745
1.8199873745
1.8209873745
1.8219873745
1.8229873745
1.8239873745
1.8249873745
1.8259873745
1.8269873745
1.8279873745
1.8289873745
1.8299873745
1.8309873745
1.8319873745
1.8329873745
1.8339873745
1.8349873745
1.8359873745
1.8369873745
1.8379873745
1.8389873745
1.8399873745
1.8409873745
1.8419873745
1.8429873745
1.8439873745
1.8449873745
1.8459873745
1.8469873745
1.8479873745
1.8489873745
1.8499873745
1.8509873745
1.8519873745
1.8529873745
1.8539873745
1.8549873745
1.8559873745
1.8569873745
1.8579873745
1.8589873745
1.8599873745
1.8609873745
1.8619873745
