# $W$ = 400 nm, $h$ = 300 nm, $s$ = 20 nm, $d/W = 250$, $E_{\rm e}$ = 200 keV
1.6363404409
1.6373404409
1.6383404409
1.6393404409
1.6403404409
1.6413404409
1.6423404409
1.6433404409
1.6443404409
1.6453404409
1.6463404409
1.6473404409
1.6483404409
1.6493404409
1.6503404409
1.6513404409
1.6523404409
1.6533404409
1.6543404409
1.6553404409
1.6563404409
1.6573404409
1.6583404409
1.6593404409
1.6603404409
1.6613404409
1.6623404409
1.6633404409
1.6643404409
1.6653404409
1.6663404409
1.6673404409
1.6683404409
1.6693404409
1.6703404409
1.6713404409
1.6723404409
1.6733404409
1.6743404409
1.6753404409
1.6763404409
1.6773404409
1.6783404409
1.6793404409
1.6803404409
1.6813404409
1.6823404409
1.6833404409
1.6843404409
1.6853404409
1.6863404409
1.6873404409
1.6883404409
1.6893404409
1.6903404409
1.6913404409
1.6923404409
1.6933404409
1.6943404409
1.6953404409
1.6963404409
1.6973404409
1.6983404409
1.6993404409
1.7003404409
1.7013404409
1.7023404409
1.7033404409
1.7043404409
1.7053404409
1.7063404409
1.7073404409
1.7083404409
1.7093404409
1.7103404409
1.7113404409
1.7123404409
1.7133404409
1.7143404409
1.7153404409
1.7163404409
1.7173404409
1.7183404409
1.7193404409
1.7203404409
1.7213404409
1.7223404409
1.7233404409
1.7243404409
1.7253404409
1.7263404409
1.7273404409
1.7283404409
1.7293404409
1.7303404409
1.7313404409
1.7323404409
1.7333404409
1.7343404409
1.7353404409
1.7363404409
1.7373404409
1.7383404409
1.7393404409
1.7403404409
1.7413404409
1.7423404409
1.7433404409
1.7443404409
1.7453404409
1.7463404409
1.7473404409
1.7483404409
1.7493404409
1.7503404409
1.7513404409
1.7523404409
1.7533404409
1.7543404409
1.7553404409
1.7563404409
1.7573404409
1.7583404409
1.7593404409
1.7603404409
1.7613404409
1.7623404409
1.7633404409
1.7643404409
1.7653404409
1.7663404409
1.7673404409
1.7683404409
1.7693404409
1.7703404409
1.7713404409
1.7723404409
1.7733404409
1.7743404409
1.7753404409
1.7763404409
1.7773404409
1.7783404409
1.7793404409
1.7803404409
1.7813404409
1.7823404409
1.7833404409
1.7843404409
1.7853404409
1.7863404409
1.7873404409
1.7883404409
1.7893404409
1.7903404409
1.7913404409
1.7923404409
1.7933404409
1.7943404409
1.7953404409
1.7963404409
1.7973404409
1.7983404409
1.7993404409
1.8003404409
1.8013404409
1.8023404409
1.8033404409
1.8043404409
1.8053404409
1.8063404409
1.8073404409
1.8083404409
1.8093404409
1.8103404409
1.8113404409
1.8123404409
1.8133404409
1.8143404409
1.8153404409
1.8163404409
1.8173404409
1.8183404409
1.8193404409
1.8203404409
1.8213404409
1.8223404409
1.8233404409
1.8243404409
1.8253404409
1.8263404409
1.8273404409
1.8283404409
1.8293404409
1.8303404409
1.8313404409
1.8323404409
1.8333404409
1.8343404409
1.8353404409
1.8363404409
1.8373404409
1.8383404409
1.8393404409
1.8403404409
1.8413404409
1.8423404409
1.8433404409
1.8443404409
1.8453404409
1.8463404409
1.8473404409
1.8483404409
1.8493404409
1.8503404409
1.8513404409
1.8523404409
1.8533404409
1.8543404409
1.8553404409
1.8563404409
1.8573404409
1.8583404409
1.8593404409
1.8603404409
1.8613404409
1.8623404409
1.8633404409
1.8643404409
1.8653404409
1.8663404409
1.8673404409
1.8683404409
