# $W$ = 400 nm, $h$ = 300 nm, $s$ = 20 nm, $d/W = 10$, $E_{\rm e}$ = 200 keV
1.2089307628
1.2099307628
1.2109307628
1.2119307628
1.2129307628
1.2139307628
1.2149307628
1.2159307628
1.2169307628
1.2179307628
1.2189307628
1.2199307628
1.2209307628
1.2219307628
1.2229307628
1.2239307628
1.2249307628
1.2259307628
1.2269307628
1.2279307628
1.2289307628
1.2299307628
1.2309307628
1.2319307628
1.2329307628
1.2339307628
1.2349307628
1.2359307628
1.2369307628
1.2379307628
1.2389307628
1.2399307628
1.2409307628
1.2419307628
1.2429307628
1.2439307628
1.2449307628
1.2459307628
1.2469307628
1.2479307628
1.2489307628
1.2499307628
1.2509307628
1.2519307628
1.2529307628
1.2539307628
1.2549307628
1.2559307628
1.2569307628
1.2579307628
1.2589307628
1.2599307628
1.2609307628
1.2619307628
1.2629307628
1.2639307628
1.2649307628
1.2659307628
1.2669307628
1.2679307628
1.2689307628
1.2699307628
1.2709307628
1.2719307628
1.2729307628
1.2739307628
1.2749307628
1.2759307628
1.2769307628
1.2779307628
1.2789307628
1.2799307628
1.2809307628
1.2819307628
1.2829307628
1.2839307628
1.2849307628
1.2859307628
1.2869307628
1.2879307628
1.2889307628
1.2899307628
1.2909307628
1.2919307628
1.2929307628
1.2939307628
1.2949307628
1.2959307628
1.2969307628
1.2979307628
1.2989307628
1.2999307628
1.3009307628
1.3019307628
1.3029307628
1.3039307628
1.3049307628
1.3059307628
1.3069307628
1.3079307628
1.3089307628
1.3099307628
1.3109307628
1.3119307628
1.3129307628
1.3139307628
1.3149307628
1.3159307628
1.3169307628
