# $W$ = 400 nm, $h$ = 300 nm, $s$ = 20 nm, $d/W = 5$, $E_{\rm e}$ = 200 keV
1.2089697009
1.2099697009
1.2109697009
1.2119697009
1.2129697009
1.2139697009
1.2149697009
1.2159697009
1.2169697009
1.2179697009
1.2189697009
1.2199697009
1.2209697009
1.2219697009
1.2229697009
1.2239697009
1.2249697009
1.2259697009
1.2269697009
1.2279697009
1.2289697009
1.2299697009
1.2309697009
1.2319697009
1.2329697009
1.2339697009
1.2349697009
1.2359697009
1.2369697009
1.2379697009
1.2389697009
1.2399697009
1.2409697009
1.2419697009
1.2429697009
1.2439697009
1.2449697009
1.2459697009
1.2469697009
1.2479697009
1.2489697009
1.2499697009
1.2509697009
1.2519697009
1.2529697009
1.2539697009
1.2549697009
1.2559697009
1.2569697009
1.2579697009
1.2589697009
1.2599697009
1.2609697009
1.2619697009
1.2629697009
1.2639697009
1.2649697009
1.2659697009
1.2669697009
1.2679697009
1.2689697009
1.2699697009
1.2709697009
1.2719697009
1.2729697009
1.2739697009
1.2749697009
1.2759697009
1.2769697009
1.2779697009
1.2789697009
1.2799697009
1.2809697009
1.2819697009
1.2829697009
1.2839697009
1.2849697009
1.2859697009
1.2869697009
1.2879697009
1.2889697009
1.2899697009
1.2909697009
1.2919697009
1.2929697009
1.2939697009
1.2949697009
1.2959697009
1.2969697009
1.2979697009
1.2989697009
1.2999697009
1.3009697009
1.3019697009
1.3029697009
1.3039697009
1.3049697009
1.3059697009
1.3069697009
1.3079697009
1.3089697009
1.3099697009
1.3109697009
1.3119697009
1.3129697009
1.3139697009
1.3149697009
1.3159697009
1.3169697009
