# $W$ = 300 nm, $h$ = 300 nm, $s$ = 20 nm, $d/W = 100$, $E_{\rm e}$ = 200 keV
1.1708487745
1.1718487745
1.1728487745
1.1738487745
1.1748487745
1.1758487745
1.1768487745
1.1778487745
1.1788487745
1.1798487745
1.1808487745
1.1818487745
1.1828487745
1.1838487745
1.1848487745
1.1858487745
1.1868487745
1.1878487745
1.1888487745
1.1898487745
1.1908487745
1.1918487745
1.1928487745
1.1938487745
1.1948487745
1.1958487745
1.1968487745
1.1978487745
1.1988487745
1.1998487745
1.2008487745
1.2018487745
1.2028487745
1.2038487745
1.2048487745
1.2058487745
1.2068487745
1.2078487745
1.2088487745
1.2098487745
1.2108487745
1.2118487745
1.2128487745
1.2138487745
1.2148487745
1.2158487745
1.2168487745
1.2178487745
1.2188487745
1.2198487745
1.2208487745
1.2218487745
1.2228487745
1.2238487745
1.2248487745
1.2258487745
1.2268487745
1.2278487745
1.2288487745
1.2298487745
1.2308487745
1.2318487745
1.2328487745
1.2338487745
1.2348487745
1.2358487745
1.2368487745
1.2378487745
1.2388487745
1.2398487745
1.2408487745
1.2418487745
1.2428487745
1.2438487745
1.2448487745
1.2458487745
1.2468487745
1.2478487745
1.2488487745
1.2498487745
1.2508487745
1.2518487745
1.2528487745
1.2538487745
1.2548487745
1.2558487745
1.2568487745
1.2578487745
1.2588487745
1.2598487745
1.2608487745
1.2618487745
1.2628487745
1.2638487745
1.2648487745
1.2658487745
1.2668487745
1.2678487745
1.2688487745
1.2698487745
1.2708487745
1.2718487745
1.2728487745
1.2738487745
