# $W$ = 400 nm, $h$ = 300 nm, $s$ = 20 nm, $d/W = 100$, $E_{\rm e}$ = 200 keV
1.6361241038
1.6371241038
1.6381241038
1.6391241038
1.6401241038
1.6411241038
1.6421241038
1.6431241038
1.6441241038
1.6451241038
1.6461241038
1.6471241038
1.6481241038
1.6491241038
1.6501241038
1.6511241038
1.6521241038
1.6531241038
1.6541241038
1.6551241038
1.6561241038
1.6571241038
1.6581241038
1.6591241038
1.6601241038
1.6611241038
1.6621241038
1.6631241038
1.6641241038
1.6651241038
1.6661241038
1.6671241038
1.6681241038
1.6691241038
1.6701241038
1.6711241038
1.6721241038
1.6731241038
1.6741241038
1.6751241038
1.6761241038
1.6771241038
1.6781241038
1.6791241038
1.6801241038
1.6811241038
1.6821241038
1.6831241038
1.6841241038
1.6851241038
1.6861241038
1.6871241038
1.6881241038
1.6891241038
1.6901241038
1.6911241038
1.6921241038
1.6931241038
1.6941241038
1.6951241038
1.6961241038
1.6971241038
1.6981241038
1.6991241038
1.7001241038
1.7011241038
1.7021241038
1.7031241038
1.7041241038
1.7051241038
1.7061241038
1.7071241038
1.7081241038
1.7091241038
1.7101241038
1.7111241038
1.7121241038
1.7131241038
1.7141241038
1.7151241038
1.7161241038
1.7171241038
1.7181241038
1.7191241038
1.7201241038
1.7211241038
1.7221241038
1.7231241038
1.7241241038
1.7251241038
1.7261241038
1.7271241038
1.7281241038
1.7291241038
1.7301241038
1.7311241038
1.7321241038
1.7331241038
1.7341241038
1.7351241038
1.7361241038
1.7371241038
1.7381241038
1.7391241038
1.7401241038
1.7411241038
1.7421241038
1.7431241038
1.7441241038
1.7451241038
1.7461241038
1.7471241038
1.7481241038
1.7491241038
1.7501241038
1.7511241038
1.7521241038
1.7531241038
1.7541241038
1.7551241038
1.7561241038
1.7571241038
1.7581241038
1.7591241038
1.7601241038
1.7611241038
1.7621241038
1.7631241038
1.7641241038
1.7651241038
1.7661241038
1.7671241038
1.7681241038
1.7691241038
1.7701241038
1.7711241038
1.7721241038
1.7731241038
1.7741241038
1.7751241038
1.7761241038
1.7771241038
1.7781241038
1.7791241038
1.7801241038
1.7811241038
1.7821241038
1.7831241038
1.7841241038
1.7851241038
1.7861241038
1.7871241038
1.7881241038
1.7891241038
1.7901241038
1.7911241038
1.7921241038
1.7931241038
1.7941241038
1.7951241038
1.7961241038
1.7971241038
1.7981241038
1.7991241038
1.8001241038
1.8011241038
1.8021241038
1.8031241038
1.8041241038
1.8051241038
1.8061241038
1.8071241038
1.8081241038
1.8091241038
1.8101241038
1.8111241038
1.8121241038
1.8131241038
1.8141241038
1.8151241038
1.8161241038
1.8171241038
1.8181241038
1.8191241038
1.8201241038
1.8211241038
1.8221241038
1.8231241038
1.8241241038
1.8251241038
1.8261241038
1.8271241038
1.8281241038
1.8291241038
1.8301241038
1.8311241038
1.8321241038
1.8331241038
1.8341241038
1.8351241038
1.8361241038
1.8371241038
1.8381241038
1.8391241038
1.8401241038
1.8411241038
1.8421241038
1.8431241038
1.8441241038
1.8451241038
1.8461241038
1.8471241038
1.8481241038
1.8491241038
1.8501241038
1.8511241038
1.8521241038
1.8531241038
1.8541241038
1.8551241038
1.8561241038
1.8571241038
1.8581241038
1.8591241038
1.8601241038
1.8611241038
1.8621241038
1.8631241038
1.8641241038
1.8651241038
1.8661241038
1.8671241038
1.8681241038
