# $W$ = 400 nm, $h$ = 300 nm, $s$ = 20 nm, $d/W = 50$, $E_{\rm e}$ = 200 keV
1.2089570525
1.2099570525
1.2109570525
1.2119570525
1.2129570525
1.2139570525
1.2149570525
1.2159570525
1.2169570525
1.2179570525
1.2189570525
1.2199570525
1.2209570525
1.2219570525
1.2229570525
1.2239570525
1.2249570525
1.2259570525
1.2269570525
1.2279570525
1.2289570525
1.2299570525
1.2309570525
1.2319570525
1.2329570525
1.2339570525
1.2349570525
1.2359570525
1.2369570525
1.2379570525
1.2389570525
1.2399570525
1.2409570525
1.2419570525
1.2429570525
1.2439570525
1.2449570525
1.2459570525
1.2469570525
1.2479570525
1.2489570525
1.2499570525
1.2509570525
1.2519570525
1.2529570525
1.2539570525
1.2549570525
1.2559570525
1.2569570525
1.2579570525
1.2589570525
1.2599570525
1.2609570525
1.2619570525
1.2629570525
1.2639570525
1.2649570525
1.2659570525
1.2669570525
1.2679570525
1.2689570525
1.2699570525
1.2709570525
1.2719570525
1.2729570525
1.2739570525
1.2749570525
1.2759570525
1.2769570525
1.2779570525
1.2789570525
1.2799570525
1.2809570525
1.2819570525
1.2829570525
1.2839570525
1.2849570525
1.2859570525
1.2869570525
1.2879570525
1.2889570525
1.2899570525
1.2909570525
1.2919570525
1.2929570525
1.2939570525
1.2949570525
1.2959570525
1.2969570525
1.2979570525
1.2989570525
1.2999570525
1.3009570525
1.3019570525
1.3029570525
1.3039570525
1.3049570525
1.3059570525
1.3069570525
1.3079570525
1.3089570525
1.3099570525
1.3109570525
1.3119570525
1.3129570525
1.3139570525
1.3149570525
1.3159570525
1.3169570525
