# $W$ = 400 nm, $h$ = 300 nm, $s$ = 20 nm, $d/W = 5$, $E_{\rm e}$ = 200 keV
0.6730177915
0.6740177915
0.6750177915
0.6760177915
0.6770177915
0.6780177915
0.6790177915
0.6800177915
0.6810177915
0.6820177915
0.6830177915
0.6840177915
0.6850177915
0.6860177915
0.6870177915
0.6880177915
0.6890177915
0.6900177915
0.6910177915
0.6920177915
0.6930177915
0.6940177915
0.6950177915
0.6960177915
0.6970177915
0.6980177915
0.6990177915
0.7000177915
0.7010177915
0.7020177915
0.7030177915
0.7040177915
0.7050177915
0.7060177915
0.7070177915
0.7080177915
0.7090177915
0.7100177915
0.7110177915
0.7120177915
0.7130177915
0.7140177915
0.7150177915
0.7160177915
0.7170177915
0.7180177915
0.7190177915
0.7200177915
0.7210177915
0.7220177915
0.7230177915
0.7240177915
0.7250177915
0.7260177915
0.7270177915
0.7280177915
0.7290177915
0.7300177915
