# $W$ = 400 nm, $h$ = 300 nm, $s$ = 20 nm, $d/W = 5$, $E_{\rm e}$ = 200 keV
1.2089698658
1.2099698658
1.2109698658
1.2119698658
1.2129698658
1.2139698658
1.2149698658
1.2159698658
1.2169698658
1.2179698658
1.2189698658
1.2199698658
1.2209698658
1.2219698658
1.2229698658
1.2239698658
1.2249698658
1.2259698658
1.2269698658
1.2279698658
1.2289698658
1.2299698658
1.2309698658
1.2319698658
1.2329698658
1.2339698658
1.2349698658
1.2359698658
1.2369698658
1.2379698658
1.2389698658
1.2399698658
1.2409698658
1.2419698658
1.2429698658
1.2439698658
1.2449698658
1.2459698658
1.2469698658
1.2479698658
1.2489698658
1.2499698658
1.2509698658
1.2519698658
1.2529698658
1.2539698658
1.2549698658
1.2559698658
1.2569698658
1.2579698658
1.2589698658
1.2599698658
1.2609698658
1.2619698658
1.2629698658
1.2639698658
1.2649698658
1.2659698658
1.2669698658
1.2679698658
1.2689698658
1.2699698658
1.2709698658
1.2719698658
1.2729698658
1.2739698658
1.2749698658
1.2759698658
1.2769698658
1.2779698658
1.2789698658
1.2799698658
1.2809698658
1.2819698658
1.2829698658
1.2839698658
1.2849698658
1.2859698658
1.2869698658
1.2879698658
1.2889698658
1.2899698658
1.2909698658
1.2919698658
1.2929698658
1.2939698658
1.2949698658
1.2959698658
1.2969698658
1.2979698658
1.2989698658
1.2999698658
1.3009698658
1.3019698658
1.3029698658
1.3039698658
1.3049698658
1.3059698658
1.3069698658
1.3079698658
1.3089698658
1.3099698658
1.3109698658
1.3119698658
1.3129698658
1.3139698658
1.3149698658
1.3159698658
1.3169698658
