# $W$ = 300 nm, $h$ = 300 nm, $s$ = 20 nm, $d/W = 100$, $E_{\rm e}$ = 200 keV
0.7186348689
0.7196348689
0.7206348689
0.7216348689
0.7226348689
0.7236348689
0.7246348689
0.7256348689
0.7266348689
0.7276348689
0.7286348689
0.7296348689
0.7306348689
0.7316348689
0.7326348689
0.7336348689
0.7346348689
0.7356348689
0.7366348689
0.7376348689
0.7386348689
0.7396348689
0.7406348689
0.7416348689
0.7426348689
0.7436348689
0.7446348689
0.7456348689
0.7466348689
0.7476348689
0.7486348689
0.7496348689
0.7506348689
0.7516348689
0.7526348689
0.7536348689
0.7546348689
0.7556348689
0.7566348689
0.7576348689
0.7586348689
0.7596348689
0.7606348689
0.7616348689
0.7626348689
0.7636348689
0.7646348689
0.7656348689
0.7666348689
0.7676348689
0.7686348689
0.7696348689
0.7706348689
0.7716348689
0.7726348689
0.7736348689
0.7746348689
0.7756348689
0.7766348689
0.7776348689
0.7786348689
0.7796348689
0.7806348689
