# $W$ = 300 nm, $h$ = 300 nm, $s$ = 20 nm, $d/W = 100$, $E_{\rm e}$ = 200 keV
0.7186298881
0.7196298881
0.7206298881
0.7216298881
0.7226298881
0.7236298881
0.7246298881
0.7256298881
0.7266298881
0.7276298881
0.7286298881
0.7296298881
0.7306298881
0.7316298881
0.7326298881
0.7336298881
0.7346298881
0.7356298881
0.7366298881
0.7376298881
0.7386298881
0.7396298881
0.7406298881
0.7416298881
0.7426298881
0.7436298881
0.7446298881
0.7456298881
0.7466298881
0.7476298881
0.7486298881
0.7496298881
0.7506298881
0.7516298881
0.7526298881
0.7536298881
0.7546298881
0.7556298881
0.7566298881
0.7576298881
0.7586298881
0.7596298881
0.7606298881
0.7616298881
0.7626298881
0.7636298881
0.7646298881
0.7656298881
0.7666298881
0.7676298881
0.7686298881
0.7696298881
0.7706298881
0.7716298881
0.7726298881
0.7736298881
0.7746298881
0.7756298881
0.7766298881
0.7776298881
0.7786298881
0.7796298881
0.7806298881
