# $W$ = 400 nm, $h$ = 300 nm, $s$ = 20 nm, $d/W = 25$, $E_{\rm e}$ = 200 keV
0.6729910690
0.6739910690
0.6749910690
0.6759910690
0.6769910690
0.6779910690
0.6789910690
0.6799910690
0.6809910690
0.6819910690
0.6829910690
0.6839910690
0.6849910690
0.6859910690
0.6869910690
0.6879910690
0.6889910690
0.6899910690
0.6909910690
0.6919910690
0.6929910690
0.6939910690
0.6949910690
0.6959910690
0.6969910690
0.6979910690
0.6989910690
0.6999910690
0.7009910690
0.7019910690
0.7029910690
0.7039910690
0.7049910690
0.7059910690
0.7069910690
0.7079910690
0.7089910690
0.7099910690
0.7109910690
0.7119910690
0.7129910690
0.7139910690
0.7149910690
0.7159910690
0.7169910690
0.7179910690
0.7189910690
0.7199910690
0.7209910690
0.7219910690
0.7229910690
0.7239910690
0.7249910690
0.7259910690
0.7269910690
0.7279910690
0.7289910690
0.7299910690
