# $W$ = 400 nm, $h$ = 300 nm, $s$ = 20 nm, $d/W = 25$, $E_{\rm e}$ = 200 keV
1.6355095004
1.6365095004
1.6375095004
1.6385095004
1.6395095004
1.6405095004
1.6415095004
1.6425095004
1.6435095004
1.6445095004
1.6455095004
1.6465095004
1.6475095004
1.6485095004
1.6495095004
1.6505095004
1.6515095004
1.6525095004
1.6535095004
1.6545095004
1.6555095004
1.6565095004
1.6575095004
1.6585095004
1.6595095004
1.6605095004
1.6615095004
1.6625095004
1.6635095004
1.6645095004
1.6655095004
1.6665095004
1.6675095004
1.6685095004
1.6695095004
1.6705095004
1.6715095004
1.6725095004
1.6735095004
1.6745095004
1.6755095004
1.6765095004
1.6775095004
1.6785095004
1.6795095004
1.6805095004
1.6815095004
1.6825095004
1.6835095004
1.6845095004
1.6855095004
1.6865095004
1.6875095004
1.6885095004
1.6895095004
1.6905095004
1.6915095004
1.6925095004
1.6935095004
1.6945095004
1.6955095004
1.6965095004
1.6975095004
1.6985095004
1.6995095004
1.7005095004
1.7015095004
1.7025095004
1.7035095004
1.7045095004
1.7055095004
1.7065095004
1.7075095004
1.7085095004
1.7095095004
1.7105095004
1.7115095004
1.7125095004
1.7135095004
1.7145095004
1.7155095004
1.7165095004
1.7175095004
1.7185095004
1.7195095004
1.7205095004
1.7215095004
1.7225095004
1.7235095004
1.7245095004
1.7255095004
1.7265095004
1.7275095004
1.7285095004
1.7295095004
1.7305095004
1.7315095004
1.7325095004
1.7335095004
1.7345095004
1.7355095004
1.7365095004
1.7375095004
1.7385095004
1.7395095004
1.7405095004
1.7415095004
1.7425095004
1.7435095004
1.7445095004
1.7455095004
1.7465095004
1.7475095004
1.7485095004
1.7495095004
1.7505095004
1.7515095004
1.7525095004
1.7535095004
1.7545095004
1.7555095004
1.7565095004
1.7575095004
1.7585095004
1.7595095004
1.7605095004
1.7615095004
1.7625095004
1.7635095004
1.7645095004
1.7655095004
1.7665095004
1.7675095004
1.7685095004
1.7695095004
1.7705095004
1.7715095004
1.7725095004
1.7735095004
1.7745095004
1.7755095004
1.7765095004
1.7775095004
1.7785095004
1.7795095004
1.7805095004
1.7815095004
1.7825095004
1.7835095004
1.7845095004
1.7855095004
1.7865095004
1.7875095004
1.7885095004
1.7895095004
1.7905095004
1.7915095004
1.7925095004
1.7935095004
1.7945095004
1.7955095004
1.7965095004
1.7975095004
1.7985095004
1.7995095004
1.8005095004
1.8015095004
1.8025095004
1.8035095004
1.8045095004
1.8055095004
1.8065095004
1.8075095004
1.8085095004
1.8095095004
1.8105095004
1.8115095004
1.8125095004
1.8135095004
1.8145095004
1.8155095004
1.8165095004
1.8175095004
1.8185095004
1.8195095004
1.8205095004
1.8215095004
1.8225095004
1.8235095004
1.8245095004
1.8255095004
1.8265095004
1.8275095004
1.8285095004
1.8295095004
1.8305095004
1.8315095004
1.8325095004
1.8335095004
1.8345095004
1.8355095004
1.8365095004
1.8375095004
1.8385095004
1.8395095004
1.8405095004
1.8415095004
1.8425095004
1.8435095004
1.8445095004
1.8455095004
1.8465095004
1.8475095004
1.8485095004
1.8495095004
1.8505095004
1.8515095004
1.8525095004
1.8535095004
1.8545095004
1.8555095004
1.8565095004
1.8575095004
1.8585095004
1.8595095004
1.8605095004
1.8615095004
1.8625095004
1.8635095004
1.8645095004
1.8655095004
1.8665095004
1.8675095004
1.8685095004
1.8695095004
