# $W$ = 400 nm, $h$ = 300 nm, $s$ = 20 nm, $d/W = 25$, $E_{\rm e}$ = 200 keV
1.2089590259
1.2099590259
1.2109590259
1.2119590259
1.2129590259
1.2139590259
1.2149590259
1.2159590259
1.2169590259
1.2179590259
1.2189590259
1.2199590259
1.2209590259
1.2219590259
1.2229590259
1.2239590259
1.2249590259
1.2259590259
1.2269590259
1.2279590259
1.2289590259
1.2299590259
1.2309590259
1.2319590259
1.2329590259
1.2339590259
1.2349590259
1.2359590259
1.2369590259
1.2379590259
1.2389590259
1.2399590259
1.2409590259
1.2419590259
1.2429590259
1.2439590259
1.2449590259
1.2459590259
1.2469590259
1.2479590259
1.2489590259
1.2499590259
1.2509590259
1.2519590259
1.2529590259
1.2539590259
1.2549590259
1.2559590259
1.2569590259
1.2579590259
1.2589590259
1.2599590259
1.2609590259
1.2619590259
1.2629590259
1.2639590259
1.2649590259
1.2659590259
1.2669590259
1.2679590259
1.2689590259
1.2699590259
1.2709590259
1.2719590259
1.2729590259
1.2739590259
1.2749590259
1.2759590259
1.2769590259
1.2779590259
1.2789590259
1.2799590259
1.2809590259
1.2819590259
1.2829590259
1.2839590259
1.2849590259
1.2859590259
1.2869590259
1.2879590259
1.2889590259
1.2899590259
1.2909590259
1.2919590259
1.2929590259
1.2939590259
1.2949590259
1.2959590259
1.2969590259
1.2979590259
1.2989590259
1.2999590259
1.3009590259
1.3019590259
1.3029590259
1.3039590259
1.3049590259
1.3059590259
1.3069590259
1.3079590259
1.3089590259
1.3099590259
1.3109590259
1.3119590259
1.3129590259
1.3139590259
1.3149590259
1.3159590259
1.3169590259
