# $W$ = 300 nm, $h$ = 300 nm, $s$ = 20 nm, $d/W = 100$, $E_{\rm e}$ = 200 keV
1.1707147193
1.1717147193
1.1727147193
1.1737147193
1.1747147193
1.1757147193
1.1767147193
1.1777147193
1.1787147193
1.1797147193
1.1807147193
1.1817147193
1.1827147193
1.1837147193
1.1847147193
1.1857147193
1.1867147193
1.1877147193
1.1887147193
1.1897147193
1.1907147193
1.1917147193
1.1927147193
1.1937147193
1.1947147193
1.1957147193
1.1967147193
1.1977147193
1.1987147193
1.1997147193
1.2007147193
1.2017147193
1.2027147193
1.2037147193
1.2047147193
1.2057147193
1.2067147193
1.2077147193
1.2087147193
1.2097147193
1.2107147193
1.2117147193
1.2127147193
1.2137147193
1.2147147193
1.2157147193
1.2167147193
1.2177147193
1.2187147193
1.2197147193
1.2207147193
1.2217147193
1.2227147193
1.2237147193
1.2247147193
1.2257147193
1.2267147193
1.2277147193
1.2287147193
1.2297147193
1.2307147193
1.2317147193
1.2327147193
1.2337147193
1.2347147193
1.2357147193
1.2367147193
1.2377147193
1.2387147193
1.2397147193
1.2407147193
1.2417147193
1.2427147193
1.2437147193
1.2447147193
1.2457147193
1.2467147193
1.2477147193
1.2487147193
1.2497147193
1.2507147193
1.2517147193
1.2527147193
1.2537147193
1.2547147193
1.2557147193
1.2567147193
1.2577147193
1.2587147193
1.2597147193
1.2607147193
1.2617147193
1.2627147193
1.2637147193
1.2647147193
1.2657147193
1.2667147193
1.2677147193
1.2687147193
1.2697147193
1.2707147193
1.2717147193
1.2727147193
1.2737147193
