# $W$ = 400 nm, $h$ = 300 nm, $s$ = 20 nm, $d/W = 100$, $E_{\rm e}$ = 200 keV
0.6730115624
0.6740115624
0.6750115624
0.6760115624
0.6770115624
0.6780115624
0.6790115624
0.6800115624
0.6810115624
0.6820115624
0.6830115624
0.6840115624
0.6850115624
0.6860115624
0.6870115624
0.6880115624
0.6890115624
0.6900115624
0.6910115624
0.6920115624
0.6930115624
0.6940115624
0.6950115624
0.6960115624
0.6970115624
0.6980115624
0.6990115624
0.7000115624
0.7010115624
0.7020115624
0.7030115624
0.7040115624
0.7050115624
0.7060115624
0.7070115624
0.7080115624
0.7090115624
0.7100115624
0.7110115624
0.7120115624
0.7130115624
0.7140115624
0.7150115624
0.7160115624
0.7170115624
0.7180115624
0.7190115624
0.7200115624
0.7210115624
0.7220115624
0.7230115624
0.7240115624
0.7250115624
0.7260115624
0.7270115624
0.7280115624
0.7290115624
0.7300115624
