# $W$ = 400 nm, $h$ = 300 nm, $s$ = 20 nm, $d/W = 100$, $E_{\rm e}$ = 200 keV
1.2089274294
1.2099274294
1.2109274294
1.2119274294
1.2129274294
1.2139274294
1.2149274294
1.2159274294
1.2169274294
1.2179274294
1.2189274294
1.2199274294
1.2209274294
1.2219274294
1.2229274294
1.2239274294
1.2249274294
1.2259274294
1.2269274294
1.2279274294
1.2289274294
1.2299274294
1.2309274294
1.2319274294
1.2329274294
1.2339274294
1.2349274294
1.2359274294
1.2369274294
1.2379274294
1.2389274294
1.2399274294
1.2409274294
1.2419274294
1.2429274294
1.2439274294
1.2449274294
1.2459274294
1.2469274294
1.2479274294
1.2489274294
1.2499274294
1.2509274294
1.2519274294
1.2529274294
1.2539274294
1.2549274294
1.2559274294
1.2569274294
1.2579274294
1.2589274294
1.2599274294
1.2609274294
1.2619274294
1.2629274294
1.2639274294
1.2649274294
1.2659274294
1.2669274294
1.2679274294
1.2689274294
1.2699274294
1.2709274294
1.2719274294
1.2729274294
1.2739274294
1.2749274294
1.2759274294
1.2769274294
1.2779274294
1.2789274294
1.2799274294
1.2809274294
1.2819274294
1.2829274294
1.2839274294
1.2849274294
1.2859274294
1.2869274294
1.2879274294
1.2889274294
1.2899274294
1.2909274294
1.2919274294
1.2929274294
1.2939274294
1.2949274294
1.2959274294
1.2969274294
1.2979274294
1.2989274294
1.2999274294
1.3009274294
1.3019274294
1.3029274294
1.3039274294
1.3049274294
1.3059274294
1.3069274294
1.3079274294
1.3089274294
1.3099274294
1.3109274294
1.3119274294
1.3129274294
1.3139274294
1.3149274294
1.3159274294
1.3169274294
