# $W$ = 400 nm, $h$ = 300 nm, $s$ = 20 nm, $d/W = 50$, $E_{\rm e}$ = 200 keV
1.6426113940
1.6436113940
1.6446113940
1.6456113940
1.6466113940
1.6476113940
1.6486113940
1.6496113940
1.6506113940
1.6516113940
1.6526113940
1.6536113940
1.6546113940
1.6556113940
1.6566113940
1.6576113940
1.6586113940
1.6596113940
1.6606113940
1.6616113940
1.6626113940
1.6636113940
1.6646113940
1.6656113940
1.6666113940
1.6676113940
1.6686113940
1.6696113940
1.6706113940
1.6716113940
1.6726113940
1.6736113940
1.6746113940
1.6756113940
1.6766113940
1.6776113940
1.6786113940
1.6796113940
1.6806113940
1.6816113940
1.6826113940
1.6836113940
1.6846113940
1.6856113940
1.6866113940
1.6876113940
1.6886113940
1.6896113940
1.6906113940
1.6916113940
1.6926113940
1.6936113940
1.6946113940
1.6956113940
1.6966113940
1.6976113940
1.6986113940
1.6996113940
1.7006113940
1.7016113940
1.7026113940
1.7036113940
1.7046113940
1.7056113940
1.7066113940
1.7076113940
1.7086113940
1.7096113940
1.7106113940
1.7116113940
1.7126113940
1.7136113940
1.7146113940
1.7156113940
1.7166113940
1.7176113940
1.7186113940
1.7196113940
1.7206113940
1.7216113940
1.7226113940
1.7236113940
1.7246113940
1.7256113940
1.7266113940
1.7276113940
1.7286113940
1.7296113940
1.7306113940
1.7316113940
1.7326113940
1.7336113940
1.7346113940
1.7356113940
1.7366113940
1.7376113940
1.7386113940
1.7396113940
1.7406113940
1.7416113940
1.7426113940
1.7436113940
1.7446113940
1.7456113940
1.7466113940
1.7476113940
1.7486113940
1.7496113940
1.7506113940
1.7516113940
1.7526113940
1.7536113940
1.7546113940
1.7556113940
1.7566113940
1.7576113940
1.7586113940
1.7596113940
1.7606113940
1.7616113940
1.7626113940
1.7636113940
1.7646113940
1.7656113940
1.7666113940
1.7676113940
1.7686113940
1.7696113940
1.7706113940
1.7716113940
1.7726113940
1.7736113940
1.7746113940
1.7756113940
1.7766113940
1.7776113940
1.7786113940
1.7796113940
1.7806113940
1.7816113940
1.7826113940
1.7836113940
1.7846113940
1.7856113940
1.7866113940
1.7876113940
1.7886113940
1.7896113940
1.7906113940
1.7916113940
1.7926113940
1.7936113940
1.7946113940
1.7956113940
1.7966113940
1.7976113940
1.7986113940
1.7996113940
1.8006113940
1.8016113940
1.8026113940
1.8036113940
1.8046113940
1.8056113940
1.8066113940
1.8076113940
1.8086113940
1.8096113940
1.8106113940
1.8116113940
1.8126113940
1.8136113940
1.8146113940
1.8156113940
1.8166113940
1.8176113940
1.8186113940
1.8196113940
1.8206113940
1.8216113940
1.8226113940
1.8236113940
1.8246113940
1.8256113940
1.8266113940
1.8276113940
1.8286113940
1.8296113940
1.8306113940
1.8316113940
1.8326113940
1.8336113940
1.8346113940
1.8356113940
1.8366113940
1.8376113940
1.8386113940
1.8396113940
1.8406113940
1.8416113940
1.8426113940
1.8436113940
1.8446113940
1.8456113940
1.8466113940
1.8476113940
1.8486113940
1.8496113940
1.8506113940
1.8516113940
1.8526113940
1.8536113940
1.8546113940
1.8556113940
1.8566113940
1.8576113940
1.8586113940
1.8596113940
1.8606113940
1.8616113940
1.8626113940
