# $W$ = 400 nm, $h$ = 300 nm, $s$ = 20 nm, $d/W = 250$, $E_{\rm e}$ = 200 keV
1.6429589296
1.6439589296
1.6449589296
1.6459589296
1.6469589296
1.6479589296
1.6489589296
1.6499589296
1.6509589296
1.6519589296
1.6529589296
1.6539589296
1.6549589296
1.6559589296
1.6569589296
1.6579589296
1.6589589296
1.6599589296
1.6609589296
1.6619589296
1.6629589296
1.6639589296
1.6649589296
1.6659589296
1.6669589296
1.6679589296
1.6689589296
1.6699589296
1.6709589296
1.6719589296
1.6729589296
1.6739589296
1.6749589296
1.6759589296
1.6769589296
1.6779589296
1.6789589296
1.6799589296
1.6809589296
1.6819589296
1.6829589296
1.6839589296
1.6849589296
1.6859589296
1.6869589296
1.6879589296
1.6889589296
1.6899589296
1.6909589296
1.6919589296
1.6929589296
1.6939589296
1.6949589296
1.6959589296
1.6969589296
1.6979589296
1.6989589296
1.6999589296
1.7009589296
1.7019589296
1.7029589296
1.7039589296
1.7049589296
1.7059589296
1.7069589296
1.7079589296
1.7089589296
1.7099589296
1.7109589296
1.7119589296
1.7129589296
1.7139589296
1.7149589296
1.7159589296
1.7169589296
1.7179589296
1.7189589296
1.7199589296
1.7209589296
1.7219589296
1.7229589296
1.7239589296
1.7249589296
1.7259589296
1.7269589296
1.7279589296
1.7289589296
1.7299589296
1.7309589296
1.7319589296
1.7329589296
1.7339589296
1.7349589296
1.7359589296
1.7369589296
1.7379589296
1.7389589296
1.7399589296
1.7409589296
1.7419589296
1.7429589296
1.7439589296
1.7449589296
1.7459589296
1.7469589296
1.7479589296
1.7489589296
1.7499589296
1.7509589296
1.7519589296
1.7529589296
1.7539589296
1.7549589296
1.7559589296
1.7569589296
1.7579589296
1.7589589296
1.7599589296
1.7609589296
1.7619589296
1.7629589296
1.7639589296
1.7649589296
1.7659589296
1.7669589296
1.7679589296
1.7689589296
1.7699589296
1.7709589296
1.7719589296
1.7729589296
1.7739589296
1.7749589296
1.7759589296
1.7769589296
1.7779589296
1.7789589296
1.7799589296
1.7809589296
1.7819589296
1.7829589296
1.7839589296
1.7849589296
1.7859589296
1.7869589296
1.7879589296
1.7889589296
1.7899589296
1.7909589296
1.7919589296
1.7929589296
1.7939589296
1.7949589296
1.7959589296
1.7969589296
1.7979589296
1.7989589296
1.7999589296
1.8009589296
1.8019589296
1.8029589296
1.8039589296
1.8049589296
1.8059589296
1.8069589296
1.8079589296
1.8089589296
1.8099589296
1.8109589296
1.8119589296
1.8129589296
1.8139589296
1.8149589296
1.8159589296
1.8169589296
1.8179589296
1.8189589296
1.8199589296
1.8209589296
1.8219589296
1.8229589296
1.8239589296
1.8249589296
1.8259589296
1.8269589296
1.8279589296
1.8289589296
1.8299589296
1.8309589296
1.8319589296
1.8329589296
1.8339589296
1.8349589296
1.8359589296
1.8369589296
1.8379589296
1.8389589296
1.8399589296
1.8409589296
1.8419589296
1.8429589296
1.8439589296
1.8449589296
1.8459589296
1.8469589296
1.8479589296
1.8489589296
1.8499589296
1.8509589296
1.8519589296
1.8529589296
1.8539589296
1.8549589296
1.8559589296
1.8569589296
1.8579589296
1.8589589296
1.8599589296
1.8609589296
1.8619589296
