# $W$ = 400 nm, $h$ = 300 nm, $s$ = 20 nm, $d/W = 10$, $E_{\rm e}$ = 200 keV
1.2089633891
1.2099633891
1.2109633891
1.2119633891
1.2129633891
1.2139633891
1.2149633891
1.2159633891
1.2169633891
1.2179633891
1.2189633891
1.2199633891
1.2209633891
1.2219633891
1.2229633891
1.2239633891
1.2249633891
1.2259633891
1.2269633891
1.2279633891
1.2289633891
1.2299633891
1.2309633891
1.2319633891
1.2329633891
1.2339633891
1.2349633891
1.2359633891
1.2369633891
1.2379633891
1.2389633891
1.2399633891
1.2409633891
1.2419633891
1.2429633891
1.2439633891
1.2449633891
1.2459633891
1.2469633891
1.2479633891
1.2489633891
1.2499633891
1.2509633891
1.2519633891
1.2529633891
1.2539633891
1.2549633891
1.2559633891
1.2569633891
1.2579633891
1.2589633891
1.2599633891
1.2609633891
1.2619633891
1.2629633891
1.2639633891
1.2649633891
1.2659633891
1.2669633891
1.2679633891
1.2689633891
1.2699633891
1.2709633891
1.2719633891
1.2729633891
1.2739633891
1.2749633891
1.2759633891
1.2769633891
1.2779633891
1.2789633891
1.2799633891
1.2809633891
1.2819633891
1.2829633891
1.2839633891
1.2849633891
1.2859633891
1.2869633891
1.2879633891
1.2889633891
1.2899633891
1.2909633891
1.2919633891
1.2929633891
1.2939633891
1.2949633891
1.2959633891
1.2969633891
1.2979633891
1.2989633891
1.2999633891
1.3009633891
1.3019633891
1.3029633891
1.3039633891
1.3049633891
1.3059633891
1.3069633891
1.3079633891
1.3089633891
1.3099633891
1.3109633891
1.3119633891
1.3129633891
1.3139633891
1.3149633891
1.3159633891
1.3169633891
