# $W$ = 400 nm, $h$ = 300 nm, $s$ = 20 nm, $d/W = 50$, $E_{\rm e}$ = 200 keV
0.6729663402
0.6739663402
0.6749663402
0.6759663402
0.6769663402
0.6779663402
0.6789663402
0.6799663402
0.6809663402
0.6819663402
0.6829663402
0.6839663402
0.6849663402
0.6859663402
0.6869663402
0.6879663402
0.6889663402
0.6899663402
0.6909663402
0.6919663402
0.6929663402
0.6939663402
0.6949663402
0.6959663402
0.6969663402
0.6979663402
0.6989663402
0.6999663402
0.7009663402
0.7019663402
0.7029663402
0.7039663402
0.7049663402
0.7059663402
0.7069663402
0.7079663402
0.7089663402
0.7099663402
0.7109663402
0.7119663402
0.7129663402
0.7139663402
0.7149663402
0.7159663402
0.7169663402
0.7179663402
0.7189663402
0.7199663402
0.7209663402
0.7219663402
0.7229663402
0.7239663402
0.7249663402
0.7259663402
0.7269663402
0.7279663402
0.7289663402
0.7299663402
