# $W$ = 400 nm, $h$ = 300 nm, $s$ = 20 nm, $d/W = 100$, $E_{\rm e}$ = 200 keV
0.6729884129
0.6739884129
0.6749884129
0.6759884129
0.6769884129
0.6779884129
0.6789884129
0.6799884129
0.6809884129
0.6819884129
0.6829884129
0.6839884129
0.6849884129
0.6859884129
0.6869884129
0.6879884129
0.6889884129
0.6899884129
0.6909884129
0.6919884129
0.6929884129
0.6939884129
0.6949884129
0.6959884129
0.6969884129
0.6979884129
0.6989884129
0.6999884129
0.7009884129
0.7019884129
0.7029884129
0.7039884129
0.7049884129
0.7059884129
0.7069884129
0.7079884129
0.7089884129
0.7099884129
0.7109884129
0.7119884129
0.7129884129
0.7139884129
0.7149884129
0.7159884129
0.7169884129
0.7179884129
0.7189884129
0.7199884129
0.7209884129
0.7219884129
0.7229884129
0.7239884129
0.7249884129
0.7259884129
0.7269884129
0.7279884129
0.7289884129
0.7299884129
