# $W$ = 300 nm, $h$ = 300 nm, $s$ = 20 nm, $d/W = 100$, $E_{\rm e}$ = 200 keV
1.1708447284
1.1718447284
1.1728447284
1.1738447284
1.1748447284
1.1758447284
1.1768447284
1.1778447284
1.1788447284
1.1798447284
1.1808447284
1.1818447284
1.1828447284
1.1838447284
1.1848447284
1.1858447284
1.1868447284
1.1878447284
1.1888447284
1.1898447284
1.1908447284
1.1918447284
1.1928447284
1.1938447284
1.1948447284
1.1958447284
1.1968447284
1.1978447284
1.1988447284
1.1998447284
1.2008447284
1.2018447284
1.2028447284
1.2038447284
1.2048447284
1.2058447284
1.2068447284
1.2078447284
1.2088447284
1.2098447284
1.2108447284
1.2118447284
1.2128447284
1.2138447284
1.2148447284
1.2158447284
1.2168447284
1.2178447284
1.2188447284
1.2198447284
1.2208447284
1.2218447284
1.2228447284
1.2238447284
1.2248447284
1.2258447284
1.2268447284
1.2278447284
1.2288447284
1.2298447284
1.2308447284
1.2318447284
1.2328447284
1.2338447284
1.2348447284
1.2358447284
1.2368447284
1.2378447284
1.2388447284
1.2398447284
1.2408447284
1.2418447284
1.2428447284
1.2438447284
1.2448447284
1.2458447284
1.2468447284
1.2478447284
1.2488447284
1.2498447284
1.2508447284
1.2518447284
1.2528447284
1.2538447284
1.2548447284
1.2558447284
1.2568447284
1.2578447284
1.2588447284
1.2598447284
1.2608447284
1.2618447284
1.2628447284
1.2638447284
1.2648447284
1.2658447284
1.2668447284
1.2678447284
1.2688447284
1.2698447284
1.2708447284
1.2718447284
1.2728447284
1.2738447284
