# $W$ = 400 nm, $h$ = 300 nm, $s$ = 20 nm, $d/W = 25$, $E_{\rm e}$ = 200 keV
0.6729687216
0.6739687216
0.6749687216
0.6759687216
0.6769687216
0.6779687216
0.6789687216
0.6799687216
0.6809687216
0.6819687216
0.6829687216
0.6839687216
0.6849687216
0.6859687216
0.6869687216
0.6879687216
0.6889687216
0.6899687216
0.6909687216
0.6919687216
0.6929687216
0.6939687216
0.6949687216
0.6959687216
0.6969687216
0.6979687216
0.6989687216
0.6999687216
0.7009687216
0.7019687216
0.7029687216
0.7039687216
0.7049687216
0.7059687216
0.7069687216
0.7079687216
0.7089687216
0.7099687216
0.7109687216
0.7119687216
0.7129687216
0.7139687216
0.7149687216
0.7159687216
0.7169687216
0.7179687216
0.7189687216
0.7199687216
0.7209687216
0.7219687216
0.7229687216
0.7239687216
0.7249687216
0.7259687216
0.7269687216
0.7279687216
0.7289687216
0.7299687216
