# $W$ = 400 nm, $h$ = 300 nm, $s$ = 20 nm, $d/W = 5$, $E_{\rm e}$ = 200 keV
0.6729793058
0.6739793058
0.6749793058
0.6759793058
0.6769793058
0.6779793058
0.6789793058
0.6799793058
0.6809793058
0.6819793058
0.6829793058
0.6839793058
0.6849793058
0.6859793058
0.6869793058
0.6879793058
0.6889793058
0.6899793058
0.6909793058
0.6919793058
0.6929793058
0.6939793058
0.6949793058
0.6959793058
0.6969793058
0.6979793058
0.6989793058
0.6999793058
0.7009793058
0.7019793058
0.7029793058
0.7039793058
0.7049793058
0.7059793058
0.7069793058
0.7079793058
0.7089793058
0.7099793058
0.7109793058
0.7119793058
0.7129793058
0.7139793058
0.7149793058
0.7159793058
0.7169793058
0.7179793058
0.7189793058
0.7199793058
0.7209793058
0.7219793058
0.7229793058
0.7239793058
0.7249793058
0.7259793058
0.7269793058
0.7279793058
0.7289793058
0.7299793058
