# $W$ = 400 nm, $h$ = 300 nm, $s$ = 20 nm, $d/W = 5$, $E_{\rm e}$ = 200 keV
1.6336681228
1.6346681228
1.6356681228
1.6366681228
1.6376681228
1.6386681228
1.6396681228
1.6406681228
1.6416681228
1.6426681228
1.6436681228
1.6446681228
1.6456681228
1.6466681228
1.6476681228
1.6486681228
1.6496681228
1.6506681228
1.6516681228
1.6526681228
1.6536681228
1.6546681228
1.6556681228
1.6566681228
1.6576681228
1.6586681228
1.6596681228
1.6606681228
1.6616681228
1.6626681228
1.6636681228
1.6646681228
1.6656681228
1.6666681228
1.6676681228
1.6686681228
1.6696681228
1.6706681228
1.6716681228
1.6726681228
1.6736681228
1.6746681228
1.6756681228
1.6766681228
1.6776681228
1.6786681228
1.6796681228
1.6806681228
1.6816681228
1.6826681228
1.6836681228
1.6846681228
1.6856681228
1.6866681228
1.6876681228
1.6886681228
1.6896681228
1.6906681228
1.6916681228
1.6926681228
1.6936681228
1.6946681228
1.6956681228
1.6966681228
1.6976681228
1.6986681228
1.6996681228
1.7006681228
1.7016681228
1.7026681228
1.7036681228
1.7046681228
1.7056681228
1.7066681228
1.7076681228
1.7086681228
1.7096681228
1.7106681228
1.7116681228
1.7126681228
1.7136681228
1.7146681228
1.7156681228
1.7166681228
1.7176681228
1.7186681228
1.7196681228
1.7206681228
1.7216681228
1.7226681228
1.7236681228
1.7246681228
1.7256681228
1.7266681228
1.7276681228
1.7286681228
1.7296681228
1.7306681228
1.7316681228
1.7326681228
1.7336681228
1.7346681228
1.7356681228
1.7366681228
1.7376681228
1.7386681228
1.7396681228
1.7406681228
1.7416681228
1.7426681228
1.7436681228
1.7446681228
1.7456681228
1.7466681228
1.7476681228
1.7486681228
1.7496681228
1.7506681228
1.7516681228
1.7526681228
1.7536681228
1.7546681228
1.7556681228
1.7566681228
1.7576681228
1.7586681228
1.7596681228
1.7606681228
1.7616681228
1.7626681228
1.7636681228
1.7646681228
1.7656681228
1.7666681228
1.7676681228
1.7686681228
1.7696681228
1.7706681228
1.7716681228
1.7726681228
1.7736681228
1.7746681228
1.7756681228
1.7766681228
1.7776681228
1.7786681228
1.7796681228
1.7806681228
1.7816681228
1.7826681228
1.7836681228
1.7846681228
1.7856681228
1.7866681228
1.7876681228
1.7886681228
1.7896681228
1.7906681228
1.7916681228
1.7926681228
1.7936681228
1.7946681228
1.7956681228
1.7966681228
1.7976681228
1.7986681228
1.7996681228
1.8006681228
1.8016681228
1.8026681228
1.8036681228
1.8046681228
1.8056681228
1.8066681228
1.8076681228
1.8086681228
1.8096681228
1.8106681228
1.8116681228
1.8126681228
1.8136681228
1.8146681228
1.8156681228
1.8166681228
1.8176681228
1.8186681228
1.8196681228
1.8206681228
1.8216681228
1.8226681228
1.8236681228
1.8246681228
1.8256681228
1.8266681228
1.8276681228
1.8286681228
1.8296681228
1.8306681228
1.8316681228
1.8326681228
1.8336681228
1.8346681228
1.8356681228
1.8366681228
1.8376681228
1.8386681228
1.8396681228
1.8406681228
1.8416681228
1.8426681228
1.8436681228
1.8446681228
1.8456681228
1.8466681228
1.8476681228
1.8486681228
1.8496681228
1.8506681228
1.8516681228
1.8526681228
1.8536681228
1.8546681228
1.8556681228
1.8566681228
1.8576681228
1.8586681228
1.8596681228
1.8606681228
1.8616681228
1.8626681228
1.8636681228
1.8646681228
1.8656681228
1.8666681228
1.8676681228
1.8686681228
1.8696681228
1.8706681228
