# $W$ = 400 nm, $h$ = 300 nm, $s$ = 20 nm, $d/W = 250$, $E_{\rm e}$ = 200 keV
1.2089546433
1.2099546433
1.2109546433
1.2119546433
1.2129546433
1.2139546433
1.2149546433
1.2159546433
1.2169546433
1.2179546433
1.2189546433
1.2199546433
1.2209546433
1.2219546433
1.2229546433
1.2239546433
1.2249546433
1.2259546433
1.2269546433
1.2279546433
1.2289546433
1.2299546433
1.2309546433
1.2319546433
1.2329546433
1.2339546433
1.2349546433
1.2359546433
1.2369546433
1.2379546433
1.2389546433
1.2399546433
1.2409546433
1.2419546433
1.2429546433
1.2439546433
1.2449546433
1.2459546433
1.2469546433
1.2479546433
1.2489546433
1.2499546433
1.2509546433
1.2519546433
1.2529546433
1.2539546433
1.2549546433
1.2559546433
1.2569546433
1.2579546433
1.2589546433
1.2599546433
1.2609546433
1.2619546433
1.2629546433
1.2639546433
1.2649546433
1.2659546433
1.2669546433
1.2679546433
1.2689546433
1.2699546433
1.2709546433
1.2719546433
1.2729546433
1.2739546433
1.2749546433
1.2759546433
1.2769546433
1.2779546433
1.2789546433
1.2799546433
1.2809546433
1.2819546433
1.2829546433
1.2839546433
1.2849546433
1.2859546433
1.2869546433
1.2879546433
1.2889546433
1.2899546433
1.2909546433
1.2919546433
1.2929546433
1.2939546433
1.2949546433
1.2959546433
1.2969546433
1.2979546433
1.2989546433
1.2999546433
1.3009546433
1.3019546433
1.3029546433
1.3039546433
1.3049546433
1.3059546433
1.3069546433
1.3079546433
1.3089546433
1.3099546433
1.3109546433
1.3119546433
1.3129546433
1.3139546433
1.3149546433
1.3159546433
1.3169546433
