# $W$ = 400 nm, $h$ = 300 nm, $s$ = 20 nm, $d/W = 50$, $E_{\rm e}$ = 200 keV
1.2089570648
1.2099570648
1.2109570648
1.2119570648
1.2129570648
1.2139570648
1.2149570648
1.2159570648
1.2169570648
1.2179570648
1.2189570648
1.2199570648
1.2209570648
1.2219570648
1.2229570648
1.2239570648
1.2249570648
1.2259570648
1.2269570648
1.2279570648
1.2289570648
1.2299570648
1.2309570648
1.2319570648
1.2329570648
1.2339570648
1.2349570648
1.2359570648
1.2369570648
1.2379570648
1.2389570648
1.2399570648
1.2409570648
1.2419570648
1.2429570648
1.2439570648
1.2449570648
1.2459570648
1.2469570648
1.2479570648
1.2489570648
1.2499570648
1.2509570648
1.2519570648
1.2529570648
1.2539570648
1.2549570648
1.2559570648
1.2569570648
1.2579570648
1.2589570648
1.2599570648
1.2609570648
1.2619570648
1.2629570648
1.2639570648
1.2649570648
1.2659570648
1.2669570648
1.2679570648
1.2689570648
1.2699570648
1.2709570648
1.2719570648
1.2729570648
1.2739570648
1.2749570648
1.2759570648
1.2769570648
1.2779570648
1.2789570648
1.2799570648
1.2809570648
1.2819570648
1.2829570648
1.2839570648
1.2849570648
1.2859570648
1.2869570648
1.2879570648
1.2889570648
1.2899570648
1.2909570648
1.2919570648
1.2929570648
1.2939570648
1.2949570648
1.2959570648
1.2969570648
1.2979570648
1.2989570648
1.2999570648
1.3009570648
1.3019570648
1.3029570648
1.3039570648
1.3049570648
1.3059570648
1.3069570648
1.3079570648
1.3089570648
1.3099570648
1.3109570648
1.3119570648
1.3129570648
1.3139570648
1.3149570648
1.3159570648
1.3169570648
