# $W$ = 400 nm, $h$ = 300 nm, $s$ = 20 nm, $d/W = 10$, $E_{\rm e}$ = 200 keV
1.2089307465
1.2099307465
1.2109307465
1.2119307465
1.2129307465
1.2139307465
1.2149307465
1.2159307465
1.2169307465
1.2179307465
1.2189307465
1.2199307465
1.2209307465
1.2219307465
1.2229307465
1.2239307465
1.2249307465
1.2259307465
1.2269307465
1.2279307465
1.2289307465
1.2299307465
1.2309307465
1.2319307465
1.2329307465
1.2339307465
1.2349307465
1.2359307465
1.2369307465
1.2379307465
1.2389307465
1.2399307465
1.2409307465
1.2419307465
1.2429307465
1.2439307465
1.2449307465
1.2459307465
1.2469307465
1.2479307465
1.2489307465
1.2499307465
1.2509307465
1.2519307465
1.2529307465
1.2539307465
1.2549307465
1.2559307465
1.2569307465
1.2579307465
1.2589307465
1.2599307465
1.2609307465
1.2619307465
1.2629307465
1.2639307465
1.2649307465
1.2659307465
1.2669307465
1.2679307465
1.2689307465
1.2699307465
1.2709307465
1.2719307465
1.2729307465
1.2739307465
1.2749307465
1.2759307465
1.2769307465
1.2779307465
1.2789307465
1.2799307465
1.2809307465
1.2819307465
1.2829307465
1.2839307465
1.2849307465
1.2859307465
1.2869307465
1.2879307465
1.2889307465
1.2899307465
1.2909307465
1.2919307465
1.2929307465
1.2939307465
1.2949307465
1.2959307465
1.2969307465
1.2979307465
1.2989307465
1.2999307465
1.3009307465
1.3019307465
1.3029307465
1.3039307465
1.3049307465
1.3059307465
1.3069307465
1.3079307465
1.3089307465
1.3099307465
1.3109307465
1.3119307465
1.3129307465
1.3139307465
1.3149307465
1.3159307465
1.3169307465
