# $W$ = 400 nm, $h$ = 300 nm, $s$ = 20 nm, $d/W = 25$, $E_{\rm e}$ = 200 keV
1.6423091770
1.6433091770
1.6443091770
1.6453091770
1.6463091770
1.6473091770
1.6483091770
1.6493091770
1.6503091770
1.6513091770
1.6523091770
1.6533091770
1.6543091770
1.6553091770
1.6563091770
1.6573091770
1.6583091770
1.6593091770
1.6603091770
1.6613091770
1.6623091770
1.6633091770
1.6643091770
1.6653091770
1.6663091770
1.6673091770
1.6683091770
1.6693091770
1.6703091770
1.6713091770
1.6723091770
1.6733091770
1.6743091770
1.6753091770
1.6763091770
1.6773091770
1.6783091770
1.6793091770
1.6803091770
1.6813091770
1.6823091770
1.6833091770
1.6843091770
1.6853091770
1.6863091770
1.6873091770
1.6883091770
1.6893091770
1.6903091770
1.6913091770
1.6923091770
1.6933091770
1.6943091770
1.6953091770
1.6963091770
1.6973091770
1.6983091770
1.6993091770
1.7003091770
1.7013091770
1.7023091770
1.7033091770
1.7043091770
1.7053091770
1.7063091770
1.7073091770
1.7083091770
1.7093091770
1.7103091770
1.7113091770
1.7123091770
1.7133091770
1.7143091770
1.7153091770
1.7163091770
1.7173091770
1.7183091770
1.7193091770
1.7203091770
1.7213091770
1.7223091770
1.7233091770
1.7243091770
1.7253091770
1.7263091770
1.7273091770
1.7283091770
1.7293091770
1.7303091770
1.7313091770
1.7323091770
1.7333091770
1.7343091770
1.7353091770
1.7363091770
1.7373091770
1.7383091770
1.7393091770
1.7403091770
1.7413091770
1.7423091770
1.7433091770
1.7443091770
1.7453091770
1.7463091770
1.7473091770
1.7483091770
1.7493091770
1.7503091770
1.7513091770
1.7523091770
1.7533091770
1.7543091770
1.7553091770
1.7563091770
1.7573091770
1.7583091770
1.7593091770
1.7603091770
1.7613091770
1.7623091770
1.7633091770
1.7643091770
1.7653091770
1.7663091770
1.7673091770
1.7683091770
1.7693091770
1.7703091770
1.7713091770
1.7723091770
1.7733091770
1.7743091770
1.7753091770
1.7763091770
1.7773091770
1.7783091770
1.7793091770
1.7803091770
1.7813091770
1.7823091770
1.7833091770
1.7843091770
1.7853091770
1.7863091770
1.7873091770
1.7883091770
1.7893091770
1.7903091770
1.7913091770
1.7923091770
1.7933091770
1.7943091770
1.7953091770
1.7963091770
1.7973091770
1.7983091770
1.7993091770
1.8003091770
1.8013091770
1.8023091770
1.8033091770
1.8043091770
1.8053091770
1.8063091770
1.8073091770
1.8083091770
1.8093091770
1.8103091770
1.8113091770
1.8123091770
1.8133091770
1.8143091770
1.8153091770
1.8163091770
1.8173091770
1.8183091770
1.8193091770
1.8203091770
1.8213091770
1.8223091770
1.8233091770
1.8243091770
1.8253091770
1.8263091770
1.8273091770
1.8283091770
1.8293091770
1.8303091770
1.8313091770
1.8323091770
1.8333091770
1.8343091770
1.8353091770
1.8363091770
1.8373091770
1.8383091770
1.8393091770
1.8403091770
1.8413091770
1.8423091770
1.8433091770
1.8443091770
1.8453091770
1.8463091770
1.8473091770
1.8483091770
1.8493091770
1.8503091770
1.8513091770
1.8523091770
1.8533091770
1.8543091770
1.8553091770
1.8563091770
1.8573091770
1.8583091770
1.8593091770
1.8603091770
1.8613091770
1.8623091770
1.8633091770
