# $W$ = 400 nm, $h$ = 300 nm, $s$ = 20 nm, $d/W = 100$, $E_{\rm e}$ = 200 keV
1.2089232309
1.2099232309
1.2109232309
1.2119232309
1.2129232309
1.2139232309
1.2149232309
1.2159232309
1.2169232309
1.2179232309
1.2189232309
1.2199232309
1.2209232309
1.2219232309
1.2229232309
1.2239232309
1.2249232309
1.2259232309
1.2269232309
1.2279232309
1.2289232309
1.2299232309
1.2309232309
1.2319232309
1.2329232309
1.2339232309
1.2349232309
1.2359232309
1.2369232309
1.2379232309
1.2389232309
1.2399232309
1.2409232309
1.2419232309
1.2429232309
1.2439232309
1.2449232309
1.2459232309
1.2469232309
1.2479232309
1.2489232309
1.2499232309
1.2509232309
1.2519232309
1.2529232309
1.2539232309
1.2549232309
1.2559232309
1.2569232309
1.2579232309
1.2589232309
1.2599232309
1.2609232309
1.2619232309
1.2629232309
1.2639232309
1.2649232309
1.2659232309
1.2669232309
1.2679232309
1.2689232309
1.2699232309
1.2709232309
1.2719232309
1.2729232309
1.2739232309
1.2749232309
1.2759232309
1.2769232309
1.2779232309
1.2789232309
1.2799232309
1.2809232309
1.2819232309
1.2829232309
1.2839232309
1.2849232309
1.2859232309
1.2869232309
1.2879232309
1.2889232309
1.2899232309
1.2909232309
1.2919232309
1.2929232309
1.2939232309
1.2949232309
1.2959232309
1.2969232309
1.2979232309
1.2989232309
1.2999232309
1.3009232309
1.3019232309
1.3029232309
1.3039232309
1.3049232309
1.3059232309
1.3069232309
1.3079232309
1.3089232309
1.3099232309
1.3109232309
1.3119232309
1.3129232309
1.3139232309
1.3149232309
1.3159232309
1.3169232309
