# $W$ = 400 nm, $h$ = 300 nm, $s$ = 20 nm, $d/W = 250$, $E_{\rm e}$ = 200 keV
0.6729873168
0.6739873168
0.6749873168
0.6759873168
0.6769873168
0.6779873168
0.6789873168
0.6799873168
0.6809873168
0.6819873168
0.6829873168
0.6839873168
0.6849873168
0.6859873168
0.6869873168
0.6879873168
0.6889873168
0.6899873168
0.6909873168
0.6919873168
0.6929873168
0.6939873168
0.6949873168
0.6959873168
0.6969873168
0.6979873168
0.6989873168
0.6999873168
0.7009873168
0.7019873168
0.7029873168
0.7039873168
0.7049873168
0.7059873168
0.7069873168
0.7079873168
0.7089873168
0.7099873168
0.7109873168
0.7119873168
0.7129873168
0.7139873168
0.7149873168
0.7159873168
0.7169873168
0.7179873168
0.7189873168
0.7199873168
0.7209873168
0.7219873168
0.7229873168
0.7239873168
0.7249873168
0.7259873168
0.7269873168
0.7279873168
0.7289873168
0.7299873168
