# $W$ = 400 nm, $h$ = 300 nm, $s$ = 20 nm, $d/W = 50$, $E_{\rm e}$ = 200 keV
1.2089570651
1.2099570651
1.2109570651
1.2119570651
1.2129570651
1.2139570651
1.2149570651
1.2159570651
1.2169570651
1.2179570651
1.2189570651
1.2199570651
1.2209570651
1.2219570651
1.2229570651
1.2239570651
1.2249570651
1.2259570651
1.2269570651
1.2279570651
1.2289570651
1.2299570651
1.2309570651
1.2319570651
1.2329570651
1.2339570651
1.2349570651
1.2359570651
1.2369570651
1.2379570651
1.2389570651
1.2399570651
1.2409570651
1.2419570651
1.2429570651
1.2439570651
1.2449570651
1.2459570651
1.2469570651
1.2479570651
1.2489570651
1.2499570651
1.2509570651
1.2519570651
1.2529570651
1.2539570651
1.2549570651
1.2559570651
1.2569570651
1.2579570651
1.2589570651
1.2599570651
1.2609570651
1.2619570651
1.2629570651
1.2639570651
1.2649570651
1.2659570651
1.2669570651
1.2679570651
1.2689570651
1.2699570651
1.2709570651
1.2719570651
1.2729570651
1.2739570651
1.2749570651
1.2759570651
1.2769570651
1.2779570651
1.2789570651
1.2799570651
1.2809570651
1.2819570651
1.2829570651
1.2839570651
1.2849570651
1.2859570651
1.2869570651
1.2879570651
1.2889570651
1.2899570651
1.2909570651
1.2919570651
1.2929570651
1.2939570651
1.2949570651
1.2959570651
1.2969570651
1.2979570651
1.2989570651
1.2999570651
1.3009570651
1.3019570651
1.3029570651
1.3039570651
1.3049570651
1.3059570651
1.3069570651
1.3079570651
1.3089570651
1.3099570651
1.3109570651
1.3119570651
1.3129570651
1.3139570651
1.3149570651
1.3159570651
1.3169570651
