# $W$ = 400 nm, $h$ = 300 nm, $s$ = 20 nm, $d/W = 5$, $E_{\rm e}$ = 200 keV
1.2089208771
1.2099208771
1.2109208771
1.2119208771
1.2129208771
1.2139208771
1.2149208771
1.2159208771
1.2169208771
1.2179208771
1.2189208771
1.2199208771
1.2209208771
1.2219208771
1.2229208771
1.2239208771
1.2249208771
1.2259208771
1.2269208771
1.2279208771
1.2289208771
1.2299208771
1.2309208771
1.2319208771
1.2329208771
1.2339208771
1.2349208771
1.2359208771
1.2369208771
1.2379208771
1.2389208771
1.2399208771
1.2409208771
1.2419208771
1.2429208771
1.2439208771
1.2449208771
1.2459208771
1.2469208771
1.2479208771
1.2489208771
1.2499208771
1.2509208771
1.2519208771
1.2529208771
1.2539208771
1.2549208771
1.2559208771
1.2569208771
1.2579208771
1.2589208771
1.2599208771
1.2609208771
1.2619208771
1.2629208771
1.2639208771
1.2649208771
1.2659208771
1.2669208771
1.2679208771
1.2689208771
1.2699208771
1.2709208771
1.2719208771
1.2729208771
1.2739208771
1.2749208771
1.2759208771
1.2769208771
1.2779208771
1.2789208771
1.2799208771
1.2809208771
1.2819208771
1.2829208771
1.2839208771
1.2849208771
1.2859208771
1.2869208771
1.2879208771
1.2889208771
1.2899208771
1.2909208771
1.2919208771
1.2929208771
1.2939208771
1.2949208771
1.2959208771
1.2969208771
1.2979208771
1.2989208771
1.2999208771
1.3009208771
1.3019208771
1.3029208771
1.3039208771
1.3049208771
1.3059208771
1.3069208771
1.3079208771
1.3089208771
1.3099208771
1.3109208771
1.3119208771
1.3129208771
1.3139208771
1.3149208771
1.3159208771
1.3169208771
