# $W$ = 400 nm, $h$ = 300 nm, $s$ = 20 nm, $d/W = 10$, $E_{\rm e}$ = 200 keV
1.2089304213
1.2099304213
1.2109304213
1.2119304213
1.2129304213
1.2139304213
1.2149304213
1.2159304213
1.2169304213
1.2179304213
1.2189304213
1.2199304213
1.2209304213
1.2219304213
1.2229304213
1.2239304213
1.2249304213
1.2259304213
1.2269304213
1.2279304213
1.2289304213
1.2299304213
1.2309304213
1.2319304213
1.2329304213
1.2339304213
1.2349304213
1.2359304213
1.2369304213
1.2379304213
1.2389304213
1.2399304213
1.2409304213
1.2419304213
1.2429304213
1.2439304213
1.2449304213
1.2459304213
1.2469304213
1.2479304213
1.2489304213
1.2499304213
1.2509304213
1.2519304213
1.2529304213
1.2539304213
1.2549304213
1.2559304213
1.2569304213
1.2579304213
1.2589304213
1.2599304213
1.2609304213
1.2619304213
1.2629304213
1.2639304213
1.2649304213
1.2659304213
1.2669304213
1.2679304213
1.2689304213
1.2699304213
1.2709304213
1.2719304213
1.2729304213
1.2739304213
1.2749304213
1.2759304213
1.2769304213
1.2779304213
1.2789304213
1.2799304213
1.2809304213
1.2819304213
1.2829304213
1.2839304213
1.2849304213
1.2859304213
1.2869304213
1.2879304213
1.2889304213
1.2899304213
1.2909304213
1.2919304213
1.2929304213
1.2939304213
1.2949304213
1.2959304213
1.2969304213
1.2979304213
1.2989304213
1.2999304213
1.3009304213
1.3019304213
1.3029304213
1.3039304213
1.3049304213
1.3059304213
1.3069304213
1.3079304213
1.3089304213
1.3099304213
1.3109304213
1.3119304213
1.3129304213
1.3139304213
1.3149304213
1.3159304213
1.3169304213
