# $W$ = 400 nm, $h$ = 300 nm, $s$ = 20 nm, $d/W = 25$, $E_{\rm e}$ = 200 keV
0.6729686748
0.6739686748
0.6749686748
0.6759686748
0.6769686748
0.6779686748
0.6789686748
0.6799686748
0.6809686748
0.6819686748
0.6829686748
0.6839686748
0.6849686748
0.6859686748
0.6869686748
0.6879686748
0.6889686748
0.6899686748
0.6909686748
0.6919686748
0.6929686748
0.6939686748
0.6949686748
0.6959686748
0.6969686748
0.6979686748
0.6989686748
0.6999686748
0.7009686748
0.7019686748
0.7029686748
0.7039686748
0.7049686748
0.7059686748
0.7069686748
0.7079686748
0.7089686748
0.7099686748
0.7109686748
0.7119686748
0.7129686748
0.7139686748
0.7149686748
0.7159686748
0.7169686748
0.7179686748
0.7189686748
0.7199686748
0.7209686748
0.7219686748
0.7229686748
0.7239686748
0.7249686748
0.7259686748
0.7269686748
0.7279686748
0.7289686748
0.7299686748
