# $W$ = 400 nm, $h$ = 300 nm, $s$ = 20 nm, $d/W = 100$, $E_{\rm e}$ = 200 keV
1.6427949635
1.6437949635
1.6447949635
1.6457949635
1.6467949635
1.6477949635
1.6487949635
1.6497949635
1.6507949635
1.6517949635
1.6527949635
1.6537949635
1.6547949635
1.6557949635
1.6567949635
1.6577949635
1.6587949635
1.6597949635
1.6607949635
1.6617949635
1.6627949635
1.6637949635
1.6647949635
1.6657949635
1.6667949635
1.6677949635
1.6687949635
1.6697949635
1.6707949635
1.6717949635
1.6727949635
1.6737949635
1.6747949635
1.6757949635
1.6767949635
1.6777949635
1.6787949635
1.6797949635
1.6807949635
1.6817949635
1.6827949635
1.6837949635
1.6847949635
1.6857949635
1.6867949635
1.6877949635
1.6887949635
1.6897949635
1.6907949635
1.6917949635
1.6927949635
1.6937949635
1.6947949635
1.6957949635
1.6967949635
1.6977949635
1.6987949635
1.6997949635
1.7007949635
1.7017949635
1.7027949635
1.7037949635
1.7047949635
1.7057949635
1.7067949635
1.7077949635
1.7087949635
1.7097949635
1.7107949635
1.7117949635
1.7127949635
1.7137949635
1.7147949635
1.7157949635
1.7167949635
1.7177949635
1.7187949635
1.7197949635
1.7207949635
1.7217949635
1.7227949635
1.7237949635
1.7247949635
1.7257949635
1.7267949635
1.7277949635
1.7287949635
1.7297949635
1.7307949635
1.7317949635
1.7327949635
1.7337949635
1.7347949635
1.7357949635
1.7367949635
1.7377949635
1.7387949635
1.7397949635
1.7407949635
1.7417949635
1.7427949635
1.7437949635
1.7447949635
1.7457949635
1.7467949635
1.7477949635
1.7487949635
1.7497949635
1.7507949635
1.7517949635
1.7527949635
1.7537949635
1.7547949635
1.7557949635
1.7567949635
1.7577949635
1.7587949635
1.7597949635
1.7607949635
1.7617949635
1.7627949635
1.7637949635
1.7647949635
1.7657949635
1.7667949635
1.7677949635
1.7687949635
1.7697949635
1.7707949635
1.7717949635
1.7727949635
1.7737949635
1.7747949635
1.7757949635
1.7767949635
1.7777949635
1.7787949635
1.7797949635
1.7807949635
1.7817949635
1.7827949635
1.7837949635
1.7847949635
1.7857949635
1.7867949635
1.7877949635
1.7887949635
1.7897949635
1.7907949635
1.7917949635
1.7927949635
1.7937949635
1.7947949635
1.7957949635
1.7967949635
1.7977949635
1.7987949635
1.7997949635
1.8007949635
1.8017949635
1.8027949635
1.8037949635
1.8047949635
1.8057949635
1.8067949635
1.8077949635
1.8087949635
1.8097949635
1.8107949635
1.8117949635
1.8127949635
1.8137949635
1.8147949635
1.8157949635
1.8167949635
1.8177949635
1.8187949635
1.8197949635
1.8207949635
1.8217949635
1.8227949635
1.8237949635
1.8247949635
1.8257949635
1.8267949635
1.8277949635
1.8287949635
1.8297949635
1.8307949635
1.8317949635
1.8327949635
1.8337949635
1.8347949635
1.8357949635
1.8367949635
1.8377949635
1.8387949635
1.8397949635
1.8407949635
1.8417949635
1.8427949635
1.8437949635
1.8447949635
1.8457949635
1.8467949635
1.8477949635
1.8487949635
1.8497949635
1.8507949635
1.8517949635
1.8527949635
1.8537949635
1.8547949635
1.8557949635
1.8567949635
1.8577949635
1.8587949635
1.8597949635
1.8607949635
1.8617949635
1.8627949635
