# $W$ = 400 nm, $h$ = 300 nm, $s$ = 20 nm, $d/W = 100$, $E_{\rm e}$ = 200 keV
1.6428003933
1.6438003933
1.6448003933
1.6458003933
1.6468003933
1.6478003933
1.6488003933
1.6498003933
1.6508003933
1.6518003933
1.6528003933
1.6538003933
1.6548003933
1.6558003933
1.6568003933
1.6578003933
1.6588003933
1.6598003933
1.6608003933
1.6618003933
1.6628003933
1.6638003933
1.6648003933
1.6658003933
1.6668003933
1.6678003933
1.6688003933
1.6698003933
1.6708003933
1.6718003933
1.6728003933
1.6738003933
1.6748003933
1.6758003933
1.6768003933
1.6778003933
1.6788003933
1.6798003933
1.6808003933
1.6818003933
1.6828003933
1.6838003933
1.6848003933
1.6858003933
1.6868003933
1.6878003933
1.6888003933
1.6898003933
1.6908003933
1.6918003933
1.6928003933
1.6938003933
1.6948003933
1.6958003933
1.6968003933
1.6978003933
1.6988003933
1.6998003933
1.7008003933
1.7018003933
1.7028003933
1.7038003933
1.7048003933
1.7058003933
1.7068003933
1.7078003933
1.7088003933
1.7098003933
1.7108003933
1.7118003933
1.7128003933
1.7138003933
1.7148003933
1.7158003933
1.7168003933
1.7178003933
1.7188003933
1.7198003933
1.7208003933
1.7218003933
1.7228003933
1.7238003933
1.7248003933
1.7258003933
1.7268003933
1.7278003933
1.7288003933
1.7298003933
1.7308003933
1.7318003933
1.7328003933
1.7338003933
1.7348003933
1.7358003933
1.7368003933
1.7378003933
1.7388003933
1.7398003933
1.7408003933
1.7418003933
1.7428003933
1.7438003933
1.7448003933
1.7458003933
1.7468003933
1.7478003933
1.7488003933
1.7498003933
1.7508003933
1.7518003933
1.7528003933
1.7538003933
1.7548003933
1.7558003933
1.7568003933
1.7578003933
1.7588003933
1.7598003933
1.7608003933
1.7618003933
1.7628003933
1.7638003933
1.7648003933
1.7658003933
1.7668003933
1.7678003933
1.7688003933
1.7698003933
1.7708003933
1.7718003933
1.7728003933
1.7738003933
1.7748003933
1.7758003933
1.7768003933
1.7778003933
1.7788003933
1.7798003933
1.7808003933
1.7818003933
1.7828003933
1.7838003933
1.7848003933
1.7858003933
1.7868003933
1.7878003933
1.7888003933
1.7898003933
1.7908003933
1.7918003933
1.7928003933
1.7938003933
1.7948003933
1.7958003933
1.7968003933
1.7978003933
1.7988003933
1.7998003933
1.8008003933
1.8018003933
1.8028003933
1.8038003933
1.8048003933
1.8058003933
1.8068003933
1.8078003933
1.8088003933
1.8098003933
1.8108003933
1.8118003933
1.8128003933
1.8138003933
1.8148003933
1.8158003933
1.8168003933
1.8178003933
1.8188003933
1.8198003933
1.8208003933
1.8218003933
1.8228003933
1.8238003933
1.8248003933
1.8258003933
1.8268003933
1.8278003933
1.8288003933
1.8298003933
1.8308003933
1.8318003933
1.8328003933
1.8338003933
1.8348003933
1.8358003933
1.8368003933
1.8378003933
1.8388003933
1.8398003933
1.8408003933
1.8418003933
1.8428003933
1.8438003933
1.8448003933
1.8458003933
1.8468003933
1.8478003933
1.8488003933
1.8498003933
1.8508003933
1.8518003933
1.8528003933
1.8538003933
1.8548003933
1.8558003933
1.8568003933
1.8578003933
1.8588003933
1.8598003933
1.8608003933
1.8618003933
1.8628003933
