# $W$ = 400 nm, $h$ = 300 nm, $s$ = 20 nm, $d/W = 250$, $E_{\rm e}$ = 200 keV
1.2089234586
1.2099234586
1.2109234586
1.2119234586
1.2129234586
1.2139234586
1.2149234586
1.2159234586
1.2169234586
1.2179234586
1.2189234586
1.2199234586
1.2209234586
1.2219234586
1.2229234586
1.2239234586
1.2249234586
1.2259234586
1.2269234586
1.2279234586
1.2289234586
1.2299234586
1.2309234586
1.2319234586
1.2329234586
1.2339234586
1.2349234586
1.2359234586
1.2369234586
1.2379234586
1.2389234586
1.2399234586
1.2409234586
1.2419234586
1.2429234586
1.2439234586
1.2449234586
1.2459234586
1.2469234586
1.2479234586
1.2489234586
1.2499234586
1.2509234586
1.2519234586
1.2529234586
1.2539234586
1.2549234586
1.2559234586
1.2569234586
1.2579234586
1.2589234586
1.2599234586
1.2609234586
1.2619234586
1.2629234586
1.2639234586
1.2649234586
1.2659234586
1.2669234586
1.2679234586
1.2689234586
1.2699234586
1.2709234586
1.2719234586
1.2729234586
1.2739234586
1.2749234586
1.2759234586
1.2769234586
1.2779234586
1.2789234586
1.2799234586
1.2809234586
1.2819234586
1.2829234586
1.2839234586
1.2849234586
1.2859234586
1.2869234586
1.2879234586
1.2889234586
1.2899234586
1.2909234586
1.2919234586
1.2929234586
1.2939234586
1.2949234586
1.2959234586
1.2969234586
1.2979234586
1.2989234586
1.2999234586
1.3009234586
1.3019234586
1.3029234586
1.3039234586
1.3049234586
1.3059234586
1.3069234586
1.3079234586
1.3089234586
1.3099234586
1.3109234586
1.3119234586
1.3129234586
1.3139234586
1.3149234586
1.3159234586
1.3169234586
