# $W$ = 400 nm, $h$ = 300 nm, $s$ = 20 nm, $d/W = 250$, $E_{\rm e}$ = 200 keV
1.6363391732
1.6373391732
1.6383391732
1.6393391732
1.6403391732
1.6413391732
1.6423391732
1.6433391732
1.6443391732
1.6453391732
1.6463391732
1.6473391732
1.6483391732
1.6493391732
1.6503391732
1.6513391732
1.6523391732
1.6533391732
1.6543391732
1.6553391732
1.6563391732
1.6573391732
1.6583391732
1.6593391732
1.6603391732
1.6613391732
1.6623391732
1.6633391732
1.6643391732
1.6653391732
1.6663391732
1.6673391732
1.6683391732
1.6693391732
1.6703391732
1.6713391732
1.6723391732
1.6733391732
1.6743391732
1.6753391732
1.6763391732
1.6773391732
1.6783391732
1.6793391732
1.6803391732
1.6813391732
1.6823391732
1.6833391732
1.6843391732
1.6853391732
1.6863391732
1.6873391732
1.6883391732
1.6893391732
1.6903391732
1.6913391732
1.6923391732
1.6933391732
1.6943391732
1.6953391732
1.6963391732
1.6973391732
1.6983391732
1.6993391732
1.7003391732
1.7013391732
1.7023391732
1.7033391732
1.7043391732
1.7053391732
1.7063391732
1.7073391732
1.7083391732
1.7093391732
1.7103391732
1.7113391732
1.7123391732
1.7133391732
1.7143391732
1.7153391732
1.7163391732
1.7173391732
1.7183391732
1.7193391732
1.7203391732
1.7213391732
1.7223391732
1.7233391732
1.7243391732
1.7253391732
1.7263391732
1.7273391732
1.7283391732
1.7293391732
1.7303391732
1.7313391732
1.7323391732
1.7333391732
1.7343391732
1.7353391732
1.7363391732
1.7373391732
1.7383391732
1.7393391732
1.7403391732
1.7413391732
1.7423391732
1.7433391732
1.7443391732
1.7453391732
1.7463391732
1.7473391732
1.7483391732
1.7493391732
1.7503391732
1.7513391732
1.7523391732
1.7533391732
1.7543391732
1.7553391732
1.7563391732
1.7573391732
1.7583391732
1.7593391732
1.7603391732
1.7613391732
1.7623391732
1.7633391732
1.7643391732
1.7653391732
1.7663391732
1.7673391732
1.7683391732
1.7693391732
1.7703391732
1.7713391732
1.7723391732
1.7733391732
1.7743391732
1.7753391732
1.7763391732
1.7773391732
1.7783391732
1.7793391732
1.7803391732
1.7813391732
1.7823391732
1.7833391732
1.7843391732
1.7853391732
1.7863391732
1.7873391732
1.7883391732
1.7893391732
1.7903391732
1.7913391732
1.7923391732
1.7933391732
1.7943391732
1.7953391732
1.7963391732
1.7973391732
1.7983391732
1.7993391732
1.8003391732
1.8013391732
1.8023391732
1.8033391732
1.8043391732
1.8053391732
1.8063391732
1.8073391732
1.8083391732
1.8093391732
1.8103391732
1.8113391732
1.8123391732
1.8133391732
1.8143391732
1.8153391732
1.8163391732
1.8173391732
1.8183391732
1.8193391732
1.8203391732
1.8213391732
1.8223391732
1.8233391732
1.8243391732
1.8253391732
1.8263391732
1.8273391732
1.8283391732
1.8293391732
1.8303391732
1.8313391732
1.8323391732
1.8333391732
1.8343391732
1.8353391732
1.8363391732
1.8373391732
1.8383391732
1.8393391732
1.8403391732
1.8413391732
1.8423391732
1.8433391732
1.8443391732
1.8453391732
1.8463391732
1.8473391732
1.8483391732
1.8493391732
1.8503391732
1.8513391732
1.8523391732
1.8533391732
1.8543391732
1.8553391732
1.8563391732
1.8573391732
1.8583391732
1.8593391732
1.8603391732
1.8613391732
1.8623391732
1.8633391732
1.8643391732
1.8653391732
1.8663391732
1.8673391732
1.8683391732
