# $W$ = 500 nm, $h$ = 300 nm, $s$ = 50 nm, $d/W = 20$, $E_{\rm e}$ = 200 keV
0.6473393429
0.6483393429
0.6493393429
0.6503393429
0.6513393429
0.6523393429
0.6533393429
0.6543393429
0.6553393429
0.6563393429
0.6573393429
0.6583393429
0.6593393429
0.6603393429
0.6613393429
0.6623393429
0.6633393429
0.6643393429
0.6653393429
0.6663393429
0.6673393429
0.6683393429
0.6693393429
0.6703393429
0.6713393429
0.6723393429
0.6733393429
0.6743393429
0.6753393429
0.6763393429
0.6773393429
0.6783393429
0.6793393429
0.6803393429
0.6813393429
0.6823393429
0.6833393429
0.6843393429
0.6853393429
0.6863393429
0.6873393429
0.6883393429
0.6893393429
0.6903393429
0.6913393429
0.6923393429
0.6933393429
0.6943393429
0.6953393429
0.6963393429
0.6973393429
0.6983393429
0.6993393429
0.7003393429
0.7013393429
