# $W$ = 400 nm, $h$ = 300 nm, $s$ = 20 nm, $d/W = 25$, $E_{\rm e}$ = 200 keV
1.6355098419
1.6365098419
1.6375098419
1.6385098419
1.6395098419
1.6405098419
1.6415098419
1.6425098419
1.6435098419
1.6445098419
1.6455098419
1.6465098419
1.6475098419
1.6485098419
1.6495098419
1.6505098419
1.6515098419
1.6525098419
1.6535098419
1.6545098419
1.6555098419
1.6565098419
1.6575098419
1.6585098419
1.6595098419
1.6605098419
1.6615098419
1.6625098419
1.6635098419
1.6645098419
1.6655098419
1.6665098419
1.6675098419
1.6685098419
1.6695098419
1.6705098419
1.6715098419
1.6725098419
1.6735098419
1.6745098419
1.6755098419
1.6765098419
1.6775098419
1.6785098419
1.6795098419
1.6805098419
1.6815098419
1.6825098419
1.6835098419
1.6845098419
1.6855098419
1.6865098419
1.6875098419
1.6885098419
1.6895098419
1.6905098419
1.6915098419
1.6925098419
1.6935098419
1.6945098419
1.6955098419
1.6965098419
1.6975098419
1.6985098419
1.6995098419
1.7005098419
1.7015098419
1.7025098419
1.7035098419
1.7045098419
1.7055098419
1.7065098419
1.7075098419
1.7085098419
1.7095098419
1.7105098419
1.7115098419
1.7125098419
1.7135098419
1.7145098419
1.7155098419
1.7165098419
1.7175098419
1.7185098419
1.7195098419
1.7205098419
1.7215098419
1.7225098419
1.7235098419
1.7245098419
1.7255098419
1.7265098419
1.7275098419
1.7285098419
1.7295098419
1.7305098419
1.7315098419
1.7325098419
1.7335098419
1.7345098419
1.7355098419
1.7365098419
1.7375098419
1.7385098419
1.7395098419
1.7405098419
1.7415098419
1.7425098419
1.7435098419
1.7445098419
1.7455098419
1.7465098419
1.7475098419
1.7485098419
1.7495098419
1.7505098419
1.7515098419
1.7525098419
1.7535098419
1.7545098419
1.7555098419
1.7565098419
1.7575098419
1.7585098419
1.7595098419
1.7605098419
1.7615098419
1.7625098419
1.7635098419
1.7645098419
1.7655098419
1.7665098419
1.7675098419
1.7685098419
1.7695098419
1.7705098419
1.7715098419
1.7725098419
1.7735098419
1.7745098419
1.7755098419
1.7765098419
1.7775098419
1.7785098419
1.7795098419
1.7805098419
1.7815098419
1.7825098419
1.7835098419
1.7845098419
1.7855098419
1.7865098419
1.7875098419
1.7885098419
1.7895098419
1.7905098419
1.7915098419
1.7925098419
1.7935098419
1.7945098419
1.7955098419
1.7965098419
1.7975098419
1.7985098419
1.7995098419
1.8005098419
1.8015098419
1.8025098419
1.8035098419
1.8045098419
1.8055098419
1.8065098419
1.8075098419
1.8085098419
1.8095098419
1.8105098419
1.8115098419
1.8125098419
1.8135098419
1.8145098419
1.8155098419
1.8165098419
1.8175098419
1.8185098419
1.8195098419
1.8205098419
1.8215098419
1.8225098419
1.8235098419
1.8245098419
1.8255098419
1.8265098419
1.8275098419
1.8285098419
1.8295098419
1.8305098419
1.8315098419
1.8325098419
1.8335098419
1.8345098419
1.8355098419
1.8365098419
1.8375098419
1.8385098419
1.8395098419
1.8405098419
1.8415098419
1.8425098419
1.8435098419
1.8445098419
1.8455098419
1.8465098419
1.8475098419
1.8485098419
1.8495098419
1.8505098419
1.8515098419
1.8525098419
1.8535098419
1.8545098419
1.8555098419
1.8565098419
1.8575098419
1.8585098419
1.8595098419
1.8605098419
1.8615098419
1.8625098419
1.8635098419
1.8645098419
1.8655098419
1.8665098419
1.8675098419
1.8685098419
1.8695098419
