# $W$ = 400 nm, $h$ = 300 nm, $s$ = 20 nm, $d/W = 250$, $E_{\rm e}$ = 200 keV
1.2089234469
1.2099234469
1.2109234469
1.2119234469
1.2129234469
1.2139234469
1.2149234469
1.2159234469
1.2169234469
1.2179234469
1.2189234469
1.2199234469
1.2209234469
1.2219234469
1.2229234469
1.2239234469
1.2249234469
1.2259234469
1.2269234469
1.2279234469
1.2289234469
1.2299234469
1.2309234469
1.2319234469
1.2329234469
1.2339234469
1.2349234469
1.2359234469
1.2369234469
1.2379234469
1.2389234469
1.2399234469
1.2409234469
1.2419234469
1.2429234469
1.2439234469
1.2449234469
1.2459234469
1.2469234469
1.2479234469
1.2489234469
1.2499234469
1.2509234469
1.2519234469
1.2529234469
1.2539234469
1.2549234469
1.2559234469
1.2569234469
1.2579234469
1.2589234469
1.2599234469
1.2609234469
1.2619234469
1.2629234469
1.2639234469
1.2649234469
1.2659234469
1.2669234469
1.2679234469
1.2689234469
1.2699234469
1.2709234469
1.2719234469
1.2729234469
1.2739234469
1.2749234469
1.2759234469
1.2769234469
1.2779234469
1.2789234469
1.2799234469
1.2809234469
1.2819234469
1.2829234469
1.2839234469
1.2849234469
1.2859234469
1.2869234469
1.2879234469
1.2889234469
1.2899234469
1.2909234469
1.2919234469
1.2929234469
1.2939234469
1.2949234469
1.2959234469
1.2969234469
1.2979234469
1.2989234469
1.2999234469
1.3009234469
1.3019234469
1.3029234469
1.3039234469
1.3049234469
1.3059234469
1.3069234469
1.3079234469
1.3089234469
1.3099234469
1.3109234469
1.3119234469
1.3129234469
1.3139234469
1.3149234469
1.3159234469
1.3169234469
