# $W$ = 400 nm, $h$ = 300 nm, $s$ = 20 nm, $d/W = 100$, $E_{\rm e}$ = 200 keV
0.6729884179
0.6739884179
0.6749884179
0.6759884179
0.6769884179
0.6779884179
0.6789884179
0.6799884179
0.6809884179
0.6819884179
0.6829884179
0.6839884179
0.6849884179
0.6859884179
0.6869884179
0.6879884179
0.6889884179
0.6899884179
0.6909884179
0.6919884179
0.6929884179
0.6939884179
0.6949884179
0.6959884179
0.6969884179
0.6979884179
0.6989884179
0.6999884179
0.7009884179
0.7019884179
0.7029884179
0.7039884179
0.7049884179
0.7059884179
0.7069884179
0.7079884179
0.7089884179
0.7099884179
0.7109884179
0.7119884179
0.7129884179
0.7139884179
0.7149884179
0.7159884179
0.7169884179
0.7179884179
0.7189884179
0.7199884179
0.7209884179
0.7219884179
0.7229884179
0.7239884179
0.7249884179
0.7259884179
0.7269884179
0.7279884179
0.7289884179
0.7299884179
