# $W$ = 400 nm, $h$ = 300 nm, $s$ = 20 nm, $d/W = 10$, $E_{\rm e}$ = 200 keV
1.2089208509
1.2099208509
1.2109208509
1.2119208509
1.2129208509
1.2139208509
1.2149208509
1.2159208509
1.2169208509
1.2179208509
1.2189208509
1.2199208509
1.2209208509
1.2219208509
1.2229208509
1.2239208509
1.2249208509
1.2259208509
1.2269208509
1.2279208509
1.2289208509
1.2299208509
1.2309208509
1.2319208509
1.2329208509
1.2339208509
1.2349208509
1.2359208509
1.2369208509
1.2379208509
1.2389208509
1.2399208509
1.2409208509
1.2419208509
1.2429208509
1.2439208509
1.2449208509
1.2459208509
1.2469208509
1.2479208509
1.2489208509
1.2499208509
1.2509208509
1.2519208509
1.2529208509
1.2539208509
1.2549208509
1.2559208509
1.2569208509
1.2579208509
1.2589208509
1.2599208509
1.2609208509
1.2619208509
1.2629208509
1.2639208509
1.2649208509
1.2659208509
1.2669208509
1.2679208509
1.2689208509
1.2699208509
1.2709208509
1.2719208509
1.2729208509
1.2739208509
1.2749208509
1.2759208509
1.2769208509
1.2779208509
1.2789208509
1.2799208509
1.2809208509
1.2819208509
1.2829208509
1.2839208509
1.2849208509
1.2859208509
1.2869208509
1.2879208509
1.2889208509
1.2899208509
1.2909208509
1.2919208509
1.2929208509
1.2939208509
1.2949208509
1.2959208509
1.2969208509
1.2979208509
1.2989208509
1.2999208509
1.3009208509
1.3019208509
1.3029208509
1.3039208509
1.3049208509
1.3059208509
1.3069208509
1.3079208509
1.3089208509
1.3099208509
1.3109208509
1.3119208509
1.3129208509
1.3139208509
1.3149208509
1.3159208509
1.3169208509
