# $W$ = 400 nm, $h$ = 300 nm, $s$ = 20 nm, $d/W = 250$, $E_{\rm e}$ = 200 keV
0.6730109395
0.6740109395
0.6750109395
0.6760109395
0.6770109395
0.6780109395
0.6790109395
0.6800109395
0.6810109395
0.6820109395
0.6830109395
0.6840109395
0.6850109395
0.6860109395
0.6870109395
0.6880109395
0.6890109395
0.6900109395
0.6910109395
0.6920109395
0.6930109395
0.6940109395
0.6950109395
0.6960109395
0.6970109395
0.6980109395
0.6990109395
0.7000109395
0.7010109395
0.7020109395
0.7030109395
0.7040109395
0.7050109395
0.7060109395
0.7070109395
0.7080109395
0.7090109395
0.7100109395
0.7110109395
0.7120109395
0.7130109395
0.7140109395
0.7150109395
0.7160109395
0.7170109395
0.7180109395
0.7190109395
0.7200109395
0.7210109395
0.7220109395
0.7230109395
0.7240109395
0.7250109395
0.7260109395
0.7270109395
0.7280109395
0.7290109395
0.7300109395
