# $W$ = 300 nm, $h$ = 300 nm, $s$ = 20 nm, $d/W = 100$, $E_{\rm e}$ = 200 keV
0.7186349194
0.7196349194
0.7206349194
0.7216349194
0.7226349194
0.7236349194
0.7246349194
0.7256349194
0.7266349194
0.7276349194
0.7286349194
0.7296349194
0.7306349194
0.7316349194
0.7326349194
0.7336349194
0.7346349194
0.7356349194
0.7366349194
0.7376349194
0.7386349194
0.7396349194
0.7406349194
0.7416349194
0.7426349194
0.7436349194
0.7446349194
0.7456349194
0.7466349194
0.7476349194
0.7486349194
0.7496349194
0.7506349194
0.7516349194
0.7526349194
0.7536349194
0.7546349194
0.7556349194
0.7566349194
0.7576349194
0.7586349194
0.7596349194
0.7606349194
0.7616349194
0.7626349194
0.7636349194
0.7646349194
0.7656349194
0.7666349194
0.7676349194
0.7686349194
0.7696349194
0.7706349194
0.7716349194
0.7726349194
0.7736349194
0.7746349194
0.7756349194
0.7766349194
0.7776349194
0.7786349194
0.7796349194
0.7806349194
