# $W$ = 400 nm, $h$ = 300 nm, $s$ = 20 nm, $d/W = 5$, $E_{\rm e}$ = 200 keV
1.6335065102
1.6345065102
1.6355065102
1.6365065102
1.6375065102
1.6385065102
1.6395065102
1.6405065102
1.6415065102
1.6425065102
1.6435065102
1.6445065102
1.6455065102
1.6465065102
1.6475065102
1.6485065102
1.6495065102
1.6505065102
1.6515065102
1.6525065102
1.6535065102
1.6545065102
1.6555065102
1.6565065102
1.6575065102
1.6585065102
1.6595065102
1.6605065102
1.6615065102
1.6625065102
1.6635065102
1.6645065102
1.6655065102
1.6665065102
1.6675065102
1.6685065102
1.6695065102
1.6705065102
1.6715065102
1.6725065102
1.6735065102
1.6745065102
1.6755065102
1.6765065102
1.6775065102
1.6785065102
1.6795065102
1.6805065102
1.6815065102
1.6825065102
1.6835065102
1.6845065102
1.6855065102
1.6865065102
1.6875065102
1.6885065102
1.6895065102
1.6905065102
1.6915065102
1.6925065102
1.6935065102
1.6945065102
1.6955065102
1.6965065102
1.6975065102
1.6985065102
1.6995065102
1.7005065102
1.7015065102
1.7025065102
1.7035065102
1.7045065102
1.7055065102
1.7065065102
1.7075065102
1.7085065102
1.7095065102
1.7105065102
1.7115065102
1.7125065102
1.7135065102
1.7145065102
1.7155065102
1.7165065102
1.7175065102
1.7185065102
1.7195065102
1.7205065102
1.7215065102
1.7225065102
1.7235065102
1.7245065102
1.7255065102
1.7265065102
1.7275065102
1.7285065102
1.7295065102
1.7305065102
1.7315065102
1.7325065102
1.7335065102
1.7345065102
1.7355065102
1.7365065102
1.7375065102
1.7385065102
1.7395065102
1.7405065102
1.7415065102
1.7425065102
1.7435065102
1.7445065102
1.7455065102
1.7465065102
1.7475065102
1.7485065102
1.7495065102
1.7505065102
1.7515065102
1.7525065102
1.7535065102
1.7545065102
1.7555065102
1.7565065102
1.7575065102
1.7585065102
1.7595065102
1.7605065102
1.7615065102
1.7625065102
1.7635065102
1.7645065102
1.7655065102
1.7665065102
1.7675065102
1.7685065102
1.7695065102
1.7705065102
1.7715065102
1.7725065102
1.7735065102
1.7745065102
1.7755065102
1.7765065102
1.7775065102
1.7785065102
1.7795065102
1.7805065102
1.7815065102
1.7825065102
1.7835065102
1.7845065102
1.7855065102
1.7865065102
1.7875065102
1.7885065102
1.7895065102
1.7905065102
1.7915065102
1.7925065102
1.7935065102
1.7945065102
1.7955065102
1.7965065102
1.7975065102
1.7985065102
1.7995065102
1.8005065102
1.8015065102
1.8025065102
1.8035065102
1.8045065102
1.8055065102
1.8065065102
1.8075065102
1.8085065102
1.8095065102
1.8105065102
1.8115065102
1.8125065102
1.8135065102
1.8145065102
1.8155065102
1.8165065102
1.8175065102
1.8185065102
1.8195065102
1.8205065102
1.8215065102
1.8225065102
1.8235065102
1.8245065102
1.8255065102
1.8265065102
1.8275065102
1.8285065102
1.8295065102
1.8305065102
1.8315065102
1.8325065102
1.8335065102
1.8345065102
1.8355065102
1.8365065102
1.8375065102
1.8385065102
1.8395065102
1.8405065102
1.8415065102
1.8425065102
1.8435065102
1.8445065102
1.8455065102
1.8465065102
1.8475065102
1.8485065102
1.8495065102
1.8505065102
1.8515065102
1.8525065102
1.8535065102
1.8545065102
1.8555065102
1.8565065102
1.8575065102
1.8585065102
1.8595065102
1.8605065102
1.8615065102
1.8625065102
1.8635065102
1.8645065102
1.8655065102
1.8665065102
1.8675065102
1.8685065102
1.8695065102
1.8705065102
