# $W$ = 400 nm, $h$ = 300 nm, $s$ = 20 nm, $d/W = 25$, $E_{\rm e}$ = 100 keV
1.2773874151
1.2783874151
1.2793874151
1.2803874151
1.2813874151
1.2823874151
1.2833874151
1.2843874151
1.2853874151
1.2863874151
1.2873874151
1.2883874151
1.2893874151
1.2903874151
1.2913874151
1.2923874151
1.2933874151
1.2943874151
1.2953874151
1.2963874151
1.2973874151
1.2983874151
1.2993874151
1.3003874151
1.3013874151
1.3023874151
1.3033874151
1.3043874151
1.3053874151
1.3063874151
1.3073874151
1.3083874151
1.3093874151
1.3103874151
1.3113874151
1.3123874151
1.3133874151
1.3143874151
1.3153874151
1.3163874151
1.3173874151
1.3183874151
1.3193874151
1.3203874151
1.3213874151
1.3223874151
1.3233874151
1.3243874151
1.3253874151
1.3263874151
1.3273874151
1.3283874151
1.3293874151
1.3303874151
1.3313874151
1.3323874151
1.3333874151
1.3343874151
1.3353874151
1.3363874151
1.3373874151
1.3383874151
1.3393874151
1.3403874151
1.3413874151
1.3423874151
1.3433874151
1.3443874151
1.3453874151
1.3463874151
1.3473874151
1.3483874151
1.3493874151
1.3503874151
1.3513874151
1.3523874151
1.3533874151
1.3543874151
1.3553874151
1.3563874151
1.3573874151
1.3583874151
1.3593874151
1.3603874151
1.3613874151
1.3623874151
1.3633874151
1.3643874151
1.3653874151
1.3663874151
1.3673874151
1.3683874151
1.3693874151
1.3703874151
1.3713874151
1.3723874151
1.3733874151
1.3743874151
1.3753874151
1.3763874151
1.3773874151
1.3783874151
1.3793874151
1.3803874151
1.3813874151
1.3823874151
1.3833874151
1.3843874151
1.3853874151
1.3863874151
1.3873874151
1.3883874151
1.3893874151
1.3903874151
1.3913874151
1.3923874151
1.3933874151
1.3943874151
1.3953874151
1.3963874151
1.3973874151
1.3983874151
1.3993874151
1.4003874151
1.4013874151
1.4023874151
1.4033874151
1.4043874151
1.4053874151
1.4063874151
1.4073874151
1.4083874151
1.4093874151
1.4103874151
1.4113874151
1.4123874151
1.4133874151
1.4143874151
1.4153874151
