# $W$ = 400 nm, $h$ = 300 nm, $s$ = 20 nm, $d/W = 250$, $E_{\rm e}$ = 200 keV
1.2089547193
1.2099547193
1.2109547193
1.2119547193
1.2129547193
1.2139547193
1.2149547193
1.2159547193
1.2169547193
1.2179547193
1.2189547193
1.2199547193
1.2209547193
1.2219547193
1.2229547193
1.2239547193
1.2249547193
1.2259547193
1.2269547193
1.2279547193
1.2289547193
1.2299547193
1.2309547193
1.2319547193
1.2329547193
1.2339547193
1.2349547193
1.2359547193
1.2369547193
1.2379547193
1.2389547193
1.2399547193
1.2409547193
1.2419547193
1.2429547193
1.2439547193
1.2449547193
1.2459547193
1.2469547193
1.2479547193
1.2489547193
1.2499547193
1.2509547193
1.2519547193
1.2529547193
1.2539547193
1.2549547193
1.2559547193
1.2569547193
1.2579547193
1.2589547193
1.2599547193
1.2609547193
1.2619547193
1.2629547193
1.2639547193
1.2649547193
1.2659547193
1.2669547193
1.2679547193
1.2689547193
1.2699547193
1.2709547193
1.2719547193
1.2729547193
1.2739547193
1.2749547193
1.2759547193
1.2769547193
1.2779547193
1.2789547193
1.2799547193
1.2809547193
1.2819547193
1.2829547193
1.2839547193
1.2849547193
1.2859547193
1.2869547193
1.2879547193
1.2889547193
1.2899547193
1.2909547193
1.2919547193
1.2929547193
1.2939547193
1.2949547193
1.2959547193
1.2969547193
1.2979547193
1.2989547193
1.2999547193
1.3009547193
1.3019547193
1.3029547193
1.3039547193
1.3049547193
1.3059547193
1.3069547193
1.3079547193
1.3089547193
1.3099547193
1.3109547193
1.3119547193
1.3129547193
1.3139547193
1.3149547193
1.3159547193
1.3169547193
