# $W$ = 400 nm, $h$ = 300 nm, $s$ = 20 nm, $d/W = 10$, $E_{\rm e}$ = 200 keV
1.2089302957
1.2099302957
1.2109302957
1.2119302957
1.2129302957
1.2139302957
1.2149302957
1.2159302957
1.2169302957
1.2179302957
1.2189302957
1.2199302957
1.2209302957
1.2219302957
1.2229302957
1.2239302957
1.2249302957
1.2259302957
1.2269302957
1.2279302957
1.2289302957
1.2299302957
1.2309302957
1.2319302957
1.2329302957
1.2339302957
1.2349302957
1.2359302957
1.2369302957
1.2379302957
1.2389302957
1.2399302957
1.2409302957
1.2419302957
1.2429302957
1.2439302957
1.2449302957
1.2459302957
1.2469302957
1.2479302957
1.2489302957
1.2499302957
1.2509302957
1.2519302957
1.2529302957
1.2539302957
1.2549302957
1.2559302957
1.2569302957
1.2579302957
1.2589302957
1.2599302957
1.2609302957
1.2619302957
1.2629302957
1.2639302957
1.2649302957
1.2659302957
1.2669302957
1.2679302957
1.2689302957
1.2699302957
1.2709302957
1.2719302957
1.2729302957
1.2739302957
1.2749302957
1.2759302957
1.2769302957
1.2779302957
1.2789302957
1.2799302957
1.2809302957
1.2819302957
1.2829302957
1.2839302957
1.2849302957
1.2859302957
1.2869302957
1.2879302957
1.2889302957
1.2899302957
1.2909302957
1.2919302957
1.2929302957
1.2939302957
1.2949302957
1.2959302957
1.2969302957
1.2979302957
1.2989302957
1.2999302957
1.3009302957
1.3019302957
1.3029302957
1.3039302957
1.3049302957
1.3059302957
1.3069302957
1.3079302957
1.3089302957
1.3099302957
1.3109302957
1.3119302957
1.3129302957
1.3139302957
1.3149302957
1.3159302957
1.3169302957
