# $W$ = 400 nm, $h$ = 300 nm, $s$ = 20 nm, $d/W = 5$, $E_{\rm e}$ = 200 keV
1.2089192751
1.2099192751
1.2109192751
1.2119192751
1.2129192751
1.2139192751
1.2149192751
1.2159192751
1.2169192751
1.2179192751
1.2189192751
1.2199192751
1.2209192751
1.2219192751
1.2229192751
1.2239192751
1.2249192751
1.2259192751
1.2269192751
1.2279192751
1.2289192751
1.2299192751
1.2309192751
1.2319192751
1.2329192751
1.2339192751
1.2349192751
1.2359192751
1.2369192751
1.2379192751
1.2389192751
1.2399192751
1.2409192751
1.2419192751
1.2429192751
1.2439192751
1.2449192751
1.2459192751
1.2469192751
1.2479192751
1.2489192751
1.2499192751
1.2509192751
1.2519192751
1.2529192751
1.2539192751
1.2549192751
1.2559192751
1.2569192751
1.2579192751
1.2589192751
1.2599192751
1.2609192751
1.2619192751
1.2629192751
1.2639192751
1.2649192751
1.2659192751
1.2669192751
1.2679192751
1.2689192751
1.2699192751
1.2709192751
1.2719192751
1.2729192751
1.2739192751
1.2749192751
1.2759192751
1.2769192751
1.2779192751
1.2789192751
1.2799192751
1.2809192751
1.2819192751
1.2829192751
1.2839192751
1.2849192751
1.2859192751
1.2869192751
1.2879192751
1.2889192751
1.2899192751
1.2909192751
1.2919192751
1.2929192751
1.2939192751
1.2949192751
1.2959192751
1.2969192751
1.2979192751
1.2989192751
1.2999192751
1.3009192751
1.3019192751
1.3029192751
1.3039192751
1.3049192751
1.3059192751
1.3069192751
1.3079192751
1.3089192751
1.3099192751
1.3109192751
1.3119192751
1.3129192751
1.3139192751
1.3149192751
1.3159192751
1.3169192751
