# $W$ = 400 nm, $h$ = 300 nm, $s$ = 20 nm, $d/W = 100$, $E_{\rm e}$ = 200 keV
1.6427961750
1.6437961750
1.6447961750
1.6457961750
1.6467961750
1.6477961750
1.6487961750
1.6497961750
1.6507961750
1.6517961750
1.6527961750
1.6537961750
1.6547961750
1.6557961750
1.6567961750
1.6577961750
1.6587961750
1.6597961750
1.6607961750
1.6617961750
1.6627961750
1.6637961750
1.6647961750
1.6657961750
1.6667961750
1.6677961750
1.6687961750
1.6697961750
1.6707961750
1.6717961750
1.6727961750
1.6737961750
1.6747961750
1.6757961750
1.6767961750
1.6777961750
1.6787961750
1.6797961750
1.6807961750
1.6817961750
1.6827961750
1.6837961750
1.6847961750
1.6857961750
1.6867961750
1.6877961750
1.6887961750
1.6897961750
1.6907961750
1.6917961750
1.6927961750
1.6937961750
1.6947961750
1.6957961750
1.6967961750
1.6977961750
1.6987961750
1.6997961750
1.7007961750
1.7017961750
1.7027961750
1.7037961750
1.7047961750
1.7057961750
1.7067961750
1.7077961750
1.7087961750
1.7097961750
1.7107961750
1.7117961750
1.7127961750
1.7137961750
1.7147961750
1.7157961750
1.7167961750
1.7177961750
1.7187961750
1.7197961750
1.7207961750
1.7217961750
1.7227961750
1.7237961750
1.7247961750
1.7257961750
1.7267961750
1.7277961750
1.7287961750
1.7297961750
1.7307961750
1.7317961750
1.7327961750
1.7337961750
1.7347961750
1.7357961750
1.7367961750
1.7377961750
1.7387961750
1.7397961750
1.7407961750
1.7417961750
1.7427961750
1.7437961750
1.7447961750
1.7457961750
1.7467961750
1.7477961750
1.7487961750
1.7497961750
1.7507961750
1.7517961750
1.7527961750
1.7537961750
1.7547961750
1.7557961750
1.7567961750
1.7577961750
1.7587961750
1.7597961750
1.7607961750
1.7617961750
1.7627961750
1.7637961750
1.7647961750
1.7657961750
1.7667961750
1.7677961750
1.7687961750
1.7697961750
1.7707961750
1.7717961750
1.7727961750
1.7737961750
1.7747961750
1.7757961750
1.7767961750
1.7777961750
1.7787961750
1.7797961750
1.7807961750
1.7817961750
1.7827961750
1.7837961750
1.7847961750
1.7857961750
1.7867961750
1.7877961750
1.7887961750
1.7897961750
1.7907961750
1.7917961750
1.7927961750
1.7937961750
1.7947961750
1.7957961750
1.7967961750
1.7977961750
1.7987961750
1.7997961750
1.8007961750
1.8017961750
1.8027961750
1.8037961750
1.8047961750
1.8057961750
1.8067961750
1.8077961750
1.8087961750
1.8097961750
1.8107961750
1.8117961750
1.8127961750
1.8137961750
1.8147961750
1.8157961750
1.8167961750
1.8177961750
1.8187961750
1.8197961750
1.8207961750
1.8217961750
1.8227961750
1.8237961750
1.8247961750
1.8257961750
1.8267961750
1.8277961750
1.8287961750
1.8297961750
1.8307961750
1.8317961750
1.8327961750
1.8337961750
1.8347961750
1.8357961750
1.8367961750
1.8377961750
1.8387961750
1.8397961750
1.8407961750
1.8417961750
1.8427961750
1.8437961750
1.8447961750
1.8457961750
1.8467961750
1.8477961750
1.8487961750
1.8497961750
1.8507961750
1.8517961750
1.8527961750
1.8537961750
1.8547961750
1.8557961750
1.8567961750
1.8577961750
1.8587961750
1.8597961750
1.8607961750
1.8617961750
1.8627961750
