# $W$ = 300 nm, $h$ = 300 nm, $s$ = 20 nm, $d/W = 100$, $E_{\rm e}$ = 200 keV
1.2987601623
1.2997601623
1.3007601623
1.3017601623
1.3027601623
1.3037601623
1.3047601623
1.3057601623
1.3067601623
1.3077601623
1.3087601623
1.3097601623
1.3107601623
1.3117601623
1.3127601623
1.3137601623
1.3147601623
1.3157601623
1.3167601623
1.3177601623
1.3187601623
1.3197601623
1.3207601623
1.3217601623
1.3227601623
1.3237601623
1.3247601623
1.3257601623
1.3267601623
1.3277601623
1.3287601623
1.3297601623
1.3307601623
1.3317601623
1.3327601623
1.3337601623
1.3347601623
1.3357601623
1.3367601623
1.3377601623
1.3387601623
1.3397601623
1.3407601623
1.3417601623
1.3427601623
1.3437601623
1.3447601623
1.3457601623
1.3467601623
1.3477601623
1.3487601623
1.3497601623
1.3507601623
1.3517601623
1.3527601623
1.3537601623
1.3547601623
1.3557601623
1.3567601623
1.3577601623
1.3587601623
1.3597601623
1.3607601623
1.3617601623
1.3627601623
1.3637601623
1.3647601623
1.3657601623
1.3667601623
1.3677601623
1.3687601623
1.3697601623
1.3707601623
1.3717601623
1.3727601623
1.3737601623
1.3747601623
1.3757601623
1.3767601623
1.3777601623
1.3787601623
1.3797601623
1.3807601623
1.3817601623
1.3827601623
1.3837601623
1.3847601623
1.3857601623
1.3867601623
1.3877601623
1.3887601623
1.3897601623
1.3907601623
1.3917601623
1.3927601623
1.3937601623
1.3947601623
1.3957601623
1.3967601623
1.3977601623
1.3987601623
1.3997601623
1.4007601623
1.4017601623
1.4027601623
1.4037601623
1.4047601623
1.4057601623
