# $W$ = 500 nm, $h$ = 300 nm, $s$ = 50 nm, $d/W = 20$, $E_{\rm e}$ = 200 keV
0.6473400225
0.6483400225
0.6493400225
0.6503400225
0.6513400225
0.6523400225
0.6533400225
0.6543400225
0.6553400225
0.6563400225
0.6573400225
0.6583400225
0.6593400225
0.6603400225
0.6613400225
0.6623400225
0.6633400225
0.6643400225
0.6653400225
0.6663400225
0.6673400225
0.6683400225
0.6693400225
0.6703400225
0.6713400225
0.6723400225
0.6733400225
0.6743400225
0.6753400225
0.6763400225
0.6773400225
0.6783400225
0.6793400225
0.6803400225
0.6813400225
0.6823400225
0.6833400225
0.6843400225
0.6853400225
0.6863400225
0.6873400225
0.6883400225
0.6893400225
0.6903400225
0.6913400225
0.6923400225
0.6933400225
0.6943400225
0.6953400225
0.6963400225
0.6973400225
0.6983400225
0.6993400225
0.7003400225
0.7013400225
