# $W$ = 400 nm, $h$ = 300 nm, $s$ = 20 nm, $d/W = 250$, $E_{\rm e}$ = 200 keV
0.6729871945
0.6739871945
0.6749871945
0.6759871945
0.6769871945
0.6779871945
0.6789871945
0.6799871945
0.6809871945
0.6819871945
0.6829871945
0.6839871945
0.6849871945
0.6859871945
0.6869871945
0.6879871945
0.6889871945
0.6899871945
0.6909871945
0.6919871945
0.6929871945
0.6939871945
0.6949871945
0.6959871945
0.6969871945
0.6979871945
0.6989871945
0.6999871945
0.7009871945
0.7019871945
0.7029871945
0.7039871945
0.7049871945
0.7059871945
0.7069871945
0.7079871945
0.7089871945
0.7099871945
0.7109871945
0.7119871945
0.7129871945
0.7139871945
0.7149871945
0.7159871945
0.7169871945
0.7179871945
0.7189871945
0.7199871945
0.7209871945
0.7219871945
0.7229871945
0.7239871945
0.7249871945
0.7259871945
0.7269871945
0.7279871945
0.7289871945
0.7299871945
