# energy (eV)    P(omega), $W$ = 500 nm, $h$ = 300 nm, $s$ = 50 nm, $d/W = 20$, $E_{\rm e}$ = 200 keV
0.0100000000	0.0554374890
0.0107130000	0.0557788247
0.0114259000	0.0566978959
0.0121389000	0.0577064137
0.0128518000	0.0605400302
0.0135648000	0.0606090126
0.0142778000	0.0634918694
0.0149907000	0.0652038741
0.0157037000	0.0664346385
0.0164166000	0.0676829612
0.0171296000	0.0689475422
0.0178425000	0.0702270292
0.0185555000	0.0715203215
0.0192685000	0.0728262598
0.0199814000	0.0741438065
0.0206944000	0.0754719866
0.0214073000	0.0768098333
0.0221203000	0.0781564874
0.0228333000	0.0795111136
0.0235462000	0.0808728891
0.0242592000	0.0822410870
0.0249721000	0.0836150243
0.0256851000	0.0849939558
0.0263981000	0.0863772692
0.0271110000	0.0877643209
0.0278240000	0.0891545883
0.0285369000	0.0905474014
0.0292499000	0.0919423257
0.0299629000	0.0933388234
0.0306758000	0.0947363194
0.0313888000	0.0961344553
0.0321017000	0.0975327529
0.0328147000	0.0989307375
0.0335276000	0.1003280315
0.0342406000	0.1017242456
0.0349536000	0.1031190086
0.0356665000	0.1045119335
0.0363795000	0.1059026803
0.0370924000	0.1072909138
0.0378054000	0.1086763488
0.0385184000	0.1100586518
0.0392313000	0.1114375562
0.0399443000	0.1128127428
0.0406572000	0.1141839665
0.0413702000	0.1155509590
0.0420832000	0.1169134898
0.0427961000	0.1182713071
0.0435091000	0.1196242154
0.0442220000	0.1209719369
0.0449350000	0.1223143745
0.0456479000	0.1236512235
0.0463609000	0.1249823464
0.0470739000	0.1263075516
0.0477868000	0.1276266411
0.0484998000	0.1289395025
0.0492127000	0.1302459506
0.0499257000	0.1315458130
0.0506387000	0.1328389967
0.0513516000	0.1341253408
0.0520646000	0.1354047174
0.0527775000	0.1366769629
0.0534905000	0.1379420689
0.0542035000	0.1391998233
0.0549164000	0.1404500987
0.0556294000	0.1416928873
0.0563423000	0.1429280675
0.0570553000	0.1441555256
0.0577683000	0.1453751935
0.0584812000	0.1465869852
0.0591942000	0.1477908159
0.0599071000	0.1489866409
0.0606201000	0.1501744080
0.0613330000	0.1513539870
0.0620460000	0.1525253860
0.0627590000	0.1536885175
0.0634719000	0.1548433489
0.0641849000	0.1559898380
0.0648978000	0.1571279033
0.0656108000	0.1582575927
0.0663238000	0.1593787792
0.0670367000	0.1604914831
0.0677497000	0.1615956676
0.0684626000	0.1626913039
0.0691756000	0.1637783717
0.0698886000	0.1648568300
0.0706015000	0.1659267095
0.0713145000	0.1669879787
0.0720274000	0.1680406124
0.0727404000	0.1690845800
0.0734534000	0.1701199329
0.0741663000	0.1711466497
0.0748793000	0.1721647203
0.0755922000	0.1731741251
0.0763052000	0.1741749407
0.0770181000	0.1751670919
0.0777311000	0.1761506288
0.0784441000	0.1771255638
0.0791570000	0.1780918842
0.0798700000	0.1790496067
0.0805829000	0.1799988095
0.0812959000	0.1809394196
0.0820089000	0.1818715246
0.0827218000	0.1827950896
0.0834348000	0.1837101839
0.0841477000	0.1846168269
0.0848607000	0.1855150369
0.0855737000	0.1864048379
0.0862866000	0.1872862553
0.0869996000	0.1881593074
0.0877125000	0.1890240692
0.0884255000	0.1898805239
0.0891384000	0.1907287572
0.0898514000	0.1915687333
0.0905644000	0.1924005721
0.0912773000	0.1932242583
0.0919903000	0.1940398390
0.0927032000	0.1948473556
0.0934162000	0.1956468805
0.0941292000	0.1964383805
0.0948421000	0.1972219724
0.0955551000	0.1979976716
0.0962680000	0.1987654897
0.0969810000	0.1995255513
0.0976940000	0.2002778169
0.0984069000	0.2010223847
0.0991199000	0.2017593085
0.0998328000	0.2024885735
0.1005460000	0.2032102989
0.1012590000	0.2039245092
0.1019720000	0.2046312377
0.1026850000	0.2053305323
0.1033980000	0.2060224938
0.1041110000	0.2067071157
0.1048240000	0.2073844816
0.1055370000	0.2080546542
0.1062490000	0.2087176353
0.1069620000	0.2093735381
0.1076750000	0.2100223743
0.1083880000	0.2106642011
0.1091010000	0.2112991220
0.1098140000	0.2119271237
0.1105270000	0.2125483067
0.1112400000	0.2131627174
0.1119530000	0.2137704083
0.1126660000	0.2143714143
0.1133790000	0.2149658059
0.1140920000	0.2155536664
0.1148050000	0.2161350303
0.1155180000	0.2167099282
0.1162310000	0.2172784684
0.1169440000	0.2178406960
0.1176570000	0.2183966186
0.1183700000	0.2189463729
0.1190830000	0.2194899517
0.1197960000	0.2200274185
0.1205090000	0.2205588611
0.1212220000	0.2210843594
0.1219350000	0.2216039071
0.1226480000	0.2221175578
0.1233600000	0.2226254477
0.1240730000	0.2231275962
0.1247860000	0.2236240024
0.1254990000	0.2241148175
0.1262120000	0.2246000443
0.1269250000	0.2250797843
0.1276380000	0.2255540338
0.1283510000	0.2260229160
0.1290640000	0.2264864132
0.1297770000	0.2269446676
0.1304900000	0.2273976695
0.1312030000	0.2278455077
0.1319160000	0.2282882297
0.1326290000	0.2287258917
0.1333420000	0.2291585663
0.1340550000	0.2295863115
0.1347680000	0.2300091966
0.1354810000	0.2304272118
0.1361940000	0.2308404544
0.1369070000	0.2312490004
0.1376200000	0.2316529069
0.1383330000	0.2320521960
0.1390460000	0.2324469243
0.1397590000	0.2328372343
0.1404710000	0.2332230497
0.1411840000	0.2336044894
0.1418970000	0.2339816209
0.1426100000	0.2343544815
0.1433230000	0.2347231330
0.1440360000	0.2350876366
0.1447490000	0.2354480367
0.1454620000	0.2358043762
0.1461750000	0.2361567445
0.1468880000	0.2365051797
0.1476010000	0.2368496683
0.1483140000	0.2371903932
0.1490270000	0.2375272924
0.1497400000	0.2378604593
0.1504530000	0.2381899540
0.1511660000	0.2385158636
0.1518790000	0.2388381358
0.1525920000	0.2391569494
0.1533050000	0.2394722278
0.1540180000	0.2397841760
0.1547310000	0.2400926716
0.1554440000	0.2403978950
0.1561570000	0.2406998179
0.1568700000	0.2409985571
0.1575830000	0.2412940905
0.1582950000	0.2415865226
0.1590080000	0.2418758662
0.1597210000	0.2421621960
0.1604340000	0.2424455191
0.1611470000	0.2427259283
0.1618600000	0.2430034425
0.1625730000	0.2432781293
0.1632860000	0.2435499909
0.1639990000	0.2438191315
0.1647120000	0.2440855199
0.1654250000	0.2443492822
0.1661380000	0.2446104813
0.1668510000	0.2448690280
0.1675640000	0.2451250737
0.1682770000	0.2453786117
0.1689900000	0.2456297031
0.1697030000	0.2458784231
0.1704160000	0.2461247933
0.1711290000	0.2463688017
0.1718420000	0.2466104989
0.1725550000	0.2468500148
0.1732680000	0.2470872928
0.1739810000	0.2473223864
0.1746940000	0.2475553238
0.1754060000	0.2477862784
0.1761190000	0.2480150178
0.1768320000	0.2482418201
0.1775450000	0.2484666558
0.1782580000	0.2486894729
0.1789710000	0.2489104005
0.1796840000	0.2491294313
0.1803970000	0.2493465658
0.1811100000	0.2495619309
0.1818230000	0.2497754327
0.1825360000	0.2499871951
0.1832490000	0.2501972069
0.1839620000	0.2504054921
0.1846750000	0.2506121168
0.1853880000	0.2508170674
0.1861010000	0.2510203553
0.1868140000	0.2512220237
0.1875270000	0.2514220961
0.1882400000	0.2516206356
0.1889530000	0.2518175876
0.1896660000	0.2520129852
0.1903790000	0.2522068410
0.1910920000	0.2523992600
0.1918050000	0.2525901335
0.1925180000	0.2527795336
0.1932300000	0.2529674946
0.1939430000	0.2531539776
0.1946560000	0.2533390212
0.1953690000	0.2535226450
0.1960820000	0.2537048094
0.1967950000	0.2538855850
0.1975080000	0.2540649006
0.1982210000	0.2542427704
0.1989340000	0.2544192556
0.1996470000	0.2545942245
0.2003600000	0.2547678937
0.2010730000	0.2549400364
0.2017860000	0.2551107095
0.2024990000	0.2552799376
0.2032120000	0.2554476580
0.2039250000	0.2556138988
0.2046380000	0.2557786480
0.2053510000	0.2559418562
0.2060640000	0.2561035002
0.2067770000	0.2562634540
0.2074900000	0.2564218183
0.2082030000	0.2565786227
0.2089160000	0.2567336979
0.2096290000	0.2568869224
0.2103410000	0.2570383977
0.2110540000	0.2571881392
0.2117670000	0.2573359584
0.2124800000	0.2574818124
0.2131930000	0.2576256447
0.2139060000	0.2577675048
0.2146190000	0.2579071577
0.2153320000	0.2580446371
0.2160450000	0.2581797580
0.2167580000	0.2583126075
0.2174710000	0.2584429372
0.2181840000	0.2585706895
0.2188970000	0.2586958000
0.2196100000	0.2588182098
0.2203230000	0.2589376385
0.2210360000	0.2590541625
0.2217490000	0.2591674631
0.2224620000	0.2592775549
0.2231750000	0.2593842572
0.2238880000	0.2594873165
0.2246010000	0.2595867002
0.2253140000	0.2596821839
0.2260270000	0.2597735200
0.2267400000	0.2598606348
0.2274520000	0.2599433086
0.2281650000	0.2600213235
0.2288780000	0.2600944296
0.2295910000	0.2601623816
0.2303040000	0.2602249486
0.2310170000	0.2602819201
0.2317300000	0.2603328763
0.2324430000	0.2637501139
0.2331560000	0.2676734471
0.2338690000	0.2716533595
0.2345820000	0.2754188208
0.2352950000	0.2792591774
0.2360080000	0.2835823310
0.2367210000	0.2880641792
0.2374340000	0.2923962700
0.2381470000	0.2972022431
0.2388600000	0.3021113321
0.2395730000	0.3069457517
0.2402860000	0.3124313260
0.2409990000	0.3181117106
0.2417120000	0.3245114198
0.2424250000	0.3306270777
0.2431380000	0.3372992340
0.2438510000	0.3438153122
0.2445640000	0.3515488702
0.2452760000	0.3590390214
0.2459890000	0.3674626546
0.2467020000	0.3756820967
0.2474150000	0.3855966398
0.2481280000	0.3956696206
0.2488410000	0.4066209577
0.2495540000	0.4183162371
0.2502670000	0.4323848791
0.2509800000	0.4474734711
0.2516930000	0.4634821106
0.2524060000	0.4834849248
0.2531190000	0.5125268079
0.2538320000	0.5630517589
0.2545450000	0.5757755035
0.2552580000	0.5870052546
0.2559710000	0.5981502371
0.2566840000	0.6088079302
0.2573970000	0.6188064994
0.2581100000	0.6289674180
0.2588230000	0.6388321852
0.2595360000	0.6490193613
0.2602490000	0.6585883946
0.2609620000	0.6687755669
0.2616750000	0.6784908922
0.2623870000	0.6884288465
0.2631000000	0.6984955532
0.2638130000	0.7078341586
0.2645260000	0.7187175698
0.2652390000	0.7285094316
0.2659520000	0.7385785674
0.2666650000	0.7494759327
0.2673780000	0.7594791177
0.2680910000	0.7707193750
0.2688040000	0.7808941412
0.2695170000	0.7924531961
0.2702300000	0.8030989521
0.2709430000	0.8153305185
0.2716560000	0.8272908098
0.2723690000	0.8388705479
0.2730820000	0.8512787731
0.2737950000	0.8632333242
0.2745080000	0.8767090902
0.2752210000	0.8887526256
0.2759340000	0.9031076635
0.2766470000	0.9158392056
0.2773600000	0.9309573550
0.2780730000	0.9459311247
0.2787860000	0.9605185632
0.2794980000	0.9761444712
0.2802110000	0.9916411032
0.2809240000	1.0090397626
0.2816370000	1.0250841993
0.2823500000	1.0435707894
0.2830630000	1.0608036287
0.2837760000	1.0808876607
0.2844890000	1.0999647876
0.2852020000	1.1212173828
0.2859150000	1.1434602317
0.2866280000	1.1648065300
0.2873410000	1.1894256386
0.2880540000	1.2117804409
0.2887670000	1.2380860290
0.2894800000	1.2631537130
0.2901930000	1.2918280813
0.2909060000	1.3190120794
0.2916190000	1.3502139844
0.2923320000	1.3802113393
0.2930450000	1.4149535241
0.2937580000	1.4482635747
0.2944710000	1.4853827911
0.2951840000	1.5218142488
0.2958970000	1.5642559570
0.2966100000	1.6045888123
0.2973220000	1.6523570475
0.2980350000	1.6965753623
0.2987480000	1.7498107300
0.2994610000	1.7999435398
0.3001740000	1.8594729356
0.3008870000	1.9153850134
0.3016000000	1.9833265572
0.3023130000	2.0457070278
0.3030260000	2.1233118250
0.3037390000	2.1950606959
0.3044520000	2.2833918721
0.3051650000	2.3662753739
0.3058780000	2.4674030972
0.3065910000	2.5642664954
0.3073040000	2.6807476203
0.3080170000	2.7936376633
0.3087300000	2.9298196124
0.3094430000	3.0626129242
0.3101560000	3.2217189685
0.3108690000	3.3815936560
0.3115820000	3.5723371907
0.3122950000	3.7644397744
0.3130080000	3.9934741966
0.3137210000	4.2263622084
0.3144330000	4.5043352522
0.3151460000	4.7960986918
0.3158590000	5.1364662763
0.3165720000	5.4987236608
0.3172850000	5.9327369585
0.3179980000	6.3891355443
0.3187110000	6.9468546185
0.3194240000	7.5349863285
0.3201370000	8.2630026465
0.3208500000	9.0419875659
0.3215630000	10.0112105771
0.3222760000	11.0548458828
0.3229890000	12.3849104033
0.3237020000	13.8233844096
0.3244150000	15.6783052726
0.3251280000	17.6953446287
0.3258410000	20.2913729951
0.3265540000	23.0857513116
0.3272670000	26.5266947965
0.3279800000	29.7436498814
0.3286930000	32.9045059249
0.3294060000	32.5973278351
0.3301190000	24.6367592441
0.3351090000	8.6531209142
0.3358220000	37.9548783038
0.3365350000	42.5171971945
0.3372480000	39.5251911447
0.3379610000	34.2550523362
0.3386740000	29.2796508600
0.3393870000	24.8187446539
0.3401000000	21.1528716379
0.3408130000	18.1373755297
0.3415260000	15.6554976755
0.3422390000	13.6180200494
0.3429520000	11.9223892345
0.3436650000	10.5340999299
0.3443780000	9.3458953771
0.3450910000	8.3460074170
0.3458040000	7.5014333264
0.3465170000	6.7759293906
0.3472300000	6.1550302349
0.3479430000	5.6029711526
0.3486560000	5.1430543910
0.3493680000	4.7182164424
0.3500810000	4.3589135315
0.3507940000	4.0287094300
0.3515070000	3.7507673488
0.3522200000	3.4877281973
0.3529330000	3.2637223303
0.3536460000	3.0503933623
0.3543590000	2.8721882480
0.3550720000	2.6980489966
0.3557850000	2.5494593254
0.3564980000	2.4067516407
0.3572110000	2.2775290106
0.3579240000	2.1659601524
0.3586370000	2.0556379265
0.3593500000	1.9622544847
0.3600630000	1.8710591916
0.3607760000	1.7917183154
0.3614890000	1.7121682423
0.3622020000	1.6440828630
0.3629150000	1.5780006192
0.3636280000	1.5193957610
0.3643410000	1.4608708836
0.3650540000	1.4104876236
0.3657670000	1.3607942285
0.3664790000	1.3173650561
0.3671920000	1.2721425488
0.3679050000	1.2342625891
0.3686180000	1.1957532496
0.3693310000	1.1628572653
0.3700440000	1.1272474686
0.3707570000	1.0985540782
0.3714700000	1.0687188376
0.3721830000	1.0433214528
0.3728960000	1.0152795166
0.3736090000	0.9928081658
0.3743220000	0.9680942506
0.3750350000	0.9493096956
0.3757480000	0.9269289869
0.3764610000	0.9091451341
0.3771740000	0.8892295600
0.3778870000	0.8741511202
0.3786000000	0.8564693806
0.3793130000	0.8420845816
0.3800260000	0.8261647606
0.3807390000	0.8143834000
0.3814520000	0.7998365283
0.3821650000	0.7884068836
0.3828780000	0.7754013620
0.3835910000	0.7651303888
0.3843030000	0.7541069593
0.3850160000	0.7450523727
0.3857290000	0.7341380120
0.3864420000	0.7260303320
0.3871550000	0.7163853646
0.3878680000	0.7098853272
0.3885810000	0.7029610707
0.3892940000	0.6946082988
0.3900070000	0.6884329106
0.3907200000	0.6813426498
0.3914330000	0.6760621010
0.3921460000	0.6689272899
0.3928590000	0.6642200517
0.3935720000	0.6595122189
0.3942850000	0.6542010655
0.3949980000	0.6501693148
0.3957110000	0.6448764801
0.3964240000	0.6413799189
0.3971370000	0.6379452979
0.3978500000	0.6338872669
0.3985630000	0.6311268675
0.3992760000	0.6269627974
0.3999890000	0.6244735978
0.4007020000	0.6222653729
0.4014140000	0.6193653041
0.4021270000	0.6174272982
0.4028400000	0.6157860356
0.4035530000	0.6128791481
0.4042660000	0.6114874756
0.4049790000	0.6108558879
0.4056920000	0.6084805438
0.4064050000	0.6075550902
0.4071180000	0.6068635869
0.4078310000	0.6061903312
0.4085440000	0.6049625231
0.4092570000	0.6046989791
0.4099700000	0.6044966381
0.4106830000	0.6044542585
0.4113960000	0.6044866017
0.4121090000	0.6051044703
0.4128220000	0.6053936487
0.4135350000	0.6058113933
0.4142480000	0.6064286551
0.4149610000	0.6070993998
0.4156740000	0.6082767149
0.4163870000	0.6091960284
0.4171000000	0.6102426847
0.4178130000	0.6114141458
0.4185260000	0.6136125000
0.4192380000	0.6159164933
0.4199510000	0.6186381752
0.4206640000	0.6212046329
0.4213770000	0.6273813533
0.4220900000	0.6288727306
0.4228030000	0.6299295047
0.4235160000	0.6313903312
0.4242290000	0.6327519668
0.4249420000	0.6341295839
0.4256550000	0.6357136765
0.4263680000	0.6373660518
0.4270810000	0.6392304929
0.4277940000	0.6414085139
0.4285070000	0.6435119639
0.4292200000	0.6456997912
0.4299330000	0.6480817177
0.4306460000	0.6505764266
0.4313590000	0.6532250071
0.4320720000	0.6562324308
0.4327850000	0.6591856803
0.4334980000	0.6622565860
0.4342110000	0.6654933711
0.4349240000	0.6689025523
0.4356370000	0.6726586712
0.4363490000	0.6763639427
0.4370620000	0.6802317031
0.4377750000	0.6843045912
0.4384880000	0.6885186530
0.4392010000	0.6929029510
0.4399140000	0.6976529253
0.4406270000	0.7024177000
0.4413400000	0.7073262147
0.4420530000	0.7124731430
0.4427660000	0.7177939997
0.4434790000	0.7233305453
0.4441920000	0.7292026599
0.4449050000	0.7351401821
0.4456180000	0.7412830406
0.4463310000	0.7476705895
0.4470440000	0.7542740880
0.4477570000	0.7611054540
0.4484700000	0.7683003780
0.4491830000	0.7756420296
0.4498960000	0.7832087844
0.4506090000	0.7910506627
0.4513220000	0.7991676163
0.4520350000	0.8075678474
0.4527480000	0.8162358679
0.4534600000	0.8253204957
0.4541730000	0.8346072664
0.4548860000	0.8442066928
0.4555990000	0.8541431193
0.4563120000	0.8644187660
0.4570250000	0.8750427806
0.4577380000	0.8861306047
0.4584510000	0.8974949269
0.4591640000	0.9092586511
0.4598770000	0.9214375677
0.4605900000	0.9340380763
0.4613030000	0.9470855179
0.4620160000	0.9605813189
0.4627290000	0.9746265781
0.4634420000	0.9891001861
0.4641550000	1.0040983428
0.4648680000	1.0196419694
0.4655810000	1.0357426784
0.4662940000	1.0524407846
0.4670070000	1.0697796652
0.4677200000	1.0877288572
0.4684330000	1.1063554899
0.4691460000	1.1256875697
0.4698590000	1.1457660959
0.4705720000	1.1666024360
0.4712840000	1.1882594300
0.4719970000	1.2107628165
0.4727100000	1.2341637565
0.4734230000	1.2585056319
0.4741360000	1.2838370031
0.4748490000	1.3102135401
0.4755620000	1.3376884944
0.4762750000	1.3663115537
0.4769880000	1.3961159217
0.4777010000	1.4272359057
0.4784140000	1.4597440608
0.4791270000	1.4936753285
0.4798400000	1.5291200597
0.4805530000	1.5662108739
0.4812660000	1.6049964527
0.4819790000	1.6455170995
0.4826920000	1.6880423072
0.4834050000	1.7326515711
0.4841180000	1.7794269019
0.4848310000	1.8285267034
0.4855440000	1.8801591000
0.4862570000	1.9344070103
0.4869700000	1.9915166402
0.4876830000	2.0515199525
0.4883950000	2.1149368446
0.4891080000	2.1818475932
0.4898210000	2.2525217211
0.4905340000	2.3272940412
0.4912470000	2.4063751068
0.4919600000	2.4902537004
0.4926730000	2.5788738215
0.4933860000	2.6733108057
0.4940990000	2.7737850296
0.4948120000	2.8807051717
0.4955250000	2.9947181238
0.4962380000	3.1168500308
0.4969510000	3.2480215961
0.4976640000	3.3884762170
0.4983770000	3.5388125099
0.4990900000	3.7009245226
0.4998030000	3.8754924250
0.5005160000	4.0637169154
0.5012290000	4.2674330390
0.5019420000	4.4880695988
0.5026550000	4.7275984804
0.5033680000	4.9875504904
0.5040810000	5.2719391276
0.5047940000	5.5830361962
0.5055070000	5.9241525836
0.5062190000	6.2994437597
0.5069320000	6.7136406106
0.5076450000	7.1720656880
0.5083580000	7.6815427886
0.5090710000	8.2482651081
0.5097840000	8.8840932575
0.5104970000	9.5996910673
0.5112100000	10.4080584072
0.5119230000	11.3260298564
0.5126360000	12.3741144414
0.5133490000	13.5786381773
0.5140620000	14.9711313045
0.5147750000	16.5895356281
0.5154880000	18.4922017104
0.5162010000	20.7450706764
0.5169140000	23.4364560219
0.5176270000	26.6870807495
0.5183400000	30.6580455034
0.5190530000	35.5739249359
0.5197660000	41.7479401845
0.5204790000	49.6210451028
0.5211920000	59.8637226836
0.5219050000	73.4479498160
0.5226180000	91.8488711273
0.5233300000	117.3204756727
0.5240430000	153.2498023761
0.5247560000	204.3150680571
0.5254690000	275.3130680267
0.5261820000	364.9853578878
0.5268950000	450.9839818682
0.5276080000	483.9554085045
0.5283210000	437.3899351155
0.5290340000	347.5598088595
0.5297470000	260.5533078136
0.5304600000	193.4996650457
0.5311730000	145.6498675642
0.5318860000	111.9877310895
0.5325990000	88.0329437759
0.5333120000	70.6776919024
0.5340250000	57.8161432682
0.5347380000	48.0786097325
0.5354510000	40.5617890920
0.5361640000	34.6573302024
0.5368770000	29.9423046465
0.5375900000	26.1246378315
0.5383030000	22.9944706214
0.5390160000	20.3915904952
0.5397290000	18.2149488560
0.5404410000	16.3742083261
0.5411540000	14.8051124259
0.5418670000	13.4553704123
0.5425800000	12.2874939517
0.5432930000	11.2705135447
0.5440060000	10.3797813918
0.5447190000	9.5952193341
0.5454320000	8.8977608043
0.5461450000	8.2807936016
0.5468580000	7.7300504217
0.5475710000	7.2360511427
0.5482840000	6.7919075497
0.5489970000	6.3910525678
0.5497100000	6.0278883362
0.5504230000	5.6983690780
0.5511360000	5.3983062777
0.5518490000	5.1224324156
0.5525620000	4.8716035664
0.5532750000	4.6416936984
0.5539880000	4.4304514717
0.5547010000	4.2358282354
0.5554140000	4.0563271280
0.5561270000	3.8902356810
0.5568400000	3.7365942497
0.5575530000	3.5939825121
0.5582650000	3.4616933739
0.5589780000	3.3373526245
0.5596910000	3.2228488030
0.5604040000	3.1160886524
0.5611170000	3.0164247756
0.5618300000	2.9233867100
0.5625430000	2.8363227200
0.5632560000	2.7549768053
0.5639690000	2.6788172016
0.5646820000	2.6074222125
0.5653950000	2.5403171893
0.5661080000	2.4762962293
0.5668210000	2.4173358418
0.5675340000	2.3620500990
0.5682470000	2.3100311766
0.5689600000	2.2610386893
0.5696730000	2.2151516025
0.5703860000	2.1720735614
0.5710990000	2.1314380478
0.5718120000	2.0933868114
0.5725250000	2.0565753633
0.5732380000	2.0230203059
0.5739510000	1.9914544979
0.5746640000	1.9618372746
0.5753760000	1.9341857277
0.5760890000	1.9082855546
0.5768020000	1.8839711069
0.5775150000	1.8613271647
0.5782280000	1.8402641379
0.5789410000	1.8205821075
0.5796540000	1.8023349814
0.5803670000	1.7844060519
0.5810800000	1.7687716626
0.5817930000	1.7544446381
0.5825060000	1.7413247239
0.5832190000	1.7292592411
0.5839320000	1.7183651236
0.5846450000	1.7086391177
0.5853580000	1.6998347146
0.5860710000	1.6921518739
0.5867840000	1.6854672868
0.5874970000	1.6786856015
0.5882100000	1.6739027190
0.5889230000	1.6700659529
0.5896360000	1.6671030470
0.5903490000	1.6651750421
0.5910620000	1.6639764631
0.5917750000	1.6637194192
0.5924870000	1.6643834425
0.5932000000	1.6659006305
0.5939130000	1.6682115040
0.5946260000	1.6714528201
0.5953390000	1.6743050558
0.5960520000	1.6792015388
0.5967650000	1.6849973651
0.5974780000	1.6915874431
0.5981910000	1.6990142825
0.5989040000	1.7073793687
0.5996170000	1.7165280236
0.6003300000	1.7265552783
0.6010430000	1.7375612261
0.6017560000	1.7494208497
0.6024690000	1.7621907802
0.6031820000	1.7745947553
0.6038950000	1.7891837371
0.6046080000	1.8047469003
0.6053210000	1.8213941800
0.6060340000	1.8389809404
0.6067470000	1.8575188073
0.6074600000	1.8772765451
0.6081730000	1.8980344679
0.6088860000	1.9199195707
0.6095990000	1.9429867509
0.6103110000	1.9671561795
0.6110240000	1.9910055731
0.6117370000	2.0177970226
0.6124500000	2.0458053445
0.6131630000	2.0751614042
0.6138760000	2.1059852456
0.6145890000	2.1382659859
0.6153020000	2.1720630765
0.6160150000	2.2074191148
0.6167280000	2.2444974681
0.6174410000	2.2833100159
0.6181540000	2.3239779616
0.6188670000	2.3664768716
0.6195800000	2.4087914099
0.6202930000	2.4552738166
0.6210060000	2.5039340321
0.6217190000	2.5549839774
0.6224320000	2.6083146374
0.6231450000	2.6641844949
0.6238580000	2.7227957051
0.6245710000	2.7840629967
0.6252840000	2.8483422245
0.6259970000	2.9157740617
0.6267100000	2.9865319769
0.6274220000	3.0606611111
0.6281350000	3.1356332824
0.6288480000	3.2174723703
0.6295610000	3.3033397181
0.6302740000	3.3936535212
0.6309870000	3.4887448371
0.6317000000	3.5886956968
0.6324130000	3.6941844609
0.6331260000	3.8052219535
0.6338390000	3.9224493151
0.6345520000	4.0463346131
0.6352650000	4.1771201074
0.6359780000	4.3154193230
0.6366910000	4.4571037731
0.6374040000	4.6120480002
0.6381170000	4.7762142892
0.6388300000	4.9506569242
0.6395430000	5.1360358898
0.6402560000	5.3331238034
0.6409690000	5.5430589505
0.6416820000	5.7668676543
0.6423950000	6.0058647969
0.6431080000	6.2616370671
0.6438210000	6.5352906961
0.6445340000	6.8288575231
0.6452460000	7.1438780597
0.6459590000	7.4745042618
0.6466720000	7.8394144947
0.6473850000	8.2330790927
0.6480980000	8.6590326275
0.6488110000	9.1205069658
0.6495240000	9.6214933549
0.6502370000	10.1669769692
0.6509500000	10.7616051171
0.6516630000	11.4124251758
0.6523760000	12.1259906530
0.6530890000	12.9096023970
0.6538020000	13.7738914337
0.6545150000	14.7294404341
0.6552280000	15.7693925358
0.6559410000	16.9481445083
0.6566540000	18.2652468191
0.6573670000	19.7433283255
0.6580800000	21.4076879908
0.6587930000	23.2909564899
0.6595060000	25.4315990064
0.6602190000	27.8756058475
0.6609320000	30.6814591457
0.6616450000	33.9222386293
0.6623570000	37.6857349906
0.6630700000	42.0813288106
0.6637830000	47.2526473904
0.6644960000	53.2892537597
0.6652090000	60.5935746789
0.6659220000	69.4253631972
0.6666350000	80.3027369911
0.6673480000	94.1091329937
0.6680610000	112.3911045183
0.6687740000	137.8303869371
0.6694870000	174.1972846855
0.6702000000	225.3991212618
0.6709130000	294.8314042084
0.6716260000	385.6194147564
0.6723390000	498.7146870791
0.6730520000	623.2926136776
0.6737650000	723.1635449385
0.6744780000	747.7113353418
0.6751910000	680.2280099120
0.6759040000	561.6215468832
0.6766170000	440.7920807283
0.6773300000	340.8359635805
0.6780430000	264.8294784701
0.6787560000	208.5848895698
0.6794680000	166.9890193063
0.6801810000	135.9123406446
0.6808940000	112.3339501980
0.6816070000	94.1532419994
0.6823200000	79.9147589600
0.6830330000	68.5917381088
0.6837460000	59.4619764355
0.6844590000	52.0128110205
0.6851720000	45.8514387076
0.6858850000	40.7103831789
0.6865980000	36.3789148537
0.6873110000	32.6984575296
0.6880240000	29.5472293990
0.6887370000	26.8288458523
0.6894500000	24.4677545360
0.6901630000	22.4054650314
0.6908760000	20.5936045821
0.6915890000	18.9941657110
0.6923020000	17.5746353189
0.6930150000	16.3096891643
0.6937280000	15.1778623771
0.6944410000	14.1558135216
0.6951540000	13.2389959121
0.6958670000	12.4098670960
0.6965800000	11.6572530019
0.6972920000	10.9722090319
0.6980050000	10.3473152622
0.6987180000	9.7752100025
0.6994310000	9.2501085976
0.7001440000	8.7675765861
0.7008570000	8.3226217075
0.7015700000	7.9120084304
0.7022830000	7.5320318274
0.7029960000	7.1793532103
0.7037090000	6.8520216516
0.7044220000	6.5474390403
0.7051350000	6.2605704407
0.7058480000	5.9956653730
0.7065610000	5.7478267923
0.7072740000	5.5158851208
0.7079870000	5.2985930346
0.7087000000	5.0945148656
0.7094130000	4.9026088856
0.7101260000	4.7220691989
0.7108390000	4.5521020369
0.7115520000	4.3916990688
0.7122650000	4.2402562215
0.7129780000	4.0970836371
0.7136910000	3.9617616706
0.7144030000	3.8335266397
0.7151160000	3.7120806647
0.7158290000	3.5966660612
0.7165420000	3.4854965466
0.7172550000	3.3814663543
0.7179680000	3.2825663558
0.7186810000	3.1885100727
0.7193940000	3.0988957319
0.7201070000	3.0134251338
0.7208200000	2.9319272752
0.7215330000	2.8542994391
0.7222460000	2.7801126227
0.7229590000	2.7091534841
0.7236720000	2.6413839334
0.7243850000	2.5765861874
0.7250980000	2.5144719022
0.7258110000	2.4552198391
0.7265240000	2.3983565893
0.7272370000	2.3438144782
0.7279500000	2.2903928600
0.7286630000	2.2402905540
0.7293760000	2.1921610620
0.7300890000	2.1460059545
0.7308020000	2.1016243553
0.7315150000	2.0591120702
0.7322270000	2.0182455227
0.7329400000	1.9789516103
0.7336530000	1.9411253070
0.7343660000	1.9047770264
0.7350790000	1.8697771967
0.7357920000	1.8362080532
0.7365050000	1.8039268156
0.7372180000	1.7727660333
0.7379310000	1.7428160526
0.7386440000	1.7140032939
0.7393570000	1.6854583663
0.7400700000	1.6588108640
0.7407830000	1.6330525965
0.7414960000	1.6083727658
0.7422090000	1.5845230966
0.7429220000	1.5616008478
0.7436350000	1.5395388026
0.7443480000	1.5182987637
0.7450610000	1.4978859497
0.7457740000	1.4782481510
0.7464870000	1.4593895980
0.7472000000	1.4413088756
0.7479130000	1.4238625849
0.7486260000	1.4071270302
0.7493380000	1.3911038583
0.7500510000	1.3756480355
0.7507640000	1.3608987931
0.7514770000	1.3464506683
0.7521900000	1.3329679011
0.7529030000	1.3200787445
0.7536160000	1.3077872594
0.7543290000	1.2960611347
0.7550420000	1.2848975401
0.7557550000	1.2743625400
0.7564680000	1.2643508640
0.7571810000	1.2549198604
0.7578940000	1.2459885163
0.7586070000	1.2376702040
0.7593200000	1.2298467466
0.7600330000	1.2224872336
0.7607460000	1.2157604130
0.7614590000	1.2095082761
0.7621720000	1.2038766976
0.7628850000	1.1987769513
0.7635980000	1.1942312360
0.7643110000	1.1900523259
0.7650240000	1.1865839514
0.7657370000	1.1836940816
0.7664490000	1.1813402936
0.7671620000	1.1796422662
0.7678750000	1.1785129667
0.7685880000	1.1780007233
0.7693010000	1.1781047947
0.7700140000	1.1788823661
0.7707270000	1.1803783192
0.7714400000	1.1824102893
0.7721530000	1.1852205939
0.7728660000	1.1888138520
0.7735790000	1.1932472473
0.7742920000	1.1984796424
0.7750050000	1.2045227968
0.7757180000	1.2114959649
0.7764310000	1.2193737961
0.7771440000	1.2283355629
0.7778570000	1.2382801060
0.7785700000	1.2493483330
0.7792830000	1.2616676402
0.7799960000	1.2752252291
0.7807090000	1.2901133469
0.7814220000	1.3064694745
0.7821350000	1.3243123898
0.7828480000	1.3439108888
0.7835610000	1.3653622239
0.7842730000	1.3887978335
0.7849860000	1.4143397848
0.7856990000	1.4422474078
0.7864120000	1.4726931644
0.7871250000	1.5059546726
0.7878380000	1.5422239840
0.7885510000	1.5818536801
0.7892640000	1.6252449331
0.7899770000	1.6727431587
0.7906900000	1.7251352645
0.7914030000	1.7823254365
0.7921160000	1.8452191794
0.7928290000	1.9145141465
0.7935420000	1.9908499967
0.7942550000	2.0754795684
0.7949680000	2.1693791717
0.7956810000	2.2738414173
0.7963940000	2.3904579349
0.7971070000	2.5209399184
0.7978200000	2.6674801352
0.7985330000	2.8326556170
0.7992460000	3.0196035013
0.7999590000	3.2322734217
0.8006720000	3.4751970913
0.8013840000	3.7540856678
0.8020970000	4.0760966315
0.8028100000	4.4500191214
0.8035230000	4.8868176341
0.8042360000	5.4006536528
0.8049490000	6.0096527744
0.8056620000	6.7350707968
0.8063750000	7.6070137536
0.8070880000	8.6618870940
0.8078010000	9.9463667916
0.8085140000	11.5184655121
0.8092270000	13.4471673438
0.8099400000	15.8563712940
0.8106530000	18.7906916211
0.8113660000	22.2665194788
0.8120790000	26.1789101695
0.8127920000	30.1881598111
0.8135050000	33.6450587495
0.8142180000	35.7068480353
0.8149310000	35.7380075155
0.8156440000	33.7388046306
0.8163570000	30.3424039919
0.8170700000	26.3873807996
0.8177830000	22.5188310487
0.8184950000	19.0743808436
0.8192080000	16.1611664319
0.8199210000	13.7606158553
0.8206340000	11.8047410874
0.8213470000	10.2156221560
0.8220600000	8.9213499804
0.8227730000	7.8621230792
0.8234860000	6.9897118217
0.8241990000	6.2662825624
0.8249120000	5.6622126538
0.8256250000	5.1544460655
0.8263380000	4.7248365886
0.8270510000	4.3594691987
0.8277640000	4.0468631202
0.8284770000	3.7782142154
0.8291900000	3.5464121603
0.8299030000	3.3454202990
0.8306160000	3.1712978259
0.8313290000	3.0198032292
0.8320420000	2.8879598360
0.8327550000	2.7731973910
0.8334680000	2.6748824075
0.8341810000	2.5883557745
0.8348940000	2.5135393044
0.8356070000	2.4491882557
0.8363190000	2.3945042090
0.8370320000	2.3485070451
0.8377450000	2.3105922065
0.8384580000	2.2802021216
0.8391710000	2.2568109561
0.8398840000	2.2401044636
0.8405970000	2.2299458450
0.8413100000	2.2260940689
0.8420230000	2.2282231027
0.8427360000	2.2361194781
0.8434490000	2.2506336188
0.8441620000	2.2714055631
0.8448750000	2.2985885588
0.8455880000	2.3325520439
0.8463010000	2.3737731289
0.8470140000	2.4223672518
0.8477270000	2.4792824187
0.8484400000	2.5447068225
0.8491530000	2.6224542205
0.8498660000	2.7079561632
0.8505790000	2.8052186652
0.8512920000	2.9156208655
0.8520050000	3.0406294260
0.8527180000	3.1823620907
0.8534300000	3.3431402812
0.8541430000	3.5257482562
0.8548560000	3.7336211303
0.8555690000	3.9700522884
0.8562820000	4.2419657497
0.8569950000	4.5546325979
0.8577080000	4.9160733323
0.8584210000	5.3360533586
0.8591340000	5.8269865626
0.8598470000	6.4041265816
0.8605600000	7.0877077307
0.8612730000	7.9027399333
0.8619860000	8.8821314304
0.8626990000	10.0697650318
0.8634120000	11.5205119585
0.8641250000	13.3066837052
0.8648380000	15.5229167859
0.8655510000	18.2714054779
0.8662640000	21.6790444685
0.8669770000	25.8531892325
0.8676900000	30.8199699691
0.8684030000	36.3877960936
0.8691160000	41.9570574155
0.8698290000	46.4361480773
0.8705420000	48.4802488509
0.8712540000	47.2788957222
0.8719670000	43.1492996450
0.8726800000	37.2794571219
0.8733930000	30.9027785165
0.8741060000	24.7782634005
0.8748190000	19.1908737900
0.8755320000	14.1083976069
0.8762450000	9.3756188455
0.8769580000	4.9463181605
0.8776710000	1.1848064987
0.8783840000	0.0146737389
0.8819490000	1.4853917574
0.8826620000	6.1444814308
0.8833750000	9.3573650951
0.8840880000	10.9349010285
0.8848010000	11.2574599426
0.8855140000	10.8289217292
0.8862270000	10.0294555604
0.8869400000	9.1065804049
0.8876530000	8.1950354456
0.8883650000	7.3492931931
0.8890780000	6.5945303983
0.8897910000	5.9335008552
0.8905040000	5.3604898815
0.8912170000	4.8664592786
0.8919300000	4.4386616887
0.8926430000	4.0687937048
0.8933560000	3.7474523142
0.8940690000	3.4681216623
0.8947820000	3.2237673808
0.8954950000	3.0091257614
0.8962080000	2.8203950521
0.8969210000	2.6531054250
0.8976340000	2.5313068187
0.8983470000	2.3963872151
0.8990600000	2.2757167751
0.8997730000	2.1675328910
0.9004860000	2.0702604560
0.9011990000	1.9827184257
0.9019120000	1.9033236548
0.9026250000	1.8314322783
0.9033380000	1.7660796726
0.9040510000	1.7065933462
0.9047640000	1.6526131223
0.9054760000	1.6033040074
0.9061890000	1.5581569556
0.9069020000	1.5168792155
0.9076150000	1.4791180890
0.9083280000	1.4446642637
0.9090410000	1.4129835439
0.9097540000	1.3840079687
0.9104670000	1.3574133458
0.9111800000	1.3331451076
0.9118930000	1.3110087711
0.9126060000	1.2906335057
0.9133190000	1.2721973093
0.9140320000	1.2554474738
0.9147450000	1.2402687123
0.9154580000	1.2316824859
0.9161710000	1.2191466666
0.9168840000	1.2078822166
0.9175970000	1.1979215051
0.9183100000	1.1891474273
0.9190230000	1.1816151468
0.9197360000	1.1750736931
0.9204490000	1.1696210696
0.9211620000	1.1651564245
0.9218750000	1.1616813255
0.9225880000	1.1592089984
0.9233000000	1.1576403915
0.9240130000	1.1569341268
0.9247260000	1.1570972743
0.9254390000	1.1581261718
0.9261520000	1.1600850744
0.9268650000	1.1628237270
0.9275780000	1.1663475854
0.9282910000	1.1707646777
0.9290040000	1.1759988854
0.9297170000	1.1820919484
0.9304300000	1.1890054567
0.9311430000	1.1967582642
0.9318560000	1.2053817700
0.9325690000	1.2148487364
0.9332820000	1.2252033424
0.9339950000	1.2381584707
0.9347080000	1.2502369568
0.9354210000	1.2632538996
0.9361340000	1.2772298533
0.9368470000	1.2921827291
0.9375600000	1.3081699593
0.9382730000	1.3251877653
0.9389860000	1.3432978489
0.9396990000	1.3625385748
0.9404110000	1.3829645665
0.9411240000	1.4046003468
0.9418370000	1.4275137987
0.9425500000	1.4517620928
0.9432630000	1.4774036129
0.9439760000	1.5045119595
0.9446890000	1.5331542299
0.9454020000	1.5634118805
0.9461150000	1.5953651441
0.9468280000	1.6291120878
0.9475410000	1.6647467455
0.9482540000	1.7023819425
0.9489670000	1.7421416469
0.9496800000	1.7841739286
0.9503930000	1.8286000874
0.9511060000	1.8755769200
0.9518190000	1.9252790904
0.9525320000	1.9778756394
0.9532450000	2.0340876311
0.9539580000	2.0930718560
0.9546710000	2.1556358975
0.9553840000	2.2220307806
0.9560970000	2.2925558618
0.9568100000	2.3675109497
0.9575230000	2.4472752513
0.9582350000	2.5322283287
0.9589480000	2.6227776042
0.9596610000	2.7194410526
0.9603740000	2.8227296438
0.9610870000	2.9331630916
0.9618000000	3.0514628267
0.9625130000	3.1783500018
0.9632260000	3.3146504918
0.9639390000	3.4612876359
0.9646520000	3.6192759074
0.9653650000	3.7897877206
0.9660780000	3.9741800384
0.9667910000	4.1739343877
0.9675040000	4.3907501619
0.9682170000	4.6265469580
0.9689300000	4.8836803003
0.9696430000	5.1645726065
0.9703560000	5.4722450560
0.9710690000	5.8101335996
0.9717820000	6.1823014989
0.9724950000	6.5933510291
0.9732080000	7.0476048327
0.9739210000	7.5537210093
0.9746340000	8.1183494673
0.9753460000	8.7505983972
0.9760590000	9.4612837366
0.9767720000	10.2636506516
0.9774850000	11.1737063769
0.9781980000	12.2105388657
0.9789110000	13.3977879500
0.9796240000	14.7649718267
0.9803370000	16.3480296027
0.9810500000	18.1917145882
0.9817630000	20.3525142971
0.9824760000	22.9015419253
0.9831890000	25.9280560039
0.9839020000	29.5431860225
0.9846150000	33.8872129832
0.9853280000	39.1303037161
0.9860410000	45.4792381810
0.9867540000	53.1578614091
0.9874670000	62.3840126055
0.9881800000	73.2958734148
0.9888930000	85.7982944375
0.9896060000	99.3298711053
0.9903190000	112.5946959199
0.9910320000	123.4798202116
0.9917450000	129.5389898856
0.9924570000	129.1009772647
0.9931700000	122.2826718282
0.9938830000	110.9455127366
0.9945960000	97.4823110167
0.9953090000	83.9526411117
0.9960220000	71.5537281318
0.9967350000	60.7812975828
0.9974480000	51.6818150462
0.9981610000	44.0993142229
0.9988740000	37.8047781923
0.9995870000	32.5685388532
1.0003000000	28.1874385632
1.0010100000	24.4947669814
1.0017300000	21.3642339502
1.0024400000	18.7100912493
1.0031500000	16.4895199732
1.0038600000	14.6932215715
1.0045800000	13.3160149548
1.0052900000	12.3121659094
1.0060000000	11.5808614301
1.0067200000	10.9838616963
1.0074300000	10.4112099266
1.0081400000	9.8147377914
1.0088600000	9.1989153228
1.0095700000	8.5838578700
1.0102800000	7.9922401564
1.0109900000	7.4386962943
1.0117100000	6.9301128747
1.0124200000	6.4673071767
1.0131300000	6.0509900319
1.0138500000	5.6720855764
1.0145600000	5.3296339566
1.0152700000	5.0191682688
1.0159900000	4.7381539017
1.0167000000	4.4826930544
1.0174100000	4.2498028892
1.0181200000	4.0371645068
1.0188400000	3.8425151102
1.0195500000	3.6639450902
1.0202600000	3.4998039669
1.0209800000	3.3486907107
1.0216900000	3.2092958494
1.0224000000	3.0805095110
1.0231100000	2.9612998444
1.0238300000	2.8511301077
1.0245400000	2.7490630672
1.0252500000	2.6542437278
1.0259700000	2.5663565743
1.0266800000	2.4847587327
1.0273900000	2.4091554382
1.0281100000	2.3391143338
1.0288200000	2.2742337684
1.0295300000	2.2141609608
1.0302400000	2.1587578034
1.0309600000	2.1077327158
1.0316700000	2.0608438400
1.0323800000	2.0177896733
1.0331000000	1.9790356732
1.0338100000	1.9440245694
1.0345200000	1.9129814946
1.0352400000	1.8856725560
1.0359500000	1.8620931930
1.0366600000	1.8424178499
1.0373700000	1.8266177299
1.0380900000	1.8150663549
1.0388000000	1.8077039176
1.0395100000	1.8047984062
1.0402300000	1.8067350968
1.0409400000	1.8140093327
1.0416500000	1.8269373292
1.0423600000	1.8464503872
1.0430800000	1.8728969669
1.0437900000	1.9074147623
1.0445000000	1.9510251475
1.0452200000	2.0050373220
1.0459300000	2.0712421865
1.0466400000	2.1517742568
1.0473600000	2.2491944157
1.0480700000	2.3664376878
1.0487800000	2.5074082027
1.0494900000	2.6766863945
1.0502100000	2.8798899073
1.0509200000	3.1235189102
1.0516300000	3.4143278883
1.0523500000	3.7613584347
1.0530600000	4.1707409081
1.0537700000	4.6463443033
1.0544800000	5.1845359932
1.0552000000	5.7680406462
1.0559100000	6.3589288341
1.0566200000	6.8942108851
1.0573400000	7.2920355660
1.0580500000	7.4741254614
1.0587600000	7.3983454568
1.0594800000	7.0789550601
1.0601900000	6.5802490201
1.0609000000	5.9862388949
1.0616100000	5.3709259517
1.0623300000	4.7847812767
1.0630400000	4.2547307124
1.0637500000	3.7905035802
1.0644700000	3.3908947254
1.0651800000	3.0505852504
1.0658900000	2.7613185235
1.0666100000	2.5157878158
1.0673200000	2.3069051104
1.0680300000	2.1285363376
1.0687400000	1.9753112765
1.0694600000	1.8431480640
1.0701700000	1.7282970546
1.0708800000	1.6282706896
1.0716000000	1.5406112456
1.0723100000	1.4622265404
1.0730200000	1.3930708742
1.0737300000	1.3313615108
1.0744500000	1.2750823157
1.0751600000	1.2238236830
1.0758700000	1.1760626370
1.0765900000	1.1316197426
1.0773000000	1.0887673871
1.0780100000	1.0472493566
1.0787300000	1.0059762022
1.0794400000	0.9645215303
1.0801500000	0.9208412873
1.0808600000	0.8735387757
1.0815800000	0.8210304551
1.0822900000	0.7612702851
1.0830000000	0.6912939401
1.0837200000	0.6084945253
1.0844300000	0.5027975412
1.0851400000	0.3670988968
1.0858600000	0.1946206248
1.0865700000	0.0080891631
1.0958400000	0.0103208641
1.0965500000	1.2082148546
1.0972600000	2.0058977898
1.0979800000	2.4181230025
1.0986900000	2.5543047443
1.0994000000	2.5207352383
1.1001100000	2.3951874270
1.1008300000	2.2315961654
1.1015400000	2.0573534305
1.1022500000	1.8892448009
1.1029700000	1.7343583274
1.1036800000	1.5958557589
1.1043900000	1.4734477174
1.1051100000	1.3661814053
1.1058200000	1.2731146415
1.1065300000	1.1918460424
1.1072400000	1.1212664721
1.1079600000	1.0598277019
1.1086700000	1.0060595251
1.1093800000	0.9590225623
1.1101000000	0.9175856671
1.1108100000	0.8812981496
1.1115200000	0.8511650306
1.1122300000	0.8225790349
1.1129500000	0.7972099042
1.1136600000	0.7746802649
1.1143700000	0.7543109353
1.1150900000	0.7364633427
1.1158000000	0.7206154452
1.1165100000	0.7064589088
1.1172300000	0.6937252481
1.1179400000	0.6824163206
1.1186500000	0.6722637561
1.1193600000	0.6631995619
1.1200800000	0.6551973182
1.1207900000	0.6480407711
1.1215000000	0.6417241055
1.1222200000	0.6360567371
1.1229300000	0.6310958513
1.1236400000	0.6267361521
1.1243500000	0.6229474972
1.1250700000	0.6196815580
1.1257800000	0.6169474806
1.1264900000	0.6147101314
1.1272100000	0.6128362247
1.1279200000	0.6113718990
1.1286300000	0.6103199400
1.1293500000	0.6096230120
1.1300600000	0.6092756108
1.1307700000	0.6092523908
1.1314800000	0.6095704783
1.1322000000	0.6101814176
1.1329100000	0.6111262753
1.1336200000	0.6123443600
1.1343400000	0.6138320000
1.1350500000	0.6156086654
1.1357600000	0.6176408161
1.1364800000	0.6198595547
1.1371900000	0.6224885679
1.1379000000	0.6253071479
1.1386100000	0.6283816275
1.1393300000	0.6317202626
1.1400400000	0.6353280364
1.1407500000	0.6391889420
1.1414700000	0.6433119355
1.1421800000	0.6477183730
1.1428900000	0.6523725112
1.1436000000	0.6573067658
1.1443200000	0.6625098006
1.1450300000	0.6679970370
1.1457400000	0.6737711340
1.1464600000	0.6798433956
1.1471700000	0.6862208874
1.1478800000	0.6928987986
1.1486000000	0.6998883992
1.1493100000	0.7072107094
1.1500200000	0.7148644896
1.1507300000	0.7228661766
1.1514500000	0.7312286939
1.1521600000	0.7399676358
1.1528700000	0.7490995153
1.1535900000	0.7586260359
1.1543000000	0.7685713493
1.1550100000	0.7789590854
1.1557300000	0.7898043522
1.1564400000	0.8011286168
1.1571500000	0.8129542590
1.1578600000	0.8253107865
1.1585800000	0.8381382534
1.1592900000	0.8516299585
1.1600000000	0.8657326551
1.1607200000	0.8804816763
1.1614300000	0.8959100276
1.1621400000	0.9120660529
1.1628500000	0.9289887514
1.1635700000	0.9467288346
1.1642800000	0.9648705726
1.1649900000	0.9843866121
1.1657100000	1.0048830434
1.1664200000	1.0264381727
1.1671300000	1.0491180622
1.1678500000	1.0730126600
1.1685600000	1.0982033151
1.1692700000	1.1247908736
1.1699800000	1.1528946526
1.1707000000	1.1826329831
1.1714100000	1.2141437061
1.1721200000	1.2475842541
1.1728400000	1.2831163331
1.1735500000	1.3209363465
1.1742600000	1.3612683930
1.1749700000	1.4043489758
1.1756900000	1.4504517289
1.1764000000	1.4999235765
1.1771100000	1.5530907190
1.1778300000	1.6103816632
1.1785400000	1.6722862623
1.1792500000	1.7393209509
1.1799700000	1.8121356255
1.1806800000	1.8914619016
1.1813900000	1.9781856871
1.1821000000	2.0732788531
1.1828200000	2.1774273245
1.1835300000	2.2930653324
1.1842400000	2.4213908312
1.1849600000	2.5643463291
1.1856700000	2.7244014621
1.1863800000	2.9044309997
1.1871000000	3.1079017151
1.1878100000	3.3391281175
1.1885200000	3.6032777100
1.1892300000	3.9064742753
1.1899500000	4.2563213177
1.1906600000	4.6618211795
1.1913700000	5.1335836391
1.1920900000	5.6835454912
1.1928000000	6.3233006529
1.1935100000	7.0687446943
1.1942200000	7.9276385794
1.1949400000	8.9007808304
1.1956500000	9.9720042114
1.1963600000	11.0967859152
1.1970800000	12.1920491162
1.1977900000	13.1355028767
1.1985000000	13.7860599509
1.1992200000	14.0291727378
1.1999300000	13.8262142674
1.2006400000	13.2334724103
1.2013500000	12.3757953321
1.2020700000	11.3942903714
1.2027800000	10.4051415879
1.2034900000	9.4846457977
1.2042100000	8.6713781173
1.2049200000	7.9780368385
1.2056300000	7.4021549059
1.2063500000	6.9341248445
1.2070600000	6.5633479276
1.2077700000	6.2740001388
1.2084800000	6.0572004401
1.2092000000	5.9036756529
1.2099100000	5.8058377335
1.2106200000	5.7578806972
1.2113400000	5.7551696566
1.2120500000	5.7944576671
1.2127600000	5.8735247585
1.2134700000	5.9913068079
1.2141900000	6.1474574431
1.2149000000	6.3426004404
1.2156100000	6.5780088145
1.2163300000	6.8561427380
1.2170400000	7.1799688305
1.2177500000	7.5538307850
1.2184700000	7.9828577519
1.2191800000	8.4736950345
1.2198900000	9.0341369010
1.2206000000	9.6739663691
1.2213200000	10.4052908519
1.2220300000	11.2148213729
1.2227400000	12.1723677314
1.2234600000	13.2741677235
1.2241700000	14.5461206408
1.2248800000	16.0199981135
1.2256000000	17.7335027952
1.2263100000	19.7337953335
1.2270200000	22.0756434082
1.2277300000	24.8231406986
1.2284500000	28.0497092846
1.2291600000	31.8340799063
1.2298700000	36.2487063268
1.2305900000	41.3436967938
1.2313000000	47.1098995804
1.2320100000	53.4290924941
1.2327200000	60.0047543866
1.2334400000	66.3028813114
1.2341500000	71.5709541360
1.2348600000	74.9776696045
1.2355800000	75.8940008017
1.2362900000	74.1733593503
1.2370000000	70.2219740007
1.2377200000	64.8136797419
1.2384300000	58.7801477345
1.2391400000	52.7903186817
1.2398500000	47.2738519321
1.2405700000	42.4477443061
1.2412800000	38.3827331378
1.2419900000	35.0715372511
1.2427100000	32.4681114632
1.2434200000	30.5147521584
1.2441300000	29.1535688714
1.2448400000	28.3331057104
1.2455600000	28.0030597282
1.2462700000	28.1080812735
1.2469800000	28.5728064443
1.2477000000	29.2891302490
1.2484100000	30.1003198342
1.2491200000	30.8014603631
1.2498400000	31.1632601156
1.2505500000	30.9867781550
1.2512600000	30.1673831503
1.2519700000	28.7316139449
1.2526900000	26.8227680455
1.2534000000	24.6384454668
1.2541100000	22.3694338707
1.2548300000	20.1622993487
1.2555400000	18.1081614810
1.2562500000	16.2508937073
1.2569700000	14.6019390969
1.2576800000	13.1535251221
1.2583900000	11.8883463030
1.2591000000	10.7855332700
1.2598200000	9.8231108044
1.2605300000	8.9830809996
1.2612400000	8.2471723175
1.2619600000	7.6001712204
1.2626700000	7.0292408145
1.2633800000	6.5234179690
1.2640900000	6.0734999528
1.2648100000	5.6717557259
1.2655200000	5.3116436414
1.2662300000	4.9876622141
1.2669500000	4.6952233145
1.2676600000	4.4303652409
1.2683700000	4.1897176651
1.2690900000	3.9704158101
1.2698000000	3.7700140234
1.2705100000	3.5864118795
1.2712200000	3.4177659689
1.2719400000	3.2625445117
1.2726500000	3.1193120988
1.2733600000	2.9868699643
1.2740800000	2.8642037384
1.2747900000	2.7503537684
1.2755000000	2.6445263081
1.2762200000	2.5460040885
1.2769300000	2.4541449523
1.2776400000	2.3683759380
1.2783500000	2.2882102213
1.2790700000	2.2131959793
1.2797800000	2.1429010125
1.2804900000	2.0769728143
1.2812100000	2.0150666285
1.2819200000	1.9569284544
1.2826300000	1.9022649638
1.2833400000	1.8508422638
1.2840600000	1.8024521278
1.2847700000	1.7569148715
1.2854800000	1.7140172443
1.2862000000	1.6735932510
1.2869100000	1.6342579469
1.2876200000	1.5983896877
1.2883400000	1.5643885339
1.2890500000	1.5325434706
1.2897600000	1.5025681298
1.2904700000	1.4743219504
1.2911900000	1.4478047790
1.2919000000	1.4228600981
1.2926100000	1.3994310979
1.2933300000	1.3774251431
1.2940400000	1.3568967246
1.2947500000	1.3376824259
1.2954700000	1.3197593251
1.2961800000	1.3030733762
1.2968900000	1.2875964957
1.2976000000	1.2732699020
1.2983200000	1.2601230450
1.2990300000	1.2480633787
1.2997400000	1.2370369163
1.3004600000	1.2270398947
1.3011700000	1.2180565187
1.3018800000	1.2100313145
1.3025900000	1.2029610859
1.3033100000	1.1967868848
1.3040200000	1.1914768748
1.3047300000	1.1870027367
1.3054500000	1.1832819457
1.3061600000	1.1803094362
1.3068700000	1.1779924273
1.3075900000	1.1761969656
1.3083000000	1.1749135348
1.3090100000	1.1739739133
1.3097200000	1.1732551299
1.3104400000	1.1725761220
1.3111500000	1.1718171777
1.3118600000	1.1710353228
1.3125800000	1.1698828797
1.3132900000	1.1685211422
1.3140000000	1.1671291058
1.3147100000	1.1666599420
1.3154300000	1.1684874901
1.3161400000	1.1743376562
1.3168500000	1.1871889293
1.3175700000	1.2061842811
1.3182800000	1.2420832706
1.3189900000	1.2922256815
1.3197100000	1.3553265673
1.3204200000	1.4273259247
1.3211300000	1.5032546871
1.3218400000	1.5761888546
1.3225600000	1.6464575101
1.3232700000	1.7115323373
1.3239800000	1.7714939929
1.3247000000	1.8281833508
1.3254100000	1.8828241520
1.3261200000	1.9381778643
1.3268400000	1.9949137939
1.3275500000	2.0562754758
1.3282600000	2.1260543408
1.3289700000	2.2105895003
1.3296900000	2.3196618002
1.3304000000	2.4666375015
1.3311100000	2.6677511484
1.3318300000	2.9395366272
1.3325400000	3.2935794207
1.3332500000	3.7306051461
1.3339600000	4.2398667806
1.3346800000	4.8018907068
1.3353900000	5.3971703974
1.3361000000	6.0131401077
1.3368200000	6.6495803375
1.3375300000	7.3161140179
1.3382400000	8.0265052292
1.3389600000	8.7927696936
1.3396700000	9.6199021882
1.3403800000	10.5031259134
1.3410900000	11.4206791872
1.3418100000	12.3305586997
1.3425200000	13.1703898763
1.3432300000	13.8629842074
1.3439500000	14.3283579105
1.3446600000	14.5034186156
1.3453700000	14.3598247967
1.3460900000	13.9133814411
1.3468000000	13.2186844135
1.3475100000	12.3521282370
1.3482200000	11.3930874763
1.3489400000	10.4105409865
1.3496500000	9.4543710088
1.3503600000	8.5563807402
1.3510800000	7.7334685196
1.3517900000	6.9917521348
1.3525000000	6.3305977516
1.3532100000	5.7450143134
1.3539300000	5.2284971525
1.3546400000	4.7734992325
1.3553500000	4.3727486792
1.3560700000	4.0194798067
1.3567800000	3.7075362624
1.3574900000	3.4314928486
1.3582100000	3.1866287114
1.3589200000	2.9689310167
1.3596300000	2.7745489081
1.3603400000	2.6006637093
1.3610600000	2.4446862709
1.3617700000	2.3043806087
1.3624800000	2.1778326370
1.3632000000	2.0633874291
1.3639100000	1.9596182726
1.3646200000	1.8653034907
1.3653400000	1.7793912394
1.3660500000	1.7009547020
1.3667600000	1.6291798716
1.3674700000	1.5633696947
1.3681900000	1.5029166273
1.3689000000	1.4472797735
1.3696100000	1.3959809396
1.3703300000	1.3486187798
1.3710400000	1.3048058873
1.3717500000	1.2642166505
1.3724600000	1.2265653369
1.3731800000	1.1915815367
1.3738900000	1.1590376330
1.3746000000	1.1287325402
1.3753200000	1.1004691302
1.3760300000	1.0740709165
1.3767400000	1.0493856595
1.3774600000	1.0262796143
1.3781700000	1.0046200523
1.3788800000	0.9842888735
1.3795900000	0.9651748739
1.3803100000	0.9471809413
1.3810200000	0.9302938937
1.3817300000	0.9142320267
1.3824500000	0.8990320753
1.3831600000	0.8845795088
1.3838700000	0.8708062635
1.3845800000	0.8576414992
1.3853000000	0.8449833402
1.3860100000	0.8327849522
1.3867200000	0.8209361324
1.3874400000	0.8093547979
1.3881500000	0.7979561622
1.3888600000	0.7866133815
1.3895800000	0.7752539313
1.3902900000	0.7637385752
1.3910000000	0.7519410437
1.3917100000	0.7397064782
1.3924300000	0.7268682213
1.3931400000	0.7132082353
1.3938500000	0.6985136200
1.3945700000	0.6825079963
1.3952800000	0.6648806827
1.3959900000	0.6452760186
1.3967100000	0.6232594922
1.3974200000	0.5982180160
1.3981300000	0.5583623395
1.3988400000	0.5240178096
1.3995600000	0.4630082481
1.4002700000	0.4171319504
1.4009800000	0.3670957214
1.4017000000	0.3097297843
1.4024100000	0.2442911412
1.4031200000	0.1730942497
1.4038300000	0.0936987268
1.4045500000	0.0291606153
1.4052600000	0.0038344152
1.4138200000	0.0216620370
1.4145300000	0.3577540163
1.4152400000	0.8348403723
1.4159600000	1.2489521439
1.4166700000	1.5861142232
1.4173800000	1.8368171037
1.4180900000	2.0056339253
1.4188100000	2.1056790234
1.4195200000	2.1530657881
1.4202300000	2.1633335360
1.4209500000	2.1495551519
1.4216600000	2.1220767023
1.4223700000	2.0887669840
1.4230800000	2.0540732018
1.4238000000	2.0217464836
1.4245100000	1.9939422639
1.4252200000	1.9719493554
1.4259400000	1.9565349482
1.4266500000	1.9478426327
1.4273600000	1.9460439356
1.4280800000	1.9511748355
1.4287900000	1.9630309466
1.4295000000	1.9815775228
1.4302100000	2.0067795290
1.4309300000	2.0384794241
1.4316400000	2.0767810449
1.4323500000	2.1217343413
1.4330700000	2.1734241184
1.4337800000	2.2320888599
1.4344900000	2.2980060492
1.4352100000	2.3714768894
1.4359200000	2.4529597247
1.4366300000	2.5429528795
1.4373400000	2.6420592318
1.4380600000	2.7509960089
1.4387700000	2.8706113318
1.4394800000	3.0069238324
1.4402000000	3.1504513215
1.4409100000	3.3080045689
1.4416200000	3.4810117911
1.4423300000	3.6711572819
1.4430500000	3.8803494771
1.4437600000	4.1108095822
1.4444700000	4.3650384202
1.4451900000	4.6459333247
1.4459000000	4.9568151796
1.4466100000	5.3014861166
1.4473300000	5.6842886918
1.4480400000	6.1101900128
1.4487500000	6.5848427390
1.4494600000	7.1146391515
1.4501800000	7.7066263680
1.4508900000	8.3688150901
1.4516000000	9.1096280322
1.4523200000	9.9381013927
1.4530300000	10.8631327431
1.4537400000	11.8929268617
1.4544500000	13.0338542169
1.4551700000	14.2887647246
1.4558800000	15.6543529164
1.4565900000	17.1185904234
1.4573100000	18.6565126944
1.4580200000	20.2272343828
1.4587300000	21.7712214941
1.4594500000	23.2105448604
1.4601600000	24.4536247769
1.4608700000	25.4054595595
1.4615800000	25.9821977419
1.4623000000	26.1273394153
1.4630100000	25.8249085701
1.4637200000	25.1033151554
1.4644400000	24.0292889080
1.4651500000	22.6940823979
1.4658600000	21.1944757136
1.4665800000	19.6206891744
1.4672900000	18.0458177156
1.4680000000	16.5235530916
1.4687100000	15.0890620029
1.4694300000	13.7613094745
1.4701400000	12.5486168764
1.4708500000	11.4511641694
1.4715700000	10.4640364532
1.4722800000	9.5796811031
1.4729900000	8.7893029100
1.4737000000	8.0837438370
1.4744200000	7.4537823901
1.4751300000	6.8912573509
1.4758400000	6.3884947565
1.4765600000	5.9384748035
1.4772700000	5.5351854491
1.4779800000	5.1732345988
1.4787000000	4.8479060103
1.4794100000	4.5550352223
1.4801200000	4.2910065888
1.4808300000	4.0527777742
1.4815500000	3.8375465108
1.4822600000	3.6429563695
1.4829700000	3.4670280207
1.4836900000	3.3101826972
1.4844000000	3.1660844606
1.4851100000	3.0358898664
1.4858300000	2.9184498881
1.4865400000	2.8127416161
1.4872500000	2.7179272537
1.4879600000	2.6332861963
1.4886800000	2.5582383052
1.4893900000	2.4922113790
1.4901000000	2.4348521206
1.4908200000	2.3858706919
1.4915300000	2.3450559873
1.4922400000	2.3123215267
1.4929500000	2.2876531138
1.4936700000	2.2710261795
1.4943800000	2.2627087820
1.4950900000	2.2629351112
1.4958100000	2.2721136707
1.4965200000	2.2907437979
1.4972300000	2.3193839301
1.4979500000	2.3588509980
1.4986600000	2.4099909033
1.4993700000	2.4738261205
1.5000800000	2.5519633862
1.5008000000	2.6487869584
1.5015100000	2.7631352851
1.5022200000	2.8963521624
1.5029400000	3.0496928042
1.5036500000	3.2240146806
1.5043600000	3.4193211257
1.5050800000	3.6343304460
1.5057900000	3.8661074764
1.5065000000	4.1088586978
1.5072100000	4.3536097529
1.5079300000	4.5880074152
1.5086400000	4.7964795739
1.5093500000	4.9617108609
1.5100700000	5.0674055607
1.5107800000	5.1013319869
1.5114900000	5.0579340903
1.5122000000	4.9401465435
1.5129200000	4.7582831997
1.5136300000	4.5276844867
1.5143400000	4.2655032169
1.5150600000	3.9879289884
1.5157700000	3.7082558187
1.5164800000	3.4362341793
1.5172000000	3.1785020430
1.5179100000	2.9387147880
1.5186200000	2.7184814987
1.5193300000	2.5179466560
1.5200500000	2.3363821530
1.5207600000	2.1724765686
1.5214700000	2.0246647618
1.5221900000	1.8913563861
1.5229000000	1.7708645692
1.5236100000	1.6617401990
1.5243200000	1.5624776617
1.5250400000	1.4717947227
1.5257500000	1.3883609890
1.5264600000	1.3109635298
1.5271800000	1.2385789100
1.5278900000	1.1700228634
1.5286000000	1.1042718204
1.5293200000	1.0401965138
1.5300300000	0.9748476648
1.5307400000	0.9105791069
1.5314500000	0.8447799546
1.5321700000	0.7765397361
1.5328800000	0.7049391298
1.5335900000	0.6289762266
1.5343100000	0.5477167958
1.5350200000	0.4601639547
1.5357300000	0.3653256753
1.5364500000	0.2625887330
1.5371600000	0.1513105000
1.5378700000	0.0360904297
1.5385800000	0.0064107027
1.5471400000	0.0506513671
1.5478500000	0.2739545701
1.5485700000	0.4766323477
1.5492800000	0.6470256898
1.5499900000	0.7801318542
1.5507000000	0.8764616189
1.5514200000	0.9393545399
1.5521300000	0.9746103822
1.5528400000	0.9880924866
1.5535600000	0.9854454750
1.5542700000	0.9714069330
1.5549800000	0.9497765694
1.5557000000	0.9235677880
1.5564100000	0.8947905035
1.5571200000	0.8649904340
1.5578300000	0.8353411802
1.5585500000	0.8064626433
1.5592600000	0.7785904059
1.5599700000	0.7520982913
1.5606900000	0.7271328891
1.5614000000	0.7037771122
1.5621100000	0.6819609761
1.5628200000	0.6615388068
1.5635400000	0.6424189546
1.5642500000	0.6245467210
1.5649600000	0.6078030256
1.5656800000	0.5920914005
1.5663900000	0.5771805680
1.5671000000	0.5629912763
1.5678200000	0.5494716956
1.5685300000	0.5362437899
1.5692400000	0.5234900267
1.5699500000	0.5109909914
1.5706700000	0.4985679624
1.5713800000	0.4861286136
1.5720900000	0.4736049060
1.5728100000	0.4608494253
1.5735200000	0.4477709808
1.5742300000	0.4343469382
1.5749400000	0.4206477012
1.5756600000	0.4067464387
1.5763700000	0.3929268532
1.5770800000	0.3796395424
1.5778000000	0.3674176025
1.5785100000	0.3582877677
1.5792200000	0.3507861635
1.5799400000	0.3472534400
1.5806500000	0.3485719577
1.5813600000	0.3554549978
1.5820700000	0.3679982591
1.5827900000	0.3856418655
1.5835000000	0.4071825867
1.5842100000	0.4308741157
1.5849300000	0.4548009603
1.5856400000	0.4772860567
1.5863500000	0.4970786590
1.5870700000	0.5136075369
1.5877800000	0.5267471268
1.5884900000	0.5366359846
1.5892000000	0.5438002862
1.5899200000	0.5487634062
1.5906300000	0.5520897714
1.5913400000	0.5543550244
1.5920600000	0.5559382704
1.5927700000	0.5571783280
1.5934800000	0.5583444099
1.5941900000	0.5596096601
1.5949100000	0.5611266166
1.5956200000	0.5629904092
1.5963300000	0.5652575123
1.5970500000	0.5679700242
1.5977600000	0.5711614876
1.5984700000	0.5748238001
1.5991900000	0.5789935765
1.5999000000	0.5836643762
1.6006100000	0.5888316590
1.6013200000	0.5944855009
1.6020400000	0.6006472539
1.6027500000	0.6073070820
1.6034600000	0.6144785733
1.6041800000	0.6221659963
1.6048900000	0.6303785902
1.6056000000	0.6391449286
1.6063200000	0.6484855312
1.6070300000	0.6584375927
1.6077400000	0.6690501576
1.6084500000	0.6803955245
1.6091700000	0.6925611104
1.6098800000	0.7056450908
1.6105900000	0.7198034619
1.6113100000	0.7345385639
1.6120200000	0.7512792826
1.6127300000	0.7695709014
1.6134400000	0.7895443565
1.6141600000	0.8112771396
1.6148700000	0.8347889835
1.6155800000	0.8600524588
1.6163000000	0.8869681542
1.6170100000	0.9154681507
1.6177200000	0.9454712988
1.6184400000	0.9769822237
1.6191500000	1.0100485239
1.6198600000	1.0447893874
1.6205700000	1.0813971021
1.6212900000	1.1201126954
1.6220000000	1.1612110776
1.6227100000	1.2049968254
1.6234300000	1.2517978492
1.6241400000	1.3019595193
1.6248500000	1.3558551914
1.6255700000	1.4138785763
1.6262800000	1.4764620104
1.6269900000	1.5440718786
1.6277000000	1.6172211903
1.6284200000	1.6964673869
1.6291300000	1.7824315620
1.6298400000	1.8757896482
1.6305600000	1.9770563220
1.6312700000	2.0875496100
1.6319800000	2.2079327772
1.6326900000	2.3392125817
1.6334100000	2.4824567523
1.6341200000	2.6388321339
1.6348300000	2.8095499712
1.6355500000	2.9958584030
1.6362600000	3.1990056235
1.6369700000	3.4202086364
1.6376900000	3.6605148987
1.6384000000	3.9206811561
1.6391100000	4.2010699243
1.6398200000	4.5013612053
1.6405400000	4.8203269068
1.6412500000	5.1554714950
1.6419600000	5.5028320908
1.6426800000	5.8565398489
1.6433900000	6.2086502121
1.6441000000	6.5491459970
1.6448100000	6.8663489043
1.6455300000	7.1475091871
1.6462400000	7.3799632324
1.6469500000	7.5525453611
1.6476700000	7.6571211476
1.6483800000	7.6896777431
1.6490900000	7.6509080800
1.6498100000	7.5459581056
1.6505200000	7.3835573152
1.6512300000	7.1746170958
1.6519400000	6.9305964302
1.6526600000	6.6624163943
1.6533700000	6.3795573460
1.6540800000	6.0895011492
1.6548000000	5.7977862965
1.6555100000	5.5084270391
1.6562200000	5.2242278213
1.6569400000	4.9470990841
1.6576500000	4.6787224395
1.6583600000	4.4199333653
1.6590700000	4.1719734049
1.6597900000	3.9357813699
1.6605000000	3.7120627626
1.6612100000	3.5012913578
1.6619300000	3.3037540914
1.6626400000	3.1194465071
1.6633500000	2.9482361179
1.6640600000	2.7896594146
1.6647800000	2.6431803355
1.6654900000	2.5081915938
1.6662000000	2.3839784290
1.6669200000	2.2698512494
1.6676300000	2.1650535064
1.6683400000	2.0689106304
1.6690600000	1.9807093050
1.6697700000	1.8998203009
1.6704800000	1.8256550276
1.6711900000	1.7576396484
1.6719100000	1.6952733054
1.6726200000	1.6381071951
1.6733300000	1.5857118076
1.6740500000	1.5377280485
1.6747600000	1.4937715456
1.6754700000	1.4535252667
1.6761900000	1.4167251494
1.6769000000	1.3831202077
1.6776100000	1.3524575001
1.6783200000	1.3245194422
1.6790400000	1.2991738540
1.6797500000	1.2762046543
1.6804600000	1.2554857257
1.6811800000	1.2368810077
1.6818900000	1.2202544460
1.6826000000	1.2055150693
1.6833100000	1.1925443232
1.6840300000	1.1812716408
1.6847400000	1.1716077058
1.6854500000	1.1635007919
1.6861700000	1.1568817333
1.6868800000	1.1516909478
1.6875900000	1.1473933863
1.6883100000	1.1448988490
1.6890200000	1.1436967601
1.6897300000	1.1437871725
1.6904400000	1.1451070977
1.6911600000	1.1476861129
1.6918700000	1.1514758924
1.6925800000	1.1564434310
1.6933000000	1.1626221655
1.6940100000	1.1699770460
1.6947200000	1.1785197282
1.6954400000	1.1882387786
1.6961500000	1.1991396045
1.6968600000	1.2112450366
1.6975700000	1.2245067258
1.6982900000	1.2390251689
1.6990000000	1.2547193998
1.6997100000	1.2716934146
1.7004300000	1.2901056537
1.7011400000	1.3100441342
1.7018500000	1.3312868299
1.7025600000	1.3538980506
1.7032800000	1.3779012838
1.7039900000	1.4033732809
1.7047000000	1.4302910106
1.7054200000	1.4587834496
1.7061300000	1.4889621110
1.7068400000	1.5211332826
1.7075600000	1.5553742295
1.7082700000	1.5920596592
1.7089800000	1.6317035587
1.7096900000	1.6749062347
1.7104100000	1.7226443313
1.7111200000	1.7760155732
1.7118300000	1.8363664279
1.7125500000	1.9055757958
1.7132600000	1.9854978311
1.7139700000	2.0782558824
1.7146800000	2.1859534874
1.7154000000	2.3105627930
1.7161100000	2.4536250349
1.7168200000	2.6160829224
1.7175400000	2.7982850316
1.7182500000	2.9997684602
1.7189600000	3.2198618547
1.7196800000	3.4575743680
1.7203900000	3.7120260484
1.7211000000	3.9826189418
1.7218100000	4.2695089147
1.7225300000	4.5736794861
1.7232400000	4.8963540597
1.7239500000	5.2391556940
1.7246700000	5.6041731243
1.7253800000	5.9931521671
1.7260900000	6.4077776915
1.7268100000	6.8487399214
1.7275200000	7.3162610067
1.7282300000	7.8087998459
1.7289400000	8.3230736993
1.7296600000	8.8536283306
1.7303700000	9.3923904884
1.7310800000	9.9282627127
1.7318000000	10.4473514629
1.7325100000	10.9329192718
1.7332200000	11.3663921777
1.7339300000	11.7284104926
1.7346500000	12.0009757602
1.7353600000	12.1691662640
1.7360700000	12.2233620057
1.7367900000	12.1599716389
1.7375000000	11.9826858242
1.7382100000	11.7016056821
1.7389300000	11.3316702406
1.7396400000	10.8910983022
1.7403500000	10.3992662053
1.7410600000	9.8748933407
1.7417800000	9.3348111545
1.7424900000	8.7930872604
1.7432000000	8.2609167137
1.7439200000	7.7466773389
1.7446300000	7.2561306923
1.7453400000	6.7928094274
1.7460600000	6.3587968316
1.7467700000	5.9665970524
1.7474800000	5.5905515275
1.7481900000	5.2432968787
1.7489100000	4.9235147153
1.7496200000	4.6295473693
1.7503300000	4.3596861446
1.7510500000	4.1121576772
1.7517600000	3.8852524140
1.7524700000	3.6772838562
1.7531800000	3.4866812481
1.7539000000	3.3119767844
1.7546100000	3.1518443575
1.7553200000	3.0050046549
1.7560400000	2.8703293203
1.7567500000	2.7467900750
1.7574600000	2.6333838995
1.7581800000	2.5293570204
1.7588900000	2.4338553713
1.7596000000	2.3461594914
1.7603100000	2.2655811393
1.7610300000	2.1914915626
1.7617400000	2.1233079958
1.7624500000	2.0604635915
1.7631700000	2.0024292315
1.7638800000	1.9487162656
1.7645900000	1.8988513939
1.7653100000	1.8523860278
1.7660200000	1.8089660221
1.7667300000	1.7682566711
1.7674400000	1.7300090934
1.7681600000	1.6940293990
1.7688700000	1.6601875556
1.7695800000	1.6284151824
1.7703000000	1.5986877559
1.7710100000	1.5710169020
1.7717200000	1.5454283304
1.7724300000	1.5219576337
1.7731500000	1.5006408274
1.7738600000	1.4815062403
1.7745700000	1.4645643558
1.7752900000	1.4498278387
1.7760000000	1.4372975539
1.7767100000	1.4269702791
1.7774300000	1.4188396108
1.7781400000	1.4128990037
1.7788500000	1.4091404019
1.7795600000	1.4075655066
1.7802800000	1.4081834981
1.7809900000	1.4110039862
1.7817000000	1.4160533148
1.7824200000	1.4233609291
1.7831300000	1.4329664577
1.7838400000	1.4449152460
1.7845500000	1.4592878833
1.7852700000	1.4761606719
1.7859800000	1.4956219150
1.7866900000	1.5177762960
1.7874100000	1.5427443519
1.7881200000	1.5706613105
1.7888300000	1.6016673902
1.7895500000	1.6359560379
1.7902600000	1.6736996116
1.7909700000	1.7151053272
1.7916800000	1.7603930944
1.7924000000	1.8098034753
1.7931100000	1.8635927452
1.7938200000	1.9220288840
1.7945400000	1.9854072425
1.7952500000	2.0540365933
1.7959600000	2.1282066403
1.7966800000	2.2082702165
1.7973900000	2.2945440455
1.7981000000	2.3873560992
1.7988100000	2.4870194289
1.7995300000	2.5939197131
1.8002400000	2.7095974252
1.8009500000	2.8359316292
1.8016700000	2.9710266642
1.8023800000	3.1152873627
1.8030900000	3.2691308425
1.8038000000	3.4329824370
1.8045200000	3.6072000463
1.8052300000	3.7920467388
1.8059400000	3.9875922602
1.8066600000	4.1935996422
1.8073700000	4.4094218424
1.8080800000	4.6338490105
1.8088000000	4.8649546239
1.8095100000	5.0999399287
1.8102200000	5.3333588773
1.8109300000	5.5645126631
1.8116500000	5.7858191928
1.8123600000	5.9907247279
1.8130700000	6.1726079125
1.8137900000	6.3247214660
1.8145000000	6.4408635129
1.8152100000	6.5158868283
1.8159300000	6.5464132487
1.8166400000	6.5309035601
1.8173500000	6.4701849879
1.8180600000	6.3671572871
1.8187800000	6.2264143557
1.8194900000	6.0539180912
1.8202000000	5.8564105481
1.8209200000	5.6406875558
1.8216300000	5.4134727759
1.8223400000	5.1805568755
1.8230500000	4.9472815867
1.8237700000	4.7176688199
1.8244800000	4.4951652229
1.8251900000	4.2822789202
1.8259100000	4.0807450713
1.8266200000	3.8915998703
1.8273300000	3.7154902842
1.8280500000	3.5526383706
1.8287600000	3.4029333329
1.8294700000	3.2660677873
1.8301800000	3.1415686256
1.8309000000	3.0289360149
1.8316100000	2.9275928475
1.8323200000	2.8369941589
1.8330400000	2.7566110441
1.8337500000	2.6859514745
1.8344600000	2.6245608828
1.8351800000	2.5720414741
1.8358900000	2.5279881074
1.8366000000	2.4920374748
1.8373100000	2.4638205825
1.8380300000	2.4429658356
1.8387400000	2.4290760143
1.8394500000	2.4217093318
1.8401700000	2.4203336960
1.8408800000	2.4243420055
1.8415900000	2.4330036205
1.8423000000	2.4454431503
1.8430200000	2.4606464837
1.8437300000	2.4774368589
1.8444400000	2.4944909699
1.8451600000	2.5103852516
1.8458700000	2.5236097909
1.8465800000	2.5327441432
1.8473000000	2.5364179714
1.8480100000	2.5334799085
1.8487200000	2.5230992143
1.8494300000	2.5047977164
1.8501500000	2.4785163280
1.8508600000	2.4446092931
1.8515700000	2.4037714316
1.8522900000	2.3569917121
1.8530000000	2.3054366166
1.8537100000	2.2503600998
1.8544200000	2.1929996395
1.8551400000	2.1345038896
1.8558500000	2.0758894787
1.8565600000	2.0180021182
1.8572800000	1.9615029209
1.8579900000	1.9068779821
1.8587000000	1.8544454048
1.8594200000	1.8043757232
1.8601300000	1.7567319048
1.8608400000	1.7114937387
1.8615500000	1.6685667519
1.8622700000	1.6278375814
1.8629800000	1.5891646516
1.8636900000	1.5524173152
1.8644100000	1.5174632607
1.8651200000	1.4842149879
1.8658300000	1.4525982137
1.8665500000	1.4225622741
1.8672600000	1.3940745864
1.8679700000	1.3671082221
1.8686800000	1.3416980051
1.8694000000	1.3178211305
1.8701100000	1.2954846484
1.8708200000	1.2747006049
1.8715400000	1.2554829010
1.8722500000	1.2378688896
1.8729600000	1.2218932267
1.8736700000	1.2076188860
1.8743900000	1.1951620934
1.8751000000	1.1846605023
1.8758100000	1.1762698472
1.8765300000	1.1583376995
1.8772400000	1.1545218658
1.8779500000	1.1539202332
1.8786700000	1.1570507238
1.8793800000	1.1645791301
1.8800900000	1.1770785675
1.8808000000	1.1953198683
1.8815200000	1.2200266056
1.8822300000	1.2518750073
1.8829400000	1.2914155296
1.8836600000	1.3390731771
1.8843700000	1.3950022447
1.8850800000	1.4591001196
1.8858000000	1.5309918006
1.8865100000	1.6100228495
1.8872200000	1.6953718785
1.8879300000	1.7860968178
1.8886500000	1.8812487106
1.8893600000	1.9799792294
1.8900700000	2.0815794000
1.8907900000	2.1855961978
1.8915000000	2.2918076938
1.8922100000	2.4002119023
1.8929200000	2.5110455379
1.8936400000	2.6246865071
1.8943500000	2.7416029582
1.8950600000	2.8623078344
1.8957800000	2.9872719462
1.8964900000	3.1169177688
1.8972000000	3.2514918996
1.8979200000	3.3910645793
1.8986300000	3.5354541729
1.8993400000	3.6841793430
1.9000500000	3.8368904056
1.9007700000	3.9975544999
1.9014800000	4.1585033325
1.9021900000	4.3173024298
1.9029100000	4.4710282350
1.9036200000	4.6163387632
1.9043300000	4.7495421448
1.9050500000	4.8669143404
1.9057600000	4.9647646562
1.9064700000	5.0397436102
1.9071800000	5.0891428452
1.9079000000	5.1110326534
1.9086100000	5.1044644393
1.9093200000	5.0695582346
1.9100400000	5.0074176554
1.9107500000	4.9201160249
1.9114600000	4.8104281959
1.9121700000	4.6816502276
1.9128900000	4.5374122791
1.9136000000	4.3812733842
1.9143100000	4.2168753265
1.9150300000	4.0474232187
1.9157400000	3.8757966862
1.9164500000	3.7044676851
1.9171700000	3.5354711909
1.9178800000	3.3704986708
1.9185900000	3.2106324669
1.9193000000	3.0568431859
1.9200200000	2.9097303828
1.9207300000	2.7696535147
1.9214400000	2.6367858887
1.9221600000	2.5111218200
1.9228700000	2.3925862975
1.9235800000	2.2809471235
1.9242900000	2.1759745665
1.9250100000	2.0773765692
1.9257200000	1.9848343764
1.9264300000	1.8980171450
1.9271500000	1.8166090083
1.9278600000	1.7402542039
1.9285700000	1.6686254079
1.9292900000	1.6014202899
1.9300000000	1.5383401436
1.9307100000	1.4791051571
1.9314200000	1.4234627688
1.9321400000	1.3711316896
1.9328500000	1.3218916718
1.9335600000	1.2755268085
1.9342800000	1.2318397397
1.9349900000	1.1906210990
1.9357000000	1.1516932796
1.9364200000	1.1148908285
1.9371300000	1.0800651822
1.9378400000	1.0470700283
1.9385500000	1.0157683638
1.9392700000	0.9860329502
1.9399800000	0.9577457483
1.9406900000	0.9307915023
1.9414100000	0.9050685820
1.9421200000	0.8804738707
1.9428300000	0.8569166814
1.9435400000	0.8343046038
1.9442600000	0.8125433500
1.9449700000	0.7915607158
1.9456800000	0.7712797229
1.9464000000	0.7516081107
1.9471100000	0.7311178532
1.9478200000	0.7122850413
1.9485400000	0.6938435309
1.9492500000	0.6757079655
1.9499600000	0.6578410560
1.9506700000	0.6401768578
1.9513900000	0.6226366729
1.9521000000	0.6051931463
1.9528100000	0.5877793614
1.9535300000	0.5703467753
1.9542400000	0.5528903038
1.9549500000	0.5353952545
1.9556700000	0.5178487648
1.9563800000	0.5002831998
1.9570900000	0.4827382606
1.9578000000	0.4652905157
1.9585200000	0.4480761723
1.9592300000	0.4312436136
1.9599400000	0.4149747564
1.9606600000	0.3994934280
1.9613700000	0.3851188035
1.9620800000	0.3723742146
1.9627900000	0.3615304955
1.9635100000	0.3530261341
1.9642200000	0.3473064981
1.9649300000	0.3446869450
1.9656500000	0.3457127870
1.9663600000	0.3505799059
1.9670700000	0.3594143826
1.9677900000	0.3723290391
1.9685000000	0.3891443815
1.9692100000	0.4095606611
1.9699200000	0.4331265045
1.9706400000	0.4592744944
1.9713500000	0.4873400555
1.9720600000	0.5166107527
1.9727800000	0.5464486274
1.9734900000	0.5762008030
1.9742000000	0.6053465130
1.9749100000	0.6334818239
1.9756300000	0.6602947188
1.9763400000	0.6856418957
1.9770500000	0.7094430986
1.9777700000	0.7317262520
1.9784800000	0.7525937954
1.9791900000	0.7721785547
1.9799100000	0.7906418358
1.9806200000	0.8081769333
1.9813300000	0.8249601056
1.9820400000	0.8411643391
1.9827600000	0.8569218483
1.9834700000	0.8723366473
1.9841800000	0.8874952228
1.9849000000	0.9024491792
1.9856100000	0.9172142901
1.9863200000	0.9317950213
1.9870400000	0.9460434153
1.9877500000	0.9599428810
1.9884600000	0.9734076556
1.9891700000	0.9863297158
1.9898900000	0.9986057195
1.9906000000	1.0101582366
1.9913100000	1.0209026761
1.9920300000	1.0307764118
1.9927400000	1.0397845200
1.9934500000	1.0479488357
1.9941600000	1.0553446928
1.9948800000	1.0620843358
1.9955900000	1.0682993893
1.9963000000	1.0741752686
1.9970200000	1.0798991164
1.9977300000	1.0856879344
1.9984400000	1.0917501841
1.9991600000	1.0983068461
1.9998700000	1.1055734100
2.0005800000	1.1140796865
2.0012900000	1.1238254701
2.0020100000	1.1349303830
2.0027200000	1.1475615011
2.0034300000	1.1618738097
2.0041500000	1.1780054996
2.0048600000	1.1960856171
2.0055700000	1.2162354927
2.0062900000	1.2385539973
2.0070000000	1.2631506261
2.0077100000	1.2901114689
2.0084200000	1.3195276393
2.0091400000	1.3514773243
2.0098500000	1.3860381703
2.0105600000	1.4232751273
2.0112800000	1.4632379131
2.0119900000	1.5059745482
2.0127000000	1.5515017404
2.0134100000	1.5998277100
2.0141300000	1.6509231630
2.0148400000	1.7047317244
2.0155500000	1.7611509277
2.0162700000	1.8200386938
2.0169800000	1.8811880225
2.0176900000	1.9443334921
2.0184100000	2.0091335105
2.0191200000	2.0751906733
2.0198300000	2.1419979932
2.0205400000	2.2089766407
2.0212600000	2.2754695115
2.0219700000	2.3407378803
2.0226800000	2.4044195909
2.0234000000	2.4648390614
2.0241100000	2.5215264040
2.0248200000	2.5736195637
2.0255400000	2.6202576796
2.0262500000	2.6607304947
2.0269600000	2.6943370728
2.0276700000	2.7205249724
2.0283900000	2.7388910480
2.0291000000	2.7491848726
2.0298100000	2.7512958718
2.0305300000	2.7452907466
2.0312400000	2.7313716047
2.0319500000	2.7098650181
2.0326600000	2.6812052034
2.0333800000	2.6459107567
2.0340900000	2.6045748051
2.0348000000	2.5578040344
2.0355200000	2.5062629986
2.0362300000	2.4506169285
2.0369400000	2.3915684342
2.0376600000	2.3297465358
2.0383700000	2.2657722572
2.0390800000	2.2002767520
2.0397900000	2.1338440659
2.0405100000	2.0670209941
2.0412200000	2.0002534930
2.0419300000	1.9340025162
2.0426500000	1.8686559018
2.0433600000	1.8045249032
2.0440700000	1.7418822168
2.0447800000	1.6809598273
2.0455000000	1.6219275479
2.0462100000	1.5649249427
2.0469200000	1.5100410292
2.0476400000	1.4573317114
2.0483500000	1.4068228791
2.0490600000	1.3585144758
2.0497800000	1.3123837258
2.0504900000	1.2683898001
2.0512000000	1.2264768262
2.0519100000	1.1865941166
2.0526300000	1.1486449329
2.0533400000	1.1125302857
2.0540500000	1.0781359522
2.0547700000	1.0454574243
2.0554800000	1.0143569961
2.0561900000	0.9847410760
2.0569100000	0.9565130492
2.0576200000	0.9295894836
2.0583300000	0.9038830477
2.0590400000	0.8793160866
2.0597600000	0.8558058183
2.0604700000	0.8332744252
2.0611800000	0.8116591150
2.0619000000	0.7908897625
2.0626100000	0.7709063095
2.0633200000	0.7516543781
2.0640300000	0.7330775176
2.0647500000	0.7151410816
2.0654600000	0.6977792185
2.0661700000	0.6810078328
2.0668900000	0.6647105630
2.0676000000	0.6488950750
2.0683100000	0.6335364233
2.0690300000	0.6185851837
2.0697400000	0.6040813906
2.0704500000	0.5899918577
2.0711600000	0.5763151472
2.0718800000	0.5630573754
2.0725900000	0.5502325528
2.0733000000	0.5378597073
2.0740200000	0.5259760777
2.0747300000	0.5145969636
2.0754400000	0.5038118552
2.0761600000	0.4936559287
2.0768700000	0.4841921422
2.0775800000	0.4754708149
2.0782900000	0.4675937133
2.0790100000	0.4606130157
2.0797200000	0.4545875506
2.0804300000	0.4495859384
2.0811500000	0.4456416825
2.0818600000	0.4427859921
2.0825700000	0.4410302108
2.0832800000	0.4403565883
2.0840000000	0.4407279268
2.0847100000	0.4420487674
2.0854200000	0.4443167506
2.0861400000	0.4473796306
2.0868500000	0.4511539957
2.0875600000	0.4554480330
2.0882800000	0.4602420165
2.0889900000	0.4653594584
2.0897000000	0.4706825405
2.0904100000	0.4761035180
2.0911300000	0.4815292540
2.0918400000	0.4868814315
2.0925500000	0.4920982204
2.0932700000	0.4971351678
2.0939800000	0.5019656669
2.0946900000	0.5065607249
2.0954100000	0.5109281314
2.0961200000	0.5150831503
2.0968300000	0.5190336302
2.0975400000	0.5228023111
2.0982600000	0.5264122159
2.0989700000	0.5298999688
2.0996800000	0.5332930974
2.1004000000	0.5365001209
2.1011100000	0.5395702422
2.1018200000	0.5426357446
2.1025300000	0.5456785037
2.1032500000	0.5488341096
2.1039600000	0.5520688550
2.1046700000	0.5554135254
2.1053900000	0.5588918995
2.1061000000	0.5625277244
2.1068100000	0.5663418719
2.1075300000	0.5703538324
2.1082400000	0.5745862069
2.1089500000	0.5790434466
2.1096600000	0.5837662466
2.1103800000	0.5887548157
2.1110900000	0.5940261833
2.1118000000	0.5995957619
2.1125200000	0.6054775024
2.1132300000	0.6116871430
2.1139400000	0.6182376851
2.1146500000	0.6251435379
2.1153700000	0.6324212270
2.1160800000	0.6400859077
2.1167900000	0.6481531536
2.1175100000	0.6566432131
2.1182200000	0.6655677264
2.1189300000	0.6749502158
2.1196500000	0.6848053747
2.1203600000	0.6951561566
2.1210700000	0.7060235813
2.1217800000	0.7174325348
2.1225000000	0.7294032287
2.1232100000	0.7419291640
2.1239200000	0.7551023909
2.1246400000	0.7689180260
2.1253500000	0.7834052479
2.1260600000	0.7985943185
2.1267800000	0.8145184651
2.1274900000	0.8312103613
2.1282000000	0.8487066348
2.1289100000	0.8670438760
2.1296300000	0.8862606513
2.1303400000	0.9064003789
2.1310500000	0.9275061160
2.1317700000	0.9496236769
2.1324800000	0.9728014261
2.1331900000	0.9970907492
2.1339000000	1.0225455701
2.1346200000	1.0492213236
2.1353300000	1.0771765422
2.1360400000	1.1064724006
2.1367600000	1.1371728900
2.1374700000	1.1693420837
2.1381800000	1.2030452011
2.1389000000	1.2383513062
2.1396100000	1.2753268069
2.1403200000	1.3140411037
2.1410300000	1.3545584981
2.1417500000	1.3969443968
2.1424600000	1.4412584272
2.1431700000	1.4875552260
2.1438900000	1.5358825575
2.1446000000	1.5862791136
2.1453100000	1.6387734702
2.1460300000	1.6933753196
2.1467400000	1.7500772268
2.1474500000	1.8088536422
2.1481600000	1.8696467434
2.1488800000	1.9323715320
2.1495900000	1.9969085885
2.1503000000	2.0630980683
2.1510200000	2.1307337357
2.1517300000	2.1995563911
2.1524400000	2.2692650893
2.1531500000	2.3394864547
2.1538700000	2.4098065990
2.1545800000	2.4797411140
2.1552900000	2.5487579288
2.1560100000	2.6162614767
2.1567200000	2.6816298346
2.1574300000	2.7441993098
2.1581500000	2.8032890108
2.1588600000	2.8582237731
2.1595700000	2.9083437416
2.1602800000	2.9530212498
2.1610000000	2.9917011863
2.1617100000	3.0239025923
2.1624200000	3.0492374660
2.1631400000	3.0674398395
2.1638500000	3.0783605723
2.1645600000	3.0819713229
2.1652800000	3.0783719752
2.1659900000	3.0677825128
2.1667000000	3.0505305331
2.1674100000	3.0270415820
2.1681300000	2.9978251241
2.1688400000	2.9634152093
2.1695500000	2.9244300139
2.1702700000	2.8815065103
2.1709800000	2.8352736965
2.1716900000	2.7863906818
2.1724000000	2.7354511596
2.1731200000	2.6830783739
2.1738300000	2.6298273051
2.1745400000	2.5762214466
2.1752600000	2.5227600414
2.1759700000	2.4698781649
2.1766800000	2.4179677437
2.1774000000	2.3673806922
2.1781100000	2.3184263869
2.1788200000	2.2713649776
2.1795300000	2.2264166272
2.1802500000	2.1837740946
2.1809600000	2.1435883922
2.1816700000	2.1059878555
2.1823900000	2.0710613076
2.1831000000	2.0388872896
2.1838100000	2.0095245000
2.1845200000	1.9830055199
2.1852400000	1.9593577802
2.1859500000	1.9385967912
2.1866600000	1.9207196095
2.1873800000	1.9065784223
2.1880900000	1.8943399991
2.1888000000	1.8849603380
2.1895200000	1.8784135998
2.1902300000	1.8746713781
2.1909400000	1.8736996215
2.1916500000	1.8754602066
2.1923700000	1.8799064263
2.1930800000	1.8869850484
2.1937900000	1.8966346228
2.1945100000	1.9087805982
2.1952200000	1.9233359530
2.1959300000	1.9402343075
2.1966500000	1.9592942884
2.1973600000	1.9804023775
2.1980700000	2.0034085101
2.1987800000	2.0281154379
2.1995000000	2.0543220440
2.2002100000	2.0820792212
2.2009200000	2.1113495421
2.2016400000	2.1408886728
2.2023500000	2.1702813268
2.2030600000	2.1990917170
2.2037700000	2.2268628143
2.2044900000	2.2531235241
2.2052000000	2.2774101817
2.2059100000	2.2992576619
2.2066300000	2.3182360947
2.2073400000	2.3339479789
2.2080500000	2.3460561307
2.2087700000	2.3542679985
2.2094800000	2.3583731123
2.2101900000	2.3582476299
2.2109000000	2.3538480607
2.2116200000	2.3452025328
2.2123300000	2.3324344535
2.2130400000	2.3157369511
2.2137600000	2.2953601982
2.2144700000	2.2716117423
2.2151800000	2.2448338041
2.2159000000	2.2153977415
2.2166100000	2.1836854709
2.2173200000	2.1500717713
2.2180300000	2.1149287462
2.2187500000	2.0786111255
2.2194600000	2.0414503679
2.2201700000	2.0037356299
2.2208900000	1.9657320977
2.2216000000	1.9276959749
2.2223100000	1.8897878970
2.2230200000	1.8522137083
2.2237400000	1.8150825844
2.2244500000	1.7785260691
2.2251600000	1.7426363778
2.2258800000	1.7074852929
2.2265900000	1.6731326153
2.2273000000	1.6396227352
2.2280200000	1.6069879159
2.2287300000	1.5752613520
2.2294400000	1.5444627690
2.2301500000	1.5146118530
2.2308700000	1.4857263702
2.2315800000	1.4578263407
2.2322900000	1.4309159491
2.2330100000	1.4050130082
2.2337200000	1.3801318387
2.2344300000	1.3562869654
2.2351500000	1.3334826416
2.2358600000	1.3117313255
2.2365700000	1.2910401412
2.2372800000	1.2714155221
2.2380000000	1.2528581864
2.2387100000	1.2353698115
2.2394200000	1.2189534860
2.2401400000	1.2036048158
2.2408500000	1.1893036661
2.2415600000	1.1760512834
2.2422700000	1.1638376489
2.2429900000	1.1526504045
2.2437000000	1.1424755413
2.2444100000	1.1332990878
2.2451300000	1.1251043494
2.2458400000	1.1178821199
2.2465500000	1.1115986491
2.2472700000	1.1062573737
2.2479800000	1.1018171060
2.2486900000	1.0982718090
2.2494000000	1.0956023272
2.2501200000	1.0937941691
2.2508300000	1.0928326338
2.2515400000	1.0927019051
2.2522600000	1.0933887700
2.2529700000	1.0948808265
2.2536800000	1.0971672377
2.2543900000	1.1002372213
2.2551100000	1.1040871117
2.2558200000	1.1087076516
2.2565300000	1.1140936099
2.2572500000	1.1202423625
2.2579600000	1.1271443530
2.2586700000	1.1347933059
2.2593900000	1.1431847141
2.2601000000	1.1523059385
2.2608100000	1.1621474979
2.2615200000	1.1726865812
2.2622400000	1.1839009329
2.2629500000	1.1957636814
2.2636600000	1.2082360068
2.2643800000	1.2212702947
2.2650900000	1.2348097816
2.2658000000	1.2487876831
2.2665200000	1.2631271172
2.2672300000	1.2777380074
2.2679400000	1.2925203986
2.2686500000	1.3073632720
2.2693700000	1.3221456570
2.2700800000	1.3367388105
2.2707900000	1.3510078463
2.2715100000	1.3648065161
2.2722200000	1.3779958157
2.2729300000	1.3904320978
2.2736400000	1.4019726293
2.2743600000	1.4124811652
2.2750700000	1.4218313720
2.2757800000	1.4299065317
2.2765000000	1.4366064633
2.2772100000	1.4418404086
2.2779200000	1.4456927676
2.2786400000	1.4478979393
2.2793500000	1.4484766635
2.2800600000	1.4474157779
2.2807700000	1.4447245948
2.2814900000	1.4404311509
2.2822000000	1.4345812428
2.2829100000	1.4272384996
2.2836300000	1.4184805538
2.2843400000	1.4084033714
2.2850500000	1.3971032540
2.2857700000	1.3846904286
2.2864800000	1.3712825036
2.2871900000	1.3569975173
2.2879000000	1.3419561670
2.2886200000	1.3262774064
2.2893300000	1.3100774650
2.2900400000	1.2934696875
2.2907600000	1.2765607243
2.2914700000	1.2594519408
2.2921800000	1.2422360825
2.2928900000	1.2249993307
2.2936100000	1.2078187185
2.2943200000	1.1907651519
2.2950300000	1.1738980014
2.2957500000	1.1572731986
2.2964600000	1.1409313385
2.2971700000	1.1249176984
2.2978900000	1.1092572296
2.2986000000	1.0939792885
2.2993100000	1.0791033285
2.3000200000	1.0646111040
2.3007400000	1.0498109688
2.3014500000	1.0354678022
2.3021600000	1.0215849959
2.3028800000	1.0081611578
2.3035900000	0.9951919548
2.3043000000	0.9826723424
2.3050200000	0.9705926145
2.3057300000	0.9589430378
2.3064400000	0.9477132729
2.3071500000	0.9368925620
2.3078700000	0.9264713424
2.3085800000	0.9164407386
2.3092900000	0.9067935198
2.3100100000	0.8975262494
2.3107200000	0.8886269424
2.3114300000	0.8801114990
2.3121400000	0.8719754522
2.3128600000	0.8642244754
2.3135700000	0.8568504877
2.3142800000	0.8498962202
2.3150000000	0.8433589532
2.3157100000	0.8372411462
2.3164200000	0.8315819167
2.3171400000	0.8263879489
2.3178500000	0.8216738244
2.3185600000	0.8174571670
2.3192700000	0.8137517168
2.3199900000	0.8105705112
2.3207000000	0.8079235759
2.3214100000	0.8058190459
2.3221300000	0.8042613422
2.3228400000	0.8032516850
2.3235500000	0.8027876567
2.3242600000	0.8028533406
2.3249800000	0.8034615427
2.3256900000	0.8045890170
2.3264000000	0.8062224707
2.3271200000	0.8083449248
2.3278300000	0.8109380034
2.3285400000	0.8139808865
2.3292600000	0.8174562325
2.3299700000	0.8213411848
2.3306800000	0.8256155687
2.3313900000	0.8302563010
2.3321100000	0.8352436514
2.3328200000	0.8405522884
2.3335300000	0.8461650672
2.3342500000	0.8520678143
2.3349600000	0.8582334129
2.3356700000	0.8646396501
2.3363900000	0.8712651859
2.3371000000	0.8780852668
2.3378100000	0.8850782834
2.3385200000	0.8922147914
2.3392400000	0.8994701975
2.3399500000	0.9068116739
2.3406600000	0.9142072202
2.3413800000	0.9216206016
2.3420900000	0.9290154226
2.3428000000	0.9363508696
2.3435100000	0.9435830088
2.3442300000	0.9506659135
2.3449400000	0.9575521123
2.3456500000	0.9641910474
2.3463700000	0.9705315058
2.3470800000	0.9765219810
2.3477900000	0.9821085142
2.3485100000	0.9872390983
2.3492200000	0.9918593032
2.3499300000	0.9959253184
2.3506400000	0.9993884496
2.3513600000	1.0022051427
2.3520700000	1.0043306671
2.3527800000	1.0057349755
2.3535000000	1.0063871687
2.3542100000	1.0062631956
2.3549200000	1.0053491958
2.3556400000	1.0036303781
2.3563500000	1.0011053779
2.3570600000	0.9977788290
2.3577700000	0.9936606816
2.3584900000	0.9887691532
2.3592000000	0.9831282586
2.3599100000	0.9767687751
2.3606300000	0.9697252247
2.3613400000	0.9620385762
2.3620500000	0.9537523029
2.3627600000	0.9449146599
2.3634800000	0.9355762998
2.3641900000	0.9257869605
2.3649000000	0.9156019965
2.3656200000	0.9050706129
2.3663300000	0.8942475713
2.3670400000	0.8831834902
2.3677600000	0.8719292859
2.3684700000	0.8605329119
2.3691800000	0.8490392791
2.3698900000	0.8374938582
2.3706100000	0.8259356141
2.3713200000	0.8144027886
2.3720300000	0.8029319149
2.3727500000	0.7915513252
2.3734600000	0.7805707692
2.3741700000	0.7694249021
2.3748800000	0.7584467544
2.3756000000	0.7476557184
2.3763100000	0.7370696248
2.3770200000	0.7267022907
2.3777400000	0.7165664136
2.3784500000	0.7066740056
2.3791600000	0.6970323319
2.3798800000	0.6876482812
2.3805900000	0.6785272426
2.3813000000	0.6696742537
2.3820100000	0.6610912145
2.3827300000	0.6527796261
2.3834400000	0.6447404177
2.3841500000	0.6369737659
2.3848700000	0.6294775105
2.3855800000	0.6222522362
2.3862900000	0.6152954645
2.3870100000	0.6086050388
2.3877200000	0.6021786480
2.3884300000	0.5960130093
2.3891400000	0.5901058690
2.3898600000	0.5844540114
2.3905700000	0.5790541497
2.3912800000	0.5738944389
2.3920000000	0.5689859907
2.3927100000	0.5643089474
2.3934200000	0.5598824404
2.3941300000	0.5556894738
2.3948500000	0.5517265619
2.3955600000	0.5479891185
2.3962700000	0.5444654360
2.3969900000	0.5411644462
2.3977000000	0.5380739600
2.3984100000	0.5351892893
2.3991300000	0.5325049632
2.3998400000	0.5300142204
2.4005500000	0.5276235021
2.4012600000	0.5254115686
