# energy (eV)    P(omega), $W$ = 400 nm, $h$ = 300 nm, $s$ = 20 nm, $d/W = 25$, $E_{\rm e}$ = 200 keV
0.2000000000	0.1068144502
0.2050000000	0.1077428910
0.2100000000	0.1084117809
0.2150000000	0.1088096889
0.2200000000	0.1089209284
0.2250000000	0.1087244258
0.2300000000	0.1081926709
0.2350000000	0.1072899823
0.2400000000	0.1059705691
0.2450000000	0.1041756340
0.2500000000	0.1018300386
0.2550000000	0.0988372685
0.2600000000	0.0950728752
0.2650000000	0.0991082029
0.2700000000	0.1093176807
0.2750000000	0.1239411512
0.2800000000	0.1443396316
0.2850000000	0.1744421852
0.2900000000	0.2118053836
0.2950000000	0.2654244101
0.3000000000	0.3375990677
0.3050000000	0.4483231824
0.3100000000	0.6027556485
0.3150000000	0.9016940513
0.3200000000	1.3691192456
0.3250000000	1.6904420159
0.3300000000	2.1353115704
0.3350000000	2.7665227557
0.3400000000	3.7579798757
0.3450000000	5.4599706565
0.3500000000	8.8556778944
0.3550000000	16.7214504244
0.3600000000	41.1351955607
0.3650000000	0.1258697245
0.3700000000	19.1331676151
0.3750000000	25.1746080223
0.3800000000	11.7489729337
0.3850000000	6.6297804323
0.3900000000	4.2603450472
0.3950000000	3.0080655778
0.4000000000	2.2827481431
0.4050000000	1.8096976498
0.4100000000	1.5017434403
0.4150000000	1.2987662275
0.4200000000	1.1707725339
0.4250000000	1.0703216225
0.4300000000	0.9510332172
0.4350000000	0.8566240363
0.4400000000	0.7819844727
0.4450000000	0.7226794163
0.4500000000	0.6759240018
0.4550000000	0.6389221382
0.4600000000	0.6101533793
0.4650000000	0.5879987558
0.4700000000	0.5713885115
0.4750000000	0.5595773128
0.4800000000	0.5519139276
0.4850000000	0.5478251229
0.4900000000	0.5469764693
0.4950000000	0.5491117856
0.5000000000	0.5540116264
0.5050000000	0.5615843422
0.5100000000	0.5717556347
0.5150000000	0.5844831974
0.5200000000	0.5998018070
0.5250000000	0.6177410449
0.5300000000	0.6385620214
0.5350000000	0.6623874521
0.5400000000	0.6894308070
0.5450000000	0.7199690930
0.5500000000	0.7543908255
0.5550000000	0.7931230294
0.5600000000	0.8366837178
0.5650000000	0.8857364589
0.5700000000	0.9411961683
0.5750000000	1.0037484612
0.5800000000	1.0746616603
0.5850000000	1.1556667810
0.5900000000	1.2479468193
0.5950000000	1.3539606693
0.6000000000	1.4769585788
0.6050000000	1.6193977978
0.6100000000	1.7868605625
0.6150000000	1.9840032758
0.6200000000	2.2187931324
0.6250000000	2.5026534350
0.6300000000	2.8472772990
0.6350000000	3.2745669758
0.6400000000	3.8087459917
0.6450000000	4.4937041625
0.6500000000	5.3855828071
0.6550000000	6.5794406098
0.6600000000	8.2357929019
0.6650000000	10.6084170886
0.6700000000	14.2024685243
0.6750000000	19.9834535866
0.6800000000	30.2063989086
0.6850000000	50.7277792552
0.6900000000	101.7432168869
0.6950000000	285.8272850811
0.7000000000	1387.3687716953
0.7050000000	675.0388337592
0.7100000000	173.5435844117
0.7150000000	73.8612705593
0.7200000000	40.3703781650
0.7250000000	25.3814734806
0.7300000000	17.4233040720
0.7350000000	12.7170495803
0.7400000000	9.7021968349
0.7450000000	7.6550650956
0.7500000000	6.2044082394
0.7550000000	5.1382717254
0.7600000000	4.3344543273
0.7650000000	3.7108990894
0.7700000000	3.2185114432
0.7750000000	2.8231088324
0.7800000000	2.5017133872
0.7850000000	2.2370275543
0.7900000000	2.0152279421
0.7950000000	1.8299666013
0.8000000000	1.6724315196
0.8050000000	1.5374526129
0.8100000000	1.4225613478
0.8150000000	1.3218628699
0.8200000000	1.2342050980
0.8250000000	1.1607149930
0.8300000000	1.0964229481
0.8350000000	1.0405762497
0.8400000000	0.9962525421
0.8450000000	0.9576487015
0.8500000000	0.9250147641
0.8550000000	0.9047399267
0.8600000000	0.8886781994
0.8650000000	0.8774395834
0.8700000000	0.8827293749
0.8750000000	0.8852208267
0.8800000000	0.8813724443
0.8850000000	0.8438105357
0.8900000000	0.6550543958
0.8950000000	-0.2945859150
0.9000000000	-5.3937737433
0.9050000000	-35.4600585689
0.9100000000	6.7717560115
0.9150000000	16.0327890280
0.9200000000	6.6644884237
0.9250000000	3.4726840130
0.9300000000	2.1237774092
0.9350000000	1.4792795139
0.9400000000	1.1317725704
0.9450000000	0.9395236079
0.9500000000	0.8031760336
0.9550000000	0.7122882852
0.9600000000	0.6566682613
0.9650000000	0.6111473907
0.9700000000	0.5793797740
0.9750000000	0.5587979254
0.9800000000	0.5479304513
0.9850000000	0.5497426546
0.9900000000	0.5613416506
0.9950000000	0.5924578292
1.0000000000	0.6608305340
1.0050000000	0.8160063192
1.0100000000	1.2221343469
1.0150000000	2.6217098546
1.0200000000	5.2365589633
1.0250000000	2.3365976113
1.0300000000	1.1370747943
1.0350000000	0.7760617596
1.0400000000	0.6326258066
1.0450000000	0.5643405273
1.0500000000	0.5289548414
1.0550000000	0.5095524754
1.0600000000	0.4996197951
1.0650000000	0.4958226823
1.0700000000	0.4963191928
1.0750000000	0.5003158163
1.0800000000	0.5067656637
1.0850000000	0.5161419208
1.0900000000	0.5301642419
1.0950000000	0.5467603960
1.1000000000	0.5660214182
1.1050000000	0.5880257069
1.1100000000	0.6130588358
1.1150000000	0.6414510328
1.1200000000	0.6735786655
1.1250000000	0.7097137804
1.1300000000	0.7508484491
1.1350000000	0.7975409444
1.1400000000	0.8507248006
1.1450000000	0.9115179094
1.1500000000	0.9806685540
1.1550000000	1.0609514579
1.1600000000	1.1535671784
1.1650000000	1.2590633071
1.1700000000	1.3721318032
1.1750000000	1.4530419942
1.1800000000	1.4582346791
1.1850000000	2.3574015050
1.1900000000	2.8846708778
1.1950000000	3.7926679727
1.2000000000	5.0557105284
1.2050000000	4.5352247077
1.2100000000	4.4350026636
1.2150000000	4.9833179876
1.2200000000	5.9837050922
1.2250000000	7.5035936255
1.2300000000	9.8079771614
1.2350000000	13.4501789294
1.2400000000	19.5847216480
1.2450000000	31.1378059706
1.2500000000	56.1663817668
1.2550000000	121.6505193787
1.2600000000	294.0252802391
1.2650000000	298.0599175466
1.2700000000	124.0985946810
1.2750000000	57.3464048059
1.2800000000	31.8016534793
1.2850000000	20.0312595924
1.2900000000	13.7572454906
1.2950000000	10.0515680970
1.3000000000	7.6932988849
1.3050000000	6.1082670543
1.3100000000	4.9940900939
1.3150000000	4.1935120281
1.3200000000	3.6056896153
1.3250000000	3.1707832840
1.3300000000	2.8533195945
1.3350000000	2.6331064175
1.3400000000	2.5024940758
1.3450000000	2.4653563514
1.3500000000	2.5493363427
1.3550000000	2.8132865298
1.3600000000	3.3975452992
1.3650000000	4.6527404129
1.3700000000	7.5523561444
1.3750000000	14.6746436793
1.3800000000	24.3702684052
1.3850000000	16.8946187880
1.3900000000	8.4049818670
1.3950000000	4.7335785450
1.4000000000	3.0239790578
1.4050000000	2.0351862851
1.4100000000	1.2411240465
1.4150000000	0.2054542255
1.4200000000	-1.9476263418
1.4250000000	-7.5206968396
1.4300000000	-10.2253080228
1.4350000000	4.9036425921
1.4400000000	6.2185071279
1.4450000000	3.7621796092
1.4500000000	2.3658801300
1.4550000000	1.6409067741
1.4600000000	1.1994782721
1.4650000000	0.8000653340
1.4700000000	0.3011949290
1.4750000000	0.5030597542
1.4800000000	0.9891053950
1.4850000000	0.8906931344
1.4900000000	0.7677008535
1.4950000000	0.6905115545
1.5000000000	0.6414308620
1.5050000000	0.6092813600
1.5100000000	0.5873686993
1.5150000000	0.5743002823
1.5200000000	0.5642058196
1.5250000000	0.5585163612
1.5300000000	0.5569956821
1.5350000000	0.5599118975
1.5400000000	0.5685245541
1.5450000000	0.5858229020
1.5500000000	0.6186717932
1.5550000000	0.6807946242
1.5600000000	0.7735747232
1.5650000000	0.7913085831
1.5700000000	0.7152937554
1.5750000000	0.6648092544
1.5800000000	0.6476736947
1.5850000000	0.6484117988
1.5900000000	0.6590461552
1.5950000000	0.6761964168
1.6000000000	0.6984904555
1.6050000000	0.7256738810
1.6100000000	0.7574594424
1.6150000000	0.7939940637
1.6200000000	0.8359525760
1.6250000000	0.8839358040
1.6300000000	0.9388164462
1.6350000000	1.0016744576
1.6400000000	1.0738798504
1.6450000000	1.1571674606
1.6500000000	1.2537065067
1.6550000000	1.3662483306
1.6600000000	1.4983582789
1.6650000000	1.6546525783
1.6700000000	1.8397776682
1.6750000000	2.0645416971
1.6800000000	2.3389269550
1.6850000000	2.6785150968
1.6900000000	3.1055746608
1.6950000000	3.6530349487
1.7000000000	4.3709360248
1.7050000000	5.3685665831
1.7100000000	6.7735428548
1.7150000000	8.8396719241
1.7200000000	12.0317394305
1.7250000000	17.1574688592
1.7300000000	25.0025750307
1.7350000000	34.4044314387
1.7400000000	44.9128772777
1.7450000000	63.5680602297
1.7500000000	88.4240435564
1.7550000000	89.5583019356
1.7600000000	62.9166438033
1.7650000000	39.3279881917
1.7700000000	25.3380931964
1.7750000000	17.3917231198
1.7800000000	12.7210400773
1.7850000000	9.8961314030
1.7900000000	8.2311276255
1.7950000000	7.4378664320
1.8000000000	7.4041644744
1.8050000000	7.6810333054
1.8100000000	6.9505098998
1.8150000000	5.2349905736
1.8200000000	3.8552154895
1.8250000000	3.1934435104
1.8300000000	2.7511610452
1.8350000000	2.3556746684
1.8400000000	2.0374151349
1.8450000000	1.7904890637
1.8500000000	1.5958697543
1.8550000000	1.4382094041
1.8600000000	1.2970138437
1.8650000000	1.1787957386
1.8700000000	1.0619386941
1.8750000000	0.8994157403
1.8800000000	0.5405466518
1.8850000000	-0.2373664858
1.8900000000	-1.2827513988
1.8950000000	-1.4687832219
1.9000000000	0.2110492028
1.9050000000	1.7846568612
1.9100000000	1.9703149281
1.9150000000	1.6727408192
1.9200000000	1.3802277909
1.9250000000	1.1722422739
1.9300000000	1.0458278335
1.9350000000	0.9489493506
1.9400000000	0.8838461563
1.9450000000	0.8401392285
1.9500000000	0.8099742746
1.9550000000	0.7869170854
1.9600000000	0.7689736788
1.9650000000	0.7572682862
1.9700000000	0.7520412896
1.9750000000	0.7527951678
1.9800000000	0.7591719680
1.9850000000	0.7712479321
1.9900000000	0.7895350659
1.9950000000	0.8147614801
2.0000000000	0.8468360929
2.0050000000	0.8861309579
2.0100000000	0.9219289347
2.0150000000	0.9555207452
2.0200000000	0.9951450130
2.0250000000	1.0467718654
2.0300000000	1.1132002992
2.0350000000	1.1968439475
2.0400000000	1.3012805513
2.0450000000	1.4319505702
2.0500000000	1.5965502256
2.0550000000	1.8044326056
2.0600000000	2.0621417774
2.0650000000	2.3689273293
2.0700000000	2.7324738647
2.0750000000	3.1935365801
2.0800000000	3.8180338933
2.0850000000	4.6721973506
2.0900000000	5.7943145808
2.0950000000	7.0988752984
2.1000000000	8.2401788783
2.1050000000	8.7354550573
2.1100000000	8.3347667649
2.1150000000	7.5362707616
2.1200000000	6.8833877324
2.1250000000	6.6081122993
2.1300000000	6.7608579000
2.1350000000	7.3656088635
2.1400000000	8.4886811330
2.1450000000	10.2660094642
2.1500000000	12.9021788454
2.1550000000	16.5614774524
2.1600000000	20.9501146705
2.1650000000	24.6565648013
2.1700000000	25.5413575490
2.1750000000	22.8776033698
2.1800000000	18.4819056987
2.1850000000	14.2642604205
2.1900000000	10.9556648294
2.1950000000	8.5519928962
2.2000000000	6.8492458358
2.2050000000	5.6554422259
2.2100000000	4.8129579451
2.2150000000	4.1717677265
2.2200000000	3.6240754644
2.2250000000	3.1294699414
2.2300000000	2.6937637462
2.2350000000	2.3218398976
2.2400000000	2.0048870117
2.2450000000	1.7281959102
2.2500000000	1.4786488284
2.2550000000	1.2503815537
2.2600000000	1.0228827958
2.2650000000	0.8634792056
2.2700000000	0.7846616742
2.2750000000	0.8220507046
2.2800000000	0.9699048371
2.2850000000	1.1544754033
2.2900000000	1.2938423304
2.2950000000	1.3646331365
2.3000000000	1.3874486561
2.3050000000	1.3857779118
2.3100000000	1.3764300944
2.3150000000	1.3658814098
2.3200000000	1.3568967278
2.3250000000	1.3533355467
2.3300000000	1.3599993489
2.3350000000	1.3809458039
2.3400000000	1.4190350486
2.3450000000	1.4764294418
2.3500000000	1.5549958590
2.3550000000	1.6570021286
2.3600000000	1.7810862889
2.3650000000	1.9273030612
2.3700000000	2.0947785831
2.3750000000	2.2849700657
2.3800000000	2.5049208013
2.3850000000	2.7632119751
2.3900000000	3.0618646909
2.3950000000	3.3870093384
2.4000000000	3.7027965339
2.4050000000	3.9687810124
2.4100000000	4.1039967057
2.4150000000	4.0921978046
2.4200000000	3.9717996420
2.4250000000	3.8082222789
2.4300000000	3.6588176304
2.4350000000	3.5571014969
2.4400000000	3.5147745033
2.4450000000	3.5312136757
2.4500000000	3.6034106551
2.4550000000	3.7315340980
2.4600000000	3.9268679533
2.4650000000	4.2015674552
2.4700000000	4.5701396850
2.4750000000	5.0425278810
2.4800000000	5.6164909302
2.4850000000	6.2675871653
2.4900000000	6.9373912588
2.4950000000	7.5275009540
2.5000000000	7.9139130416
2.5050000000	7.9686553013
2.5100000000	7.6388117716
2.5150000000	7.0143523710
2.5200000000	6.2412322604
2.5250000000	5.4483992657
2.5300000000	4.7148286385
2.5350000000	4.0739873505
2.5400000000	3.5311222572
2.5450000000	3.0784742284
2.5500000000	2.7045931095
2.5550000000	2.3992038661
2.5600000000	2.1456082476
2.5650000000	1.9586052150
2.5700000000	1.8277502914
2.5750000000	1.7482011712
2.5800000000	1.7099527408
2.5850000000	1.6991169686
2.5900000000	1.7025109865
2.5950000000	1.7118458755
2.6000000000	1.7245197762
2.6050000000	1.7550585077
2.6100000000	1.7946544940
2.6150000000	1.8470985904
2.6200000000	1.9144556358
2.6250000000	1.9967656386
2.6300000000	2.0917762059
2.6350000000	2.1947440364
2.6400000000	2.2984229527
2.6450000000	2.3936295244
2.6500000000	2.4706899215
2.6550000000	2.5217512605
2.6600000000	2.5432403078
2.6650000000	2.5373395904
2.6700000000	2.5114154678
2.6750000000	2.4760514477
2.6800000000	2.4414375671
2.6850000000	2.4168793642
2.6900000000	2.4087025793
2.6950000000	2.4206454823
2.7000000000	2.4543621045
2.7050000000	2.5161406911
2.7100000000	2.6047984541
2.7150000000	2.7183304558
2.7200000000	2.8529197739
2.7250000000	3.0023335917
2.7300000000	3.1573182950
2.7350000000	3.3054987788
2.7400000000	3.4321958452
2.7450000000	3.5224980754
2.7500000000	3.5643318682
2.7550000000	3.5514967447
2.7600000000	3.4853253916
2.7650000000	3.3741301901
2.7700000000	3.2307801447
2.7750000000	3.0695985428
2.7800000000	2.9037551016
2.7850000000	2.7437972032
2.7900000000	2.5958164775
2.7950000000	2.4664970041
2.8000000000	2.3571222230
2.8050000000	2.2583267272
2.8100000000	2.1831169157
2.8150000000	2.1276516673
2.8200000000	2.0877761457
2.8250000000	2.0596633085
2.8300000000	2.0400533584
2.8350000000	2.0262400018
2.8400000000	2.0159371190
2.8450000000	2.0072042695
2.8500000000	1.9984987505
2.8550000000	1.9888485851
2.8600000000	1.9780558267
2.8650000000	1.9667768484
2.8700000000	1.9564088342
2.8750000000	1.9487962121
2.8800000000	1.9458540341
2.8850000000	1.9492438657
2.8900000000	1.9601567928
2.8950000000	1.9791873134
2.9000000000	2.0063111224
2.9050000000	2.0502886595
2.9100000000	2.1007625672
2.9150000000	2.1540217542
2.9200000000	2.2053560064
2.9250000000	2.2496788038
2.9300000000	2.2822204802
2.9350000000	2.2993484809
2.9400000000	2.2992448966
2.9450000000	2.2822199469
2.9500000000	2.2505243578
2.9550000000	2.2077300798
2.9600000000	2.1579347029
2.9650000000	2.1050197910
2.9700000000	2.0521705474
2.9750000000	2.0016509076
2.9800000000	1.9548353281
2.9850000000	1.9123616573
2.9900000000	1.8743448317
2.9950000000	1.8405837130
3.0000000000	1.8107336109
