# energy (eV)    P(omega), $W$ = 300 nm, $h$ = 300 nm, $s$ = 20 nm, $d/W = 100$, $E_{\rm e}$ = 200 keV
0.2000000000	0.4118555236
0.2050000000	0.4178838450
0.2100000000	0.4235426265
0.2150000000	0.4288433365
0.2200000000	0.4337961090
0.2250000000	0.4384091886
0.2300000000	0.4426888200
0.2350000000	0.4466388619
0.2400000000	0.4502605139
0.2450000000	0.4535516066
0.2500000000	0.4565066845
0.2550000000	0.4591152169
0.2600000000	0.4613619656
0.2650000000	0.4632251221
0.2700000000	0.4646753470
0.2750000000	0.4656737531
0.2800000000	0.4661700358
0.2850000000	0.4660998117
0.2900000000	0.4653804844
0.2950000000	0.4639075092
0.3000000000	0.4615469896
0.3050000000	0.4581289243
0.3100000000	0.4534354911
0.3150000000	0.4783617396
0.3200000000	0.5079672543
0.3250000000	0.5453966340
0.3300000000	0.5954933143
0.3350000000	0.6578645483
0.3400000000	0.7395454773
0.3450000000	0.8386775812
0.3500000000	0.9683962505
0.3550000000	1.1400960197
0.3600000000	1.3643988576
0.3650000000	1.6772028632
0.3700000000	2.0899353157
0.3750000000	2.6643623794
0.3800000000	3.4955595218
0.3850000000	4.7912724861
0.3900000000	6.8392886902
0.3950000000	10.3198551605
0.4000000000	16.9581529279
0.4050000000	31.8479738222
0.4100000000	72.4970764084
0.4150000000	232.8005630909
0.4200000000	148.2400973802
0.4250000000	-279.5715730884
0.4300000000	77.8527397617
0.4350000000	48.5575457506
0.4400000000	29.7138815983
0.4450000000	19.5655804745
0.4500000000	13.7207868556
0.4550000000	10.1224258000
0.4600000000	7.7778994614
0.4650000000	6.1796717789
0.4700000000	5.0497108797
0.4750000000	4.2323138252
0.4800000000	3.6261919385
0.4850000000	3.1700967902
0.4900000000	2.8220015184
0.4950000000	2.5536861442
0.5000000000	2.3458636690
0.5050000000	2.1843728486
0.5100000000	2.0601073641
0.5150000000	1.9663651331
0.5200000000	1.8961122213
0.5250000000	1.8462053580
0.5300000000	1.8132504812
0.5350000000	1.7947703993
0.5400000000	1.7889402710
0.5450000000	1.7942374724
0.5500000000	1.8101989139
0.5550000000	1.8359722469
0.5600000000	1.8711350699
0.5650000000	1.9155066949
0.5700000000	1.9689279688
0.5750000000	2.0317790110
0.5800000000	2.1046763503
0.5850000000	2.1880247566
0.5900000000	2.2825983980
0.5950000000	2.3893602364
0.6000000000	2.5095373443
0.6050000000	2.6448937010
0.6100000000	2.7971240080
0.6150000000	2.9685313350
0.6200000000	3.1621915050
0.6250000000	3.3810495856
0.6300000000	3.6294587258
0.6350000000	3.9128450200
0.6400000000	4.2368560592
0.6450000000	4.6096397011
0.6500000000	5.0419148178
0.6550000000	5.5448368837
0.6600000000	6.1355488145
0.6650000000	6.8360599656
0.6700000000	7.6722519652
0.6750000000	8.6835599303
0.6800000000	9.9230801331
0.6850000000	11.4603283052
0.6900000000	13.4030294764
0.6950000000	15.9018002191
0.7000000000	19.1960167596
0.7050000000	23.6516027407
0.7100000000	29.8886919899
0.7150000000	39.0113069085
0.7200000000	53.0750945337
0.7250000000	76.4259964398
0.7300000000	119.2978440034
0.7350000000	211.0553778261
0.7400000000	462.7716719463
0.7450000000	1536.0062550966
0.7500000000	4760.9678661030
0.7550000000	1198.3387919636
0.7600000000	397.0680836522
0.7650000000	190.3521824853
0.7700000000	110.7607474890
0.7750000000	72.3291664303
0.7800000000	50.9286636409
0.7850000000	37.8454284055
0.7900000000	29.2548747281
0.7950000000	23.3287072445
0.8000000000	19.0676039090
0.8050000000	15.8932883484
0.8100000000	13.4721347322
0.8150000000	11.5523274294
0.8200000000	10.0368408410
0.8250000000	8.8163527343
0.8300000000	7.8163508871
0.8350000000	6.9940402655
0.8400000000	6.3045922042
0.8450000000	5.7259668104
0.8500000000	5.2368306715
0.8550000000	4.8146487083
0.8600000000	4.4542401506
0.8650000000	4.1464325317
0.8700000000	3.8744063275
0.8750000000	3.6430881291
0.8800000000	3.4469253249
0.8850000000	3.2710414798
0.8900000000	3.1301999934
0.8950000000	3.0020682537
0.9000000000	2.9007905460
0.9050000000	2.8315529661
0.9100000000	2.7681302193
0.9150000000	2.7302903910
0.9200000000	2.7272527499
0.9250000000	2.7253234955
0.9300000000	2.6866057646
0.9350000000	2.5670723772
0.9400000000	1.8951359859
0.9450000000	-1.1643560958
0.9500000000	-17.3216297724
0.9550000000	-99.3140100184
0.9600000000	23.4484971781
0.9650000000	41.2074935520
0.9700000000	18.2848421384
0.9750000000	9.6015957940
0.9800000000	6.0181006419
0.9850000000	4.3417852512
0.9900000000	3.3756057807
0.9950000000	2.7896106206
1.0000000000	2.4154085505
1.0050000000	2.1782436425
1.0100000000	1.9942487902
1.0150000000	1.8597801943
1.0200000000	1.7692390021
1.0250000000	1.6931149920
1.0300000000	1.6352036860
1.0350000000	1.5912954124
1.0400000000	1.5632996609
1.0450000000	1.5398543082
1.0500000000	1.5241889646
1.0550000000	1.5153956144
1.0600000000	1.5155556321
1.0650000000	1.5188785580
1.0700000000	1.5277114406
1.0750000000	1.5420857213
1.0800000000	1.5635404393
1.0850000000	1.5907937803
1.0900000000	1.6312504701
1.0950000000	1.6793380898
1.1000000000	1.7367160220
1.1050000000	1.8027475435
1.1100000000	1.8795638379
1.1150000000	1.9688765971
1.1200000000	2.0727611896
1.1250000000	2.1937098897
1.1300000000	2.3353206517
1.1350000000	2.5019880512
1.1400000000	2.6987684404
1.1450000000	2.9346581661
1.1500000000	3.2196342171
1.1550000000	3.5680294073
1.1600000000	4.0000621316
1.1650000000	4.5420185444
1.1700000000	5.2428854752
1.1750000000	6.1679163567
1.1800000000	7.4249009282
1.1850000000	9.1909244830
1.1900000000	11.8000831180
1.1950000000	15.8931450207
1.2000000000	22.8323026344
1.2050000000	35.9416521469
1.2100000000	64.7761962351
1.2150000000	142.7240774084
1.2200000000	350.1498791210
1.2250000000	314.7943089406
1.2300000000	125.8049777670
1.2350000000	59.1988649561
1.2400000000	33.9772406722
1.2450000000	22.4099521602
1.2500000000	16.3230149190
1.2550000000	12.8274106187
1.2600000000	10.7200313088
1.2650000000	9.4226913889
1.2700000000	8.6786438548
1.2750000000	8.3219144475
1.2800000000	8.2759152400
1.2850000000	8.5104165509
1.2900000000	9.0293888977
1.2950000000	9.8616531158
1.3000000000	11.1050602324
1.3050000000	12.8863517454
1.3100000000	15.4370218229
1.3150000000	19.1564453529
1.3200000000	24.7606528173
1.3250000000	33.6160722356
1.3300000000	48.7085986206
1.3350000000	76.9676106365
1.3400000000	137.3623823720
1.3450000000	287.3156579057
1.3500000000	610.1609117386
1.3550000000	569.3109019812
1.3600000000	262.6027360071
1.3650000000	129.0384633812
1.3700000000	74.0013965298
1.3750000000	47.5860199667
1.3800000000	33.1825811455
1.3850000000	24.5069973520
1.3900000000	18.9173900131
1.3950000000	15.1053723045
1.4000000000	12.3967920675
1.4050000000	10.4113141146
1.4100000000	8.9200590961
1.4150000000	7.7889671707
1.4200000000	6.9277390112
1.4250000000	6.3275893937
1.4300000000	6.0448114154
1.4350000000	6.0216172279
1.4400000000	4.4815425242
1.4450000000	-0.0598437446
1.4500000000	-7.6243731268
1.4550000000	-2.3077437600
1.4600000000	8.6196038664
1.4650000000	4.7863665578
1.4700000000	-3.9602121437
1.4750000000	-18.1292491352
1.4800000000	-8.0475439287
1.4850000000	13.4018094198
1.4900000000	10.8580089395
1.4950000000	7.0323016297
1.5000000000	4.9431504292
1.5050000000	3.8159862638
1.5100000000	3.1724289778
1.5150000000	2.7801176314
1.5200000000	2.5252543223
1.5250000000	2.3654432367
1.5300000000	2.2417511137
1.5350000000	2.1544814452
1.5400000000	2.0944025975
1.5450000000	2.0563292569
1.5500000000	2.0367811336
1.5550000000	2.0351231771
1.5600000000	2.0559849955
1.5650000000	2.0948505808
1.5700000000	2.1623211436
1.5750000000	2.2700035827
1.5800000000	2.4399732918
1.5850000000	2.7153151015
1.5900000000	3.1869039051
1.5950000000	4.0558416911
1.6000000000	5.7468877341
1.6050000000	8.5396715753
1.6100000000	9.8379214453
1.6150000000	7.4321080724
1.6200000000	5.1789196585
1.6250000000	3.9986263081
1.6300000000	3.4165218884
1.6350000000	3.1284305126
1.6400000000	2.9956476188
1.6450000000	2.9539170507
1.6500000000	2.9712336221
1.6550000000	3.0330340996
1.6600000000	3.1308263370
1.6650000000	3.2611940263
1.6700000000	3.4234266718
1.6750000000	3.6185992968
1.6800000000	3.8492228459
1.6850000000	4.1188531254
1.6900000000	4.4311441149
1.6950000000	4.7847835068
1.7000000000	5.1794921321
1.7050000000	5.6060318953
1.7100000000	6.1066980150
1.7150000000	7.1630212735
1.7200000000	8.9191353056
1.7250000000	10.6239237079
1.7300000000	12.5267962090
1.7350000000	14.6059983658
1.7400000000	16.6012559279
1.7450000000	19.1464333464
1.7500000000	23.0135484880
1.7550000000	28.7849533468
1.7600000000	37.4284808197
1.7650000000	50.7564218597
1.7700000000	72.2258440421
1.7750000000	108.3931492005
1.7800000000	170.0119982434
1.7850000000	260.8617999025
1.7900000000	324.1113303509
1.7950000000	275.9129720495
1.8000000000	183.5667936599
1.8050000000	115.8793002650
1.8100000000	76.3641635773
1.8150000000	53.2047255684
1.8200000000	38.9521868844
1.8250000000	29.7114517495
1.8300000000	23.4359181049
1.8350000000	19.0045109435
1.8400000000	15.7737446845
1.8450000000	13.3530831823
1.8500000000	11.4962997017
1.8550000000	10.0492019455
1.8600000000	8.9038944846
1.8650000000	7.9867241567
1.8700000000	7.2448248128
1.8750000000	6.6386912666
1.8800000000	6.1360823587
1.8850000000	5.7072774868
1.8900000000	5.3168960210
1.8950000000	4.9117939693
1.9000000000	4.4009630411
1.9050000000	3.4743557844
1.9100000000	2.1712873318
1.9150000000	1.1926073811
1.9200000000	4.3460792260
1.9250000000	14.0199480858
1.9300000000	21.7102748600
1.9350000000	21.5228153297
1.9400000000	17.0252349322
1.9450000000	12.6460804564
1.9500000000	9.5636647777
1.9550000000	7.5388496151
1.9600000000	6.1977687445
1.9650000000	5.3012417326
1.9700000000	4.6505972184
1.9750000000	4.1736149659
1.9800000000	3.8100527239
1.9850000000	3.5163424688
1.9900000000	3.2593883081
1.9950000000	3.0105260059
2.0000000000	2.7653309821
2.0050000000	2.6113884048
2.0100000000	2.7031683162
2.0150000000	2.9524049780
2.0200000000	3.1097637038
2.0250000000	3.1587029491
2.0300000000	3.1795915439
2.0350000000	3.2107733087
2.0400000000	3.2675224075
2.0450000000	3.3544503637
2.0500000000	3.4752078248
2.0550000000	3.6332719482
2.0600000000	3.8287610787
2.0650000000	4.0484512212
2.0700000000	4.2594566349
2.0750000000	4.4366609480
2.0800000000	4.6006468834
2.0850000000	4.7948536871
2.0900000000	5.0477606241
2.0950000000	5.3704922168
2.1000000000	5.7737314833
2.1050000000	6.2530923052
2.1100000000	6.8421302655
2.1150000000	7.5652572177
2.1200000000	8.4569602446
2.1250000000	9.5657989250
2.1300000000	10.9603309558
2.1350000000	12.7384936997
2.1400000000	15.0417252858
2.1450000000	18.0767873712
2.1500000000	22.1448677749
2.1550000000	27.6721526793
2.1600000000	35.2040584930
2.1650000000	45.2027128961
2.1700000000	57.4866753841
2.1750000000	69.7136759204
2.1800000000	77.3153760394
2.1850000000	77.8307480127
2.1900000000	74.5897061108
2.1950000000	72.1419757013
2.2000000000	71.1305006670
2.2050000000	67.8041316104
2.2100000000	60.5241102793
2.2150000000	51.4901386868
2.2200000000	43.3377005922
2.2250000000	36.6511164704
2.2300000000	30.9170848023
2.2350000000	25.8751950326
2.2400000000	21.6115123480
2.2450000000	18.2150251767
2.2500000000	15.6012365085
2.2550000000	13.6168693842
2.2600000000	12.1054503309
2.2650000000	10.9156738838
2.2700000000	9.8906227849
2.2750000000	8.8822244683
2.2800000000	7.8340299838
2.2850000000	6.8721758658
2.2900000000	6.2399002187
2.2950000000	6.0658800189
2.3000000000	6.2039777742
2.3050000000	6.3752965858
2.3100000000	6.4131335151
2.3150000000	6.3201963545
2.3200000000	6.1685378603
2.3250000000	6.0324540925
2.3300000000	5.9504971419
2.3350000000	5.9310864664
2.3400000000	5.9577232085
2.3450000000	5.9909688829
2.3500000000	5.9808937593
2.3550000000	5.8956297143
2.3600000000	5.7441276598
2.3650000000	5.5656527475
2.3700000000	5.4005280909
2.3750000000	5.2724511034
2.3800000000	5.1882461164
2.3850000000	5.1441022678
2.3900000000	5.1334686383
2.3950000000	5.1492660170
2.4000000000	5.1940208626
2.4050000000	5.2807666438
2.4100000000	5.4143171794
2.4150000000	5.6013794067
2.4200000000	5.8463146971
2.4250000000	6.1552065233
2.4300000000	6.5363629184
2.4350000000	7.0007369509
2.4400000000	7.5624513274
2.4450000000	8.2395671303
2.4500000000	9.0549023060
2.4550000000	10.0371676624
2.4600000000	11.2216518401
2.4650000000	12.6507447046
2.4700000000	14.3731235831
2.4750000000	16.4376250660
2.4800000000	18.8950403225
2.4850000000	21.7657186306
2.4900000000	25.0218280563
2.4950000000	28.5458580634
2.5000000000	32.0877789775
2.5050000000	35.3895374406
2.5100000000	37.5964088881
2.5150000000	38.2203883632
2.5200000000	37.1576395349
2.5250000000	34.7365933451
2.5300000000	31.5096715777
2.5350000000	27.9979929082
2.5400000000	24.5610183410
2.5450000000	21.3966136279
2.5500000000	18.5900391786
2.5550000000	16.1592463891
2.5600000000	14.0703602360
2.5650000000	12.3124013626
2.5700000000	10.8454289819
2.5750000000	9.6447340640
2.5800000000	8.6917181458
2.5850000000	7.9656069452
2.5900000000	7.4314593868
2.5950000000	7.0397835467
2.6000000000	6.7389594344
2.6050000000	6.5248244104
2.6100000000	6.3378553956
2.6150000000	6.1752442552
2.6200000000	6.0404335900
2.6250000000	5.9371196460
2.6300000000	5.8677357587
2.6350000000	5.8334987391
2.6400000000	5.8350942424
2.6450000000	5.8731731346
2.6500000000	5.9490426548
2.6550000000	6.0630311222
2.6600000000	6.2171327995
2.6650000000	6.4132985848
2.6700000000	6.6539109200
2.6750000000	6.9418022262
2.6800000000	7.2800522172
2.6850000000	7.6718026736
2.6900000000	8.1196936970
2.6950000000	8.6254061508
2.7000000000	9.1888417320
2.7050000000	9.8746338605
2.7100000000	10.6265919791
2.7150000000	11.4318690949
2.7200000000	12.2711129416
2.7250000000	13.1191798259
2.7300000000	13.9464968656
2.7350000000	14.7202601991
2.7400000000	15.4046412908
2.7450000000	15.9663380225
2.7500000000	16.3545886265
2.7550000000	16.5375075949
2.7600000000	16.4909445705
2.7650000000	16.2110304492
2.7700000000	15.7175921667
2.7750000000	15.0514400120
2.7800000000	14.2660126461
2.7850000000	13.4180577360
2.7900000000	12.5584768035
2.7950000000	11.7280784002
2.8000000000	10.9557401288
2.8050000000	10.1731526492
2.8100000000	9.5019538460
2.8150000000	8.9404562156
2.8200000000	8.4797362022
2.8250000000	8.1079829279
2.8300000000	7.8133043230
2.8350000000	7.5855238355
2.8400000000	7.4139017674
2.8450000000	7.2989141126
2.8500000000	7.2327213522
2.8550000000	7.2123349096
2.8600000000	7.2355352691
2.8650000000	7.3003605192
2.8700000000	7.4047022608
2.8750000000	7.5459867294
2.8800000000	7.7208972643
2.8850000000	7.9251607168
2.8900000000	8.1536487836
2.8950000000	8.4005025087
2.9000000000	8.6594541381
2.9050000000	8.9759999501
2.9100000000	9.2840187396
2.9150000000	9.5733676361
2.9200000000	9.8330205673
2.9250000000	10.0503726194
2.9300000000	10.2137637194
2.9350000000	10.3058085653
2.9400000000	10.3186878556
2.9450000000	10.2488751511
2.9500000000	10.1006036046
2.9550000000	9.8855764836
2.9600000000	9.6208539002
2.9650000000	9.3258951831
2.9700000000	9.0195667212
2.9750000000	8.7180724652
2.9800000000	8.4338617142
2.9850000000	8.1754621443
2.9900000000	7.9480515435
2.9950000000	7.7540941411
3.0000000000	7.5941848269
