# energy (eV)    P(omega), $W$ = 400 nm, $h$ = 300 nm, $s$ = 20 nm, $d/W = 25$, $E_{\rm e}$ = 200 keV
0.2000000000	0.1458699474
0.2050000000	0.1472166878
0.2100000000	0.1481552103
0.2150000000	0.1486697974
0.2200000000	0.1487382970
0.2250000000	0.1483305047
0.2300000000	0.1474065211
0.2350000000	0.1459143400
0.2400000000	0.1437868527
0.2450000000	0.1409376937
0.2500000000	0.1372561937
0.2550000000	0.1326000165
0.2600000000	0.1267856143
0.2650000000	0.1328199016
0.2700000000	0.1481737103
0.2750000000	0.1701351040
0.2800000000	0.2007177754
0.2850000000	0.2457850431
0.2900000000	0.3015848408
0.2950000000	0.3815421942
0.3000000000	0.4889656806
0.3050000000	0.6535570325
0.3100000000	0.8826994163
0.3150000000	1.3260028470
0.3200000000	2.0180068776
0.3250000000	2.4909364337
0.3300000000	3.1449074190
0.3350000000	4.0716550872
0.3400000000	5.5260867910
0.3450000000	8.0208071107
0.3500000000	12.9943317585
0.3550000000	24.5041334940
0.3600000000	60.1946370635
0.3650000000	0.3110526144
0.3700000000	27.8556852044
0.3750000000	36.6177118045
0.3800000000	17.0511880167
0.3850000000	9.5981108148
0.3900000000	6.1515774464
0.3950000000	4.3313740814
0.4000000000	3.2776380513
0.4050000000	2.5908020503
0.4100000000	2.1436481908
0.4150000000	1.8486386676
0.4200000000	1.6619989219
0.4250000000	1.5153723450
0.4300000000	1.3424913052
0.4350000000	1.2056649042
0.4400000000	1.0974329722
0.4450000000	1.0113479437
0.4500000000	0.9433415234
0.4550000000	0.8893663446
0.4600000000	0.8471988957
0.4650000000	0.8144947880
0.4700000000	0.7897008953
0.4750000000	0.7717276638
0.4800000000	0.7596262200
0.4850000000	0.7525644011
0.4900000000	0.7500482962
0.4950000000	0.7516968044
0.5000000000	0.7571834677
0.5050000000	0.7663600127
0.5100000000	0.7791040323
0.5150000000	0.7953407136
0.5200000000	0.8150991754
0.5250000000	0.8384014015
0.5300000000	0.8655905950
0.5350000000	0.8968155204
0.5400000000	0.9323479394
0.5450000000	0.9725474629
0.5500000000	1.0179228484
0.5550000000	1.0690308352
0.5600000000	1.1265501830
0.5650000000	1.1913542550
0.5700000000	1.2646497636
0.5750000000	1.3473271777
0.5800000000	1.4410602822
0.5850000000	1.5481379986
0.5900000000	1.6700941322
0.5950000000	1.8101759081
0.6000000000	1.9726731228
0.6050000000	2.1607850305
0.6100000000	2.3818833079
0.6150000000	2.6420612255
0.6200000000	2.9517974644
0.6250000000	3.3261286755
0.6300000000	3.7803622259
0.6350000000	4.3433113252
0.6400000000	5.0467127339
0.6450000000	5.9482334947
0.6500000000	7.1214496679
0.6550000000	8.6910584319
0.6600000000	10.8675888128
0.6650000000	13.9835225814
0.6700000000	18.7009382896
0.6750000000	26.2843668043
0.6800000000	39.6869600208
0.6850000000	66.5748281916
0.6900000000	133.3763209211
0.6950000000	374.2648905075
0.7000000000	1814.5225752734
0.7050000000	881.8342964066
0.7100000000	226.4368250798
0.7150000000	96.2559508732
0.7200000000	52.5458366093
0.7250000000	32.9950264791
0.7300000000	22.6209280789
0.7350000000	16.4894299925
0.7400000000	12.5637730910
0.7450000000	9.8996870143
0.7500000000	8.0128341256
0.7550000000	6.6268616703
0.7600000000	5.5823897975
0.7650000000	4.7725563871
0.7700000000	4.1333745612
0.7750000000	3.6203085586
0.7800000000	3.2034292617
0.7850000000	2.8602126848
0.7900000000	2.5727172550
0.7950000000	2.3326233398
0.8000000000	2.1284949498
0.8050000000	1.9536245126
0.8100000000	1.8047538298
0.8150000000	1.6742848578
0.8200000000	1.5606989451
0.8250000000	1.4653473801
0.8300000000	1.3818703339
0.8350000000	1.3092809102
0.8400000000	1.2513964600
0.8450000000	1.2008582616
0.8500000000	1.1579607975
0.8550000000	1.1306587609
0.8600000000	1.1087004986
0.8650000000	1.0928457033
0.8700000000	1.0976411262
0.8750000000	1.0989957153
0.8800000000	1.0926328764
0.8850000000	1.0448640506
0.8900000000	0.8113353936
0.8950000000	-0.3571833614
0.9000000000	-6.6193962678
0.9050000000	-43.4974783415
0.9100000000	8.2759774762
0.9150000000	19.6030412805
0.9200000000	8.1345504976
0.9250000000	4.2305561295
0.9300000000	2.5819521567
0.9350000000	1.7945491215
0.9400000000	1.3699246151
0.9450000000	1.1346332919
0.9500000000	0.9677032917
0.9550000000	0.8561137783
0.9600000000	0.7872730806
0.9650000000	0.7307177992
0.9700000000	0.6907151400
0.9750000000	0.6639657911
0.9800000000	0.6485051964
0.9850000000	0.6474942862
0.9900000000	0.6569150089
0.9950000000	0.6871260222
1.0000000000	0.7561231180
1.0050000000	0.9143290719
1.0100000000	1.3265714776
1.0150000000	2.7326493614
1.0200000000	5.2873929640
1.0250000000	2.3553489129
1.0300000000	1.1700954258
1.0350000000	0.8177940962
1.0400000000	0.6793216591
1.0450000000	0.6141334260
1.0500000000	0.5810194312
1.0550000000	0.5632086886
1.0600000000	0.5545785122
1.0650000000	0.5519541426
1.0700000000	0.5535725552
1.0750000000	0.5587821811
1.0800000000	0.5664041155
1.0850000000	0.5771126547
1.0900000000	0.5929088193
1.0950000000	0.6114513763
1.1000000000	0.6329273484
1.1050000000	0.6573330495
1.1100000000	0.6850723549
1.1150000000	0.7165061312
1.1200000000	0.7520758817
1.1250000000	0.7921658384
1.1300000000	0.8377862702
1.1350000000	0.8896733435
1.1400000000	0.9488717051
1.1450000000	1.0167523796
1.1500000000	1.0944290245
1.1550000000	1.1851821332
1.1600000000	1.2912825513
1.1650000000	1.4160319235
1.1700000000	1.5617639166
1.1750000000	1.7199187001
1.1800000000	1.8900314025
1.1850000000	2.5211331643
1.1900000000	3.1475284063
1.1950000000	4.3776436142
1.2000000000	6.0066837925
1.2050000000	5.2226102129
1.2100000000	4.9546581354
1.2150000000	5.4943233473
1.2200000000	6.5595518233
1.2250000000	8.2029368915
1.2300000000	10.7048636417
1.2350000000	14.6639650640
1.2400000000	21.3331950492
1.2450000000	33.8900778931
1.2500000000	61.0801277231
1.2550000000	132.1770273626
1.2600000000	319.1534993656
1.2650000000	323.1677939484
1.2700000000	134.3746770302
1.2750000000	61.9977769449
1.2800000000	34.3164308937
1.2850000000	21.5662062215
1.2900000000	14.7702001374
1.2950000000	10.7546738665
1.3000000000	8.1963821329
1.3050000000	6.4730156191
1.3100000000	5.2565849015
1.3150000000	4.3761257767
1.3200000000	3.7214861536
1.3250000000	3.2262356649
1.3300000000	2.8497230270
1.3350000000	2.5664515525
1.3400000000	2.3621807040
1.3450000000	2.2308843397
1.3500000000	2.1838578654
1.3550000000	2.2482613817
1.3600000000	2.4965178168
1.3650000000	3.1152532070
1.3700000000	4.6274595000
1.3750000000	8.4224539660
1.3800000000	13.6167220666
1.3850000000	9.5576948089
1.3900000000	4.9423356855
1.3950000000	2.9178873254
1.4000000000	1.9375464783
1.4050000000	1.3133682431
1.4100000000	0.7132032719
1.4150000000	-0.2340371389
1.4200000000	-2.4123064653
1.4250000000	-8.2294626313
1.4300000000	-11.0242009063
1.4350000000	4.9739859262
1.4400000000	6.3804484861
1.4450000000	3.8131925560
1.4500000000	2.3638671687
1.4550000000	1.6258257256
1.4600000000	1.2043358361
1.4650000000	0.8878389007
1.4700000000	0.5727215174
1.4750000000	0.6244013622
1.4800000000	0.8335060469
1.4850000000	0.7592973576
1.4900000000	0.6792244883
1.4950000000	0.6267071847
1.5000000000	0.5917316740
1.5050000000	0.5685832735
1.5100000000	0.5529430963
1.5150000000	0.5449236164
1.5200000000	0.5393301655
1.5250000000	0.5383586208
1.5300000000	0.5424844417
1.5350000000	0.5531056722
1.5400000000	0.5734278436
1.5450000000	0.6104720815
1.5500000000	0.6799566553
1.5550000000	0.8132340524
1.5600000000	1.0138454068
1.5650000000	1.0448177637
1.5700000000	0.8596625215
1.5750000000	0.7278646500
1.5800000000	0.6682386573
1.5850000000	0.6458679105
1.5900000000	0.6424674035
1.5950000000	0.6500433998
1.6000000000	0.6650518733
1.6050000000	0.6861471886
1.6100000000	0.7123786356
1.6150000000	0.7434987407
1.6200000000	0.7799459703
1.6250000000	0.8220930726
1.6300000000	0.8706196542
1.6350000000	0.9264251405
1.6400000000	0.9906683658
1.6450000000	1.0648397521
1.6500000000	1.1508131633
1.6550000000	1.2509662135
1.6600000000	1.3683798424
1.6650000000	1.5070272114
1.6700000000	1.6707126466
1.6750000000	1.8689957748
1.6800000000	2.1101676789
1.6850000000	2.4073206824
1.6900000000	2.7789936525
1.6950000000	3.2523030236
1.7000000000	3.8679034820
1.7050000000	4.7145874372
1.7100000000	5.8912567371
1.7150000000	7.5931739805
1.7200000000	10.1718550356
1.7250000000	14.2413167142
1.7300000000	20.5057511736
1.7350000000	28.7752037801
1.7400000000	39.7043115903
1.7450000000	58.8063461278
1.7500000000	83.3775031940
1.7550000000	84.8107885883
1.7600000000	59.4679716137
1.7650000000	36.9968880265
1.7700000000	23.6760852622
1.7750000000	16.1009027301
1.7800000000	11.6189207191
1.7850000000	8.8503488141
1.7900000000	7.1117417507
1.7950000000	6.0767118372
1.8000000000	5.5864383231
1.8050000000	5.3587237693
1.8100000000	4.7391758369
1.8150000000	3.7124785912
1.8200000000	2.8928953150
1.8250000000	2.4537408730
1.8300000000	2.1409584739
1.8350000000	1.8654587733
1.8400000000	1.6401734084
1.8450000000	1.4599527193
1.8500000000	1.3134922520
1.8550000000	1.1915486983
1.8600000000	1.0781852834
1.8650000000	0.9816908330
1.8700000000	0.8830630022
1.8750000000	0.7394699389
1.8800000000	0.4117575286
1.8850000000	-0.3052036656
1.8900000000	-1.2683797785
1.8950000000	-1.4303382123
1.9000000000	0.1358668096
1.9050000000	1.5936370828
1.9100000000	1.7635525448
1.9150000000	1.4879282858
1.9200000000	1.2180960455
1.9250000000	1.0269860224
1.9300000000	0.9117816958
1.9350000000	0.8244314338
1.9400000000	0.7673114178
1.9450000000	0.7305839422
1.9500000000	0.7050202259
1.9550000000	0.6816634471
1.9600000000	0.6596064796
1.9650000000	0.6432769178
1.9700000000	0.6342623181
1.9750000000	0.6320844308
1.9800000000	0.6362925515
1.9850000000	0.6471019288
1.9900000000	0.6654265714
1.9950000000	0.6923848294
2.0000000000	0.7270840175
2.0050000000	0.7645354584
2.0100000000	0.7867257558
2.0150000000	0.7949363303
2.0200000000	0.8047620082
2.0250000000	0.8259617205
2.0300000000	0.8608261738
2.0350000000	0.9098151315
2.0400000000	0.9741884711
2.0450000000	1.0566495816
2.0500000000	1.1613163286
2.0550000000	1.2927210691
2.0600000000	1.4526246334
2.0650000000	1.6375477395
2.0700000000	1.8492627219
2.0750000000	2.1112456573
2.0800000000	2.4627093433
2.0850000000	2.9413825911
2.0900000000	3.5693042489
2.0950000000	4.3027250110
2.1000000000	4.9622806659
2.1050000000	5.2976210015
2.1100000000	5.1833932811
2.1150000000	4.8867998132
2.1200000000	4.7010066594
2.1250000000	4.7598448486
2.1300000000	5.1079947861
2.1350000000	5.7851472817
2.1400000000	6.8658582907
2.1450000000	8.4770385788
2.1500000000	10.7925875787
2.1550000000	13.9402166398
2.1600000000	17.6654301093
2.1650000000	20.7905103520
2.1700000000	21.5243618987
2.1750000000	19.2616044661
2.1800000000	15.5450527041
2.1850000000	11.9907690533
2.1900000000	9.2150104675
2.1950000000	7.2131320000
2.2000000000	5.8128063339
2.2050000000	4.8514343016
2.2100000000	4.1874485841
2.2150000000	3.6769824704
2.2200000000	3.2130786323
2.2250000000	2.7654844319
2.2300000000	2.3573361434
2.2350000000	2.0064190655
2.2400000000	1.7097450376
2.2450000000	1.4543862066
2.2500000000	1.2271300773
2.2550000000	1.0202796142
2.2600000000	0.8135395717
2.2650000000	0.6620998178
2.2700000000	0.5784855899
2.2750000000	0.5963763726
2.2800000000	0.7117495895
2.2850000000	0.8593412728
2.2900000000	0.9667352085
2.2950000000	1.0129893678
2.3000000000	1.0161047402
2.3050000000	0.9967624560
2.3100000000	0.9720803283
2.3150000000	0.9500140925
2.3200000000	0.9336872000
2.3250000000	0.9246311000
2.3300000000	0.9239245002
2.3350000000	0.9324101935
2.3400000000	0.9508153712
2.3450000000	0.9799148727
2.3500000000	1.0205634554
2.3550000000	1.0741506190
2.3600000000	1.1396281241
2.3650000000	1.2174601288
2.3700000000	1.3074151275
2.3750000000	1.4104629897
2.3800000000	1.5303008952
2.3850000000	1.6713427854
2.3900000000	1.8346318224
2.3950000000	2.0131186523
2.4000000000	2.1885480764
2.4050000000	2.3415666764
2.4100000000	2.4298612125
2.4150000000	2.4452506742
2.4200000000	2.4077363747
2.4250000000	2.3515564842
2.4300000000	2.3072642830
2.4350000000	2.2935105991
2.4400000000	2.3179765810
2.4450000000	2.3822897661
2.4500000000	2.4872115632
2.4550000000	2.6354457066
2.4600000000	2.8360112795
2.4650000000	3.0980546967
2.4700000000	3.4314398381
2.4750000000	3.8420814256
2.4800000000	4.3263620820
2.4850000000	4.8634737586
2.4900000000	5.4065524730
2.4950000000	5.8782512279
2.5000000000	6.1820906063
2.5050000000	6.2187983012
2.5100000000	5.9493162642
2.5150000000	5.4469938781
2.5200000000	4.8283822260
2.5250000000	4.1956579144
2.5300000000	3.6109841254
2.5350000000	3.1003853615
2.5400000000	2.6675886405
2.5450000000	2.3060774845
2.5500000000	2.0064725118
2.5550000000	1.7603514781
2.5600000000	1.5542969868
2.5650000000	1.3996174807
2.5700000000	1.2878547205
2.5750000000	1.2150211711
2.5800000000	1.1732173073
2.5850000000	1.1516915211
2.5900000000	1.1403833408
2.5950000000	1.1330418936
2.6000000000	1.1276345337
2.6050000000	1.1329762838
2.6100000000	1.1432975143
2.6150000000	1.1607233532
2.6200000000	1.1863796861
2.6250000000	1.2203643258
2.6300000000	1.2616923945
2.6350000000	1.3082549893
2.6400000000	1.3568289912
2.6450000000	1.4033343048
2.6500000000	1.4434564595
2.6550000000	1.4736646073
2.6600000000	1.4923303617
2.6650000000	1.5004537028
2.6700000000	1.5014582352
2.6750000000	1.5003509039
2.6800000000	1.5019819609
2.6850000000	1.5109101907
2.6900000000	1.5303321933
2.6950000000	1.5622381447
2.7000000000	1.6076058721
2.7050000000	1.6733387765
2.7100000000	1.7561545309
2.7150000000	1.8548177977
2.7200000000	1.9667177513
2.7250000000	2.0873813745
2.7300000000	2.2100302309
2.7350000000	2.3255108170
2.7400000000	2.4229369683
2.7450000000	2.4912638055
2.7500000000	2.5216104842
2.7550000000	2.5095338940
2.7600000000	2.4562556211
2.7650000000	2.3682152163
2.7700000000	2.2552294096
2.7750000000	2.1281465294
2.7800000000	1.9969047132
2.7850000000	1.8694369058
2.7900000000	1.7503412682
2.7950000000	1.6446378502
2.8000000000	1.5533682489
2.8050000000	1.4684003310
2.8100000000	1.4008898389
2.8150000000	1.3483126699
2.8200000000	1.3079350633
2.8250000000	1.2772576255
2.8300000000	1.2541692980
2.8350000000	1.2369332334
2.8400000000	1.2240949738
2.8450000000	1.2144286663
2.8500000000	1.2069535568
2.8550000000	1.2010130523
2.8600000000	1.1963655863
2.8650000000	1.1932168139
2.8700000000	1.1921544102
2.8750000000	1.1939981740
2.8800000000	1.1996126329
2.8850000000	1.2097345074
2.8900000000	1.2248540440
2.8950000000	1.2451390092
2.9000000000	1.2703919348
2.9050000000	1.3075885509
2.9100000000	1.3479677658
2.9150000000	1.3888948333
2.9200000000	1.4270432915
2.9250000000	1.4588472225
2.9300000000	1.4810047866
2.9350000000	1.4910593402
2.9400000000	1.4878817048
2.9450000000	1.4718873294
2.9500000000	1.4448965313
2.9550000000	1.4096769844
2.9600000000	1.3693661691
2.9650000000	1.3269349153
2.9700000000	1.2848279437
2.9750000000	1.2448063956
2.9800000000	1.2079608724
2.9850000000	1.1748252080
2.9900000000	1.1455346622
2.9950000000	1.1199745277
3.0000000000	1.0979040492
