# energy (eV)    P(omega), $W$ = 400 nm, $h$ = 300 nm, $s$ = 20 nm, $d/W = 100$, $E_{\rm e}$ = 200 keV
0.2000000000	0.1297079805
0.2050000000	0.1309216197
0.2100000000	0.1317277232
0.2150000000	0.1321132072
0.2200000000	0.1320586812
0.2250000000	0.1315371786
0.2300000000	0.1305126088
0.2350000000	0.1289374312
0.2400000000	0.1267498139
0.2450000000	0.1238700378
0.2500000000	0.1201954478
0.2550000000	0.1155939284
0.2600000000	0.1098948550
0.2650000000	0.1155853367
0.2700000000	0.1301703371
0.2750000000	0.1510029516
0.2800000000	0.1799617695
0.2850000000	0.2225715321
0.2900000000	0.2751844137
0.2950000000	0.3504525143
0.3000000000	0.4513632988
0.3050000000	0.6057628940
0.3100000000	0.8202781110
0.3150000000	1.2350364807
0.3200000000	1.8812615351
0.3250000000	2.3199546894
0.3300000000	2.9257788419
0.3350000000	3.7831439797
0.3400000000	5.1274627050
0.3450000000	7.4312541028
0.3500000000	12.0203102938
0.3550000000	22.6293296839
0.3600000000	55.4917415444
0.3650000000	0.4017397094
0.3700000000	25.5467328009
0.3750000000	33.5354520165
0.3800000000	15.5794607016
0.3850000000	8.7478031352
0.3900000000	5.5918795260
0.3950000000	3.9265352934
0.4000000000	2.9629940060
0.4050000000	2.3353782274
0.4100000000	1.9267634400
0.4150000000	1.6569071742
0.4200000000	1.4855859474
0.4250000000	1.3508592836
0.4300000000	1.1932275490
0.4350000000	1.0684707529
0.4400000000	0.9697302619
0.4450000000	0.8911072016
0.4500000000	0.8288598105
0.4550000000	0.7793026545
0.4600000000	0.7403876588
0.4650000000	0.7099809472
0.4700000000	0.6866627778
0.4750000000	0.6694308555
0.4800000000	0.6574146325
0.4850000000	0.6498554580
0.4900000000	0.6462929868
0.4950000000	0.6463707888
0.5000000000	0.6497815116
0.5050000000	0.6563763990
0.5100000000	0.6660295946
0.5150000000	0.6786598693
0.5200000000	0.6942720905
0.5250000000	0.7128672840
0.5300000000	0.7347234928
0.5350000000	0.7599472515
0.5400000000	0.7887508630
0.5450000000	0.8214210665
0.5500000000	0.8583685342
0.5550000000	0.9000408821
0.5600000000	0.9469863872
0.5650000000	0.9999151543
0.5700000000	1.0598121700
0.5750000000	1.1273883129
0.5800000000	1.2040098373
0.5850000000	1.2915500214
0.5900000000	1.3912326535
0.5950000000	1.5057100635
0.6000000000	1.6384839350
0.6050000000	1.7921222361
0.6100000000	1.9726472817
0.6150000000	2.1849791965
0.6200000000	2.4376364589
0.6250000000	2.7428529929
0.6300000000	3.1130021986
0.6350000000	3.5715114164
0.6400000000	4.1440591827
0.6450000000	4.8774572652
0.6500000000	5.8312675215
0.6550000000	7.1065292122
0.6600000000	8.8737966700
0.6650000000	11.4021021169
0.6700000000	15.2273599551
0.6750000000	21.3723170435
0.6800000000	32.2251939204
0.6850000000	53.9822496892
0.6900000000	107.9974344698
0.6950000000	302.6267237910
0.7000000000	1465.1551568318
0.7050000000	711.0513052258
0.7100000000	182.3279705982
0.7150000000	77.3972665445
0.7200000000	42.1917542749
0.7250000000	26.4562428329
0.7300000000	18.1125788820
0.7350000000	13.1845227786
0.7400000000	10.0315254246
0.7450000000	7.8932586191
0.7500000000	6.3798103961
0.7550000000	5.2688525662
0.7600000000	4.4321394745
0.7650000000	3.7838092116
0.7700000000	3.2724139476
0.7750000000	2.8621547492
0.7800000000	2.5289908741
0.7850000000	2.2548290221
0.7900000000	2.0253105606
0.7950000000	1.8337016203
0.8000000000	1.6708621373
0.8050000000	1.5314213627
0.8100000000	1.4127250509
0.8150000000	1.3087459453
0.8200000000	1.2182448525
0.8250000000	1.1422043999
0.8300000000	1.0756211717
0.8350000000	1.0176937064
0.8400000000	0.9713235368
0.8450000000	0.9307800131
0.8500000000	0.8962705491
0.8550000000	0.8738686619
0.8600000000	0.8556577476
0.8650000000	0.8422142624
0.8700000000	0.8446233113
0.8750000000	0.8444695283
0.8800000000	0.8385851368
0.8850000000	0.8015616985
0.8900000000	0.6246871407
0.8950000000	-0.2561890999
0.9000000000	-4.9677888987
0.9050000000	-32.6756809383
0.9100000000	6.2087252352
0.9150000000	14.6905270927
0.9200000000	6.0923288525
0.9250000000	3.1689834143
0.9300000000	1.9363166322
0.9350000000	1.3486231306
0.9400000000	1.0325394704
0.9450000000	0.8581424124
0.9500000000	0.7353505331
0.9550000000	0.6543631415
0.9600000000	0.6058276378
0.9650000000	0.5674673033
0.9700000000	0.5427091829
0.9750000000	0.5296724938
0.9800000000	0.5278354096
0.9850000000	0.5411244710
0.9900000000	0.5697574416
0.9950000000	0.6275630208
1.0000000000	0.7424072346
1.0050000000	0.9906126275
1.0100000000	1.6278073522
1.0150000000	3.7832112780
1.0200000000	7.6801721847
1.0250000000	3.1911079116
1.0300000000	1.3821046311
1.0350000000	0.8445139890
1.0400000000	0.6320332208
1.0450000000	0.5301962981
1.0500000000	0.4757191349
1.0550000000	0.4440380933
1.0600000000	0.4252919454
1.0650000000	0.4145987647
1.0700000000	0.4092440338
1.0750000000	0.4079554354
1.0800000000	0.4093714517
1.0850000000	0.4136365387
1.0900000000	0.4219329222
1.0950000000	0.4325111319
1.1000000000	0.4454243932
1.1050000000	0.4605330614
1.1100000000	0.4780930797
1.1150000000	0.4982951072
1.1200000000	0.5214142234
1.1250000000	0.5477254823
1.1300000000	0.5778351578
1.1350000000	0.6122992604
1.1400000000	0.6517784762
1.1450000000	0.6972473370
1.1500000000	0.7495692704
1.1550000000	0.8109778802
1.1600000000	0.8832889341
1.1650000000	0.9694678750
1.1700000000	1.0728667790
1.1750000000	1.1952106779
1.1800000000	1.3414945505
1.1850000000	1.6725355172
1.1900000000	2.1240241660
1.1950000000	3.0531215660
1.2000000000	4.2622538631
1.2050000000	3.6199446102
1.2100000000	3.3531462501
1.2150000000	3.6765720214
1.2200000000	4.3655436169
1.2250000000	5.4428028298
1.2300000000	7.0884922244
1.2350000000	9.6948656194
1.2400000000	14.0850462762
1.2450000000	22.3474592930
1.2500000000	40.2272353798
1.2550000000	86.9447502204
1.2600000000	209.6708474557
1.2650000000	212.0262759985
1.2700000000	88.0363479276
1.2750000000	40.5554581341
1.2800000000	22.4094548693
1.2850000000	14.0562446172
1.2900000000	9.6055771275
1.2950000000	6.9761731699
1.3000000000	5.3005132967
1.3050000000	4.1706590556
1.3100000000	3.3715823171
1.3150000000	2.7910549573
1.3200000000	2.3566068819
1.3250000000	2.0241308517
1.3300000000	1.7661985835
1.3350000000	1.5647843739
1.3400000000	1.4083688534
1.3450000000	1.2892408340
1.3500000000	1.2078982412
1.3550000000	1.1686076584
1.3600000000	1.1893414382
1.3650000000	1.3208304814
1.3700000000	1.7087937919
1.3750000000	2.7431067717
1.3800000000	4.1777167724
1.3850000000	3.0128277765
1.3900000000	1.6868160169
1.3950000000	1.0849130375
1.4000000000	0.7667652997
1.4050000000	0.5252482123
1.4100000000	0.2319215626
1.4150000000	-0.3156214440
1.4200000000	-1.6629556074
1.4250000000	-5.3274931467
1.4300000000	-7.0732303249
1.4350000000	3.0764079636
1.4400000000	3.9715379247
1.4450000000	2.3543226143
1.4500000000	1.4455950131
1.4550000000	0.9882047927
1.4600000000	0.7369584704
1.4650000000	0.5725116299
1.4700000000	0.4445572795
1.4750000000	0.4229610024
1.4800000000	0.4530326692
1.4850000000	0.4163306970
1.4900000000	0.3827260713
1.4950000000	0.3595741987
1.5000000000	0.3434694016
1.5050000000	0.3328879581
1.5100000000	0.3260496984
1.5150000000	0.3236013577
1.5200000000	0.3227097316
1.5250000000	0.3251202190
1.5300000000	0.3316171500
1.5350000000	0.3439039044
1.5400000000	0.3654989129
1.5450000000	0.4039595921
1.5500000000	0.4761179901
1.5550000000	0.6156005615
1.5600000000	0.8266173804
1.5650000000	0.8573042346
1.5700000000	0.6555333553
1.5750000000	0.5087205606
1.5800000000	0.4377171495
1.5850000000	0.4054007422
1.5900000000	0.3921885509
1.5950000000	0.3894266658
1.6000000000	0.3931777178
1.6050000000	0.4017396681
1.6100000000	0.4139917113
1.6150000000	0.4294792072
1.6200000000	0.4482846699
1.6250000000	0.4704784977
1.6300000000	0.4963484083
1.6350000000	0.5263295749
1.6400000000	0.5610070637
1.6450000000	0.6011527830
1.6500000000	0.6477495920
1.6550000000	0.7020488714
1.6600000000	0.7656760671
1.6650000000	0.8407236978
1.6700000000	0.9291001531
1.6750000000	1.0359736695
1.6800000000	1.1655717098
1.6850000000	1.3246527809
1.6900000000	1.5227028836
1.6950000000	1.7734614983
1.7000000000	2.0972658008
1.7050000000	2.5385738970
1.7100000000	3.1445454259
1.7150000000	4.0076296008
1.7200000000	5.2911992812
1.7250000000	7.2822164864
1.7300000000	10.3639954862
1.7350000000	14.7996644960
1.7400000000	21.3991243468
1.7450000000	32.8160530629
1.7500000000	47.1585614802
1.7550000000	48.0940498563
1.7600000000	33.6644292492
1.7650000000	20.8691875342
1.7700000000	13.2924718233
1.7750000000	8.9850797022
1.7800000000	6.4304669692
1.7850000000	4.8376406120
1.7900000000	3.8090004716
1.7950000000	3.1441840794
1.8000000000	2.7381885736
1.8050000000	2.4721341583
1.8100000000	2.1452293681
1.8150000000	1.7387051115
1.8200000000	1.4147051328
1.8250000000	1.2148225316
1.8300000000	1.0652301408
1.8350000000	0.9375888136
1.8400000000	0.8324232804
1.8450000000	0.7461807068
1.8500000000	0.6742439770
1.8550000000	0.6128257499
1.8600000000	0.5538130469
1.8650000000	0.5021879868
1.8700000000	0.4473498293
1.8750000000	0.3658553770
1.8800000000	0.1830430897
1.8850000000	-0.2102714600
1.8900000000	-0.7350574957
1.8950000000	-0.8165631237
1.9000000000	0.0518420432
1.9050000000	0.8558319455
1.9100000000	0.9497575558
1.9150000000	0.7992344664
1.9200000000	0.6524984310
1.9250000000	0.5496020766
1.9300000000	0.4891997434
1.9350000000	0.4453749147
1.9400000000	0.4199736314
1.9450000000	0.4073517747
1.9500000000	0.3991335630
1.9550000000	0.3849654095
1.9600000000	0.3654854666
1.9650000000	0.3488985681
1.9700000000	0.3385376685
1.9750000000	0.3340757020
1.9800000000	0.3348358235
1.9850000000	0.3407789137
1.9900000000	0.3525747822
1.9950000000	0.3711327255
2.0000000000	0.3955494149
2.0050000000	0.4198726548
2.0100000000	0.4286068172
2.0150000000	0.4220807540
2.0200000000	0.4140780332
2.0250000000	0.4130800614
2.0300000000	0.4204991911
2.0350000000	0.4357521910
2.0400000000	0.4585732270
2.0450000000	0.4894705294
2.0500000000	0.5296228271
2.0550000000	0.5802860688
2.0600000000	0.6412839280
2.0650000000	0.7098816442
2.0700000000	0.7852479383
2.0750000000	0.8754979174
2.0800000000	0.9948549023
2.0850000000	1.1562694696
2.0900000000	1.3674794052
2.0950000000	1.6159046045
2.1000000000	1.8483881742
2.1050000000	1.9906614396
2.1100000000	2.0077303100
2.1150000000	1.9834786360
2.1200000000	2.0109505128
2.1250000000	2.1371510721
2.1300000000	2.3853232271
2.1350000000	2.7818807057
2.1400000000	3.3704792953
2.1450000000	4.2189947821
2.1500000000	5.4153612281
2.1550000000	7.0201129145
2.1600000000	8.9021369216
2.1650000000	10.4714114378
2.1700000000	10.8306393877
2.1750000000	9.6797408840
2.1800000000	7.8009223800
2.1850000000	6.0094654803
2.1900000000	4.6146256075
2.1950000000	3.6128376681
2.2000000000	2.9166753085
2.2050000000	2.4437228701
2.2100000000	2.1206512683
2.2150000000	1.8711233623
2.2200000000	1.6377668943
2.2250000000	1.4062899767
2.2300000000	1.1924450794
2.2350000000	1.0082309338
2.2400000000	0.8531316659
2.2450000000	0.7205374497
2.2500000000	0.6033513951
2.2550000000	0.4971251035
2.2600000000	0.3911476069
2.2650000000	0.3125033940
2.2700000000	0.2677888720
2.2750000000	0.2743657643
2.2800000000	0.3302651496
2.2850000000	0.4024172388
2.2900000000	0.4543186026
2.2950000000	0.4754556963
2.3000000000	0.4748691992
2.3050000000	0.4628760305
2.3100000000	0.4478775593
2.3150000000	0.4337189753
2.3200000000	0.4219081499
2.3250000000	0.4131935189
2.3300000000	0.4080501182
2.3350000000	0.4067544396
2.3400000000	0.4094606468
2.3450000000	0.4163066448
2.3500000000	0.4274585005
2.3550000000	0.4433547095
2.3600000000	0.4633971290
2.3650000000	0.4877840491
2.3700000000	0.5163950739
2.3750000000	0.5495125722
2.3800000000	0.5882950147
2.3850000000	0.6341723089
2.3900000000	0.6875917006
2.3950000000	0.7465817324
2.4000000000	0.8058108826
2.4050000000	0.8602347725
2.4100000000	0.8967576500
2.4150000000	0.9128861724
2.4200000000	0.9146156505
2.4250000000	0.9124423598
2.4300000000	0.9160074563
2.4350000000	0.9314719075
2.4400000000	0.9616660708
2.4450000000	1.0076414658
2.4500000000	1.0704561943
2.4550000000	1.1521568463
2.4600000000	1.2572307577
2.4650000000	1.3901154288
2.4700000000	1.5551597770
2.4750000000	1.7546382145
2.4800000000	1.9863023629
2.4850000000	2.2399664882
2.4900000000	2.4936035990
2.4950000000	2.7114884538
2.5000000000	2.8494804696
2.5050000000	2.8623269326
2.5100000000	2.7330558079
2.5150000000	2.4964603636
2.5200000000	2.2068925691
2.5250000000	1.9116785974
2.5300000000	1.6394250783
2.5350000000	1.4019688099
2.5400000000	1.2008446229
2.5450000000	1.0328799634
2.5500000000	0.8936077432
2.5550000000	0.7790222338
2.5600000000	0.6828534355
2.5650000000	0.6101574864
2.5700000000	0.5569446239
2.5750000000	0.5212847089
2.5800000000	0.4994856446
2.5850000000	0.4865962497
2.5900000000	0.4780198278
2.5950000000	0.4709119140
2.6000000000	0.4643269054
2.6050000000	0.4615783318
2.6100000000	0.4604594425
2.6150000000	0.4618069082
2.6200000000	0.4660677812
2.6250000000	0.4733307039
2.6300000000	0.4833428902
2.6350000000	0.4955232979
2.6400000000	0.5089820489
2.6450000000	0.5226008514
2.6500000000	0.5352092158
2.6550000000	0.5458618804
2.6600000000	0.5541453887
2.6650000000	0.5603798799
2.6700000000	0.5655681943
2.6750000000	0.5711717100
2.6800000000	0.5786032310
2.6850000000	0.5892232917
2.6900000000	0.6040141783
2.6950000000	0.6236195795
2.7000000000	0.6483839395
2.7050000000	0.6818761432
2.7100000000	0.7220356307
2.7150000000	0.7683783368
2.7200000000	0.8198141624
2.7250000000	0.8744288801
2.7300000000	0.9292938323
2.7350000000	0.9804438747
2.7400000000	1.0231632851
2.7450000000	1.0526876179
2.7500000000	1.0652162966
2.7550000000	1.0589035694
2.7600000000	1.0343792340
2.7650000000	0.9945399905
2.7700000000	0.9437317039
2.7750000000	0.8867195328
2.7800000000	0.8278468544
2.7850000000	0.7705611990
2.7900000000	0.7168512460
2.7950000000	0.6688745771
2.8000000000	0.6270728840
2.8050000000	0.5876588120
2.8100000000	0.5557184317
2.8150000000	0.5302042748
2.8200000000	0.5099958786
2.8250000000	0.4940859137
2.8300000000	0.4816425850
2.8350000000	0.4720027281
2.8400000000	0.4646296493
2.8450000000	0.4590855096
2.8500000000	0.4550235343
2.8550000000	0.4522057995
2.8600000000	0.4505226011
2.8650000000	0.4499991210
2.8700000000	0.4507734880
2.8750000000	0.4530534109
2.8800000000	0.4570590145
2.8850000000	0.4629713854
2.8900000000	0.4708921460
2.8950000000	0.4808164554
2.9000000000	0.4926106433
2.9050000000	0.5093667640
2.9100000000	0.5270826294
2.9150000000	0.5446670584
2.9200000000	0.5607497787
2.9250000000	0.5738712570
2.9300000000	0.5826918823
2.9350000000	0.5862313991
2.9400000000	0.5840684687
2.9450000000	0.5764254875
2.9500000000	0.5641074620
2.9550000000	0.5483103482
2.9600000000	0.5303782428
2.9650000000	0.5115799479
2.9700000000	0.4929607790
2.9750000000	0.4752774540
2.9800000000	0.4590044730
2.9850000000	0.4443832104
2.9900000000	0.4314866730
2.9950000000	0.4202817493
3.0000000000	0.4106792116
