# energy (eV)    P(omega), $W$ = 400 nm, $h$ = 300 nm, $s$ = 20 nm, $d/W = 5$, $E_{\rm e}$ = 200 keV
0.2000000000	0.0623700619
0.2050000000	0.0629543982
0.2100000000	0.0633545743
0.2150000000	0.0635639452
0.2200000000	0.0635730554
0.2250000000	0.0633688265
0.2300000000	0.0629339634
0.2350000000	0.0622457852
0.2400000000	0.0612749969
0.2450000000	0.0599838318
0.2500000000	0.0583238051
0.2550000000	0.0562325932
0.2600000000	0.0536297157
0.2650000000	0.0562906715
0.2700000000	0.0630798722
0.2750000000	0.0727849956
0.2800000000	0.0862898705
0.2850000000	0.1061783295
0.2900000000	0.1307756281
0.2950000000	0.1659982255
0.3000000000	0.2132792922
0.3050000000	0.2856809760
0.3100000000	0.3863939882
0.3150000000	0.5811862192
0.3200000000	0.8850279335
0.3250000000	1.0921192891
0.3300000000	1.3783295492
0.3350000000	1.7836948025
0.3400000000	2.4196309581
0.3450000000	3.5100249030
0.3500000000	5.6831036688
0.3550000000	10.7099300800
0.3600000000	26.2907909019
0.3650000000	0.1596783372
0.3700000000	12.1395500764
0.3750000000	15.9498792205
0.3800000000	7.4198456983
0.3850000000	4.1722099781
0.3900000000	2.6710327044
0.3950000000	1.8784885273
0.4000000000	1.4197818601
0.4050000000	1.1208749009
0.4100000000	0.9262722092
0.4150000000	0.7978282960
0.4200000000	0.7164486937
0.4250000000	0.6524882287
0.4300000000	0.5773167188
0.4350000000	0.5178222035
0.4400000000	0.4707498494
0.4450000000	0.4332924137
0.4500000000	0.4036743409
0.4550000000	0.3801366904
0.4600000000	0.3617087830
0.4650000000	0.3473718079
0.4700000000	0.3364497141
0.4750000000	0.3284670756
0.4800000000	0.3230100439
0.4850000000	0.3197169725
0.4900000000	0.3183708967
0.4950000000	0.3188045099
0.5000000000	0.3208737048
0.5050000000	0.3245115713
0.5100000000	0.3296618126
0.5150000000	0.3362893023
0.5200000000	0.3444025918
0.5250000000	0.3540068581
0.5300000000	0.3652450854
0.5350000000	0.3781757313
0.5400000000	0.3929098291
0.5450000000	0.4095955435
0.5500000000	0.4284435313
0.5550000000	0.4496839147
0.5600000000	0.4735976667
0.5650000000	0.5005471680
0.5700000000	0.5310341258
0.5750000000	0.5654253832
0.5800000000	0.6044168411
0.5850000000	0.6489611383
0.5900000000	0.6996899209
0.5950000000	0.7579534709
0.6000000000	0.8255351026
0.6050000000	0.9037557216
0.6100000000	0.9956807707
0.6150000000	1.1038322753
0.6200000000	1.2325586830
0.6250000000	1.3881025313
0.6300000000	1.5768022059
0.6350000000	1.8106152158
0.6400000000	2.1026888036
0.6450000000	2.4769389437
0.6500000000	2.9638492209
0.6550000000	3.6151008062
0.6600000000	4.5179361275
0.6650000000	5.8100798326
0.6700000000	7.7658079428
0.6750000000	10.9088125142
0.6800000000	16.4620360363
0.6850000000	27.5994396800
0.6900000000	55.2614247893
0.6950000000	154.9796088299
0.7000000000	750.9452676747
0.7050000000	364.7386524743
0.7100000000	93.6029036172
0.7150000000	39.7663479126
0.7200000000	21.6955409231
0.7250000000	13.6151705781
0.7300000000	9.3288017930
0.7350000000	6.7960999411
0.7400000000	5.1750086307
0.7450000000	4.0751874042
0.7500000000	3.2964405859
0.7550000000	2.7245729686
0.7600000000	2.2937159335
0.7650000000	1.9597365958
0.7700000000	1.6962018981
0.7750000000	1.4847095357
0.7800000000	1.3129038005
0.7850000000	1.1714819980
0.7900000000	1.0530459426
0.7950000000	0.9541494346
0.8000000000	0.8700788871
0.8050000000	0.7980684252
0.8100000000	0.7367642366
0.8150000000	0.6830446511
0.8200000000	0.6362788368
0.8250000000	0.5970017276
0.8300000000	0.5626099798
0.8350000000	0.5326939791
0.8400000000	0.5087939083
0.8450000000	0.4879096823
0.8500000000	0.4701570722
0.8550000000	0.4587503415
0.8600000000	0.4495260866
0.8650000000	0.4427911713
0.8700000000	0.4444183296
0.8750000000	0.4446677978
0.8800000000	0.4418350605
0.8850000000	0.4223802823
0.8900000000	0.3283269212
0.8950000000	-0.1412334331
0.9000000000	-2.6554542466
0.9050000000	-17.4527749805
0.9100000000	3.3171144154
0.9150000000	7.8556117366
0.9200000000	3.2582134682
0.9250000000	1.6939730510
0.9300000000	1.0337743143
0.9350000000	0.7186234789
0.9400000000	0.5487876913
0.9450000000	0.4547575913
0.9500000000	0.3881776793
0.9550000000	0.3438039803
0.9600000000	0.3165930036
0.9650000000	0.2944398768
0.9700000000	0.2790729616
0.9750000000	0.2692430996
0.9800000000	0.2642876634
0.9850000000	0.2656632686
0.9900000000	0.2721896694
0.9950000000	0.2887782108
1.0000000000	0.3244392134
1.0050000000	0.4041824949
1.0100000000	0.6104571680
1.0150000000	1.3102206157
1.0200000000	2.5726648531
1.0250000000	1.1126501656
1.0300000000	0.5256143934
1.0350000000	0.3515236271
1.0400000000	0.2830568335
1.0450000000	0.2506279628
1.0500000000	0.2338181971
1.0550000000	0.2244637323
1.0600000000	0.2194857580
1.0650000000	0.2173173640
1.0700000000	0.2170869848
1.0750000000	0.2184434071
1.0800000000	0.2208528254
1.0850000000	0.2245399080
1.0900000000	0.2302534069
1.0950000000	0.2370695495
1.1000000000	0.2450572718
1.1050000000	0.2541869573
1.1100000000	0.2646179858
1.1150000000	0.2764803452
1.1200000000	0.2899412088
1.1250000000	0.3051568192
1.1300000000	0.3224947894
1.1350000000	0.3422547629
1.1400000000	0.3648303689
1.1450000000	0.3907638057
1.1500000000	0.4205206880
1.1550000000	0.4553741774
1.1600000000	0.4963107925
1.1650000000	0.5449195068
1.1700000000	0.6030172385
1.1750000000	0.6712913553
1.1800000000	0.7541440924
1.1850000000	0.9518794355
1.1900000000	1.1991709143
1.1950000000	1.7025862791
1.2000000000	2.3606795008
1.2050000000	2.0267071943
1.2100000000	1.8982784294
1.2150000000	2.0927035069
1.2200000000	2.4916689292
1.2250000000	3.1115035678
1.2300000000	4.0568889105
1.2350000000	5.5536187386
1.2400000000	8.0749469454
1.2450000000	12.8213468345
1.2500000000	23.0961888895
1.2550000000	49.9542304528
1.2600000000	120.5529798351
1.2650000000	121.9966159205
1.2700000000	50.6932634006
1.2750000000	23.3714015072
1.2800000000	12.9252117025
1.2850000000	8.1147743719
1.2900000000	5.5510423248
1.2950000000	4.0361523109
1.3000000000	3.0707193263
1.3050000000	2.4198932334
1.3100000000	1.9598698472
1.3150000000	1.6260658597
1.3200000000	1.3768005473
1.3250000000	1.1867958200
1.3300000000	1.0404129381
1.3350000000	0.9275410279
1.3400000000	0.8419962009
1.3450000000	0.7801117268
1.3500000000	0.7436016929
1.3550000000	0.7377182483
1.3600000000	0.7789112168
1.3650000000	0.9112025597
1.3700000000	1.2592908368
1.3750000000	2.1555522379
1.3800000000	3.3898701047
1.3850000000	2.4101034491
1.3900000000	1.2947477390
1.3950000000	0.7978518430
1.4000000000	0.5472316119
1.4050000000	0.3730728895
1.4100000000	0.1827092140
1.4150000000	-0.1495051195
1.4200000000	-0.9467210646
1.4250000000	-3.1011567794
1.4300000000	-4.1315673160
1.4350000000	1.8215118481
1.4400000000	2.3465917800
1.4450000000	1.3955246883
1.4500000000	0.8600883997
1.4550000000	0.5894405971
1.4600000000	0.4387287725
1.4650000000	0.3350177911
1.4700000000	0.2457913787
1.4750000000	0.2437687472
1.4800000000	0.2815021467
1.4850000000	0.2578766535
1.4900000000	0.2347216900
1.4950000000	0.2190755829
1.5000000000	0.2083590382
1.5050000000	0.2012570647
1.5100000000	0.1965309952
1.5150000000	0.1944388699
1.5200000000	0.1932023495
1.5250000000	0.1937511369
1.5300000000	0.1964017802
1.5350000000	0.2019017545
1.5400000000	0.2118477167
1.5450000000	0.2296920490
1.5500000000	0.2631355421
1.5550000000	0.3275489360
1.5600000000	0.4247682159
1.5650000000	0.4392161827
1.5700000000	0.3475279191
1.5750000000	0.2813972218
1.5800000000	0.2502153261
1.5850000000	0.2369463166
1.5900000000	0.2326312422
1.5950000000	0.2333282284
1.6000000000	0.2372620590
1.6050000000	0.2437008472
1.6100000000	0.2521503535
1.6150000000	0.2624355556
1.6200000000	0.2746647708
1.6250000000	0.2889279233
1.6300000000	0.3054348200
1.6350000000	0.3244787143
1.6400000000	0.3464430252
1.6450000000	0.3718271769
1.6500000000	0.4012615052
1.6550000000	0.4355471315
1.6600000000	0.4757226791
1.6650000000	0.5231256954
1.6700000000	0.5790019918
1.6750000000	0.6466166628
1.6800000000	0.7287081974
1.6850000000	0.8296311556
1.6900000000	0.9555195211
1.6950000000	1.1152950907
1.7000000000	1.3222340320
1.7050000000	1.6053418869
1.7100000000	1.9960507020
1.7150000000	2.5561601300
1.7200000000	3.3957711415
1.7250000000	4.7078111730
1.7300000000	6.7340379042
1.7350000000	9.5477940905
1.7400000000	13.5455376718
1.7450000000	20.4896071300
1.7500000000	29.2945453708
1.7550000000	29.8503724916
1.7600000000	20.9115001852
1.7650000000	12.9827984973
1.7700000000	8.2848094956
1.7750000000	5.6129469360
1.7800000000	4.0290153247
1.7850000000	3.0439333985
1.7900000000	2.4128982221
1.7950000000	2.0144525538
1.8000000000	1.7862592054
1.8050000000	1.6466421690
1.8100000000	1.4384533360
1.8150000000	1.1519137742
1.8200000000	0.9236753615
1.8250000000	0.7907222036
1.8300000000	0.6928465036
1.8350000000	0.6081011132
1.8400000000	0.5383911540
1.8450000000	0.4817289886
1.8500000000	0.4349287082
1.8550000000	0.3953792213
1.8600000000	0.3578864565
1.8650000000	0.3255667629
1.8700000000	0.2918611410
1.8750000000	0.2419708767
1.8800000000	0.1279941050
1.8850000000	-0.1204677214
1.8900000000	-0.4535073822
1.8950000000	-0.5075137692
1.9000000000	0.0383320424
1.9050000000	0.5449096964
1.9100000000	0.6038607660
1.9150000000	0.5083742135
1.9200000000	0.4150818993
1.9250000000	0.3492428241
1.9300000000	0.3099051166
1.9350000000	0.2804846281
1.9400000000	0.2619169824
1.9450000000	0.2507304084
1.9500000000	0.2430281652
1.9550000000	0.2345860097
1.9600000000	0.2253626337
1.9650000000	0.2181120937
1.9700000000	0.2139026328
1.9750000000	0.2125722337
1.9800000000	0.2139125630
1.9850000000	0.2180291815
1.9900000000	0.2253671854
1.9950000000	0.2364688104
2.0000000000	0.2508658621
2.0050000000	0.2655041303
2.0100000000	0.2718238907
2.0150000000	0.2701553521
2.0200000000	0.2680910109
2.0250000000	0.2703034366
2.0300000000	0.2776469516
2.0350000000	0.2899352283
2.0400000000	0.3072123277
2.0450000000	0.3300166093
2.0500000000	0.3593281719
2.0550000000	0.3961896012
2.0600000000	0.4406987792
2.0650000000	0.4912704279
2.0700000000	0.5477451250
2.0750000000	0.6162950119
2.0800000000	0.7075236455
2.0850000000	0.8313045023
2.0900000000	0.9934676540
2.0950000000	1.1836241653
2.1000000000	1.3585338516
2.1050000000	1.4578343358
2.1100000000	1.4522740033
2.1150000000	1.4083057079
2.1200000000	1.3992547536
2.1250000000	1.4605507057
2.1300000000	1.6072976512
2.1350000000	1.8554219695
2.1400000000	2.2322576221
2.1450000000	2.7815417716
2.1500000000	3.5610024972
2.1550000000	4.6113071660
2.1600000000	5.8471290250
2.1650000000	6.8803206996
2.1700000000	7.1201390110
2.1750000000	6.3678241753
2.1800000000	5.1358202421
2.1850000000	3.9596141710
2.1900000000	3.0429047399
2.1950000000	2.3838231976
2.2000000000	1.9252014155
2.2050000000	1.6130835214
2.2100000000	1.3994903736
2.2150000000	1.2345953660
2.2200000000	1.0809656363
2.2250000000	0.9290970149
2.2300000000	0.7889853984
2.2350000000	0.6682619997
2.2400000000	0.5665062865
2.2450000000	0.4793780254
2.2500000000	0.4022447480
2.2550000000	0.3322336658
2.2600000000	0.2623127443
2.2650000000	0.2104813009
2.2700000000	0.1810757907
2.2750000000	0.1855638322
2.2800000000	0.2226726777
2.2850000000	0.2705484758
2.2900000000	0.3049945068
2.2950000000	0.3190079342
2.3000000000	0.3185817564
2.3050000000	0.3105914628
2.3100000000	0.3008133539
2.3150000000	0.2919752496
2.3200000000	0.2851360171
2.3250000000	0.2807016544
2.3300000000	0.2788500852
2.3350000000	0.2796806342
2.3400000000	0.2832869426
2.3450000000	0.2898020779
2.3500000000	0.2993985248
2.3550000000	0.3124362821
2.3600000000	0.3285489720
2.3650000000	0.3478935619
2.3700000000	0.3704083752
2.3750000000	0.3963349774
2.3800000000	0.4265885106
2.3850000000	0.4622732748
2.3900000000	0.5036917399
2.3950000000	0.5492004866
2.4000000000	0.5944605938
2.4050000000	0.6351477201
2.4100000000	0.6608949595
2.4150000000	0.6697361326
2.4200000000	0.6665131378
2.4250000000	0.6595938388
2.4300000000	0.6565645596
2.4350000000	0.6621956603
2.4400000000	0.6786191630
2.4450000000	0.7065404489
2.4500000000	0.7465678027
2.4550000000	0.7999297756
2.4600000000	0.8695933867
2.4650000000	0.9585063786
2.4700000000	1.0696578065
2.4750000000	1.2046896622
2.4800000000	1.3621872202
2.4850000000	1.5353054496
2.4900000000	1.7090382019
2.4950000000	1.8588890675
2.5000000000	1.9544796318
2.5050000000	1.9646090715
2.5100000000	1.8773505659
2.5150000000	1.7163346229
2.5200000000	1.5187214054
2.5250000000	1.3169551576
2.5300000000	1.1307004962
2.5350000000	0.9681358023
2.5400000000	0.8303680687
2.5450000000	0.7152654300
2.5500000000	0.6197983550
2.5550000000	0.5412475826
2.5600000000	0.4753270388
2.5650000000	0.4255536225
2.5700000000	0.3892119726
2.5750000000	0.3650053657
2.5800000000	0.3504186733
2.5850000000	0.3420610021
2.5900000000	0.3367773776
2.5950000000	0.3326157654
2.6000000000	0.3289318026
2.6050000000	0.3281651238
2.6100000000	0.3286754113
2.6150000000	0.3310465217
2.6200000000	0.3355859447
2.6250000000	0.3423392430
2.6300000000	0.3510925461
2.6350000000	0.3613741398
2.6400000000	0.3724632972
2.6450000000	0.3834515460
2.6500000000	0.3933815218
2.6550000000	0.4014727863
2.6600000000	0.4073737091
2.6650000000	0.4113271101
2.6700000000	0.4141302074
2.6750000000	0.4169513617
2.6800000000	0.4209221279
2.6850000000	0.4271262180
2.6900000000	0.4363385442
2.6950000000	0.4490601506
2.7000000000	0.4655517939
2.7050000000	0.4882165819
2.7100000000	0.5157318101
2.7150000000	0.5477492206
2.7200000000	0.5834951062
2.7250000000	0.6216174978
2.7300000000	0.6600515543
2.7350000000	0.6960012025
2.7400000000	0.7261389364
2.7450000000	0.7470956464
2.7500000000	0.7561742305
2.7550000000	0.7520480481
2.7600000000	0.7351323212
2.7650000000	0.7074414564
2.7700000000	0.6720178906
2.7750000000	0.6322095924
2.7800000000	0.5910744547
2.7850000000	0.5510466559
2.7900000000	0.5135348474
2.7950000000	0.4800710686
2.8000000000	0.4509761328
2.8050000000	0.4236219780
2.8100000000	0.4015726616
2.8150000000	0.3840856635
2.8200000000	0.3703619828
2.8250000000	0.3596774711
2.8300000000	0.3514275003
2.8350000000	0.3451233645
2.8400000000	0.3403634449
2.8450000000	0.3368147339
2.8500000000	0.3342123048
2.8550000000	0.3323754945
2.8600000000	0.3312249655
2.8650000000	0.3307902111
2.8700000000	0.3311915693
2.8750000000	0.3326055810
2.8800000000	0.3352191446
2.8850000000	0.3391890020
2.8900000000	0.3446099172
2.8950000000	0.3514945631
2.9000000000	0.3597584772
2.9050000000	0.3715821434
2.9100000000	0.3841656979
2.9150000000	0.3967257064
2.9200000000	0.4082748344
2.9250000000	0.4177603882
2.9300000000	0.4242121141
2.9350000000	0.4269166513
2.9400000000	0.4255605663
2.9450000000	0.4202929672
2.9500000000	0.4116825349
2.9550000000	0.4005802926
2.9600000000	0.3879456088
2.9650000000	0.3746855081
2.9700000000	0.3615472724
2.9750000000	0.3490715575
2.9800000000	0.3375963136
2.9850000000	0.3272916500
2.9900000000	0.3182061472
2.9950000000	0.3103128398
3.0000000000	0.3035443859
