# energy (eV)    P(omega), $W$ = 400 nm, $h$ = 300 nm, $s$ = 20 nm, $d/W = 10$, $E_{\rm e}$ = 200 keV
0.2000000000	0.0745219098
0.2050000000	0.0751636485
0.2100000000	0.0756271061
0.2150000000	0.0759043373
0.2200000000	0.0759844839
0.2250000000	0.0758529843
0.2300000000	0.0754907803
0.2350000000	0.0748732232
0.2400000000	0.0739686713
0.2450000000	0.0727365114
0.2500000000	0.0711248424
0.2550000000	0.0690669845
0.2600000000	0.0664770164
0.2650000000	0.0692607587
0.2700000000	0.0763005784
0.2750000000	0.0863853235
0.2800000000	0.1004547770
0.2850000000	0.1212200813
0.2900000000	0.1469994389
0.2950000000	0.1839996532
0.3000000000	0.2338126658
0.3050000000	0.3102399439
0.3100000000	0.4168541715
0.3150000000	0.6232405983
0.3200000000	0.9459964145
0.3250000000	1.1679806046
0.3300000000	1.4753502931
0.3350000000	1.9115160717
0.3400000000	2.5966648094
0.3450000000	3.7729159462
0.3500000000	6.1198601484
0.3550000000	11.5567471974
0.3600000000	28.4331233237
0.3650000000	0.0811949597
0.3700000000	13.2315971322
0.3750000000	17.4105031478
0.3800000000	8.1272088330
0.3850000000	4.5871733897
0.3900000000	2.9485245123
0.3950000000	2.0824196571
0.4000000000	1.5807517277
0.4050000000	1.2535478413
0.4100000000	1.0405409758
0.4150000000	0.9001577992
0.4200000000	0.8116618632
0.4250000000	0.7422160936
0.4300000000	0.6596929612
0.4350000000	0.5943813237
0.4400000000	0.5427489293
0.4450000000	0.5017279685
0.4500000000	0.4693937561
0.4550000000	0.4438114394
0.4600000000	0.4239302144
0.4650000000	0.4086299400
0.4700000000	0.3971706669
0.4750000000	0.3890372177
0.4800000000	0.3837793751
0.4850000000	0.3810006020
0.4900000000	0.3804698189
0.4950000000	0.3820105289
0.5000000000	0.3854710457
0.5050000000	0.3907886980
0.5100000000	0.3979127022
0.5150000000	0.4068145098
0.5200000000	0.4175190689
0.5250000000	0.4300478006
0.5300000000	0.4445828302
0.5350000000	0.4612103157
0.5400000000	0.4800797659
0.5450000000	0.5013844186
0.5500000000	0.5253956752
0.5550000000	0.5524114805
0.5600000000	0.5827934328
0.5650000000	0.6170045839
0.5700000000	0.6556831418
0.5750000000	0.6993078872
0.5800000000	0.7487634111
0.5850000000	0.8052572394
0.5900000000	0.8696154624
0.5950000000	0.9435532303
0.6000000000	1.0293378462
0.6050000000	1.1286850058
0.6100000000	1.2454883822
0.6150000000	1.3829986513
0.6200000000	1.5467739808
0.6250000000	1.7447848291
0.6300000000	1.9851926246
0.6350000000	2.2832802505
0.6400000000	2.6559531457
0.6450000000	3.1338393931
0.6500000000	3.7561217345
0.6550000000	4.5891430712
0.6600000000	5.7449263010
0.6650000000	7.4006038962
0.6700000000	9.9087485435
0.6750000000	13.9432787769
0.6800000000	21.0782219889
0.6850000000	35.4015804597
0.6900000000	71.0109156349
0.6950000000	199.5112718635
0.7000000000	968.5030566330
0.7050000000	471.2860268702
0.7100000000	121.1747666506
0.7150000000	51.5786091152
0.7200000000	28.1946151399
0.7250000000	17.7285100574
0.7300000000	12.1713678136
0.7350000000	8.8848493471
0.7400000000	6.7793816648
0.7450000000	5.3496649164
0.7500000000	4.3364797288
0.7550000000	3.5918217686
0.7600000000	3.0303615276
0.7650000000	2.5947945973
0.7700000000	2.2508372361
0.7750000000	1.9746205070
0.7800000000	1.7500955367
0.7850000000	1.5651839705
0.7900000000	1.4102290314
0.7950000000	1.2808011989
0.8000000000	1.1707424543
0.8050000000	1.0764421942
0.8100000000	0.9961783789
0.8150000000	0.9258310899
0.8200000000	0.8645960619
0.8250000000	0.8132664070
0.8300000000	0.7683660954
0.8350000000	0.7293698813
0.8400000000	0.6984367292
0.8450000000	0.6715042715
0.8500000000	0.6487484742
0.8550000000	0.6346503625
0.8600000000	0.6235030519
0.8650000000	0.6157341749
0.8700000000	0.6195546040
0.8750000000	0.6214114592
0.8800000000	0.6188132838
0.8850000000	0.5925398196
0.8900000000	0.4600883542
0.8950000000	-0.2066932575
0.9000000000	-3.7877847962
0.9050000000	-24.9054674290
0.9100000000	4.7587074090
0.9150000000	11.2650923397
0.9200000000	4.6838338028
0.9250000000	2.4414334226
0.9300000000	1.4937258009
0.9350000000	1.0409413558
0.9400000000	0.7968527330
0.9450000000	0.6618908260
0.9500000000	0.5662242861
0.9550000000	0.5025392722
0.9600000000	0.4636906816
0.9650000000	0.4319923341
0.9700000000	0.4100423889
0.9750000000	0.3960815678
0.9800000000	0.3891395192
0.9850000000	0.3914218567
0.9900000000	0.4011033784
0.9950000000	0.4254717828
1.0000000000	0.4780642819
1.0050000000	0.5965957814
1.0100000000	0.9064560403
1.0150000000	1.9742664386
1.0200000000	3.9726607389
1.0250000000	1.7615109835
1.0300000000	0.8455259336
1.0350000000	0.5695844202
1.0400000000	0.4597979909
1.0450000000	0.4073974743
1.0500000000	0.3800671586
1.0550000000	0.3649438111
1.0600000000	0.3570089387
1.0650000000	0.3537076544
1.0700000000	0.3536288347
1.0750000000	0.3561446751
1.0800000000	0.3604859613
1.0850000000	0.3669578985
1.0900000000	0.3767626331
1.0950000000	0.3884259579
1.1000000000	0.4019998889
1.1050000000	0.4175425104
1.1100000000	0.4352465903
1.1150000000	0.4553444964
1.1200000000	0.4780995745
1.1250000000	0.5036974314
1.1300000000	0.5328472020
1.1350000000	0.5659360189
1.1400000000	0.6036230949
1.1450000000	0.6466910680
1.1500000000	0.6956479080
1.1550000000	0.7524424783
1.1600000000	0.8178462200
1.1650000000	0.8920125736
1.1700000000	0.9704318312
1.1750000000	1.0216910475
1.1800000000	1.0102718480
1.1850000000	1.6805350243
1.1900000000	2.0519991557
1.1950000000	2.6789410860
1.2000000000	3.5579025375
1.2050000000	3.2033835942
1.2100000000	3.1434545831
1.2150000000	3.5371783544
1.2200000000	4.2497875380
1.2250000000	5.3306708727
1.2300000000	6.9687139860
1.2350000000	9.5573749475
1.2400000000	13.9173373704
1.2450000000	22.1285263777
1.2500000000	39.9179737621
1.2550000000	86.4643505272
1.2600000000	208.9995695664
1.2650000000	211.8899624911
1.2700000000	88.2329592726
1.2750000000	40.7794554257
1.2800000000	22.6190179836
1.2850000000	14.2509240280
1.2900000000	9.7905137158
1.2950000000	7.1562008784
1.3000000000	5.4800106034
1.3050000000	4.3537635447
1.3100000000	3.5625187586
1.3150000000	2.9945281409
1.3200000000	2.5781774776
1.3250000000	2.2710588955
1.3300000000	2.0481394301
1.3350000000	1.8953724629
1.3400000000	1.8078170392
1.3450000000	1.7890857299
1.3500000000	1.8603969123
1.3550000000	2.0666622084
1.3600000000	2.5143310850
1.3650000000	3.4688894297
1.3700000000	5.6670198424
1.3750000000	11.0594474625
1.3800000000	18.3977881986
1.3850000000	12.7441593678
1.3900000000	6.3242260898
1.3950000000	3.5503056111
1.4000000000	2.2618173517
1.4050000000	1.5214432635
1.4100000000	0.9352915252
1.4150000000	0.1847993455
1.4200000000	-1.3575785481
1.4250000000	-5.3345253165
1.4300000000	-7.2667080132
1.4350000000	3.5113952425
1.4400000000	4.4465800896
1.4450000000	2.6941027517
1.4500000000	1.6970799016
1.4550000000	1.1781728092
1.4600000000	0.8597801431
1.4650000000	0.5659913479
1.4700000000	0.1919782689
1.4750000000	0.3500029304
1.4800000000	0.7230412611
1.4850000000	0.6503328359
1.4900000000	0.5583482297
1.4950000000	0.5008275781
1.5000000000	0.4644032463
1.5050000000	0.4405793155
1.5100000000	0.4243461337
1.5150000000	0.4145757594
1.5200000000	0.4070048601
1.5250000000	0.4026017020
1.5300000000	0.4011508920
1.5350000000	0.4027759848
1.5400000000	0.4082689109
1.5450000000	0.4195449615
1.5500000000	0.4410299051
1.5550000000	0.4815819927
1.5600000000	0.5420980091
1.5650000000	0.5541584660
1.5700000000	0.5058203966
1.5750000000	0.4741942057
1.5800000000	0.4643026317
1.5850000000	0.4661475091
1.5900000000	0.4745879068
1.5950000000	0.4874583627
1.6000000000	0.5038970653
1.6050000000	0.5237834370
1.6100000000	0.5469491321
1.6150000000	0.5735226417
1.6200000000	0.6040022606
1.6250000000	0.6388334359
1.6300000000	0.6786552505
1.6350000000	0.7242546761
1.6400000000	0.7766297455
1.6450000000	0.8370428477
1.6500000000	0.9070718632
1.6550000000	0.9887185047
1.6600000000	1.0845771513
1.6650000000	1.1980083636
1.6700000000	1.3324103904
1.6750000000	1.4956287874
1.6800000000	1.6949583657
1.6850000000	1.9417684979
1.6900000000	2.2523257404
1.6950000000	2.6507059030
1.7000000000	3.1735461219
1.7050000000	3.9008641142
1.7100000000	4.9265031487
1.7150000000	6.4372356965
1.7200000000	8.7756062101
1.7250000000	12.5366345009
1.7300000000	18.2898679572
1.7350000000	25.1186914814
1.7400000000	32.6049185295
1.7450000000	45.9204563065
1.7500000000	63.7375418990
1.7550000000	64.5221709564
1.7600000000	45.3375198365
1.7650000000	28.3549830312
1.7700000000	18.2829202144
1.7750000000	12.5631281950
1.7800000000	9.2043181115
1.7850000000	7.1787437936
1.7900000000	5.9956162007
1.7950000000	5.4526548834
1.8000000000	5.4742741637
1.8050000000	5.7228048076
1.8100000000	5.1897211597
1.8150000000	3.8948359199
1.8200000000	2.8524502288
1.8250000000	2.3563909968
1.8300000000	2.0268360774
1.8350000000	1.7320718267
1.8400000000	1.4953049856
1.8450000000	1.3121462512
1.8500000000	1.1682092335
1.8550000000	1.0519056807
1.8600000000	0.9481220047
1.8650000000	0.8613151306
1.8700000000	0.7757452808
1.8750000000	0.6573881851
1.8800000000	0.3975806678
1.8850000000	-0.1642724686
1.8900000000	-0.9190637910
1.8950000000	-1.0540222120
1.9000000000	0.1577580629
1.9050000000	1.2937337988
1.9100000000	1.4280304884
1.9150000000	1.2133191523
1.9200000000	1.0021647342
1.9250000000	0.8520035292
1.9300000000	0.7607215273
1.9350000000	0.6907742464
1.9400000000	0.6437728607
1.9450000000	0.6122380868
1.9500000000	0.5905389320
1.9550000000	0.5740727809
1.9600000000	0.5613630875
1.9650000000	0.5531626013
1.9700000000	0.5496305560
1.9750000000	0.5504140649
1.9800000000	0.5552577352
1.9850000000	0.5642127937
1.9900000000	0.5776400517
1.9950000000	0.5960650272
2.0000000000	0.6194795172
2.0050000000	0.6484018508
2.0100000000	0.6753430005
2.0150000000	0.7011730449
2.0200000000	0.7315567399
2.0250000000	0.7707086095
2.0300000000	0.8207216802
2.0350000000	0.8834629317
2.0400000000	0.9616616564
2.0450000000	1.0594331210
2.0500000000	1.1826034129
2.0550000000	1.3383322256
2.0600000000	1.5317828262
2.0650000000	1.7626830490
2.0700000000	2.0370698445
2.0750000000	2.3857127647
2.0800000000	2.8582705214
2.0850000000	3.5048104674
2.0900000000	4.3542554182
2.0950000000	5.3414778758
2.1000000000	6.2033961107
2.1050000000	6.5725916678
2.1100000000	6.2584128473
2.1150000000	5.6390932033
2.1200000000	5.1270776115
2.1250000000	4.8975870611
2.1300000000	4.9871540703
2.1350000000	5.4113244324
2.1400000000	6.2165722511
2.1450000000	7.5007469807
2.1500000000	9.4128045062
2.1550000000	12.0735470628
2.1600000000	15.2694657157
2.1650000000	17.9704819834
2.1700000000	18.6160525399
2.1750000000	16.6758586365
2.1800000000	13.4728933539
2.1850000000	10.3986499702
2.1900000000	7.9858030270
2.1950000000	6.2314036819
2.2000000000	4.9867672695
2.2050000000	4.1120265323
2.2100000000	3.4932032764
2.2150000000	3.0227785322
2.2200000000	2.6238839041
2.2250000000	2.2666732835
2.2300000000	1.9534689527
2.2350000000	1.6863912987
2.2400000000	1.4585529954
2.2450000000	1.2592886222
2.2500000000	1.0792710541
2.2550000000	0.9145281301
2.2600000000	0.7504535134
2.2650000000	0.6362593373
2.2700000000	0.5808135368
2.2750000000	0.6096332032
2.2800000000	0.7184288853
2.2850000000	0.8538299413
2.2900000000	0.9565623694
2.2950000000	1.0097563051
2.3000000000	1.0283418052
2.3050000000	1.0293133534
2.3100000000	1.0245009043
2.3150000000	1.0182676235
2.3200000000	1.0125131485
2.3250000000	1.0102823720
2.3300000000	1.0154721111
2.3350000000	1.0313749922
2.3400000000	1.0602821101
2.3450000000	1.1038847976
2.3500000000	1.1636130426
2.3550000000	1.2411603445
2.3600000000	1.3355097123
2.3650000000	1.4466379942
2.3700000000	1.5738316553
2.3750000000	1.7181642027
2.3800000000	1.8849934172
2.3850000000	2.0808766603
2.3900000000	2.3073716092
2.3950000000	2.5539203831
2.4000000000	2.7932006305
2.4050000000	2.9942516794
2.4100000000	3.0954504029
2.4150000000	3.0843886817
2.4200000000	2.9902920918
2.4250000000	2.8629378302
2.4300000000	2.7459051200
2.4350000000	2.6645660988
2.4400000000	2.6276258265
2.4450000000	2.6343570445
2.4500000000	2.6821897818
2.4550000000	2.7709816384
2.4600000000	2.9090260501
2.4650000000	3.1053299543
2.4700000000	3.3707258064
2.4750000000	3.7127255808
2.4800000000	4.1298803867
2.4850000000	4.6044247009
2.4900000000	5.0936035702
2.4950000000	5.5252526675
2.5000000000	5.8083457616
2.5050000000	5.8489202837
2.5100000000	5.6079359591
2.5150000000	5.1510988685
2.5200000000	4.5852468645
2.5250000000	4.0048407350
2.5300000000	3.4677726389
2.5350000000	2.9986049018
2.5400000000	2.6012210519
2.5450000000	2.2699695763
2.5500000000	1.9964947808
2.5550000000	1.7732943193
2.5600000000	1.5881577190
2.5650000000	1.4519625672
2.5700000000	1.3570764780
2.5750000000	1.2999631615
2.5800000000	1.2732883140
2.5850000000	1.2668414828
2.5900000000	1.2709229640
2.5950000000	1.2794211633
2.6000000000	1.2904234507
2.6050000000	1.3148682460
2.6100000000	1.3461813548
2.6150000000	1.3872501708
2.6200000000	1.4396485390
2.6250000000	1.5034008407
2.6300000000	1.5767673805
2.6350000000	1.6560835843
2.6400000000	1.7357519499
2.6450000000	1.8086814045
2.6500000000	1.8674065506
2.6550000000	1.9058751188
2.6600000000	1.9213378035
2.6650000000	1.9154824747
2.6700000000	1.8939839021
2.6750000000	1.8649742470
2.6800000000	1.8362777685
2.6850000000	1.8150216738
2.6900000000	1.8060415762
2.6950000000	1.8121777677
2.7000000000	1.8346789478
2.7050000000	1.8779212601
2.7100000000	1.9413089363
2.7150000000	2.0233314126
2.7200000000	2.1211509147
2.7250000000	2.2301497082
2.7300000000	2.3434974419
2.7350000000	2.4520658924
2.7400000000	2.5450325533
2.7450000000	2.6114060108
2.7500000000	2.6422796967
2.7550000000	2.6330686909
2.7600000000	2.5847344748
2.7650000000	2.5033767694
2.7700000000	2.3984542424
2.7750000000	2.2805017255
2.7800000000	2.1592085849
2.7850000000	2.0423350975
2.7900000000	1.9343606103
2.7950000000	1.8401991602
2.8000000000	1.7607867241
2.8050000000	1.6893559922
2.8100000000	1.6353058569
2.8150000000	1.5957636768
2.8200000000	1.5676201126
2.8250000000	1.5480140820
2.8300000000	1.5345060768
2.8350000000	1.5250748164
2.8400000000	1.5180103500
2.8450000000	1.5118630100
2.8500000000	1.5054829090
2.8550000000	1.4981517186
2.8600000000	1.4897358544
2.8650000000	1.4807542075
2.8700000000	1.4722887168
2.8750000000	1.4657603529
2.8800000000	1.4626420282
2.8850000000	1.4642153285
2.8900000000	1.4714017966
2.8950000000	1.4846717004
2.9000000000	1.5040243531
2.9050000000	1.5358595425
2.9100000000	1.5726739151
2.9150000000	1.6117184414
2.9200000000	1.6495059402
2.9250000000	1.6822656230
2.9300000000	1.7064583990
2.9350000000	1.7193817775
2.9400000000	1.7196709218
2.9450000000	1.7075315871
2.9500000000	1.6846036877
2.9550000000	1.6535034024
2.9600000000	1.6172324714
2.9650000000	1.5786394201
2.9700000000	1.5400565190
2.9750000000	1.5031413233
2.9800000000	1.4688971809
2.9850000000	1.4377871625
2.9900000000	1.4098889554
2.9950000000	1.3850540991
3.0000000000	1.3630251585
