# energy (eV)    P(omega), $W$ = 400 nm, $h$ = 300 nm, $s$ = 20 nm, $d/W = 10$, $E_{\rm e}$ = 200 keV
0.2000000000	0.0786280875
0.2050000000	0.0793512290
0.2100000000	0.0798600109
0.2150000000	0.0801458497
0.2200000000	0.0801967493
0.2250000000	0.0799965125
0.2300000000	0.0795236789
0.2350000000	0.0787504383
0.2400000000	0.0776408890
0.2450000000	0.0761489098
0.2500000000	0.0742153945
0.2550000000	0.0717643852
0.2600000000	0.0686979749
0.2650000000	0.0719075728
0.2700000000	0.0800613673
0.2750000000	0.0917278040
0.2800000000	0.1079805191
0.2850000000	0.1319388237
0.2900000000	0.1616204267
0.2950000000	0.2041672738
0.3000000000	0.2613554264
0.3050000000	0.3490040616
0.3100000000	0.4710815430
0.3150000000	0.7072855991
0.3200000000	1.0761534149
0.3250000000	1.3286073453
0.3300000000	1.6778015930
0.3350000000	2.1727903881
0.3400000000	2.9497738343
0.3450000000	4.2827505339
0.3500000000	6.9406714613
0.3550000000	13.0930333483
0.3600000000	32.1750527541
0.3650000000	0.1519139509
0.3700000000	14.9058611013
0.3750000000	19.6001134181
0.3800000000	9.1313965060
0.3850000000	5.1427858145
0.3900000000	3.2979259800
0.3950000000	2.3234394511
0.4000000000	1.7592309974
0.4050000000	1.3914209634
0.4100000000	1.1519659575
0.4150000000	0.9940191864
0.4200000000	0.8941667590
0.4250000000	0.8157380291
0.4300000000	0.7231154819
0.4350000000	0.6498096198
0.4400000000	0.5918301114
0.4450000000	0.5457255021
0.4500000000	0.5093199528
0.4550000000	0.4804444141
0.4600000000	0.4579101551
0.4650000000	0.4404609054
0.4700000000	0.4272648640
0.4750000000	0.4177395343
0.4800000000	0.4113769810
0.4850000000	0.4077317154
0.4900000000	0.4065397304
0.4950000000	0.4075985053
0.5000000000	0.4107340764
0.5050000000	0.4158687320
0.5100000000	0.4229388389
0.5150000000	0.4319057379
0.5200000000	0.4427876300
0.5250000000	0.4555987404
0.5300000000	0.4705273739
0.5350000000	0.4876566708
0.5400000000	0.5071365777
0.5450000000	0.5291649307
0.5500000000	0.5540206256
0.5550000000	0.5820098643
0.5600000000	0.6135044974
0.5650000000	0.6489834841
0.5700000000	0.6891070345
0.5750000000	0.7343652917
0.5800000000	0.7856742968
0.5850000000	0.8442869330
0.5900000000	0.9110465205
0.5950000000	0.9877308009
0.6000000000	1.0766886132
0.6050000000	1.1796772235
0.6100000000	1.3007321602
0.6150000000	1.4431967815
0.6200000000	1.6128127832
0.6250000000	1.8178183042
0.6300000000	2.0666103429
0.6350000000	2.3749762308
0.6400000000	2.7603244279
0.6450000000	3.2542570090
0.6500000000	3.8971267404
0.6550000000	4.7573058295
0.6600000000	5.9502253335
0.6650000000	7.6582344499
0.6700000000	10.2444150026
0.6750000000	14.4023387400
0.6800000000	21.7517849593
0.6850000000	36.4979718261
0.6900000000	73.1389974877
0.6950000000	205.2869099386
0.7000000000	995.5341698584
0.7050000000	483.9415599178
0.7100000000	124.2982046313
0.7150000000	52.8515367608
0.7200000000	28.8589579016
0.7250000000	18.1260605094
0.7300000000	12.4302009083
0.7350000000	9.0633011741
0.7400000000	6.9073918715
0.7450000000	5.4441352187
0.7500000000	4.4076512698
0.7550000000	3.6462193913
0.7600000000	3.0723390671
0.7650000000	2.6273278545
0.7700000000	2.2760545972
0.7750000000	1.9940582903
0.7800000000	1.7649087637
0.7850000000	1.5762333882
0.7900000000	1.4181732915
0.7950000000	1.2861656672
0.8000000000	1.1739248255
0.8050000000	1.0777644662
0.8100000000	0.9959006429
0.8150000000	0.9241505731
0.8200000000	0.8616829438
0.8250000000	0.8092527221
0.8300000000	0.7633544563
0.8350000000	0.7234467088
0.8400000000	0.6916471489
0.8450000000	0.6638914414
0.8500000000	0.6403454556
0.8550000000	0.6254178201
0.8600000000	0.6134382018
0.8650000000	0.6048278880
0.8700000000	0.6076519910
0.8750000000	0.6085616363
0.8800000000	0.6051730732
0.8850000000	0.5787733807
0.8900000000	0.4491583663
0.8950000000	-0.1999616437
0.9000000000	-3.6798608905
0.9050000000	-24.1779208265
0.9100000000	4.6015786338
0.9150000000	10.9012114737
0.9200000000	4.5242362777
0.9250000000	2.3530006784
0.9300000000	1.4358945602
0.9350000000	0.9977470183
0.9400000000	0.7613741703
0.9450000000	0.6303189675
0.9500000000	0.5372379080
0.9550000000	0.4748984794
0.9600000000	0.4362913199
0.9650000000	0.4044099270
0.9700000000	0.3816047063
0.9750000000	0.3659778333
0.9800000000	0.3563343096
0.9850000000	0.3542664357
0.9900000000	0.3571889341
0.9950000000	0.3702135026
1.0000000000	0.4018111404
1.0050000000	0.4759051535
1.0100000000	0.6700610729
1.0150000000	1.3345224274
1.0200000000	2.5452031747
1.0250000000	1.1593458411
1.0300000000	0.5980184735
1.0350000000	0.4310812826
1.0400000000	0.3655709483
1.0450000000	0.3349187169
1.0500000000	0.3196407780
1.0550000000	0.3116812243
1.0600000000	0.3081923498
1.0650000000	0.3076719914
1.0700000000	0.3092868657
1.0750000000	0.3127569094
1.0800000000	0.3174778707
1.0850000000	0.3238637257
1.0900000000	0.3330636961
1.0950000000	0.3437723599
1.1000000000	0.3561022579
1.1050000000	0.3700682259
1.1100000000	0.3858989787
1.1150000000	0.4038047648
1.1200000000	0.4240378182
1.1250000000	0.4468121451
1.1300000000	0.4727098600
1.1350000000	0.5021384008
1.1400000000	0.5356947822
1.1450000000	0.5741464596
1.1500000000	0.6181066057
1.1550000000	0.6694261943
1.1600000000	0.7293431480
1.1650000000	0.7995983954
1.1700000000	0.8811772345
1.1750000000	0.9678097250
1.1800000000	1.0578699193
1.1850000000	1.4317690465
1.1900000000	1.7822882420
1.1950000000	2.4634860626
1.2000000000	3.3690999238
1.2050000000	2.9418058071
1.2100000000	2.8026744348
1.2150000000	3.1139711718
1.2200000000	3.7210835655
1.2250000000	4.6556187874
1.2300000000	6.0775458783
1.2350000000	8.3272981562
1.2400000000	12.1170904549
1.2450000000	19.2529879453
1.2500000000	34.7062103510
1.2550000000	75.1181525462
1.2600000000	181.4150992715
1.2650000000	183.7351504342
1.2700000000	76.4151342856
1.2750000000	35.2651545140
1.2800000000	19.5250653858
1.2850000000	12.2744394301
1.2900000000	8.4095753359
1.2950000000	6.1259423347
1.3000000000	4.6711402361
1.3050000000	3.6913087401
1.3100000000	2.9999584726
1.3150000000	2.4999040583
1.3200000000	2.1285501178
1.3250000000	1.8482182866
1.3300000000	1.6359136573
1.3350000000	1.4773471655
1.3400000000	1.3647654032
1.3450000000	1.2953347219
1.3500000000	1.2765630703
1.3550000000	1.3260239107
1.3600000000	1.4895362135
1.3650000000	1.8844744863
1.3700000000	2.8392014655
1.3750000000	5.2255445218
1.3800000000	8.4886407626
1.3850000000	5.9453599593
1.3900000000	3.0539165482
1.3950000000	1.7888639503
1.4000000000	1.1804874431
1.4050000000	0.7993043138
1.4100000000	0.4424622283
1.4150000000	-0.1073367776
1.4200000000	-1.3576474071
1.4250000000	-4.6860326324
1.4300000000	-6.2872597818
1.4350000000	2.8548199141
1.4400000000	3.6579631914
1.4450000000	2.1891107322
1.4500000000	1.3592290037
1.4550000000	0.9357812955
1.4600000000	0.6923628365
1.4650000000	0.5057004641
1.4700000000	0.3141118147
1.4750000000	0.3523522476
1.4800000000	0.4882711601
1.4850000000	0.4442128002
1.4900000000	0.3957135743
1.4950000000	0.3640864574
1.5000000000	0.3431371534
1.5050000000	0.3292655099
1.5100000000	0.3198506496
1.5150000000	0.3148662814
1.5200000000	0.3112738708
1.5250000000	0.3102753603
1.5300000000	0.3120732077
1.5350000000	0.3173498156
1.5400000000	0.3277267428
1.5450000000	0.3467766259
1.5500000000	0.3825120606
1.5550000000	0.4509064036
1.5600000000	0.5537034671
1.5650000000	0.5698382456
1.5700000000	0.4759510236
1.5750000000	0.4095744644
1.5800000000	0.3801978332
1.5850000000	0.3699841808
1.5900000000	0.3696129338
1.5950000000	0.3750226599
1.6000000000	0.3844273488
1.6050000000	0.3971782581
1.6100000000	0.4128054925
1.6150000000	0.4312099448
1.6200000000	0.4526700731
1.6250000000	0.4774231851
1.6300000000	0.5058783159
1.6350000000	0.5385695943
1.6400000000	0.5761809521
1.6450000000	0.6195904228
1.6500000000	0.6698991903
1.6550000000	0.7285042468
1.6600000000	0.7972154839
1.6650000000	0.8783677745
1.6700000000	0.9742113496
1.6750000000	1.0903428059
1.6800000000	1.2316561383
1.6850000000	1.4058662233
1.6900000000	1.6239116260
1.6950000000	1.9018114539
1.7000000000	2.2636269190
1.7050000000	2.7619041898
1.7100000000	3.4555385557
1.7150000000	4.4609227857
1.7200000000	5.9880720804
1.7250000000	8.4035847987
1.7300000000	12.1192571524
1.7350000000	16.9656617057
1.7400000000	23.2534251661
1.7450000000	34.2617844852
1.7500000000	48.4761305975
1.7550000000	49.2886263960
1.7600000000	34.5690280973
1.7650000000	21.5179337733
1.7700000000	13.7800843889
1.7750000000	9.3796254745
1.7800000000	6.7770140750
1.7850000000	5.1717197290
1.7900000000	4.1681380312
1.7950000000	3.5790134433
1.8000000000	3.3144243072
1.8050000000	3.2038289410
1.8100000000	2.8398797587
1.8150000000	2.2152721863
1.8200000000	1.7166414904
1.8250000000	1.4537630412
1.8300000000	1.2676600845
1.8350000000	1.1030243960
1.8400000000	0.9685054748
1.8450000000	0.8612278743
1.8500000000	0.7743377853
1.8550000000	0.7022292908
1.8600000000	0.6354916941
1.8650000000	0.5788887452
1.8700000000	0.5213442327
1.8750000000	0.4378428740
1.8800000000	0.2469177743
1.8850000000	-0.1716464843
1.8900000000	-0.7344456933
1.8950000000	-0.8300623314
1.9000000000	0.0829127279
1.9050000000	0.9333207819
1.9100000000	1.0324282332
1.9150000000	0.8714420167
1.9200000000	0.7137524093
1.9250000000	0.6019334409
1.9300000000	0.5343193240
1.9350000000	0.4828048390
1.9400000000	0.4487102329
1.9450000000	0.4263245122
1.9500000000	0.4106755418
1.9550000000	0.3972093874
1.9600000000	0.3852455241
1.9650000000	0.3766419595
1.9700000000	0.3720149822
1.9750000000	0.3710870785
1.9800000000	0.3736352425
1.9850000000	0.3797835444
1.9900000000	0.3900122204
1.9950000000	0.4049040047
2.0000000000	0.4240079929
2.0050000000	0.4450156106
2.0100000000	0.4584908412
2.0150000000	0.4652502154
2.0200000000	0.4733886155
2.0250000000	0.4879954904
2.0300000000	0.5103698308
2.0350000000	0.5409288566
2.0400000000	0.5805779581
2.0450000000	0.6310627393
2.0500000000	0.6949668539
2.0550000000	0.7751336683
2.0600000000	0.8727745778
2.0650000000	0.9859991340
2.0700000000	1.1161439034
2.0750000000	1.2776810597
2.0800000000	1.4946705220
2.0850000000	1.7903811883
2.0900000000	2.1783767586
2.0950000000	2.6312778114
2.1000000000	3.0370925096
2.1050000000	3.2395079261
2.1100000000	3.1599077828
2.1150000000	2.9643643411
2.1200000000	2.8349328527
2.1250000000	2.8539847253
2.1300000000	3.0477851424
2.1350000000	3.4387376965
2.1400000000	4.0698839580
2.1450000000	5.0155432164
2.1500000000	6.3783697968
2.1550000000	8.2344131488
2.1600000000	10.4338038199
2.1650000000	12.2803581516
2.1700000000	12.7153525244
2.1750000000	11.3804648579
2.1800000000	9.1862034307
2.1850000000	7.0869013997
2.1900000000	5.4467289056
2.1950000000	4.2631128052
2.2000000000	3.4343517070
2.2050000000	2.8644752103
2.2100000000	2.4702311721
2.2150000000	2.1673577677
2.2200000000	1.8933224957
2.2250000000	1.6300888934
2.2300000000	1.3905657419
2.2350000000	1.1847008241
2.2400000000	1.0105463543
2.2450000000	0.8604849079
2.2500000000	0.7267926113
2.2550000000	0.6050238554
2.2600000000	0.4832769919
2.2650000000	0.3942620309
2.2700000000	0.3453283378
2.2750000000	0.3563000003
2.2800000000	0.4247916893
2.2850000000	0.5122986221
2.2900000000	0.5760661756
2.2950000000	0.6037238299
2.3000000000	0.6059050252
2.3050000000	0.5948390697
2.3100000000	0.5806711681
2.3150000000	0.5681283819
2.3200000000	0.5590678715
2.3250000000	0.5543963008
2.3300000000	0.5547596918
2.3350000000	0.5606776909
2.3400000000	0.5726121630
2.3450000000	0.5910616282
2.3500000000	0.6165736087
2.3550000000	0.6500117740
2.3600000000	0.6907713803
2.3650000000	0.7391355500
2.3700000000	0.7949728771
2.3750000000	0.8588933333
2.3800000000	0.9331941082
2.3850000000	1.0206065812
2.3900000000	1.1217550781
2.3950000000	1.2322148885
2.4000000000	1.3405709448
2.4050000000	1.4346234186
2.4100000000	1.4880402843
2.4150000000	1.4957245265
2.4200000000	1.4701544833
2.4250000000	1.4326538776
2.4300000000	1.4022064253
2.4350000000	1.3903572935
2.4400000000	1.4018171495
2.4450000000	1.4375151477
2.4500000000	1.4977936572
2.4550000000	1.5841354408
2.4600000000	1.7018680567
2.4650000000	1.8564079763
2.4700000000	2.0536774090
2.4750000000	2.2972778960
2.4800000000	2.5851449405
2.4850000000	2.9049508590
2.4900000000	3.2287714883
2.4950000000	3.5104264382
2.5000000000	3.6922349146
2.5050000000	3.7148246868
2.5100000000	3.5546984875
2.5150000000	3.2555054283
2.5200000000	2.8867567777
2.5250000000	2.5094393977
2.5300000000	2.1606873849
2.5350000000	1.8560707904
2.5400000000	1.5978435048
2.5450000000	1.3821429196
2.5500000000	1.2033897225
2.5550000000	1.0565736583
2.5600000000	0.9336954632
2.5650000000	0.8415344630
2.5700000000	0.7750539050
2.5750000000	0.7318871689
2.5800000000	0.7073243570
2.5850000000	0.6949431592
2.5900000000	0.6887282067
2.5950000000	0.6849400997
2.6000000000	0.6823665371
2.6050000000	0.6863924891
2.6100000000	0.6934982710
2.6150000000	0.7049764153
2.6200000000	0.7215105541
2.6250000000	0.7431527102
2.6300000000	0.7692827283
2.6350000000	0.7985791857
2.6400000000	0.8290232710
2.6450000000	0.8580564284
2.6500000000	0.8829708663
2.6550000000	0.9015471217
2.6600000000	0.9127574371
2.6650000000	0.9172191150
2.6700000000	0.9170677987
2.6750000000	0.9154295877
2.6800000000	0.9153332958
2.6850000000	0.9196215886
2.6900000000	0.9302837445
2.6950000000	0.9485525972
2.7000000000	0.9750296445
2.7050000000	1.0137765794
2.7100000000	1.0629204510
2.7150000000	1.1217101114
2.7200000000	1.1885675394
2.7250000000	1.2607980455
2.7300000000	1.3343215345
2.7350000000	1.4036294263
2.7400000000	1.4621711848
2.7450000000	1.5032975494
2.7500000000	1.5216564071
2.7550000000	1.5145610946
2.7600000000	1.4827300180
2.7650000000	1.4300211968
2.7700000000	1.3623259527
2.7750000000	1.2861615747
2.7800000000	1.2075022423
2.7850000000	1.1311206251
2.7900000000	1.0597839586
2.7950000000	0.9965163726
2.8000000000	0.9419469220
2.8050000000	0.8912238337
2.8100000000	0.8510219864
2.8150000000	0.8198164807
2.8200000000	0.7959528019
2.8250000000	0.7779154375
2.8300000000	0.7644206222
2.8350000000	0.7544086800
2.8400000000	0.7469877313
2.8450000000	0.7414043249
2.8500000000	0.7370537953
2.8550000000	0.7335324533
2.8600000000	0.7306950883
2.8650000000	0.7286751042
2.8700000000	0.7278448466
2.8750000000	0.7287219764
2.8800000000	0.7318518366
2.8850000000	0.7377000570
2.8900000000	0.7465803732
2.8950000000	0.7586061753
2.9000000000	0.7736667990
2.9050000000	0.7959484072
2.9100000000	0.8202122454
2.9150000000	0.8448645312
2.9200000000	0.8678916523
2.9250000000	0.8871342000
2.9300000000	0.9005903003
2.9350000000	0.9067676508
2.9400000000	0.9049762705
2.9450000000	0.8954598098
2.9500000000	0.8793106972
2.9550000000	0.8581958888
2.9600000000	0.8340068648
2.9650000000	0.8085344553
2.9700000000	0.7832525679
2.9750000000	0.7592228092
2.9800000000	0.7371003123
2.9850000000	0.7172056313
2.9900000000	0.6996168464
2.9950000000	0.6842621946
3.0000000000	0.6709937363
