# energy (eV)    P(omega), $W$ = 400 nm, $h$ = 300 nm, $s$ = 20 nm, $d/W = 100$, $E_{\rm e}$ = 200 keV
0.2000000000	0.2602940105
0.2050000000	0.2627062823
0.2100000000	0.2643798327
0.2150000000	0.2652867685
0.2200000000	0.2653874628
0.2250000000	0.2646279765
0.2300000000	0.2629367724
0.2350000000	0.2602206148
0.2400000000	0.2563590842
0.2450000000	0.2511972692
0.2500000000	0.2445364311
0.2550000000	0.2361210442
0.2600000000	0.2256214500
0.2650000000	0.2364747740
0.2700000000	0.2641099924
0.2750000000	0.3036316562
0.2800000000	0.3586570028
0.2850000000	0.4397296234
0.2900000000	0.5400792068
0.2950000000	0.6838473772
0.3000000000	0.8769567615
0.3050000000	1.1727879036
0.3100000000	1.5845502434
0.3150000000	2.3810993362
0.3200000000	3.6242710684
0.3250000000	4.4732679892
0.3300000000	5.6470947341
0.3350000000	7.3102866955
0.3400000000	9.9202259129
0.3450000000	14.3964886005
0.3500000000	23.3196465526
0.3550000000	43.9673809547
0.3600000000	107.9861207841
0.3650000000	0.5845904339
0.3700000000	49.9424514304
0.3750000000	65.6427634659
0.3800000000	30.5588765193
0.3850000000	17.1967768078
0.3900000000	11.0184152343
0.3950000000	7.7557578934
0.4000000000	5.8670823123
0.4050000000	4.6361157929
0.4100000000	3.8347094116
0.4150000000	3.3059208610
0.4200000000	2.9712485872
0.4250000000	2.7082944086
0.4300000000	2.3985235138
0.4350000000	2.1533547911
0.4400000000	1.9594099930
0.4450000000	1.8051321219
0.4500000000	1.6832236350
0.4550000000	1.5864338972
0.4600000000	1.5107743471
0.4650000000	1.4520446996
0.4700000000	1.4074617880
0.4750000000	1.3750710917
0.4800000000	1.3531708658
0.4850000000	1.3402708233
0.4900000000	1.3354828131
0.4950000000	1.3381224546
0.5000000000	1.3476023514
0.5050000000	1.3636542557
0.5100000000	1.3860555223
0.5150000000	1.4146690910
0.5200000000	1.4495427179
0.5250000000	1.4907101961
0.5300000000	1.5387803538
0.5350000000	1.5940124075
0.5400000000	1.6568855621
0.5450000000	1.7280350585
0.5500000000	1.8083609338
0.5550000000	1.8988471188
0.5600000000	2.0006939024
0.5650000000	2.1154481548
0.5700000000	2.2452451515
0.5750000000	2.3916580805
0.5800000000	2.5576511303
0.5850000000	2.7472782608
0.5900000000	2.9632479638
0.5950000000	3.2113107696
0.6000000000	3.4990621100
0.6050000000	3.8321560431
0.6100000000	4.2236465487
0.6150000000	4.6843098484
0.6200000000	5.2326902791
0.6250000000	5.8954033087
0.6300000000	6.6995235345
0.6350000000	7.6960473616
0.6400000000	8.9411118550
0.6450000000	10.5367561305
0.6500000000	12.6131524576
0.6550000000	15.3909021610
0.6600000000	19.2424607633
0.6650000000	24.7559750319
0.6700000000	33.1026513546
0.6750000000	46.5192483100
0.6800000000	70.2293665802
0.6850000000	117.7921627371
0.6900000000	235.9501749775
0.6950000000	661.9966856141
0.7000000000	3209.0308882005
0.7050000000	1559.3122154257
0.7100000000	400.3386390352
0.7150000000	170.1540222326
0.7200000000	92.8724345356
0.7250000000	58.3083130087
0.7300000000	39.9692281228
0.7350000000	29.1309005706
0.7400000000	22.1922380266
0.7450000000	17.4837595161
0.7500000000	14.1491857650
0.7550000000	11.6999802006
0.7600000000	9.8543655132
0.7650000000	8.4234643264
0.7700000000	7.2941675624
0.7750000000	6.3877366194
0.7800000000	5.6512827493
0.7850000000	5.0449897681
0.7900000000	4.5371580048
0.7950000000	4.1130709652
0.8000000000	3.7525246472
0.8050000000	3.4436687842
0.8100000000	3.1807346111
0.8150000000	2.9503100340
0.8200000000	2.7497070406
0.8250000000	2.5812879167
0.8300000000	2.4338382740
0.8350000000	2.3056101809
0.8400000000	2.2033111272
0.8450000000	2.1139776783
0.8500000000	2.0381245284
0.8550000000	1.9897324830
0.8600000000	1.9507597800
0.8650000000	1.9225413649
0.8700000000	1.9306407675
0.8750000000	1.9327075030
0.8800000000	1.9212501133
0.8850000000	1.8371338794
0.8900000000	1.4270147542
0.8950000000	-0.6240150646
0.9000000000	-11.6133451584
0.9050000000	-76.3196073096
0.9100000000	14.5177369447
0.9150000000	34.3850277701
0.9200000000	14.2671653088
0.9250000000	7.4197082233
0.9300000000	4.5285504154
0.9350000000	3.1479072685
0.9400000000	2.4035342337
0.9450000000	1.9912010405
0.9500000000	1.6988569533
0.9550000000	1.5036408769
0.9600000000	1.3834778900
0.9650000000	1.2850605591
0.9700000000	1.2159127546
0.9750000000	1.1703607321
0.9800000000	1.1451481317
0.9850000000	1.1461188385
0.9900000000	1.1668697240
0.9950000000	1.2267525919
1.0000000000	1.3601355305
1.0050000000	1.6629643929
1.0100000000	2.4500431400
1.0150000000	5.1303520221
1.0200000000	9.9932222907
1.0250000000	4.4043658888
1.0300000000	2.1474540450
1.0350000000	1.4768258103
1.0400000000	1.2130529561
1.0450000000	1.0885344282
1.0500000000	1.0247460622
1.0550000000	0.9899593515
1.0600000000	0.9724254359
1.0650000000	0.9660970596
1.0700000000	0.9676144078
1.0750000000	0.9756856742
1.0800000000	0.9881495638
1.0850000000	1.0061167862
1.0900000000	1.0330281531
1.0950000000	1.0647853878
1.1000000000	1.1017033921
1.1050000000	1.1437409609
1.1100000000	1.1916009071
1.1150000000	1.2458960446
1.1200000000	1.3073902503
1.1250000000	1.3767558001
1.1300000000	1.4557251625
1.1350000000	1.5455928899
1.1400000000	1.6481615794
1.1450000000	1.7658256277
1.1500000000	1.9005536780
1.1550000000	2.0580472047
1.1600000000	2.2423492652
1.1650000000	2.4594632255
1.1700000000	2.7141834979
1.1750000000	2.9948423261
1.1800000000	3.3038238479
1.1850000000	4.3616449004
1.1900000000	5.4562378136
1.1950000000	7.6213292253
1.2000000000	10.4809894499
1.2050000000	9.0867589558
1.2100000000	8.5958682123
1.2150000000	9.5195574767
1.2200000000	11.3581744203
1.2250000000	14.1990750798
1.2300000000	18.5258693901
1.2350000000	25.3733912760
1.2400000000	36.9082416538
1.2450000000	58.6252654121
1.2500000000	105.6471918626
1.2550000000	228.5912119700
1.2600000000	551.8822338524
1.2650000000	558.7457417206
1.2700000000	232.2937923146
1.2750000000	107.1576592888
1.2800000000	59.3016270111
1.2850000000	37.2601340844
1.2900000000	25.5121608915
1.2950000000	18.5707011255
1.3000000000	14.1480742829
1.3050000000	11.1684214068
1.3100000000	9.0646945059
1.3150000000	7.5412597910
1.3200000000	6.4075939754
1.3250000000	5.5486658642
1.3300000000	4.8939274444
1.3350000000	4.3988579245
1.3400000000	4.0381083807
1.3450000000	3.7999995912
1.3500000000	3.7017523852
1.3550000000	3.7857965546
1.3600000000	4.1674830002
1.3650000000	5.1455369736
1.3700000000	7.5582962685
1.3750000000	13.6337757155
1.3800000000	21.9561401036
1.3850000000	15.4387496001
1.3900000000	8.0270505114
1.3950000000	4.7691461067
1.4000000000	3.1825047875
1.4050000000	2.1591734050
1.4100000000	1.1546176715
1.4150000000	-0.4594039869
1.4200000000	-4.2008176104
1.4250000000	-14.2150621998
1.4300000000	-19.0216596224
1.4350000000	8.5439172746
1.4400000000	10.9685919442
1.4450000000	6.5489332426
1.4500000000	4.0552237732
1.4550000000	2.7871487804
1.4600000000	2.0663472813
1.4650000000	1.5333588151
1.4700000000	1.0149186553
1.4750000000	1.0854214649
1.4800000000	1.4107413395
1.4850000000	1.2863928428
1.4900000000	1.1542591123
1.4950000000	1.0672086629
1.5000000000	1.0089907548
1.5050000000	0.9704723467
1.5100000000	0.9445361510
1.5150000000	0.9315689697
1.5200000000	0.9227675582
1.5250000000	0.9220263966
1.5300000000	0.9303118840
1.5350000000	0.9502763316
1.5400000000	0.9878840970
1.5450000000	1.0561526903
1.5500000000	1.1841980430
1.5550000000	1.4301119574
1.5600000000	1.8005853919
1.5650000000	1.8572385596
1.5700000000	1.5132446397
1.5750000000	1.2674248108
1.5800000000	1.1548463452
1.5850000000	1.1109155663
1.5900000000	1.1017622598
1.5950000000	1.1125508432
1.6000000000	1.1366743667
1.6050000000	1.1715624483
1.6100000000	1.2154230287
1.6150000000	1.2677409276
1.6200000000	1.3292128282
1.6250000000	1.4004305360
1.6300000000	1.4825210165
1.6350000000	1.5769925387
1.6400000000	1.6857953811
1.6450000000	1.8114430961
1.6500000000	1.9570995791
1.6550000000	2.1267810609
1.6600000000	2.3256921509
1.6650000000	2.5605440613
1.6700000000	2.8377306420
1.6750000000	3.1734418239
1.6800000000	3.5816347838
1.6850000000	4.0843753389
1.6900000000	4.7128826759
1.6950000000	5.5127713147
1.7000000000	6.5523451346
1.7050000000	7.9807884125
1.7100000000	9.9634850184
1.7150000000	12.8267218249
1.7200000000	17.1568476120
1.7250000000	23.9786410245
1.7300000000	34.4857212088
1.7350000000	48.4801351092
1.7400000000	67.2250168676
1.7450000000	99.9482035549
1.7500000000	141.9253495149
1.7550000000	144.4095649965
1.7600000000	101.2394752843
1.7650000000	62.9599972232
1.7700000000	40.2705086808
1.7750000000	27.3678969376
1.7800000000	19.7317339452
1.7850000000	15.0097413326
1.7900000000	12.0348080482
1.7950000000	10.2460134169
1.8000000000	9.3678885477
1.8050000000	8.9338293750
1.8100000000	7.8871840974
1.8150000000	6.1984765346
1.8200000000	4.8504801465
1.8250000000	4.1190347278
1.8300000000	3.5956675875
1.8350000000	3.1362045445
1.8400000000	2.7602517607
1.8450000000	2.4587927755
1.8500000000	2.2131853208
1.8550000000	2.0081880104
1.8600000000	1.8169830467
1.8650000000	1.6537982690
1.8700000000	1.4863474535
1.8750000000	1.2419613234
1.8800000000	0.6849496638
1.8850000000	-0.5318561449
1.8900000000	-2.1654910463
1.8950000000	-2.4381102274
1.9000000000	0.2229381301
1.9050000000	2.6983889475
1.9100000000	2.9869519265
1.9150000000	2.5193261793
1.9200000000	2.0617093226
1.9250000000	1.7378806316
1.9300000000	1.5431050805
1.9350000000	1.3959404681
1.9400000000	1.3005604033
1.9450000000	1.2401995043
1.9500000000	1.1983260349
1.9550000000	1.1583271785
1.9600000000	1.1189809742
1.9650000000	1.0893191306
1.9700000000	1.0726846391
1.9750000000	1.0682643144
1.9800000000	1.0752071626
1.9850000000	1.0938827628
1.9900000000	1.1259534942
1.9950000000	1.1734633157
2.0000000000	1.2347496147
2.0050000000	1.3000827582
2.0100000000	1.3366332286
2.0150000000	1.3464344935
2.0200000000	1.3580622990
2.0250000000	1.3893480269
2.0300000000	1.4442593793
2.0350000000	1.5232616162
2.0400000000	1.6281362148
2.0450000000	1.7631179689
2.0500000000	1.9348155886
2.0550000000	2.1504981544
2.0600000000	2.4127621154
2.0650000000	2.7154048328
2.0700000000	3.0607957188
2.0750000000	3.4871476220
2.0800000000	4.0585277973
2.0850000000	4.8363233886
2.0900000000	5.8564521517
2.0950000000	7.0485768248
2.1000000000	8.1237868132
2.1050000000	8.6787926021
2.1100000000	8.5124292461
2.1150000000	8.0567294570
2.1200000000	7.7860505676
2.1250000000	7.9185050249
2.1300000000	8.5295333980
2.1350000000	9.6881453920
2.1400000000	11.5219180982
2.1450000000	14.2457543362
2.1500000000	18.1524042407
2.1550000000	23.4554528190
2.1600000000	29.7257134133
2.1650000000	34.9826692768
2.1700000000	36.2142299230
2.1750000000	32.4033207742
2.1800000000	26.1476225047
2.1850000000	20.1668292616
2.1900000000	15.4975477460
2.1950000000	12.1315854961
2.2000000000	9.7787956303
2.2050000000	8.1654356031
2.2100000000	7.0525016685
2.2150000000	6.1964413190
2.2200000000	5.4159065151
2.2250000000	4.6603545832
2.2300000000	3.9703051470
2.2350000000	3.3768653565
2.2400000000	2.8753915301
2.2450000000	2.4440913917
2.2500000000	2.0605630450
2.2550000000	1.7116410160
2.2600000000	1.3629914523
2.2650000000	1.1072433678
2.2700000000	0.9655767778
2.2750000000	0.9948160766
2.2800000000	1.1882106329
2.2850000000	1.4358501643
2.2900000000	1.6158400220
2.2950000000	1.6929431620
2.3000000000	1.6974463738
2.3050000000	1.6641231069
2.3100000000	1.6217061426
2.3150000000	1.5835250887
2.3200000000	1.5548132138
2.3250000000	1.5381387596
2.3300000000	1.5352955690
2.3350000000	1.5476529192
2.3400000000	1.5763617589
2.3450000000	1.6226417028
2.3500000000	1.6878373734
2.3550000000	1.7741969661
2.3600000000	1.8799274236
2.3650000000	2.0057913211
2.3700000000	2.1513906197
2.3750000000	2.3182797347
2.3800000000	2.5124377796
2.3850000000	2.7410235534
2.3900000000	3.0057753063
2.3950000000	3.2953861111
2.4000000000	3.5804831494
2.4050000000	3.8301389681
2.4100000000	3.9760071939
2.4150000000	4.0048880921
2.4200000000	3.9490201984
2.4250000000	3.8636717508
2.4300000000	3.7982581867
2.4350000000	3.7830366289
2.4400000000	3.8305648808
2.4450000000	3.9436538123
2.4500000000	4.1238143286
2.4550000000	4.3758410122
2.4600000000	4.7149079057
2.4650000000	5.1563659771
2.4700000000	5.7166127351
2.4750000000	6.4053651967
2.4800000000	7.2163833793
2.4850000000	8.1147435526
2.4900000000	9.0220976738
2.4950000000	9.8093518357
2.5000000000	10.3156376984
2.5050000000	10.3754820535
2.5100000000	9.9240669771
2.5150000000	9.0841338456
2.5200000000	8.0503743812
2.5250000000	6.9933582241
2.5300000000	6.0168000954
2.5350000000	5.1640718533
2.5400000000	4.4413308671
2.5450000000	3.8376448010
2.5500000000	3.3373124358
2.5550000000	2.9262376573
2.5600000000	2.5820022141
2.5650000000	2.3234207431
2.5700000000	2.1363481292
2.5750000000	2.0140994137
2.5800000000	1.9434754261
2.5850000000	1.9065373554
2.5900000000	1.8865116783
2.5950000000	1.8729811076
2.6000000000	1.8625518498
2.6050000000	1.8696746741
2.6100000000	1.8848790994
2.6150000000	1.9116617024
2.6200000000	1.9518772485
2.6250000000	2.0057028254
2.6300000000	2.0715629841
2.6350000000	2.1460715932
2.6400000000	2.2240533934
2.6450000000	2.2989609080
2.6500000000	2.3638754933
2.6550000000	2.4131421633
2.6600000000	2.4441631385
2.6650000000	2.4585613285
2.6700000000	2.4618538237
2.6750000000	2.4621059319
2.6800000000	2.4671263528
2.6850000000	2.4842658414
2.6900000000	2.5186879647
2.6950000000	2.5736185027
2.7000000000	2.6506511000
2.7050000000	2.7614397382
2.7100000000	2.9003166971
2.7150000000	3.0652513320
2.7200000000	3.2519258774
2.7250000000	3.4529269964
2.7300000000	3.6570119073
2.7350000000	3.8489928987
2.7400000000	4.0108111479
2.7450000000	4.1241482558
2.7500000000	4.1742871664
2.7550000000	4.1538841780
2.7600000000	4.0650011119
2.7650000000	3.9183586686
2.7700000000	3.7302765962
2.7750000000	3.5187754714
2.7800000000	3.3003567787
2.7850000000	3.0881854466
2.7900000000	2.8898872546
2.7950000000	2.7137852153
2.8000000000	2.5616033060
2.8050000000	2.4197586916
2.8100000000	2.3068432803
2.8150000000	2.2186831811
2.8200000000	2.1507628210
2.8250000000	2.0989612436
2.8300000000	2.0598046148
2.8350000000	2.0304423079
2.8400000000	2.0084956722
2.8450000000	1.9919661049
2.8500000000	1.9792550196
2.8550000000	1.9692915005
2.8600000000	1.9616744970
2.8650000000	1.9567238753
2.8700000000	1.9553742742
2.8750000000	1.9589349753
2.8800000000	1.9687855826
2.8850000000	1.9860999547
2.8900000000	2.0116541133
2.8950000000	2.0456970082
2.9000000000	2.0878858745
2.9050000000	2.1498170409
2.9100000000	2.2168848625
2.9150000000	2.2847349646
2.9200000000	2.3478741484
2.9250000000	2.4004158473
2.9300000000	2.4369131568
2.9350000000	2.4533205372
2.9400000000	2.4477872384
2.9450000000	2.4210170865
2.9500000000	2.3760349443
2.9550000000	2.3174304973
2.9600000000	2.2504025451
2.9650000000	2.1798730527
2.9700000000	2.1098917079
2.9750000000	2.0433780765
2.9800000000	1.9821414255
2.9850000000	1.9270721166
2.9900000000	1.8783989240
2.9950000000	1.8359390634
3.0000000000	1.7992978791
