# energy (eV)    P(omega), $W$ = 400 nm, $h$ = 300 nm, $s$ = 20 nm, $d/W = 250$, $E_{\rm e}$ = 200 keV
0.2000000000	0.2059869406
0.2050000000	0.2078969022
0.2100000000	0.2092190099
0.2150000000	0.2099312200
0.2200000000	0.2100022355
0.2250000000	0.2093893306
0.2300000000	0.2080359066
0.2350000000	0.2058680286
0.2400000000	0.2027903266
0.2450000000	0.1986799455
0.2500000000	0.1933793128
0.2550000000	0.1866858111
0.2600000000	0.1783380755
0.2650000000	0.1869504636
0.2700000000	0.2088875890
0.2750000000	0.2402581550
0.2800000000	0.2839309736
0.2850000000	0.3482723741
0.2900000000	0.4279017994
0.2950000000	0.5419757121
0.3000000000	0.6951838133
0.3050000000	0.9298733850
0.3100000000	1.2565012608
0.3150000000	1.8883401466
0.3200000000	2.8743592218
0.3250000000	3.5475203784
0.3300000000	4.4781766072
0.3350000000	5.7967352427
0.3400000000	7.8657708905
0.3450000000	11.4141963770
0.3500000000	18.4874693638
0.3550000000	34.8538549834
0.3600000000	85.5956042430
0.3650000000	0.4718467296
0.3700000000	39.5772791917
0.3750000000	52.0155996896
0.3800000000	24.2122907202
0.3850000000	13.6236674414
0.3900000000	8.7279490923
0.3950000000	6.1427263109
0.4000000000	4.6462446844
0.4050000000	3.6709262206
0.4100000000	3.0359554884
0.4150000000	2.6169655207
0.4200000000	2.3517411401
0.4250000000	2.1433429250
0.4300000000	1.8979309253
0.4350000000	1.7036996263
0.4400000000	1.5500452850
0.4450000000	1.4278110092
0.4500000000	1.3312130809
0.4550000000	1.2545073015
0.4600000000	1.1945325841
0.4650000000	1.1479616536
0.4700000000	1.1125886706
0.4750000000	1.0868657199
0.4800000000	1.0694427686
0.4850000000	1.0591402071
0.4900000000	1.0552534627
0.4950000000	1.0572394766
0.5000000000	1.0646323577
0.5050000000	1.0772184030
0.5100000000	1.0948203488
0.5150000000	1.1173284914
0.5200000000	1.1447791690
0.5250000000	1.1771976187
0.5300000000	1.2150642522
0.5350000000	1.2585814112
0.5400000000	1.3081266122
0.5450000000	1.3641994874
0.5500000000	1.4275100834
0.5550000000	1.4988328520
0.5600000000	1.5791137517
0.5650000000	1.6695714885
0.5700000000	1.7718897924
0.5750000000	1.8873070075
0.5800000000	2.0181599012
0.5850000000	2.1676444662
0.5900000000	2.3378938615
0.5950000000	2.5334406964
0.6000000000	2.7602716627
0.6050000000	3.0228412591
0.6100000000	3.3314393531
0.6150000000	3.6945562942
0.6200000000	4.1268072076
0.6250000000	4.6491687174
0.6300000000	5.2829739236
0.6350000000	6.0684118245
0.6400000000	7.0497218056
0.6450000000	8.3073108931
0.6500000000	9.9437522441
0.6550000000	12.1328847616
0.6600000000	15.1681985766
0.6650000000	19.5131289605
0.6700000000	26.0905470426
0.6750000000	36.6628877258
0.6800000000	55.3460068360
0.6850000000	92.8234366965
0.6900000000	185.9239065647
0.6950000000	521.6083530401
0.7000000000	2528.3453665579
0.7050000000	1228.4835007701
0.7100000000	315.3825276822
0.7150000000	134.0374550097
0.7200000000	73.1550892836
0.7250000000	45.9263742632
0.7300000000	31.4797572795
0.7350000000	22.9421136849
0.7400000000	17.4765015701
0.7450000000	13.7677257242
0.7500000000	11.1412211589
0.7550000000	9.2121366273
0.7600000000	7.7585017863
0.7650000000	6.6315334671
0.7700000000	5.7421298451
0.7750000000	5.0282669036
0.7800000000	4.4482834817
0.7850000000	3.9708167062
0.7900000000	3.5708995824
0.7950000000	3.2369364955
0.8000000000	2.9530163977
0.8050000000	2.7098050049
0.8100000000	2.5027563343
0.8150000000	2.3213109995
0.8200000000	2.1633500713
0.8250000000	2.0307268145
0.8300000000	1.9146150755
0.8350000000	1.8136379651
0.8400000000	1.7330666489
0.8450000000	1.6627026685
0.8500000000	1.6029494301
0.8550000000	1.5647964412
0.8600000000	1.5340557298
0.8650000000	1.5117764619
0.8700000000	1.5180501231
0.8750000000	1.5195869588
0.8800000000	1.5105056673
0.8850000000	1.4443481753
0.8900000000	1.1220922193
0.8950000000	-0.4892244922
0.9000000000	-9.1219142868
0.9050000000	-59.9491756478
0.9100000000	11.4031439467
0.9150000000	27.0069012809
0.9200000000	11.2055584978
0.9250000000	5.8275707773
0.9300000000	3.5569962083
0.9350000000	2.4727879594
0.9400000000	1.8883039669
0.9450000000	1.5645985572
0.9500000000	1.3351651683
0.9550000000	1.1820454782
0.9600000000	1.0879083058
0.9650000000	1.0109266619
0.9700000000	0.9570287907
0.9750000000	0.9218053562
0.9800000000	0.9027736597
0.9850000000	0.9046473287
0.9900000000	0.9226518695
0.9950000000	0.9724670805
1.0000000000	1.0822260964
1.0050000000	1.3303412812
1.0100000000	1.9745427876
1.0150000000	4.1670958075
1.0200000000	8.1440606234
1.0250000000	3.5727507019
1.0300000000	1.7269995963
1.0350000000	1.1785276943
1.0400000000	0.9627079637
1.0450000000	0.8606929209
1.0500000000	0.8082320709
1.0550000000	0.7794520909
1.0600000000	0.7647052597
1.0650000000	0.7590431045
1.0700000000	0.7597159552
1.0750000000	0.7656464462
1.0800000000	0.7750989426
1.0850000000	0.7889177427
1.0900000000	0.8097806092
1.0950000000	0.8344679819
1.1000000000	0.8632204688
1.1050000000	0.8959956468
1.1100000000	0.9333410344
1.1150000000	0.9757324074
1.1200000000	1.0237647146
1.1250000000	1.0779653308
1.1300000000	1.1396837307
1.1350000000	1.2099364021
1.1400000000	1.2901307373
1.1450000000	1.3821421052
1.1500000000	1.4875192099
1.1550000000	1.6107227268
1.1600000000	1.7549341207
1.1650000000	1.9248992321
1.1700000000	2.1244823056
1.1750000000	2.3450294464
1.1800000000	2.5886587932
1.1850000000	3.4098258120
1.1900000000	4.2682197250
1.1950000000	5.9689889141
1.2000000000	8.2139297778
1.2050000000	7.1149368134
1.2100000000	6.7245784904
1.2150000000	7.4440731063
1.2200000000	8.8800428722
1.2250000000	11.0998702380
1.2300000000	14.4811679252
1.2350000000	19.8325171655
1.2400000000	28.8469984706
1.2450000000	45.8185777812
1.2500000000	82.5647679469
1.2550000000	178.6391017505
1.2600000000	431.2638513553
1.2650000000	436.6059897393
1.2700000000	181.5058519856
1.2750000000	83.7243892058
1.2800000000	46.3306747683
1.2850000000	29.1082972726
1.2900000000	19.9290129377
1.2950000000	14.5053342894
1.3000000000	11.0497109537
1.3050000000	8.7214842932
1.3100000000	7.0775740171
1.3150000000	5.8869748243
1.3200000000	5.0007914707
1.3250000000	4.3291055777
1.3300000000	3.8167359704
1.3350000000	3.4288046118
1.3400000000	3.1453509923
1.3450000000	2.9569856795
1.3500000000	2.8766797208
1.3550000000	2.9366384405
1.3600000000	3.2249245164
1.3650000000	3.9699336143
1.3700000000	5.8128989432
1.3750000000	10.4582089630
1.3800000000	16.8229162759
1.3850000000	11.8352908329
1.3900000000	6.1631566151
1.3950000000	3.6683716117
1.4000000000	2.4513749812
1.4050000000	1.6635426694
1.4100000000	0.8856624188
1.4150000000	-0.3702617600
1.4200000000	-3.2878252375
1.4250000000	-11.1016009600
1.4300000000	-14.8509407690
1.4350000000	6.6624993676
1.4400000000	8.5549924859
1.4450000000	5.1065003559
1.4500000000	3.1610576233
1.4550000000	2.1721555930
1.4600000000	1.6107311868
1.4650000000	1.1972658387
1.4700000000	0.7975932563
1.4750000000	0.8488904562
1.4800000000	1.0957534617
1.4850000000	0.9994230097
1.4900000000	0.8974841073
1.4950000000	0.8302489432
1.5000000000	0.7852360745
1.5050000000	0.7554632378
1.5100000000	0.7354414168
1.5150000000	0.7255135841
1.5200000000	0.7188417047
1.5250000000	0.7184919249
1.5300000000	0.7252547173
1.5350000000	0.7412634168
1.5400000000	0.7712879953
1.5450000000	0.8257287906
1.5500000000	0.9278419829
1.5550000000	1.1240333546
1.5600000000	1.4196802591
1.5650000000	1.4647648374
1.5700000000	1.1897526716
1.5750000000	0.9929965278
1.5800000000	0.9025610736
1.5850000000	0.8668719667
1.5900000000	0.8588749617
1.5950000000	0.8667140378
1.6000000000	0.8851012659
1.6050000000	0.9119649384
1.6100000000	0.9458664664
1.6150000000	0.9863802843
1.6200000000	1.0340354168
1.6250000000	1.0892813220
1.6300000000	1.1529866559
1.6350000000	1.2263183807
1.6400000000	1.3107876091
1.6450000000	1.4083431242
1.6500000000	1.5214393425
1.6550000000	1.6531915836
1.6600000000	1.8076383209
1.6650000000	1.9899858181
1.6700000000	2.2051873133
1.6750000000	2.4658135842
1.6800000000	2.7826816908
1.6850000000	3.1729019647
1.6900000000	3.6606734581
1.6950000000	4.2813465974
1.7000000000	5.0878338898
1.7050000000	6.1957118082
1.7100000000	7.7329288933
1.7150000000	9.9518838787
1.7200000000	13.3059097481
1.7250000000	18.5874294106
1.7300000000	26.7233542035
1.7350000000	37.5860973270
1.7400000000	52.1888575845
1.7450000000	77.6727196558
1.7500000000	110.3388846903
1.7550000000	112.2788039289
1.7600000000	78.7096765815
1.7650000000	48.9436304452
1.7700000000	31.3009983945
1.7750000000	21.2685088217
1.7800000000	15.3306482742
1.7850000000	11.6579493576
1.7900000000	9.3423387931
1.7950000000	7.9467404658
1.8000000000	7.2560428993
1.8050000000	6.9100516972
1.8100000000	6.0979205489
1.8150000000	4.7961062298
1.8200000000	3.7569069890
1.8250000000	3.1911495525
1.8300000000	2.7858931031
1.8350000000	2.4304592707
1.8400000000	2.1395960087
1.8450000000	1.9062301665
1.8500000000	1.7159763724
1.8550000000	1.5570744208
1.8600000000	1.4087298655
1.8650000000	1.2820152014
1.8700000000	1.1518323082
1.8750000000	0.9617412303
1.8800000000	0.5288369989
1.8850000000	-0.4162266041
1.8900000000	-1.6847190103
1.8950000000	-1.8958819184
1.9000000000	0.1715668782
1.9050000000	2.0945113926
1.9100000000	2.3187011734
1.9150000000	1.9555747757
1.9200000000	1.6002659751
1.9250000000	1.3489170497
1.9300000000	1.1978675849
1.9350000000	1.0839012035
1.9400000000	1.0103028310
1.9450000000	0.9640323431
1.9500000000	0.9319844672
1.9550000000	0.9008185119
1.9600000000	0.8696757759
1.9650000000	0.8460351520
1.9700000000	0.8326916355
1.9750000000	0.8290079347
1.9800000000	0.8342898107
1.9850000000	0.8488116162
1.9900000000	0.8738780430
1.9950000000	0.9111016372
2.0000000000	0.9591604397
2.0050000000	1.0102461964
2.0100000000	1.0384120911
2.0150000000	1.0452028306
2.0200000000	1.0532279080
2.0250000000	1.0765894986
2.0300000000	1.1183858561
2.0350000000	1.1789168385
2.0400000000	1.2594946592
2.0450000000	1.3633391538
2.0500000000	1.4955080696
2.0550000000	1.6615686755
2.0600000000	1.8634666860
2.0650000000	2.0963328289
2.0700000000	2.3618868241
2.0750000000	2.6894893279
2.0800000000	3.1284126232
2.0850000000	3.7258207522
2.0900000000	4.5093216488
2.0950000000	5.4250396069
2.1000000000	6.2515671788
2.1050000000	6.6798312906
2.1100000000	6.5558138725
2.1150000000	6.2109198524
2.1200000000	6.0090971332
2.1250000000	6.1180018788
2.1300000000	6.5961285017
2.1350000000	7.4973579804
2.1400000000	8.9209217385
2.1450000000	11.0335749781
2.1500000000	14.0621319632
2.1550000000	18.1718167188
2.1600000000	23.0299173158
2.1650000000	27.1022443912
2.1700000000	28.0555515173
2.1750000000	25.1022512440
2.1800000000	20.2552137119
2.1850000000	15.6215586400
2.1900000000	12.0042795299
2.1950000000	9.3969299997
2.2000000000	7.5746660273
2.2050000000	6.3253741645
2.2100000000	5.4637817524
2.2150000000	4.8009901048
2.2200000000	4.1963256222
2.2250000000	3.6106843733
2.2300000000	3.0756749764
2.2350000000	2.6155559567
2.2400000000	2.2267820070
2.2450000000	1.8924649497
2.2500000000	1.5952277200
2.2550000000	1.3248420329
2.2600000000	1.0546890228
2.2650000000	0.8564807772
2.2700000000	0.7466362334
2.2750000000	0.7691843562
2.2800000000	0.9188949516
2.2850000000	1.1106229061
2.2900000000	1.2499573717
2.2950000000	1.3096125737
2.3000000000	1.3130448465
2.3050000000	1.2871780127
2.3100000000	1.2542276308
2.3150000000	1.2244840342
2.3200000000	1.2019885906
2.3250000000	1.1887436998
2.3300000000	1.1861590202
2.3350000000	1.1953036100
2.3400000000	1.2170651399
2.3450000000	1.2523739093
2.3500000000	1.3022543936
2.3550000000	1.3684283269
2.3600000000	1.4495000559
2.3650000000	1.5460531567
2.3700000000	1.6577756923
2.3750000000	1.7858542528
2.3800000000	1.9348774463
2.3850000000	2.1103426184
2.3900000000	2.3135954006
2.3950000000	2.5359792215
2.4000000000	2.7549862205
2.4050000000	2.9469572427
2.4100000000	3.0594657008
2.4150000000	3.0823863157
2.4200000000	3.0404303331
2.4250000000	2.9759823825
2.4300000000	2.9269564285
2.4350000000	2.9165825419
2.4400000000	2.9545144344
2.4450000000	3.0429322033
2.4500000000	3.1830401627
2.4550000000	3.3785928660
2.4600000000	3.6413455090
2.4650000000	3.9831855679
2.4700000000	4.4167802956
2.4750000000	4.9496161738
2.4800000000	5.5768355273
2.4850000000	6.2714111256
2.4900000000	6.9727620610
2.4950000000	7.5811243801
2.5000000000	7.9721937445
2.5050000000	8.0181302641
2.5100000000	7.6689163829
2.5150000000	7.0194655368
2.5200000000	6.2202755541
2.5250000000	5.4031818324
2.5300000000	4.6483245689
2.5350000000	3.9892114286
2.5400000000	3.4305871097
2.5450000000	2.9639924387
2.5500000000	2.5772834332
2.5550000000	2.2595583434
2.5600000000	1.9934878467
2.5650000000	1.7935999976
2.5700000000	1.6489577264
2.5750000000	1.5543879328
2.5800000000	1.4996859908
2.5850000000	1.4709877142
2.5900000000	1.4553313500
2.5950000000	1.4446673172
2.6000000000	1.4363721569
2.6050000000	1.4415681220
2.6100000000	1.4529677605
2.6150000000	1.4732692102
2.6200000000	1.5039026248
2.6250000000	1.5450088621
2.6300000000	1.5953817197
2.6350000000	1.6524249293
2.6400000000	1.7121710337
2.6450000000	1.7696023467
2.6500000000	1.8194161431
2.6550000000	1.8572805805
2.6600000000	1.8812083889
2.6650000000	1.8924473590
2.6700000000	1.8952298176
2.6750000000	1.8957408657
2.6800000000	1.8999694753
2.6850000000	1.9135524579
2.6900000000	1.9404519804
2.6950000000	1.9831449578
2.7000000000	2.0428551415
2.7050000000	2.1286071052
2.7100000000	2.2359920172
2.7150000000	2.3634451859
2.7200000000	2.5076361794
2.7250000000	2.6628466632
2.7300000000	2.8204011873
2.7350000000	2.9685807880
2.7400000000	3.0934515082
2.7450000000	3.1808811565
2.7500000000	3.2195172327
2.7550000000	3.2036991773
2.7600000000	3.1350253166
2.7650000000	3.0217744937
2.7700000000	2.8765446761
2.7750000000	2.7132448531
2.7800000000	2.5446088828
2.7850000000	2.3807942044
2.7900000000	2.2276846169
2.7950000000	2.0916991647
2.8000000000	1.9741667013
2.8050000000	1.8645937154
2.8100000000	1.7773346537
2.8150000000	1.7091694655
2.8200000000	1.6566173110
2.8250000000	1.6165018117
2.8300000000	1.5861469418
2.8350000000	1.5633593376
2.8400000000	1.5463092346
2.8450000000	1.5334613003
2.8500000000	1.5235873683
2.8550000000	1.5158650416
2.8600000000	1.5099853609
2.8650000000	1.5061914025
2.8700000000	1.5051987127
2.8750000000	1.5080087930
2.8800000000	1.5156774378
2.8850000000	1.5291031820
2.8900000000	1.5488779313
2.8950000000	1.5751892610
2.9000000000	1.6077701977
2.9050000000	1.6555700713
2.9100000000	1.7073106269
2.9150000000	1.7596358611
2.9200000000	1.8083113518
2.9250000000	1.8488020257
2.9300000000	1.8769105036
2.9350000000	1.8895205022
2.9400000000	1.8852083177
2.9450000000	1.8645193793
2.9500000000	1.8297870927
2.9550000000	1.7845519358
2.9600000000	1.7328231338
2.9650000000	1.6783951543
2.9700000000	1.6243912785
2.9750000000	1.5730627664
2.9800000000	1.5258047981
2.9850000000	1.4833052432
2.9900000000	1.4457410552
2.9950000000	1.4129723010
3.0000000000	1.3846962426
