# energy (eV)    P(omega), $W$ = 400 nm, $h$ = 300 nm, $s$ = 20 nm, $d/W = 50$, $E_{\rm e}$ = 200 keV
0.2000000000	0.2135238117
0.2050000000	0.2153877743
0.2100000000	0.2167287127
0.2150000000	0.2175237642
0.2200000000	0.2177414508
0.2250000000	0.2173395291
0.2300000000	0.2162627420
0.2350000000	0.2144394664
0.2400000000	0.2117777461
0.2450000000	0.2081594894
0.2500000000	0.2034337799
0.2550000000	0.1974067104
0.2600000000	0.1898283678
0.2650000000	0.1979397642
0.2700000000	0.2184671305
0.2750000000	0.2478673014
0.2800000000	0.2888745040
0.2850000000	0.3493855686
0.2900000000	0.4244827093
0.2950000000	0.5322448999
0.3000000000	0.6772859236
0.3050000000	0.8997815874
0.3100000000	1.2100793285
0.3150000000	1.8107126872
0.3200000000	2.7497970221
0.3250000000	3.3951701758
0.3300000000	4.2886313977
0.3350000000	5.5562571951
0.3400000000	7.5472580612
0.3450000000	10.9649844223
0.3500000000	17.7835637960
0.3550000000	33.5772974525
0.3600000000	82.5955535986
0.3650000000	0.2618190197
0.3700000000	38.4073958375
0.3750000000	50.5330365902
0.3800000000	23.5810143439
0.3850000000	13.3047309709
0.3900000000	8.5485292950
0.3950000000	6.0349030909
0.4000000000	4.5790512436
0.4050000000	3.6295741094
0.4100000000	3.0114661655
0.4150000000	2.6040421460
0.4200000000	2.3470851766
0.4250000000	2.1454117187
0.4300000000	1.9060044738
0.4350000000	1.7165288378
0.4400000000	1.5667258264
0.4450000000	1.4476933389
0.4500000000	1.3538402020
0.4550000000	1.2795544121
0.4600000000	1.2217837412
0.4650000000	1.1772788810
0.4700000000	1.1438923452
0.4750000000	1.1201284124
0.4800000000	1.1046790333
0.4850000000	1.0963942077
0.4900000000	1.0946015628
0.4950000000	1.0987864407
0.5000000000	1.1085081750
0.5050000000	1.1235812202
0.5100000000	1.1438558043
0.5150000000	1.1692458085
0.5200000000	1.1998198004
0.5250000000	1.2356354913
0.5300000000	1.2772147376
0.5350000000	1.3248013311
0.5400000000	1.3788213252
0.5450000000	1.4398280186
0.5500000000	1.5085970522
0.5550000000	1.5859809060
0.5600000000	1.6730144442
0.5650000000	1.7710232861
0.5700000000	1.8818354496
0.5750000000	2.0068191283
0.5800000000	2.1485089429
0.5850000000	2.3103633002
0.5900000000	2.4947435866
0.5950000000	2.7065632817
0.6000000000	2.9523155615
0.6050000000	3.2369065255
0.6100000000	3.5714896608
0.6150000000	3.9653642986
0.6200000000	4.4344457946
0.6250000000	5.0015535423
0.6300000000	5.6900383672
0.6350000000	6.5436560774
0.6400000000	7.6107841612
0.6450000000	8.9790927894
0.6500000000	10.7607077017
0.6550000000	13.1454932702
0.6600000000	16.4540461471
0.6650000000	21.1932198900
0.6700000000	28.3719245817
0.6750000000	39.9184441902
0.6800000000	60.3364452354
0.6850000000	101.3220057934
0.6900000000	203.2076661835
0.6950000000	570.8401169259
0.7000000000	2770.6288847699
0.7050000000	1348.0012228208
0.7100000000	346.5330050654
0.7150000000	147.4778234422
0.7200000000	80.6020732516
0.7250000000	50.6725769213
0.7300000000	34.7823330228
0.7350000000	25.3855204875
0.7400000000	19.3660302394
0.7450000000	15.2788141308
0.7500000000	12.3825668261
0.7550000000	10.2540722772
0.7600000000	8.6493183646
0.7650000000	7.4044736508
0.7700000000	6.4215105412
0.7750000000	5.6321742746
0.7800000000	4.9905859973
0.7850000000	4.4622113445
0.7900000000	4.0194546981
0.7950000000	3.6496392892
0.8000000000	3.3351707315
0.8050000000	3.0657290240
0.8100000000	2.8363825235
0.8150000000	2.6353672028
0.8200000000	2.4603812541
0.8250000000	2.3136657871
0.8300000000	2.1853069102
0.8350000000	2.0738015430
0.8400000000	1.9852793909
0.8450000000	1.9081688778
0.8500000000	1.8429672215
0.8550000000	1.8024024253
0.8600000000	1.7702373517
0.8650000000	1.7476876029
0.8700000000	1.7580698366
0.8750000000	1.7628792060
0.8800000000	1.7550725823
0.8850000000	1.6801478477
0.8900000000	1.3042224872
0.8950000000	-0.5865001275
0.9000000000	-10.7378719949
0.9050000000	-70.5895712602
0.9100000000	13.4770983824
0.9150000000	31.9101221633
0.9200000000	13.2628447152
0.9250000000	6.9099048722
0.9300000000	4.2251225759
0.9350000000	2.9423361807
0.9400000000	2.2506240836
0.9450000000	1.8678719295
0.9500000000	1.5963640796
0.9550000000	1.4152902516
0.9600000000	1.3043453741
0.9650000000	1.2134480418
0.9700000000	1.1498354099
0.9750000000	1.1083506540
0.9800000000	1.0860005634
0.9850000000	1.0885570071
0.9900000000	1.1100523216
0.9950000000	1.1693809588
1.0000000000	1.3007261354
1.0050000000	1.5996560693
1.0100000000	2.3823128829
1.0150000000	5.0790656442
1.0200000000	10.1122053939
1.0250000000	4.5226149966
1.0300000000	2.2126525235
1.0350000000	1.5178110151
1.0400000000	1.2419248145
1.0450000000	1.1107328691
1.0500000000	1.0429340994
1.0550000000	1.0059002831
1.0600000000	0.9871375576
1.0650000000	0.9802380690
1.0700000000	0.9816608333
1.0750000000	0.9899011793
1.0800000000	1.0029110334
1.0850000000	1.0216610510
1.0900000000	1.0495757560
1.0950000000	1.0825548125
1.1000000000	1.1207917490
1.1050000000	1.1644379164
1.1100000000	1.2140698687
1.1150000000	1.2703435429
1.1200000000	1.3340090498
1.1250000000	1.4056137568
1.1300000000	1.4871156556
1.1350000000	1.5796314999
1.1400000000	1.6850140275
1.1450000000	1.8054910296
1.1500000000	1.9425745523
1.1550000000	2.1017837813
1.1600000000	2.2855998311
1.1650000000	2.4954070755
1.1700000000	2.7216313505
1.1750000000	2.8896490410
1.1800000000	2.9189151829
1.1850000000	4.6587125954
1.1900000000	5.7067085566
1.1950000000	7.5278606734
1.2000000000	10.0522576404
1.2050000000	9.0013886456
1.2100000000	8.7877205404
1.2150000000	9.8672259875
1.2200000000	11.8445424606
1.2250000000	14.8510947385
1.2300000000	19.4104963306
1.2350000000	26.6173472756
1.2400000000	38.7559385567
1.2450000000	61.6161032673
1.2500000000	111.1392914793
1.2550000000	240.7068500573
1.2600000000	581.7541731833
1.2650000000	589.7051161898
1.2700000000	245.5103062868
1.2750000000	113.4420646978
1.2800000000	62.9034646358
1.2850000000	39.6168515282
1.2900000000	27.2042575264
1.2950000000	19.8726858410
1.3000000000	15.2065825222
1.3050000000	12.0699802457
1.3100000000	9.8645907508
1.3150000000	8.2792349433
1.3200000000	7.1142984935
1.3250000000	6.2512267478
1.3300000000	5.6195940786
1.3350000000	5.1790591606
1.3400000000	4.9138470218
1.3450000000	4.8305142675
1.3500000000	4.9817415243
1.3550000000	5.4800107538
1.3600000000	6.5943756620
1.3650000000	8.9976747447
1.3700000000	14.5584904570
1.3750000000	28.2261963057
1.3800000000	46.8352401919
1.3850000000	32.4813031990
1.3900000000	16.1796946689
1.3950000000	9.1268423034
1.4000000000	5.8385624481
1.4050000000	3.9304706026
1.4100000000	2.3873725043
1.4150000000	0.3568179757
1.4200000000	-3.8873912406
1.4250000000	-14.8928107345
1.4300000000	-20.2308750340
1.4350000000	9.6678602006
1.4400000000	12.2682857889
1.4450000000	7.4172207882
1.4500000000	4.6607009823
1.4550000000	3.2310726228
1.4600000000	2.3636798728
1.4650000000	1.5860697939
1.4700000000	0.6237744022
1.4750000000	1.0047050680
1.4800000000	1.9313327654
1.4850000000	1.7401461985
1.4900000000	1.5026209588
1.4950000000	1.3532908775
1.5000000000	1.2581540637
1.5050000000	1.1957973792
1.5100000000	1.1532965253
1.5150000000	1.1280728497
1.5200000000	1.1086312184
1.5250000000	1.0978676976
1.5300000000	1.0953820910
1.5350000000	1.1018014933
1.5400000000	1.1197722692
1.5450000000	1.1555224328
1.5500000000	1.2233171721
1.5550000000	1.3516635133
1.5600000000	1.5434455160
1.5650000000	1.5794209894
1.5700000000	1.4204925737
1.5750000000	1.3142190858
1.5800000000	1.2768957490
1.5850000000	1.2764014729
1.5900000000	1.2961567097
1.5950000000	1.3291153784
1.6000000000	1.3723932393
1.6050000000	1.4253963211
1.6100000000	1.4875033559
1.6150000000	1.5589698002
1.6200000000	1.6411046890
1.6250000000	1.7350710885
1.6300000000	1.8425698528
1.6350000000	1.9657117047
1.6400000000	2.1071749607
1.6450000000	2.2703530269
1.6500000000	2.4594900903
1.6550000000	2.6799682760
1.6600000000	2.9387631027
1.6650000000	3.2449032257
1.6700000000	3.6074554129
1.6750000000	4.0475860240
1.6800000000	4.5847892006
1.6850000000	5.2495017889
1.6900000000	6.0852105773
1.6950000000	7.1561871544
1.7000000000	8.5600333508
1.7050000000	10.5099260721
1.7100000000	13.2542552644
1.7150000000	17.2868784972
1.7200000000	23.5115027785
1.7250000000	33.4989737871
1.7300000000	48.7891450085
1.7350000000	67.1977127176
1.7400000000	87.9595773582
1.7450000000	124.7844383558
1.7500000000	173.7528181271
1.7550000000	176.0231636211
1.7600000000	123.6481191616
1.7650000000	77.2706615066
1.7700000000	49.7655677982
1.7750000000	34.1411472098
1.7800000000	24.9537822016
1.7850000000	19.3900591553
1.7900000000	16.0978773851
1.7950000000	14.5044418704
1.8000000000	14.3829371393
1.8050000000	14.8680457084
1.8100000000	13.4406121587
1.8150000000	10.1402380681
1.8200000000	7.4867303035
1.8250000000	6.2089787152
1.8300000000	5.3526622081
1.8350000000	4.5872278365
1.8400000000	3.9707729224
1.8450000000	3.4918363714
1.8500000000	3.1138383509
1.8550000000	2.8072502190
1.8600000000	2.5322135417
1.8650000000	2.3018042457
1.8700000000	2.0737286890
1.8750000000	1.7557404981
1.8800000000	1.0518986730
1.8850000000	-0.4751650557
1.8900000000	-2.5274798771
1.8950000000	-2.8918208926
1.9000000000	0.4076436550
1.9050000000	3.4974346750
1.9100000000	3.8616731271
1.9150000000	3.2772980930
1.9200000000	2.7029782809
1.9250000000	2.2946643456
1.9300000000	2.0465295641
1.9350000000	1.8563899346
1.9400000000	1.7286550412
1.9450000000	1.6429269314
1.9500000000	1.5836967010
1.9550000000	1.5382164429
1.9600000000	1.5026341030
1.9650000000	1.4793026796
1.9700000000	1.4687447626
1.9750000000	1.4699823050
1.9800000000	1.4823150957
1.9850000000	1.5059142618
1.9900000000	1.5418256329
1.9950000000	1.5915114334
2.0000000000	1.6547093658
2.0050000000	1.7316584143
2.0100000000	1.8006379033
2.0150000000	1.8642248262
2.0200000000	1.9392870236
2.0250000000	2.0378824263
2.0300000000	2.1654487949
2.0350000000	2.3265396798
2.0400000000	2.5279648665
2.0450000000	2.7801511122
2.0500000000	3.0978662912
2.0550000000	3.4989826837
2.0600000000	3.9958208032
2.0650000000	4.5865809906
2.0700000000	5.2857222018
2.0750000000	6.1715996231
2.0800000000	7.3710944594
2.0850000000	9.0114824534
2.0900000000	11.1663586031
2.0950000000	13.6720008970
2.1000000000	15.8662267681
2.1050000000	16.8243154566
2.1100000000	16.0680585509
2.1150000000	14.5527202353
2.1200000000	13.3205566178
2.1250000000	12.8175704351
2.1300000000	13.1425543907
2.1350000000	14.3447405320
2.1400000000	16.5559973593
2.1450000000	20.0435085287
2.1500000000	25.2073283285
2.1550000000	32.3672832407
2.1600000000	40.9483565860
2.1650000000	48.1931824210
2.1700000000	49.9215200253
2.1750000000	44.7133821772
2.1800000000	36.1206806997
2.1850000000	27.8773552716
2.1900000000	21.4122445552
2.1950000000	16.7172085657
2.2000000000	13.3935143813
2.2050000000	11.0658540916
2.2100000000	9.4250336312
2.2150000000	8.1755893757
2.2200000000	7.1047637614
2.2250000000	6.1340515434
2.2300000000	5.2771503032
2.2350000000	4.5453556712
2.2400000000	3.9220094801
2.2450000000	3.3783038310
2.2500000000	2.8883119499
2.2550000000	2.4402182162
2.2600000000	1.9935328563
2.2650000000	1.6796722712
2.2700000000	1.5233190448
2.2750000000	1.5945942912
2.2800000000	1.8823908836
2.2850000000	2.2421308489
2.2900000000	2.5132144644
2.2950000000	2.6497766508
2.3000000000	2.6921765239
2.3050000000	2.6864598627
2.3100000000	2.6659282787
2.3150000000	2.6436185827
2.3200000000	2.6250563584
2.3250000000	2.6175352040
2.3300000000	2.6300095020
2.3350000000	2.6700443134
2.3400000000	2.7429994301
2.3450000000	2.8529670208
2.3500000000	3.0035121706
2.3550000000	3.1990105963
2.3600000000	3.4368196419
2.3650000000	3.7171146806
2.3700000000	4.0382531241
2.3750000000	4.4030679172
2.3800000000	4.8250513739
2.3850000000	5.3206231415
2.3900000000	5.8936406478
2.3950000000	6.5175596658
2.4000000000	7.1237535800
2.4050000000	7.6349660002
2.4100000000	7.8961013504
2.4150000000	7.8760873054
2.4200000000	7.6485128410
2.4250000000	7.3387092962
2.4300000000	7.0566160447
2.4350000000	6.8665896088
2.4400000000	6.7912591183
2.4450000000	6.8297054437
2.4500000000	6.9764740042
2.4550000000	7.2322202629
2.4600000000	7.6189266871
2.4650000000	8.1602030446
2.4700000000	8.8841035160
2.4750000000	9.8097508421
2.4800000000	10.9325503266
2.4850000000	12.2046688283
2.4900000000	13.5121484898
2.4950000000	14.6632336161
2.5000000000	15.4163996200
2.5050000000	15.5224305015
2.5100000000	14.8785055565
2.5150000000	13.6602681319
2.5200000000	12.1523761015
2.5250000000	10.6062096129
2.5300000000	9.1756891075
2.5350000000	7.9259988468
2.5400000000	6.8673200165
2.5450000000	5.9844830073
2.5500000000	5.2551262037
2.5550000000	4.6591851397
2.5600000000	4.1640864557
2.5650000000	3.7986278502
2.5700000000	3.5424282750
2.5750000000	3.3860318544
2.5800000000	3.3099405909
2.5850000000	3.2871133986
2.5900000000	3.2919039114
2.5950000000	3.3081962299
2.6000000000	3.3309211516
2.6050000000	3.3880583417
2.6100000000	3.4625745741
2.6150000000	3.5617439349
2.6200000000	3.6895186734
2.6250000000	3.8459864065
2.6300000000	4.0268536050
2.6350000000	4.2230985290
2.6400000000	4.4209150040
2.6450000000	4.6028224658
2.6500000000	4.7503936856
2.6550000000	4.8486693555
2.6600000000	4.8908336479
2.6650000000	4.8810460038
2.6700000000	4.8333510715
2.6750000000	4.7679481432
2.6800000000	4.7042826456
2.6850000000	4.6601363534
2.6900000000	4.6476079910
2.6950000000	4.6738644080
2.7000000000	4.7420891982
2.7050000000	4.8647973678
2.7100000000	5.0393733775
2.7150000000	5.2619603524
2.7200000000	5.5251647866
2.7250000000	5.8168943923
2.7300000000	6.1191722292
2.7350000000	6.4079507589
2.7400000000	6.6546997887
2.7450000000	6.8304323584
2.7500000000	6.9116920416
2.7550000000	6.8864419795
2.7600000000	6.7573024109
2.7650000000	6.5404609567
2.7700000000	6.2609638925
2.7750000000	5.9466852569
2.7800000000	5.6232441649
2.7850000000	5.3111554288
2.7900000000	5.0222739441
2.7950000000	4.7696014913
2.8000000000	4.5556468320
2.8050000000	4.3620491188
2.8100000000	4.2142953731
2.8150000000	4.1049688669
2.8200000000	4.0260391288
2.8250000000	3.9701091408
2.8300000000	3.9308893456
2.8350000000	3.9031510239
2.8400000000	3.8824803659
2.8450000000	3.8651307341
2.8500000000	3.8481232963
2.8550000000	3.8295715010
2.8600000000	3.8090816723
2.8650000000	3.7878881503
2.8700000000	3.7686487687
2.8750000000	3.7548756420
2.8800000000	3.7502193059
2.8850000000	3.7578458205
2.8900000000	3.7800184535
2.8950000000	3.8178579437
2.9000000000	3.8712910356
2.9050000000	3.9574131986
2.9100000000	4.0559492641
2.9150000000	4.1596957174
2.9200000000	4.2595213240
2.9250000000	4.3455591316
2.9300000000	4.4085701276
2.9350000000	4.4415243700
2.9400000000	4.4409161423
2.9450000000	4.4073695658
2.9500000000	4.3452846804
2.9550000000	4.2616223162
2.9600000000	4.1643621568
2.9650000000	4.0610627261
2.9700000000	3.9579290727
2.9750000000	3.8593748172
2.9800000000	3.7680834885
2.9850000000	3.6853012882
2.9900000000	3.6112601464
2.9950000000	3.5455703795
3.0000000000	3.4875637355
