# energy (eV)    P(omega), $W$ = 400 nm, $h$ = 300 nm, $s$ = 20 nm, $d/W = 100$, $E_{\rm e}$ = 200 keV
0.2000000000	0.2903798254
0.2050000000	0.2929211771
0.2100000000	0.2947495142
0.2150000000	0.2958336635
0.2200000000	0.2961307339
0.2250000000	0.2955830843
0.2300000000	0.2941154149
0.2350000000	0.2916301705
0.2400000000	0.2880019125
0.2450000000	0.2830697960
0.2500000000	0.2766280504
0.2550000000	0.2684124250
0.2600000000	0.2580823139
0.2650000000	0.2691387175
0.2700000000	0.2971187244
0.2750000000	0.3371923144
0.2800000000	0.3930860218
0.2850000000	0.4755629964
0.2900000000	0.5779193780
0.2950000000	0.7247961530
0.3000000000	0.9224805573
0.3050000000	1.2257291780
0.3100000000	1.6486417114
0.3150000000	2.4672556943
0.3200000000	3.7471370814
0.3250000000	4.6266877334
0.3300000000	5.8443346220
0.3350000000	7.5718891575
0.3400000000	10.2852571152
0.3450000000	14.9429554137
0.3500000000	24.2352987190
0.3550000000	45.7587915262
0.3600000000	112.5597460069
0.3650000000	0.3599754996
0.3700000000	52.3377527904
0.3750000000	68.8617703337
0.3800000000	32.1332214154
0.3850000000	18.1294502516
0.3900000000	11.6480927511
0.3950000000	8.2227533370
0.4000000000	6.2388539189
0.4050000000	4.9450044270
0.4100000000	4.1027084216
0.4150000000	3.5475049171
0.4200000000	3.1973332609
0.4250000000	2.9224957338
0.4300000000	2.5962592985
0.4350000000	2.3380632344
0.4400000000	2.1339276246
0.4450000000	1.9717206827
0.4500000000	1.8438230429
0.4550000000	1.7425877520
0.4600000000	1.6638547103
0.4650000000	1.6031967615
0.4700000000	1.5576869530
0.4750000000	1.5252873401
0.4800000000	1.5042149999
0.4850000000	1.4929024596
0.4900000000	1.4904340186
0.4950000000	1.4961078438
0.5000000000	1.5093235513
0.5050000000	1.5298274659
0.5100000000	1.5574155912
0.5150000000	1.5919698190
0.5200000000	1.6335834685
0.5250000000	1.6823349888
0.5300000000	1.7389345335
0.5350000000	1.8037137111
0.5400000000	1.8772519523
0.5450000000	1.9603027104
0.5500000000	2.0539216299
0.5550000000	2.1592696256
0.5600000000	2.2777549666
0.5650000000	2.4111822156
0.5700000000	2.5620396723
0.5750000000	2.7321901804
0.5800000000	2.9250836553
0.5850000000	3.1454285655
0.5900000000	3.3964386665
0.5950000000	3.6848033998
0.6000000000	4.0193612910
0.6050000000	4.4067905624
0.6100000000	4.8622748874
0.6150000000	5.3984725170
0.6200000000	6.0370474500
0.6250000000	6.8090680047
0.6300000000	7.7463114685
0.6350000000	8.9083450114
0.6400000000	10.3610233549
0.6450000000	12.2236829316
0.6500000000	14.6489532230
0.6550000000	17.8952778008
0.6600000000	22.3990647805
0.6650000000	28.8502387534
0.6700000000	38.6221272819
0.6750000000	54.3395021495
0.6800000000	82.1326883637
0.6850000000	137.9221789534
0.6900000000	276.6075642205
0.6950000000	777.0190267491
0.7000000000	3771.2777214305
0.7050000000	1834.8180161904
0.7100000000	471.6713083277
0.7150000000	200.7305011481
0.7200000000	109.7044348457
0.7250000000	68.9671132457
0.7300000000	47.3389106045
0.7350000000	34.5490251006
0.7400000000	26.3560342891
0.7450000000	20.7930604091
0.7500000000	16.8511040066
0.7550000000	13.9541215050
0.7600000000	11.7699893996
0.7650000000	10.0757181410
0.7700000000	8.7378784518
0.7750000000	7.6635781906
0.7800000000	6.7903692469
0.7850000000	6.0712438868
0.7900000000	5.4686512599
0.7950000000	4.9653273013
0.8000000000	4.5373310372
0.8050000000	4.1706156633
0.8100000000	3.8584675430
0.8150000000	3.5848771442
0.8200000000	3.3467109523
0.8250000000	3.1470149283
0.8300000000	2.9722994656
0.8350000000	2.8205182171
0.8400000000	2.7000079971
0.8450000000	2.5950246733
0.8500000000	2.5062445707
0.8550000000	2.4509782891
0.8600000000	2.4071374705
0.8650000000	2.3763763259
0.8700000000	2.3904042206
0.8750000000	2.3968529937
0.8800000000	2.3861498802
0.8850000000	2.2841886611
0.8900000000	1.7729714843
0.8950000000	-0.7978526381
0.9000000000	-14.6001143637
0.9050000000	-95.9752571087
0.9100000000	18.3212553030
0.9150000000	43.3817741567
0.9200000000	18.0296591460
0.9250000000	9.3925391092
0.9300000000	5.7424521716
0.9350000000	3.9984021211
0.9400000000	3.0578986668
0.9450000000	2.5373892619
0.9500000000	2.1680917475
0.9550000000	1.9216917358
0.9600000000	1.7705644528
0.9650000000	1.6466187872
0.9700000000	1.5596556935
0.9750000000	1.5026081596
0.9800000000	1.4713233476
0.9850000000	1.4734926042
0.9900000000	1.5007289589
0.9950000000	1.5781396592
1.0000000000	1.7508194936
1.0050000000	2.1449753713
1.0100000000	3.1775474728
1.0150000000	6.7359714212
1.0200000000	13.3750174114
1.0250000000	5.9980933894
1.0300000000	2.9504916090
1.0350000000	2.0339859993
1.0400000000	1.6702500493
1.0450000000	1.4974502258
1.0500000000	1.4083788135
1.0550000000	1.3599115998
1.0600000000	1.3356180535
1.0650000000	1.3270526398
1.0700000000	1.3295485114
1.0750000000	1.3411471654
1.0800000000	1.3591074510
1.0850000000	1.3847846769
1.0900000000	1.4228458596
1.0950000000	1.4677356119
1.1000000000	1.5197310641
1.1050000000	1.5790371234
1.1100000000	1.6464467221
1.1150000000	1.7228531086
1.1200000000	1.8092774703
1.1250000000	1.9064703798
1.1300000000	2.0170839061
1.1350000000	2.1426409097
1.1400000000	2.2856591649
1.1450000000	2.4491716332
1.1500000000	2.6352514793
1.1550000000	2.8514074414
1.1600000000	3.1010853298
1.1650000000	3.3864009285
1.1700000000	3.6951249396
1.1750000000	3.9293148294
1.1800000000	3.9844892613
1.1850000000	6.3120018874
1.1900000000	7.7360873471
1.1950000000	10.2234924779
1.2000000000	13.6646585023
1.2050000000	12.2250496404
1.2100000000	11.9245895599
1.2150000000	13.3846522872
1.2200000000	16.0644953442
1.2250000000	20.1409502469
1.2300000000	26.3235500103
1.2350000000	36.0964780943
1.2400000000	52.5572540209
1.2450000000	83.5571540671
1.2500000000	150.7132174811
1.2550000000	326.4115544394
1.2600000000	788.8750442021
1.2650000000	799.6372932277
1.2700000000	332.9002769674
1.2750000000	153.8159049482
1.2800000000	85.2863893899
1.2850000000	53.7102669545
1.2900000000	36.8789678655
1.2950000000	26.9372719946
1.3000000000	20.6097065796
1.3050000000	16.3559010526
1.3100000000	13.3645522918
1.3150000000	11.2136584358
1.3200000000	9.6324699647
1.3250000000	8.4600915399
1.3300000000	7.6008419471
1.3350000000	6.9997167223
1.3400000000	6.6348319807
1.3450000000	6.5142256448
1.3500000000	6.7077781462
1.3550000000	7.3649731636
1.3600000000	8.8440326707
1.3650000000	12.0412426858
1.3700000000	19.4462117965
1.3750000000	37.6535680480
1.3800000000	62.4460398629
1.3850000000	43.3181012768
1.3900000000	21.5940729225
1.3950000000	12.1927356850
1.4000000000	7.8062360847
1.4050000000	5.2559067160
1.4100000000	3.1848511020
1.4150000000	0.4453701514
1.4200000000	-5.2985332398
1.4250000000	-20.2081197595
1.4300000000	-27.4377643426
1.4350000000	13.0854733286
1.4400000000	16.6115513271
1.4450000000	10.0391940826
1.4500000000	6.3054000822
1.4550000000	4.3701624005
1.4600000000	3.1984392247
1.4650000000	2.1537285322
1.4700000000	0.8680675175
1.4750000000	1.3701647513
1.4800000000	2.5993284840
1.4850000000	2.3427952509
1.4900000000	2.0252190335
1.4950000000	1.8253467846
1.5000000000	1.6978556860
1.5050000000	1.6142545128
1.5100000000	1.5572658789
1.5150000000	1.5235309609
1.5200000000	1.4975485280
1.5250000000	1.4832934341
1.5300000000	1.4802680865
1.5350000000	1.4893840461
1.5400000000	1.5143230118
1.5450000000	1.5637171502
1.5500000000	1.6573171147
1.5550000000	1.8345778845
1.5600000000	2.0994846428
1.5650000000	2.1487383933
1.5700000000	1.9281304032
1.5750000000	1.7802099727
1.5800000000	1.7275466739
1.5850000000	1.7256860760
1.5900000000	1.7516736102
1.5950000000	1.7957432803
1.6000000000	1.8538809084
1.6050000000	1.9252278274
1.6100000000	2.0089091775
1.6150000000	2.1052494120
1.6200000000	2.2160062390
1.6250000000	2.3427397215
1.6300000000	2.4877389109
1.6350000000	2.6538472628
1.6400000000	2.8446736924
1.6450000000	3.0647920618
1.6500000000	3.3199227839
1.6550000000	3.6173198570
1.6600000000	3.9663853208
1.6650000000	4.3792857607
1.6700000000	4.8682245473
1.6750000000	5.4617443541
1.6800000000	6.1860862712
1.6850000000	7.0822461452
1.6900000000	8.2087702930
1.6950000000	9.6521585537
1.7000000000	11.5437286139
1.7050000000	14.1702899500
1.7100000000	17.8656218404
1.7150000000	23.2932111130
1.7200000000	31.6666374265
1.7250000000	45.0956600138
1.7300000000	65.6578486685
1.7350000000	90.4806811904
1.7400000000	118.6245929282
1.7450000000	168.5173583635
1.7500000000	234.7874002704
1.7550000000	237.8887740093
1.7600000000	167.0967296432
1.7650000000	104.4074099472
1.7700000000	67.2282890102
1.7750000000	46.1072380300
1.7800000000	33.6846050437
1.7850000000	26.1557170958
1.7900000000	21.6898925928
1.7950000000	19.5076582556
1.8000000000	19.2972070197
1.8050000000	19.9033905795
1.8100000000	17.9810933955
1.8150000000	13.5801407884
1.8200000000	10.0426927297
1.8250000000	8.3352423664
1.8300000000	7.1889249760
1.8350000000	6.1643721944
1.8400000000	5.3387918688
1.8450000000	4.6968266809
1.8500000000	4.1897305905
1.8550000000	3.7781297458
1.8600000000	3.4085098284
1.8650000000	3.0987824793
1.8700000000	2.7919590886
1.8750000000	2.3635129315
1.8800000000	1.4135651695
1.8850000000	-0.6488696960
1.8900000000	-3.4209818225
1.8950000000	-3.9124962758
1.9000000000	0.5451944301
1.9050000000	4.7187951933
1.9100000000	5.2105161038
1.9150000000	4.4210399289
1.9200000000	3.6452376288
1.9250000000	3.0936930226
1.9300000000	2.7585118550
1.9350000000	2.5016402052
1.9400000000	2.3290332596
1.9450000000	2.2131262024
1.9500000000	2.1329716185
1.9550000000	2.0713753634
1.9600000000	2.0231603567
1.9650000000	1.9914966629
1.9700000000	1.9770749427
1.9750000000	1.9785709314
1.9800000000	1.9950468663
1.9850000000	2.0267480943
1.9900000000	2.0751060393
1.9950000000	2.1421051418
2.0000000000	2.2273314105
2.0050000000	2.3308175967
2.0100000000	2.4228948339
2.0150000000	2.5071028124
2.0200000000	2.6065862632
2.0250000000	2.7377735833
2.0300000000	2.9079432514
2.0350000000	3.1231136704
2.0400000000	3.3923273996
2.0450000000	3.7294749828
2.0500000000	4.1542280566
2.0550000000	4.6903163006
2.0600000000	5.3539386711
2.0650000000	6.1423873004
2.0700000000	7.0746925899
2.0750000000	8.2553311284
2.0800000000	9.8535940267
2.0850000000	12.0391234294
2.0900000000	14.9100340868
2.0950000000	18.2486099685
2.1000000000	21.1740746421
2.1050000000	22.4564644636
2.1100000000	21.4601735720
2.1150000000	19.4567236001
2.1200000000	17.8335735676
2.1250000000	17.1853458367
2.1300000000	17.6453535550
2.1350000000	19.2818938336
2.1400000000	22.2745220312
2.1450000000	26.9844505077
2.1500000000	33.9507939969
2.1550000000	43.6033651326
2.1600000000	55.1668316001
2.1650000000	64.9277789649
2.1700000000	67.2555957349
2.1750000000	60.2377778509
2.1800000000	48.6606167268
2.1850000000	37.5552309256
2.1900000000	28.8466847785
2.1950000000	22.5239746248
2.2000000000	18.0499186494
2.2050000000	14.9188400606
2.2100000000	12.7132365956
2.2150000000	11.0331605959
2.2200000000	9.5902035899
2.2250000000	8.2790162358
2.2300000000	7.1200388791
2.2350000000	6.1299821937
2.2400000000	5.2868886487
2.2450000000	4.5518910410
2.2500000000	3.8898170196
2.2550000000	3.2844387816
2.2600000000	2.6808538807
2.2650000000	2.2559690221
2.2700000000	2.0432776050
2.2750000000	2.1377022112
2.2800000000	2.5243855145
2.2850000000	3.0081548226
2.2900000000	3.3722003545
2.2950000000	3.5545616867
2.3000000000	3.6096988022
2.3050000000	3.5997742144
2.3100000000	3.5700817435
2.3150000000	3.5385459532
2.3200000000	3.5127282613
2.3250000000	3.5022193113
2.3300000000	3.5186812378
2.3350000000	3.5719660259
2.3400000000	3.6690846470
2.3450000000	3.8154340214
2.3500000000	4.0157470084
2.3550000000	4.2758749040
2.3600000000	4.5922821845
2.3650000000	4.9652671920
2.3700000000	5.3926926966
2.3750000000	5.8783642662
2.3800000000	6.4402246922
2.3850000000	7.1000901880
2.3900000000	7.8630779682
2.3950000000	8.6938841899
2.4000000000	9.5012733553
2.4050000000	10.1826757542
2.4100000000	10.5317965394
2.4150000000	10.5073665110
2.4200000000	10.2072625347
2.4250000000	9.7982049375
2.4300000000	9.4264936572
2.4350000000	9.1778613189
2.4400000000	9.0826197855
2.4450000000	9.1398032047
2.4500000000	9.3424371044
2.4550000000	9.6916864716
2.4600000000	10.2170955585
2.4650000000	10.9503309114
2.4700000000	11.9289226292
2.4750000000	13.1783731624
2.4800000000	14.6922941573
2.4850000000	16.4061937185
2.4900000000	18.1667169288
2.4950000000	19.7159622764
2.5000000000	20.7291912184
2.5050000000	20.8713419760
2.5100000000	20.0043781996
2.5150000000	18.3648017427
2.5200000000	16.3356543123
2.5250000000	14.2551336338
2.5300000000	12.3302762070
2.5350000000	10.6487247363
2.5400000000	9.2241436604
2.5450000000	8.0360802793
2.5500000000	7.0544272371
2.5550000000	6.2521612429
2.5600000000	5.5854374500
2.5650000000	5.0929657428
2.5700000000	4.7472981255
2.5750000000	4.5357097509
2.5800000000	4.4319740571
2.5850000000	4.3997447094
2.5900000000	4.4045663993
2.5950000000	4.4247967519
2.6000000000	4.4536206278
2.6050000000	4.5283815035
2.6100000000	4.6262831039
2.6150000000	4.7570035784
2.6200000000	4.9257949946
2.6250000000	5.1327803846
2.6300000000	5.3722791479
2.6350000000	5.6323369286
2.6400000000	5.8946830813
2.6450000000	6.1361655144
2.6500000000	6.3323794632
2.6550000000	6.4635069310
2.6600000000	6.5205111861
2.6650000000	6.5088962501
2.6700000000	6.4472793723
2.6750000000	6.3624463807
2.6800000000	6.2801963900
2.6850000000	6.2241262456
2.6900000000	6.2103198928
2.6950000000	6.2483039165
2.7000000000	6.3423265987
2.7050000000	6.5094601273
2.7100000000	6.7459124113
2.7150000000	7.0465355744
2.7200000000	7.4014199353
2.7250000000	7.7943568158
2.7300000000	8.2012130998
2.7350000000	8.5897000593
2.7400000000	8.9215025363
2.7450000000	9.1576957921
2.7500000000	9.2667859215
2.7550000000	9.2326195984
2.7600000000	9.0587455883
2.7650000000	8.7669221199
2.7700000000	8.3908210377
2.7750000000	7.9678917044
2.7800000000	7.5325563498
2.7850000000	7.1123931548
2.7900000000	6.7233210206
2.7950000000	6.3828142958
2.8000000000	6.0942585372
2.8050000000	5.8328506790
2.8100000000	5.6330131008
2.8150000000	5.4848301258
2.8200000000	5.3775567332
2.8250000000	5.3013061297
2.8300000000	5.2476654198
2.8350000000	5.2096409304
2.8400000000	5.1813361296
2.8450000000	5.1577314866
2.8500000000	5.1348450459
2.8550000000	5.1101472954
2.8600000000	5.0830942287
2.8650000000	5.0553100193
2.8700000000	5.0303100254
2.8750000000	5.0127492780
2.8800000000	5.0074633697
2.8850000000	5.0186498716
2.8900000000	5.0492988706
2.8950000000	5.1008877464
2.9000000000	5.1732971947
2.9050000000	5.2895501809
2.9100000000	5.4222759983
2.9150000000	5.5618158348
2.9200000000	5.6959288051
2.9250000000	5.8113849016
2.9300000000	5.8957952747
2.9350000000	5.9397492034
2.9400000000	5.9385604864
2.9450000000	5.8930982531
2.9500000000	5.8092807159
2.9550000000	5.6964792662
2.9600000000	5.5654231554
2.9650000000	5.4262841254
2.9700000000	5.2873987076
2.9750000000	5.1547199508
2.9800000000	5.0318513033
2.9850000000	4.9204772104
2.9900000000	4.8209140877
2.9950000000	4.7326430276
3.0000000000	4.6547655571
