# energy (eV)    P(omega), $W$ = 400 nm, $h$ = 300 nm, $s$ = 20 nm, $d/W = 10$, $E_{\rm e}$ = 200 keV
0.2000000000	0.0835767720
0.2050000000	0.0842964725
0.2100000000	0.0848162536
0.2150000000	0.0851272041
0.2200000000	0.0852171463
0.2250000000	0.0850697498
0.2300000000	0.0846636408
0.2350000000	0.0839711767
0.2400000000	0.0829568724
0.2450000000	0.0815751819
0.2500000000	0.0797679004
0.2550000000	0.0774602494
0.2600000000	0.0745558722
0.2650000000	0.0776776686
0.2700000000	0.0855723395
0.2750000000	0.0968816991
0.2800000000	0.1126596668
0.2850000000	0.1359466256
0.2900000000	0.1648565995
0.2950000000	0.2063501429
0.3000000000	0.2622125906
0.3050000000	0.3479215274
0.3100000000	0.4674836767
0.3150000000	0.6989351362
0.3200000000	1.0608893440
0.3250000000	1.3098348367
0.3300000000	1.6545368216
0.3350000000	2.1436787168
0.3400000000	2.9120453523
0.3450000000	4.2311645489
0.3500000000	6.8631717520
0.3550000000	12.9604361149
0.3600000000	31.8866751687
0.3650000000	0.0909979618
0.3700000000	14.8388070624
0.3750000000	19.5253368946
0.3800000000	9.1144305431
0.3850000000	5.1443942705
0.3900000000	3.3067004243
0.3950000000	2.3353900072
0.4000000000	1.7727843084
0.4050000000	1.4058346369
0.4100000000	1.1669536204
0.4150000000	1.0095181015
0.4200000000	0.9102728691
0.4250000000	0.8323918296
0.4300000000	0.7398443530
0.4350000000	0.6665991048
0.4400000000	0.6086947884
0.4450000000	0.5626909467
0.4500000000	0.5264291155
0.4550000000	0.4977394054
0.4600000000	0.4754433788
0.4650000000	0.4582848262
0.4700000000	0.4454339163
0.4750000000	0.4363128952
0.4800000000	0.4304168589
0.4850000000	0.4273011028
0.4900000000	0.4267064815
0.4950000000	0.4284350639
0.5000000000	0.4323167413
0.5050000000	0.4382812374
0.5100000000	0.4462716060
0.5150000000	0.4562558382
0.5200000000	0.4682619234
0.5250000000	0.4823138944
0.5300000000	0.4986160173
0.5350000000	0.5172649296
0.5400000000	0.5384283208
0.5450000000	0.5623229221
0.5500000000	0.5892531294
0.5550000000	0.6195531102
0.5600000000	0.6536284222
0.5650000000	0.6919984098
0.5700000000	0.7353788639
0.5750000000	0.7843067751
0.5800000000	0.8397742684
0.5850000000	0.9031356602
0.5900000000	0.9753174757
0.5950000000	1.0582433655
0.6000000000	1.1544562560
0.6050000000	1.2658804285
0.6100000000	1.3968828866
0.6150000000	1.5511094971
0.6200000000	1.7347941142
0.6250000000	1.9568761296
0.6300000000	2.2265091788
0.6350000000	2.5608340334
0.6400000000	2.9788113246
0.6450000000	3.5147925350
0.6500000000	4.2127238497
0.6550000000	5.1470134285
0.6600000000	6.4433027259
0.6650000000	8.3002582501
0.6700000000	11.1133149412
0.6750000000	15.6383199524
0.6800000000	23.6406562675
0.6850000000	39.7053085493
0.6900000000	79.6436960354
0.6950000000	223.7660014689
0.7000000000	1086.2456004509
0.7050000000	528.5815130775
0.7100000000	135.9064192158
0.7150000000	57.8492558704
0.7200000000	31.6223902755
0.7250000000	19.8838800848
0.7300000000	13.6511317996
0.7350000000	9.9650553935
0.7400000000	7.6036148501
0.7450000000	6.0000792052
0.7500000000	4.8637148219
0.7550000000	4.0285238563
0.7600000000	3.3988029477
0.7650000000	2.9102808995
0.7700000000	2.5245059376
0.7750000000	2.2147072749
0.7800000000	1.9628848799
0.7850000000	1.7554919753
0.7900000000	1.5816977359
0.7950000000	1.4365341467
0.8000000000	1.3130944974
0.8050000000	1.2073292235
0.8100000000	1.1173069435
0.8150000000	1.0384068254
0.8200000000	0.9697268328
0.8250000000	0.9121565484
0.8300000000	0.8617972951
0.8350000000	0.8180599751
0.8400000000	0.7833661043
0.8450000000	0.7531593509
0.8500000000	0.7276370872
0.8550000000	0.7118252655
0.8600000000	0.6993230411
0.8650000000	0.6906100497
0.8700000000	0.6948956814
0.8750000000	0.6969789293
0.8800000000	0.6940653097
0.8850000000	0.6645970867
0.8900000000	0.5160378748
0.8950000000	-0.2318347594
0.9000000000	-4.2484470484
0.9050000000	-27.9344110162
0.9100000000	5.3374565684
0.9150000000	12.6351447287
0.9200000000	5.2534812542
0.9250000000	2.7383613189
0.9300000000	1.6753933136
0.9350000000	1.1675408124
0.9400000000	0.8937656901
0.9450000000	0.7423893222
0.9500000000	0.6350872927
0.9550000000	0.5636563053
0.9600000000	0.5200822697
0.9650000000	0.4845278325
0.9700000000	0.4599071065
0.9750000000	0.4442467126
0.9800000000	0.4364580553
0.9850000000	0.4390146386
0.9900000000	0.4498684790
0.9950000000	0.4771921842
1.0000000000	0.5361660058
1.0050000000	0.6690827772
1.0100000000	1.0165516080
1.0150000000	2.2139751870
1.0200000000	4.4549709930
1.0250000000	1.9754325249
1.0300000000	0.9482537140
1.0350000000	0.6388132811
1.0400000000	0.5156986741
1.0450000000	0.4569368763
1.0500000000	0.4262891885
1.0550000000	0.4093306307
1.0600000000	0.4004335198
1.0650000000	0.3967327896
1.0700000000	0.3966460013
1.0750000000	0.3994691623
1.0800000000	0.4043396220
1.0850000000	0.4115997868
1.0900000000	0.4225981071
1.0950000000	0.4356810557
1.1000000000	0.4509069862
1.1050000000	0.4683410990
1.1100000000	0.4881996098
1.1150000000	0.5107431754
1.1200000000	0.5362671868
1.1250000000	0.5649798202
1.1300000000	0.5976765254
1.1350000000	0.6347915072
1.1400000000	0.6770641986
1.1450000000	0.7253724364
1.1500000000	0.7802859323
1.1550000000	0.8439906456
1.1600000000	0.9173516974
1.1650000000	1.0005406870
1.1700000000	1.0884977721
1.1750000000	1.1459817892
1.1800000000	1.1331458141
1.1850000000	1.8850297079
1.1900000000	2.3016783442
1.1950000000	3.0048494428
1.2000000000	3.9907004016
1.2050000000	3.5931011546
1.2100000000	3.5259222773
1.2150000000	3.9675709111
1.2200000000	4.7668989921
1.2250000000	5.9793106362
1.2300000000	7.8166778851
1.2350000000	10.7203371152
1.2400000000	15.6108365953
1.2450000000	24.8211960567
1.2500000000	44.7753392587
1.2550000000	96.9856917035
1.2600000000	234.4316118179
1.2650000000	237.6738373007
1.2700000000	98.9696588004
1.2750000000	45.7417642131
1.2800000000	25.3714642302
1.2850000000	15.9850924824
1.2900000000	10.9819132609
1.2950000000	8.0270418613
1.3000000000	6.1468833987
1.3050000000	4.8835890190
1.3100000000	3.9960626189
1.3150000000	3.3589580594
1.3200000000	2.8919468864
1.3250000000	2.5474611291
1.3300000000	2.2974221008
1.3350000000	2.1260746902
1.3400000000	2.0278779152
1.3450000000	2.0068860631
1.3500000000	2.0869033876
1.3550000000	2.3183142101
1.3600000000	2.8205379566
1.3650000000	3.8914065974
1.3700000000	6.3573571981
1.3750000000	12.4067827245
1.3800000000	20.6392008490
1.3850000000	14.2967652790
1.3900000000	7.0946633950
1.3950000000	3.9827894243
1.4000000000	2.5373286742
1.4050000000	1.7067680448
1.4100000000	1.0492348861
1.4150000000	0.2073798601
1.4200000000	-1.5227217135
1.4250000000	-5.9836697922
1.4300000000	-8.1510093131
1.4350000000	3.9387678280
1.4400000000	4.9877604429
1.4450000000	3.0220039031
1.4500000000	1.9036396772
1.4550000000	1.3215768076
1.4600000000	0.9644274947
1.4650000000	0.6348648425
1.4700000000	0.2152945944
1.4750000000	0.3925812290
1.4800000000	0.8110754740
1.4850000000	0.7295128071
1.4900000000	0.6263242518
1.4950000000	0.5617978094
1.5000000000	0.5209373754
1.5050000000	0.4942119192
1.5100000000	0.4760015922
1.5150000000	0.4650408715
1.5200000000	0.4565473557
1.5250000000	0.4516069825
1.5300000000	0.4499779353
1.5350000000	0.4517984628
1.5400000000	0.4579562598
1.5450000000	0.4705984326
1.5500000000	0.4946865480
1.5550000000	0.5401512730
1.5600000000	0.6079977393
1.5650000000	0.6215214836
1.5700000000	0.5673353131
1.5750000000	0.5318861787
1.5800000000	0.5208044484
1.5850000000	0.5228813289
1.5900000000	0.5323535161
1.5950000000	0.5467934805
1.6000000000	0.5652352241
1.6050000000	0.5875438427
1.6100000000	0.6135307182
1.6150000000	0.6433401029
1.6200000000	0.6775310163
1.6250000000	0.7166031888
1.6300000000	0.7612735425
1.6350000000	0.8124248843
1.6400000000	0.8711767760
1.6450000000	0.9389453197
1.6500000000	1.0175005201
1.6550000000	1.1090878169
1.6600000000	1.2166174827
1.6650000000	1.3438592582
1.6700000000	1.4946252028
1.6750000000	1.6777160941
1.6800000000	1.9013150191
1.6850000000	2.1781757495
1.6900000000	2.5265455853
1.6950000000	2.9734320268
1.7000000000	3.5599336207
1.7050000000	4.3758120452
1.7100000000	5.5263390249
1.7150000000	7.2210328986
1.7200000000	9.8441556131
1.7250000000	14.0631921241
1.7300000000	20.5170328037
1.7350000000	28.1773014461
1.7400000000	36.5746957150
1.7450000000	51.5109607511
1.7500000000	71.4968619320
1.7550000000	72.3769471660
1.7600000000	50.8568259621
1.7650000000	31.8068991614
1.7700000000	20.5086980772
1.7750000000	14.0925978636
1.7800000000	10.3249005249
1.7850000000	8.0527483335
1.7900000000	6.7256094237
1.7950000000	6.1165852412
1.8000000000	6.1408953687
1.8050000000	6.4197445513
1.8100000000	5.8217530706
1.8150000000	4.3691501567
1.8200000000	3.1998021217
1.8250000000	2.6433323009
1.8300000000	2.2736460086
1.8350000000	1.9429847522
1.8400000000	1.6773839966
1.8450000000	1.4719205120
1.8500000000	1.3104557377
1.8550000000	1.1799900018
1.8600000000	1.0635693820
1.8650000000	0.9661931936
1.8700000000	0.8702054251
1.8750000000	0.7374394368
1.8800000000	0.4460021396
1.8850000000	-0.1842546883
1.8900000000	-1.0309404564
1.8950000000	-1.1823323077
1.9000000000	0.1769744410
1.9050000000	1.4512496056
1.9100000000	1.6018962266
1.9150000000	1.3610443617
1.9200000000	1.1241822472
1.9250000000	0.9557388518
1.9300000000	0.8533427536
1.9350000000	0.7748784502
1.9400000000	0.7221531286
1.9450000000	0.6867770044
1.9500000000	0.6624344284
1.9550000000	0.6439638645
1.9600000000	0.6297086313
1.9650000000	0.6205115318
1.9700000000	0.6165504934
1.9750000000	0.6174296235
1.9800000000	0.6228624397
1.9850000000	0.6329062640
1.9900000000	0.6479655212
1.9950000000	0.6686293473
2.0000000000	0.6948887909
2.0050000000	0.7273277859
2.0100000000	0.7575501953
2.0150000000	0.7865323275
2.0200000000	0.8206242497
2.0250000000	0.8645509347
2.0300000000	0.9206599888
2.0350000000	0.9910462560
2.0400000000	1.0787719354
2.0450000000	1.1884538906
2.0500000000	1.3266280713
2.0550000000	1.5013263681
2.0600000000	1.7183411261
2.0650000000	1.9773675186
2.0700000000	2.2851784677
2.0750000000	2.6762918084
2.0800000000	3.2064153056
2.0850000000	3.9317153560
2.0900000000	4.8846379892
2.0950000000	5.9921214456
2.1000000000	6.9590340454
2.1050000000	7.3731966305
2.1100000000	7.0207308681
2.1150000000	6.3259475327
2.1200000000	5.7515361319
2.1250000000	5.4940622141
2.1300000000	5.5945064968
2.1350000000	6.0703051882
2.1400000000	6.9735890214
2.1450000000	8.4141208491
2.1500000000	10.5589945241
2.1550000000	13.5437237010
2.1600000000	17.1288019007
2.1650000000	20.1587182190
2.1700000000	20.8829025738
2.1750000000	18.7064581436
2.1800000000	15.1134748724
2.1850000000	11.6648854937
2.1900000000	8.9582278180
2.1950000000	6.9901943117
2.2000000000	5.5939953449
2.2050000000	4.6127323740
2.2100000000	3.9185494538
2.2150000000	3.3908375112
2.2200000000	2.9433701304
2.2250000000	2.5426663646
2.2300000000	2.1913288197
2.2350000000	1.8917342590
2.2400000000	1.6361561058
2.2450000000	1.4126302673
2.2500000000	1.2106941190
2.2550000000	1.0258920904
2.2600000000	0.8418394430
2.2650000000	0.7137410697
2.2700000000	0.6515446753
2.2750000000	0.6838744556
2.2800000000	0.8059186640
2.2850000000	0.9578078807
2.2900000000	1.0730503951
2.2950000000	1.1327220933
2.3000000000	1.1535710592
2.3050000000	1.1546612332
2.3100000000	1.1492633324
2.3150000000	1.1422720319
2.3200000000	1.1358183665
2.3250000000	1.1333179199
2.3300000000	1.1391418903
2.3350000000	1.1569837799
2.3400000000	1.1894136849
2.3450000000	1.2383289687
2.3500000000	1.3053338621
2.3550000000	1.3923281920
2.3600000000	1.4981712173
2.3650000000	1.6228370569
2.3700000000	1.7655253882
2.3750000000	1.9274405903
2.3800000000	2.1145931126
2.3850000000	2.3343390317
2.3900000000	2.5884256334
2.3950000000	2.8650087228
2.4000000000	3.1334373750
2.4050000000	3.3589789486
2.4100000000	3.4725032960
2.4150000000	3.4600907427
2.4200000000	3.3545272594
2.4250000000	3.2116540573
2.4300000000	3.0803592576
2.4350000000	2.9891058744
2.4400000000	2.9476594969
2.4450000000	2.9552043681
2.4500000000	3.0088574069
2.4550000000	3.1084585848
2.4600000000	3.2633110920
2.4650000000	3.4835185636
2.4700000000	3.7812326128
2.4750000000	4.1648801868
2.4800000000	4.6328361589
2.4850000000	5.1651716992
2.4900000000	5.7139251066
2.4950000000	6.1981434876
2.5000000000	6.5157147347
2.5050000000	6.5612327543
2.5100000000	6.2909022509
2.5150000000	5.7784310139
2.5200000000	5.1436680357
2.5250000000	4.4925780286
2.5300000000	3.8901036467
2.5350000000	3.3637986277
2.5400000000	2.9180195351
2.5450000000	2.5464266418
2.5500000000	2.2396467209
2.5550000000	1.9892637707
2.5600000000	1.7815802932
2.5650000000	1.6287986678
2.5700000000	1.5223570364
2.5750000000	1.4582884588
2.5800000000	1.4283654557
2.5850000000	1.4211340694
2.5900000000	1.4257133180
2.5950000000	1.4352473006
2.6000000000	1.4475904460
2.6050000000	1.4750135297
2.6100000000	1.5101415716
2.6150000000	1.5562136333
2.6200000000	1.6149952406
2.6250000000	1.6865137218
2.6300000000	1.7688174767
2.6350000000	1.8577955524
2.6400000000	1.9471686387
2.6450000000	2.0289819121
2.6500000000	2.0948606252
2.6550000000	2.1380152538
2.6600000000	2.1553615358
2.6650000000	2.1487928899
2.6700000000	2.1246753049
2.6750000000	2.0921315095
2.6800000000	2.0599388508
2.6850000000	2.0360927228
2.6900000000	2.0260177983
2.6950000000	2.0329003396
2.7000000000	2.0581411752
2.7050000000	2.1066493384
2.7100000000	2.1777566171
2.7150000000	2.2697684624
2.7200000000	2.3795014813
2.7250000000	2.5017755062
2.7300000000	2.6289282924
2.7350000000	2.7507198266
2.7400000000	2.8550094625
2.7450000000	2.9294670751
2.7500000000	2.9641012783
2.7550000000	2.9537686960
2.7600000000	2.8995478810
2.7650000000	2.8082814389
2.7700000000	2.6905800346
2.7750000000	2.5582615867
2.7800000000	2.4221955898
2.7850000000	2.2910874974
2.7900000000	2.1699622399
2.7950000000	2.0643323781
2.8000000000	1.9752479238
2.8050000000	1.8951173363
2.8100000000	1.8344843133
2.8150000000	1.7901263556
2.8200000000	1.7585554274
2.8250000000	1.7365619777
2.8300000000	1.7214093461
2.8350000000	1.7108300538
2.8400000000	1.7029058225
2.8450000000	1.6960103791
2.8500000000	1.6888537284
2.8550000000	1.6806300241
2.8600000000	1.6711893849
2.8650000000	1.6611139147
2.8700000000	1.6516173517
2.8750000000	1.6442937699
2.8800000000	1.6407955152
2.8850000000	1.6425603069
2.8900000000	1.6506219534
2.8950000000	1.6655080350
2.9000000000	1.6872177750
2.9050000000	1.7229304490
2.9100000000	1.7642288349
2.9150000000	1.8080290517
2.9200000000	1.8504191672
2.9250000000	1.8871690890
2.9300000000	1.9143086531
2.9350000000	1.9288061818
2.9400000000	1.9291305963
2.9450000000	1.9155126978
2.9500000000	1.8897921580
2.9550000000	1.8549038205
2.9600000000	1.8142150443
2.9650000000	1.7709213288
2.9700000000	1.7276390300
2.9750000000	1.6862276038
2.9800000000	1.6478126088
2.9850000000	1.6129135209
2.9900000000	1.5816174672
2.9950000000	1.5537579147
3.0000000000	1.5290460409
