# energy (eV)    P(omega), $W$ = 400 nm, $h$ = 300 nm, $s$ = 20 nm, $d/W = 10$, $E_{\rm e}$ = 200 keV
0.2000000000	0.0610739716
0.2050000000	0.0616464092
0.2100000000	0.0620332682
0.2150000000	0.0622281992
0.2200000000	0.0622219713
0.2250000000	0.0620018269
0.2300000000	0.0615507781
0.2350000000	0.0608465395
0.2400000000	0.0598601943
0.2450000000	0.0585544945
0.2500000000	0.0568815492
0.2550000000	0.0547797462
0.2600000000	0.0521695270
0.2650000000	0.0548099727
0.2700000000	0.0615604255
0.2750000000	0.0712066255
0.2800000000	0.0846232209
0.2850000000	0.1043737778
0.2900000000	0.1287827234
0.2950000000	0.1637205730
0.3000000000	0.2105933698
0.3050000000	0.2823432157
0.3100000000	0.3820957239
0.3150000000	0.5750002599
0.3200000000	0.8757462158
0.3250000000	1.0803613881
0.3300000000	1.3630508922
0.3350000000	1.7632882697
0.3400000000	2.3910308173
0.3450000000	3.4671193890
0.3500000000	5.6112240538
0.3550000000	10.5696609683
0.3600000000	25.9342317132
0.3650000000	0.1712091570
0.3700000000	11.9588839465
0.3750000000	15.7063918410
0.3800000000	7.3021349378
0.3850000000	4.1033696392
0.3900000000	2.6251850207
0.3950000000	1.8449514398
0.4000000000	1.3934368171
0.4050000000	1.0992699251
0.4100000000	0.9077518014
0.4150000000	0.7813107655
0.4200000000	0.7011275119
0.4250000000	0.6380912804
0.4300000000	0.5641549454
0.4350000000	0.5056379328
0.4400000000	0.4593326910
0.4450000000	0.4224745565
0.4500000000	0.3933139770
0.4550000000	0.3701212534
0.4600000000	0.3519391569
0.4650000000	0.3377660162
0.4700000000	0.3269365734
0.4750000000	0.3189819706
0.4800000000	0.3134945834
0.4850000000	0.3101187039
0.4900000000	0.3086398537
0.4950000000	0.3088920496
0.5000000000	0.3107328904
0.5050000000	0.3140945853
0.5100000000	0.3189199733
0.5150000000	0.3251730207
0.5200000000	0.3328594540
0.5250000000	0.3419823429
0.5300000000	0.3526776305
0.5350000000	0.3649993143
0.5400000000	0.3790527414
0.5450000000	0.3949782926
0.5500000000	0.4129766549
0.5550000000	0.4332668689
0.5600000000	0.4561166385
0.5650000000	0.4818721473
0.5700000000	0.5110127673
0.5750000000	0.5438869133
0.5800000000	0.5811596425
0.5850000000	0.6237417673
0.5900000000	0.6722333992
0.5950000000	0.7279250905
0.6000000000	0.7925210788
0.6050000000	0.8672779519
0.6100000000	0.9551258513
0.6150000000	1.0584677670
0.6200000000	1.1814550234
0.6250000000	1.3300480424
0.6300000000	1.5102878466
0.6350000000	1.7335903730
0.6400000000	2.0124891715
0.6450000000	2.3698066299
0.6500000000	2.8346126238
0.6550000000	3.4561957160
0.6600000000	4.3177673702
0.6650000000	5.5506364761
0.6700000000	7.4163396134
0.6750000000	10.4141303012
0.6800000000	15.7098619021
0.6850000000	26.3288854054
0.6900000000	52.6985458375
0.6950000000	147.7391119077
0.7000000000	715.6060821771
0.7050000000	347.4503956658
0.7100000000	89.1344977326
0.7150000000	37.8545419952
0.7200000000	20.6451991822
0.7250000000	12.9514446088
0.7300000000	8.8709031859
0.7350000000	6.4602433734
0.7400000000	4.9175366841
0.7450000000	3.8710792487
0.7500000000	3.1302421483
0.7550000000	2.5863046955
0.7600000000	2.1765555646
0.7650000000	1.8589912033
0.7700000000	1.6084468488
0.7750000000	1.4074114744
0.7800000000	1.2441234715
0.7850000000	1.1097300066
0.7900000000	0.9971972521
0.7950000000	0.9032392260
0.8000000000	0.8233758826
0.8050000000	0.7549771417
0.8100000000	0.6967501286
0.8150000000	0.6457335894
0.8200000000	0.6013241791
0.8250000000	0.5640190839
0.8300000000	0.5313534907
0.8350000000	0.5029366170
0.8400000000	0.4802137465
0.8450000000	0.4603524207
0.8500000000	0.4434589038
0.8550000000	0.4325540635
0.8600000000	0.4237140531
0.8650000000	0.4172271649
0.8700000000	0.4186091009
0.8750000000	0.4187050613
0.8800000000	0.4159246512
0.8850000000	0.3975829442
0.8900000000	0.3093809088
0.8950000000	-0.1304845523
0.9000000000	-2.4846155464
0.9050000000	-16.3349726379
0.9100000000	3.1040933718
0.9150000000	7.3485861847
0.9200000000	3.0476649538
0.9250000000	1.5847587973
0.9300000000	0.9675711157
0.9350000000	0.6731017696
0.9400000000	0.5145375979
0.9450000000	0.4268677546
0.9500000000	0.3649312502
0.9550000000	0.3238223095
0.9600000000	0.2988377592
0.9650000000	0.2787297598
0.9700000000	0.2651526963
0.9750000000	0.2570293331
0.9800000000	0.2538842411
0.9850000000	0.2573203009
0.9900000000	0.2667221274
0.9950000000	0.2876149777
1.0000000000	0.3306358102
1.0050000000	0.4251024178
1.0100000000	0.6684666218
1.0150000000	1.4926838256
1.0200000000	2.9808021710
1.0250000000	1.2626116708
1.0300000000	0.5711549523
1.0350000000	0.3659044159
1.0400000000	0.2849795149
1.0450000000	0.2464114750
1.0500000000	0.2260807276
1.0550000000	0.2144909260
1.0600000000	0.2079425826
1.0650000000	0.2045799314
1.0700000000	0.2033710966
1.0750000000	0.2038649560
1.0800000000	0.2054889091
1.0850000000	0.2083980013
1.0900000000	0.2132474101
1.0950000000	0.2191701839
1.1000000000	0.2262158384
1.1050000000	0.2343389116
1.1100000000	0.2436802161
1.1150000000	0.2543505217
1.1200000000	0.2664982363
1.1250000000	0.2802668292
1.1300000000	0.2959817402
1.1350000000	0.3139231051
1.1400000000	0.3344430160
1.1450000000	0.3580408166
1.1500000000	0.3851518464
1.1550000000	0.4169365401
1.1600000000	0.4543172694
1.1650000000	0.4987978790
1.1700000000	0.5521288483
1.1750000000	0.6153151155
1.1800000000	0.6921606930
1.1850000000	0.8660229226
1.1900000000	1.0950553923
1.1950000000	1.5644411352
1.2000000000	2.1764437227
1.2050000000	1.8591747775
1.2100000000	1.7324392359
1.2150000000	1.9051498370
1.2200000000	2.2655733454
1.2250000000	2.8271710722
1.2300000000	3.6843634417
1.2350000000	5.0417002538
1.2400000000	7.3281373252
1.2450000000	11.6318994784
1.2500000000	20.9471021418
1.2550000000	45.2923443497
1.2600000000	109.2691238032
1.2650000000	110.5426785801
1.2700000000	45.9186043469
1.2750000000	21.1626508333
1.2800000000	11.6992443602
1.2850000000	7.3420205817
1.2900000000	5.0200795525
1.2950000000	3.6481458901
1.3000000000	2.7738077687
1.3050000000	2.1843101553
1.3100000000	1.7675048071
1.3150000000	1.4648670791
1.3200000000	1.2386199095
1.3250000000	1.0658099205
1.3300000000	0.9321986978
1.3350000000	0.8285038177
1.3400000000	0.7489177615
1.3450000000	0.6897642264
1.3500000000	0.6519425228
1.3550000000	0.6389308920
1.3600000000	0.6628388447
1.3650000000	0.7567684600
1.3700000000	1.0150226946
1.3750000000	1.6893687534
1.3800000000	2.6208854029
1.3850000000	1.8748148961
1.3900000000	1.0253438108
1.3950000000	0.6439223100
1.4000000000	0.4476780047
1.4050000000	0.3058858280
1.4100000000	0.1431153193
1.4150000000	-0.1504121712
1.4200000000	-0.8636867528
1.4250000000	-2.7975926922
1.4300000000	-3.7208691506
1.4350000000	1.6294086347
1.4400000000	2.1014179800
1.4450000000	1.2477775883
1.4500000000	0.7676302274
1.4550000000	0.5254438653
1.4600000000	0.3915131154
1.4650000000	0.3016454980
1.4700000000	0.2280148396
1.4750000000	0.2212614867
1.4800000000	0.2458586905
1.4850000000	0.2255870352
1.4900000000	0.2063602068
1.4950000000	0.1932433486
1.5000000000	0.1841872632
1.5050000000	0.1782036916
1.5100000000	0.1742683243
1.5150000000	0.1726679610
1.5200000000	0.1718535822
1.5250000000	0.1726999808
1.5300000000	0.1755493041
1.5350000000	0.1811737547
1.5400000000	0.1911936850
1.5450000000	0.2091000307
1.5500000000	0.2426737597
1.5550000000	0.3074522226
1.5600000000	0.4053380289
1.5650000000	0.4197301650
1.5700000000	0.3267729728
1.5750000000	0.2594260934
1.5800000000	0.2272550489
1.5850000000	0.2130734090
1.5900000000	0.2078292968
1.5950000000	0.2075310074
1.6000000000	0.2103712654
1.6050000000	0.2155867560
1.6100000000	0.2226686360
1.6150000000	0.2314229501
1.6200000000	0.2419232496
1.6250000000	0.2542305979
1.6300000000	0.2685168216
1.6350000000	0.2850300978
1.6400000000	0.3040982302
1.6450000000	0.3261508150
1.6500000000	0.3517318205
1.6550000000	0.3815335286
1.6600000000	0.4164533095
1.6650000000	0.4576473604
1.6700000000	0.5061817346
1.6750000000	0.5648932835
1.6800000000	0.6361335790
1.6850000000	0.7236515000
1.6900000000	0.8327186330
1.6950000000	0.9709869359
1.7000000000	1.1498148929
1.7050000000	1.3940233523
1.7100000000	1.7302445710
1.7150000000	2.2107669156
1.7200000000	2.9283932495
1.7250000000	4.0459271054
1.7300000000	5.7736416883
1.7350000000	8.2141030644
1.7400000000	11.7600492541
1.7450000000	17.9073160715
1.7500000000	25.6669922878
1.7550000000	26.1656386891
1.7600000000	18.3234711762
1.7650000000	11.3681017665
1.7700000000	7.2479629710
1.7750000000	4.9050908824
1.7800000000	3.5158157334
1.7850000000	2.6506233156
1.7900000000	2.0940486115
1.7950000000	1.7383240357
1.8000000000	1.5275306974
1.8050000000	1.3936141125
1.8100000000	1.2134328197
1.8150000000	0.9775700317
1.8200000000	0.7896511962
1.8250000000	0.6770991789
1.8300000000	0.5935599844
1.8350000000	0.5217429897
1.8400000000	0.4626182896
1.8450000000	0.4143505047
1.8500000000	0.3742933028
1.8550000000	0.3402774425
1.8600000000	0.3078246950
1.8650000000	0.2796682598
1.8700000000	0.2500573918
1.8750000000	0.2061171391
1.8800000000	0.1064400384
1.8850000000	-0.1097024271
1.8900000000	-0.3988725199
1.8950000000	-0.4449060314
1.9000000000	0.0310076353
1.9050000000	0.4722023263
1.9100000000	0.5236166583
1.9150000000	0.4406827323
1.9200000000	0.3597310295
1.9250000000	0.3027478180
1.9300000000	0.2689386943
1.9350000000	0.2439483911
1.9400000000	0.2286706260
1.9450000000	0.2200515357
1.9500000000	0.2142181474
1.9550000000	0.2066959211
1.9600000000	0.1976071569
1.9650000000	0.1901905463
1.9700000000	0.1857352156
1.9750000000	0.1840879361
1.9800000000	0.1849973028
1.9850000000	0.1885192298
1.9900000000	0.1950476317
1.9950000000	0.2050794405
2.0000000000	0.2181635494
2.0050000000	0.2313083019
2.0100000000	0.2364754306
2.0150000000	0.2339010374
2.0200000000	0.2307328510
2.0250000000	0.2313678086
2.0300000000	0.2365695458
2.0350000000	0.2460919953
2.0400000000	0.2598767854
2.0450000000	0.2782948324
2.0500000000	0.3020944140
2.0550000000	0.3320720482
2.0600000000	0.3682173864
2.0650000000	0.4090828896
2.0700000000	0.4543649749
2.0750000000	0.5089795103
2.0800000000	0.5814529745
2.0850000000	0.6796410011
2.0900000000	0.8082065602
2.0950000000	0.9591781576
2.1000000000	1.0991593033
2.1050000000	1.1815136943
2.1100000000	1.1839238901
2.1150000000	1.1583319088
2.1200000000	1.1621831940
2.1250000000	1.2238102863
2.1300000000	1.3561923007
2.1350000000	1.5735519577
2.1400000000	1.8998292945
2.1450000000	2.3727743367
2.1500000000	3.0417457387
2.1550000000	3.9411250677
2.1600000000	4.9976677153
2.1650000000	5.8799013325
2.1700000000	6.0834658686
2.1750000000	5.4390984305
2.1800000000	4.3853221387
2.1850000000	3.3798613032
2.1900000000	2.5966221092
2.1950000000	2.0338380661
2.2000000000	1.6425553739
2.2050000000	1.3765942641
2.2100000000	1.1948230494
2.2150000000	1.0544305766
2.2200000000	0.9232296540
2.2250000000	0.7931634868
2.2300000000	0.6730180579
2.2350000000	0.5694932673
2.2400000000	0.4822870244
2.2450000000	0.4076861436
2.2500000000	0.3417077424
2.2550000000	0.2818639314
2.2600000000	0.2221280986
2.2650000000	0.1778028508
2.2700000000	0.1526017526
2.2750000000	0.1563194057
2.2800000000	0.1878631956
2.2850000000	0.2285857111
2.2900000000	0.2578681997
2.2950000000	0.2697542078
2.3000000000	0.2693496011
2.3050000000	0.2624990180
2.3100000000	0.2540539541
2.3150000000	0.2462781970
2.3200000000	0.2400535106
2.3250000000	0.2357533355
2.3300000000	0.2335701546
2.3350000000	0.2336118186
2.3400000000	0.2359552200
2.3450000000	0.2406947661
2.3500000000	0.2479513320
2.3550000000	0.2580032196
2.3600000000	0.2705263335
2.3650000000	0.2856449793
2.3700000000	0.3032990720
2.3750000000	0.3236718557
2.3800000000	0.3474790537
2.3850000000	0.3755939595
2.3900000000	0.4082717570
2.3950000000	0.4442587253
2.4000000000	0.4802080345
2.4050000000	0.5128622498
2.4100000000	0.5341243102
2.4150000000	0.5424586179
2.4200000000	0.5416155117
2.4250000000	0.5381121323
2.4300000000	0.5378925552
2.4350000000	0.5447237909
2.4400000000	0.5603148927
2.4450000000	0.5852687341
2.4500000000	0.6201494120
2.4550000000	0.6660620061
2.4600000000	0.7255375001
2.4650000000	0.8010840971
2.4700000000	0.8952019420
2.4750000000	1.0092314936
2.4800000000	1.1419330930
2.4850000000	1.2875087637
2.4900000000	1.4333345072
2.4950000000	1.5588682985
2.5000000000	1.6386799117
2.5050000000	1.6466706683
2.5100000000	1.5729548109
2.5150000000	1.4374414675
2.5200000000	1.2713385279
2.5250000000	1.1018600153
2.5300000000	0.9454796207
2.5350000000	0.8090321200
2.5400000000	0.6934250169
2.5450000000	0.5968528092
2.5500000000	0.5167613228
2.5550000000	0.4508587144
2.5600000000	0.3955451215
2.5650000000	0.3537499402
2.5700000000	0.3231878544
2.5750000000	0.3027609615
2.5800000000	0.2903540981
2.5850000000	0.2831226722
2.5900000000	0.2784234253
2.5950000000	0.2746207074
2.6000000000	0.2711729291
2.6050000000	0.2700556036
2.6100000000	0.2699435880
2.6150000000	0.2713196625
2.6200000000	0.2744396906
2.6250000000	0.2793472692
2.6300000000	0.2858804200
2.6350000000	0.2936757707
2.6400000000	0.3021779955
2.6450000000	0.3106875807
2.6500000000	0.3184700659
2.6550000000	0.3249295037
2.6600000000	0.3298007648
2.6650000000	0.3332770352
2.6700000000	0.3359793326
2.6750000000	0.3388147179
2.6800000000	0.3426609822
2.6850000000	0.3483616417
2.6900000000	0.3565227881
2.6950000000	0.3675389133
2.7000000000	0.3816188776
2.7050000000	0.4008007423
2.7100000000	0.4239341734
2.7150000000	0.4507339044
2.7200000000	0.4805623538
2.7250000000	0.5123014168
2.7300000000	0.5442421176
2.7350000000	0.5740694626
2.7400000000	0.5990297406
2.7450000000	0.6163372196
2.7500000000	0.6237653427
2.7550000000	0.6202256266
2.7600000000	0.6060732629
2.7650000000	0.5829867014
2.7700000000	0.5534939726
2.7750000000	0.5203718324
2.7800000000	0.4861545170
2.7850000000	0.4528558887
2.7900000000	0.4216405182
2.7950000000	0.3937729898
2.8000000000	0.3695154076
2.8050000000	0.3466729355
2.8100000000	0.3282086846
2.8150000000	0.3135102240
2.8200000000	0.3019204104
2.8250000000	0.2928456719
2.8300000000	0.2857930069
2.8350000000	0.2803669298
2.8400000000	0.2762441720
2.8450000000	0.2731595594
2.8500000000	0.2709020390
2.8550000000	0.2693273597
2.8600000000	0.2683707810
2.8650000000	0.2680513463
2.8700000000	0.2684586430
2.8750000000	0.2697260850
2.8800000000	0.2719947401
2.8850000000	0.2753817277
2.8900000000	0.2799553823
2.8950000000	0.2857195787
2.9000000000	0.2926001438
2.9050000000	0.3024038808
2.9100000000	0.3128008881
2.9150000000	0.3231477880
2.9200000000	0.3326358879
2.9250000000	0.3404026588
2.9300000000	0.3456551380
2.9350000000	0.3478115413
2.9400000000	0.3466191767
2.9450000000	0.3422044882
2.9500000000	0.3350388356
2.9550000000	0.3258238038
2.9600000000	0.3153499854
2.9650000000	0.3043637232
2.9700000000	0.2934804074
2.9750000000	0.2831452412
2.9800000000	0.2736368546
2.9850000000	0.2650965059
2.9900000000	0.2575660290
2.9950000000	0.2510243323
3.0000000000	0.2454176307
