# energy (eV)    P(omega), $W$ = 400 nm, $h$ = 300 nm, $s$ = 20 nm, $d/W = 10$, $E_{\rm e}$ = 200 keV
0.2000000000	0.0740349552
0.2050000000	0.0747288766
0.2100000000	0.0751978378
0.2150000000	0.0754341417
0.2200000000	0.0754265986
0.2250000000	0.0751597433
0.2300000000	0.0746129829
0.2350000000	0.0737593023
0.2400000000	0.0725636484
0.2450000000	0.0709808684
0.2500000000	0.0689529079
0.2550000000	0.0664050797
0.2600000000	0.0632409418
0.2650000000	0.0664417318
0.2700000000	0.0746247317
0.2750000000	0.0863180008
0.2800000000	0.1025818020
0.2850000000	0.1265237304
0.2900000000	0.1561126351
0.2950000000	0.1984648466
0.3000000000	0.2552847980
0.3050000000	0.3422611135
0.3100000000	0.4631827243
0.3150000000	0.6970247459
0.3200000000	1.0615939460
0.3250000000	1.3096319546
0.3300000000	1.6523130342
0.3350000000	2.1374877134
0.3400000000	2.8984481474
0.3450000000	4.2029015093
0.3500000000	6.8020227860
0.3550000000	12.8127274203
0.3600000000	31.4379323637
0.3650000000	0.2075392535
0.3700000000	14.4967746110
0.3750000000	19.0395735324
0.3800000000	8.8517820287
0.3850000000	4.9741808242
0.3900000000	3.1822985371
0.3950000000	2.2364851387
0.4000000000	1.6891508427
0.4050000000	1.3325563299
0.4100000000	1.1003945401
0.4150000000	0.9471204018
0.4200000000	0.8499208157
0.4250000000	0.7735071632
0.4300000000	0.6838801637
0.4350000000	0.6129447530
0.4400000000	0.5568126799
0.4450000000	0.5121325684
0.4500000000	0.4767835801
0.4550000000	0.4486689415
0.4600000000	0.4266282827
0.4650000000	0.4094473590
0.4700000000	0.3963197328
0.4750000000	0.3866770459
0.4800000000	0.3800251684
0.4850000000	0.3759329051
0.4900000000	0.3741402612
0.4950000000	0.3744460292
0.5000000000	0.3766775882
0.5050000000	0.3807527611
0.5100000000	0.3866022572
0.5150000000	0.3941823958
0.5200000000	0.4035001196
0.5250000000	0.4145591504
0.5300000000	0.4275242824
0.5350000000	0.4424609729
0.5400000000	0.4594969275
0.5450000000	0.4788023193
0.5500000000	0.5006204270
0.5550000000	0.5252167776
0.5600000000	0.5529158894
0.5650000000	0.5841374153
0.5700000000	0.6194624637
0.5750000000	0.6593133922
0.5800000000	0.7044964016
0.5850000000	0.7561156033
0.5900000000	0.8148984691
0.5950000000	0.8824094419
0.6000000000	0.9607144442
0.6050000000	1.0513367476
0.6100000000	1.1578283483
0.6150000000	1.2831022176
0.6200000000	1.4321907045
0.6250000000	1.6123191950
0.6300000000	1.8308107840
0.6350000000	2.1015041818
0.6400000000	2.4395929043
0.6450000000	2.8727428749
0.6500000000	3.4361933998
0.6550000000	4.1896934327
0.6600000000	5.2341142004
0.6650000000	6.7286319664
0.6700000000	8.9902885920
0.6750000000	12.6242929959
0.6800000000	19.0439248726
0.6850000000	31.9165984615
0.6900000000	63.8826304152
0.6950000000	179.0934388031
0.7000000000	867.4775552675
0.7050000000	421.1890444242
0.7100000000	108.0513279572
0.7150000000	45.8883364831
0.7200000000	25.0266906919
0.7250000000	15.7001062593
0.7300000000	10.7535596545
0.7350000000	7.8312902041
0.7400000000	5.9611778098
0.7450000000	4.6926326577
0.7500000000	3.7945690456
0.7550000000	3.1351927116
0.7600000000	2.6384832326
0.7650000000	2.2535227245
0.7700000000	1.9498057543
0.7750000000	1.7061049662
0.7800000000	1.5081626071
0.7850000000	1.3452470238
0.7900000000	1.2088316111
0.7950000000	1.0949330109
0.8000000000	0.9981203846
0.8050000000	0.9152054745
0.8100000000	0.8446210228
0.8150000000	0.7827773117
0.8200000000	0.7289429503
0.8250000000	0.6837206443
0.8300000000	0.6441224753
0.8350000000	0.6096747259
0.8400000000	0.5821294138
0.8450000000	0.5580529485
0.8500000000	0.5375741471
0.8550000000	0.5243549990
0.8600000000	0.5136388978
0.8650000000	0.5057753211
0.8700000000	0.5074505729
0.8750000000	0.5075669239
0.8800000000	0.5041964455
0.8850000000	0.4819620724
0.8900000000	0.3750408100
0.8950000000	-0.1581779293
0.9000000000	-3.0119297358
0.9050000000	-19.8017702195
0.9100000000	3.7628799576
0.9150000000	8.9081889940
0.9200000000	3.6944759544
0.9250000000	1.9210946435
0.9300000000	1.1729200753
0.9350000000	0.8159549148
0.9400000000	0.6237383178
0.9450000000	0.5174620729
0.9500000000	0.4423805818
0.9550000000	0.3925469059
0.9600000000	0.3622597045
0.9650000000	0.3378839724
0.9700000000	0.3214251949
0.9750000000	0.3115774868
0.9800000000	0.3077644765
0.9850000000	0.3119291569
0.9900000000	0.3233254005
0.9950000000	0.3486508313
1.0000000000	0.4007992705
1.0050000000	0.5153089678
1.0100000000	0.8103082455
1.0150000000	1.8094014743
1.0200000000	3.6132564717
1.0250000000	1.5305131455
1.0300000000	0.6923486359
1.0350000000	0.4435497428
1.0400000000	0.3454549195
1.0450000000	0.2987039111
1.0500000000	0.2740596701
1.0550000000	0.2600109637
1.0600000000	0.2520733947
1.0650000000	0.2479974585
1.0700000000	0.2465323457
1.0750000000	0.2471312278
1.0800000000	0.2491000005
1.0850000000	0.2526266310
1.0900000000	0.2585053572
1.0950000000	0.2656852357
1.1000000000	0.2742262954
1.1050000000	0.2840734298
1.1100000000	0.2953973392
1.1150000000	0.3083323048
1.1200000000	0.3230582330
1.1250000000	0.3397490434
1.1300000000	0.3587992473
1.1350000000	0.3805484348
1.1400000000	0.4054234266
1.1450000000	0.4340295452
1.1500000000	0.4668945249
1.1550000000	0.5054250883
1.1600000000	0.5507393716
1.1650000000	0.6046604024
1.1700000000	0.6693102314
1.1750000000	0.7459073307
1.1800000000	0.8390635575
1.1850000000	1.0498236225
1.1900000000	1.3274646115
1.1950000000	1.8964706561
1.2000000000	2.6383616763
1.2050000000	2.2537577458
1.2100000000	2.1001250232
1.2150000000	2.3094913833
1.2200000000	2.7464100308
1.2250000000	3.4271993609
1.2300000000	4.4663193021
1.2350000000	6.1117326289
1.2400000000	8.8834353010
1.2450000000	14.1006133257
1.2500000000	25.3928431994
1.2550000000	54.9050381789
1.2600000000	132.4600376485
1.2650000000	134.0038922372
1.2700000000	55.6642194723
1.2750000000	25.6541438062
1.2800000000	14.1822548144
1.2850000000	8.9002679665
1.2900000000	6.0855256348
1.2950000000	4.4224171471
1.3000000000	3.3625122688
1.3050000000	2.6479015291
1.3100000000	2.1426347068
1.3150000000	1.7757660727
1.3200000000	1.5015008833
1.3250000000	1.2920142079
1.3300000000	1.1300457144
1.3350000000	1.0043429036
1.3400000000	0.9078656822
1.3450000000	0.8361574912
1.3500000000	0.7903084915
1.3550000000	0.7745351030
1.3600000000	0.8035168514
1.3650000000	0.9173811291
1.3700000000	1.2304449985
1.3750000000	2.0479087579
1.3800000000	3.1771231229
1.3850000000	2.2727125698
1.3900000000	1.2429563341
1.3950000000	0.7805847681
1.4000000000	0.5426908907
1.4050000000	0.3708055093
1.4100000000	0.1734892088
1.4150000000	-0.1823357453
1.4200000000	-1.0469940563
1.4250000000	-3.3913479503
1.4300000000	-4.5105786872
1.4350000000	1.9752307153
1.4400000000	2.5474184388
1.4450000000	1.5126032377
1.4500000000	0.9305504214
1.4550000000	0.6369629533
1.4600000000	0.4746070728
1.4650000000	0.3656662865
1.4700000000	0.2764087228
1.4750000000	0.2682218117
1.4800000000	0.2980390230
1.4850000000	0.2734649923
1.4900000000	0.2501575685
1.4950000000	0.2342568514
1.5000000000	0.2232787384
1.5050000000	0.2160252328
1.5100000000	0.2112546311
1.5150000000	0.2093146044
1.5200000000	0.2083273707
1.5250000000	0.2093533857
1.5300000000	0.2128074091
1.5350000000	0.2196255257
1.5400000000	0.2317719718
1.5450000000	0.2534785573
1.5500000000	0.2941775892
1.5550000000	0.3727038782
1.5600000000	0.4913638197
1.5650000000	0.5088103911
1.5700000000	0.3961251102
1.5750000000	0.3144853795
1.5800000000	0.2754867891
1.5850000000	0.2582954657
1.5900000000	0.2519384713
1.5950000000	0.2515769502
1.6000000000	0.2550200733
1.6050000000	0.2613425310
1.6100000000	0.2699274901
1.6150000000	0.2805398333
1.6200000000	0.2932687246
1.6250000000	0.3081881886
1.6300000000	0.3255065211
1.6350000000	0.3455245730
1.6400000000	0.3686397209
1.6450000000	0.3953727387
1.6500000000	0.4263830466
1.6550000000	0.4625098558
1.6600000000	0.5048409943
1.6650000000	0.5547780499
1.6700000000	0.6136133344
1.6750000000	0.6847857909
1.6800000000	0.7711460876
1.6850000000	0.8772387629
1.6900000000	1.0094542414
1.6950000000	1.1770685271
1.7000000000	1.3938508200
1.7050000000	1.6898899256
1.7100000000	2.0974705061
1.7150000000	2.6799785606
1.7200000000	3.5499133315
1.7250000000	4.9046316078
1.7300000000	6.9990349062
1.7350000000	9.9574587157
1.7400000000	14.2559966928
1.7450000000	21.7079596181
1.7500000000	31.1145493884
1.7550000000	31.7190293941
1.7600000000	22.2124419144
1.7650000000	13.7808660470
1.7700000000	8.7862695694
1.7750000000	5.9461465692
1.7800000000	4.2620117421
1.7850000000	3.2131908298
1.7900000000	2.5384885050
1.7950000000	2.1072645246
1.8000000000	1.8517317008
1.8050000000	1.6893918962
1.8100000000	1.4709690505
1.8150000000	1.1850477012
1.8200000000	0.9572457367
1.8250000000	0.8208059478
1.8300000000	0.7195365490
1.8350000000	0.6324772735
1.8400000000	0.5608040723
1.8450000000	0.5022920229
1.8500000000	0.4537331475
1.8550000000	0.4124978148
1.8600000000	0.3731573443
1.8650000000	0.3390250391
1.8700000000	0.3031296222
1.8750000000	0.2498635590
1.8800000000	0.1290310195
1.8850000000	-0.1329856142
1.8900000000	-0.4835293482
1.8950000000	-0.5393330942
1.9000000000	0.0375886552
1.9050000000	0.5724226759
1.9100000000	0.6347491879
1.9150000000	0.5342133058
1.9200000000	0.4360803486
1.9250000000	0.3670029560
1.9300000000	0.3260181135
1.9350000000	0.2957237740
1.9400000000	0.2772033268
1.9450000000	0.2667547590
1.9500000000	0.2596831649
1.9550000000	0.2505644412
1.9600000000	0.2395468266
1.9650000000	0.2305562755
1.9700000000	0.2251554689
1.9750000000	0.2231586615
1.9800000000	0.2242611047
1.9850000000	0.2285305934
1.9900000000	0.2364446587
1.9950000000	0.2486057105
2.0000000000	0.2644668977
2.0050000000	0.2804015796
2.0100000000	0.2866653780
2.0150000000	0.2835445050
2.0200000000	0.2797037899
2.0250000000	0.2804734152
2.0300000000	0.2867790946
2.0350000000	0.2983225282
2.0400000000	0.3150329477
2.0450000000	0.3373599863
2.0500000000	0.3662107301
2.0550000000	0.4025507431
2.0600000000	0.4463674715
2.0650000000	0.4959061420
2.0700000000	0.5507987271
2.0750000000	0.6170044186
2.0800000000	0.7048593278
2.0850000000	0.8238863356
2.0900000000	0.9797380628
2.0950000000	1.1627511995
2.1000000000	1.3324413987
2.1050000000	1.4322745689
2.1100000000	1.4351967821
2.1150000000	1.4041739440
2.1200000000	1.4088434095
2.1250000000	1.4835509072
2.1300000000	1.6440302545
2.1350000000	1.9075228559
2.1400000000	2.3030498429
2.1450000000	2.8763733639
2.1500000000	3.6873280000
2.1550000000	4.7775924697
2.1600000000	6.0583766700
2.1650000000	7.1278563335
2.1700000000	7.3746256502
2.1750000000	6.5934972115
2.1800000000	5.3160666391
2.1850000000	4.0972060365
2.1900000000	3.1477315939
2.1950000000	2.4655019127
2.2000000000	1.9911732075
2.2050000000	1.6687644829
2.2100000000	1.4484141912
2.2150000000	1.2782248286
2.2200000000	1.1191776948
2.2250000000	0.9615060307
2.2300000000	0.8158606446
2.2350000000	0.6903634897
2.2400000000	0.5846483791
2.2450000000	0.4942140357
2.2500000000	0.4142322371
2.2550000000	0.3416870520
2.2600000000	0.2692727636
2.2650000000	0.2155398161
2.2700000000	0.1849899514
2.2750000000	0.1894965997
2.2800000000	0.2277352521
2.2850000000	0.2771007393
2.2900000000	0.3125981496
2.2950000000	0.3270068198
2.3000000000	0.3265162923
2.3050000000	0.3182116819
2.3100000000	0.3079741825
2.3150000000	0.2985480591
2.3200000000	0.2910022251
2.3250000000	0.2857893745
2.3300000000	0.2831428327
2.3350000000	0.2831933329
2.3400000000	0.2860340821
2.3450000000	0.2917795229
2.3500000000	0.3005761832
2.3550000000	0.3127614311
2.3600000000	0.3279423848
2.3650000000	0.3462697331
2.3700000000	0.3676706386
2.3750000000	0.3923672363
2.3800000000	0.4212271501
2.3850000000	0.4553090176
2.3900000000	0.4949221824
2.3950000000	0.5385468444
2.4000000000	0.5821258670
2.4050000000	0.6217104887
2.4100000000	0.6474851797
2.4150000000	0.6575884388
2.4200000000	0.6565665528
2.4250000000	0.6523198190
2.4300000000	0.6520538491
2.4350000000	0.6603351455
2.4400000000	0.6792354878
2.4450000000	0.7094857090
2.4500000000	0.7517696384
2.4550000000	0.8074269069
2.4600000000	0.8795256777
2.4650000000	0.9711064977
2.4700000000	1.0852001421
2.4750000000	1.2234315655
2.4800000000	1.3842979977
2.4850000000	1.5607708888
2.4900000000	1.7375469063
2.4950000000	1.8897241625
2.5000000000	1.9864750944
2.5050000000	1.9961618125
2.5100000000	1.9068004005
2.5150000000	1.7425255280
2.5200000000	1.5411686872
2.5250000000	1.3357198393
2.5300000000	1.1461490708
2.5350000000	0.9807417782
2.5400000000	0.8405980747
2.5450000000	0.7235292548
2.5500000000	0.6264390431
2.5550000000	0.5465491717
2.5600000000	0.4794957389
2.5650000000	0.4288298781
2.5700000000	0.3917812348
2.5750000000	0.3670188860
2.5800000000	0.3519787437
2.5850000000	0.3432124771
2.5900000000	0.3375158202
2.5950000000	0.3329059718
2.6000000000	0.3287263952
2.6050000000	0.3273718824
2.6100000000	0.3272360428
2.6150000000	0.3289041202
2.6200000000	0.3326862812
2.6250000000	0.3386353756
2.6300000000	0.3465550486
2.6350000000	0.3560048090
2.6400000000	0.3663114745
2.6450000000	0.3766270734
2.6500000000	0.3860612711
2.6550000000	0.3938916427
2.6600000000	0.3997967910
2.6650000000	0.4040109027
2.6700000000	0.4072867953
2.6750000000	0.4107240370
2.6800000000	0.4153867142
2.6850000000	0.4222973648
2.6900000000	0.4321907134
2.6950000000	0.4455449767
2.7000000000	0.4626133431
2.7050000000	0.4858664400
2.7100000000	0.5139097786
2.7150000000	0.5463975482
2.7200000000	0.5825568471
2.7250000000	0.6210322634
2.7300000000	0.6597521076
2.7350000000	0.6959100498
2.7400000000	0.7261679291
2.7450000000	0.7471487676
2.7500000000	0.7561534423
2.7550000000	0.7518624498
2.7600000000	0.7347063687
2.7650000000	0.7067198844
2.7700000000	0.6709675798
2.7750000000	0.6308155523
2.7800000000	0.5893359066
2.7850000000	0.5489699290
2.7900000000	0.5111293600
2.7950000000	0.4773471804
2.8000000000	0.4479411237
2.8050000000	0.4202505166
2.8100000000	0.3978673674
2.8150000000	0.3800492630
2.8200000000	0.3659995882
2.8250000000	0.3549987922
2.8300000000	0.3464492386
2.8350000000	0.3398715050
2.8400000000	0.3348737128
2.8450000000	0.3311344081
2.8500000000	0.3283977443
2.8550000000	0.3264888555
2.8600000000	0.3253292599
2.8650000000	0.3249420423
2.8700000000	0.3254358029
2.8750000000	0.3269722694
2.8800000000	0.3297224488
2.8850000000	0.3338283164
2.8900000000	0.3393727084
2.8950000000	0.3463603215
2.9000000000	0.3547012394
2.9050000000	0.3665857443
2.9100000000	0.3791894309
2.9150000000	0.3917323711
2.9200000000	0.4032342351
2.9250000000	0.4126494305
2.9300000000	0.4190166963
2.9350000000	0.4216307707
2.9400000000	0.4201853309
2.9450000000	0.4148336575
2.9500000000	0.4061471527
2.9550000000	0.3949763066
2.9600000000	0.3822795081
2.9650000000	0.3689615043
2.9700000000	0.3557682968
2.9750000000	0.3432395791
2.9800000000	0.3317131182
2.9850000000	0.3213601534
2.9900000000	0.3122313976
2.9950000000	0.3043012830
3.0000000000	0.2975046091
