# energy (eV)    P(omega), $W$ = 400 nm, $h$ = 300 nm, $s$ = 20 nm, $d/W = 50$, $E_{\rm e}$ = 200 keV
0.2000000000	0.1056640290
0.2050000000	0.1066538906
0.2100000000	0.1073137537
0.2150000000	0.1076328789
0.2200000000	0.1075954269
0.2250000000	0.1071794095
0.2300000000	0.1063553765
0.2350000000	0.1050846188
0.2400000000	0.1033168138
0.2450000000	0.1009870873
0.2500000000	0.0980119026
0.2550000000	0.0942837730
0.2600000000	0.0896639336
0.2650000000	0.0942889287
0.2700000000	0.1061368504
0.2750000000	0.1230612703
0.2800000000	0.1465899396
0.2850000000	0.1812129724
0.2900000000	0.2239714953
0.2950000000	0.2851480696
0.3000000000	0.3671773490
0.3050000000	0.4926977890
0.3100000000	0.6671121146
0.3150000000	1.0043484177
0.3200000000	1.5298512856
0.3250000000	1.8867448221
0.3300000000	2.3796457532
0.3350000000	3.0772589511
0.3400000000	4.1711520978
0.3450000000	6.0458888336
0.3500000000	9.7804777861
0.3550000000	18.4146877530
0.3600000000	45.1617361527
0.3650000000	0.3218099851
0.3700000000	20.7974818282
0.3750000000	27.3037899682
0.3800000000	12.6862335864
0.3850000000	7.1243294730
0.3900000000	4.5548108237
0.3950000000	3.1988342055
0.4000000000	2.4142599503
0.4050000000	1.9031944838
0.4100000000	1.5704612310
0.4150000000	1.3507314850
0.4200000000	1.2112624821
0.4250000000	1.1015906150
0.4300000000	0.9732134849
0.4350000000	0.8716097008
0.4400000000	0.7911967098
0.4450000000	0.7271713042
0.4500000000	0.6764879410
0.4550000000	0.6361445711
0.4600000000	0.6044745271
0.4650000000	0.5797396151
0.4700000000	0.5607836691
0.4750000000	0.5467912326
0.4800000000	0.5370531051
0.4850000000	0.5309517049
0.4900000000	0.5281125676
0.4950000000	0.5282457285
0.5000000000	0.5311013832
0.5050000000	0.5365591573
0.5100000000	0.5445169363
0.5150000000	0.5549095560
0.5200000000	0.5677418457
0.5250000000	0.5830153877
0.5300000000	0.6009588036
0.5350000000	0.6216597795
0.5400000000	0.6452930910
0.5450000000	0.6720943403
0.5500000000	0.7024004905
0.5550000000	0.7365788261
0.5600000000	0.7750796148
0.5650000000	0.8184851628
0.5700000000	0.8676031182
0.5750000000	0.9230173874
0.5800000000	0.9858488038
0.5850000000	1.0576325389
0.5900000000	1.1393742331
0.5950000000	1.2332488153
0.6000000000	1.3421277882
0.6050000000	1.4681191845
0.6100000000	1.6161618286
0.6150000000	1.7902929300
0.6200000000	1.9975002719
0.6250000000	2.2478185574
0.6300000000	2.5514006899
0.6350000000	2.9274636949
0.6400000000	3.3970770379
0.6450000000	3.9986416267
0.6500000000	4.7810324752
0.6550000000	5.8271376744
0.6600000000	7.2768973862
0.6650000000	9.3510497644
0.6700000000	12.4893126925
0.6750000000	17.5308822606
0.6800000000	26.4353868553
0.6850000000	44.2872797721
0.6900000000	88.6092179347
0.6950000000	248.3190406140
0.7000000000	1202.3293537740
0.7050000000	583.5494584346
0.7100000000	149.6465101531
0.7150000000	63.5294829828
0.7200000000	34.6348608740
0.7250000000	21.7195111423
0.7300000000	14.8709210885
0.7350000000	10.8257376764
0.7400000000	8.2374993463
0.7450000000	6.4821594795
0.7500000000	5.2396937081
0.7550000000	4.3276161705
0.7600000000	3.6406624395
0.7650000000	3.1083520875
0.7700000000	2.6884560751
0.7750000000	2.3515878592
0.7800000000	2.0780138466
0.7850000000	1.8528815747
0.7900000000	1.6644014960
0.7950000000	1.5070487836
0.8000000000	1.3733181481
0.8050000000	1.2587996329
0.8100000000	1.1613167481
0.8150000000	1.0759174930
0.8200000000	1.0015861652
0.8250000000	0.9391340807
0.8300000000	0.8844486563
0.8350000000	0.8368726961
0.8400000000	0.7987959159
0.8450000000	0.7655050978
0.8500000000	0.7371720317
0.8550000000	0.7187970734
0.8600000000	0.7038665936
0.8650000000	0.6928557062
0.8700000000	0.6948911758
0.8750000000	0.6948134388
0.8800000000	0.6900100733
0.8850000000	0.6595496141
0.8900000000	0.5138658923
0.8950000000	-0.2118428066
0.9000000000	-4.0938881946
0.9050000000	-26.9251779844
0.9100000000	5.1160313100
0.9150000000	12.1064043555
0.9200000000	5.0206506347
0.9250000000	2.6113478899
0.9300000000	1.5953333929
0.9350000000	1.1108657497
0.9400000000	0.8502416428
0.9450000000	0.7063854511
0.9500000000	0.6050313491
0.9550000000	0.5381009765
0.9600000000	0.4978788560
0.9650000000	0.4659748288
0.9700000000	0.4451940983
0.9750000000	0.4339431459
0.9800000000	0.4317246045
0.9850000000	0.4416594291
0.9900000000	0.4636990569
0.9950000000	0.5087994228
1.0000000000	0.5988798157
1.0050000000	0.7940329523
1.0100000000	1.2952941142
1.0150000000	2.9911587428
1.0200000000	6.0564328680
1.0250000000	2.5239002929
1.0300000000	1.1007275126
1.0350000000	0.6778797784
1.0400000000	0.5108156099
1.0450000000	0.4308140149
1.0500000000	0.3881119034
1.0550000000	0.3633505528
1.0600000000	0.3487948842
1.0650000000	0.3406077923
1.0700000000	0.3366554740
1.0750000000	0.3359484300
1.0800000000	0.3373987155
1.0850000000	0.3411514943
1.0900000000	0.3482005747
1.0950000000	0.3571074643
1.1000000000	0.3679235400
1.1050000000	0.3805405496
1.1100000000	0.3951739925
1.1150000000	0.4119856080
1.1200000000	0.4312049187
1.1250000000	0.4530613982
1.1300000000	0.4780600961
1.1350000000	0.5066603763
1.1400000000	0.5394130360
1.1450000000	0.5771249223
1.1500000000	0.6205094419
1.1550000000	0.6714201835
1.1600000000	0.7313610192
1.1650000000	0.8027917563
1.1700000000	0.8885281234
1.1750000000	0.9901748700
1.1800000000	1.1124220926
1.1850000000	1.3861325154
1.1900000000	1.7591807726
1.1950000000	2.5268362090
1.2000000000	3.5259638014
1.2050000000	2.9971758973
1.2100000000	2.7787314198
1.2150000000	3.0481143830
1.2200000000	3.6201681201
1.2250000000	4.5141541399
1.2300000000	5.8796866733
1.2350000000	8.0423098027
1.2400000000	11.6850823985
1.2450000000	18.5410385769
1.2500000000	33.3777746339
1.2550000000	72.1458130868
1.2600000000	173.9946641157
1.2650000000	175.9616132981
1.2700000000	73.0669720352
1.2750000000	33.6619898244
1.2800000000	18.6017791390
1.2850000000	11.6688088176
1.2900000000	7.9747509959
1.2950000000	5.7922922999
1.3000000000	4.4014349651
1.3050000000	3.4636189495
1.3100000000	2.8003713215
1.3150000000	2.3185508816
1.3200000000	1.9580121514
1.3250000000	1.6821577342
1.3300000000	1.4682346900
1.3350000000	1.3013040397
1.3400000000	1.1718425366
1.3450000000	1.0735150371
1.3500000000	1.0068544351
1.3550000000	0.9756373571
1.3600000000	0.9952951067
1.3650000000	1.1091829809
1.3700000000	1.4416918287
1.3750000000	2.3255443740
1.3800000000	3.5508392280
1.3850000000	2.5580105248
1.3900000000	1.4276992527
1.3950000000	0.9153885131
1.4000000000	0.6455888010
1.4050000000	0.4421068312
1.4100000000	0.1967235498
1.4150000000	-0.2594199831
1.4200000000	-1.3801989738
1.4250000000	-4.4274711070
1.4300000000	-5.8796236790
1.4350000000	2.5593888187
1.4400000000	3.3037545220
1.4450000000	1.9588836186
1.4500000000	1.2030861947
1.4550000000	0.8225733870
1.4600000000	0.6133970281
1.4650000000	0.4761033940
1.4700000000	0.3686394131
1.4750000000	0.3514834708
1.4800000000	0.3780004411
1.4850000000	0.3473183122
1.4900000000	0.3191083697
1.4950000000	0.2996933620
1.5000000000	0.2861973624
1.5050000000	0.2773204763
1.5100000000	0.2715670246
1.5150000000	0.2694645256
1.5200000000	0.2686451318
1.5250000000	0.2705497409
1.5300000000	0.2758133859
1.5350000000	0.2858216452
1.5400000000	0.3034421690
1.5450000000	0.3348369920
1.5500000000	0.3937316321
1.5550000000	0.5075448448
1.5600000000	0.6797002177
1.5650000000	0.7047778959
1.5700000000	0.5403266623
1.5750000000	0.4207381217
1.5800000000	0.3629986924
1.5850000000	0.3368317128
1.5900000000	0.3262687242
1.5950000000	0.3242552121
1.6000000000	0.3275836576
1.6050000000	0.3348718353
1.6100000000	0.3452080606
1.6150000000	0.3582254409
1.6200000000	0.3739998826
1.6250000000	0.3925960111
1.6300000000	0.4142572849
1.6350000000	0.4393504004
1.6400000000	0.4683662591
1.6450000000	0.5019516958
1.6500000000	0.5409297806
1.6550000000	0.5863488645
1.6600000000	0.6395692249
1.6650000000	0.7023429319
1.6700000000	0.7762696552
1.6750000000	0.8656729015
1.6800000000	0.9740942177
1.6850000000	1.1071948134
1.6900000000	1.2729220874
1.6950000000	1.4827895565
1.7000000000	1.7538471725
1.7050000000	2.1233621947
1.7100000000	2.6309278061
1.7150000000	3.3541735152
1.7200000000	4.4303617366
1.7250000000	6.1005525849
1.7300000000	8.6853614398
1.7350000000	12.3968308621
1.7400000000	17.9024632280
1.7450000000	27.4296765388
1.7500000000	39.4056151412
1.7550000000	40.1857905712
1.7600000000	28.1307882032
1.7650000000	17.4407037289
1.7700000000	11.1101899360
1.7750000000	7.5111165443
1.7800000000	5.3765979550
1.7850000000	4.0458596897
1.7900000000	3.1868320577
1.7950000000	2.6323061169
1.8000000000	2.2947511317
1.8050000000	2.0742569104
1.8100000000	1.8006806392
1.8150000000	1.4584725824
1.8200000000	1.1857409089
1.8250000000	1.0180619068
1.8300000000	0.8926915319
1.8350000000	0.7856269377
1.8400000000	0.6974234996
1.8450000000	0.6251293999
1.8500000000	0.5648647244
1.8550000000	0.5134481520
1.8600000000	0.4640912066
1.8650000000	0.4209667025
1.8700000000	0.3752236238
1.8750000000	0.3072454332
1.8800000000	0.1544533119
1.8850000000	-0.1747099848
1.8900000000	-0.6140958824
1.8950000000	-0.6826007058
1.9000000000	0.0438726929
1.9050000000	0.7165880327
1.9100000000	0.7951412251
1.9150000000	0.6691098402
1.9200000000	0.5462234296
1.9250000000	0.4599950314
1.9300000000	0.4092828403
1.9350000000	0.3723671313
1.9400000000	0.3507606492
1.9450000000	0.3397521039
1.9500000000	0.3325248915
1.9550000000	0.3207368147
1.9600000000	0.3048631880
1.9650000000	0.2914350703
1.9700000000	0.2830987497
1.9750000000	0.2795887441
1.9800000000	0.2803730833
1.9850000000	0.2854437046
1.9900000000	0.2953741025
1.9950000000	0.3109309264
2.0000000000	0.3313664531
2.0050000000	0.3517338820
2.0100000000	0.3591184449
2.0150000000	0.3538058888
2.0200000000	0.3472872360
2.0250000000	0.3466322424
2.0300000000	0.3530230618
2.0350000000	0.3659820883
2.0400000000	0.3852998041
2.0450000000	0.4114163661
2.0500000000	0.4453350428
2.0550000000	0.4881244589
2.0600000000	0.5396501335
2.0650000000	0.5976301542
2.0700000000	0.6613933261
2.0750000000	0.7378126027
2.0800000000	0.8389200372
2.0850000000	0.9756861675
2.0900000000	1.1546598752
2.0950000000	1.3651274324
2.1000000000	1.5618696234
2.1050000000	1.6817120085
2.1100000000	1.6948325422
2.1150000000	1.6724621363
2.1200000000	1.6935811163
2.1250000000	1.7979744192
2.1300000000	2.0051419688
2.1350000000	2.3371565082
2.1400000000	2.8305722033
2.1450000000	3.5423111082
2.1500000000	4.5461932320
2.1550000000	5.8931061527
2.1600000000	7.4730603161
2.1650000000	8.7907216569
2.1700000000	9.0927192738
2.1750000000	8.1269700370
2.1800000000	6.5499852292
2.1850000000	5.0461907931
2.1900000000	3.8752644501
2.1950000000	3.0342690696
2.2000000000	2.4498451858
2.2050000000	2.0528274336
2.2100000000	1.7816440050
2.2150000000	1.5721773016
2.2200000000	1.3762284858
2.2250000000	1.1818020639
2.2300000000	1.0021561208
2.2350000000	0.8473900673
2.2400000000	0.7170796275
2.2450000000	0.6056740769
2.2500000000	0.5072109292
2.2550000000	0.4179517813
2.2600000000	0.3288961333
2.2650000000	0.2628006390
2.2700000000	0.2252088609
2.2750000000	0.2307130931
2.2800000000	0.2776645359
2.2850000000	0.3382762634
2.2900000000	0.3818683727
2.2950000000	0.3996000848
2.3000000000	0.3990694351
2.3050000000	0.3889506593
2.3100000000	0.3763304414
2.3150000000	0.3644629624
2.3200000000	0.3546225722
2.3250000000	0.3474250473
2.3300000000	0.3432492764
2.3350000000	0.3423136878
2.3400000000	0.3447435104
2.3450000000	0.3506566579
2.3500000000	0.3601975060
2.3550000000	0.3737402067
2.3600000000	0.3907847781
2.3650000000	0.4115003182
2.3700000000	0.4357872718
2.3750000000	0.4638867858
2.3800000000	0.4967825916
2.3850000000	0.5356866636
2.3900000000	0.5809753607
2.3950000000	0.6309701834
2.4000000000	0.6811375766
2.4050000000	0.7271744831
2.4100000000	0.7579660768
2.4150000000	0.7713985674
2.4200000000	0.7725684922
2.4250000000	0.7703904493
2.4300000000	0.7730450302
2.4350000000	0.7857555770
2.4400000000	0.8109202597
2.4450000000	0.8494264274
2.4500000000	0.9021607771
2.4550000000	0.9708360205
2.4600000000	1.0592235929
2.4650000000	1.1710527255
2.4700000000	1.3099851333
2.4750000000	1.4779412220
2.4800000000	1.6730356821
2.4850000000	1.8866979029
2.4900000000	2.1003800494
2.4950000000	2.2839883594
2.5000000000	2.4003305313
2.5050000000	2.4112726851
2.5100000000	2.3024941164
2.5150000000	2.1032875520
2.5200000000	1.8594308641
2.5250000000	1.6107921446
2.5300000000	1.3814748475
2.5350000000	1.1814556543
2.5400000000	1.0120321477
2.5450000000	0.8705356023
2.5500000000	0.7532052212
2.5550000000	0.6566686408
2.5600000000	0.5756448802
2.5650000000	0.5143973469
2.5700000000	0.4695664024
2.5750000000	0.4395287674
2.5800000000	0.4211756799
2.5850000000	0.4103371264
2.5900000000	0.4031414090
2.5950000000	0.3971928586
2.6000000000	0.3916952949
2.6050000000	0.3894512003
2.6100000000	0.3885914297
2.6150000000	0.3898198784
2.6200000000	0.3935121507
2.6250000000	0.3997413876
2.6300000000	0.4082921388
2.6350000000	0.4186709343
2.6400000000	0.4301223378
2.6450000000	0.4416967480
2.6500000000	0.4523999637
2.6550000000	0.4614286860
2.6600000000	0.4684307285
2.6650000000	0.4736772752
2.6700000000	0.4780189503
2.6750000000	0.4826963939
2.6800000000	0.4889088768
2.6850000000	0.4978111810
2.6900000000	0.5102369587
2.6950000000	0.5267319099
2.7000000000	0.5475880338
2.7050000000	0.5758115025
2.7100000000	0.6096706143
2.7150000000	0.6487564216
2.7200000000	0.6921489438
2.7250000000	0.7382324831
2.7300000000	0.7845358684
2.7350000000	0.8277116926
2.7400000000	0.8637797120
2.7450000000	0.8887177808
2.7500000000	0.8993165309
2.7550000000	0.8940156104
2.7600000000	0.8733447539
2.7650000000	0.8397468083
2.7700000000	0.7968879773
2.7750000000	0.7487901451
2.7800000000	0.6991191715
2.7850000000	0.6507853932
2.7900000000	0.6054683164
2.7950000000	0.5649894062
2.8000000000	0.5297234067
2.8050000000	0.4964747615
2.8100000000	0.4695367994
2.8150000000	0.4480260487
2.8200000000	0.4309960985
2.8250000000	0.4175962447
2.8300000000	0.4071232904
2.8350000000	0.3990162246
2.8400000000	0.3928205592
2.8450000000	0.3881653262
2.8500000000	0.3847565681
2.8550000000	0.3823926030
2.8600000000	0.3809807078
2.8650000000	0.3805426830
2.8700000000	0.3811963181
2.8750000000	0.3831184510
2.8800000000	0.3864966201
2.8850000000	0.3914851910
2.8900000000	0.3981711385
2.8950000000	0.4065512841
2.9000000000	0.4165132772
2.9050000000	0.4306681529
2.9100000000	0.4456374543
2.9150000000	0.4604990559
2.9200000000	0.4740950459
2.9250000000	0.4851912789
2.9300000000	0.4926555076
2.9350000000	0.4956586428
2.9400000000	0.4938439410
2.9450000000	0.4873987411
2.9500000000	0.4770028664
2.9550000000	0.4636666560
2.9600000000	0.4485258286
2.9650000000	0.4326524566
2.9700000000	0.4169301327
2.9750000000	0.4019982873
2.9800000000	0.3882579151
2.9850000000	0.3759128404
2.9900000000	0.3650247097
2.9950000000	0.3555653319
3.0000000000	0.3474591146
