# energy (eV)    P(omega), $W$ = 400 nm, $h$ = 300 nm, $s$ = 20 nm, $d/W = 100$, $E_{\rm e}$ = 200 keV
0.2000000000	0.2994224888
0.2050000000	0.3022249209
0.2100000000	0.3040862528
0.2150000000	0.3049762998
0.2200000000	0.3048502833
0.2250000000	0.3036459360
0.2300000000	0.3012799448
0.2350000000	0.2976425273
0.2400000000	0.2925909080
0.2450000000	0.2859410414
0.2500000000	0.2774558725
0.2550000000	0.2668303942
0.2600000000	0.2536705996
0.2650000000	0.2668101057
0.2700000000	0.3004874791
0.2750000000	0.3485906555
0.2800000000	0.4154572135
0.2850000000	0.5138437619
0.2900000000	0.6353269965
0.2950000000	0.8091205588
0.3000000000	1.0421219318
0.3050000000	1.3986270284
0.3100000000	1.8939355862
0.3150000000	2.8515975117
0.3200000000	4.3437021417
0.3250000000	5.3566116168
0.3300000000	6.7554094370
0.3350000000	8.7349878680
0.3400000000	11.8388906986
0.3450000000	17.1581131178
0.3500000000	27.7537587158
0.3550000000	52.2488048001
0.3600000000	128.1242734295
0.3650000000	0.9285421480
0.3700000000	58.9837625554
0.3750000000	77.4283889744
0.3800000000	35.9704499802
0.3850000000	20.1971264488
0.3900000000	12.9105646371
0.3950000000	9.0655393151
0.4000000000	6.8408721446
0.4050000000	5.3918068432
0.4100000000	4.4483795022
0.4150000000	3.8253220022
0.4200000000	3.4297629623
0.4250000000	3.1186948954
0.4300000000	2.7547496653
0.4350000000	2.4667070895
0.4400000000	2.2387312207
0.4450000000	2.0572026265
0.4500000000	1.9134818467
0.4550000000	1.7990600343
0.4600000000	1.7092083794
0.4650000000	1.6390000761
0.4700000000	1.5851572440
0.4750000000	1.5453654127
0.4800000000	1.5176149893
0.4850000000	1.5001539829
0.4900000000	1.4919199025
0.4950000000	1.4920892401
0.5000000000	1.4999526301
0.5050000000	1.5151664321
0.5100000000	1.5374401063
0.5150000000	1.5665856162
0.5200000000	1.6026145147
0.5250000000	1.6455285954
0.5300000000	1.6959699802
0.5350000000	1.7541839456
0.5400000000	1.8206608416
0.5450000000	1.8960621887
0.5500000000	1.9813356374
0.5550000000	2.0775144370
0.5600000000	2.1858639015
0.5650000000	2.3080227632
0.5700000000	2.4462646696
0.5750000000	2.6022297616
0.5800000000	2.7790715129
0.5850000000	2.9811135052
0.5900000000	3.2111796098
0.5950000000	3.4753917984
0.6000000000	3.7818315489
0.6050000000	4.1364253650
0.6100000000	4.5530723189
0.6150000000	5.0431278536
0.6200000000	5.6262515759
0.6250000000	6.3306787472
0.6300000000	7.1849656866
0.6350000000	8.2431808795
0.6400000000	9.5645874118
0.6450000000	11.2572222526
0.6500000000	13.4585487884
0.6550000000	16.4017529870
0.6600000000	20.4804581972
0.6650000000	26.3155582385
0.6700000000	35.1438796603
0.6750000000	49.3257970906
0.6800000000	74.3730231102
0.6850000000	124.5857178099
0.6900000000	249.2459563266
0.6950000000	698.4242466437
0.7000000000	3381.3722690971
0.7050000000	1640.9963611068
0.7100000000	420.7821741249
0.7150000000	178.6187072507
0.7200000000	97.3702315345
0.7250000000	61.0553958094
0.7300000000	41.7997251790
0.7350000000	30.4266959174
0.7400000000	23.1501914226
0.7450000000	18.2155013190
0.7500000000	14.7227786353
0.7550000000	12.1589275061
0.7600000000	10.2279783976
0.7650000000	8.7317798077
0.7700000000	7.5515991515
0.7750000000	6.6048194793
0.7800000000	5.8359590514
0.7850000000	5.2032622219
0.7900000000	4.6735925492
0.7950000000	4.2314090645
0.8000000000	3.8556183998
0.8050000000	3.5338267500
0.8100000000	3.2599076863
0.8150000000	3.0199524104
0.8200000000	2.8111009231
0.8250000000	2.6356199261
0.8300000000	2.4819636916
0.8350000000	2.3482820780
0.8400000000	2.2412698912
0.8450000000	2.1477036015
0.8500000000	2.0680618982
0.8550000000	2.0163573771
0.8600000000	1.9743238896
0.8650000000	1.9432911996
0.8700000000	1.9488350536
0.8750000000	1.9484667669
0.8800000000	1.9348785513
0.8850000000	1.8494513475
0.8900000000	1.4413794829
0.8950000000	-0.5908675413
0.9000000000	-11.4607743243
0.9050000000	-75.3838620529
0.9100000000	14.3236535228
0.9150000000	33.8911201814
0.9200000000	14.0550023214
0.9250000000	7.3108645681
0.9300000000	4.4671350798
0.9350000000	3.1113567641
0.9400000000	2.3821808974
0.9450000000	1.9798743627
0.9500000000	1.6966271497
0.9550000000	1.5098283008
0.9600000000	1.3979030550
0.9650000000	1.3094662469
0.9700000000	1.2524282706
0.9750000000	1.2224587806
0.9800000000	1.2183685680
0.9850000000	1.2492399259
0.9900000000	1.3156243608
0.9950000000	1.4495175266
1.0000000000	1.7154267513
1.0050000000	2.2900204191
1.0100000000	3.7650655257
1.0150000000	8.7545489718
1.0200000000	17.7756162960
1.0250000000	7.3841048905
1.0300000000	3.1964818327
1.0350000000	1.9520097410
1.0400000000	1.4601228678
1.0450000000	1.2243579123
1.0500000000	1.0982155987
1.0550000000	1.0248411662
1.0600000000	0.9814025930
1.0650000000	0.9565982182
1.0700000000	0.9441438674
1.0750000000	0.9410919789
1.0800000000	0.9442941703
1.0850000000	0.9540780985
1.0900000000	0.9731665735
1.0950000000	0.9975233149
1.1000000000	1.0272696898
1.1050000000	1.0620815257
1.1100000000	1.1025488301
1.1150000000	1.1491098346
1.1200000000	1.2023985950
1.1250000000	1.2630494928
1.1300000000	1.3324591371
1.1350000000	1.4119102933
1.1400000000	1.5029254401
1.1450000000	1.6077518546
1.1500000000	1.7283819862
1.1550000000	1.8699654235
1.1600000000	2.0366914564
1.1650000000	2.2354046347
1.1700000000	2.4738465251
1.1750000000	2.7560495792
1.1800000000	3.0935178607
1.1850000000	3.8558938414
1.1900000000	4.8972655477
1.1950000000	7.0406543107
1.2000000000	9.8298732931
1.2050000000	8.3474181168
1.2100000000	7.7311122589
1.2150000000	8.4762341850
1.2200000000	10.0642992136
1.2250000000	12.5475639008
1.2300000000	16.3412354878
1.2350000000	22.3495223230
1.2400000000	32.4698863114
1.2450000000	51.5165690898
1.2500000000	92.7332225031
1.2550000000	200.4264233535
1.2600000000	483.3325233892
1.2650000000	488.7580226973
1.2700000000	202.9374927585
1.2750000000	93.4857429971
1.2800000000	51.6562403349
1.2850000000	32.4008048561
1.2900000000	22.1413605660
1.2950000000	16.0802065987
1.3000000000	12.2175692100
1.3050000000	9.6130815611
1.3100000000	7.7710704437
1.3150000000	6.4328298726
1.3200000000	5.4313020942
1.3250000000	4.6648058327
1.3300000000	4.0701060121
1.3350000000	3.6056349506
1.3400000000	3.2448136058
1.3450000000	2.9698224065
1.3500000000	2.7817289168
1.3550000000	2.6902102334
1.3600000000	2.7363515841
1.3650000000	3.0362608064
1.3700000000	3.9235442105
1.3750000000	6.2908506051
1.3800000000	9.5748693822
1.3850000000	6.9070573339
1.3900000000	3.8702141054
1.3950000000	2.4911948698
1.4000000000	1.7616051203
1.4050000000	1.2068361962
1.4100000000	0.5318616352
1.4150000000	-0.7294018151
1.4200000000	-3.8341328377
1.4250000000	-12.2793115477
1.4300000000	-16.3022734713
1.4350000000	7.0890850933
1.4400000000	9.1520572696
1.4450000000	5.4250834001
1.4500000000	3.3309191029
1.4550000000	2.2769267143
1.4600000000	1.6980807550
1.4650000000	1.3195011924
1.4700000000	1.0254205604
1.4750000000	0.9750404765
1.4800000000	1.0431976505
1.4850000000	0.9587315946
1.4900000000	0.8814804203
1.4950000000	0.8282404933
1.5000000000	0.7911961206
1.5050000000	0.7668595740
1.5100000000	0.7511391918
1.5150000000	0.7455323250
1.5200000000	0.7435156376
1.5250000000	0.7491167296
1.5300000000	0.7641506956
1.5350000000	0.7925563672
1.5400000000	0.8424666559
1.5450000000	0.9313495994
1.5500000000	1.0981097088
1.5550000000	1.4204700783
1.5600000000	1.9081668436
1.5650000000	1.9790754355
1.5700000000	1.5126838056
1.5750000000	1.1732963791
1.5800000000	1.0091158422
1.5850000000	0.9343429652
1.5900000000	0.9037152973
1.5950000000	0.8972298027
1.6000000000	0.9057845628
1.6050000000	0.9254431666
1.6100000000	0.9536140288
1.6150000000	0.9892446299
1.6200000000	1.0325220305
1.6250000000	1.0836059400
1.6300000000	1.1431572050
1.6350000000	1.2121770029
1.6400000000	1.2920112935
1.6450000000	1.3844366856
1.6500000000	1.4917157531
1.6550000000	1.6167285817
1.6600000000	1.7632168233
1.6650000000	1.9359972352
1.6700000000	2.1394614170
1.6750000000	2.3855078557
1.6800000000	2.6838654497
1.6850000000	3.0500896028
1.6900000000	3.5060118099
1.6950000000	4.0832506796
1.7000000000	4.8286040857
1.7050000000	5.8443758644
1.7100000000	7.2390490101
1.7150000000	9.2252788651
1.7200000000	12.1788119609
1.7250000000	16.7596668064
1.7300000000	23.8503624897
1.7350000000	34.0618609020
1.7400000000	49.2651905257
1.7450000000	75.5650869741
1.7500000000	108.5998105932
1.7550000000	110.7555954960
1.7600000000	77.5247823374
1.7650000000	48.0579626126
1.7700000000	30.6093120176
1.7750000000	20.6897378823
1.7800000000	14.8066301145
1.7850000000	11.1383098405
1.7900000000	8.7690362220
1.7950000000	7.2372294762
1.8000000000	6.3009201315
1.8050000000	5.6867843852
1.8100000000	4.9342520457
1.8150000000	3.9999939813
1.8200000000	3.2553812639
1.8250000000	2.7955694597
1.8300000000	2.4513547268
1.8350000000	2.1577201015
1.8400000000	1.9157840159
1.8450000000	1.7173525720
1.8500000000	1.5518107113
1.8550000000	1.4104517272
1.8600000000	1.2746011886
1.8650000000	1.1557315557
1.8700000000	1.0294296447
1.8750000000	0.8417212294
1.8800000000	0.4207503474
1.8850000000	-0.4847854301
1.8900000000	-1.6929303625
1.8950000000	-1.8804480811
1.9000000000	0.1190462857
1.9050000000	1.9701593684
1.9100000000	2.1864260547
1.9150000000	1.8398940684
1.9200000000	1.5020913565
1.9250000000	1.2652342009
1.9300000000	1.1262295596
1.9350000000	1.0254199825
1.9400000000	0.9670676634
1.9450000000	0.9381732009
1.9500000000	0.9193812394
1.9550000000	0.8867355470
1.9600000000	0.8417282270
1.9650000000	0.8033742796
1.9700000000	0.7794006116
1.9750000000	0.7690520531
1.9800000000	0.7707592923
1.9850000000	0.7844259549
1.9900000000	0.8115936055
1.9950000000	0.8543579572
2.0000000000	0.9106336499
2.0050000000	0.9666767703
2.0100000000	0.9867414670
2.0150000000	0.9715781524
2.0200000000	0.9529847473
2.0250000000	0.9505272388
2.0300000000	0.9674594953
2.0350000000	1.0024284468
2.0400000000	1.0548101302
2.0450000000	1.1257624229
2.0500000000	1.2179858437
2.0550000000	1.3343581098
2.0600000000	1.4744608717
2.0650000000	1.6319897088
2.0700000000	1.8050103409
2.0750000000	2.0121478939
2.0800000000	2.2860582712
2.0850000000	2.6564630291
2.0900000000	3.1411242615
2.0950000000	3.7112159107
2.1000000000	4.2448962792
2.1050000000	4.5719303094
2.1100000000	4.6121524738
2.1150000000	4.5579343162
2.1200000000	4.6226767146
2.1250000000	4.9142792423
2.1300000000	5.4862323498
2.1350000000	6.3993932436
2.1400000000	7.7542879616
2.1450000000	9.7071441898
2.1500000000	12.4602969337
2.1550000000	16.1529824793
2.1600000000	20.4834713426
2.1650000000	24.0941812010
2.1700000000	24.9205438496
2.1750000000	22.2721749498
2.1800000000	17.9489736897
2.1850000000	13.8268771924
2.1900000000	10.6174357779
2.1950000000	8.3124234443
2.2000000000	6.7106607531
2.2050000000	5.6225033345
2.2100000000	4.8792119220
2.2150000000	4.3051172354
2.2200000000	3.7681914327
2.2250000000	3.2355563784
2.2300000000	2.7434805401
2.2350000000	2.3195884829
2.2400000000	1.9626987115
2.2450000000	1.6576020669
2.2500000000	1.3879668612
2.2550000000	1.1435542006
2.2600000000	0.8997179323
2.2650000000	0.7187669432
2.2700000000	0.6158795341
2.2750000000	0.6310015661
2.2800000000	0.7596016785
2.2850000000	0.9255940545
2.2900000000	1.0449968701
2.2950000000	1.0936238704
2.3000000000	1.0922744787
2.3050000000	1.0646823385
2.3100000000	1.0301651090
2.3150000000	0.9975597532
2.3200000000	0.9703321421
2.3250000000	0.9502088620
2.3300000000	0.9382898806
2.3350000000	0.9352155264
2.3400000000	0.9413407188
2.3450000000	0.9569803143
2.3500000000	0.9825128858
2.3550000000	1.0189433518
2.3600000000	1.0648940044
2.3650000000	1.1208196546
2.3700000000	1.1864423684
2.3750000000	1.2624087718
2.3800000000	1.3513756859
2.3850000000	1.4566238732
2.3900000000	1.5791821699
2.3950000000	1.7145335709
2.4000000000	1.8504582363
2.4050000000	1.9754063343
2.4100000000	2.0593450011
2.4150000000	2.0965558170
2.4200000000	2.1007830759
2.4250000000	2.0960944017
2.4300000000	2.1046030678
2.4350000000	2.1404443976
2.4400000000	2.2101157526
2.4450000000	2.3160360766
2.4500000000	2.4606452736
2.4550000000	2.6486590086
2.4600000000	2.8904018517
2.4650000000	3.1960820766
2.4700000000	3.5756990991
2.4750000000	4.0344778301
2.4800000000	4.5672411675
2.4850000000	5.1505601912
2.4900000000	5.7337813659
2.4950000000	6.2347584171
2.5000000000	6.5520018866
2.5050000000	6.5814676714
2.5100000000	6.2841473016
2.5150000000	5.7400560483
2.5200000000	5.0741764523
2.5250000000	4.3953294398
2.5300000000	3.7692904539
2.5350000000	3.2232727717
2.5400000000	2.7608031071
2.5450000000	2.3745837579
2.5500000000	2.0543412793
2.5550000000	1.7908636370
2.5600000000	1.5697326869
2.5650000000	1.4025719588
2.5700000000	1.2802060981
2.5750000000	1.1981954850
2.5800000000	1.1480497276
2.5850000000	1.1183839490
2.5900000000	1.0986288071
2.5950000000	1.0822439087
2.6000000000	1.0670547614
2.6050000000	1.0606708030
2.6100000000	1.0580250707
2.6150000000	1.0610407176
2.6200000000	1.0707455418
2.6250000000	1.0873442182
2.6300000000	1.1102578521
2.6350000000	1.1381546104
2.6400000000	1.1689947492
2.6450000000	1.2002151013
2.6500000000	1.2291332338
2.6550000000	1.2535832118
2.6600000000	1.2726182692
2.6650000000	1.2869731794
2.6700000000	1.2989474979
2.6750000000	1.3118919026
2.6800000000	1.3290455982
2.6850000000	1.3535283412
2.6900000000	1.3875929940
2.6950000000	1.4327161077
2.7000000000	1.4896883340
2.7050000000	1.5667186768
2.7100000000	1.6590636990
2.7150000000	1.7656115183
2.7200000000	1.8838570214
2.7250000000	2.0094006340
2.7300000000	2.1355117638
2.7350000000	2.2530771495
2.7400000000	2.3512587916
2.7450000000	2.4191071151
2.7500000000	2.4478882226
2.7550000000	2.4333616058
2.7600000000	2.3769760160
2.7650000000	2.2853907516
2.7700000000	2.1685950283
2.7750000000	2.0375414933
2.7800000000	1.9022127810
2.7850000000	1.7705318064
2.7900000000	1.6470691578
2.7950000000	1.5367831487
2.8000000000	1.4406879261
2.8050000000	1.3500768986
2.8100000000	1.2766407449
2.8150000000	1.2179722554
2.8200000000	1.1714968627
2.8250000000	1.1349002253
2.8300000000	1.1062716521
2.8350000000	1.0840881983
2.8400000000	1.0671177345
2.8450000000	1.0543552936
2.8500000000	1.0450050782
2.8550000000	1.0385209722
2.8600000000	1.0346509464
2.8650000000	1.0334521852
2.8700000000	1.0352408227
2.8750000000	1.0404925150
2.8800000000	1.0497113213
2.8850000000	1.0633117731
2.8900000000	1.0815261100
2.8950000000	1.1043422430
2.9000000000	1.1314524325
2.9050000000	1.1699631831
2.9100000000	1.2106748919
2.9150000000	1.2510805223
2.9200000000	1.2880318980
2.9250000000	1.3181759854
2.9300000000	1.3384353616
2.9350000000	1.3465583631
2.9400000000	1.3415775893
2.9450000000	1.3240045389
2.9500000000	1.2956894234
2.9550000000	1.2593804478
2.9600000000	1.2181661312
2.9650000000	1.1749619018
2.9700000000	1.1321696186
2.9750000000	1.0915280814
2.9800000000	1.0541276586
2.9850000000	1.0205231292
2.9900000000	0.9908824224
2.9950000000	0.9651296647
3.0000000000	0.9430600177
