# energy (eV)    P(omega), $W$ = 400 nm, $h$ = 300 nm, $s$ = 20 nm, $d/W = 50$, $E_{\rm e}$ = 200 keV
0.2000000000	0.1288870617
0.2050000000	0.1300966524
0.2100000000	0.1309043005
0.2150000000	0.1312968585
0.2200000000	0.1312549531
0.2250000000	0.1307517206
0.2300000000	0.1297511920
0.2350000000	0.1282061080
0.2400000000	0.1260550535
0.2450000000	0.1232188565
0.2500000000	0.1195955813
0.2550000000	0.1150540759
0.2600000000	0.1094250356
0.2650000000	0.1150666104
0.2700000000	0.1295153246
0.2750000000	0.1501553397
0.2800000000	0.1788504440
0.2850000000	0.2210771909
0.2900000000	0.2732291946
0.2950000000	0.3478478848
0.3000000000	0.4479056377
0.3050000000	0.6010172774
0.3100000000	0.8137796188
0.3150000000	1.2251673125
0.3200000000	1.8662441457
0.3250000000	2.3016940257
0.3300000000	2.9031029443
0.3350000000	3.7543112563
0.3400000000	5.0890715278
0.3450000000	7.3766502752
0.3500000000	11.9337174408
0.3550000000	22.4696773105
0.3600000000	55.1086656899
0.3650000000	0.3914703913
0.3700000000	25.3803728432
0.3750000000	33.3216430680
0.3800000000	15.4829733099
0.3850000000	8.6952928557
0.3900000000	5.5594188715
0.3950000000	3.9045396022
0.4000000000	2.9470075512
0.4050000000	2.3232697223
0.4100000000	1.9171796631
0.4150000000	1.6490105670
0.4200000000	1.4788051443
0.4250000000	1.3449650836
0.4300000000	1.1882772282
0.4350000000	1.0642666345
0.4400000000	0.9661206323
0.4450000000	0.8879773920
0.4500000000	0.8261201751
0.4550000000	0.7768848700
0.4600000000	0.7382375325
0.4650000000	0.7080566864
0.4700000000	0.6849312113
0.4750000000	0.6678659761
0.4800000000	0.6559953485
0.4850000000	0.6485656678
0.4900000000	0.6451199904
0.4950000000	0.6453044982
0.5000000000	0.6488144156
0.5050000000	0.6555031082
0.5100000000	0.6652459868
0.5150000000	0.6779638800
0.5200000000	0.6936628323
0.5250000000	0.7123451721
0.5300000000	0.7342904419
0.5350000000	0.7596060012
0.5400000000	0.7885056793
0.5450000000	0.8212777878
0.5500000000	0.8583342467
0.5550000000	0.9001241819
0.5600000000	0.9471982729
0.5650000000	1.0002684765
0.5700000000	1.0603222263
0.5750000000	1.1280736021
0.5800000000	1.2048930538
0.5850000000	1.2926573181
0.5900000000	1.3925963467
0.5950000000	1.5073692296
0.6000000000	1.6404866417
0.6050000000	1.7945263636
0.6100000000	1.9755267392
0.6150000000	2.1884242520
0.6200000000	2.4417627104
0.6250000000	2.7478110485
0.6300000000	3.1189837238
0.6350000000	3.5787768523
0.6400000000	4.1529526104
0.6450000000	4.8884630960
0.6500000000	5.8450704000
0.6550000000	7.1241201027
0.6600000000	8.8967219953
0.6650000000	11.4327775594
0.6700000000	15.2699418980
0.6750000000	21.4343284111
0.6800000000	32.3220479039
0.6850000000	54.1500859902
0.6900000000	108.3442344363
0.6950000000	303.6291721419
0.7000000000	1470.1557180954
0.7050000000	713.5490165097
0.7100000000	182.9863839069
0.7150000000	77.6843259033
0.7200000000	42.3523234215
0.7250000000	26.5594688612
0.7300000000	18.1849698802
0.7350000000	13.2384583433
0.7400000000	10.0734984881
0.7450000000	7.9270111552
0.7500000000	6.4076727449
0.7550000000	5.2923387055
0.7600000000	4.4522922394
0.7650000000	3.8013473621
0.7700000000	3.2878670148
0.7750000000	2.8759163950
0.7800000000	2.5413650664
0.7850000000	2.2660509485
0.7900000000	2.0355571771
0.7950000000	1.8431281568
0.8000000000	1.6795858860
0.8050000000	1.5395375532
0.8100000000	1.4203220833
0.8150000000	1.3158831782
0.8200000000	1.2249791917
0.8250000000	1.1486028723
0.8300000000	1.0817244026
0.8350000000	1.0235402227
0.8400000000	0.9769736864
0.8450000000	0.9362600191
0.8500000000	0.9016094234
0.8550000000	0.8791386213
0.8600000000	0.8608803702
0.8650000000	0.8474158922
0.8700000000	0.8499095387
0.8750000000	0.8498177006
0.8800000000	0.8439447002
0.8850000000	0.8066857140
0.8900000000	0.6284762024
0.8950000000	-0.2592704176
0.9000000000	-5.0081469235
0.9050000000	-32.9376939107
0.9100000000	6.2582886088
0.9150000000	14.8097741808
0.9200000000	6.1416970117
0.9250000000	3.1943498304
0.9300000000	1.9514255711
0.9350000000	1.3587485863
0.9400000000	1.0399004587
0.9450000000	0.8638933937
0.9500000000	0.7398746135
0.9550000000	0.6579601080
0.9600000000	0.6087095740
0.9650000000	0.5696216538
0.9700000000	0.5441236453
0.9750000000	0.5302570982
0.9800000000	0.5274005339
0.9850000000	0.5393481839
0.9900000000	0.5659963644
0.9950000000	0.6206592093
1.0000000000	0.7299408062
1.0050000000	0.9667899617
1.0100000000	1.5752021702
1.0150000000	3.6336070686
1.0200000000	7.3538336313
1.0250000000	3.0659590032
1.0300000000	1.3386124150
1.0350000000	0.8254139702
1.0400000000	0.6226666656
1.0450000000	0.5255902616
1.0500000000	0.4737919986
1.0550000000	0.4437684799
1.0600000000	0.4261368147
1.0650000000	0.4162408955
1.0700000000	0.4114912365
1.0750000000	0.4106895103
1.0800000000	0.4125113152
1.0850000000	0.4171393324
1.0900000000	0.4257923032
1.0950000000	0.4367120231
1.1000000000	0.4499631312
1.1050000000	0.4654136796
1.1100000000	0.4833285484
1.1150000000	0.5039061316
1.1200000000	0.5274275990
1.1250000000	0.5541745515
1.1300000000	0.5847645739
1.1350000000	0.6197602651
1.1400000000	0.6598359165
1.1450000000	0.7059793451
1.1500000000	0.7590647689
1.1550000000	0.8213612119
1.1600000000	0.8947138162
1.1650000000	0.9821472660
1.1700000000	1.0871560613
1.1750000000	1.2119184059
1.1800000000	1.3624880475
1.1850000000	1.6952559113
1.1900000000	2.1517815444
1.1950000000	3.0919809491
1.2000000000	4.3153515384
1.2050000000	3.6675674093
1.2100000000	3.3996620035
1.2150000000	3.7289511769
1.2200000000	4.4286419813
1.2250000000	5.5222095591
1.2300000000	7.1926420329
1.2350000000	9.8381687472
1.2400000000	14.2943685880
1.2450000000	22.6812560169
1.2500000000	40.8310128307
1.2550000000	88.2558379858
1.2600000000	212.8469054323
1.2650000000	215.2523893280
1.2700000000	89.3818128581
1.2750000000	41.1779776522
1.2800000000	22.7549500121
1.2850000000	14.2739062695
1.2900000000	9.7549876595
1.2950000000	7.0851863769
1.3000000000	5.3837334654
1.3050000000	4.2364720973
1.3100000000	3.4250748072
1.3150000000	2.8356003627
1.3200000000	2.3944688064
1.3250000000	2.0569035395
1.3300000000	1.7950609903
1.3350000000	1.5906499005
1.3400000000	1.4319937244
1.3450000000	1.3112969129
1.3500000000	1.2291274549
1.3550000000	1.1899410591
1.3600000000	1.2122578385
1.3650000000	1.3482482555
1.3700000000	1.7476991599
1.3750000000	2.8113536961
1.3800000000	4.2865382184
1.3850000000	3.0901671949
1.3900000000	1.7279693881
1.3950000000	1.1099886712
1.4000000000	0.7838317467
1.4050000000	0.5368987852
1.4100000000	0.2378634126
1.4150000000	-0.3194010301
1.4200000000	-1.6898794897
1.4250000000	-5.4169591501
1.4300000000	-7.1929502123
1.4350000000	3.1296957897
1.4400000000	4.0402935195
1.4450000000	2.3953787868
1.4500000000	1.4710058593
1.4550000000	1.0056884346
1.4600000000	0.7500232090
1.4650000000	0.5825488038
1.4700000000	0.4520249017
1.4750000000	0.4303382456
1.4800000000	0.4614528627
1.4850000000	0.4240538609
1.4900000000	0.3897656701
1.4950000000	0.3661449990
1.5000000000	0.3497118919
1.5050000000	0.3389029467
1.5100000000	0.3319006913
1.5150000000	0.3293574635
1.5200000000	0.3283815954
1.5250000000	0.3307390916
1.5300000000	0.3372108159
1.5350000000	0.3494981579
1.5400000000	0.3711203350
1.5450000000	0.4096386727
1.5500000000	0.4818951404
1.5550000000	0.6215345465
1.5600000000	0.8327624302
1.5650000000	0.8635299043
1.5700000000	0.6617287360
1.5750000000	0.5149617991
1.5800000000	0.4440786372
1.5850000000	0.4119304696
1.5900000000	0.3989233185
1.5950000000	0.3964005276
1.6000000000	0.4004256062
1.6050000000	0.4093012302
1.6100000000	0.4219081971
1.6150000000	0.4377953228
1.6200000000	0.4570538761
1.6250000000	0.4797616819
1.6300000000	0.5062150978
1.6350000000	0.5368616043
1.6400000000	0.5723004099
1.6450000000	0.6133209695
1.6500000000	0.6609282608
1.6550000000	0.7164022834
1.6600000000	0.7814038192
1.6650000000	0.8580719987
1.6700000000	0.9483584595
1.6750000000	1.0575436526
1.6800000000	1.1899493330
1.6850000000	1.3524852357
1.6900000000	1.5548504031
1.6950000000	1.8110934706
1.7000000000	2.1420154029
1.7050000000	2.5930813715
1.7100000000	3.2125598665
1.7150000000	4.0950785328
1.7200000000	5.4079065812
1.7250000000	7.4448293645
1.7300000000	10.5974682788
1.7350000000	15.1299568331
1.7400000000	21.8639708177
1.7450000000	33.5153972162
1.7500000000	48.1572676969
1.7550000000	49.1126868538
1.7600000000	34.3791979228
1.7650000000	21.3137635793
1.7700000000	13.5766777649
1.7750000000	9.1779352777
1.7800000000	6.5690735866
1.7850000000	4.9424238814
1.7900000000	3.8920251435
1.7950000000	3.2133304139
1.8000000000	2.7991773189
1.8050000000	2.5279802046
1.8100000000	2.1939496775
1.8150000000	1.7779553276
1.8200000000	1.4464063105
1.8250000000	1.2420501513
1.8300000000	1.0891523571
1.8350000000	0.9586614004
1.8400000000	0.8511515564
1.8450000000	0.7630013985
1.8500000000	0.6894914151
1.8550000000	0.6267524683
1.8600000000	0.5664999127
1.8650000000	0.5138386359
1.8700000000	0.4579538985
1.8750000000	0.3748795617
1.8800000000	0.1881745596
1.8850000000	-0.2139903727
1.8900000000	-0.7507879082
1.8950000000	-0.8344055474
1.9000000000	0.0532939677
1.9050000000	0.8752562409
1.9100000000	0.9712368056
1.9150000000	0.8172566265
1.9200000000	0.6671240514
1.9250000000	0.5617843589
1.9300000000	0.4998429696
1.9350000000	0.4547652222
1.9400000000	0.4284023875
1.9450000000	0.4149965928
1.9500000000	0.4062001358
1.9550000000	0.3917899055
1.9600000000	0.3723547458
1.9650000000	0.3559084416
1.9700000000	0.3456990876
1.9750000000	0.3414033179
1.9800000000	0.3423712768
1.9850000000	0.3485964316
1.9900000000	0.3607866380
1.9950000000	0.3798867476
2.0000000000	0.4049772289
2.0050000000	0.4299560547
2.0100000000	0.4389381547
2.0150000000	0.4322660548
2.0200000000	0.4240785995
2.0250000000	0.4230736821
2.0300000000	0.4307001687
2.0350000000	0.4463606600
2.0400000000	0.4697835748
2.0450000000	0.5014916690
2.0500000000	0.5426950804
2.0550000000	0.5946822842
2.0600000000	0.6572733727
2.0650000000	0.7276682384
2.0700000000	0.8050214196
2.0750000000	0.8976652476
2.0800000000	1.0202016065
2.0850000000	1.1859292938
2.0900000000	1.4027908104
2.0950000000	1.6578520291
2.1000000000	1.8964806911
2.1050000000	2.0423493366
2.1100000000	2.0594819959
2.1150000000	2.0340552989
2.1200000000	2.0616457125
2.1250000000	2.1905050884
2.1300000000	2.4444442696
2.1350000000	2.8504996022
2.1400000000	3.4533773634
2.1450000000	4.3226106452
2.1500000000	5.5483029735
2.1550000000	7.1925074187
2.1600000000	9.1209409107
2.1650000000	10.7290970551
2.1700000000	11.0975547112
2.1750000000	9.9187093048
2.1800000000	7.9939054360
2.1850000000	6.1585103950
2.1900000000	4.7294454380
2.1950000000	3.7031120433
2.2000000000	2.9899670944
2.2050000000	2.5055871547
2.2100000000	2.1747904728
2.2150000000	1.9192569164
2.2200000000	1.6801016512
2.2250000000	1.4426996943
2.2300000000	1.2233005692
2.2350000000	1.0342809220
2.2400000000	0.8751393061
2.2450000000	0.7390992867
2.2500000000	0.6188764102
2.2550000000	0.5098989178
2.2600000000	0.4011741791
2.2650000000	0.3204669855
2.2700000000	0.2745476170
2.2750000000	0.2812320992
2.2800000000	0.3385087142
2.2850000000	0.4124594727
2.2900000000	0.4656379630
2.2950000000	0.4872542742
2.3000000000	0.4865817355
2.3050000000	0.4742057926
2.3100000000	0.4587706638
2.3150000000	0.4442437481
2.3200000000	0.4321786284
2.3250000000	0.4233276347
2.3300000000	0.4181541669
2.3350000000	0.4169241994
2.3400000000	0.4197882322
2.3450000000	0.4268866642
2.3500000000	0.4383917441
2.3550000000	0.4547560165
2.3600000000	0.4753677491
2.3650000000	0.5004321565
2.3700000000	0.5298269147
2.3750000000	0.5638427415
2.3800000000	0.6036699986
2.3850000000	0.6507766651
2.3900000000	0.7056216735
2.3950000000	0.7661805869
2.4000000000	0.8269779868
2.4050000000	0.8828323727
2.4100000000	0.9203003707
2.4150000000	0.9368260281
2.4200000000	0.9385685971
2.4250000000	0.9363078698
2.4300000000	0.9399424148
2.4350000000	0.9557987913
2.4400000000	0.9867876612
2.4450000000	1.0339941884
2.4500000000	1.0985099305
2.4550000000	1.1824355385
2.4600000000	1.2903747402
2.4650000000	1.4268780820
2.4700000000	1.5964069365
2.4750000000	1.8012954240
2.4800000000	2.0392364759
2.4850000000	2.2997731695
2.4900000000	2.5602898417
2.4950000000	2.7841026246
2.5000000000	2.9258814001
2.5050000000	2.9391515227
2.5100000000	2.8064735023
2.5150000000	2.5635694676
2.5200000000	2.2662501047
2.5250000000	1.9631160061
2.5300000000	1.6835472751
2.5350000000	1.4397022057
2.5400000000	1.2331595845
2.5450000000	1.0606635877
2.5500000000	0.9176276575
2.5550000000	0.7999391090
2.5600000000	0.7011593273
2.5650000000	0.6264825582
2.5700000000	0.5718120103
2.5750000000	0.5351675810
2.5800000000	0.5127588321
2.5850000000	0.4995026418
2.5900000000	0.4906802205
2.5950000000	0.4833717625
2.6000000000	0.4766066268
2.6050000000	0.4737889918
2.6100000000	0.4726481563
2.6150000000	0.4740402092
2.6200000000	0.4784220880
2.6250000000	0.4858836675
2.6300000000	0.4961653708
2.6350000000	0.5086715933
2.6400000000	0.5224905064
2.6450000000	0.5364762025
2.6500000000	0.5494294208
2.6550000000	0.5603816598
2.6600000000	0.5689089589
2.6650000000	0.5753401133
2.6700000000	0.5807031479
2.6750000000	0.5864972611
2.6800000000	0.5941715344
2.6850000000	0.6051219059
2.6900000000	0.6203568237
2.6950000000	0.6405370219
2.7000000000	0.6660166688
2.7050000000	0.7004658469
2.7100000000	0.7417653635
2.7150000000	0.7894180053
2.7200000000	0.8423041942
2.7250000000	0.8984568368
2.7300000000	0.9548670841
2.7350000000	1.0074587240
2.7400000000	1.0513851376
2.7450000000	1.0817492183
2.7500000000	1.0946437854
2.7550000000	1.0881702276
2.7600000000	1.0629754105
2.7650000000	1.0220359028
2.7700000000	0.9698174375
2.7750000000	0.9112185577
2.7800000000	0.8507036526
2.7850000000	0.7918166334
2.7900000000	0.7366025316
2.7950000000	0.6872786284
2.8000000000	0.6443012327
2.8050000000	0.6037748767
2.8100000000	0.5709308728
2.8150000000	0.5446942043
2.8200000000	0.5239131611
2.8250000000	0.5075531250
2.8300000000	0.4947591668
2.8350000000	0.4848497455
2.8400000000	0.4772731564
2.8450000000	0.4715794318
2.8500000000	0.4674121432
2.8550000000	0.4645266344
2.8600000000	0.4628100509
2.8650000000	0.4622879519
2.8700000000	0.4631018777
2.8750000000	0.4654646581
2.8800000000	0.4696021047
2.8850000000	0.4756998307
2.8900000000	0.4838618800
2.8950000000	0.4940830630
2.9000000000	0.5062257498
2.9050000000	0.5234703267
2.9100000000	0.5416997697
2.9150000000	0.5597921141
2.9200000000	0.5763387723
2.9250000000	0.5898383293
2.9300000000	0.5989138042
2.9350000000	0.6025570930
2.9400000000	0.6003348441
2.9450000000	0.5924759783
2.9500000000	0.5798084047
2.9550000000	0.5635621522
2.9600000000	0.5451197394
2.9650000000	0.5257860947
2.9700000000	0.5066368114
2.9750000000	0.4884502644
2.9800000000	0.4717147063
2.9850000000	0.4566784723
2.9900000000	0.4434169004
2.9950000000	0.4318959803
3.0000000000	0.4220239707
