# energy (eV)    P(omega), $W$ = 400 nm, $h$ = 300 nm, $s$ = 20 nm, $d/W = 50$, $E_{\rm e}$ = 200 keV
0.2000000000	0.1998441722
0.2050000000	0.2016926652
0.2100000000	0.2029769626
0.2150000000	0.2036756013
0.2200000000	0.2037582355
0.2250000000	0.2031834718
0.2300000000	0.2018965172
0.2350000000	0.1998259332
0.2400000000	0.1968794563
0.2450000000	0.1929384785
0.2500000000	0.1878507318
0.2550000000	0.1814205586
0.2600000000	0.1733955886
0.2650000000	0.1817018996
0.2700000000	0.2028468977
0.2750000000	0.2330886402
0.2800000000	0.2751967236
0.2850000000	0.3372412519
0.2900000000	0.4140464927
0.2950000000	0.5240903590
0.3000000000	0.6719133435
0.3050000000	0.8983811413
0.3100000000	1.2136223003
0.3150000000	1.8234674447
0.3200000000	2.7753194911
0.3250000000	3.4255305174
0.3300000000	4.3245628808
0.3350000000	5.5984676592
0.3400000000	7.5975977017
0.3450000000	11.0263925014
0.3500000000	17.8617089719
0.3550000000	33.6789400812
0.3600000000	82.7226121046
0.3650000000	0.4401273672
0.3700000000	38.2665304695
0.3750000000	50.2986612089
0.3800000000	23.4179026008
0.3850000000	13.1795945108
0.3900000000	8.4454244730
0.3950000000	5.9453286839
0.4000000000	4.4980543273
0.4050000000	3.5547499768
0.4100000000	2.9406248445
0.4150000000	2.5354263052
0.4200000000	2.2790114629
0.4250000000	2.0775535519
0.4300000000	1.8401532290
0.4350000000	1.6522629833
0.4400000000	1.5036330227
0.4450000000	1.3854068462
0.4500000000	1.2919946633
0.4550000000	1.2178393080
0.4600000000	1.1598849864
0.4650000000	1.1149128285
0.4700000000	1.0807898007
0.4750000000	1.0560192893
0.4800000000	1.0392967003
0.4850000000	1.0294800447
0.4900000000	1.0258895000
0.4950000000	1.0280008676
0.5000000000	1.0353651014
0.5050000000	1.0477770658
0.5100000000	1.0650673541
0.5150000000	1.0871312396
0.5200000000	1.1140070523
0.5250000000	1.1457219755
0.5300000000	1.1827447262
0.5350000000	1.2252757671
0.5400000000	1.2736844175
0.5450000000	1.3284604431
0.5500000000	1.3902965069
0.5550000000	1.4599506572
0.5600000000	1.5383476408
0.5650000000	1.6266775062
0.5700000000	1.7265848543
0.5750000000	1.8392809887
0.5800000000	1.9670481996
0.5850000000	2.1130062986
0.5900000000	2.2792425443
0.5950000000	2.4701832293
0.6000000000	2.6916745403
0.6050000000	2.9480731762
0.6100000000	3.2494258992
0.6150000000	3.6040322669
0.6200000000	4.0261699391
0.6250000000	4.5363288099
0.6300000000	5.1553590659
0.6350000000	5.9225209214
0.6400000000	6.8810452609
0.6450000000	8.1094983923
0.6500000000	9.7081109051
0.6550000000	11.8467527747
0.6600000000	14.8122193501
0.6650000000	19.0574072804
0.6700000000	25.4841987230
0.6750000000	35.8150356076
0.6800000000	54.0724433825
0.6850000000	90.6981398295
0.6900000000	181.6883827778
0.6950000000	509.7856700543
0.7000000000	2471.3302686627
0.7050000000	1200.9234440061
0.7100000000	308.3436920410
0.7150000000	131.0615481973
0.7200000000	71.5394570283
0.7250000000	44.9174563001
0.7300000000	30.7918980676
0.7350000000	22.4435124317
0.7400000000	17.0987496900
0.7450000000	13.4717701511
0.7500000000	10.9030519931
0.7550000000	9.0163044142
0.7600000000	7.5945016064
0.7650000000	6.4921494536
0.7700000000	5.6221295628
0.7750000000	4.9237914525
0.7800000000	4.3563964233
0.7850000000	3.8892738232
0.7900000000	3.4980027354
0.7950000000	3.1712505453
0.8000000000	2.8934519127
0.8050000000	2.6554765591
0.8100000000	2.4528844040
0.8150000000	2.2753382128
0.8200000000	2.1207693383
0.8250000000	1.9910051611
0.8300000000	1.8773992973
0.8350000000	1.7786060069
0.8400000000	1.6998048479
0.8450000000	1.6309965503
0.8500000000	1.5725792634
0.8550000000	1.5353467564
0.8600000000	1.5053779360
0.8650000000	1.4837030818
0.8700000000	1.4900589913
0.8750000000	1.4917529212
0.8800000000	1.4829939628
0.8850000000	1.4181058347
0.8900000000	1.1013907991
0.8950000000	-0.4828662778
0.9000000000	-8.9719783105
0.9050000000	-58.9597086827
0.9100000000	11.2165595604
0.9150000000	26.5669123987
0.9200000000	11.0237158662
0.9250000000	5.7330583140
0.9300000000	3.4990867571
0.9350000000	2.4322105516
0.9400000000	1.8569570106
0.9450000000	1.5382683230
0.9500000000	1.3122643182
0.9550000000	1.1612894239
0.9600000000	1.0682850514
0.9650000000	0.9920268414
0.9700000000	0.9383175383
0.9750000000	0.9027418414
0.9800000000	0.8827308188
0.9850000000	0.8827168079
0.9900000000	0.8975713836
0.9950000000	0.9419167696
1.0000000000	1.0415282419
1.0050000000	1.2684504610
1.0100000000	1.8587739561
1.0150000000	3.8702470480
1.0200000000	7.5219056402
1.0250000000	3.3277051954
1.0300000000	1.6332244022
1.0350000000	1.1296404281
1.0400000000	0.9316100138
1.0450000000	0.8382131377
1.0500000000	0.7905051615
1.0550000000	0.7646110564
1.0600000000	0.7517310080
1.0650000000	0.7473249998
1.0700000000	0.7488709770
1.0750000000	0.7554115973
1.0800000000	0.7653031738
1.0850000000	0.7794241382
1.0900000000	0.8004530522
1.0950000000	0.8252203679
1.1000000000	0.8539721440
1.1050000000	0.8866879804
1.1100000000	0.9239108762
1.1150000000	0.9661216480
1.1200000000	1.0139126139
1.1250000000	1.0678042363
1.1300000000	1.1291467842
1.1350000000	1.1989399925
1.1400000000	1.2785852800
1.1450000000	1.3699352224
1.1500000000	1.4745061391
1.1550000000	1.5967186145
1.1600000000	1.7396743013
1.1650000000	1.9079361246
1.1700000000	2.1049590671
1.1750000000	2.3205482414
1.1800000000	2.5553510587
1.1850000000	3.3893715588
1.1900000000	4.2363333599
1.1950000000	5.9062546045
1.2000000000	8.1144740721
1.2050000000	7.0436597141
1.2100000000	6.6713143691
1.2150000000	7.3923563885
1.2200000000	8.8224339977
1.2250000000	11.0306332985
1.2300000000	14.3932166741
1.2350000000	19.7145484965
1.2400000000	28.6784882729
1.2450000000	45.5554568248
1.2500000000	82.0986251676
1.2550000000	177.6478812469
1.2600000000	428.9142424547
1.2650000000	434.2737557413
1.2700000000	180.5571670611
1.2750000000	83.2973391303
1.2800000000	46.1009230297
1.2850000000	28.9686040491
1.2900000000	19.8370688565
1.2950000000	14.4415747191
1.3000000000	11.0040141922
1.3050000000	8.6881683546
1.3100000000	7.0532994493
1.3150000000	5.8696522310
1.3200000000	4.9891672811
1.3250000000	4.3225016525
1.3300000000	3.8149146763
1.3350000000	3.4319525666
1.3400000000	3.1541624681
1.3450000000	2.9728982817
1.3500000000	2.9023325183
1.3550000000	2.9769915777
1.3600000000	3.2899002064
1.3650000000	4.0814186948
1.3700000000	6.0256437917
1.3750000000	10.9137262171
1.3800000000	17.6070279446
1.3850000000	12.3704699975
1.3900000000	6.4157781603
1.3950000000	3.8008618584
1.4000000000	2.5306753754
1.4050000000	1.7162472198
1.4100000000	0.9241988288
1.4150000000	-0.3382936566
1.4200000000	-3.2544708749
1.4250000000	-11.0520667004
1.4300000000	-14.7962501694
1.4350000000	6.6591604780
1.4400000000	8.5459183620
1.4450000000	5.1046039875
1.4500000000	3.1624380204
1.4550000000	2.1742093449
1.4600000000	1.6113078980
1.4650000000	1.1922045767
1.4700000000	0.7802229920
1.4750000000	0.8414974363
1.4800000000	1.1067757364
1.4850000000	1.0087792222
1.4900000000	0.9039233176
1.4950000000	0.8349841100
1.5000000000	0.7889673857
1.5050000000	0.7585184915
1.5100000000	0.7379855448
1.5150000000	0.7276038781
1.5200000000	0.7204714119
1.5250000000	0.7195821100
1.5300000000	0.7256386087
1.5350000000	0.7406253175
1.5400000000	0.7690377447
1.5450000000	0.8207037067
1.5500000000	0.9176123258
1.5550000000	1.1036323329
1.5600000000	1.3837759278
1.5650000000	1.4267839515
1.5700000000	1.1673017082
1.5750000000	0.9821686166
1.5800000000	0.8978023725
1.5850000000	0.8653934312
1.5900000000	0.8593616419
1.5950000000	0.8685112410
1.6000000000	0.8878656894
1.6050000000	0.9155076647
1.6100000000	0.9500931916
1.6150000000	0.9912509798
1.6200000000	1.0395424923
1.6250000000	1.0954455954
1.6300000000	1.1598519823
1.6350000000	1.2339495434
1.6400000000	1.3192717878
1.6450000000	1.4177936180
1.6500000000	1.5319994425
1.6550000000	1.6650425163
1.6600000000	1.8210087249
1.6650000000	2.0051671627
1.6700000000	2.2225492714
1.6750000000	2.4858513959
1.6800000000	2.8060481058
1.6850000000	3.2004809719
1.6900000000	3.6936946813
1.6950000000	4.3215683908
1.7000000000	5.1378588920
1.7050000000	6.2599706480
1.7100000000	7.8183436488
1.7150000000	10.0703879570
1.7200000000	13.4790595309
1.7250000000	18.8532762766
1.7300000000	27.1287209341
1.7350000000	38.1069004273
1.7400000000	52.7243854909
1.7450000000	78.2558195332
1.7500000000	111.0470930935
1.7550000000	112.9751913632
1.7600000000	79.2083715207
1.7650000000	49.2674134613
1.7700000000	31.5196198666
1.7750000000	21.4270702723
1.7800000000	15.4547541187
1.7850000000	11.7634262072
1.7900000000	9.4412222486
1.7950000000	8.0511478539
1.8000000000	7.3794707740
1.8050000000	7.0562571208
1.8100000000	6.2345445058
1.8150000000	4.8924696039
1.8200000000	3.8211422875
1.8250000000	3.2431415150
1.8300000000	2.8304373445
1.8350000000	2.4675905063
1.8400000000	2.1707805359
1.8450000000	1.9330374966
1.8500000000	1.7395627294
1.8550000000	1.5782560746
1.8600000000	1.4280249635
1.8650000000	1.2999572644
1.8700000000	1.1687683254
1.8750000000	0.9775181606
1.8800000000	0.5414029981
1.8850000000	-0.4118800172
1.8900000000	-1.6920623907
1.8950000000	-1.9064049376
1.9000000000	0.1773321690
1.9050000000	2.1162072243
1.9100000000	2.3422173678
1.9150000000	1.9758180936
1.9200000000	1.6171992108
1.9250000000	1.3633329522
1.9300000000	1.2104950430
1.9350000000	1.0948468364
1.9400000000	1.0196116288
1.9450000000	0.9716779388
1.9500000000	0.9383796375
1.9550000000	0.9071629470
1.9600000000	0.8769659412
1.9650000000	0.8543657090
1.9700000000	0.8417689155
1.9750000000	0.8385383970
1.9800000000	0.8440337927
1.9850000000	0.8585407106
1.9900000000	0.8833213744
1.9950000000	0.9199247707
2.0000000000	0.9670997300
2.0050000000	1.0176653388
2.0100000000	1.0466901740
2.0150000000	1.0558152669
2.0200000000	1.0666905996
2.0250000000	1.0928427501
2.0300000000	1.1373530486
2.0350000000	1.2006960866
2.0400000000	1.2843923564
2.0450000000	1.3918838428
2.0500000000	1.5284811396
2.0550000000	1.7000287580
2.0600000000	1.9087007322
2.0650000000	2.1497435748
2.0700000000	2.4252381770
2.0750000000	2.7656958466
2.0800000000	3.2221823010
2.0850000000	3.8437219090
2.0900000000	4.6589771407
2.0950000000	5.6114633893
2.1000000000	6.4693759308
2.1050000000	6.9091456959
2.1100000000	6.7690944876
2.1150000000	6.3952487615
2.1200000000	6.1674101097
2.1250000000	6.2596344138
2.1300000000	6.7311532475
2.1350000000	7.6354470380
2.1400000000	9.0720810254
2.1450000000	11.2095761761
2.1500000000	14.2781025229
2.1550000000	18.4460926090
2.1600000000	23.3763609145
2.1650000000	27.5109873530
2.1700000000	28.4806184300
2.1750000000	25.4848711849
2.1800000000	20.5660151184
2.1850000000	15.8626894440
2.1900000000	12.1902161644
2.1950000000	9.5422750959
2.2000000000	7.6907497422
2.2050000000	6.4204225600
2.2100000000	5.5436211689
2.2150000000	4.8693589265
2.2200000000	4.2555254700
2.2250000000	3.6622399172
2.2300000000	3.1207862130
2.2350000000	2.6551943925
2.2400000000	2.2616716657
2.2450000000	1.9230949239
2.2500000000	1.6219093514
2.2550000000	1.3478407278
2.2600000000	1.0739571185
2.2650000000	0.8731861884
2.2700000000	0.7621440840
2.2750000000	0.7854593493
2.2800000000	0.9378148410
2.2850000000	1.1328149161
2.2900000000	1.2746223364
2.2950000000	1.3355290197
2.3000000000	1.3393520056
2.3050000000	1.3134445355
2.3100000000	1.2804205152
2.3150000000	1.2507770758
2.3200000000	1.2286362159
2.3250000000	1.2160235064
2.3300000000	1.2143626807
2.3350000000	1.2247517945
2.3400000000	1.2481241165
2.3450000000	1.2854687547
2.3500000000	1.3378768084
2.3550000000	1.4071478794
2.3600000000	1.4918816977
2.3650000000	1.5926837223
2.3700000000	1.7092434242
2.3750000000	1.8428100264
2.3800000000	1.9981725177
2.3850000000	2.1810565177
2.3900000000	2.3928359247
2.3950000000	2.6244212795
2.4000000000	2.8522323032
2.4050000000	3.0513615648
2.4100000000	3.1670401369
2.4150000000	3.1886846066
2.4200000000	3.1421531406
2.4250000000	3.0717474824
2.4300000000	3.0170413457
2.4350000000	3.0022306613
2.4400000000	3.0373212316
2.4450000000	3.1244943688
2.4500000000	3.2648543930
2.4550000000	3.4620833419
2.4600000000	3.7281147970
2.4650000000	4.0750358304
2.4700000000	4.5158135811
2.4750000000	5.0581746723
2.4800000000	5.6972655074
2.4850000000	6.4055969485
2.4900000000	7.1213734612
2.4950000000	7.7427102377
2.5000000000	8.1425840382
2.5050000000	8.1903189826
2.5100000000	7.8346226778
2.5150000000	7.1722530910
2.5200000000	6.3568140103
2.5250000000	5.5229158652
2.5300000000	4.7524253761
2.5350000000	4.0795989087
2.5400000000	3.5093182354
2.5450000000	3.0329748977
2.5500000000	2.6381938194
2.5550000000	2.3138627721
2.5600000000	2.0422979331
2.5650000000	1.8383696469
2.5700000000	1.6909236825
2.5750000000	1.5946946930
2.5800000000	1.5392705015
2.5850000000	1.5104895373
2.5900000000	1.4951077424
2.5950000000	1.4848962238
2.6000000000	1.4771775819
2.6050000000	1.4834517295
2.6100000000	1.4961872066
2.6150000000	1.5181630460
2.6200000000	1.5508521640
2.6250000000	1.5943895334
2.6300000000	1.6475069194
2.6350000000	1.7074819991
2.6400000000	1.7701559725
2.6450000000	1.8302648301
2.6500000000	1.8822442832
2.6550000000	1.9215438323
2.6600000000	1.9460702553
2.6650000000	1.9571204696
2.6700000000	1.9591223128
2.6750000000	1.9585469162
2.6800000000	1.9616629642
2.6850000000	1.9743652779
2.6900000000	2.0007923728
2.6950000000	2.0435250000
2.7000000000	2.1038347408
2.7050000000	2.1908703458
2.7100000000	2.3002283666
2.7150000000	2.4302946921
2.7200000000	2.5776466512
2.7250000000	2.7364149726
2.7300000000	2.8977010713
2.7350000000	3.0494856697
2.7400000000	3.1774763619
2.7450000000	3.2671744744
2.7500000000	3.3069272185
2.7550000000	3.2909124037
2.7600000000	3.2207494791
2.7650000000	3.1049092886
2.7700000000	2.9562949561
2.7750000000	2.7891593633
2.7800000000	2.6165569512
2.7850000000	2.4489044084
2.7900000000	2.2922379070
2.7950000000	2.1531457250
2.8000000000	2.0329939768
2.8050000000	1.9210664350
2.8100000000	1.8320455290
2.8150000000	1.7626218111
2.8200000000	1.7092146940
2.8250000000	1.6685534106
2.8300000000	1.6378779858
2.8350000000	1.6149214377
2.8400000000	1.5977885173
2.8450000000	1.5848850399
2.8500000000	1.5749356381
2.8550000000	1.5670863342
2.8600000000	1.5610194990
2.8650000000	1.5569967359
2.8700000000	1.5557721681
2.8750000000	1.5584012947
2.8800000000	1.5659954094
2.8850000000	1.5795016284
2.8900000000	1.5995476222
2.8950000000	1.6263414592
2.9000000000	1.6596176319
2.9050000000	1.7085435230
2.9100000000	1.7615882586
2.9150000000	1.8152984294
2.9200000000	1.8653183300
2.9250000000	1.9069784358
2.9300000000	1.9359575520
2.9350000000	1.9490417672
2.9400000000	1.9447591682
2.9450000000	1.9236612811
2.9500000000	1.8881397126
2.9550000000	1.8418271417
2.9600000000	1.7888403107
2.9650000000	1.7330763097
2.9700000000	1.6777422141
2.9750000000	1.6251491796
2.9800000000	1.5767285637
2.9850000000	1.5331839180
2.9900000000	1.4946937673
2.9950000000	1.4611115775
3.0000000000	1.4321230623
