# energy (eV)    P(omega), $W$ = 400 nm, $h$ = 300 nm, $s$ = 20 nm, $d/W = 100$, $E_{\rm e}$ = 200 keV
0.2000000000	0.2472288897
0.2050000000	0.2493928577
0.2100000000	0.2509482169
0.2150000000	0.2518684575
0.2200000000	0.2521170787
0.2250000000	0.2516450180
0.2300000000	0.2503881417
0.2350000000	0.2482633462
0.2400000000	0.2451637769
0.2450000000	0.2409523858
0.2500000000	0.2354538537
0.2550000000	0.2284430029
0.2600000000	0.2196296003
0.2650000000	0.2290538876
0.2700000000	0.2529076113
0.2750000000	0.2870703808
0.2800000000	0.3347178983
0.2850000000	0.4050243798
0.2900000000	0.4922714552
0.2950000000	0.6174625477
0.3000000000	0.7859519047
0.3050000000	1.0444073618
0.3100000000	1.4048349520
0.3150000000	2.1024904192
0.3200000000	3.1932115470
0.3250000000	3.9426606270
0.3300000000	4.9801662639
0.3350000000	6.4521010448
0.3400000000	8.7639388104
0.3450000000	12.7323059186
0.3500000000	20.6492615014
0.3550000000	38.9866000778
0.3600000000	95.8976539565
0.3650000000	0.3106819741
0.3700000000	44.5854908618
0.3750000000	58.6602875105
0.3800000000	27.3715668162
0.3850000000	15.4421639237
0.3900000000	9.9210012428
0.3950000000	7.0031657642
0.4000000000	5.3132241032
0.4050000000	4.2111017918
0.4100000000	3.4936197862
0.4150000000	3.0206786223
0.4200000000	2.7223696586
0.4250000000	2.4882326698
0.4300000000	2.2103516206
0.4350000000	1.9904259815
0.4400000000	1.8165459877
0.4450000000	1.6783772350
0.4500000000	1.5694286382
0.4550000000	1.4831869108
0.4600000000	1.4161077554
0.4650000000	1.3644203334
0.4700000000	1.3256314643
0.4750000000	1.2980049038
0.4800000000	1.2800219229
0.4850000000	1.2703472656
0.4900000000	1.2682006703
0.4950000000	1.2729840488
0.5000000000	1.2841856161
0.5050000000	1.3015888622
0.5100000000	1.3250195060
0.5150000000	1.3543765773
0.5200000000	1.3897387572
0.5250000000	1.4311721471
0.5300000000	1.4792804833
0.5350000000	1.5343452709
0.5400000000	1.5968588142
0.5450000000	1.6674613510
0.5500000000	1.7470503757
0.5550000000	1.8366125274
0.5600000000	1.9373448826
0.5650000000	2.0507816883
0.5700000000	2.1790382846
0.5750000000	2.3236979637
0.5800000000	2.4876937658
0.5850000000	2.6750288398
0.5900000000	2.8884345891
0.5950000000	3.1335981091
0.6000000000	3.4180338290
0.6050000000	3.7474180183
0.6100000000	4.1346595249
0.6150000000	4.5905184071
0.6200000000	5.1334114854
0.6250000000	5.7897514244
0.6300000000	6.5865509207
0.6350000000	7.5744484912
0.6400000000	8.8094255971
0.6450000000	10.3929304446
0.6500000000	12.4547093828
0.6550000000	15.2144616222
0.6600000000	19.0431686115
0.6650000000	24.5273116953
0.6700000000	32.8343192865
0.6750000000	46.1954067018
0.6800000000	69.8217204034
0.6850000000	117.2465343248
0.6900000000	235.1372302735
0.6950000000	660.5116676571
0.7000000000	3205.7440401941
0.7050000000	1559.6418170111
0.7100000000	400.9247911569
0.7150000000	170.6194087527
0.7200000000	93.2461423616
0.7250000000	58.6192668761
0.7300000000	40.2354004561
0.7350000000	29.3641601381
0.7400000000	22.4002885859
0.7450000000	17.6719208446
0.7500000000	14.3214010114
0.7550000000	11.8590938309
0.7600000000	10.0026930746
0.7650000000	8.5626619253
0.7700000000	7.4255863002
0.7750000000	6.5125085820
0.7800000000	5.7703496713
0.7850000000	5.1591539363
0.7900000000	4.6470045594
0.7950000000	4.2192271829
0.8000000000	3.8554730180
0.8050000000	3.5438033162
0.8100000000	3.2785104670
0.8150000000	3.0459889287
0.8200000000	2.8435747773
0.8250000000	2.6738538927
0.8300000000	2.5253635303
0.8350000000	2.3963640665
0.8400000000	2.2939366550
0.8450000000	2.2047046385
0.8500000000	2.1292418474
0.8550000000	2.0822525005
0.8600000000	2.0449715817
0.8650000000	2.0188040231
0.8700000000	2.0306841486
0.8750000000	2.0361282044
0.8800000000	2.0270075035
0.8850000000	1.9403828467
0.8900000000	1.5061793817
0.8950000000	-0.6772385663
0.9000000000	-12.3993345349
0.9050000000	-81.5091823998
0.9100000000	15.5595440554
0.9150000000	36.8420005235
0.9200000000	15.3116097929
0.9250000000	7.9765998644
0.9300000000	4.8768425298
0.9350000000	3.3957763467
0.9400000000	2.5971151867
0.9450000000	2.1551288348
0.9500000000	1.8415702037
0.9550000000	1.6323921989
0.9600000000	1.5041371627
0.9650000000	1.3989943158
0.9700000000	1.3252941637
0.9750000000	1.2770523244
0.9800000000	1.2507698381
0.9850000000	1.2530244712
0.9900000000	1.2767880412
0.9950000000	1.3435611603
1.0000000000	1.4920629642
1.0050000000	1.8306071071
1.0100000000	2.7171630109
1.0150000000	5.7715427665
1.0200000000	11.4681249137
1.0250000000	5.1359173766
1.0300000000	2.5206465506
1.0350000000	1.7342485560
1.0400000000	1.4221434955
1.0450000000	1.2738321941
1.0500000000	1.1973146556
1.0550000000	1.1556142596
1.0600000000	1.1346221663
1.0650000000	1.1270920631
1.0700000000	1.1290196673
1.0750000000	1.1387185877
1.0800000000	1.1538468459
1.0850000000	1.1755447565
1.0900000000	1.2077668578
1.0950000000	1.2457950305
1.1000000000	1.2898620563
1.1050000000	1.3401381199
1.1100000000	1.3972951217
1.1150000000	1.4620894230
1.1200000000	1.5353866523
1.1250000000	1.6178238419
1.1300000000	1.7116490406
1.1350000000	1.8181556760
1.1400000000	1.9394785264
1.1450000000	2.0781916588
1.1500000000	2.2360564665
1.1550000000	2.4194432174
1.1600000000	2.6312805939
1.1650000000	2.8733762092
1.1700000000	3.1353789882
1.1750000000	3.3342933130
1.1800000000	3.3814677410
1.1850000000	5.3546079523
1.1900000000	6.5635341296
1.1950000000	8.6760676145
1.2000000000	11.5980961808
1.2050000000	10.3740168271
1.2100000000	10.1170461484
1.2150000000	11.3547742484
1.2200000000	13.6276165751
1.2250000000	17.0852879423
1.2300000000	22.3295347962
1.2350000000	30.6192424628
1.2400000000	44.5817866095
1.2450000000	70.8767768149
1.2500000000	127.8401668565
1.2550000000	276.8708711065
1.2600000000	669.1379711598
1.2650000000	678.2598283795
1.2700000000	282.3661523068
1.2750000000	130.4652591279
1.2800000000	72.3382748945
1.2850000000	45.5554205294
1.2900000000	31.2791708276
1.2950000000	22.8466740895
1.3000000000	17.4796626159
1.3050000000	13.8715888900
1.3100000000	11.3343038063
1.3150000000	9.5098612240
1.3200000000	8.1686069290
1.3250000000	7.1740580639
1.3300000000	6.4450434329
1.3350000000	5.9348848715
1.3400000000	5.6249789055
1.3450000000	5.5220755108
1.3500000000	5.6853182835
1.3550000000	6.2412504933
1.3600000000	7.4931702678
1.3650000000	10.1999860352
1.3700000000	16.4697418066
1.3750000000	31.8863811049
1.3800000000	52.8789598993
1.3850000000	36.6822635182
1.3900000000	18.2873360212
1.3950000000	10.3265234291
1.4000000000	6.6118979790
1.4050000000	4.4518233356
1.4100000000	2.6970390349
1.4150000000	0.3748548380
1.4200000000	-4.4953943750
1.4250000000	-17.1382632186
1.4300000000	-23.2684755596
1.4350000000	11.0950972556
1.4400000000	14.0852075941
1.4450000000	8.5120690158
1.4500000000	5.3460144396
1.4550000000	3.7051233936
1.4600000000	2.7117644231
1.4650000000	1.8264095925
1.4700000000	0.7372571116
1.4750000000	1.1622267112
1.4800000000	2.2030261893
1.4850000000	1.9856475954
1.4900000000	1.7166069093
1.4950000000	1.5472742205
1.5000000000	1.4392601281
1.5050000000	1.3684363647
1.5100000000	1.3201664496
1.5150000000	1.2916115803
1.5200000000	1.2696356676
1.5250000000	1.2576169495
1.5300000000	1.2551448874
1.5350000000	1.2630126443
1.5400000000	1.2843798645
1.5450000000	1.3266453673
1.5500000000	1.4067324804
1.5550000000	1.5584500290
1.5600000000	1.7852313424
1.5650000000	1.8272941102
1.5700000000	1.6380794405
1.5750000000	1.5110367654
1.5800000000	1.4655369994
1.5850000000	1.4635027530
1.5900000000	1.4852652561
1.5950000000	1.5224516334
1.6000000000	1.5716149492
1.6050000000	1.6320056575
1.6100000000	1.7028686547
1.6150000000	1.7844716933
1.6200000000	1.8783006429
1.6250000000	1.9856744557
1.6300000000	2.1085311112
1.6350000000	2.2492787820
1.6400000000	2.4109747298
1.6450000000	2.5974939588
1.6500000000	2.8136831864
1.6550000000	3.0656885699
1.6600000000	3.3614763948
1.6650000000	3.7113554308
1.6700000000	4.1256640985
1.6750000000	4.6285883696
1.6800000000	5.2423610934
1.6850000000	6.0017156251
1.6900000000	6.9562541619
1.6950000000	8.1792621806
1.7000000000	9.7819903674
1.7050000000	12.0074233328
1.7100000000	15.1383074199
1.7150000000	19.7366817877
1.7200000000	26.8305310805
1.7250000000	38.2069844069
1.7300000000	55.6265175780
1.7350000000	76.6598515453
1.7400000000	100.5167494880
1.7450000000	142.8077248509
1.7500000000	198.9754204631
1.7550000000	201.6051007217
1.7600000000	141.6096119583
1.7650000000	88.4813181380
1.7700000000	56.9727951705
1.7750000000	39.0733113008
1.7800000000	28.5455972732
1.7850000000	22.1652379131
1.7900000000	18.3807701819
1.7950000000	16.5316294626
1.8000000000	16.3535908466
1.8050000000	16.8676525991
1.8100000000	15.2387189009
1.8150000000	11.5090513841
1.8200000000	8.5110277066
1.8250000000	7.0636325444
1.8300000000	6.0919427266
1.8350000000	5.2236284005
1.8400000000	4.5239846067
1.8450000000	3.9799503677
1.8500000000	3.5502046522
1.8550000000	3.2013762322
1.8600000000	2.8881098194
1.8650000000	2.6255736084
1.8700000000	2.3654615692
1.8750000000	2.0022516999
1.8800000000	1.1971688203
1.8850000000	-0.5504413969
1.8900000000	-2.8992734140
1.8950000000	-3.3156036318
1.9000000000	0.4617638736
1.9050000000	3.9983524003
1.9100000000	4.4150541162
1.9150000000	3.7461261072
1.9200000000	3.0887914050
1.9250000000	2.6214933032
1.9300000000	2.3375482765
1.9350000000	2.1199897432
1.9400000000	1.9738753759
1.9450000000	1.8758434664
1.9500000000	1.8080715954
1.9550000000	1.7558709705
1.9600000000	1.7148815944
1.9650000000	1.6879193132
1.9700000000	1.6756267194
1.9750000000	1.6768847065
1.9800000000	1.6908961586
1.9850000000	1.7178764658
1.9900000000	1.7590584994
1.9950000000	1.8161484958
2.0000000000	1.8887834369
2.0050000000	1.9768393958
2.0100000000	2.0548742167
2.0150000000	2.1258592937
2.0200000000	2.2096836005
2.0250000000	2.3204447331
2.0300000000	2.4643335631
2.0350000000	2.6464220348
2.0400000000	2.8743421914
2.0450000000	3.1598413297
2.0500000000	3.5195745158
2.0550000000	3.9736503173
2.0600000000	4.5358044073
2.0650000000	5.2037357732
2.0700000000	5.9935481646
2.0750000000	6.9937415645
2.0800000000	8.3477283503
2.0850000000	10.1992198783
2.0900000000	12.6313365610
2.0950000000	15.4596423950
2.1000000000	17.9379832695
2.1050000000	19.0243850832
2.1100000000	18.1803829200
2.1150000000	16.4831493127
2.1200000000	15.1080807082
2.1250000000	14.5589146966
2.1300000000	14.9485886914
2.1350000000	16.3349567494
2.1400000000	18.8701218823
2.1450000000	22.8600781273
2.1500000000	28.7615268048
2.1550000000	36.9385750033
2.1600000000	46.7343826326
2.1650000000	55.0031265981
2.1700000000	56.9748945574
2.1750000000	51.0296182295
2.1800000000	41.2220216738
2.1850000000	31.8141519666
2.1900000000	24.4367756104
2.1950000000	19.0805428786
2.2000000000	15.2903715088
2.2050000000	12.6378756718
2.2100000000	10.7693811993
2.2150000000	9.3461022384
2.2200000000	8.1237436963
2.2250000000	7.0130561256
2.2300000000	6.0313284232
2.2350000000	5.1926969651
2.2400000000	4.4785538029
2.2450000000	3.8559737739
2.2500000000	3.2951688500
2.2550000000	2.7824033799
2.2600000000	2.2711884829
2.2650000000	1.9113826843
2.2700000000	1.7313404713
2.2750000000	1.8114344837
2.2800000000	2.1390660727
2.2850000000	2.5489305780
2.2900000000	2.8574059186
2.2950000000	3.0120227476
2.3000000000	3.0589061109
2.3050000000	3.0506983040
2.3100000000	3.0257074254
2.3150000000	2.9990653286
2.3200000000	2.9771595853
2.3250000000	2.9681446258
2.3300000000	2.9819502342
2.3350000000	3.0269612269
2.3400000000	3.1091364825
2.3450000000	3.2330536584
2.3500000000	3.4027208053
2.3550000000	3.6230898567
2.3600000000	3.8911577749
2.3650000000	4.2071644374
2.3700000000	4.5692857455
2.3750000000	4.9807353731
2.3800000000	5.4567166089
2.3850000000	6.0157237161
2.3900000000	6.6621032726
2.3950000000	7.3659538257
2.4000000000	8.0499839854
2.4050000000	8.6272933302
2.4100000000	8.9231031279
2.4150000000	8.9024404840
2.4200000000	8.6482233244
2.4250000000	8.3016966156
2.4300000000	7.9868034559
2.4350000000	7.7761680359
2.4400000000	7.6954464253
2.4450000000	7.7437899005
2.4500000000	7.9152652771
2.4550000000	8.2108532071
2.4600000000	8.6555958412
2.4650000000	9.2763396522
2.4700000000	10.1048921230
2.4750000000	11.1628676717
2.4800000000	12.4448581094
2.4850000000	13.8962405942
2.4900000000	15.3871267997
2.4950000000	16.6990892345
2.5000000000	17.5570980394
2.5050000000	17.6773818227
2.5100000000	16.9430427806
2.5150000000	15.5543822666
2.5200000000	13.8358063034
2.5250000000	12.0737414730
2.5300000000	10.4435282281
2.5350000000	9.0193911677
2.5400000000	7.8129007882
2.5450000000	6.8067342503
2.5500000000	5.9753926137
2.5550000000	5.2959887778
2.5600000000	4.7313907246
2.5650000000	4.3143803865
2.5700000000	4.0217124803
2.5750000000	3.8426076925
2.5800000000	3.7548526709
2.5850000000	3.7276616866
2.5900000000	3.7318501270
2.5950000000	3.7490853480
2.6000000000	3.7735946840
2.6050000000	3.8370186717
2.6100000000	3.9200499781
2.6150000000	4.0308943693
2.6200000000	4.1740059615
2.6250000000	4.3494893718
2.6300000000	4.5525284680
2.6350000000	4.7729859499
2.6400000000	4.9953680837
2.6450000000	5.2000426992
2.6500000000	5.3663183341
2.6550000000	5.4773929006
2.6600000000	5.5256097066
2.6650000000	5.5156387859
2.6700000000	5.4632668256
2.6750000000	5.3912021826
2.6800000000	5.3213142348
2.6850000000	5.2736037677
2.6900000000	5.2617021824
2.6950000000	5.2936816444
2.7000000000	5.3731403433
2.7050000000	5.5145188652
2.7100000000	5.7146234695
2.7150000000	5.9690916893
2.7200000000	6.2695292923
2.7250000000	6.6022072552
2.7300000000	6.9466869891
2.7350000000	7.2756234238
2.7400000000	7.5565694016
2.7450000000	7.7565624956
2.7500000000	7.8489316850
2.7550000000	7.8199996286
2.7600000000	7.6727710613
2.7650000000	7.4256729859
2.7700000000	7.1072197054
2.7750000000	6.7491243065
2.7800000000	6.3805364259
2.7850000000	6.0248079102
2.7900000000	5.6954182118
2.7950000000	5.4071633914
2.8000000000	5.1629070041
2.8050000000	4.9416566818
2.8100000000	4.7725419576
2.8150000000	4.6471599603
2.8200000000	4.5564056450
2.8250000000	4.4919042328
2.8300000000	4.4465274031
2.8350000000	4.4143527100
2.8400000000	4.3903866909
2.8450000000	4.3703814658
2.8500000000	4.3509660055
2.8550000000	4.3300011420
2.8600000000	4.3070277489
2.8650000000	4.2834250140
2.8700000000	4.2621730673
2.8750000000	4.2472173427
2.8800000000	4.2426562707
2.8850000000	4.2520471701
2.8900000000	4.2779247142
2.8950000000	4.3215415541
2.9000000000	4.3827976123
2.9050000000	4.4811829686
2.9100000000	4.5935319240
2.9150000000	4.7116647865
2.9200000000	4.8252154135
2.9250000000	4.9229801156
2.9300000000	4.9944683452
2.9350000000	5.0317096788
2.9400000000	5.0307339536
2.9450000000	4.9922752922
2.9500000000	4.9213433402
2.9550000000	4.8258703977
2.9600000000	4.7149394527
2.9650000000	4.5971612674
2.9700000000	4.4795924372
2.9750000000	4.3672710427
2.9800000000	4.2632481957
2.9850000000	4.1689497223
2.9900000000	4.0846429309
2.9950000000	4.0098892052
3.0000000000	3.9439285938
