# energy (eV)    P(omega), $W$ = 400 nm, $h$ = 300 nm, $s$ = 20 nm, $d/W = 50$, $E_{\rm e}$ = 200 keV
0.2000000000	0.0934869982
0.2050000000	0.0943623993
0.2100000000	0.0949457173
0.2150000000	0.0952274580
0.2200000000	0.0951936176
0.2250000000	0.0948247488
0.2300000000	0.0940948039
0.2350000000	0.0929695428
0.2400000000	0.0914044462
0.2450000000	0.0893421237
0.2500000000	0.0867086708
0.2550000000	0.0834089948
0.2600000000	0.0793203280
0.2650000000	0.0834123868
0.2700000000	0.0938957105
0.2750000000	0.1088707553
0.2800000000	0.1296891834
0.2850000000	0.1603238014
0.2900000000	0.1981561489
0.2950000000	0.2522841523
0.3000000000	0.3248614267
0.3050000000	0.4359176932
0.3100000000	0.5902318644
0.3150000000	0.8886029983
0.3200000000	1.3535386524
0.3250000000	1.6692858519
0.3300000000	2.1053572602
0.3350000000	2.7225342888
0.3400000000	3.6902951727
0.3450000000	5.3488562666
0.3500000000	8.6527964049
0.3550000000	16.2913234363
0.3600000000	39.9538116923
0.3650000000	0.2849480783
0.3700000000	18.3987441543
0.3750000000	24.1543931061
0.3800000000	11.2227955124
0.3850000000	6.3024205264
0.3900000000	4.0292913829
0.3950000000	2.8297296055
0.4000000000	2.1356598702
0.4050000000	1.6835500571
0.4100000000	1.3892004473
0.4150000000	1.1948176514
0.4200000000	1.0714352625
0.4250000000	0.9744128503
0.4300000000	0.8608466057
0.4350000000	0.7709649241
0.4400000000	0.6998291247
0.4450000000	0.6431900227
0.4500000000	0.5983533610
0.4550000000	0.5626634398
0.4600000000	0.5346458223
0.4650000000	0.5127628527
0.4700000000	0.4959917343
0.4750000000	0.4836110685
0.4800000000	0.4749934829
0.4850000000	0.4695926188
0.4900000000	0.4670771914
0.4950000000	0.4671906784
0.5000000000	0.4697120688
0.5050000000	0.4745348158
0.5100000000	0.4815685801
0.5150000000	0.4907556458
0.5200000000	0.5021002539
0.5250000000	0.5156037246
0.5300000000	0.5314682074
0.5350000000	0.5497712002
0.5400000000	0.5706672163
0.5450000000	0.5943645262
0.5500000000	0.6211610978
0.5550000000	0.6513816656
0.5600000000	0.6854243344
0.5650000000	0.7238039916
0.5700000000	0.7672347618
0.5750000000	0.8162329234
0.5800000000	0.8717895106
0.5850000000	0.9352619868
0.5900000000	1.0075394723
0.5950000000	1.0905450775
0.6000000000	1.1868178547
0.6050000000	1.2982216649
0.6100000000	1.4291235019
0.6150000000	1.5830930306
0.6200000000	1.7663088868
0.6250000000	1.9876438640
0.6300000000	2.2560750704
0.6350000000	2.5885943232
0.6400000000	3.0038311583
0.6450000000	3.5357398491
0.6500000000	4.2275351690
0.6550000000	5.1525071503
0.6600000000	6.4343901038
0.6650000000	8.2683597846
0.6700000000	11.0432127379
0.6750000000	15.5009609393
0.6800000000	23.3742945638
0.6850000000	39.1588454782
0.6900000000	78.3479887999
0.6950000000	219.5619576082
0.7000000000	1063.0867019061
0.7050000000	515.9660272086
0.7100000000	132.3147581726
0.7150000000	56.1714072293
0.7200000000	30.6232846198
0.7250000000	19.2037811798
0.7300000000	13.1484025815
0.7350000000	9.5717443180
0.7400000000	7.2832881652
0.7450000000	5.7312634710
0.7500000000	4.6327105087
0.7550000000	3.8262791188
0.7600000000	3.2188963846
0.7650000000	2.7482455652
0.7700000000	2.3769883611
0.7750000000	2.0791419905
0.7800000000	1.8372584459
0.7850000000	1.6382055754
0.7900000000	1.4715594217
0.7950000000	1.3324350019
0.8000000000	1.2141964088
0.8050000000	1.1129445038
0.8100000000	1.0267548089
0.8150000000	0.9512490708
0.8200000000	0.8855291522
0.8250000000	0.8303122518
0.8300000000	0.7819623152
0.8350000000	0.7398982411
0.8400000000	0.7062327115
0.8450000000	0.6767987011
0.8500000000	0.6517480774
0.8550000000	0.6355015428
0.8600000000	0.6223004077
0.8650000000	0.6125646914
0.8700000000	0.6143631840
0.8750000000	0.6142935473
0.8800000000	0.6100462161
0.8850000000	0.5831162689
0.8900000000	0.4543209383
0.8950000000	-0.1872563021
0.9000000000	-3.6192462752
0.9050000000	-23.8035980035
0.9100000000	4.5229330900
0.9150000000	10.7028432388
0.9200000000	4.4385913640
0.9250000000	2.3086213272
0.9300000000	1.4104058765
0.9350000000	0.9821110126
0.9400000000	0.7517080531
0.9450000000	0.6245356550
0.9500000000	0.5349388166
0.9550000000	0.4757760642
0.9600000000	0.4402268111
0.9650000000	0.4120340060
0.9700000000	0.3936785100
0.9750000000	0.3837534394
0.9800000000	0.3818218228
0.9850000000	0.3906477049
0.9900000000	0.4101974417
0.9950000000	0.4501752097
1.0000000000	0.5300028580
1.0050000000	0.7029236515
1.0100000000	1.1470687764
1.0150000000	2.6496918698
1.0200000000	5.3657469417
1.0250000000	2.2357736941
1.0300000000	0.9747562817
1.0350000000	0.6000827175
1.0400000000	0.4520489532
1.0450000000	0.3811576904
1.0500000000	0.3433145799
1.0550000000	0.3213681009
1.0600000000	0.3084634026
1.0650000000	0.3012003595
1.0700000000	0.2976882154
1.0750000000	0.2970496668
1.0800000000	0.2983215365
1.0850000000	0.3016310885
1.0900000000	0.3078562511
1.0950000000	0.3157250216
1.1000000000	0.3252824579
1.1050000000	0.3364327259
1.1100000000	0.3493660846
1.1150000000	0.3642254067
1.1200000000	0.3812135101
1.1250000000	0.4005330890
1.1300000000	0.4226306488
1.1350000000	0.4479121736
1.1400000000	0.4768644629
1.1450000000	0.5102006681
1.1500000000	0.5485512074
1.1550000000	0.5935544147
1.1600000000	0.6465388188
1.1650000000	0.7096762323
1.1700000000	0.7854469062
1.1750000000	0.8752310482
1.1800000000	0.9831161865
1.1850000000	1.2254439647
1.1900000000	1.5552053498
1.1950000000	2.2336533571
1.2000000000	3.1167307797
1.2050000000	2.6494029089
1.2100000000	2.4563916156
1.2150000000	2.6945658387
1.2200000000	3.2002854036
1.2250000000	3.9905900877
1.2300000000	5.1977463011
1.2350000000	7.1095411323
1.2400000000	10.3298101208
1.2450000000	16.3905826251
1.2500000000	29.5064882314
1.2550000000	63.7780363764
1.2600000000	153.8140166131
1.2650000000	155.5528597685
1.2700000000	64.5923973468
1.2750000000	29.7577780468
1.2800000000	16.4443174034
1.2850000000	10.3154655986
1.2900000000	7.0498643001
1.2950000000	5.1205413470
1.3000000000	3.8910078835
1.3050000000	3.0619713796
1.3100000000	2.4756595670
1.3150000000	2.0497345857
1.3200000000	1.7310276675
1.3250000000	1.4871873444
1.3300000000	1.2981013293
1.3350000000	1.1505660382
1.3400000000	1.0361671478
1.3450000000	0.9493117525
1.3500000000	0.8904845927
1.3550000000	0.8630509720
1.3600000000	0.8807104338
1.3650000000	0.9819304843
1.3700000000	1.2770613560
1.3750000000	2.0612545777
1.3800000000	3.1482862988
1.3850000000	2.2676582242
1.3900000000	1.2651131478
1.3950000000	0.8108050437
1.4000000000	0.5716669215
1.4050000000	0.3914641775
1.4100000000	0.1743582696
1.4150000000	-0.2289940784
1.4200000000	-1.2198588666
1.4250000000	-3.9137603862
1.4300000000	-5.1975342165
1.4350000000	2.2627003295
1.4400000000	2.9207171130
1.4450000000	1.7318053310
1.4500000000	1.0636476195
1.4550000000	0.7272470380
1.4600000000	0.5422987832
1.4650000000	0.4208526076
1.4700000000	0.3257000164
1.4750000000	0.3106494389
1.4800000000	0.3343085357
1.4850000000	0.3071634349
1.4900000000	0.2821895139
1.4950000000	0.2650053749
1.5000000000	0.2530624117
1.5050000000	0.2452071247
1.5100000000	0.2401153347
1.5150000000	0.2382522259
1.5200000000	0.2375238548
1.5250000000	0.2392034704
1.5300000000	0.2438518668
1.5350000000	0.2526930071
1.5400000000	0.2682603685
1.5450000000	0.2959980317
1.5500000000	0.3480323738
1.5550000000	0.4485875649
1.5600000000	0.6006875851
1.5650000000	0.6228438429
1.5700000000	0.4775537803
1.5750000000	0.3719017423
1.5800000000	0.3208941117
1.5850000000	0.2977813529
1.5900000000	0.2884554292
1.5950000000	0.2866837862
1.6000000000	0.2896327037
1.6050000000	0.2960811740
1.6100000000	0.3052238039
1.6150000000	0.3167365897
1.6200000000	0.3306868539
1.6250000000	0.3471318953
1.6300000000	0.3662871623
1.6350000000	0.3884769569
1.6400000000	0.4141354420
1.6450000000	0.4438346920
1.6500000000	0.4783025941
1.6550000000	0.5184662514
1.6600000000	0.5655286539
1.6650000000	0.6210392615
1.6700000000	0.6864130125
1.6750000000	0.7654731549
1.6800000000	0.8613520819
1.6850000000	0.9790567079
1.6900000000	1.1256160866
1.6950000000	1.3112137483
1.7000000000	1.5509305931
1.7050000000	1.8777301858
1.7100000000	2.3266389038
1.7150000000	2.9663340845
1.7200000000	3.9182570317
1.7250000000	5.3956784916
1.7300000000	7.6821107277
1.7350000000	10.9642278680
1.7400000000	15.8312594083
1.7450000000	24.2536371876
1.7500000000	34.8414543589
1.7550000000	35.5309352332
1.7600000000	24.8723912367
1.7650000000	15.4206788151
1.7700000000	9.8235005746
1.7750000000	6.6413488541
1.7800000000	4.7541095797
1.7850000000	3.5775659494
1.7900000000	2.8181334943
1.7950000000	2.3280037828
1.8000000000	2.0298160224
1.8050000000	1.8351473608
1.8100000000	1.5932083507
1.8150000000	1.2902713694
1.8200000000	1.0488397175
1.8250000000	0.9004894607
1.8300000000	0.7895880574
1.8350000000	0.6948662948
1.8400000000	0.6168324412
1.8450000000	0.5528788915
1.8500000000	0.4995714450
1.8550000000	0.4540941398
1.8600000000	0.4104428563
1.8650000000	0.3723061040
1.8700000000	0.3318576337
1.8750000000	0.2717519738
1.8800000000	0.1366536414
1.8850000000	-0.1543984234
1.8900000000	-0.5429159691
1.8950000000	-0.6035009458
1.9000000000	0.0388429679
1.9050000000	0.6336617928
1.9100000000	0.7031192797
1.9150000000	0.5916800884
1.9200000000	0.4830210255
1.9250000000	0.4067750028
1.9300000000	0.3619324557
1.9350000000	0.3292882714
1.9400000000	0.3101797495
1.9450000000	0.3004412937
1.9500000000	0.2940475188
1.9550000000	0.2836251514
1.9600000000	0.2695934854
1.9650000000	0.2577238414
1.9700000000	0.2503545436
1.9750000000	0.2472506192
1.9800000000	0.2479414317
1.9850000000	0.2524191030
1.9900000000	0.2611893979
1.9950000000	0.2749287486
2.0000000000	0.2929769791
2.0050000000	0.3109698442
2.0100000000	0.3175058292
2.0150000000	0.3128386635
2.0200000000	0.3071120549
2.0250000000	0.3065670020
2.0300000000	0.3122480016
2.0350000000	0.3237350693
2.0400000000	0.3408455513
2.0450000000	0.3639711299
2.0500000000	0.3940015034
2.0550000000	0.4318844060
2.0600000000	0.4775035304
2.0650000000	0.5288432230
2.0700000000	0.5853142153
2.0750000000	0.6530043392
2.0800000000	0.7425687058
2.0850000000	0.8637248303
2.0900000000	1.0222730024
2.0950000000	1.2087143440
2.1000000000	1.3829639568
2.1050000000	1.4890207543
2.1100000000	1.5004398148
2.1150000000	1.4803447802
2.1200000000	1.4987226981
2.1250000000	1.5908106140
2.1300000000	1.7738527353
2.1350000000	2.0673546154
2.1400000000	2.5036301448
2.1450000000	3.1330122638
2.1500000000	4.0207875771
2.1550000000	5.2119710155
2.1600000000	6.6092923750
2.1650000000	7.7746614552
2.1700000000	8.0417728594
2.1750000000	7.1876702945
2.1800000000	5.7929721601
2.1850000000	4.4629920497
2.1900000000	3.4273956668
2.1950000000	2.6835873539
2.2000000000	2.1666878541
2.2050000000	1.8155272022
2.2100000000	1.5756560915
2.2150000000	1.3903792210
2.2200000000	1.2170790068
2.2250000000	1.0451437334
2.2300000000	0.8862870772
2.2350000000	0.7494322380
2.2400000000	0.6342010898
2.2450000000	0.5356847870
2.2500000000	0.4486112991
2.2550000000	0.3696759067
2.2600000000	0.2909197727
2.2650000000	0.2324708144
2.2700000000	0.1992310590
2.2750000000	0.2041049993
2.2800000000	0.2456342695
2.2850000000	0.2992445102
2.2900000000	0.3378024135
2.2950000000	0.3534891031
2.3000000000	0.3530243624
2.3050000000	0.3440799951
2.3100000000	0.3329242255
2.3150000000	0.3224356692
2.3200000000	0.3137416282
2.3250000000	0.3073866600
2.3300000000	0.3037058353
2.3350000000	0.3028925393
2.3400000000	0.3050579616
2.3450000000	0.3103069804
2.3500000000	0.3187679330
2.3550000000	0.3307723944
2.3600000000	0.3458784161
2.3650000000	0.3642357352
2.3700000000	0.3857564332
2.3750000000	0.4106543791
2.3800000000	0.4398013006
2.3850000000	0.4742709508
2.3900000000	0.5143962497
2.3950000000	0.5586886962
2.4000000000	0.6031291426
2.4050000000	0.6439002108
2.4100000000	0.6711514711
2.4150000000	0.6830094460
2.4200000000	0.6839917277
2.4250000000	0.6819991789
2.4300000000	0.6842810848
2.4350000000	0.6954650973
2.4400000000	0.7176748500
2.4450000000	0.7516947320
2.4500000000	0.7983073478
2.4550000000	0.8590257068
2.4600000000	0.9371851775
2.4650000000	1.0360841086
2.4700000000	1.1589622346
2.4750000000	1.3075196144
2.4800000000	1.4800898681
2.4850000000	1.6690925418
2.4900000000	1.8581201974
2.4950000000	2.0205502535
2.5000000000	2.1234792448
2.5050000000	2.1331702226
2.5100000000	2.0369514796
2.5150000000	1.8607345561
2.5200000000	1.6450157056
2.5250000000	1.4250640897
2.5300000000	1.2222031814
2.5350000000	1.0452594092
2.5400000000	0.8953811597
2.5450000000	0.7702079768
2.5500000000	0.6664132105
2.5550000000	0.5810137913
2.5600000000	0.5093380656
2.5650000000	0.4551581294
2.5700000000	0.4155021066
2.5750000000	0.3889341707
2.5800000000	0.3727042799
2.5850000000	0.3631234021
2.5900000000	0.3567662835
2.5950000000	0.3515134973
2.6000000000	0.3466607155
2.6050000000	0.3446891654
2.6100000000	0.3439440286
2.6150000000	0.3450483526
2.6200000000	0.3483345844
2.6250000000	0.3538673153
2.6300000000	0.3614554347
2.6350000000	0.3706613955
2.6400000000	0.3808153758
2.6450000000	0.3910753447
2.6500000000	0.4005596477
2.6550000000	0.4085558381
2.6600000000	0.4147514576
2.6650000000	0.4193867036
2.6700000000	0.4232155830
2.6750000000	0.4273378319
2.6800000000	0.4328165411
2.6850000000	0.4406752677
2.6900000000	0.4516527985
2.6950000000	0.4662326354
2.7000000000	0.4846734020
2.7050000000	0.5096335435
2.7100000000	0.5395825054
2.7150000000	0.5741583048
2.7200000000	0.6125467562
2.7250000000	0.6533181350
2.7300000000	0.6942857368
2.7350000000	0.7324875735
2.7400000000	0.7644016559
2.7450000000	0.7864688283
2.7500000000	0.7958490998
2.7550000000	0.7911615370
2.7600000000	0.7728745902
2.7650000000	0.7431495240
2.7700000000	0.7052301994
2.7750000000	0.6626752470
2.7800000000	0.6187283714
2.7850000000	0.5759648141
2.7900000000	0.5358707278
2.7950000000	0.5000579796
2.8000000000	0.4688581564
2.8050000000	0.4394443504
2.8100000000	0.4156149910
2.8150000000	0.3965881861
2.8200000000	0.3815263734
2.8250000000	0.3696765745
2.8300000000	0.3604163300
2.8350000000	0.3532489542
2.8400000000	0.3477719991
2.8450000000	0.3436569147
2.8500000000	0.3406433340
2.8550000000	0.3385526411
2.8600000000	0.3373027806
2.8650000000	0.3369132092
2.8700000000	0.3374884740
2.8750000000	0.3391854744
2.8800000000	0.3421705858
2.8850000000	0.3465807984
2.8900000000	0.3524933861
2.8950000000	0.3599057589
2.9000000000	0.3687186398
2.9050000000	0.3812422694
2.9100000000	0.3944877104
2.9150000000	0.4076388588
2.9200000000	0.4196708851
2.9250000000	0.4294915169
2.9300000000	0.4360985757
2.9350000000	0.4387581852
2.9400000000	0.4371545088
2.9450000000	0.4314531728
2.9500000000	0.4222557066
2.9550000000	0.4104561698
2.9600000000	0.3970595859
2.9650000000	0.3830146732
2.9700000000	0.3691033433
2.9750000000	0.3558914450
2.9800000000	0.3437338069
2.9850000000	0.3328107613
2.9900000000	0.3231768101
2.9950000000	0.3148069540
3.0000000000	0.3076342533
