# energy (eV)    P(omega), $W$ = 400 nm, $h$ = 300 nm, $s$ = 20 nm, $d/W = 10$, $E_{\rm e}$ = 200 keV
0.2000000000	0.1011840594
0.2050000000	0.1021126027
0.2100000000	0.1027628536
0.2150000000	0.1031238674
0.2200000000	0.1031802978
0.2250000000	0.1029113262
0.2300000000	0.1022893910
0.2350000000	0.1012786881
0.2400000000	0.0998330053
0.2450000000	0.0978929122
0.2500000000	0.0953822507
0.2550000000	0.0922031212
0.2600000000	0.0882292892
0.2650000000	0.0923717963
0.2700000000	0.1029038272
0.2750000000	0.1179713100
0.2800000000	0.1389587477
0.2850000000	0.1698924639
0.2900000000	0.2082061386
0.2950000000	0.2631185742
0.3000000000	0.3369135168
0.3050000000	0.4500003713
0.3100000000	0.6074794052
0.3150000000	0.9121655954
0.3200000000	1.3878969111
0.3250000000	1.7132907474
0.3300000000	2.1633249407
0.3350000000	2.8011831334
0.3400000000	3.8023525575
0.3450000000	5.5198084742
0.3500000000	8.9441299859
0.3550000000	16.8697928174
0.3600000000	41.4495838241
0.3650000000	0.2019311352
0.3700000000	19.1945311047
0.3750000000	25.2359720859
0.3800000000	11.7548295443
0.3850000000	6.6189863216
0.3900000000	4.2437035329
0.3950000000	2.9891266345
0.4000000000	2.2627869499
0.4050000000	1.7893109214
0.4100000000	1.4810643334
0.4150000000	1.2777262209
0.4200000000	1.1491424100
0.4250000000	1.0481393955
0.4300000000	0.9289311482
0.4350000000	0.8345844054
0.4400000000	0.7599601272
0.4450000000	0.7006147011
0.4500000000	0.6537458657
0.4550000000	0.6165622283
0.4600000000	0.5875326986
0.4650000000	0.5650405320
0.4700000000	0.5480149898
0.4750000000	0.5357058433
0.4800000000	0.5274591237
0.4850000000	0.5227013713
0.4900000000	0.5210924456
0.4950000000	0.5223710108
0.5000000000	0.5263126412
0.5050000000	0.5328166144
0.5100000000	0.5418000132
0.5150000000	0.5532125576
0.5200000000	0.5670763050
0.5250000000	0.5834084969
0.5300000000	0.6024494132
0.5350000000	0.6243043694
0.5400000000	0.6491643774
0.5450000000	0.6772815669
0.5500000000	0.7090119310
0.5550000000	0.7447458762
0.5600000000	0.7849580569
0.5650000000	0.8302596907
0.5700000000	0.8814940740
0.5750000000	0.9392859508
0.5800000000	1.0048051135
0.5850000000	1.0796515734
0.5900000000	1.1649006674
0.5950000000	1.2628224884
0.6000000000	1.3764161741
0.6050000000	1.5079233549
0.6100000000	1.6624972413
0.6150000000	1.8444040439
0.6200000000	2.0609734792
0.6250000000	2.3227227915
0.6300000000	2.6403676401
0.6350000000	3.0340619880
0.6400000000	3.5260225148
0.6450000000	4.1565889980
0.6500000000	4.9772626162
0.6550000000	6.0753064832
0.6600000000	7.5980492654
0.6650000000	9.7782099920
0.6700000000	13.0791729261
0.6750000000	18.3860700973
0.6800000000	27.7660466238
0.6850000000	46.5855725282
0.6900000000	93.3460137550
0.6950000000	261.9825718432
0.7000000000	1270.3755554161
0.7050000000	617.4957909494
0.7100000000	158.5884430312
0.7150000000	67.4264437153
0.7200000000	36.8145593936
0.7250000000	23.1211313966
0.7300000000	15.8544406522
0.7350000000	11.5591700642
0.7400000000	8.8089109736
0.7450000000	6.9423303720
0.7500000000	5.6202061736
0.7550000000	4.6489714068
0.7600000000	3.9169922368
0.7650000000	3.3494052726
0.7700000000	2.9013920479
0.7750000000	2.5417471976
0.7800000000	2.2495100346
0.7850000000	2.0088975692
0.7900000000	1.8073349562
0.7950000000	1.6389993335
0.8000000000	1.4958743748
0.8050000000	1.3732582257
0.8100000000	1.2688734319
0.8150000000	1.1773877873
0.8200000000	1.0977397843
0.8250000000	1.0308879093
0.8300000000	0.9723650910
0.8350000000	0.9214802987
0.8400000000	0.8809276806
0.8450000000	0.8455307125
0.8500000000	0.8154994931
0.8550000000	0.7964439610
0.8600000000	0.7811450613
0.8650000000	0.7701387426
0.8700000000	0.7736867053
0.8750000000	0.7748016789
0.8800000000	0.7704541632
0.8850000000	0.7368443778
0.8900000000	0.5719721570
0.8950000000	-0.2535716289
0.9000000000	-4.6789187594
0.9050000000	-30.7444566219
0.9100000000	5.8514757409
0.9150000000	13.8609356170
0.9200000000	5.7526457736
0.9250000000	2.9920933415
0.9300000000	1.8261585709
0.9350000000	1.2691954805
0.9400000000	0.9687800325
0.9450000000	0.8022740031
0.9500000000	0.6840762208
0.9550000000	0.6049932432
0.9600000000	0.5561209966
0.9650000000	0.5158646909
0.9700000000	0.4872319702
0.9750000000	0.4678517256
0.9800000000	0.4562694381
0.9850000000	0.4546205495
0.9900000000	0.4598370788
0.9950000000	0.4788436187
1.0000000000	0.5234197640
1.0050000000	0.6266917813
1.0100000000	0.8965835156
1.0150000000	1.8191201548
1.0200000000	3.5000190703
1.0250000000	1.5767239309
1.0300000000	0.7975893965
1.0350000000	0.5657952682
1.0400000000	0.4747113961
1.0450000000	0.4319378263
1.0500000000	0.4103888714
1.0550000000	0.3989650635
1.0600000000	0.3936663157
1.0650000000	0.3924024459
1.0700000000	0.3940138320
1.0750000000	0.3980869053
1.0800000000	0.4038208551
1.0850000000	0.4117164760
1.0900000000	0.4232170547
1.0950000000	0.4366588157
1.1000000000	0.4521775711
1.1050000000	0.4697857544
1.1100000000	0.4897699196
1.1150000000	0.5123931701
1.1200000000	0.5379730936
1.1250000000	0.5667797887
1.1300000000	0.5995482109
1.1350000000	0.6367955048
1.1400000000	0.6792748319
1.1450000000	0.7279587017
1.1500000000	0.7836240392
1.1550000000	0.8486126938
1.1600000000	0.9244884614
1.1650000000	1.0134402150
1.1700000000	1.1166377337
1.1750000000	1.2257884159
1.1800000000	1.3380828225
1.1850000000	1.8143368184
1.1900000000	2.2591673294
1.1950000000	3.1230094511
1.2000000000	4.2716714859
1.2050000000	3.7283313235
1.2100000000	3.5505454615
1.2150000000	3.9440856623
1.2200000000	4.7124945934
1.2250000000	5.8955680753
1.2300000000	7.6957455681
1.2350000000	10.5439790559
1.2400000000	15.3418908599
1.2450000000	24.3758655279
1.2500000000	43.9391215236
1.2550000000	95.0981526410
1.2600000000	229.6593941647
1.2650000000	232.5879142763
1.2700000000	96.7294931324
1.2750000000	44.6385874623
1.2800000000	24.7139863626
1.2850000000	15.5359611520
1.2900000000	10.6438122992
1.2950000000	7.7532426118
1.3000000000	5.9118230631
1.3050000000	4.6716232391
1.3100000000	3.7965811277
1.3150000000	3.1636762604
1.3200000000	2.6936776854
1.3250000000	2.3388916217
1.3300000000	2.0702138538
1.3350000000	1.8695592053
1.3400000000	1.7271170870
1.3450000000	1.6393058551
1.3500000000	1.6156378433
1.3550000000	1.6783746745
1.3600000000	1.8855490780
1.3650000000	2.3858187002
1.3700000000	3.5950510573
1.3750000000	6.6173756063
1.3800000000	10.7499216924
1.3850000000	7.5287547436
1.3900000000	3.8668495317
1.3950000000	2.2647815242
1.4000000000	1.4944037013
1.4050000000	1.0118208247
1.4100000000	0.5602241672
1.4150000000	-0.1353094957
1.4200000000	-1.7167271204
1.4250000000	-5.9261878664
1.4300000000	-7.9510762902
1.4350000000	3.6105099328
1.4400000000	4.6260177310
1.4450000000	2.7684136511
1.4500000000	1.7189114117
1.4550000000	1.1833850918
1.4600000000	0.8754753219
1.4650000000	0.6391794771
1.4700000000	0.3963724434
1.4750000000	0.4451422679
1.4800000000	0.6177978899
1.4850000000	0.5620200535
1.4900000000	0.5005782107
1.4950000000	0.4605259335
1.5000000000	0.4340088061
1.5050000000	0.4164608231
1.5100000000	0.4045621193
1.5150000000	0.3982775432
1.5200000000	0.3937680889
1.5250000000	0.3925582611
1.5300000000	0.3949139080
1.5350000000	0.4017174000
1.5400000000	0.4150571424
1.5450000000	0.4395314532
1.5500000000	0.4854516413
1.5550000000	0.5733767120
1.5600000000	0.7055663342
1.5650000000	0.7262745011
1.5700000000	0.6053579190
1.5750000000	0.5197797438
1.5800000000	0.4817769478
1.5850000000	0.4684035710
1.5900000000	0.4676648946
1.5950000000	0.4743315061
1.6000000000	0.4861010442
1.6050000000	0.5021315690
1.6100000000	0.5218155225
1.6150000000	0.5450206727
1.6200000000	0.5720944712
1.6250000000	0.6033339610
1.6300000000	0.6392538371
1.6350000000	0.6805273549
1.6400000000	0.7280177635
1.6450000000	0.7828329453
1.6500000000	0.8463634593
1.6550000000	0.9203733451
1.6600000000	1.0071480049
1.6650000000	1.1096361348
1.6700000000	1.2306795547
1.6750000000	1.3773466098
1.6800000000	1.5558182375
1.6850000000	1.7758385182
1.6900000000	2.0512227861
1.6950000000	2.4022040589
1.7000000000	2.8591741175
1.7050000000	3.4885041016
1.7100000000	4.3645919368
1.7150000000	5.6344694922
1.7200000000	7.5634469910
1.7250000000	10.6146369102
1.7300000000	15.3080419567
1.7350000000	21.4282844609
1.7400000000	29.3657539449
1.7450000000	43.2624857281
1.7500000000	61.2070919136
1.7550000000	62.2311155264
1.7600000000	43.6458191679
1.7650000000	27.1678957163
1.7700000000	17.3985733603
1.7750000000	11.8430426077
1.7800000000	8.5575417141
1.7850000000	6.5314379740
1.7900000000	5.2654367182
1.7950000000	4.5234289145
1.8000000000	4.1921946182
1.8050000000	4.0555749494
1.8100000000	3.5957608846
1.8150000000	2.8037571209
1.8200000000	2.1713761800
1.8250000000	1.8382581377
1.8300000000	1.6026026108
1.8350000000	1.3941650045
1.8400000000	1.2239007436
1.8450000000	1.0881561094
1.8500000000	0.9782333624
1.8550000000	0.8870201575
1.8600000000	0.8026107183
1.8650000000	0.7309916264
1.8700000000	0.6581589817
1.8750000000	0.5525362525
1.8800000000	0.3113934945
1.8850000000	-0.2168319573
1.8900000000	-0.9269239069
1.8950000000	-1.0474435362
1.9000000000	0.1047893012
1.9050000000	1.1780418741
1.9100000000	1.3031690148
1.9150000000	1.1000652744
1.9200000000	0.9011295292
1.9250000000	0.7600986631
1.9300000000	0.6748826537
1.9350000000	0.6100375243
1.9400000000	0.5672508971
1.9450000000	0.5393088299
1.9500000000	0.5198069460
1.9550000000	0.5027796151
1.9600000000	0.4874048035
1.9650000000	0.4762529289
1.9700000000	0.4701985935
1.9750000000	0.4688856507
1.9800000000	0.4720079557
1.9850000000	0.4797023260
1.9900000000	0.4925621370
1.9950000000	0.5113155002
2.0000000000	0.5353942136
2.0050000000	0.5619019647
2.0100000000	0.5789525529
2.0150000000	0.5875661172
2.0200000000	0.5979291771
2.0250000000	0.6164544724
2.0300000000	0.6447846934
2.0350000000	0.6834539595
2.0400000000	0.7336125982
2.0450000000	0.7974730430
2.0500000000	0.8783097884
2.0550000000	0.9797360142
2.0600000000	1.1033101836
2.0650000000	1.2466685764
2.0700000000	1.4115292694
2.0750000000	1.6162245321
2.0800000000	1.8912183440
2.0850000000	2.2659908898
2.0900000000	2.7577278163
2.0950000000	3.3316908874
2.1000000000	3.8458109356
2.1050000000	4.1017889988
2.1100000000	3.9998416521
2.1150000000	3.7505519363
2.1200000000	3.5847537399
2.1250000000	3.6068007887
2.1300000000	3.8498202592
2.1350000000	4.3419418838
2.1400000000	5.1373420191
2.1450000000	6.3296977533
2.1500000000	8.0485149406
2.1550000000	10.3898093479
2.1600000000	13.1645055393
2.1650000000	15.4940992817
2.1700000000	16.0427282449
2.1750000000	14.3583487250
2.1800000000	11.5897394522
2.1850000000	8.9409247543
2.1900000000	6.8713282182
2.1950000000	5.3776739536
2.2000000000	4.3316195698
2.2050000000	3.6120704137
2.2100000000	3.1140946652
2.2150000000	2.7316043580
2.2200000000	2.3859156501
2.2250000000	2.0542238959
2.2300000000	1.7525832608
2.2350000000	1.4933658090
2.2400000000	1.2740565026
2.2450000000	1.0850516560
2.2500000000	0.9166342472
2.2550000000	0.7632294203
2.2600000000	0.6098619344
2.2650000000	0.4978042130
2.2700000000	0.4363022819
2.2750000000	0.4503136224
2.2800000000	0.5368165495
2.2850000000	0.6472842128
2.2900000000	0.7278389086
2.2950000000	0.7628984309
2.3000000000	0.7658655097
2.3050000000	0.7521489139
2.3100000000	0.7344878620
2.3150000000	0.7187961733
2.3200000000	0.7074007929
2.3250000000	0.7014756925
2.3300000000	0.7018862118
2.3350000000	0.7093284944
2.3400000000	0.7244081144
2.3450000000	0.7477639246
2.3500000000	0.7800908572
2.3550000000	0.8224795289
2.3600000000	0.8741638990
2.3650000000	0.9354948109
2.3700000000	1.0062998670
2.3750000000	1.0873482081
2.3800000000	1.1815545752
2.3850000000	1.2923868559
2.3900000000	1.4206389115
2.3950000000	1.5606952673
2.4000000000	1.6980659087
2.4050000000	1.8172486414
2.4100000000	1.8848273424
2.4150000000	1.8943261126
2.4200000000	1.8615759233
2.4250000000	1.8136315442
2.4300000000	1.7745739144
2.4350000000	1.7590353647
2.4400000000	1.7729667095
2.4450000000	1.8175122575
2.4500000000	1.8930684971
2.4550000000	2.0014815852
2.4600000000	2.1494747783
2.4650000000	2.3438928472
2.4700000000	2.5922235721
2.4750000000	2.8990317120
2.4800000000	3.2617298669
2.4850000000	3.6647841219
2.4900000000	4.0729822028
2.4950000000	4.4280767983
2.5000000000	4.6573117764
2.5050000000	4.6857971832
2.5100000000	4.4838806407
2.5150000000	4.1065954285
2.5200000000	3.6415945439
2.5250000000	3.1657878844
2.5300000000	2.7260057356
2.5350000000	2.3418857190
2.5400000000	2.0162723720
2.5450000000	1.7442955565
2.5500000000	1.5189219820
2.5550000000	1.3338350651
2.5600000000	1.1789487351
2.5650000000	1.0628145246
2.5700000000	0.9790815495
2.5750000000	0.9247654449
2.5800000000	0.8939247635
2.5850000000	0.8784565807
2.5900000000	0.8707698021
2.5950000000	0.8661442128
2.6000000000	0.8630502794
2.6050000000	0.8683036702
2.6100000000	0.8774593835
2.6150000000	0.8921590179
2.6200000000	0.9132721466
2.6250000000	0.9408646245
2.6300000000	0.9741464474
2.6350000000	1.0114338678
2.6400000000	1.0501542239
2.6450000000	1.0870473593
2.6500000000	1.1186632940
2.6550000000	1.1421752505
2.6600000000	1.1562747724
2.6650000000	1.1617480387
2.6700000000	1.1613133970
2.6750000000	1.1589475115
2.6800000000	1.1585029663
2.6850000000	1.1635926902
2.6900000000	1.1767432688
2.6950000000	1.1995188613
2.7000000000	1.2326806836
2.7050000000	1.2813269977
2.7100000000	1.3431221558
2.7150000000	1.4171152078
2.7200000000	1.5013124761
2.7250000000	1.5923122312
2.7300000000	1.6849658718
2.7350000000	1.7723237899
2.7400000000	1.8461222768
2.7450000000	1.8979731536
2.7500000000	1.9211246321
2.7550000000	1.9121866860
2.7600000000	1.8720642226
2.7650000000	1.8056220631
2.7700000000	1.7202898865
2.7750000000	1.6242872552
2.7800000000	1.5251486707
2.7850000000	1.4288929878
2.7900000000	1.3390097481
2.7950000000	1.2593126812
2.8000000000	1.1905932787
2.8050000000	1.1267454187
2.8100000000	1.0761694539
2.8150000000	1.0369371671
2.8200000000	1.0069567958
2.8250000000	0.9843125675
2.8300000000	0.9673816536
2.8350000000	0.9548241799
2.8400000000	0.9455128884
2.8450000000	0.9384950927
2.8500000000	0.9330065603
2.8550000000	0.9285375701
2.8600000000	0.9249063420
2.8650000000	0.9222844484
2.8700000000	0.9211470041
2.8750000000	0.9221532950
2.8800000000	0.9259976012
2.8850000000	0.9332732610
2.8900000000	0.9443803468
2.8950000000	0.9594649626
2.9000000000	0.9783896661
2.9050000000	1.0064280847
2.9100000000	1.0369862663
2.9150000000	1.0680525223
2.9200000000	1.0970855684
2.9250000000	1.1213595401
2.9300000000	1.1383470666
2.9350000000	1.1461636622
2.9400000000	1.1439365376
2.9450000000	1.1319709043
2.9500000000	1.1116428978
2.9550000000	1.0850531212
2.9600000000	1.0545855421
2.9650000000	1.0224974649
2.9700000000	0.9906464923
2.9750000000	0.9603700159
2.9800000000	0.9324936062
2.9850000000	0.9074204144
2.9900000000	0.8852483822
2.9950000000	0.8658866100
3.0000000000	0.8491484073
