# energy (eV)    P(omega), $W$ = 400 nm, $h$ = 300 nm, $s$ = 20 nm, $d/W = 25$, $E_{\rm e}$ = 200 keV
0.2000000000	0.0755029959
0.2050000000	0.0762127060
0.2100000000	0.0766892122
0.2150000000	0.0769247339
0.2200000000	0.0769078831
0.2250000000	0.0766228811
0.2300000000	0.0760486571
0.2350000000	0.0751575288
0.2400000000	0.0739135549
0.2450000000	0.0722704621
0.2500000000	0.0701686439
0.2550000000	0.0675314429
0.2600000000	0.0642599504
0.2650000000	0.0675522501
0.2700000000	0.0759773656
0.2750000000	0.0880141387
0.2800000000	0.1047513719
0.2850000000	0.1293848563
0.2900000000	0.1598165659
0.2950000000	0.2033649707
0.3000000000	0.2617721151
0.3050000000	0.3511606766
0.3100000000	0.4753989482
0.3150000000	0.7156345023
0.3200000000	1.0900705824
0.3250000000	1.3445773896
0.3300000000	1.6961270756
0.3350000000	2.1937604714
0.3400000000	2.9741566546
0.3450000000	4.3117532489
0.3500000000	6.9765862248
0.3550000000	13.1383219835
0.3600000000	32.2285827870
0.3650000000	0.2230541885
0.3700000000	14.8501165245
0.3750000000	19.4996088216
0.3800000000	9.0625596979
0.3850000000	5.0907651333
0.3900000000	3.2556294636
0.3950000000	2.2871035271
0.4000000000	1.7266712807
0.4050000000	1.3615797963
0.4100000000	1.1238837197
0.4150000000	0.9669318276
0.4200000000	0.8673481003
0.4250000000	0.7890482307
0.4300000000	0.6973138156
0.4350000000	0.6247103773
0.4400000000	0.5672528749
0.4450000000	0.5215104635
0.4500000000	0.4853086050
0.4550000000	0.4565022362
0.4600000000	0.4339017845
0.4650000000	0.4162646635
0.4700000000	0.4027649604
0.4750000000	0.3928206386
0.4800000000	0.3859253200
0.4850000000	0.3816377645
0.4900000000	0.3796905711
0.4950000000	0.3798776075
0.5000000000	0.3820207063
0.5050000000	0.3860346149
0.5100000000	0.3918477895
0.5150000000	0.3994136176
0.5200000000	0.4087378338
0.5250000000	0.4198221065
0.5300000000	0.4328322671
0.5350000000	0.4478329585
0.5400000000	0.4649509833
0.5450000000	0.4843574544
0.5500000000	0.5062965136
0.5550000000	0.5310345038
0.5600000000	0.5588975766
0.5650000000	0.5903071610
0.5700000000	0.6258481818
0.5750000000	0.6659435229
0.5800000000	0.7114045964
0.5850000000	0.7633422326
0.5900000000	0.8224852881
0.5950000000	0.8904078140
0.6000000000	0.9691880638
0.6050000000	1.0603536435
0.6100000000	1.1674782789
0.6150000000	1.2934865607
0.6200000000	1.4434375427
0.6250000000	1.6245946637
0.6300000000	1.8443123545
0.6350000000	2.1165023491
0.6400000000	2.4564251835
0.6450000000	2.8918850045
0.6500000000	3.4582777889
0.6550000000	4.2156334342
0.6600000000	5.2652894343
0.6650000000	6.7671294996
0.6700000000	9.0396200267
0.6750000000	12.6906111321
0.6800000000	19.1395159792
0.6850000000	32.0693508888
0.6900000000	64.1734942805
0.6950000000	179.8671246838
0.7000000000	871.0233159192
0.7050000000	422.8125683416
0.7100000000	108.4427286714
0.7150000000	46.0439165320
0.7200000000	25.1057248613
0.7250000000	15.7460466939
0.7300000000	10.7825338781
0.7350000000	7.8505752753
0.7400000000	5.9744770642
0.7450000000	4.7020169108
0.7500000000	3.8012809006
0.7550000000	3.1400157870
0.7600000000	2.6419310846
0.7650000000	2.2559489839
0.7700000000	1.9514577651
0.7750000000	1.7071592139
0.7800000000	1.5087495576
0.7850000000	1.3454631914
0.7900000000	1.2087510057
0.7950000000	1.0946116606
0.8000000000	0.9976018905
0.8050000000	0.9145240693
0.8100000000	0.8438030358
0.8150000000	0.7818443658
0.8200000000	0.7279133985
0.8250000000	0.6826038442
0.8300000000	0.6429284128
0.8350000000	0.6084114307
0.8400000000	0.5807945436
0.8450000000	0.5566505406
0.8500000000	0.5361057943
0.8550000000	0.5228031704
0.8600000000	0.5120020652
0.8650000000	0.5040495895
0.8700000000	0.5055947496
0.8750000000	0.5055965614
0.8800000000	0.5021469469
0.8850000000	0.4799824417
0.8900000000	0.3737815077
0.8950000000	-0.1554524776
0.9000000000	-2.9869807937
0.9050000000	-19.6421114917
0.9100000000	3.7320706716
0.9150000000	8.8331237574
0.9200000000	3.6631466444
0.9250000000	1.9050267082
0.9300000000	1.1634965483
0.9350000000	0.8098294886
0.9400000000	0.6194973170
0.9450000000	0.5143660848
0.9500000000	0.4402146126
0.9550000000	0.3911452279
0.9600000000	0.3615183621
0.9650000000	0.3378773316
0.9700000000	0.3222445160
0.9750000000	0.3134036417
0.9800000000	0.3109070810
0.9850000000	0.3168897238
0.9900000000	0.3310327763
0.9950000000	0.3607817208
1.0000000000	0.4208282211
1.0050000000	0.5515281776
1.0100000000	0.8875791296
1.0150000000	2.0248566426
1.0200000000	4.0793326969
1.0250000000	1.7096194281
1.0300000000	0.7554161422
1.0350000000	0.4720174677
1.0400000000	0.3601334053
1.0450000000	0.3066441263
1.0500000000	0.2782154240
1.0550000000	0.2618239744
1.0600000000	0.2523132994
1.0650000000	0.2471153736
1.0700000000	0.2448019993
1.0750000000	0.2447247127
1.0800000000	0.2461319622
1.0850000000	0.2491621393
1.0900000000	0.2545644715
1.0950000000	0.2612934325
1.1000000000	0.2693959514
1.1050000000	0.2788020055
1.1100000000	0.2896739212
1.1150000000	0.3021350936
1.1200000000	0.3163573732
1.1250000000	0.3325106098
1.1300000000	0.3509704850
1.1350000000	0.3720732902
1.1400000000	0.3962289387
1.1450000000	0.4240300134
1.1500000000	0.4560004341
1.1550000000	0.4935082987
1.1600000000	0.5376614637
1.1650000000	0.5902789698
1.1700000000	0.6534974973
1.1750000000	0.7287828021
1.1800000000	0.8203487213
1.1850000000	1.0203199400
1.1900000000	1.2937146921
1.1950000000	1.8565687060
1.2000000000	2.5891279054
1.2050000000	2.2035897102
1.2100000000	2.0456108641
1.2150000000	2.2453948484
1.2200000000	2.6677357677
1.2250000000	3.3272585189
1.2300000000	4.3344774495
1.2350000000	5.9295762997
1.2400000000	8.6164568150
1.2450000000	13.6735681082
1.2500000000	24.6180898968
1.2550000000	53.2176303627
1.2600000000	128.3593103907
1.2650000000	129.8243597702
1.2700000000	53.9146018493
1.2750000000	24.8411999158
1.2800000000	13.7289199047
1.2850000000	8.6130856761
1.2900000000	5.8871115700
1.2950000000	4.2765319976
1.3000000000	3.2501001362
1.3050000000	2.5579944504
1.3100000000	2.0685265792
1.3150000000	1.7129697118
1.3200000000	1.4469447581
1.3250000000	1.2434554692
1.3300000000	1.0857224127
1.3350000000	0.9627420551
1.3400000000	0.8675197580
1.3450000000	0.7954381195
1.3500000000	0.7469978790
1.3550000000	0.7251955940
1.3600000000	0.7418776761
1.3650000000	0.8301537322
1.3700000000	1.0848967879
1.3750000000	1.7598105197
1.3800000000	2.6949874897
1.3850000000	1.9391893692
1.3900000000	1.0784937945
1.3950000000	0.6890261997
1.4000000000	0.4847704277
1.4050000000	0.3318704550
1.4100000000	0.1490025857
1.4150000000	-0.1892709592
1.4200000000	-1.0190039289
1.4250000000	-3.2740617148
1.4300000000	-4.3491923704
1.4350000000	1.8951238522
1.4400000000	2.4460563985
1.4450000000	1.4507357090
1.4500000000	0.8912790887
1.4550000000	0.6095290133
1.4600000000	0.4545111192
1.4650000000	0.3524508714
1.4700000000	0.2720488583
1.4750000000	0.2600093852
1.4800000000	0.2808704266
1.4850000000	0.2580263416
1.4900000000	0.2369259909
1.4950000000	0.2224183844
1.5000000000	0.2123391296
1.5050000000	0.2056984894
1.5100000000	0.2013764372
1.5150000000	0.1997542813
1.5200000000	0.1990675486
1.5250000000	0.2003718972
1.5300000000	0.2041188549
1.5350000000	0.2113005551
1.5400000000	0.2239761995
1.5450000000	0.2465733111
1.5500000000	0.2889547537
1.5550000000	0.3708223278
1.5600000000	0.4946265384
1.5650000000	0.5127096693
1.5700000000	0.3946256712
1.5750000000	0.3088312704
1.5800000000	0.2675154432
1.5850000000	0.2489155653
1.5900000000	0.2415566391
1.5950000000	0.2403721045
1.6000000000	0.2430603341
1.6050000000	0.2486343516
1.6100000000	0.2564413748
1.6150000000	0.2662221481
1.6200000000	0.2780406662
1.6250000000	0.2919507631
1.6300000000	0.3081381153
1.6350000000	0.3268781259
1.6400000000	0.3485389789
1.6450000000	0.3736049259
1.6500000000	0.4026909072
1.6550000000	0.4365805349
1.6600000000	0.4762893714
1.6650000000	0.5231266511
1.6700000000	0.5782891412
1.6750000000	0.6450026905
1.6800000000	0.7259153669
1.6850000000	0.8252586078
1.6900000000	0.9489735030
1.6950000000	1.1056708733
1.7000000000	1.3081066411
1.7050000000	1.5841615395
1.7100000000	1.9635104415
1.7150000000	2.5043497881
1.7200000000	3.3096522301
1.7250000000	4.5602256229
1.7300000000	6.4952957002
1.7350000000	9.2657799239
1.7400000000	13.3607576545
1.7450000000	20.4493354224
1.7500000000	29.3667464780
1.7550000000	29.9471404221
1.7600000000	20.9655406388
1.7650000000	13.0002226853
1.7700000000	8.2828777120
1.7750000000	5.6007597728
1.7800000000	4.0100367081
1.7850000000	3.0184236512
1.7900000000	2.3785748414
1.7950000000	1.9660460614
1.8000000000	1.7157663968
1.8050000000	1.5528287841
1.8100000000	1.3485905488
1.8150000000	1.0915655427
1.8200000000	0.8867315679
1.8250000000	0.7612514681
1.8300000000	0.6675264665
1.8350000000	0.5874122479
1.8400000000	0.5214171490
1.8450000000	0.4673568726
1.8500000000	0.4223239817
1.8550000000	0.3839356700
1.8600000000	0.3471271543
1.8650000000	0.3150222592
1.8700000000	0.2810334070
1.8750000000	0.2305129387
1.8800000000	0.1166161275
1.8850000000	-0.1292393467
1.8900000000	-0.4576334170
1.8950000000	-0.5091079834
1.9000000000	0.0332089072
1.9050000000	0.5355252732
1.9100000000	0.5941381622
1.9150000000	0.4999364926
1.9200000000	0.4080577222
1.9250000000	0.3435248993
1.9300000000	0.3054682084
1.9350000000	0.2776296620
1.9400000000	0.2611040681
1.9450000000	0.2523857035
1.9500000000	0.2465979714
1.9550000000	0.2378698260
1.9600000000	0.2264916926
1.9650000000	0.2169684889
1.9700000000	0.2111176856
1.9750000000	0.2087509190
1.9800000000	0.2095104998
1.9850000000	0.2134200460
1.9900000000	0.2209254234
1.9950000000	0.2326087545
2.0000000000	0.2479187494
2.0050000000	0.2631786328
2.0100000000	0.2687641767
2.0150000000	0.2648985846
2.0200000000	0.2601506193
2.0250000000	0.2597904751
2.0300000000	0.2647031324
2.0350000000	0.2745385649
2.0400000000	0.2891492981
2.0450000000	0.3088751244
2.0500000000	0.3344784318
2.0550000000	0.3667713353
2.0600000000	0.4056615731
2.0650000000	0.4494480169
2.0700000000	0.4976467537
2.0750000000	0.5554594930
2.0800000000	0.6319822963
2.0850000000	0.7355189043
2.0900000000	0.8710220016
2.0950000000	1.0303380140
2.1000000000	1.1790951245
2.1050000000	1.2692783970
2.1100000000	1.2781801407
2.1150000000	1.2598479216
2.1200000000	1.2741853172
2.1250000000	1.3512787260
2.1300000000	1.5057438237
2.1350000000	1.7540568852
2.1400000000	2.1235607517
2.1450000000	2.6569020533
2.1500000000	3.4094470631
2.1550000000	4.4194193521
2.1600000000	5.6043970918
2.1650000000	6.5929028619
2.1700000000	6.8198366738
2.1750000000	6.0959760270
2.1800000000	4.9135516008
2.1850000000	3.7858704647
2.1900000000	2.9077630428
2.1950000000	2.2770784287
2.2000000000	1.8388347548
2.2050000000	1.5411840012
2.2100000000	1.3379189101
2.2150000000	1.1808872105
2.2200000000	1.0338747196
2.2250000000	0.8878943907
2.2300000000	0.7529580007
2.2350000000	0.6366931829
2.2400000000	0.5387980765
2.2450000000	0.4551073708
2.2500000000	0.3811403499
2.2550000000	0.3140855745
2.2600000000	0.2471783105
2.2650000000	0.1975047154
2.2700000000	0.1692309540
2.2750000000	0.1733238968
2.2800000000	0.2085520578
2.2850000000	0.2540447961
2.2900000000	0.2867506386
2.2950000000	0.3000217598
2.3000000000	0.2995665648
2.3050000000	0.2919053860
2.3100000000	0.2823911893
2.3150000000	0.2734935988
2.3200000000	0.2661779635
2.3250000000	0.2608912453
2.3300000000	0.2578943744
2.3350000000	0.2573344894
2.3400000000	0.2592994159
2.3450000000	0.2638785029
2.3500000000	0.2711841743
2.3550000000	0.2815024312
2.3600000000	0.2944602175
2.3650000000	0.3101869384
2.3700000000	0.3286096450
2.3750000000	0.3499126345
2.3800000000	0.3748418536
2.3850000000	0.4043153409
2.3900000000	0.4386165200
2.3950000000	0.4764683181
2.4000000000	0.5144285887
2.4050000000	0.5492198904
2.4100000000	0.5724167159
2.4150000000	0.5824203682
2.4200000000	0.5831018401
2.4250000000	0.5812234206
2.4300000000	0.5829861233
2.4350000000	0.5923466525
2.4400000000	0.6111222655
2.4450000000	0.6399851812
2.4500000000	0.6796025857
2.4550000000	0.7312579562
2.4600000000	0.7977837180
2.4650000000	0.8819815366
2.4700000000	0.9866065417
2.4750000000	1.1131076309
2.4800000000	1.2600705725
2.4850000000	1.4210460814
2.4900000000	1.5820675816
2.4950000000	1.7204638671
2.5000000000	1.8082099400
2.5050000000	1.8165646050
2.5100000000	1.7347204964
2.5150000000	1.5847311838
2.5200000000	1.4010787078
2.5250000000	1.2137999790
2.5300000000	1.0410583156
2.5350000000	0.8903754788
2.5400000000	0.7627332846
2.5450000000	0.6561242600
2.5500000000	0.5677168849
2.5550000000	0.4949723094
2.5600000000	0.4339122513
2.5650000000	0.3877525030
2.5700000000	0.3539629719
2.5750000000	0.3313226825
2.5800000000	0.3174916265
2.5850000000	0.3093293294
2.5900000000	0.3039196553
2.5950000000	0.2994589481
2.6000000000	0.2953472975
2.6050000000	0.2937043666
2.6100000000	0.2931131046
2.6150000000	0.2941020493
2.6200000000	0.2969520111
2.6250000000	0.3017171045
2.6300000000	0.3082333459
2.6350000000	0.3161267761
2.6400000000	0.3248256416
2.6450000000	0.3336108669
2.6500000000	0.3417292664
2.6550000000	0.3485721541
2.6600000000	0.3538725743
2.6650000000	0.3578349041
2.6700000000	0.3611034403
2.6750000000	0.3646182075
2.6800000000	0.3692877976
2.6850000000	0.3759867622
2.6900000000	0.3853470877
2.6950000000	0.3977825460
2.7000000000	0.4135139374
2.7050000000	0.4348085602
2.7100000000	0.4603625983
2.7150000000	0.4898676457
2.7200000000	0.5226292178
2.7250000000	0.5574277240
2.7300000000	0.5923971773
2.7350000000	0.6250104106
2.7400000000	0.6522615096
2.7450000000	0.6711125258
2.7500000000	0.6791385149
2.7550000000	0.6751598511
2.7600000000	0.6595745311
2.7650000000	0.6342253906
2.7700000000	0.6018799367
2.7750000000	0.5655745637
2.7800000000	0.5280775965
2.7850000000	0.4915876417
2.7900000000	0.4573731158
2.7950000000	0.4268112661
2.8000000000	0.4001853886
2.8050000000	0.3750827875
2.8100000000	0.3547482529
2.8150000000	0.3385143468
2.8200000000	0.3256671519
2.8250000000	0.3155635465
2.8300000000	0.3076721193
2.8350000000	0.3015687866
2.8400000000	0.2969087130
2.8450000000	0.2934113967
2.8500000000	0.2908536504
2.8550000000	0.2890829438
2.8600000000	0.2880287998
2.8650000000	0.2877079829
2.8700000000	0.2882098614
2.8750000000	0.2896689746
2.8800000000	0.2922275822
2.8850000000	0.2960030163
2.8900000000	0.3010617467
2.8950000000	0.3074015265
2.9000000000	0.3149379567
2.9050000000	0.3256443063
2.9100000000	0.3369677982
2.9150000000	0.3482112599
2.9200000000	0.3584988594
2.9250000000	0.3668975170
2.9300000000	0.3725502440
2.9350000000	0.3748301032
2.9400000000	0.3734671167
2.9450000000	0.3686021889
2.9500000000	0.3607494504
2.9550000000	0.3506727202
2.9600000000	0.3392307473
2.9650000000	0.3272345276
2.9700000000	0.3153522693
2.9750000000	0.3040677803
2.9800000000	0.2936842459
2.9850000000	0.2843560111
2.9900000000	0.2761295393
2.9950000000	0.2689835094
3.0000000000	0.2628606457
