# energy (eV)    P(omega), $W$ = 400 nm, $h$ = 300 nm, $s$ = 20 nm, $d/W = 250$, $E_{\rm e}$ = 200 keV
0.2000000000	0.1787421448
0.2050000000	0.1804136938
0.2100000000	0.1815209728
0.2150000000	0.1820460261
0.2200000000	0.1819622435
0.2250000000	0.1812324395
0.2300000000	0.1798069317
0.2350000000	0.1776201324
0.2400000000	0.1745868060
0.2450000000	0.1705969998
0.2500000000	0.1655090298
0.2550000000	0.1591406254
0.2600000000	0.1512563894
0.2650000000	0.1591135314
0.2700000000	0.1792594485
0.2750000000	0.2080332792
0.2800000000	0.2480276728
0.2850000000	0.3068709346
0.2900000000	0.3795188352
0.2950000000	0.4834410937
0.3000000000	0.6227540159
0.3050000000	0.8358973556
0.3100000000	1.1319994845
0.3150000000	1.7044871503
0.3200000000	2.5963859604
0.3250000000	3.2016578466
0.3300000000	4.0374702747
0.3350000000	5.2202407879
0.3400000000	7.0747039072
0.3450000000	10.2526061329
0.3500000000	16.5826053966
0.3550000000	31.2156122702
0.3600000000	76.5403874455
0.3650000000	0.5611515031
0.3700000000	35.2284834602
0.3750000000	46.2412809780
0.3800000000	21.4798034080
0.3850000000	12.0594183957
0.3900000000	7.7078345314
0.3950000000	5.4116476647
0.4000000000	4.0831468438
0.4050000000	3.2178387114
0.4100000000	2.6544716367
0.4150000000	2.2823968010
0.4200000000	2.0461420015
0.4250000000	1.8603437361
0.4300000000	1.6430367060
0.4350000000	1.4710499791
0.4400000000	1.3349257319
0.4450000000	1.2265292425
0.4500000000	1.1407012113
0.4550000000	1.0723603980
0.4600000000	1.0186830039
0.4650000000	0.9767263743
0.4700000000	0.9445338149
0.4750000000	0.9207230978
0.4800000000	0.9040935102
0.4850000000	0.8935991202
0.4900000000	0.8886051443
0.4950000000	0.8886188543
0.5000000000	0.8932168181
0.5050000000	0.9021921471
0.5100000000	0.9153711875
0.5150000000	0.9326409672
0.5200000000	0.9540067758
0.5250000000	0.9794680239
0.5300000000	1.0094069588
0.5350000000	1.0439676025
0.5400000000	1.0834410640
0.5450000000	1.1282193390
0.5500000000	1.1788657239
0.5550000000	1.2359928986
0.5600000000	1.3003522347
0.5650000000	1.3729173619
0.5700000000	1.4550381149
0.5750000000	1.5476883085
0.5800000000	1.6527416671
0.5850000000	1.7727651416
0.5900000000	1.9094359862
0.5950000000	2.0663904004
0.6000000000	2.2484285953
0.6050000000	2.4590688378
0.6100000000	2.7065668848
0.6150000000	2.9976657405
0.6200000000	3.3440407897
0.6250000000	3.7624621613
0.6300000000	4.2698849209
0.6350000000	4.8984209646
0.6400000000	5.6832601520
0.6450000000	6.6885606891
0.6500000000	7.9959508573
0.6550000000	9.7438990352
0.6600000000	12.1661451933
0.6650000000	15.6313574639
0.6700000000	20.8739628736
0.6750000000	29.2954775428
0.6800000000	44.1685756264
0.6850000000	73.9840008126
0.6900000000	148.0026098409
0.6950000000	414.6985955069
0.7000000000	2007.6051602565
0.7050000000	974.2386110708
0.7100000000	249.7970969034
0.7150000000	106.0301937621
0.7200000000	57.7965042619
0.7250000000	36.2386778087
0.7300000000	24.8081719311
0.7350000000	18.0571579806
0.7400000000	13.7379713805
0.7450000000	10.8089328845
0.7500000000	8.7358514773
0.7550000000	7.2141427422
0.7600000000	6.0681077550
0.7650000000	5.1801296367
0.7700000000	4.4797249914
0.7750000000	3.9178532141
0.7800000000	3.4615805686
0.7850000000	3.0861222231
0.7900000000	2.7718117763
0.7950000000	2.5094214947
0.8000000000	2.2864341462
0.8050000000	2.0954926573
0.8100000000	1.9329596125
0.8150000000	1.7905827918
0.8200000000	1.6666638304
0.8250000000	1.5625420098
0.8300000000	1.4713699101
0.8350000000	1.3920500339
0.8400000000	1.3285456041
0.8450000000	1.2730182307
0.8500000000	1.2257506741
0.8550000000	1.1950418472
0.8600000000	1.1700678569
0.8650000000	1.1516166641
0.8700000000	1.1548346891
0.8750000000	1.1545552264
0.8800000000	1.1464557098
0.8850000000	1.0958343754
0.8900000000	0.8542287756
0.8950000000	-0.3487822635
0.9000000000	-6.7828373188
0.9050000000	-44.6175453572
0.9100000000	8.4778111950
0.9150000000	20.0576474844
0.9200000000	8.3181339128
0.9250000000	4.3270131393
0.9300000000	2.6442467253
0.9350000000	1.8420538361
0.9400000000	1.4106866069
0.9450000000	1.1727640922
0.9500000000	1.0053356812
0.9550000000	0.8950225656
0.9600000000	0.8290665427
0.9650000000	0.7770963359
0.9700000000	0.7438181325
0.9750000000	0.7267245850
0.9800000000	0.7251963435
0.9850000000	0.7447548441
0.9900000000	0.7860145475
0.9950000000	0.8684699273
1.0000000000	1.0316223564
1.0050000000	1.3835805989
1.0100000000	2.2867669292
1.0150000000	5.3415390962
1.0200000000	10.8657053317
1.0250000000	4.5042833265
1.0300000000	1.9402538560
1.0350000000	1.1781726158
1.0400000000	0.8768716816
1.0450000000	0.7323692016
1.0500000000	0.6549369295
1.0550000000	0.6098049995
1.0600000000	0.5829653012
1.0650000000	0.5674932773
1.0700000000	0.5595390033
1.0750000000	0.5572832454
1.0800000000	0.5588194895
1.0850000000	0.5643085772
1.0900000000	0.5753372246
1.0950000000	0.5895125028
1.1000000000	0.6068968425
1.1050000000	0.6272893979
1.1100000000	0.6510336956
1.1150000000	0.6783841066
1.1200000000	0.7097104772
1.1250000000	0.7453862361
1.1300000000	0.7862305445
1.1350000000	0.8330008998
1.1400000000	0.8865906206
1.1450000000	0.9483255674
1.1500000000	1.0193813544
1.1550000000	1.1027897349
1.1600000000	1.2010210500
1.1650000000	1.3181051104
1.1700000000	1.4585545785
1.1750000000	1.6245183834
1.1800000000	1.8220712338
1.1850000000	2.2721893158
1.1900000000	2.8872642422
1.1950000000	4.1532403118
1.2000000000	5.8005576417
1.2050000000	4.9225449197
1.2100000000	4.5560192019
1.2150000000	4.9934134697
1.2200000000	5.9278806262
1.2250000000	7.3896993809
1.2300000000	9.6231247636
1.2350000000	13.1604156029
1.2400000000	19.1185722760
1.2450000000	30.3316888984
1.2500000000	54.5960016969
1.2550000000	117.9931823235
1.2600000000	284.5277249766
1.2650000000	287.7060980707
1.2700000000	119.4520798818
1.2750000000	55.0240427780
1.2800000000	30.4021822136
1.2850000000	19.0682759772
1.2900000000	13.0296260224
1.2950000000	9.4621305557
1.3000000000	7.1886715841
1.3050000000	5.6557338458
1.3100000000	4.5715546071
1.3150000000	3.7838530883
1.3200000000	3.1942936703
1.3250000000	2.7430143948
1.3300000000	2.3927781047
1.3350000000	2.1190909126
1.3400000000	1.9062623341
1.3450000000	1.7437218240
1.3500000000	1.6319490705
1.3550000000	1.5763479321
1.3600000000	1.6004599922
1.3650000000	1.7710724435
1.3700000000	2.2802576594
1.3750000000	3.6420660066
1.3800000000	5.5319975572
1.3850000000	3.9940518146
1.3900000000	2.2435708274
1.3950000000	1.4477337366
1.4000000000	1.0254424790
1.4050000000	0.7026733496
1.4100000000	0.3077844107
1.4150000000	-0.4324819805
1.4200000000	-2.2567762239
1.4250000000	-7.2203669384
1.4300000000	-9.5842365230
1.4350000000	4.1650830069
1.4400000000	5.3775564277
1.4450000000	3.1871371890
1.4500000000	1.9564823073
1.4550000000	1.3372146252
1.4600000000	0.9973143044
1.4650000000	0.7754858000
1.4700000000	0.6039604945
1.4750000000	0.5733544939
1.4800000000	0.6115394729
1.4850000000	0.5620969714
1.4900000000	0.5170233616
1.4950000000	0.4859344913
1.5000000000	0.4642913524
1.5050000000	0.4500848221
1.5100000000	0.4409291280
1.5150000000	0.4377171366
1.5200000000	0.4366297179
1.5250000000	0.4400472326
1.5300000000	0.4490581543
1.5350000000	0.4660163235
1.5400000000	0.4957750314
1.5450000000	0.5487551473
1.5500000000	0.6481640524
1.5550000000	0.8403679461
1.5600000000	1.1311857778
1.5650000000	1.1734161814
1.5700000000	0.8950999487
1.5750000000	0.6924852588
1.5800000000	0.5943470249
1.5850000000	0.5495107435
1.5900000000	0.5309759635
1.5950000000	0.5268075903
1.6000000000	0.5315721437
1.6050000000	0.5429142918
1.6100000000	0.5592853133
1.6150000000	0.5800523918
1.6200000000	0.6053163663
1.6250000000	0.6351637186
1.6300000000	0.6699768188
1.6350000000	0.7103391943
1.6400000000	0.7570351458
1.6450000000	0.8111038314
1.6500000000	0.8738663926
1.6550000000	0.9470072389
1.6600000000	1.0327140692
1.6650000000	1.1338027506
1.6700000000	1.2528382675
1.6750000000	1.3967821361
1.6800000000	1.5713185577
1.6850000000	1.7855391485
1.6900000000	2.0522009112
1.6950000000	2.3897760274
1.7000000000	2.8255969632
1.7050000000	3.4194174233
1.7100000000	4.2345256931
1.7150000000	5.3949645228
1.7200000000	7.1198116953
1.7250000000	9.7939388973
1.7300000000	13.9336883245
1.7350000000	19.9065670613
1.7400000000	28.8196509082
1.7450000000	44.2349681728
1.7500000000	63.5885686719
1.7550000000	64.8527505563
1.7600000000	45.3920821265
1.7650000000	28.1363471963
1.7700000000	17.9189013744
1.7750000000	12.1104686587
1.7800000000	8.6655872140
1.7850000000	6.5173899098
1.7900000000	5.1294802585
1.7950000000	4.2313168304
1.8000000000	3.6809583361
1.8050000000	3.3190842785
1.8100000000	2.8789715306
1.8150000000	2.3350828447
1.8200000000	1.9015898062
1.8250000000	1.6331837456
1.8300000000	1.4321036286
1.8350000000	1.2606814177
1.8400000000	1.1194300572
1.8450000000	1.0035296779
1.8500000000	0.9067927884
1.8550000000	0.8241420179
1.8600000000	0.7446548980
1.8650000000	0.6750359153
1.8700000000	0.6009817166
1.8750000000	0.4909236036
1.8800000000	0.2444760283
1.8850000000	-0.2850995683
1.8900000000	-0.9914024339
1.8950000000	-1.1006977755
1.9000000000	0.0690131959
1.9050000000	1.1517578218
1.9100000000	1.2783016020
1.9150000000	1.0757177196
1.9200000000	0.8782692682
1.9250000000	0.7398960208
1.9300000000	0.6588079336
1.9350000000	0.6001548240
1.9400000000	0.5664701583
1.9450000000	0.5501360234
1.9500000000	0.5395885581
1.9550000000	0.5204090041
1.9600000000	0.4935442222
1.9650000000	0.4705395289
1.9700000000	0.4560948261
1.9750000000	0.4497579447
1.9800000000	0.4505673804
1.9850000000	0.4584351676
1.9900000000	0.4742461273
1.9950000000	0.4992182390
2.0000000000	0.5321217138
2.0050000000	0.5648774105
2.0100000000	0.5765172415
2.0150000000	0.5674671058
2.0200000000	0.5563750078
2.0250000000	0.5547168005
2.0300000000	0.5643948678
2.0350000000	0.5846051989
2.0400000000	0.6149668423
2.0450000000	0.6561388267
2.0500000000	0.7096795123
2.0550000000	0.7772501567
2.0600000000	0.8585895619
2.0650000000	0.9500027880
2.0700000000	1.0503276572
2.0750000000	1.1703552783
2.0800000000	1.3290232009
2.0850000000	1.5435467090
2.0900000000	1.8242239963
2.0950000000	2.1544265582
2.1000000000	2.4638147833
2.1050000000	2.6541020191
2.1100000000	2.6790751403
2.1150000000	2.6499534115
2.1200000000	2.6901482722
2.1250000000	2.8622050486
2.1300000000	3.1973454577
2.1350000000	3.7311995589
2.1400000000	4.5225333200
2.1450000000	5.6625637928
2.1500000000	7.2693327507
2.1550000000	9.4239828554
2.1600000000	11.9503962368
2.1650000000	14.0565567587
2.1700000000	14.5381189973
2.1750000000	12.9925244719
2.1800000000	10.4700187714
2.1850000000	8.0650232615
2.1900000000	6.1925844066
2.1950000000	4.8478342075
2.2000000000	3.9133598053
2.2050000000	3.2784954769
2.2100000000	2.8448136449
2.2150000000	2.5098709303
2.2200000000	2.1966868433
2.2250000000	1.8860772266
2.2300000000	1.5991577879
2.2350000000	1.3520099737
2.2400000000	1.1439336650
2.2450000000	0.9660578075
2.2500000000	0.8088612842
2.2550000000	0.6663747823
2.2600000000	0.5242313426
2.2650000000	0.4187574111
2.2700000000	0.3588007595
2.2750000000	0.3676441819
2.2800000000	0.4426389747
2.2850000000	0.5394280242
2.2900000000	0.6090606579
2.2950000000	0.6374450265
2.3000000000	0.6367051584
2.3050000000	0.6206705844
2.3100000000	0.6005690576
2.3150000000	0.5815236514
2.3200000000	0.5655458208
2.3250000000	0.5536583801
2.3300000000	0.5465278700
2.3350000000	0.5445446768
2.3400000000	0.5479211572
2.3450000000	0.5568382632
2.3500000000	0.5715106738
2.3550000000	0.5925171585
2.3600000000	0.6190512507
2.3650000000	0.6513750779
2.3700000000	0.6893247209
2.3750000000	0.7332722020
2.3800000000	0.7847537952
2.3850000000	0.8456687491
2.3900000000	0.9166161731
2.3950000000	0.9949905389
2.4000000000	1.0737335649
2.4050000000	1.1461936381
2.4100000000	1.1949994868
2.4150000000	1.2168415468
2.4200000000	1.2196582242
2.4250000000	1.2173632232
2.4300000000	1.2227481134
2.4350000000	1.2439953137
2.4400000000	1.2848691753
2.4450000000	1.3467742246
2.4500000000	1.4311362552
2.4550000000	1.5407127062
2.4600000000	1.6815216318
2.4650000000	1.8595135905
2.4700000000	2.0805080768
2.4750000000	2.3475398744
2.4800000000	2.6575858575
2.4850000000	2.9970025393
2.4900000000	3.3363086844
2.4950000000	3.6277084843
2.5000000000	3.8121641485
2.5050000000	3.8291577253
2.5100000000	3.6560218746
2.5150000000	3.3393327769
2.5200000000	2.9518177772
2.5250000000	2.5567900061
2.5300000000	2.1925128437
2.5350000000	1.8748124219
2.5400000000	1.6057339752
2.5450000000	1.3810284798
2.5500000000	1.1947145648
2.5550000000	1.0414304989
2.5600000000	0.9127860045
2.5650000000	0.8155393290
2.5700000000	0.7443499079
2.5750000000	0.6966315273
2.5800000000	0.6674425138
2.5850000000	0.6501577724
2.5900000000	0.6386273184
2.5950000000	0.6290451372
2.6000000000	0.6201455830
2.6050000000	0.6163421184
2.6100000000	0.6146992436
2.6150000000	0.6163369336
2.6200000000	0.6218545797
2.6250000000	0.6313730332
2.6300000000	0.6445587007
2.6350000000	0.6606416834
2.6400000000	0.6784425740
2.6450000000	0.6964795286
2.6500000000	0.7132021063
2.6550000000	0.7273590303
2.6600000000	0.7384040929
2.6650000000	0.7467632054
2.6700000000	0.7537665509
2.6750000000	0.7613519498
2.6800000000	0.7713924846
2.6850000000	0.7856923228
2.6900000000	0.8055547014
2.6950000000	0.8318343636
2.7000000000	0.8649890365
2.7050000000	0.9097948692
2.7100000000	0.9634874893
2.7150000000	1.0254208227
2.7200000000	1.0941398089
2.7250000000	1.1670883716
2.7300000000	1.2403562590
2.7350000000	1.3086492768
2.7400000000	1.3656717879
2.7450000000	1.4050639464
2.7500000000	1.4217537586
2.7550000000	1.4132805652
2.7600000000	1.3804890666
2.7650000000	1.3272496202
2.7700000000	1.2593676410
2.7750000000	1.1832061898
2.7800000000	1.1045649684
2.7850000000	1.0280455833
2.7900000000	0.9563022883
2.7950000000	0.8922140174
2.8000000000	0.8363690297
2.8050000000	0.7837075877
2.8100000000	0.7410197525
2.8150000000	0.7069071882
2.8200000000	0.6798746354
2.8250000000	0.6585785224
2.8300000000	0.6419102429
2.8350000000	0.6289866348
2.8400000000	0.6190937306
2.8450000000	0.6116495124
2.8500000000	0.6061933350
2.8550000000	0.6024088657
2.8600000000	0.6001499891
2.8650000000	0.5994491238
2.8700000000	0.6004884439
2.8750000000	0.6035423240
2.8800000000	0.6089014283
2.8850000000	0.6168047162
2.8900000000	0.6273855061
2.8950000000	0.6406357128
2.9000000000	0.6563759608
2.9050000000	0.6787330671
2.9100000000	0.7023632655
2.9150000000	0.7258115049
2.9200000000	0.7472509341
2.9250000000	0.7647359286
2.9300000000	0.7764811074
2.9350000000	0.7811804384
2.9400000000	0.7782732824
2.9450000000	0.7680572253
2.9500000000	0.7516067407
2.9550000000	0.7305172613
2.9600000000	0.7065813361
2.9650000000	0.6814911019
2.9700000000	0.6566404708
2.9750000000	0.6330385605
2.9800000000	0.6113182265
2.9850000000	0.5918015246
2.9900000000	0.5745861248
2.9950000000	0.5596281262
3.0000000000	0.5468088858
