# energy (eV)    P(omega), $W$ = 500 nm, $h$ = 300 nm, $s$ = 50 nm, $d/W = 20$, $E_{\rm e}$ = 200 keV
0.0100000000	0.0498781977
0.0107130000	0.0511881072
0.0114259000	0.0513290388
0.0121389000	0.0525945096
0.0128518000	0.0530811344
0.0135648000	0.0540302145
0.0142778000	0.0550851110
0.0149907000	0.0561002943
0.0157037000	0.0571737494
0.0164166000	0.0582624208
0.0171296000	0.0593651657
0.0178425000	0.0604808175
0.0185555000	0.0616084143
0.0192685000	0.0627469409
0.0199814000	0.0638955027
0.0206944000	0.0650532515
0.0214073000	0.0662193370
0.0221203000	0.0673930232
0.0228333000	0.0685735795
0.0235462000	0.0697602938
0.0242592000	0.0709525311
0.0249721000	0.0721496860
0.0256851000	0.0733511278
0.0263981000	0.0745563141
0.0271110000	0.0757646955
0.0278240000	0.0769758006
0.0285369000	0.0781890669
0.0292499000	0.0794040923
0.0299629000	0.0806204317
0.0306758000	0.0818375782
0.0313888000	0.0830552180
0.0321017000	0.0842729308
0.0328147000	0.0854903186
0.0335276000	0.0867070409
0.0342406000	0.0879227577
0.0349536000	0.0891371545
0.0356665000	0.0903498926
0.0363795000	0.0915606751
0.0370924000	0.0927692112
0.0378054000	0.0939752527
0.0385184000	0.0951785104
0.0392313000	0.0963787527
0.0399443000	0.0975757029
0.0406572000	0.0987691505
0.0413702000	0.0999588634
0.0420832000	0.1011446339
0.0427961000	0.1023262549
0.0435091000	0.1035035411
0.0442220000	0.1046762712
0.0449350000	0.1058443387
0.0456479000	0.1070074987
0.0463609000	0.1081656178
0.0470739000	0.1093185425
0.0477868000	0.1104660952
0.0484998000	0.1116081742
0.0492127000	0.1127446228
0.0499257000	0.1138752955
0.0506387000	0.1150001094
0.0513516000	0.1161189185
0.0520646000	0.1172316181
0.0527775000	0.1183380712
0.0534905000	0.1194382592
0.0542035000	0.1205320021
0.0549164000	0.1216192048
0.0556294000	0.1226998399
0.0563423000	0.1237738087
0.0570553000	0.1248410179
0.0577683000	0.1259014067
0.0584812000	0.1269548973
0.0591942000	0.1280014237
0.0599071000	0.1290409360
0.0606201000	0.1300733961
0.0613330000	0.1310986975
0.0620460000	0.1321168371
0.0627590000	0.1331277467
0.0634719000	0.1341313964
0.0641849000	0.1351277480
0.0648978000	0.1361167387
0.0656108000	0.1370983921
0.0663238000	0.1380726224
0.0670367000	0.1390394292
0.0677497000	0.1399987888
0.0684626000	0.1409506753
0.0691756000	0.1418950699
0.0698886000	0.1428319471
0.0706015000	0.1437613231
0.0713145000	0.1446831707
0.0720274000	0.1455974762
0.0727404000	0.1465042127
0.0734534000	0.1474034167
0.0741663000	0.1482950783
0.0748793000	0.1491791790
0.0755922000	0.1500557208
0.0763052000	0.1509247530
0.0770181000	0.1517862179
0.0777311000	0.1526401601
0.0784441000	0.1534865917
0.0791570000	0.1543255001
0.0798700000	0.1551569015
0.0805829000	0.1559808557
0.0812959000	0.1567973172
0.0820089000	0.1576063452
0.0827218000	0.1584079272
0.0834348000	0.1592021072
0.0841477000	0.1599889116
0.0848607000	0.1607683476
0.0855737000	0.1615404458
0.0862866000	0.1623052306
0.0869996000	0.1630627173
0.0877125000	0.1638129638
0.0884255000	0.1645559652
0.0891384000	0.1652917787
0.0898514000	0.1660204017
0.0905644000	0.1667419130
0.0912773000	0.1674563179
0.0919903000	0.1681636493
0.0927032000	0.1688639446
0.0934162000	0.1695572592
0.0941292000	0.1702435825
0.0948421000	0.1709230008
0.0955551000	0.1715955369
0.0962680000	0.1722612020
0.0969810000	0.1729200882
0.0976940000	0.1735721898
0.0984069000	0.1742175649
0.0991199000	0.1748562732
0.0998328000	0.1754883104
0.1005460000	0.1761137642
0.1012590000	0.1767326662
0.1019720000	0.1773450471
0.1026850000	0.1779509402
0.1033980000	0.1785504358
0.1041110000	0.1791435378
0.1048240000	0.1797303120
0.1055370000	0.1803108050
0.1062490000	0.1808850382
0.1069620000	0.1814530940
0.1076750000	0.1820149921
0.1083880000	0.1825707749
0.1091010000	0.1831205355
0.1098140000	0.1836642714
0.1105270000	0.1842020538
0.1112400000	0.1847339341
0.1119530000	0.1852599596
0.1126660000	0.1857801618
0.1133790000	0.1862945950
0.1140920000	0.1868033328
0.1148050000	0.1873064076
0.1155180000	0.1878038464
0.1162310000	0.1882957467
0.1169440000	0.1887821393
0.1176570000	0.1892630413
0.1183700000	0.1897385650
0.1190830000	0.1902087051
0.1197960000	0.1906735280
0.1205090000	0.1911330933
0.1212220000	0.1915874726
0.1219350000	0.1920366705
0.1226480000	0.1924807356
0.1233600000	0.1929197792
0.1240730000	0.1933538103
0.1247860000	0.1937828480
0.1254990000	0.1942070078
0.1262120000	0.1946263023
0.1269250000	0.1950408136
0.1276380000	0.1954505380
0.1283510000	0.1958555861
0.1290640000	0.1962559525
0.1297770000	0.1966517357
0.1304900000	0.1970429556
0.1312030000	0.1974296737
0.1319160000	0.1978119321
0.1326290000	0.1981897813
0.1333420000	0.1985632870
0.1340550000	0.1989324913
0.1347680000	0.1992974667
0.1354810000	0.1996582045
0.1361940000	0.2000147823
0.1369070000	0.2003672680
0.1376200000	0.2007157044
0.1383330000	0.2010601303
0.1390460000	0.2014005768
0.1397590000	0.2017371725
0.1404710000	0.2020698589
0.1411840000	0.2023987320
0.1418970000	0.2027238446
0.1426100000	0.2030452489
0.1433230000	0.2033629808
0.1440360000	0.2036770955
0.1447490000	0.2039876429
0.1454620000	0.2042946520
0.1461750000	0.2045982031
0.1468880000	0.2048983204
0.1476010000	0.2051950122
0.1483140000	0.2054884124
0.1490270000	0.2057784867
0.1497400000	0.2060653175
0.1504530000	0.2063489398
0.1511660000	0.2066294422
0.1518790000	0.2069067774
0.1525920000	0.2071810969
0.1533050000	0.2074523407
0.1540180000	0.2077206843
0.1547310000	0.2079860171
0.1554440000	0.2082485017
0.1561570000	0.2085081127
0.1568700000	0.2087649451
0.1575830000	0.2090189892
0.1582950000	0.2092703296
0.1590080000	0.2095189867
0.1597210000	0.2097650089
0.1604340000	0.2100084221
0.1611470000	0.2102492897
0.1618600000	0.2104876392
0.1625730000	0.2107235215
0.1632860000	0.2109569476
0.1639990000	0.2111880025
0.1647120000	0.2114166583
0.1654250000	0.2116430276
0.1661380000	0.2118671671
0.1668510000	0.2120889876
0.1675640000	0.2123086343
0.1682770000	0.2125260920
0.1689900000	0.2127414248
0.1697030000	0.2129546916
0.1704160000	0.2131659109
0.1711290000	0.2133750627
0.1718420000	0.2135822119
0.1725550000	0.2137874557
0.1732680000	0.2139907536
0.1739810000	0.2141921429
0.1746940000	0.2143916592
0.1754060000	0.2145894400
0.1761190000	0.2147852943
0.1768320000	0.2149794637
0.1775450000	0.2151719107
0.1782580000	0.2153626097
0.1789710000	0.2155516559
0.1796840000	0.2157390526
0.1803970000	0.2159247912
0.1811100000	0.2161089860
0.1818230000	0.2162915612
0.1825360000	0.2164726198
0.1832490000	0.2166521511
0.1839620000	0.2168301766
0.1846750000	0.2170067561
0.1853880000	0.2171818774
0.1861010000	0.2173555402
0.1868140000	0.2175278044
0.1875270000	0.2176986698
0.1882400000	0.2178681949
0.1889530000	0.2180363394
0.1896660000	0.2182031332
0.1903790000	0.2183685780
0.1910920000	0.2185327681
0.1918050000	0.2186956156
0.1925180000	0.2188571760
0.1932300000	0.2190174797
0.1939430000	0.2191764917
0.1946560000	0.2193342466
0.1953690000	0.2194907721
0.1960820000	0.2196460232
0.1967950000	0.2198000623
0.1975080000	0.2199528268
0.1982210000	0.2201043282
0.1989340000	0.2202546226
0.1996470000	0.2204035998
0.2003600000	0.2205514369
0.2010730000	0.2206979480
0.2017860000	0.2208431755
0.2024990000	0.2209871409
0.2032120000	0.2211297977
0.2039250000	0.2212711614
0.2046380000	0.2214112214
0.2053510000	0.2215499430
0.2060640000	0.2216873052
0.2067770000	0.2218231846
0.2074900000	0.2219576823
0.2082030000	0.2220908241
0.2089160000	0.2222224582
0.2096290000	0.2223524747
0.2103410000	0.2224809753
0.2110540000	0.2226079639
0.2117670000	0.2227332806
0.2124800000	0.2228568769
0.2131930000	0.2229787217
0.2139060000	0.2230988498
0.2146190000	0.2232170495
0.2153320000	0.2233333610
0.2160450000	0.2234476270
0.2167580000	0.2235599074
0.2174710000	0.2236699973
0.2181840000	0.2237778458
0.2188970000	0.2238834034
0.2196100000	0.2239866088
0.2203230000	0.2240872179
0.2210360000	0.2241853009
0.2217490000	0.2242805895
0.2224620000	0.2243730774
0.2231750000	0.2244626315
0.2238880000	0.2245490141
0.2246010000	0.2246321954
0.2253140000	0.2247119930
0.2260270000	0.2247881944
0.2267400000	0.2248607227
0.2274520000	0.2249293908
0.2281650000	0.2249940112
0.2288780000	0.2250543700
0.2295910000	0.2251102553
0.2303040000	0.2251614599
0.2310170000	0.2252078137
0.2317300000	0.2252489386
0.2324430000	0.2282099215
0.2331560000	0.2316098028
0.2338690000	0.2350586678
0.2345820000	0.2383214373
0.2352950000	0.2416490906
0.2360080000	0.2453954429
0.2367210000	0.2492792360
0.2374340000	0.2530331173
0.2381470000	0.2571979788
0.2388600000	0.2614520298
0.2395730000	0.2656413095
0.2402860000	0.2703952538
0.2409990000	0.2753179833
0.2417120000	0.2808644855
0.2424250000	0.2861645057
0.2431380000	0.2919470225
0.2438510000	0.2975940339
0.2445640000	0.3042967653
0.2452760000	0.3107882269
0.2459890000	0.3180891675
0.2467020000	0.3252127679
0.2474150000	0.3338062297
0.2481280000	0.3425369062
0.2488410000	0.3520290079
0.2495540000	0.3621661461
0.2502670000	0.3743610349
0.2509800000	0.3874401827
0.2516930000	0.4013168112
0.2524060000	0.4186566169
0.2531190000	0.4438340857
0.2538320000	0.4876394720
0.2545450000	0.4986657517
0.2552580000	0.5083963164
0.2559710000	0.5180531137
0.2566840000	0.5272872487
0.2573970000	0.5359497276
0.2581100000	0.5447526449
0.2588230000	0.5532986799
0.2595360000	0.5621240303
0.2602490000	0.5704132473
0.2609620000	0.5792381753
0.2616750000	0.5876538581
0.2623870000	0.5962622747
0.2631000000	0.6049822611
0.2638130000	0.6130707709
0.2645260000	0.6224983329
0.2652390000	0.6309794123
0.2659520000	0.6397006546
0.2666650000	0.6491396577
0.2673780000	0.6578033760
0.2680910000	0.6675393402
0.2688040000	0.6763513989
0.2695170000	0.6863632157
0.2702300000	0.6955832232
0.2709430000	0.7061776209
0.2716560000	0.7165366426
0.2723690000	0.7265655491
0.2730820000	0.7373124492
0.2737950000	0.7476658675
0.2745080000	0.7593376832
0.2752210000	0.7697677370
0.2759340000	0.7822011739
0.2766470000	0.7932271625
0.2773600000	0.8063215811
0.2780730000	0.8192905293
0.2787860000	0.8319243622
0.2794980000	0.8454580294
0.2802110000	0.8588793354
0.2809240000	0.8739489558
0.2816370000	0.8878444886
0.2823500000	0.9038563778
0.2830630000	0.9187812907
0.2837760000	0.9361770136
0.2844890000	0.9526997093
0.2852020000	0.9711074271
0.2859150000	0.9903730333
0.2866280000	1.0088612286
0.2873410000	1.0301854033
0.2880540000	1.0495468084
0.2887670000	1.0723317056
0.2894800000	1.0940432994
0.2901930000	1.1188799191
0.2909060000	1.1424246154
0.2916190000	1.1694506591
0.2923320000	1.1954323385
0.2930450000	1.2255251653
0.2937580000	1.2543763213
0.2944710000	1.2865277833
0.2951840000	1.3180825918
0.2958970000	1.3548448032
0.2966100000	1.3897788655
0.2973220000	1.4311551502
0.2980350000	1.4694545930
0.2987480000	1.5155664980
0.2994610000	1.5589891319
0.3001740000	1.6105527884
0.3008870000	1.6589810927
0.3016000000	1.7178315473
0.3023130000	1.7718623546
0.3030260000	1.8390831576
0.3037390000	1.9012287124
0.3044520000	1.9777404860
0.3051650000	2.0495306460
0.3058780000	2.1371264228
0.3065910000	2.2210258176
0.3073040000	2.3219201223
0.3080170000	2.4197011693
0.3087300000	2.5376601084
0.3094430000	2.6526798669
0.3101560000	2.7904943502
0.3108690000	2.9289720780
0.3115820000	3.0941895464
0.3122950000	3.2605810673
0.3130080000	3.4589646422
0.3137210000	3.6606822750
0.3144330000	3.9014530694
0.3151460000	4.1541656911
0.3158590000	4.4489792637
0.3165720000	4.7627483324
0.3172850000	5.1386717096
0.3179980000	5.5339797748
0.3187110000	6.0170480221
0.3194240000	6.5264515905
0.3201370000	7.1570185150
0.3208500000	7.8317227641
0.3215630000	8.6712019414
0.3222760000	9.5751196265
0.3229890000	10.7271257364
0.3237020000	11.9730115798
0.3244150000	13.5795919447
0.3251280000	15.3265618076
0.3258410000	17.5749979289
0.3265540000	19.9951888639
0.3272670000	22.9753512810
0.3279800000	25.7614396483
0.3286930000	28.4988759856
0.3294060000	28.2324965994
0.3301190000	21.3373618230
0.3351090000	7.4935860255
0.3358220000	32.8701646647
0.3365350000	36.8209356504
0.3372480000	34.2293580315
0.3379610000	29.6649427624
0.3386740000	25.3558591860
0.3393870000	21.4924324959
0.3401000000	18.3175775349
0.3408130000	15.7060058801
0.3415260000	13.5565894734
0.3422390000	11.7920539282
0.3429520000	10.3235809071
0.3436650000	9.1212801173
0.3443780000	8.0922660761
0.3450910000	7.2263432001
0.3458040000	6.4949280444
0.3465170000	5.8666325394
0.3472300000	5.3289278764
0.3479430000	4.8508426660
0.3486560000	4.4525525315
0.3493680000	4.0846440418
0.3500810000	3.7734888464
0.3507940000	3.4875347534
0.3515070000	3.2468380506
0.3522200000	3.0190503873
0.3529330000	2.8250632593
0.3536460000	2.6403245269
0.3543590000	2.4860007777
0.3550720000	2.3351998440
0.3557850000	2.2065232104
0.3564980000	2.0829416857
0.3572110000	1.9710377280
0.3579240000	1.8744203916
0.3586370000	1.7788841356
0.3593500000	1.6980148543
0.3600630000	1.6190414037
0.3607760000	1.5503325706
0.3614890000	1.4814437534
0.3622020000	1.4224817878
0.3629150000	1.3652548919
0.3636280000	1.3145025658
0.3643410000	1.2638203250
0.3650540000	1.2201872582
0.3657670000	1.1771521178
0.3664790000	1.1395406794
0.3671920000	1.1003774329
0.3679050000	1.0675711769
0.3686180000	1.0342205338
0.3693310000	1.0057298151
0.3700440000	0.9748903699
0.3707570000	0.9500385519
0.3714700000	0.9241986401
0.3721830000	0.9022008134
0.3728960000	0.8779140447
0.3736090000	0.8584497482
0.3743220000	0.8370444969
0.3750350000	0.8207720821
0.3757480000	0.8013870714
0.3764610000	0.7859812531
0.3771740000	0.7687305192
0.3778870000	0.7556668937
0.3786000000	0.7403501825
0.3793130000	0.7278873604
0.3800260000	0.7140959958
0.3807390000	0.7038868085
0.3814520000	0.6912840301
0.3821650000	0.6813795592
0.3828780000	0.6701111422
0.3835910000	0.6612097436
0.3843030000	0.6516570791
0.3850160000	0.6438085334
0.3857290000	0.6343504232
0.3864420000	0.6273214939
0.3871550000	0.6189621830
0.3878680000	0.6133247210
0.3885810000	0.6073201507
0.3892940000	0.6000792688
0.3900070000	0.5947228355
0.3907200000	0.5885745468
0.3914330000	0.5839925273
0.3921460000	0.5778057066
0.3928590000	0.5737197871
0.3935720000	0.5696333343
0.3942850000	0.5650246461
0.3949980000	0.5615231614
0.3957110000	0.5569302746
0.3964240000	0.5538918452
0.3971370000	0.5509069133
0.3978500000	0.5473824432
0.3985630000	0.5449808982
0.3992760000	0.5413644185
0.3999890000	0.5391973446
0.4007020000	0.5372733481
0.4014140000	0.5347504817
0.4021270000	0.5330599781
0.4028400000	0.5316262491
0.4035530000	0.5290971319
0.4042660000	0.5278791179
0.4049790000	0.5273187195
0.4056920000	0.5252490721
0.4064050000	0.5244340697
0.4071180000	0.5238212967
0.4078310000	0.5232241553
0.4085440000	0.5221470036
0.4092570000	0.5219040850
0.4099700000	0.5217138873
0.4106830000	0.5216619699
0.4113960000	0.5216744458
0.4121090000	0.5221934211
0.4128220000	0.5224277181
0.4135350000	0.5227731172
0.4142480000	0.5232909213
0.4149610000	0.5238546902
0.4156740000	0.5248566319
0.4163870000	0.5256350718
0.4171000000	0.5265234073
0.4178130000	0.5275194498
0.4185260000	0.5294038347
0.4192380000	0.5313793604
0.4199510000	0.5337159964
0.4206640000	0.5359180122
0.4213770000	0.5412436731
0.4220900000	0.5425148096
0.4228030000	0.5434094801
0.4235160000	0.5446534775
0.4242290000	0.5458112253
0.4249420000	0.5469824504
0.4256550000	0.5483319402
0.4263680000	0.5497402191
0.4270810000	0.5513315057
0.4277940000	0.5531937227
0.4285070000	0.5549910583
0.4292200000	0.5568608753
0.4299330000	0.5588982151
0.4306460000	0.5610326192
0.4313590000	0.5632998040
0.4320720000	0.5658768945
0.4327850000	0.5684066692
0.4334980000	0.5710376025
0.4342110000	0.5738116305
0.4349240000	0.5767342170
0.4356370000	0.5799563831
0.4363490000	0.5831340243
0.4370620000	0.5864515057
0.4377750000	0.5899459319
0.4384880000	0.5935618889
0.4392010000	0.5973243574
0.4399140000	0.6014025837
0.4406270000	0.6054928088
0.4413400000	0.6097066820
0.4420530000	0.6141260715
0.4427660000	0.6186950954
0.4434790000	0.6234499671
0.4441920000	0.6284943627
0.4449050000	0.6335943477
0.4456180000	0.6388711479
0.4463310000	0.6443586128
0.4470440000	0.6500319549
0.4477570000	0.6559014085
0.4484700000	0.6620844966
0.4491830000	0.6683933057
0.4498960000	0.6748957251
0.4506090000	0.6816350165
0.4513220000	0.6886110333
0.4520350000	0.6958308624
0.4527480000	0.7032810466
0.4534600000	0.7110905419
0.4541730000	0.7190732522
0.4548860000	0.7273250319
0.4555990000	0.7358667996
0.4563120000	0.7447004605
0.4570250000	0.7538338390
0.4577380000	0.7633669369
0.4584510000	0.7731373125
0.4591640000	0.7832512737
0.4598770000	0.7937225370
0.4605900000	0.8045564683
0.4613030000	0.8157749924
0.4620160000	0.8273790856
0.4627290000	0.8394566125
0.4634420000	0.8519019815
0.4641550000	0.8647986281
0.4648680000	0.8781646026
0.4655810000	0.8920096646
0.4662940000	0.9063687113
0.4670070000	0.9212795224
0.4677200000	0.9367147393
0.4684330000	0.9527327238
0.4691460000	0.9693575033
0.4698590000	0.9866244935
0.4705720000	1.0045431369
0.4712840000	1.0231678175
0.4719970000	1.0425208384
0.4727100000	1.0626455331
0.4734230000	1.0835795871
0.4741360000	1.1053647333
0.4748490000	1.1280488006
0.4755620000	1.1516776522
0.4762750000	1.1762940227
0.4769880000	1.2019268389
0.4777010000	1.2286908171
0.4784140000	1.2566487099
0.4791270000	1.2858306857
0.4798400000	1.3163143091
0.4805530000	1.3482137121
0.4812660000	1.3815707324
0.4819790000	1.4164203673
0.4826920000	1.4529937028
0.4834050000	1.4913594322
0.4841180000	1.5315881043
0.4848310000	1.5738159719
0.4855440000	1.6182220666
0.4862570000	1.6648775533
0.4869700000	1.7139942531
0.4876830000	1.7655997569
0.4883950000	1.8201409389
0.4891080000	1.8776869094
0.4898210000	1.9384695770
0.4905340000	2.0027767629
0.4912470000	2.0707894715
0.4919600000	2.1429281944
0.4926730000	2.2191453266
0.4933860000	2.3003642666
0.4940990000	2.3867750265
0.4948120000	2.4787306298
0.4955250000	2.5767846132
0.4962380000	2.6818220878
0.4969510000	2.7946332229
0.4976640000	2.9154281777
0.4983770000	3.0447210128
0.4990900000	3.1841414530
0.4998030000	3.3342739651
0.5005160000	3.4961508567
0.5012290000	3.6713506784
0.5019420000	3.8611012088
0.5026550000	4.0671000490
0.5033680000	4.2906618486
0.5040810000	4.5352389699
0.5047940000	4.8027852811
0.5055070000	5.0961473397
0.5062190000	5.4188993671
0.5069320000	5.7751096677
0.5076450000	6.1693555451
0.5083580000	6.6075051216
0.5090710000	7.0948845541
0.5097840000	7.6416929924
0.5104970000	8.2571015905
0.5112100000	8.9522903346
0.5119230000	9.7417345903
0.5126360000	10.6430735524
0.5133490000	11.6789450881
0.5140620000	12.8764645591
0.5147750000	14.2682612393
0.5154880000	15.9045134578
0.5162010000	17.8419281827
0.5169140000	20.1564506255
0.5176270000	22.9518982230
0.5183400000	26.3668118526
0.5190530000	30.5943128830
0.5197660000	35.9037626421
0.5204790000	42.6743583455
0.5211920000	51.4826902005
0.5219050000	63.1645973803
0.5226180000	78.9886332480
0.5233300000	100.8931253847
0.5240430000	131.7907234090
0.5247560000	175.7044187736
0.5254690000	236.7591162464
0.5261820000	313.8724079765
0.5268950000	387.8258840472
0.5276080000	416.1781841383
0.5283210000	376.1328562222
0.5290340000	298.8826952297
0.5297470000	224.0612535692
0.5304600000	166.3985670498
0.5311730000	125.2503430379
0.5318860000	96.3028123432
0.5325990000	75.7031023866
0.5333120000	60.7786483738
0.5340250000	49.7185238694
0.5347380000	41.3448841377
0.5354510000	34.8809248518
0.5361640000	29.8034993911
0.5368770000	25.7489110577
0.5375900000	22.4659938354
0.5383030000	19.7742896137
0.5390160000	17.5360158075
0.5397290000	15.6642785606
0.5404410000	14.0813931767
0.5411540000	12.7321047563
0.5418670000	11.5714451727
0.5425800000	10.5671765745
0.5432930000	9.6926685110
0.5440060000	8.9267245640
0.5447190000	8.2520794260
0.5454320000	7.6523368898
0.5461450000	7.1218113137
0.5468580000	6.6482323975
0.5475710000	6.2234498683
0.5482840000	5.8415386089
0.5489970000	5.4968525704
0.5497100000	5.1845777507
0.5504230000	4.9012347182
0.5511360000	4.6432224593
0.5518490000	4.4060104297
0.5525620000	4.1903355425
0.5532750000	3.9926491536
0.5539880000	3.8110147639
0.5547010000	3.6436725266
0.5554140000	3.4893334087
0.5561270000	3.3465262810
0.5568400000	3.2144249329
0.5575530000	3.0918083216
0.5582650000	2.9780676671
0.5589780000	2.8711628716
0.5596910000	2.7727166588
0.5604040000	2.6809299918
0.5611170000	2.5952458116
0.5618300000	2.5152585090
0.5625430000	2.4404100849
0.5632560000	2.3704780777
0.5639690000	2.3050055868
0.5646820000	2.2436308302
0.5653950000	2.1859453485
0.5661080000	2.1309119361
0.5668210000	2.0802305728
0.5675340000	2.0327094073
0.5682470000	1.9879977760
0.5689600000	1.9458887916
0.5696730000	1.9064505520
0.5703860000	1.8694279966
0.5710990000	1.8345062553
0.5718120000	1.8018070751
0.5725250000	1.7701736682
0.5732380000	1.7413415085
0.5739510000	1.7142201764
0.5746640000	1.6887750303
0.5753760000	1.6650203787
0.5760890000	1.6427722220
0.5768020000	1.6218880996
0.5775150000	1.6024408521
0.5782280000	1.5843534969
0.5789410000	1.5674543067
0.5796540000	1.5517893181
0.5803670000	1.5363976752
0.5810800000	1.5229805024
0.5817930000	1.5106879827
0.5825060000	1.4994340352
0.5832190000	1.4890874686
0.5839320000	1.4797486839
0.5846450000	1.4714149476
0.5853580000	1.4638744761
0.5860710000	1.4572990407
0.5867840000	1.4515826943
0.5874970000	1.4457824964
0.5882100000	1.4417028578
0.5889230000	1.4384374621
0.5896360000	1.4359244386
0.5903490000	1.4343020079
0.5910620000	1.4333076863
0.5917750000	1.4331238795
0.5924870000	1.4337330570
0.5932000000	1.4350766798
0.5939130000	1.4371039741
0.5946260000	1.4399322033
0.5953390000	1.4424256302
0.5960520000	1.4466792692
0.5967650000	1.4517073368
0.5974780000	1.4574195928
0.5981910000	1.4638526287
0.5989040000	1.4710935286
0.5996170000	1.4790097000
0.6003300000	1.4876827352
0.6010430000	1.4971986589
0.6017560000	1.5074501999
0.6024690000	1.5184860546
0.6031820000	1.5292068352
0.6038950000	1.5418101198
0.6046080000	1.5552527387
0.6053210000	1.5696292026
0.6060340000	1.5848155665
0.6067470000	1.6008216933
0.6074600000	1.6178786251
0.6081730000	1.6357978222
0.6088860000	1.6546885638
0.6095990000	1.6745978776
0.6103110000	1.6954576857
0.6110240000	1.7160421830
0.6117370000	1.7391613725
0.6124500000	1.7633297844
0.6131630000	1.7886600810
0.6138760000	1.8152555632
0.6145890000	1.8431066194
0.6153020000	1.8722650206
0.6160150000	1.9027674198
0.6167280000	1.9347544353
0.6174410000	1.9682364767
0.6181540000	2.0033177949
0.6188670000	2.0399777896
0.6195800000	2.0764802777
0.6202930000	2.1165746487
0.6210060000	2.1585465594
0.6217190000	2.2025783697
0.6224320000	2.2485773121
0.6231450000	2.2967646641
0.6238580000	2.3473149468
0.6245710000	2.4001562700
0.6252840000	2.4555941642
0.6259970000	2.5137503555
0.6267100000	2.5747740001
0.6274220000	2.6387047835
0.6281350000	2.7033628892
0.6288480000	2.7739403359
0.6295610000	2.8479916391
0.6302740000	2.9258765031
0.6309870000	3.0078800300
0.6317000000	3.0940741132
0.6324130000	3.1850416243
0.6331260000	3.2807944086
0.6338390000	3.3818838211
0.6345520000	3.4887134412
0.6352650000	3.6014934321
0.6359780000	3.7207513050
0.6366910000	3.8429300944
0.6374040000	3.9765396533
0.6381170000	4.1181006638
0.6388300000	4.2685216209
0.6395430000	4.4283719402
0.6402560000	4.5983184249
0.6409690000	4.7793412736
0.6416820000	4.9723267158
0.6423950000	5.1784080539
0.6431080000	5.3989531623
0.6438210000	5.6349153556
0.6445340000	5.8880466088
0.6452460000	6.1596761945
0.6459590000	6.4447654612
0.6466720000	6.7594111717
0.6473850000	7.0988493130
0.6480980000	7.4661280539
0.6488110000	7.8640342388
0.6495240000	8.2960072596
0.6502370000	8.7663478594
0.6509500000	9.2790624703
0.6516630000	9.8402269507
0.6523760000	10.4554914694
0.6530890000	11.1311563975
0.6538020000	11.8763850200
0.6545150000	12.7003021109
0.6552280000	13.5970067727
0.6559410000	14.6133856017
0.6566540000	15.7490601501
0.6573670000	17.0235471951
0.6580800000	18.4586684913
0.6587930000	20.0825542510
0.6595060000	21.9283912671
0.6602190000	24.0358430272
0.6609320000	26.4553751189
0.6616450000	29.2500073212
0.6623570000	32.4954873557
0.6630700000	36.2862262258
0.6637830000	40.7461374881
0.6644960000	45.9526698406
0.6652090000	52.2529752276
0.6659220000	59.8713292299
0.6666350000	69.2546979451
0.6673480000	81.1646683757
0.6680610000	96.9336696562
0.6687740000	118.8710434131
0.6694870000	150.2237280572
0.6702000000	194.3593098298
0.6709130000	254.2089956488
0.6716260000	332.4726516191
0.6723390000	429.9728743842
0.6730520000	537.3760095621
0.6737650000	623.4783868006
0.6744780000	644.6396570374
0.6751910000	586.4553523939
0.6759040000	484.1956835542
0.6766170000	380.0207079179
0.6773300000	293.8427279755
0.6780430000	228.3136428048
0.6787560000	179.8226133666
0.6794680000	143.9611379800
0.6801810000	117.1688587675
0.6808940000	96.8412313441
0.6816070000	81.1671867250
0.6823200000	68.8919117912
0.6830330000	59.1301674801
0.6837460000	51.2592937332
0.6844590000	44.8373236879
0.6851720000	39.5255865384
0.6858850000	35.0934911569
0.6865980000	31.3593641742
0.6873110000	28.1864704274
0.6880240000	25.4698429768
0.6887370000	23.1263675343
0.6894500000	21.0909197160
0.6901630000	19.3130691584
0.6908760000	17.7511130073
0.6915890000	16.3722866053
0.6923020000	15.1485563978
0.6930150000	14.0580924334
0.6937280000	13.0823902577
0.6944410000	12.2013275144
0.6951540000	11.4109823810
0.6958670000	10.6962310352
0.6965800000	10.0474411439
0.6972920000	9.4569021277
0.6980050000	8.9182175533
0.6987180000	8.4250404652
0.6994310000	7.9723831896
0.7001440000	7.5564240529
0.7008570000	7.1728589624
0.7015700000	6.8188980825
0.7022830000	6.4913476100
0.7029960000	6.1873307636
0.7037090000	5.9051635887
0.7044220000	5.6426071976
0.7051350000	5.3953230759
0.7058480000	5.1669703009
0.7065610000	4.9533307112
0.7072740000	4.7533938572
0.7079870000	4.5660864327
0.7087000000	4.3901695213
0.7094130000	4.2247449083
0.7101260000	4.0691187729
0.7108390000	3.9226063132
0.7115520000	3.7843393573
0.7122650000	3.6537949206
0.7129780000	3.5303806749
0.7136910000	3.4137337002
0.7144030000	3.3031952004
0.7151160000	3.1985089784
0.7158290000	3.0990226089
0.7165420000	3.0031954123
0.7172550000	2.9135218247
0.7179680000	2.8282705302
0.7186810000	2.7471944690
0.7193940000	2.6699478365
0.7201070000	2.5962720511
0.7208200000	2.5260211197
0.7215330000	2.4591065366
0.7222460000	2.3951578924
0.7229590000	2.3339911455
0.7236720000	2.2755739461
0.7243850000	2.2197181088
0.7250980000	2.1661749328
0.7258110000	2.1150991645
0.7265240000	2.0660824464
0.7272370000	2.0190664544
0.7279500000	1.9730164848
0.7286630000	1.9298272734
0.7293760000	1.8883382679
0.7300890000	1.8485511980
0.7308020000	1.8102926459
0.7315150000	1.7736452882
0.7322270000	1.7384163839
0.7329400000	1.7045427916
0.7336530000	1.6719341235
0.7343660000	1.6405993562
0.7350790000	1.6104266967
0.7357920000	1.5814870080
0.7365050000	1.5536573106
0.7372180000	1.5267931812
0.7379310000	1.5009724992
0.7386440000	1.4761318955
0.7393570000	1.4515220975
0.7400700000	1.4285474083
0.7407830000	1.4063388619
0.7414960000	1.3850597417
0.7422090000	1.3644959646
0.7429220000	1.3447312156
0.7436350000	1.3257077558
0.7443480000	1.3073924918
0.7450610000	1.2897899177
0.7457740000	1.2728551119
0.7464870000	1.2565915904
0.7472000000	1.2409982713
0.7479130000	1.2259514165
0.7486260000	1.2115168426
0.7493380000	1.1976959295
0.7500510000	1.1843636600
0.7507640000	1.1716400268
0.7514770000	1.1591755783
0.7521900000	1.1475427135
0.7529030000	1.1364210475
0.7536160000	1.1258141250
0.7543290000	1.1156939614
0.7550420000	1.1060581001
0.7557550000	1.0969635356
0.7564680000	1.0883194620
0.7571810000	1.0801753303
0.7578940000	1.0724612782
0.7586070000	1.0652749052
0.7593200000	1.0585143834
0.7600330000	1.0521530756
0.7607460000	1.0463363491
0.7614590000	1.0409279111
0.7621720000	1.0360536214
0.7628850000	1.0316367866
0.7635980000	1.0276965846
0.7643110000	1.0240717082
0.7650240000	1.0210581181
0.7657370000	1.0185421031
0.7664490000	1.0164869602
0.7671620000	1.0149958646
0.7678750000	1.0139937368
0.7685880000	1.0135220943
0.7693010000	1.0135801781
0.7700140000	1.0142172845
0.7707270000	1.0154719202
0.7714400000	1.0171869552
0.7721530000	1.0195709231
0.7728660000	1.0226278715
0.7735790000	1.0264068005
0.7742920000	1.0308721583
0.7750050000	1.0360340261
0.7757180000	1.0419949107
0.7764310000	1.0487327740
0.7771440000	1.0564019660
0.7778570000	1.0649150683
0.7785700000	1.0743933909
0.7792830000	1.0849462471
0.7799960000	1.0965625113
0.7807090000	1.1093213507
0.7814220000	1.1233407785
0.7821350000	1.1386366946
0.7828480000	1.1554403664
0.7835610000	1.1738349644
0.7842730000	1.1939333477
0.7849860000	1.2158400497
0.7856990000	1.2397779911
0.7864120000	1.2658950856
0.7871250000	1.2944296298
0.7878380000	1.3255462676
0.7885510000	1.3595478017
0.7892640000	1.3967786128
0.7899770000	1.4375352385
0.7906900000	1.4824938255
0.7914030000	1.5315705587
0.7921160000	1.5855433692
0.7928290000	1.6450112265
0.7935420000	1.7105228328
0.7942550000	1.7831541137
0.7949680000	1.8637428472
0.7956810000	1.9533987498
0.7963940000	2.0534879286
0.7971070000	2.1654788522
0.7978200000	2.2912540110
0.7985330000	2.4330256034
0.7992460000	2.5934866719
0.7999590000	2.7760259318
0.8006720000	2.9845353122
0.8013840000	3.2239157297
0.8020970000	3.5003107295
0.8028100000	3.8212651364
0.8035230000	4.1961905644
0.8042360000	4.6372417522
0.8049490000	5.1599792299
0.8056620000	5.7826450829
0.8063750000	6.5310815254
0.8070880000	7.4365383142
0.8078010000	8.5390800592
0.8085140000	9.8885012267
0.8092270000	11.5440144069
0.8099400000	13.6119689682
0.8106530000	16.1306569794
0.8113660000	19.1141468545
0.8120790000	22.4723580664
0.8127920000	25.9136941969
0.8135050000	28.8808985741
0.8142180000	30.6505990218
0.8149310000	30.6772887701
0.8156440000	28.9612080527
0.8163570000	26.0458442069
0.8170700000	22.6509998268
0.8177830000	19.3303945306
0.8184950000	16.3738251284
0.8192080000	13.8732538230
0.8199210000	11.8127321954
0.8206340000	10.1339026953
0.8213470000	8.7698809219
0.8220600000	7.6589433231
0.8227730000	6.7497595620
0.8234860000	6.0009289005
0.8241990000	5.3799794317
0.8249120000	4.8614823774
0.8256250000	4.4256483090
0.8263380000	4.0569012862
0.8270510000	3.7432965588
0.8277640000	3.4749813998
0.8284770000	3.2443966292
0.8291900000	3.0454401380
0.8299030000	2.8729298444
0.8306160000	2.7234850203
0.8313290000	2.5934630838
0.8320420000	2.4803095012
0.8327550000	2.3818187307
0.8334680000	2.2974513028
0.8341810000	2.2231985256
0.8348940000	2.1589990476
0.8356070000	2.1037829323
0.8363190000	2.0568670102
0.8370320000	2.0174084419
0.8377450000	1.9848891313
0.8384580000	1.9588305111
0.8391710000	1.9387812816
0.8398840000	1.9244717327
0.8405970000	1.9157852269
0.8413100000	1.9125147958
0.8420230000	1.9143800577
0.8427360000	1.9211980853
0.8434490000	1.9337005610
0.8441620000	1.9515779140
0.8448750000	1.9749618944
0.8455880000	2.0041701998
0.8463010000	2.0396133081
0.8470140000	2.0813897411
0.8477270000	2.1303153642
0.8484400000	2.1865501584
0.8491530000	2.2533775721
0.8498660000	2.3268615598
0.8505790000	2.4104497513
0.8512920000	2.5053271929
0.8520050000	2.6127537176
0.8527180000	2.7345494720
0.8534300000	2.8727081993
0.8541430000	3.0296231902
0.8548560000	3.2082451037
0.8555690000	3.4114029305
0.8562820000	3.6450482101
0.8569950000	3.9137069893
0.8577080000	4.2242722988
0.8584210000	4.5851336858
0.8591340000	5.0069577616
0.8598470000	5.5028496315
0.8605600000	6.0901937694
0.8612730000	6.7904785958
0.8619860000	7.6319784045
0.8626990000	8.6523960517
0.8634120000	9.8988752536
0.8641250000	11.4335459395
0.8648380000	13.3377165208
0.8655510000	15.6991846790
0.8662640000	18.6269727937
0.8669770000	22.2133118202
0.8676900000	26.4806452888
0.8684030000	31.2643358693
0.8691160000	36.0491788679
0.8698290000	39.8972411177
0.8705420000	41.6530612302
0.8712540000	40.6202951094
0.8719670000	37.0714660435
0.8726800000	32.0273054397
0.8733930000	26.5474838390
0.8741060000	21.2840481952
0.8748190000	16.4817539037
0.8755320000	12.1127896062
0.8762450000	8.0436899097
0.8769580000	4.2306584448
0.8776710000	1.0804038060
0.8783840000	0.0132565733
0.8819490000	1.3418302249
0.8826620000	5.2807082737
0.8833750000	8.0470503734
0.8840880000	9.4055722893
0.8848010000	9.6837302212
0.8855140000	9.3152858978
0.8862270000	8.6275005030
0.8869400000	7.8334454486
0.8876530000	7.0491076124
0.8883650000	6.3213803954
0.8890780000	5.6719407188
0.8897910000	5.1031613261
0.8905040000	4.6101259104
0.8912170000	4.1850558864
0.8919300000	3.8169816172
0.8926430000	3.4987562929
0.8933560000	3.2222880662
0.8940690000	2.9819698919
0.8947820000	2.7717480518
0.8954950000	2.5870922015
0.8962080000	2.4247316081
0.8969210000	2.2808179950
0.8976340000	2.1760535802
0.8983470000	2.0599900862
0.8990600000	1.9561856189
0.8997730000	1.8631238405
0.9004860000	1.7794492623
0.9011990000	1.7041456955
0.9019120000	1.6358507182
0.9026250000	1.5740105926
0.9033380000	1.5177951195
0.9040510000	1.4666257845
0.9047640000	1.4201927198
0.9054760000	1.3777774651
0.9061890000	1.3389419950
0.9069020000	1.3034344742
0.9076150000	1.2709514745
0.9083280000	1.2413128922
0.9090410000	1.2140591536
0.9097540000	1.1891318554
0.9104670000	1.1662519498
0.9111800000	1.1453725868
0.9118930000	1.1263265239
0.9126060000	1.1087946082
0.9133190000	1.0929299389
0.9140320000	1.0785153271
0.9147450000	1.0654513619
0.9154580000	1.0580599005
0.9161710000	1.0472678544
0.9168840000	1.0375686404
0.9175970000	1.0289902140
0.9183100000	1.0214317130
0.9190230000	1.0149406217
0.9197360000	1.0093011180
0.9204490000	1.0045973609
0.9211620000	1.0007426276
0.9218750000	0.9977382321
0.9225880000	0.9955955755
0.9233000000	0.9942294643
0.9240130000	0.9936042357
0.9247260000	0.9937259445
0.9254390000	0.9945913064
0.9261520000	0.9962557756
0.9268650000	0.9985899393
0.9275780000	1.0015984176
0.9282910000	1.0053741863
0.9290040000	1.0098517974
0.9297170000	1.0150669424
0.9304300000	1.0209867232
0.9311430000	1.0276271278
0.9318560000	1.0350153232
0.9325690000	1.0431275913
0.9332820000	1.0520020969
0.9339950000	1.0631129875
0.9347080000	1.0734673048
0.9354210000	1.0846273315
0.9361340000	1.0966105775
0.9368470000	1.1094324655
0.9375600000	1.1231423212
0.9382730000	1.1377367360
0.9389860000	1.1532686798
0.9396990000	1.1697711891
0.9404110000	1.1872909691
0.9411240000	1.2058490880
0.9418370000	1.2255038879
0.9425500000	1.2463042380
0.9432630000	1.2683003283
0.9439760000	1.2915552249
0.9446890000	1.3161266553
0.9454020000	1.3420843779
0.9461150000	1.3694972298
0.9468280000	1.3984494319
0.9475410000	1.4290215677
0.9482540000	1.4613104250
0.9489670000	1.4954224499
0.9496800000	1.5314846773
0.9503930000	1.5696012474
0.9511060000	1.6099065449
0.9518190000	1.6525505666
0.9525320000	1.6976782375
0.9532450000	1.7459104046
0.9539580000	1.7965193040
0.9546710000	1.8502001018
0.9553840000	1.9071680474
0.9560970000	1.9676802337
0.9568100000	2.0319940083
0.9575230000	2.1004341818
0.9582350000	2.1733269613
0.9589480000	2.2510212015
0.9596610000	2.3339623998
0.9603740000	2.4225886615
0.9610870000	2.5173450438
0.9618000000	2.6188521028
0.9625130000	2.7277273599
0.9632260000	2.8446794856
0.9639390000	2.9705019423
0.9646520000	3.1060643464
0.9653650000	3.2523724395
0.9660780000	3.4105911751
0.9667910000	3.5819907624
0.9675040000	3.7680314363
0.9682170000	3.9703579179
0.9689300000	4.1909934087
0.9696430000	4.4320142791
0.9703560000	4.6960151322
0.9710690000	4.9859432539
0.9717820000	5.3052845419
0.9724950000	5.6579885012
0.9732080000	6.0477657501
0.9739210000	6.4820420609
0.9746340000	6.9665258164
0.9753460000	7.5090311287
0.9760590000	8.1188389850
0.9767720000	8.8073148450
0.9774850000	9.5881935083
0.9781980000	10.4778531489
0.9789110000	11.4965778614
0.9796240000	12.6696963648
0.9803370000	14.0280444196
0.9810500000	15.6100244240
0.9817630000	17.4641043523
0.9824760000	19.6513020269
0.9831890000	22.2482025321
0.9839020000	25.3501675549
0.9846150000	29.0775577277
0.9853280000	33.5763927618
0.9860410000	39.0240815711
0.9867540000	45.6127007309
0.9874670000	53.5291594127
0.9881800000	62.8920324633
0.9888930000	73.6196457189
0.9896060000	85.2302946255
0.9903190000	96.6120283516
0.9910320000	105.9518255554
0.9917450000	111.1507072608
0.9924570000	110.7746895727
0.9931700000	104.9241140882
0.9938830000	95.1961820734
0.9945960000	83.6440464317
0.9953090000	72.0349046151
0.9960220000	61.3960303378
0.9967350000	52.1527647148
0.9974480000	44.3449700600
0.9981610000	37.8388069104
0.9988740000	32.4377696761
0.9995870000	27.9447886769
1.0003000000	24.1855352137
1.0010100000	21.0169742057
1.0017300000	18.3307461707
1.0024400000	16.0532865119
1.0031500000	14.1478852254
1.0038600000	12.6066028027
1.0045800000	11.4250240814
1.0052900000	10.5639053667
1.0060000000	9.9367012599
1.0067200000	9.4247255888
1.0074300000	8.9335766619
1.0081400000	8.4219053927
1.0088600000	7.8935612576
1.0095700000	7.3658251713
1.0102800000	6.8581738390
1.0109900000	6.3831797341
1.0117100000	5.9467601816
1.0124200000	5.5496214659
1.0131300000	5.1923780755
1.0138500000	4.8672377066
1.0145600000	4.5733801799
1.0152700000	4.3069709190
1.0159900000	4.0658364093
1.0167000000	3.8466296360
1.0174100000	3.6467923708
1.0181200000	3.4643344790
1.0188400000	3.2973130629
1.0195500000	3.1440896243
1.0202600000	3.0032488008
1.0209800000	2.8735869321
1.0216900000	2.7539807746
1.0224000000	2.6434788713
1.0231100000	2.5411940413
1.0238300000	2.4466668545
1.0245400000	2.3590923535
1.0252500000	2.2777376118
1.0259700000	2.2023314611
1.0266800000	2.1323230180
1.0273900000	2.0674578715
1.0281100000	2.0073661485
1.0288200000	1.9517029517
1.0295300000	1.9001656812
1.0302400000	1.8526357529
1.0309600000	1.8088630966
1.0316700000	1.7686402234
1.0323800000	1.7317085403
1.0331000000	1.6984673619
1.0338100000	1.6684385887
1.0345200000	1.6418156468
1.0352400000	1.6183979324
1.0359500000	1.5981815341
1.0366600000	1.5813164411
1.0373700000	1.5677780423
1.0380900000	1.5578872028
1.0388000000	1.5515924763
1.0395100000	1.5491243049
1.0402300000	1.5508135493
1.0409400000	1.5570855983
1.0416500000	1.5682122243
1.0423600000	1.5849931029
1.0430800000	1.6077278678
1.0437900000	1.6373934584
1.0445000000	1.6748671835
1.0452200000	1.7212734651
1.0459300000	1.7781502987
1.0466400000	1.8473308262
1.0473600000	1.9310144642
1.0480700000	2.0317218590
1.0487800000	2.1528063493
1.0494900000	2.2982001980
1.0502100000	2.4727296223
1.0509200000	2.6819763805
1.0516300000	2.9317423120
1.0523500000	3.2297897791
1.0530600000	3.5813845857
1.0537700000	3.9898488828
1.0544800000	4.4520633884
1.0552000000	4.9531896893
1.0559100000	5.4606542565
1.0566200000	5.9203584773
1.0573400000	6.2620097709
1.0580500000	6.4183821681
1.0587600000	6.3532915636
1.0594800000	6.0789865125
1.0601900000	5.6506858440
1.0609000000	5.1405405698
1.0616100000	4.6121029732
1.0623300000	4.1087179594
1.0630400000	3.6535087341
1.0637500000	3.2548310734
1.0644700000	2.9116487171
1.0651800000	2.6193946182
1.0658900000	2.3709763406
1.0666100000	2.1601187239
1.0673200000	1.9807349502
1.0680300000	1.8275568175
1.0687400000	1.6959722728
1.0694600000	1.5824757668
1.0701700000	1.4838472548
1.0708800000	1.3979500371
1.0716000000	1.3226733991
1.0723100000	1.2553629184
1.0730200000	1.1959779673
1.0737300000	1.1429878218
1.0744500000	1.0946620749
1.0751600000	1.0506484358
1.0758700000	1.0096396073
1.0765900000	0.9714811872
1.0773000000	0.9346906067
1.0780100000	0.8990475259
1.0787300000	0.8636172597
1.0794400000	0.8280335193
1.0801500000	0.7905425940
1.0808600000	0.7499461196
1.0815800000	0.7048855770
1.0822900000	0.6536054656
1.0830000000	0.5935627527
1.0837200000	0.5225211762
1.0844300000	0.4318379440
1.0851400000	0.3154190979
1.0858600000	0.1674502707
1.0865700000	0.0072481276
1.0958400000	0.0091624335
1.0965500000	1.0368553169
1.0972600000	1.7211247873
1.0979800000	2.0747376735
1.0986900000	2.1915538195
1.0994000000	2.1627538869
1.1001100000	2.0550537270
1.1008300000	1.9147185573
1.1015400000	1.7652473154
1.1022500000	1.6210384491
1.1029700000	1.4881723703
1.1036800000	1.3693611062
1.1043900000	1.2643563638
1.1051100000	1.1723408281
1.1058200000	1.0925061494
1.1065300000	1.0227923465
1.1072400000	0.9622480086
1.1079600000	0.9095450402
1.1086700000	0.8634221854
1.1093800000	0.8230736157
1.1101000000	0.7875290153
1.1108100000	0.7564018267
1.1115200000	0.7305537937
1.1122300000	0.7060333752
1.1129500000	0.6842724093
1.1136600000	0.6649474577
1.1143700000	0.6474757109
1.1150900000	0.6321672387
1.1158000000	0.6185742347
1.1165100000	0.6064322343
1.1172300000	0.5955108604
1.1179400000	0.5858117877
1.1186500000	0.5771047490
1.1193600000	0.5693314064
1.1200800000	0.5624690808
1.1207900000	0.5563324128
1.1215000000	0.5509161818
1.1222200000	0.5460571591
1.1229300000	0.5418041426
1.1236400000	0.5380670069
1.1243500000	0.5348198084
1.1250700000	0.5320211265
1.1257800000	0.5296787063
1.1264900000	0.5277625959
1.1272100000	0.5261582763
1.1279200000	0.5249055005
1.1286300000	0.5240064682
1.1293500000	0.5234121525
1.1300600000	0.5231177929
1.1307700000	0.5231015700
1.1314800000	0.5233783025
1.1322000000	0.5239063613
1.1329100000	0.5247209172
1.1336200000	0.5257700326
1.1343400000	0.5270504828
1.1350500000	0.5285790132
1.1357600000	0.5303268169
1.1364800000	0.5322348512
1.1371900000	0.5344945507
1.1379000000	0.5369173667
1.1386100000	0.5395599243
1.1393300000	0.5424291641
1.1400400000	0.5455294739
1.1407500000	0.5488470421
1.1414700000	0.5523896265
1.1421800000	0.5561754686
1.1428900000	0.5601740714
1.1436000000	0.5644131319
1.1443200000	0.5688828448
1.1450300000	0.5735966878
1.1457400000	0.5785566631
1.1464600000	0.5837727464
1.1471700000	0.5892508073
1.1478800000	0.5949868088
1.1486000000	0.6009903996
1.1493100000	0.6072797106
1.1500200000	0.6138535280
1.1507300000	0.6207261503
1.1514500000	0.6279085126
1.1521600000	0.6354140671
1.1528700000	0.6432569821
1.1535900000	0.6514386938
1.1543000000	0.6599800432
1.1550100000	0.6689012204
1.1557300000	0.6782152239
1.1564400000	0.6879404949
1.1571500000	0.6980962801
1.1578600000	0.7087078505
1.1585800000	0.7197238264
1.1592900000	0.7313100890
1.1600000000	0.7434208762
1.1607200000	0.7560866184
1.1614300000	0.7693356317
1.1621400000	0.7832093537
1.1628500000	0.7977414058
1.1635700000	0.8129751606
1.1642800000	0.8285533499
1.1649900000	0.8453119540
1.1657100000	0.8629122527
1.1664200000	0.8814215691
1.1671300000	0.9008965015
1.1678500000	0.9214143435
1.1685600000	0.9430449626
1.1692700000	0.9658747758
1.1699800000	0.9900064334
1.1707000000	1.0155413997
1.1714100000	1.0425980136
1.1721200000	1.0713113526
1.1728400000	1.1018204423
1.1735500000	1.1342936590
1.1742600000	1.1689236111
1.1749700000	1.2059130988
1.1756900000	1.2454971351
1.1764000000	1.2879736485
1.1771100000	1.3336224185
1.1778300000	1.3828115270
1.1785400000	1.4359613357
1.1792500000	1.4935152188
1.1799700000	1.5560311579
1.1806800000	1.6241370260
1.1813900000	1.6985934325
1.1821000000	1.7802346254
1.1828200000	1.8696495196
1.1835300000	1.9689275165
1.1842400000	2.0790972451
1.1849600000	2.2018256937
1.1856700000	2.3392335734
1.1863800000	2.4937877207
1.1871000000	2.6684652560
1.1878100000	2.8669687180
1.1885200000	3.0937338107
1.1892300000	3.3540184353
1.1899500000	3.6543490266
1.1906600000	4.0024529388
1.1913700000	4.4074369753
1.1920900000	4.8795490551
1.1928000000	5.4287394954
1.1935100000	6.0686561262
1.1942200000	6.8059583726
1.1949400000	7.6413324521
1.1956500000	8.5608995563
1.1963600000	9.5264407407
1.1970800000	10.4666423914
1.1977900000	11.2765288183
1.1985000000	11.8349916939
1.1992200000	12.0437027779
1.1999300000	11.8695076005
1.2006400000	11.3607241908
1.2013500000	10.6245243431
1.2020700000	9.7820352168
1.2027800000	8.9329888459
1.2034900000	8.1428799930
1.2042100000	7.4448213196
1.2049200000	6.8497115623
1.2056300000	6.3554338805
1.2063500000	5.9537420877
1.2070600000	5.6355372688
1.2077700000	5.3872366345
1.2084800000	5.2012171996
1.2092000000	5.0695187676
1.2099100000	4.9856296479
1.2106200000	4.9445660366
1.2113400000	4.9423498235
1.2120500000	4.9761947756
1.2127600000	5.0441966199
1.2134700000	5.1454438380
1.2141900000	5.2796393493
1.2149000000	5.4473207272
1.2156100000	5.6495832238
1.2163300000	5.8885391403
1.2170400000	6.1667398493
1.2177500000	6.4879158676
1.2184700000	6.8564739404
1.2191800000	7.2781221320
1.2198900000	7.7595562987
1.2206000000	8.3091809549
1.2213200000	8.9373959841
1.2220300000	9.6327835403
1.2227400000	10.4553147454
1.2234600000	11.4017557824
1.2241700000	12.4943531000
1.2248800000	13.7603981662
1.2256000000	15.2322775965
1.2263100000	16.9505007711
1.2270200000	18.9621103211
1.2277300000	21.3221619066
1.2284500000	24.0937238056
1.2291600000	27.3444203604
1.2298700000	31.1364865761
1.2305900000	35.5129554255
1.2313000000	40.4659558728
1.2320100000	45.8939378284
1.2327200000	51.5421826508
1.2334400000	56.9519665696
1.2341500000	61.4768837894
1.2348600000	64.4028693634
1.2355800000	65.1895942356
1.2362900000	63.7111735147
1.2370000000	60.3165809595
1.2377200000	55.6705197041
1.2384300000	50.4873948107
1.2391400000	45.3418119256
1.2398500000	40.6028326390
1.2405700000	36.4568255940
1.2412800000	32.9645406522
1.2419900000	30.1197136092
1.2427100000	27.8827626886
1.2434200000	26.2041171674
1.2441300000	25.0340201007
1.2448400000	24.3282662726
1.2455600000	24.0436290073
1.2462700000	24.1325752203
1.2469800000	24.5303854640
1.2477000000	25.1442607518
1.2484100000	25.8396669071
1.2491200000	26.4407324169
1.2498400000	26.7506437490
1.2505500000	26.5986688010
1.2512600000	25.8949950409
1.2519700000	24.6623952037
1.2526900000	23.0238295251
1.2534000000	21.1488928365
1.2541100000	19.2013071127
1.2548300000	17.3068532720
1.2555400000	15.5437287396
1.2562500000	13.9495838541
1.2569700000	12.5342352339
1.2576800000	11.2910110995
1.2583900000	10.2050569157
1.2591000000	9.2584603989
1.2598200000	8.4323621115
1.2605300000	7.7113138466
1.2612400000	7.0796328412
1.2619600000	6.5242624083
1.2626700000	6.0341844095
1.2633800000	5.5999901817
1.2640900000	5.2137805869
1.2648100000	4.8689199663
1.2655200000	4.5597946264
1.2662300000	4.2816818666
1.2669500000	4.0306426812
1.2676600000	3.8032789552
1.2683700000	3.5966963643
1.2690900000	3.4084358151
1.2698000000	3.2363987630
1.2705100000	3.0787825162
1.2712200000	2.9340048804
1.2719400000	2.8007502910
1.2726500000	2.6777870201
1.2733600000	2.5640864685
1.2740800000	2.4587771222
1.2747900000	2.3610365836
1.2755000000	2.2701821045
1.2762200000	2.1855986896
1.2769300000	2.1067349917
1.2776400000	2.0330996269
1.2783500000	1.9642740435
1.2790700000	1.8998706106
1.2797800000	1.8395183047
1.2804900000	1.7829147613
1.2812100000	1.7297636875
1.2819200000	1.6798473313
1.2826300000	1.6329137213
1.2833400000	1.5887622172
1.2840600000	1.5472138877
1.2847700000	1.5081146100
1.2854800000	1.4712812347
1.2862000000	1.4365713616
1.2869100000	1.4027957158
1.2876200000	1.3719965389
1.2883400000	1.3428001234
1.2890500000	1.3154545426
1.2897600000	1.2897138935
1.2904700000	1.2654575835
1.2911900000	1.2426853678
1.2919000000	1.2212628959
1.2926100000	1.2011414977
1.2933300000	1.1822414534
1.2940400000	1.1646097309
1.2947500000	1.1481058625
1.2954700000	1.1327102035
1.2961800000	1.1183763774
1.2968900000	1.1050801941
1.2976000000	1.0927713173
1.2983200000	1.0814747602
1.2990300000	1.0711112822
1.2997400000	1.0616343619
1.3004600000	1.0530408099
1.3011700000	1.0453169957
1.3018800000	1.0384153588
1.3025900000	1.0323330221
1.3033100000	1.0270193919
1.3040200000	1.0224470985
1.3047300000	1.0185917294
1.3054500000	1.0153824654
1.3061600000	1.0128149398
1.3068700000	1.0108093920
1.3075900000	1.0092507766
1.3083000000	1.0081308196
1.3090100000	1.0073051196
1.3097200000	1.0066680194
1.3104400000	1.0060639560
1.3111500000	1.0053901971
1.3118600000	1.0046954133
1.3125800000	1.0036812605
1.3132900000	1.0024860987
1.3140000000	1.0012634196
1.3147100000	1.0008314526
1.3154300000	1.0023695745
1.3161400000	1.0073593239
1.3168500000	1.0183576228
1.3175700000	1.0346287332
1.3182800000	1.0654090070
1.3189900000	1.1084143262
1.3197100000	1.1625412109
1.3204200000	1.2243033656
1.3211300000	1.2894344575
1.3218400000	1.3519904143
1.3225600000	1.4122521211
1.3232700000	1.4680490732
1.3239800000	1.5194504421
1.3247000000	1.5680361673
1.3254100000	1.6148561670
1.3261200000	1.6622802705
1.3268400000	1.7108823218
1.3275500000	1.7634451934
1.3282600000	1.8232212843
1.3289700000	1.8956495010
1.3296900000	1.9891216190
1.3304000000	2.1151062399
1.3311100000	2.2875334144
1.3318300000	2.5205891270
1.3325400000	2.8242123436
1.3332500000	3.1990241773
1.3339600000	3.6357971898
1.3346800000	4.1178174765
1.3353900000	4.6283402238
1.3361000000	5.1565776305
1.3368200000	5.7023332864
1.3375300000	6.2738610028
1.3382400000	6.8829675210
1.3389600000	7.5399611534
1.3396700000	8.2491307120
1.3403800000	9.0063863797
1.3410900000	9.7930735714
1.3418100000	10.5731803590
1.3425200000	11.2932266037
1.3432300000	11.8870317805
1.3439500000	12.2860159052
1.3446600000	12.4360833295
1.3453700000	12.3129325159
1.3460900000	11.9301162884
1.3468000000	11.3344468882
1.3475100000	10.5914239400
1.3482200000	9.7691067496
1.3489400000	8.9266369609
1.3496500000	8.1067841263
1.3503600000	7.3368180063
1.3510800000	6.6312261193
1.3517900000	5.9952547529
1.3525000000	5.4283590776
1.3532100000	4.9262605566
1.3539300000	4.4833804785
1.3546400000	4.0932494867
1.3553500000	3.7496320508
1.3560700000	3.4467264661
1.3567800000	3.1792546769
1.3574900000	2.9425641953
1.3582100000	2.7326076226
1.3589200000	2.5459444255
1.3596300000	2.3792736352
1.3603400000	2.2301760681
1.3610600000	2.0964339964
1.3617700000	1.9761297156
1.3624800000	1.8676213581
1.3632000000	1.7694902863
1.3639100000	1.6805132653
1.3646200000	1.5996427252
1.3653400000	1.5259768565
1.3660500000	1.4587208297
1.3667600000	1.3971768039
1.3674700000	1.3407471561
1.3681900000	1.2889108713
1.3689000000	1.2412041620
1.3696100000	1.1972169913
1.3703300000	1.1566053325
1.3710400000	1.1190368204
1.3717500000	1.0842325235
1.3724600000	1.0519472345
1.3731800000	1.0219491388
1.3738900000	0.9940431597
1.3746000000	0.9680567160
1.3753200000	0.9438209822
1.3760300000	0.9211844260
1.3767400000	0.9000165565
1.3774600000	0.8802027318
1.3781700000	0.8616291194
1.3788800000	0.8441944742
1.3795900000	0.8278034432
1.3803100000	0.8123726848
1.3810200000	0.7978909272
1.3817300000	0.7841165814
1.3824500000	0.7710811344
1.3831600000	0.7586863416
1.3838700000	0.7468738182
1.3845800000	0.7355828698
1.3853000000	0.7247260540
1.3860100000	0.7142631893
1.3867200000	0.7040997512
1.3874400000	0.6941652094
1.3881500000	0.6843870253
1.3888600000	0.6746561647
1.3895800000	0.6649104302
1.3902900000	0.6550304241
1.3910000000	0.6449076556
1.3917100000	0.6344093681
1.3924300000	0.6233923889
1.3931400000	0.6116696724
1.3938500000	0.5990584028
1.3945700000	0.5853215093
1.3952800000	0.5701922198
1.3959900000	0.5533652622
1.3967100000	0.5344677602
1.3974200000	0.5129734423
1.3981300000	0.4787630301
1.3988400000	0.4492829122
1.3995600000	0.4208428093
1.4002700000	0.3766008104
1.4009800000	0.3318841147
1.4017000000	0.2797413651
1.4024100000	0.2401705654
1.4031200000	0.1544462841
1.4038300000	0.0853784879
1.4045500000	0.0263527288
1.4052600000	0.0034642181
1.4138200000	0.0195735186
1.4145300000	0.3246940526
1.4152400000	0.7159447701
1.4159600000	1.0713648588
1.4166700000	1.3607367495
1.4173800000	1.5758991835
1.4180900000	1.7207776677
1.4188100000	1.8066287813
1.4195200000	1.8472826565
1.4202300000	1.8560769625
1.4209500000	1.8442319537
1.4216600000	1.8206276094
1.4223700000	1.7920176549
1.4230800000	1.7622189615
1.4238000000	1.7344509076
1.4245100000	1.7105634693
1.4252200000	1.6916625111
1.4259400000	1.6784064957
1.4266500000	1.6709185324
1.4273600000	1.6693455999
1.4280800000	1.6737184908
1.4287900000	1.6838615908
1.4295000000	1.6997450095
1.4302100000	1.7213384201
1.4309300000	1.7485062805
1.4316400000	1.7813377114
1.4323500000	1.8198752081
1.4330700000	1.8641912775
1.4337800000	1.9144903789
1.4344900000	1.9710104225
1.4352100000	2.0340095181
1.4359200000	2.1038804503
1.4366300000	2.1810503294
1.4373400000	2.2660371594
1.4380600000	2.3594547635
1.4387700000	2.4620310623
1.4394800000	2.5789306496
1.4402000000	2.7020151236
1.4409100000	2.8371285466
1.4416200000	2.9854951974
1.4423300000	3.1485598470
1.4430500000	3.3279601288
1.4437600000	3.5255994154
1.4444700000	3.7436238137
1.4451900000	3.9845165518
1.4459000000	4.2511272862
1.4466100000	4.5467151890
1.4473300000	4.8750057888
1.4480400000	5.2402574394
1.4487500000	5.6473195603
1.4494600000	6.1016729077
1.4501800000	6.6093607670
1.4508900000	7.1772543060
1.4516000000	7.8125755873
1.4523200000	8.5230743269
1.4530300000	9.3163802093
1.4537400000	10.1995291348
1.4544500000	11.1779830314
1.4551700000	12.2541852876
1.4558800000	13.4252970577
1.4565900000	14.6810017490
1.4573100000	15.9998851491
1.4580200000	17.3468803152
1.4587300000	18.6709291163
1.4594500000	19.9051977593
1.4601600000	20.9711498964
1.4608700000	21.7873167172
1.4615800000	22.2818062766
1.4623000000	22.4061684082
1.4630100000	22.1467173702
1.4637200000	21.5278172674
1.4644400000	20.6067132355
1.4651500000	19.4616467963
1.4658600000	18.1756181622
1.4665800000	16.8259913893
1.4672900000	15.4754462512
1.4680000000	14.1700229138
1.4687100000	12.9398758517
1.4694300000	11.8012669020
1.4701400000	10.7613298677
1.4708500000	9.8202187883
1.4715700000	8.9737175143
1.4722800000	8.2153484153
1.4729900000	7.5375709181
1.4737000000	6.9325297732
1.4744200000	6.3923174985
1.4751300000	5.9099354606
1.4758400000	5.4788028521
1.4765600000	5.0928999559
1.4772700000	4.7470715822
1.4779800000	4.4366938817
1.4787000000	4.1577216632
1.4794100000	3.9065845693
1.4801200000	3.6801814926
1.4808300000	3.4759037498
1.4815500000	3.2913486248
1.4822600000	3.1244951480
1.4829700000	2.9736467138
1.4836900000	2.8391637691
1.4844000000	2.7156134828
1.4851100000	2.6039883985
1.4858300000	2.5033026796
1.4865400000	2.4126792727
1.4872500000	2.3313996571
1.4879600000	2.2588469700
1.4886800000	2.1945237216
1.4893900000	2.1379386935
1.4901000000	2.0887907097
1.4908200000	2.0468297916
1.4915300000	2.0118769506
1.4922400000	1.9838578015
1.4929500000	1.9627605042
1.4936700000	1.9485648296
1.4943800000	1.9415014428
1.4950900000	1.9417718507
1.4958100000	1.9497274088
1.4965200000	1.9657973222
1.4972300000	1.9904615187
1.4979500000	2.0244217478
1.4986600000	2.0684059529
1.4993700000	2.1232915445
1.5000800000	2.1904588919
1.5008000000	2.2736758867
1.5015100000	2.3719433504
1.5022200000	2.4864155776
1.5029400000	2.6181712761
1.5036500000	2.7679467255
1.5043600000	2.9357459617
1.5050800000	3.1204676050
1.5057900000	3.3195899892
1.5065000000	3.5281378079
1.5072100000	3.7384028011
1.5079300000	3.9397733352
1.5086400000	4.1188745451
1.5093500000	4.2608322485
1.5100700000	4.3516488709
1.5107800000	4.3808191057
1.5114900000	4.3435695479
1.5122000000	4.2424205021
1.5129200000	4.0862317378
1.5136300000	3.8881793936
1.5143400000	3.6629982010
1.5150600000	3.4245933012
1.5157700000	3.1843846962
1.5164800000	2.9507477621
1.5172000000	2.7293834222
1.5179100000	2.5234330956
1.5186200000	2.3342780699
1.5193300000	2.1620425775
1.5200500000	2.0061017773
1.5207600000	1.8653290238
1.5214700000	1.7383800505
1.5221900000	1.6238890456
1.5229000000	1.5204070639
1.5236100000	1.4266895730
1.5243200000	1.3414434915
1.5250400000	1.2635676135
1.5257500000	1.1919196781
1.5264600000	1.1254582389
1.5271800000	1.0633044957
1.5278900000	1.0044419086
1.5286000000	0.9479922365
1.5293200000	0.8929861906
1.5300300000	0.8368943949
1.5307400000	0.7817344499
1.5314500000	0.7252672334
1.5321700000	0.6667115629
1.5328800000	0.6052786107
1.5335900000	0.5401089701
1.5343100000	0.4704012957
1.5350200000	0.3953004185
1.5357300000	0.3139554547
1.5364500000	0.2258404345
1.5371600000	0.1304040357
1.5378700000	0.0317941665
1.5385800000	0.0055399389
1.5471400000	0.0438746773
1.5478500000	0.2353265437
1.5485700000	0.4090945644
1.5492800000	0.5551821768
1.5499900000	0.6693000366
1.5507000000	0.7518860140
1.5514200000	0.8058034452
1.5521300000	0.8360250234
1.5528400000	0.8475781062
1.5535600000	0.8453022667
1.5542700000	0.8332595628
1.5549800000	0.8147079333
1.5557000000	0.7922309085
1.5564100000	0.7675519285
1.5571200000	0.7419961925
1.5578300000	0.7165699840
1.5585500000	0.6918047635
1.5592600000	0.6679024890
1.5599700000	0.6451835916
1.5606900000	0.6237737927
1.5614000000	0.6037442519
1.5621100000	0.5850347406
1.5628200000	0.5675203820
1.5635400000	0.5511226092
1.5642500000	0.5357944853
1.5649600000	0.5214338552
1.5656800000	0.5079579485
1.5663900000	0.4951683632
1.5671000000	0.4829970257
1.5678200000	0.4713994615
1.5685300000	0.4600514004
1.5692400000	0.4491094842
1.5699500000	0.4383851924
1.5706700000	0.4277252685
1.5713800000	0.4170505512
1.5720900000	0.4063024639
1.5728100000	0.3953545432
1.5735200000	0.3841285457
1.5742300000	0.3726050023
1.5749400000	0.3608445188
1.5756600000	0.3489100120
1.5763700000	0.3370451211
1.5770800000	0.3256369109
1.5778000000	0.3151433552
1.5785100000	0.3073037911
1.5792200000	0.3008643707
1.5799400000	0.2978337719
1.5806500000	0.2989701506
1.5813600000	0.3048859865
1.5820700000	0.3156636815
1.5827900000	0.3308223388
1.5835000000	0.3493282927
1.5842100000	0.3696815082
1.5849300000	0.3902366570
1.5856400000	0.4095531772
1.5863500000	0.4265566905
1.5870700000	0.4407563827
1.5877800000	0.4520445410
1.5884900000	0.4605400803
1.5892000000	0.4666950357
1.5899200000	0.4709590237
1.5906300000	0.4738168325
1.5913400000	0.4757629553
1.5920600000	0.4771230670
1.5927700000	0.4781882455
1.5934800000	0.4791896824
1.5941900000	0.4802762240
1.5949100000	0.4815787728
1.5956200000	0.4831791205
1.5963300000	0.4851258258
1.5970500000	0.4874549122
1.5977600000	0.4901953903
1.5984700000	0.4933401661
1.5991900000	0.4969207172
1.5999000000	0.5009316451
1.6006100000	0.5053688593
1.6013200000	0.5102239277
1.6020400000	0.5155151734
1.6027500000	0.5212342509
1.6034600000	0.5273927831
1.6041800000	0.5339943368
1.6048900000	0.5410470172
1.6056000000	0.5485751679
1.6063200000	0.5565965679
1.6070300000	0.5651430217
1.6077400000	0.5742566003
1.6084500000	0.5839993258
1.6091700000	0.5944462187
1.6098800000	0.6056815105
1.6105900000	0.6178389928
1.6113100000	0.6304914830
1.6120200000	0.6448653335
1.6127300000	0.6605702416
1.6134400000	0.6777185403
1.6141600000	0.6963767192
1.6148700000	0.7165618631
1.6155800000	0.7382504901
1.6163000000	0.7613572783
1.6170100000	0.7858240795
1.6177200000	0.8115813256
1.6184400000	0.8386331010
1.6191500000	0.8670202873
1.6198600000	0.8968454462
1.6205700000	0.9282735758
1.6212900000	0.9615116595
1.6220000000	0.9967958077
1.6227100000	1.0343874529
1.6234300000	1.0745681386
1.6241400000	1.1176343444
1.6248500000	1.1639067464
1.6255700000	1.2137232702
1.6262800000	1.2674551256
1.6269900000	1.3255027868
1.6277000000	1.3883066417
1.6284200000	1.4563453909
1.6291300000	1.5301522539
1.6298400000	1.6103075729
1.6305600000	1.6972533291
1.6312700000	1.7921211880
1.6319800000	1.8954805739
1.6326900000	2.0081959237
1.6334100000	2.1311843805
1.6341200000	2.2654468875
1.6348300000	2.4120239383
1.6355500000	2.5719877678
1.6362600000	2.7464097068
1.6369700000	2.9363339374
1.6376900000	3.1426608508
1.6384000000	3.3660402119
1.6391100000	3.6067833687
1.6398200000	3.8646142214
1.6405400000	4.1384795956
1.6412500000	4.4262366300
1.6419600000	4.7244818619
1.6426800000	5.0281771025
1.6433900000	5.3305014897
1.6441000000	5.6228522067
1.6448100000	5.8952023281
1.6455300000	6.1366058011
1.6462400000	6.3361871648
1.6469500000	6.4843611838
1.6476700000	6.5741419373
1.6483800000	6.6020829604
1.6490900000	6.5687813198
1.6498100000	6.4786541542
1.6505200000	6.3391974284
1.6512300000	6.1597803203
1.6519400000	5.9502413419
1.6526600000	5.7199595589
1.6533700000	5.4770752521
1.6540800000	5.2280126395
1.6548000000	4.9775285606
1.6555100000	4.7290707565
1.6562200000	4.4850463927
1.6569400000	4.2470962828
1.6576500000	4.0166649756
1.6583600000	3.7944680636
1.6590700000	3.5815725693
1.6597900000	3.3787821973
1.6605000000	3.1867031554
1.6612100000	3.0057421260
1.6619300000	2.8361444241
1.6626400000	2.6779059668
1.6633500000	2.5309114315
1.6640600000	2.3947652221
1.6647800000	2.2690044859
1.6654900000	2.1531081821
1.6662000000	2.0464634803
1.6669200000	1.9484781080
1.6676300000	1.8585019054
1.6683400000	1.7759559592
1.6690600000	1.7002277882
1.6697700000	1.6307772313
1.6704800000	1.5670989493
1.6711900000	1.5087003619
1.6719100000	1.4551512634
1.6726200000	1.4060666005
1.6733300000	1.3610774194
1.6740500000	1.3198755733
1.6747600000	1.2821309554
1.6754700000	1.2475715119
1.6761900000	1.2159702972
1.6769000000	1.1871121514
1.6776100000	1.1607796430
1.6783200000	1.1367860930
1.6790400000	1.1150180355
1.6797500000	1.0952898569
1.6804600000	1.0774933393
1.6811800000	1.0615116460
1.6818900000	1.0472279285
1.6826000000	1.0345640420
1.6833100000	1.0234182959
1.6840300000	1.0137300318
1.6847400000	1.0054225923
1.6854500000	0.9984514904
1.6861700000	0.9927573227
1.6868800000	0.9882889112
1.6875900000	0.9845875825
1.6883100000	0.9824331043
1.6890200000	0.9813877269
1.6897300000	0.9814515015
1.6904400000	0.9825702812
1.6911600000	0.9847693978
1.6918700000	0.9880074208
1.6925800000	0.9922559078
1.6933000000	0.9975434753
1.6940100000	1.0038401398
1.6947200000	1.0111556895
1.6954400000	1.0194804114
1.6961500000	1.0288187678
1.6968600000	1.0391904101
1.6975700000	1.0505537721
1.6982900000	1.0629948644
1.6990000000	1.0764443393
1.6997100000	1.0909913436
1.7004300000	1.1067713728
1.7011400000	1.1238598971
1.7018500000	1.1420664930
1.7025600000	1.1614464311
1.7032800000	1.1820195572
1.7039900000	1.2038516682
1.7047000000	1.2269227745
1.7054200000	1.2513436181
1.7061300000	1.2772095922
1.7068400000	1.3047834251
1.7075600000	1.3341313621
1.7082700000	1.3655746543
1.7089800000	1.3995543858
1.7096900000	1.4365856845
1.7104100000	1.4775064529
1.7111200000	1.5232588315
1.7118300000	1.5749983092
1.7125500000	1.6343373044
1.7132600000	1.7028672745
1.7139700000	1.7824103988
1.7146800000	1.8747719205
1.7154000000	1.9816444262
1.7161100000	2.1043499618
1.7168200000	2.2436975149
1.7175400000	2.3999856191
1.7182500000	2.5728151065
1.7189600000	2.7616100352
1.7196800000	2.9655167073
1.7203900000	3.1837803058
1.7211000000	3.4158858642
1.7218100000	3.6619646064
1.7225300000	3.9228608702
1.7232400000	4.1996224129
1.7239500000	4.4936417068
1.7246700000	4.8067098955
1.7253800000	5.1403250685
1.7260900000	5.4959317282
1.7268100000	5.8741235150
1.7275200000	6.2750915254
1.7282300000	6.6975132087
1.7289400000	7.1385743659
1.7296600000	7.5935965910
1.7303700000	8.0556566360
1.7310800000	8.5152362782
1.7318000000	8.9604201155
1.7325100000	9.3768527550
1.7332200000	9.7486061304
1.7339300000	10.0590744475
1.7346500000	10.2928237422
1.7353600000	10.4370548341
1.7360700000	10.4835187011
1.7367900000	10.4291352737
1.7375000000	10.2770699847
1.7382100000	10.0359871540
1.7389300000	9.7186984972
1.7396400000	9.3408294403
1.7403500000	8.9189987383
1.7410600000	8.4692614100
1.7417800000	8.0060525935
1.7424900000	7.5414363695
1.7432000000	7.0850150484
1.7439200000	6.6439730441
1.7446300000	6.2232527145
1.7453400000	5.8258823412
1.7460600000	5.4536499097
1.7467700000	5.1172775926
1.7474800000	4.7947604568
1.7481900000	4.4969370490
1.7489100000	4.2226750326
1.7496200000	3.9705527692
1.7503300000	3.7391063753
1.7510500000	3.5268130467
1.7517600000	3.3322072219
1.7524700000	3.1538422826
1.7531800000	2.9903716149
1.7539000000	2.8405354514
1.7546100000	2.7031976360
1.7553200000	2.5772600850
1.7560400000	2.4617548220
1.7567500000	2.3558006579
1.7574600000	2.2585365413
1.7581800000	2.1693165584
1.7588900000	2.0874086746
1.7596000000	2.0121950565
1.7603100000	1.9430859266
1.7610300000	1.8795417003
1.7617400000	1.8210628754
1.7624500000	1.7671631379
1.7631700000	1.7173888334
1.7638800000	1.6713209705
1.7645900000	1.6285535719
1.7653100000	1.5887020236
1.7660200000	1.5514626375
1.7667300000	1.5165483374
1.7674400000	1.4837457113
1.7681600000	1.4528883669
1.7688700000	1.4238648840
1.7695800000	1.3966164681
1.7703000000	1.3711220950
1.7710100000	1.3473916994
1.7717200000	1.3254471920
1.7724300000	1.3053190879
1.7731500000	1.2870381785
1.7738600000	1.2706287557
1.7745700000	1.2560998255
1.7752900000	1.2434620895
1.7760000000	1.2327163983
1.7767100000	1.2238598613
1.7774300000	1.2168871005
1.7781400000	1.2117924251
1.7788500000	1.2085688846
1.7795600000	1.2072180256
1.7802800000	1.2077476092
1.7809900000	1.2101660059
1.7817000000	1.2144956489
1.7824200000	1.2207619594
1.7831300000	1.2289987440
1.7838400000	1.2392450358
1.7845500000	1.2515699314
1.7852700000	1.2660387407
1.7859800000	1.2827272097
1.7866900000	1.3017252120
1.7874100000	1.3231361080
1.7881200000	1.3470756888
1.7888300000	1.3736643365
1.7895500000	1.4030678761
1.7902600000	1.4354341313
1.7909700000	1.4709407220
1.7916800000	1.5097763039
1.7924000000	1.5521471266
1.7931100000	1.5982728862
1.7938200000	1.6483833379
1.7945400000	1.7027317574
1.7952500000	1.7615830437
1.7959600000	1.8251852988
1.7966800000	1.8938411790
1.7973900000	1.9678221504
1.7981000000	2.0474090689
1.7988100000	2.1328716450
1.7995300000	2.2245387570
1.8002400000	2.3237317636
1.8009500000	2.4320628742
1.8016700000	2.5479049543
1.8023800000	2.6716055827
1.8030900000	2.8035224303
1.8038000000	2.9440204659
1.8045200000	3.0934071543
1.8052300000	3.2519062919
1.8059400000	3.4195787664
1.8066600000	3.5962221533
1.8073700000	3.7812807251
1.8080800000	3.9737179121
1.8088000000	4.1718826654
1.8095100000	4.3733736193
1.8102200000	4.5735220291
1.8109300000	4.7717294741
1.8116500000	4.9614947257
1.8123600000	5.1371975738
1.8130700000	5.2931618581
1.8137900000	5.4236020524
1.8145000000	5.5231998014
1.8152100000	5.5875416483
1.8159300000	5.6137321652
1.8166400000	5.6004511066
1.8173500000	5.5484076105
1.8180600000	5.4600880529
1.8187800000	5.3394316733
1.8194900000	5.1915496561
1.8202000000	5.0222239044
1.8209200000	4.8372815916
1.8216300000	4.6424879736
1.8223400000	4.4428071905
1.8230500000	4.2428208698
1.8237700000	4.0459781590
1.8244800000	3.8552330728
1.8251900000	3.6727374804
1.8259100000	3.4999790701
1.8266200000	3.3378470806
1.8273300000	3.1868950416
1.8280500000	3.0473151189
1.8287600000	2.9190114904
1.8294700000	2.8017213709
1.8301800000	2.6950396440
1.8309000000	2.5985362697
1.8316100000	2.5117174724
1.8323200000	2.4341166023
1.8330400000	2.3652812224
1.8337500000	2.3047873447
1.8344600000	2.2522485981
1.8351800000	2.2073218595
1.8358900000	2.1696611676
1.8366000000	2.1389554078
1.8373100000	2.1148873223
1.8380300000	2.0971402593
1.8387400000	2.0853724189
1.8394500000	2.0792040148
1.8401700000	2.0781796429
1.8408800000	2.0817775757
1.8415900000	2.0893686074
1.8423000000	2.1002012314
1.8430200000	2.1134038431
1.8437300000	2.1279634576
1.8444400000	2.1427429470
1.8451600000	2.1565178369
1.8458700000	2.1679890043
1.8465800000	2.1759347406
1.8473000000	2.1791756195
1.8480100000	2.1767224292
1.8487200000	2.1678607167
1.8494300000	2.1521778162
1.8501500000	2.1296244679
1.8508600000	2.1005048609
1.8515700000	2.0654172097
1.8522900000	2.0252131496
1.8530000000	1.9808963474
1.8537100000	1.9335458885
1.8544200000	1.8842268243
1.8551400000	1.8339275835
1.8558500000	1.7835233616
1.8565600000	1.7337419635
1.8572800000	1.6851525084
1.8579900000	1.6381735347
1.8587000000	1.5930789501
1.8594200000	1.5500158120
1.8601300000	1.5090384675
1.8608400000	1.4701299345
1.8615500000	1.4332089314
1.8622700000	1.3981783522
1.8629800000	1.3649163668
1.8636900000	1.3333106945
1.8644100000	1.3032476494
1.8651200000	1.2746520040
1.8658300000	1.2474597559
1.8665500000	1.2216273449
1.8672600000	1.1971267274
1.8679700000	1.1739347669
1.8686800000	1.1520809748
1.8694000000	1.1315458291
1.8701100000	1.1123353729
1.8708200000	1.0944597476
1.8715400000	1.0779307688
1.8722500000	1.0627804550
1.8729600000	1.0490383144
1.8736700000	1.0367582413
1.8743900000	1.0260396810
1.8751000000	1.0170005841
1.8758100000	1.0097742857
1.8765300000	0.9943707627
1.8772400000	0.9910723449
1.8779500000	0.9905321881
1.8786700000	0.9931941820
1.8793800000	0.9996292827
1.8800900000	1.0103282506
1.8808000000	1.0259521380
1.8815200000	1.0471212311
1.8822300000	1.0744150863
1.8829400000	1.1083055934
1.8836600000	1.1491571887
1.8843700000	1.1971019212
1.8850800000	1.2520519983
1.8858000000	1.3136858534
1.8865100000	1.3814423674
1.8872200000	1.4546175035
1.8879300000	1.5324036355
1.8886500000	1.6139871478
1.8893600000	1.6986409435
1.8900700000	1.7857572183
1.8907900000	1.8749477388
1.8915000000	1.9660224137
1.8922100000	2.0589797653
1.8929200000	2.1540222428
1.8936400000	2.2514755245
1.8943500000	2.3517392842
1.8950600000	2.4552544112
1.8957800000	2.5624249418
1.8964900000	2.6736133117
1.8972000000	2.7890306598
1.8979200000	2.9087371824
1.8986300000	3.0325782745
1.8993400000	3.1601415248
1.9000500000	3.2911259086
1.9007700000	3.4289354710
1.9014800000	3.5669939068
1.9021900000	3.7032116980
1.9029100000	3.8350816771
1.9036200000	3.9597381009
1.9043300000	4.0740137983
1.9050500000	4.1747127468
1.9057600000	4.2586690049
1.9064700000	4.3230097346
1.9071800000	4.3654096843
1.9079000000	4.3842137267
1.9086100000	4.3786065267
1.9093200000	4.3486910297
1.9100400000	4.2954121700
1.9107500000	4.2205492132
1.9114600000	4.1264811878
1.9121700000	4.0160356022
1.9128900000	3.8923259723
1.9136000000	3.7584046035
1.9143100000	3.6173964734
1.9150300000	3.4720512735
1.9157400000	3.3248384076
1.9164500000	3.1778793762
1.9171700000	3.0329198522
1.9178800000	2.8914103320
1.9185900000	2.7542806044
1.9193000000	2.6223628415
1.9200200000	2.4961711077
1.9207300000	2.3760140731
1.9214400000	2.2620409144
1.9221600000	2.1542464802
1.9228700000	2.0525662162
1.9235800000	1.9568020424
1.9242900000	1.8667563612
1.9250100000	1.7821787000
1.9257200000	1.7027956071
1.9264300000	1.6283234065
1.9271500000	1.5584911287
1.9278600000	1.4929936597
1.9285700000	1.4315502131
1.9292900000	1.3739013873
1.9300000000	1.3197911582
1.9307100000	1.2689793315
1.9314200000	1.2212493264
1.9321400000	1.1763598139
1.9328500000	1.1341219278
1.9335600000	1.0943504198
1.9342800000	1.0568760343
1.9349900000	1.0215192100
1.9357000000	0.9881274923
1.9364200000	0.9565590675
1.9371300000	0.9266864355
1.9378400000	0.8983841133
1.9385500000	0.8715345245
1.9392700000	0.8460286645
1.9399800000	0.8217651263
1.9406900000	0.7986452078
1.9414100000	0.7765815773
1.9421200000	0.7554858608
1.9428300000	0.7352802873
1.9435400000	0.7158855283
1.9442600000	0.6972207660
1.9449700000	0.6792240705
1.9456800000	0.6618294063
1.9464000000	0.6449575928
1.9471100000	0.6273839941
1.9478200000	0.6112321653
1.9485400000	0.5954161754
1.9492500000	0.5798627452
1.9499600000	0.5645400998
1.9506700000	0.5493914386
1.9513900000	0.5343494872
1.9521000000	0.5193906106
1.9528100000	0.5044574448
1.9535300000	0.4895084644
1.9542400000	0.4745392925
1.9549500000	0.4595371930
1.9556700000	0.4444912910
1.9563800000	0.4294292272
1.9570900000	0.4143850618
1.9578000000	0.3994245470
1.9585200000	0.3846643572
1.9592300000	0.3702318269
1.9599400000	0.3562829922
1.9606600000	0.3430096409
1.9613700000	0.3306857231
1.9620800000	0.3197597571
1.9627900000	0.3104642654
1.9635100000	0.3031751540
1.9642200000	0.2982743371
1.9649300000	0.2960323226
1.9656500000	0.2969166334
1.9663600000	0.3010954861
1.9670700000	0.3086768264
1.9677900000	0.3197575742
1.9685000000	0.3341836702
1.9692100000	0.3516981593
1.9699200000	0.3719139319
1.9706400000	0.3943444677
1.9713500000	0.4184198275
1.9720600000	0.4435290972
1.9727800000	0.4691252081
1.9734900000	0.4946482788
1.9742000000	0.5196517068
1.9749100000	0.5437891844
1.9756300000	0.5667931174
1.9763400000	0.5885405421
1.9770500000	0.6089627836
1.9777700000	0.6280836951
1.9784800000	0.6459912253
1.9791900000	0.6627992089
1.9799100000	0.6786461199
1.9806200000	0.6936975449
1.9813300000	0.7081048235
1.9820400000	0.7220162566
1.9827600000	0.7355451257
1.9834700000	0.7487806948
1.9841800000	0.7617971650
1.9849000000	0.7746387123
1.9856100000	0.7873189443
1.9863200000	0.7998414896
1.9870400000	0.8120795841
1.9877500000	0.8240188999
1.9884600000	0.8355857878
1.9891700000	0.8466876661
1.9898900000	0.8572359661
1.9906000000	0.8671640495
1.9913100000	0.8763995391
1.9920300000	0.8848886396
1.9927400000	0.8926357213
1.9934500000	0.8996596532
1.9941600000	0.9060250908
1.9948800000	0.9118283273
1.9955900000	0.9171823245
1.9963000000	0.9222463717
1.9970200000	0.9271809293
1.9977300000	0.9321723313
1.9984400000	0.9373994510
1.9991600000	0.9430520070
1.9998700000	0.9493149949
2.0005800000	0.9566437721
2.0012900000	0.9650377126
2.0020100000	0.9745994414
2.0027200000	0.9854724441
2.0034300000	0.9977897200
2.0041500000	1.0116700426
2.0048600000	1.0272242475
2.0055700000	1.0445564339
2.0062900000	1.0637516581
2.0070000000	1.0849040472
2.0077100000	1.1080875625
2.0084200000	1.1333803769
2.0091400000	1.1608499179
2.0098500000	1.1905628363
2.0105600000	1.2225749465
2.0112800000	1.2569290364
2.0119900000	1.2936664614
2.0127000000	1.3328014832
2.0134100000	1.3743413044
2.0141300000	1.4182608398
2.0148400000	1.4645115137
2.0155500000	1.5130054208
2.0162700000	1.5636203785
2.0169800000	1.6161787284
2.0176900000	1.6704522684
2.0184100000	1.7261473856
2.0191200000	1.7829228096
2.0198300000	1.8403426339
2.0205400000	1.8979096334
2.0212600000	1.9550589970
2.0219700000	2.0111559404
2.0226800000	2.0658884201
2.0234000000	2.1178184396
2.0241100000	2.1665401940
2.0248200000	2.2113143265
2.0255400000	2.2514004955
2.0262500000	2.2861878275
2.0269600000	2.3150739971
2.0276700000	2.3375851880
2.0283900000	2.3533734400
2.0291000000	2.3622250484
2.0298100000	2.3640445001
2.0305300000	2.3588887764
2.0312400000	2.3469311290
2.0319500000	2.3284535878
2.0326600000	2.3038284192
2.0333800000	2.2735016700
2.0340900000	2.2379828626
2.0348000000	2.1977933130
2.0355200000	2.1535048103
2.0362300000	2.1056885068
2.0369400000	2.0549481707
2.0376600000	2.0018247490
2.0383700000	1.9468517293
2.0390800000	1.8905716931
2.0397900000	1.8334864209
2.0405100000	1.7760656605
2.0412200000	1.7186930381
2.0419300000	1.6617642661
2.0426500000	1.6056127935
2.0433600000	1.5505061940
2.0440700000	1.4966785073
2.0447800000	1.4443294003
2.0455000000	1.3936045148
2.0462100000	1.3446238815
2.0469200000	1.2974639727
2.0476400000	1.2521728423
2.0483500000	1.2087726048
2.0490600000	1.1672633107
2.0497800000	1.1276253319
2.0504900000	1.0898235887
2.0512000000	1.0538100426
2.0519100000	1.0195410504
2.0526300000	0.9869335506
2.0533400000	0.9559023780
2.0540500000	0.9263492299
2.0547700000	0.8982704639
2.0554800000	0.8715476142
2.0561900000	0.8461001753
2.0569100000	0.8218450234
2.0576200000	0.7987105881
2.0583300000	0.7766216046
2.0590400000	0.7555114180
2.0597600000	0.7353087595
2.0604700000	0.7159467217
2.0611800000	0.6973714505
2.0619000000	0.6795224630
2.0626100000	0.6623483653
2.0633200000	0.6458022751
2.0640300000	0.6298357456
2.0647500000	0.6144190566
2.0654600000	0.5994956050
2.0661700000	0.5850791090
2.0668900000	0.5710695673
2.0676000000	0.5574737700
2.0683100000	0.5442701678
2.0690300000	0.5314163353
2.0697400000	0.5189468375
2.0704500000	0.5068331782
2.0711600000	0.4950740757
2.0718800000	0.4836748393
2.0725900000	0.4726474877
2.0733000000	0.4620085654
2.0740200000	0.4517900187
2.0747300000	0.4420049290
2.0754400000	0.4327302183
2.0761600000	0.4239962633
2.0768700000	0.4158569856
2.0775800000	0.4083558080
2.0782900000	0.4015799995
2.0790100000	0.3955745738
2.0797200000	0.3903900125
2.0804300000	0.3860852345
2.0811500000	0.3826891213
2.0818600000	0.3802283863
2.0825700000	0.3787129449
2.0832800000	0.3781274110
2.0840000000	0.3784398838
2.0847100000	0.3795683606
2.0854200000	0.3815108250
2.0861400000	0.3841364332
2.0868500000	0.3873734515
2.0875600000	0.3910571884
2.0882800000	0.3951706803
2.0889900000	0.3995621411
2.0897000000	0.4041303487
2.0904100000	0.4087828322
2.0911300000	0.4134394020
2.0918400000	0.4180328052
2.0925500000	0.4225099417
2.0932700000	0.4268324728
2.0939800000	0.4309776245
2.0946900000	0.4349203828
2.0954100000	0.4386674624
2.0961200000	0.4422320017
2.0968300000	0.4456206838
2.0975400000	0.4488529828
2.0982600000	0.4519487356
2.0989700000	0.4549394384
2.0996800000	0.4578486842
2.1004000000	0.4605978648
2.1011100000	0.4632293051
2.1018200000	0.4658565668
2.1025300000	0.4684643530
2.1032500000	0.4711687235
2.1039600000	0.4739408570
2.1046700000	0.4768071876
2.1053900000	0.4797882291
2.1061000000	0.4829043671
2.1068100000	0.4861735059
2.1075300000	0.4896124015
2.1082400000	0.4932404124
2.1089500000	0.4970613474
2.1096600000	0.5011102574
2.1103800000	0.5053871353
2.1110900000	0.5099068137
2.1118000000	0.5146823758
2.1125200000	0.5197258901
2.1132300000	0.5250507277
2.1139400000	0.5306681026
2.1146500000	0.5365904860
2.1153700000	0.5428319598
2.1160800000	0.5494054837
2.1167900000	0.5563244745
2.1175100000	0.5636062725
2.1182200000	0.5712608588
2.1189300000	0.5793085183
2.1196500000	0.5877617821
2.1203600000	0.5966402289
2.1210700000	0.6059620836
2.1217800000	0.6157485588
2.1225000000	0.6260170569
2.1232100000	0.6367620368
2.1239200000	0.6480623835
2.1246400000	0.6599139068
2.1253500000	0.6723416784
2.1260600000	0.6853715640
2.1267800000	0.6990322790
2.1274900000	0.7133516563
2.1282000000	0.7283611799
2.1289100000	0.7440923035
2.1296300000	0.7605779693
2.1303400000	0.7778556657
2.1310500000	0.7959620861
2.1317700000	0.8149366859
2.1324800000	0.8348209151
2.1331900000	0.8556587685
2.1339000000	0.8774967009
2.1346200000	0.9003821385
2.1353300000	0.9243653029
2.1360400000	0.9494987810
2.1367600000	0.9758373117
2.1374700000	1.0034359957
2.1381800000	1.0323506804
2.1389000000	1.0626406551
2.1396100000	1.0943630332
2.1403200000	1.1275771255
2.1410300000	1.1623383283
2.1417500000	1.1987025676
2.1424600000	1.2367211350
2.1431700000	1.2764409451
2.1438900000	1.3179028127
2.1446000000	1.3611401848
2.1453100000	1.4061775092
2.1460300000	1.4530230179
2.1467400000	1.5016705128
2.1474500000	1.5520981970
2.1481600000	1.6042562979
2.1488800000	1.6580721689
2.1495900000	1.7134432745
2.1503000000	1.7702327628
2.1510200000	1.8282638132
2.1517300000	1.8873139840
2.1524400000	1.9471254701
2.1531500000	2.0073780115
2.1538700000	2.0677166952
2.1545800000	2.1277265355
2.1552900000	2.1869500921
2.1560100000	2.2448779959
2.1567200000	2.3009761449
2.1574300000	2.3546758578
2.1581500000	2.4053928484
2.1588600000	2.4525471864
2.1595700000	2.4955744687
2.1602800000	2.5339355153
2.1610000000	2.5671533705
2.1617100000	2.5948157733
2.1624200000	2.6165902820
2.1631400000	2.6322473546
2.1638500000	2.6416585778
2.1645600000	2.6447994441
2.1652800000	2.6417547964
2.1659900000	2.6327136110
2.1667000000	2.6179549958
2.1674100000	2.5978430675
2.1681300000	2.5728155022
2.1688400000	2.5433293642
2.1695500000	2.5099142567
2.1702700000	2.4731167937
2.1709800000	2.4334754631
2.1716900000	2.3915548513
2.1724000000	2.3478665854
2.1731200000	2.3029430152
2.1738300000	2.2572609794
2.1745400000	2.2112709726
2.1752600000	2.1654006616
2.1759700000	2.1200228891
2.1766800000	2.0754757017
2.1774000000	2.0320610777
2.1781100000	1.9900438772
2.1788200000	1.9496487394
2.1795300000	1.9110643894
2.1802500000	1.8744568860
2.1809600000	1.8399559582
2.1816700000	1.8076720224
2.1823900000	1.7776816033
2.1831000000	1.7500521620
2.1838100000	1.7248343979
2.1845200000	1.7020563541
2.1852400000	1.6817418717
2.1859500000	1.6639042266
2.1866600000	1.6485409822
2.1873800000	1.6363830914
2.1880900000	1.6258585262
2.1888000000	1.6177870258
2.1895200000	1.6121466255
2.1902300000	1.6089128472
2.1909400000	1.6080564226
2.1916500000	1.6095447172
2.1923700000	1.6133377763
2.1930800000	1.6193897457
2.1937900000	1.6276479876
2.1945100000	1.6380484564
2.1952200000	1.6505165707
2.1959300000	1.6649953625
2.1966500000	1.6813290551
2.1973600000	1.6994204243
2.1980700000	1.7191405978
2.1987800000	1.7403204362
2.1995000000	1.7627874092
2.2002100000	1.7865850309
2.2009200000	1.8116812108
2.2016400000	1.8370087276
2.2023500000	1.8622110645
2.2030600000	1.8869146135
2.2037700000	1.9107271587
2.2044900000	1.9332445974
2.2052000000	1.9540693483
2.2059100000	1.9728021919
2.2066300000	1.9890744533
2.2073400000	2.0025452075
2.2080500000	2.0129256777
2.2087700000	2.0199637535
2.2094800000	2.0234800259
2.2101900000	2.0233671218
2.2109000000	2.0195887553
2.2116200000	2.0121693206
2.2123300000	2.0012138462
2.2130400000	1.9868882427
2.2137600000	1.9694071894
2.2144700000	1.9490343262
2.2151800000	1.9260631930
2.2159000000	1.9008125547
2.2166100000	1.8736096751
2.2173200000	1.8447760899
2.2180300000	1.8146310406
2.2187500000	1.7834787102
2.2194600000	1.7516032147
2.2201700000	1.7192527779
2.2208900000	1.6866547500
2.2216000000	1.6540289644
2.2223100000	1.6215130008
2.2230200000	1.5892835511
2.2237400000	1.5574342425
2.2244500000	1.5260779566
2.2251600000	1.4952937357
2.2258800000	1.4651431341
2.2265900000	1.4356776156
2.2273000000	1.4069351635
2.2280200000	1.3789434296
2.2287300000	1.3517310236
2.2294400000	1.3253148064
2.2301500000	1.2997117087
2.2308700000	1.2749369366
2.2315800000	1.2510078172
2.2322900000	1.2279278384
2.2330100000	1.2057122278
2.2337200000	1.1843735008
2.2344300000	1.1639238247
2.2351500000	1.1443671454
2.2358600000	1.1257139750
2.2365700000	1.1079705422
2.2372800000	1.0911423323
2.2380000000	1.0752299042
2.2387100000	1.0602346643
2.2394200000	1.0461593951
2.2401400000	1.0330003443
2.2408500000	1.0207401730
2.2415600000	1.0093799099
2.2422700000	0.9989110239
2.2429900000	0.9893228954
2.2437000000	0.9806035050
2.2444100000	0.9727408640
2.2451300000	0.9657206438
2.2458400000	0.9595349513
2.2465500000	0.9541548791
2.2472700000	0.9495833349
2.2479800000	0.9457849151
2.2486900000	0.9427545847
2.2494000000	0.9404757916
2.2501200000	0.9389360824
2.2508300000	0.9381230103
2.2515400000	0.9380227325
2.2522600000	0.9386241516
2.2529700000	0.9399163968
2.2536800000	0.9418904027
2.2543900000	0.9445367596
2.2551100000	0.9478523613
2.2558200000	0.9518292677
2.2565300000	0.9564629721
2.2572500000	0.9617512130
2.2579600000	0.9676857732
2.2586700000	0.9742613033
2.2593900000	0.9814739444
2.2601000000	0.9893128018
2.2608100000	0.9977696523
2.2615200000	1.0068251371
2.2622400000	1.0164599069
2.2629500000	1.0266509711
2.2636600000	1.0373651488
2.2643800000	1.0485613595
2.2650900000	1.0601910803
2.2658000000	1.0721968491
2.2665200000	1.0845127315
2.2672300000	1.0970613810
2.2679400000	1.1097570797
2.2686500000	1.1225045281
2.2693700000	1.1351998704
2.2700800000	1.1477327528
2.2707900000	1.1599871784
2.2715100000	1.1718378280
2.2722200000	1.1831654003
2.2729300000	1.1938466138
2.2736400000	1.2037589127
2.2743600000	1.2127853854
2.2750700000	1.2208176350
2.2757800000	1.2277555448
2.2765000000	1.2335130819
2.2772100000	1.2380124956
2.2779200000	1.2413264723
2.2786400000	1.2432262495
2.2793500000	1.2437300888
2.2800600000	1.2428268344
2.2807700000	1.2405242694
2.2814900000	1.2368467517
2.2822000000	1.2318334356
2.2829100000	1.2255389265
2.2836300000	1.2180299578
2.2843400000	1.2093889596
2.2850500000	1.1996983779
2.2857700000	1.1890530857
2.2864800000	1.1775538298
2.2871900000	1.1653021187
2.2879000000	1.1524014685
2.2886200000	1.1389539182
2.2893300000	1.1250593659
2.2900400000	1.1108149910
2.2907600000	1.0963123670
2.2914700000	1.0816385856
2.2921800000	1.0668730840
2.2928900000	1.0520899856
2.2936100000	1.0373552799
2.2943200000	1.0227299270
2.2950300000	1.0082647990
2.2957500000	0.9940079756
2.2964600000	0.9799941273
2.2971700000	0.9662622219
2.2978900000	0.9528336363
2.2986000000	0.9397335101
2.2993100000	0.9269784660
2.3000200000	0.9145529578
2.3007400000	0.9018637820
2.3014500000	0.8895669939
2.3021600000	0.8776651686
2.3028800000	0.8661573303
2.3035900000	0.8550395793
2.3043000000	0.8443074694
2.3050200000	0.8339527466
2.3057300000	0.8239669502
2.3064400000	0.8143411549
2.3071500000	0.8050660693
2.3078700000	0.7961334773
2.3085800000	0.7875356795
2.3092900000	0.7792663675
2.3100100000	0.7713226312
2.3107200000	0.7636941828
2.3114300000	0.7563946371
2.3121400000	0.7494200665
2.3128600000	0.7427753878
2.3135700000	0.7364537200
2.3142800000	0.7304916576
2.3150000000	0.7248869449
2.3157100000	0.7196417033
2.3164200000	0.7147895732
2.3171400000	0.7103362710
2.3178500000	0.7062944360
2.3185600000	0.7026792500
2.3192700000	0.6995025032
2.3199900000	0.6967755266
2.3207000000	0.6945069645
2.3214100000	0.6927038492
2.3221300000	0.6913700715
2.3228400000	0.6905067315
2.3235500000	0.6901117612
2.3242600000	0.6901716269
2.3249800000	0.6906974677
2.3256900000	0.6916691514
2.3264000000	0.6930756117
2.3271200000	0.6949021581
2.3278300000	0.6971330455
2.3285400000	0.6997505197
2.3292600000	0.7027396711
2.3299700000	0.7060810067
2.3306800000	0.7097571649
2.3313900000	0.7137483528
2.3321100000	0.7180376947
2.3328200000	0.7226034872
2.3335300000	0.7274308809
2.3342500000	0.7325078048
2.3349600000	0.7378109437
2.3356700000	0.7433212765
2.3363900000	0.7490203918
2.3371000000	0.7548870831
2.3378100000	0.7609026875
2.3385200000	0.7670419761
2.3392400000	0.7732837039
2.3399500000	0.7795996776
2.3406600000	0.7859623856
2.3413800000	0.7923406733
2.3420900000	0.7987032538
2.3428000000	0.8050148679
2.3435100000	0.8112378179
2.3442300000	0.8173325421
2.3449400000	0.8232582689
2.3456500000	0.8289714474
2.3463700000	0.8344280390
2.3470800000	0.8395836436
2.3477900000	0.8443919490
2.3485100000	0.8488080950
2.3492200000	0.8527852547
2.3499300000	0.8562858407
2.3506400000	0.8592677987
2.3513600000	0.8616936833
2.3520700000	0.8635250007
2.3527800000	0.8647359736
2.3535000000	0.8652999637
2.3542100000	0.8651961053
2.3549200000	0.8644127029
2.3556400000	0.8629368387
2.3563500000	0.8607673746
2.3570600000	0.8579082881
2.3577700000	0.8543681439
2.3584900000	0.8501625465
2.3592000000	0.8453122326
2.3599100000	0.8398436256
2.3606300000	0.8337863313
2.3613400000	0.8271756581
2.3620500000	0.8200490646
2.3627600000	0.8124479221
2.3634800000	0.8044158715
2.3641900000	0.7959957102
2.3649000000	0.7872350178
2.3656200000	0.7781761129
2.3663300000	0.7688661402
2.3670400000	0.7593486917
2.3677600000	0.7496674482
2.3684700000	0.7398637059
2.3691800000	0.7299762229
2.3698900000	0.7200439702
2.3706100000	0.7101005454
2.3713200000	0.7001788031
2.3720300000	0.6903101611
2.3727500000	0.6805191374
2.3734600000	0.6710717599
2.3741700000	0.6614823760
2.3748800000	0.6520371700
2.3756000000	0.6427528239
2.3763100000	0.6336445944
2.3770200000	0.6247245382
2.3777400000	0.6160034934
2.3784500000	0.6074917768
2.3791600000	0.5991957430
2.3798800000	0.5911212895
2.3805900000	0.5832729830
2.3813000000	0.5756552537
2.3820100000	0.5682697249
2.3827300000	0.5611177398
2.3834400000	0.5542001350
2.3841500000	0.5475168841
2.3848700000	0.5410664290
2.3855800000	0.5348490112
2.3862900000	0.5288626884
2.3870100000	0.5231055240
2.3877200000	0.5175756322
2.3884300000	0.5122701629
2.3891400000	0.5071871813
2.3898600000	0.5023239909
2.3905700000	0.4976776428
2.3912800000	0.4932380580
2.3920000000	0.4890148481
2.3927100000	0.4849908311
2.3934200000	0.4811825314
2.3941300000	0.4775753520
2.3948500000	0.4741662406
2.3955600000	0.4709512744
2.3962700000	0.4679205055
2.3969900000	0.4650814789
2.3977000000	0.4624238136
2.3984100000	0.4599433848
2.3991300000	0.4576354652
2.3998400000	0.4554943665
2.4005500000	0.4534396001
2.4012600000	0.4515388218
