# energy (eV)    P(omega), $W$ = 400 nm, $h$ = 300 nm, $s$ = 20 nm, $d/W = 250$, $E_{\rm e}$ = 200 keV
0.2000000000	0.2864664191
0.2050000000	0.2889800102
0.2100000000	0.2907857131
0.2150000000	0.2918527866
0.2200000000	0.2921388480
0.2250000000	0.2915869726
0.2300000000	0.2901226255
0.2350000000	0.2876492772
0.2400000000	0.2840428794
0.2450000000	0.2791441563
0.2500000000	0.2727495007
0.2550000000	0.2645973526
0.2600000000	0.2543504808
0.2650000000	0.2653013267
0.2700000000	0.2930213324
0.2750000000	0.3327200937
0.2800000000	0.3880867608
0.2850000000	0.4697807563
0.2900000000	0.5711541121
0.2950000000	0.7166105009
0.3000000000	0.9123664022
0.3050000000	1.2126396033
0.3100000000	1.6313678447
0.3150000000	2.4418618562
0.3200000000	3.7089530089
0.3250000000	4.5794858562
0.3300000000	5.7845828527
0.3350000000	7.4942376133
0.3400000000	10.1793916755
0.3450000000	14.7884898791
0.3500000000	23.9835623799
0.3550000000	45.2808639485
0.3600000000	111.3770375725
0.3650000000	0.3665338278
0.3700000000	51.7760995772
0.3750000000	68.1200288111
0.3800000000	31.7839609035
0.3850000000	17.9304550687
0.3900000000	11.5189010217
0.3950000000	8.1305616341
0.4000000000	6.1681390085
0.4050000000	4.8883272619
0.4100000000	4.0551679030
0.4150000000	3.5059637717
0.4200000000	3.1595259163
0.4250000000	2.8876062462
0.4300000000	2.5649357412
0.4350000000	2.3095616818
0.4400000000	2.1076527414
0.4450000000	1.9472075803
0.4500000000	1.8206877638
0.4550000000	1.7205308219
0.4600000000	1.6426198556
0.4650000000	1.5825759977
0.4700000000	1.5375048567
0.4750000000	1.5053892582
0.4800000000	1.4844661034
0.4850000000	1.4731842582
0.4900000000	1.4706377441
0.4950000000	1.4761313793
0.5000000000	1.4890704336
0.5050000000	1.5092031451
0.5100000000	1.5363263933
0.5150000000	1.5703227122
0.5200000000	1.6112818609
0.5250000000	1.6592801122
0.5300000000	1.7150168726
0.5350000000	1.7788178829
0.5400000000	1.8512530605
0.5450000000	1.9330644243
0.5500000000	2.0252915369
0.5550000000	2.1290774174
0.5600000000	2.2458087628
0.5650000000	2.3772641810
0.5700000000	2.5258942362
0.5750000000	2.6935328524
0.5800000000	2.8835792258
0.5850000000	3.1006725152
0.5900000000	3.3479765475
0.5950000000	3.6320812929
0.6000000000	3.9616946293
0.6050000000	4.3433924335
0.6100000000	4.7921334385
0.6150000000	5.3203844958
0.6200000000	5.9494833449
0.6250000000	6.7100366915
0.6300000000	7.6333447657
0.6350000000	8.7780787076
0.6400000000	10.2090993115
0.6450000000	12.0439503362
0.6500000000	14.4329588484
0.6550000000	17.6306832839
0.6600000000	22.0669492972
0.6650000000	28.4212543260
0.6700000000	38.0462050039
0.6750000000	53.5268658816
0.6800000000	80.9008494062
0.6850000000	135.8474946970
0.6900000000	272.4343684363
0.6950000000	765.2610572211
0.7000000000	3714.0360524522
0.7050000000	1806.8831584546
0.7100000000	464.4678850997
0.7150000000	197.6552896859
0.7200000000	108.0184189038
0.7250000000	67.9037314949
0.7300000000	46.6066604124
0.7350000000	34.0128546744
0.7400000000	25.9456526646
0.7450000000	20.4682070679
0.7500000000	16.5869373536
0.7550000000	13.7346196533
0.7600000000	11.5841985913
0.7650000000	9.9161118529
0.7700000000	8.5989725695
0.7750000000	7.5413094727
0.7800000000	6.6816396502
0.7850000000	5.9736722554
0.7900000000	5.3804363926
0.7950000000	4.8849331185
0.8000000000	4.4635888231
0.8050000000	4.1025754038
0.8100000000	3.7952787442
0.8150000000	3.5259410108
0.8200000000	3.2914757143
0.8250000000	3.0948724199
0.8300000000	2.9228571692
0.8350000000	2.7734154261
0.8400000000	2.6547399007
0.8450000000	2.5513444718
0.8500000000	2.4638920800
0.8550000000	2.4093979323
0.8600000000	2.3661421630
0.8650000000	2.3357505368
0.8700000000	2.3493883442
0.8750000000	2.3555799769
0.8800000000	2.3449271197
0.8850000000	2.2446226255
0.8900000000	1.7422617737
0.8950000000	-0.7834856411
0.9000000000	-14.3427090902
0.9050000000	-94.2811450385
0.9100000000	17.9951929403
0.9150000000	42.6106055094
0.9200000000	17.7079335524
0.9250000000	9.2242068380
0.9300000000	5.6390461304
0.9350000000	3.9260345390
0.9400000000	3.0022574044
0.9450000000	2.4909650434
0.9500000000	2.1281947167
0.9550000000	1.8861125116
0.9600000000	1.7375730799
0.9650000000	1.6157186079
0.9700000000	1.5301564733
0.9750000000	1.4739259505
0.9800000000	1.4429255616
0.9850000000	1.4446561946
0.9900000000	1.4708111672
0.9950000000	1.5458653544
1.0000000000	1.7136672694
1.0050000000	2.0969640028
1.0100000000	3.1010199138
1.0150000000	6.5600919598
1.0200000000	13.0077759794
1.0250000000	5.8351757809
1.0300000000	2.8742883395
1.0350000000	1.9842377539
1.0400000000	1.6311417471
1.0450000000	1.4634765375
1.0500000000	1.3771354524
1.0550000000	1.3302059590
1.0600000000	1.3067576040
1.0650000000	1.2985955372
1.0700000000	1.3011903959
1.0750000000	1.3126537116
1.0800000000	1.3303059132
1.0850000000	1.3554891171
1.0900000000	1.3927816906
1.0950000000	1.4367438544
1.1000000000	1.4876548114
1.1050000000	1.5457087494
1.1100000000	1.6116895323
1.1150000000	1.6864707702
1.1200000000	1.7710551238
1.1250000000	1.8661841707
1.1300000000	1.9744456809
1.1350000000	2.0973407026
1.1400000000	2.2373342145
1.1450000000	2.3974058228
1.1500000000	2.5796097421
1.1550000000	2.7913132209
1.1600000000	3.0359712737
1.1650000000	3.3158936422
1.1700000000	3.6198445876
1.1750000000	3.8551361313
1.1800000000	3.9238246568
1.1850000000	6.1692299422
1.1900000000	7.5665044881
1.1950000000	10.0203651199
1.2000000000	13.4080368678
1.2050000000	11.9812366625
1.2100000000	11.6736288798
1.2150000000	13.0966835438
1.2200000000	15.7156353507
1.2250000000	19.7016223416
1.2300000000	25.7479170585
1.2350000000	35.3057858346
1.2400000000	51.4044165026
1.2450000000	81.7220625533
1.2500000000	147.3990471016
1.2550000000	319.2241157919
1.2600000000	771.4778322672
1.2650000000	781.9717819568
1.2700000000	325.5308012920
1.2750000000	150.4025284195
1.2800000000	83.3882034510
1.2850000000	52.5105968048
1.2900000000	36.0516631770
1.2950000000	26.3297626569
1.3000000000	20.1418358529
1.3050000000	15.9815528185
1.3100000000	13.0555295038
1.3150000000	10.9510391348
1.3200000000	9.4032457415
1.3250000000	8.2546645348
1.3300000000	7.4115388083
1.3350000000	6.8197584081
1.3400000000	6.4574036697
1.3450000000	6.3314281446
1.3500000000	6.5085204923
1.3550000000	7.1316351773
1.3600000000	8.5440471326
1.3650000000	11.6051736690
1.3700000000	18.7026683037
1.3750000000	36.1614921722
1.3800000000	59.9373392509
1.3850000000	41.5887760774
1.3900000000	20.7493532583
1.3950000000	11.7281960396
1.4000000000	7.5155941262
1.4050000000	5.0610854703
1.4100000000	3.0587438975
1.4150000000	0.3951939994
1.4200000000	-5.2082589269
1.4250000000	-19.7692115539
1.4300000000	-26.8273310831
1.4350000000	12.7667214826
1.4400000000	16.2133969234
1.4450000000	9.7944136479
1.4500000000	6.1486394321
1.4550000000	4.2603017860
1.4600000000	3.1194610629
1.4650000000	2.1080995149
1.4700000000	0.8707748943
1.4750000000	1.3469966610
1.4800000000	2.5209093455
1.4850000000	2.2729062846
1.4900000000	1.9670464902
1.4950000000	1.7743384531
1.5000000000	1.6512700471
1.5050000000	1.5705454376
1.5100000000	1.5155275904
1.5150000000	1.4830754082
1.5200000000	1.4581319738
1.5250000000	1.4446406925
1.5300000000	1.4421769026
1.5350000000	1.4517272810
1.5400000000	1.4770478313
1.5450000000	1.5268995155
1.5500000000	1.6212969869
1.5550000000	1.8002159353
1.5600000000	2.0677243639
1.5650000000	2.1168758866
1.5700000000	1.8924483559
1.5750000000	1.7412762781
1.5800000000	1.6863011262
1.5850000000	1.6825172432
1.5900000000	1.7066617793
1.5950000000	1.7488181051
1.6000000000	1.8048871825
1.6050000000	1.8739387238
1.6100000000	1.9550628989
1.6150000000	2.0485420768
1.6200000000	2.1560704422
1.6250000000	2.2791493898
1.6300000000	2.4199951800
1.6350000000	2.5813636861
1.6400000000	2.7667568431
1.6450000000	2.9806131363
1.6500000000	3.2284854981
1.6550000000	3.5174143667
1.6600000000	3.8565262440
1.6650000000	4.2576287311
1.6700000000	4.7325485064
1.6750000000	5.3090072332
1.6800000000	6.0124519648
1.6850000000	6.8826350156
1.6900000000	7.9763217221
1.6950000000	9.3773525639
1.7000000000	11.2129553142
1.7050000000	13.7610072483
1.7100000000	17.3444551840
1.7150000000	22.6051383470
1.7200000000	30.7164610423
1.7250000000	43.7186477966
1.7300000000	63.6305731961
1.7350000000	87.7377823196
1.7400000000	115.2227870155
1.7450000000	163.9208406939
1.7500000000	228.5255260074
1.7550000000	231.5771892926
1.7600000000	162.6533538604
1.7650000000	101.6154540864
1.7700000000	65.4162454716
1.7750000000	44.8510696318
1.7800000000	32.7527516648
1.7850000000	25.4152579609
1.7900000000	21.0534432455
1.7950000000	18.9037368243
1.8000000000	18.6578930998
1.8050000000	19.2042049229
1.8100000000	17.3393927091
1.8150000000	13.1087069702
1.8200000000	9.7086553832
1.8250000000	8.0631834094
1.8300000000	6.9567095254
1.8350000000	5.9681863400
1.8400000000	5.1713211944
1.8450000000	4.5511912064
1.8500000000	4.0609399908
1.8550000000	3.6627140707
1.8600000000	3.3047300981
1.8650000000	3.0046178605
1.8700000000	2.7070346327
1.8750000000	2.2909062468
1.8800000000	1.3672527462
1.8850000000	-0.6387618927
1.8900000000	-3.3350436854
1.8950000000	-3.8122991666
1.9000000000	0.5250294932
1.9050000000	4.5851153208
1.9100000000	5.0632721191
1.9150000000	4.2952606908
1.9200000000	3.5406470294
1.9250000000	3.0042248458
1.9300000000	2.6783035509
1.9350000000	2.4285926837
1.9400000000	2.2609056131
1.9450000000	2.1484089286
1.9500000000	2.0705879423
1.9550000000	2.0105119078
1.9600000000	1.9632207154
1.9650000000	1.9320386213
1.9700000000	1.9177345827
1.9750000000	1.9190243848
1.9800000000	1.9349998372
1.9850000000	1.9659289957
1.9900000000	2.0132636969
1.9950000000	2.0789945057
2.0000000000	2.1626396620
2.0050000000	2.2636561818
2.0100000000	2.3522649185
2.0150000000	2.4319040912
2.0200000000	2.5259847987
2.0250000000	2.6509801140
2.0300000000	2.8139584282
2.0350000000	3.0205977342
2.0400000000	3.2794920111
2.0450000000	3.6039318542
2.0500000000	4.0127757790
2.0550000000	4.5287389056
2.0600000000	5.1671986141
2.0650000000	5.9252585490
2.0700000000	6.8209331388
2.0750000000	7.9545707369
2.0800000000	9.4888912903
2.0850000000	11.5867863714
2.0900000000	14.3424979190
2.0950000000	17.5474336583
2.1000000000	20.3574729896
2.1050000000	21.5938641789
2.1100000000	20.6478708384
2.1150000000	18.7389050551
2.1200000000	17.1977389209
2.1250000000	16.5954983327
2.1300000000	17.0617058768
2.1350000000	18.6643807016
2.1400000000	21.5793859409
2.1450000000	26.1582158246
2.1500000000	32.9239323637
2.1550000000	42.2924634492
2.1600000000	53.5111292679
2.1650000000	62.9791418202
2.1700000000	65.2360483499
2.1750000000	58.4273987189
2.1800000000	47.1968927540
2.1850000000	36.4250839176
2.1900000000	27.9792908460
2.1950000000	21.8487401833
2.2000000000	17.5123530081
2.2050000000	14.4795806417
2.2100000000	12.3446183857
2.2150000000	10.7178549735
2.2200000000	9.3180030073
2.2250000000	8.0432320273
2.2300000000	6.9151185114
2.2350000000	5.9511880466
2.2400000000	5.1305703380
2.2450000000	4.4155050513
2.2500000000	3.7716790744
2.2550000000	3.1830941282
2.2600000000	2.5962189542
2.2650000000	2.1825079664
2.2700000000	1.9746282800
2.2750000000	2.0649806796
2.2800000000	2.4392255129
2.2850000000	2.9077628677
2.2900000000	3.2599827998
2.2950000000	3.4356720576
2.3000000000	3.4877135746
2.3050000000	3.4764840028
2.3100000000	3.4461771644
2.3150000000	3.4143997014
2.3200000000	3.3885549502
2.3250000000	3.3777932808
2.3300000000	3.3931662381
2.3350000000	3.4440011787
2.3400000000	3.5369497185
2.3450000000	3.6771522660
2.3500000000	3.8691335211
2.3550000000	4.1185207482
2.3600000000	4.4218891369
2.3650000000	4.7795596914
2.3700000000	5.1894970124
2.3750000000	5.6553620563
2.3800000000	6.1943579806
2.3850000000	6.8273954872
2.3900000000	7.5593847668
2.3950000000	8.3565124898
2.4000000000	9.1313806319
2.4050000000	9.7858402477
2.4100000000	10.1221678415
2.4150000000	10.1008289577
2.4200000000	9.8156317265
2.4250000000	9.4263839860
2.4300000000	9.0733631803
2.4350000000	8.8388526680
2.4400000000	8.7520416295
2.4450000000	8.8121809853
2.4500000000	9.0127958709
2.4550000000	9.3552503859
2.4600000000	9.8681757980
2.4650000000	10.5821986107
2.4700000000	11.5335092519
2.4750000000	12.7466288658
2.4800000000	14.2151987088
2.4850000000	15.8766334494
2.4900000000	17.5823856072
2.4950000000	19.0827983131
2.5000000000	20.0636056437
2.5050000000	20.2005833298
2.5100000000	19.3603442406
2.5150000000	17.7720817407
2.5200000000	15.8067580331
2.5250000000	13.7918358271
2.5300000000	11.9277447875
2.5350000000	10.2992983810
2.5400000000	8.9196832808
2.5450000000	7.7690675130
2.5500000000	6.8182660111
2.5550000000	6.0410911402
2.5600000000	5.3950702712
2.5650000000	4.9176416600
2.5700000000	4.5822216526
2.5750000000	4.3764678739
2.5800000000	4.2749914705
2.5850000000	4.2426225454
2.5900000000	4.2460346342
2.5950000000	4.2643011676
2.6000000000	4.2908261805
2.6050000000	4.3615245783
2.6100000000	4.4544308994
2.6150000000	4.5788362307
2.6200000000	4.7397800313
2.6250000000	4.9373864457
2.6300000000	5.1662293047
2.6350000000	5.4148808380
2.6400000000	5.6658725810
2.6450000000	5.8970740981
2.6500000000	6.0851634377
2.6550000000	6.2111854513
2.6600000000	6.2665069142
2.6650000000	6.2563950286
2.6700000000	6.1986616453
2.6750000000	6.1189377012
2.6800000000	6.0419098595
2.6850000000	5.9901708515
2.6900000000	5.9791351654
2.6950000000	6.0179373700
2.7000000000	6.1106559881
2.7050000000	6.2739945910
2.7100000000	6.5040733371
2.7150000000	6.7959368393
2.7200000000	7.1400262590
2.7250000000	7.5206919619
2.7300000000	7.9146179640
2.7350000000	8.2905936707
2.7400000000	8.6115916779
2.7450000000	8.8399972056
2.7500000000	8.9453701074
2.7550000000	8.9121234785
2.7600000000	8.7436973609
2.7650000000	8.4611564163
2.7700000000	8.0970613899
2.7750000000	7.6876353578
2.7800000000	7.2661575203
2.7850000000	6.8592896772
2.7900000000	6.4824271201
2.7950000000	6.1524638957
2.8000000000	5.8726810329
2.8050000000	5.6189926978
2.8100000000	5.4248078269
2.8150000000	5.2805655683
2.8200000000	5.1759118580
2.8250000000	5.1013265197
2.8300000000	5.0487006577
2.8350000000	5.0113036803
2.8400000000	4.9834567587
2.8450000000	4.9603347695
2.8500000000	4.9381029461
2.8550000000	4.9143270387
2.8600000000	4.8884705191
2.8650000000	4.8620806266
2.8700000000	4.8385131868
2.8750000000	4.8222164589
2.8800000000	4.8178125758
2.8850000000	4.8293121423
2.8900000000	4.8595691733
2.8950000000	4.9099873539
2.9000000000	4.9804341789
2.9050000000	5.0932012827
2.9100000000	5.2217422330
2.9150000000	5.3567324922
2.9200000000	5.4863535780
2.9250000000	5.5978429984
2.9300000000	5.6792468376
2.9350000000	5.7214953454
2.9400000000	5.7200737251
2.9450000000	5.6758417314
2.9500000000	5.5945336178
2.9550000000	5.4852109517
2.9600000000	5.3582519623
2.9650000000	5.2235031272
2.9700000000	5.0890205454
2.9750000000	4.9605622542
2.9800000000	4.8416218660
2.9850000000	4.7338328741
2.9900000000	4.6375035817
2.9950000000	4.5521369005
3.0000000000	4.4768669177
