# energy (eV)    P(omega), $W$ = 400 nm, $h$ = 300 nm, $s$ = 20 nm, $d/W = 10$, $E_{\rm e}$ = 200 keV
0.2000000000	0.0442476425
0.2050000000	0.0446624203
0.2100000000	0.0449427646
0.2150000000	0.0450840742
0.2200000000	0.0450796602
0.2250000000	0.0449202783
0.2300000000	0.0445936205
0.2350000000	0.0440835401
0.2400000000	0.0433690858
0.2450000000	0.0424232715
0.2500000000	0.0412114000
0.2550000000	0.0396888326
0.2600000000	0.0377979292
0.2650000000	0.0397108951
0.2700000000	0.0446014149
0.2750000000	0.0515898371
0.2800000000	0.0613098403
0.2850000000	0.0756186803
0.2900000000	0.0933025031
0.2950000000	0.1186143867
0.3000000000	0.1525730622
0.3050000000	0.2045549172
0.3100000000	0.2768246014
0.3150000000	0.4165821114
0.3200000000	0.6344704236
0.3250000000	0.7827144222
0.3300000000	0.9875238059
0.3350000000	1.2774975653
0.3400000000	1.7323004637
0.3450000000	2.5119335469
0.3500000000	4.0653531590
0.3550000000	7.6577831190
0.3600000000	18.7895655218
0.3650000000	0.1240044727
0.3700000000	8.6643726256
0.3750000000	11.3795260025
0.3800000000	5.2905287368
0.3850000000	2.9729758353
0.3900000000	1.9020074011
0.3950000000	1.3367149103
0.4000000000	1.0095845798
0.4050000000	0.7964552186
0.4100000000	0.6576967796
0.4150000000	0.5660880116
0.4200000000	0.5079940956
0.4250000000	0.4623234887
0.4300000000	0.4087550315
0.4350000000	0.3663581927
0.4400000000	0.3328090697
0.4450000000	0.3061046054
0.4500000000	0.2849772387
0.4550000000	0.2681737574
0.4600000000	0.2550006377
0.4650000000	0.2447321490
0.4700000000	0.2368863002
0.4750000000	0.2311233907
0.4800000000	0.2271480946
0.4850000000	0.2247026923
0.4900000000	0.2236317993
0.4950000000	0.2238151502
0.5000000000	0.2251495831
0.5050000000	0.2275859916
0.5100000000	0.2310829585
0.5150000000	0.2356143853
0.5200000000	0.2411844321
0.5250000000	0.2477953295
0.5300000000	0.2555455849
0.5350000000	0.2644743328
0.5400000000	0.2746579160
0.5450000000	0.2861980624
0.5500000000	0.2992401923
0.5550000000	0.3139430365
0.5600000000	0.3305005727
0.5650000000	0.3491636644
0.5700000000	0.3702796729
0.5750000000	0.3941010744
0.5800000000	0.4211097824
0.5850000000	0.4519657926
0.5900000000	0.4871039750
0.5950000000	0.5274594837
0.6000000000	0.5742672617
0.6050000000	0.6284378653
0.6100000000	0.6920945513
0.6150000000	0.7669785935
0.6200000000	0.8560981610
0.6250000000	0.9637723240
0.6300000000	1.0943785866
0.6350000000	1.2561892458
0.6400000000	1.4582864683
0.6450000000	1.7172079958
0.6500000000	2.0540187249
0.6550000000	2.5044345219
0.6600000000	3.1287527894
0.6650000000	4.0221238925
0.6700000000	5.3740648247
0.6750000000	7.5463496087
0.6800000000	11.3837903876
0.6850000000	19.0786479428
0.6900000000	38.1868936053
0.6950000000	107.0561830387
0.7000000000	518.5502529365
0.7050000000	251.7735961187
0.7100000000	64.5897680073
0.7150000000	27.4306701172
0.7200000000	14.9602208417
0.7250000000	9.3850725043
0.7300000000	6.4281756790
0.7350000000	4.6813298659
0.7400000000	3.5634315844
0.7450000000	2.8051321172
0.7500000000	2.2682954337
0.7550000000	1.8741389380
0.7600000000	1.5772199332
0.7650000000	1.3471011894
0.7700000000	1.1655474802
0.7750000000	1.0198697265
0.7800000000	0.9015450667
0.7850000000	0.8041584269
0.7900000000	0.7226128436
0.7950000000	0.6545271949
0.8000000000	0.5966550668
0.8050000000	0.5470906173
0.8100000000	0.5048969855
0.8150000000	0.4679283317
0.8200000000	0.4357474476
0.8250000000	0.4087146445
0.8300000000	0.3850438044
0.8350000000	0.3644517546
0.8400000000	0.3479858308
0.8450000000	0.3335935000
0.8500000000	0.3213517649
0.8550000000	0.3134497262
0.8600000000	0.3070439512
0.8650000000	0.3023433578
0.8700000000	0.3033449472
0.8750000000	0.3034146240
0.8800000000	0.3013998917
0.8850000000	0.2881084810
0.8900000000	0.2241919812
0.8950000000	-0.0945615086
0.9000000000	-1.8005106723
0.9050000000	-11.8373448705
0.9100000000	2.2494159257
0.9150000000	5.3252463316
0.9200000000	2.2085272256
0.9250000000	1.1484122796
0.9300000000	0.7011582825
0.9350000000	0.4877664068
0.9400000000	0.3728599782
0.9450000000	0.3093279970
0.9500000000	0.2644438446
0.9550000000	0.2346524510
0.9600000000	0.2165455278
0.9650000000	0.2019720263
0.9700000000	0.1921306725
0.9750000000	0.1862405324
0.9800000000	0.1839566401
0.9850000000	0.1864397502
0.9900000000	0.1932424317
0.9950000000	0.2083656595
1.0000000000	0.2395106031
1.0050000000	0.3079038920
1.0100000000	0.4841003502
1.0150000000	1.0808375413
1.0200000000	2.1582295149
1.0250000000	0.9142451405
1.0300000000	0.4136298611
1.0350000000	0.2650292885
1.0400000000	0.2064405948
1.0450000000	0.1785183594
1.0500000000	0.1638002389
1.0550000000	0.1554105734
1.0600000000	0.1506711533
1.0650000000	0.1482384359
1.0700000000	0.1473653703
1.0750000000	0.1477254450
1.0800000000	0.1489039445
1.0850000000	0.1510133897
1.0900000000	0.1545286747
1.0950000000	0.1588215968
1.1000000000	0.1639280953
1.1050000000	0.1698152579
1.1100000000	0.1765851502
1.1150000000	0.1843180738
1.1200000000	0.1931215868
1.1250000000	0.2030996844
1.1300000000	0.2144882007
1.1350000000	0.2274901600
1.1400000000	0.2423607267
1.1450000000	0.2594617948
1.1500000000	0.2791088670
1.1550000000	0.3021429394
1.1600000000	0.3292325655
1.1650000000	0.3614679693
1.1700000000	0.4001190850
1.1750000000	0.4459202068
1.1800000000	0.5016374324
1.1850000000	0.6275747866
1.1900000000	0.7935517062
1.1950000000	1.1337300640
1.2000000000	1.5772585257
1.2050000000	1.3473231073
1.2100000000	1.2554673297
1.2150000000	1.3806221396
1.2200000000	1.6418112271
1.2250000000	2.0487880243
1.2300000000	2.6699763388
1.2350000000	3.6536088523
1.2400000000	5.3105405767
1.2450000000	8.4293847259
1.2500000000	15.1799128268
1.2550000000	32.8223897379
1.2600000000	79.1849963204
1.2650000000	80.1079153669
1.2700000000	33.2762277587
1.2750000000	15.3361159665
1.2800000000	8.4781864029
1.2850000000	5.3205986030
1.2900000000	3.6379366677
1.2950000000	2.6437246984
1.3000000000	2.0101094499
1.3050000000	1.5829118300
1.3100000000	1.2808603461
1.3150000000	1.0615433544
1.3200000000	0.8975844958
1.3250000000	0.7723497635
1.3300000000	0.6755206210
1.3350000000	0.6003698819
1.3400000000	0.5426882836
1.3450000000	0.4998105357
1.3500000000	0.4723862466
1.3550000000	0.4629319143
1.3600000000	0.4802141030
1.3650000000	0.5481995117
1.3700000000	0.7351679199
1.3750000000	1.2234126559
1.3800000000	1.8978696822
1.3850000000	1.3576627929
1.3900000000	0.7425823416
1.3950000000	0.4663925752
1.4000000000	0.3242756451
1.4050000000	0.2215713207
1.4100000000	0.1036430749
1.4150000000	-0.1090528014
1.4200000000	-0.6259365967
1.4250000000	-2.0273898894
1.4300000000	-2.6964628359
1.4350000000	1.1807755455
1.4400000000	1.5228337553
1.4450000000	0.9042212105
1.4500000000	0.5562710895
1.4550000000	0.3807666921
1.4600000000	0.2837148776
1.4650000000	0.2186016026
1.4700000000	0.1652669888
1.4750000000	0.1603547319
1.4800000000	0.1781454797
1.4850000000	0.1634583963
1.4900000000	0.1495307311
1.4950000000	0.1400284851
1.5000000000	0.1334676315
1.5050000000	0.1291326825
1.5100000000	0.1262816511
1.5150000000	0.1251225521
1.5200000000	0.1245329529
1.5250000000	0.1251468723
1.5300000000	0.1272123322
1.5350000000	0.1312890411
1.5400000000	0.1385514323
1.5450000000	0.1515296988
1.5500000000	0.1758634071
1.5550000000	0.2228138736
1.5600000000	0.2937601876
1.5650000000	0.3041913834
1.5700000000	0.2368167904
1.5750000000	0.1880040003
1.5800000000	0.1646861217
1.5850000000	0.1544066523
1.5900000000	0.1506048948
1.5950000000	0.1503876917
1.6000000000	0.1524451362
1.6050000000	0.1562239669
1.6100000000	0.1613553625
1.6150000000	0.1676987260
1.6200000000	0.1753073393
1.6250000000	0.1842254187
1.6300000000	0.1945774656
1.6350000000	0.2065433033
1.6400000000	0.2203604552
1.6450000000	0.2363402087
1.6500000000	0.2548767244
1.6550000000	0.2764716356
1.6600000000	0.3017751765
1.6650000000	0.3316251337
1.6700000000	0.3667939427
1.6750000000	0.4093372239
1.6800000000	0.4609588904
1.6850000000	0.5243753354
1.6900000000	0.6034062631
1.6950000000	0.7035961039
1.7000000000	0.8331748549
1.7050000000	1.0101269158
1.7100000000	1.2537483501
1.7150000000	1.6019237540
1.7200000000	2.1218905856
1.7250000000	2.9316038576
1.7300000000	4.1834324874
1.7350000000	5.9518244040
1.7400000000	8.5215230526
1.7450000000	12.9763278163
1.7500000000	18.5995099807
1.7550000000	18.9609049475
1.7600000000	13.2780734573
1.7650000000	8.2378559113
1.7700000000	5.2521930383
1.7750000000	3.5544280806
1.7800000000	2.5476857266
1.7850000000	1.9207161947
1.7900000000	1.5173794648
1.7950000000	1.2595766693
1.8000000000	1.1067810319
1.8050000000	1.0096911028
1.8100000000	0.8791311879
1.8150000000	0.7082739478
1.8200000000	0.5721468326
1.8250000000	0.4906020375
1.8300000000	0.4300744221
1.8350000000	0.3780420140
1.8400000000	0.3352051173
1.8450000000	0.3002334156
1.8500000000	0.2712098637
1.8550000000	0.2465630494
1.8600000000	0.2230481689
1.8650000000	0.2026460194
1.8700000000	0.1811894319
1.8750000000	0.1493487540
1.8800000000	0.0771186940
1.8850000000	-0.0795066043
1.8900000000	-0.2890501606
1.8950000000	-0.3224063684
1.9000000000	0.0224616818
1.9050000000	0.3421697548
1.9100000000	0.3794265909
1.9150000000	0.3193293127
1.9200000000	0.2606685220
1.9250000000	0.2193762983
1.9300000000	0.1948769614
1.9350000000	0.1767680925
1.9400000000	0.1656973174
1.9450000000	0.1594516723
1.9500000000	0.1552245994
1.9550000000	0.1497736448
1.9600000000	0.1431875161
1.9650000000	0.1378131931
1.9700000000	0.1345848702
1.9750000000	0.1333915648
1.9800000000	0.1340511972
1.9850000000	0.1366044383
1.9900000000	0.1413369805
1.9950000000	0.1486091689
2.0000000000	0.1580939585
2.0050000000	0.1676218864
2.0100000000	0.1713651843
2.0150000000	0.1694947839
2.0200000000	0.1671929711
2.0250000000	0.1676476027
2.0300000000	0.1714121580
2.0350000000	0.1783079549
2.0400000000	0.1882922772
2.0450000000	0.2016335033
2.0500000000	0.2188734442
2.0550000000	0.2405888323
2.0600000000	0.2667717343
2.0650000000	0.2963728620
2.0700000000	0.3291715220
2.0750000000	0.3687282430
2.0800000000	0.4212190799
2.0850000000	0.4923337741
2.0900000000	0.5854497498
2.0950000000	0.6947946742
2.1000000000	0.7961844634
2.1050000000	0.8558473795
2.1100000000	0.8576235660
2.1150000000	0.8391297160
2.1200000000	0.8419687037
2.1250000000	0.8866620087
2.1300000000	0.9826145375
2.1350000000	1.1401345931
2.1400000000	1.3765714774
2.1450000000	1.7192803403
2.1500000000	2.2040264378
2.1550000000	2.8557210525
2.1600000000	3.6212904079
2.1650000000	4.2605526073
2.1700000000	4.4080521546
2.1750000000	3.9411432436
2.1800000000	3.1775795204
2.1850000000	2.4490268414
2.1900000000	1.8814967470
2.1950000000	1.4737089918
2.2000000000	1.1901916964
2.2050000000	0.9974831144
2.2100000000	0.8657782908
2.2150000000	0.7640543051
2.2200000000	0.6689864998
2.2250000000	0.5747374496
2.2300000000	0.4876756869
2.2350000000	0.4126576093
2.2400000000	0.3494648702
2.2450000000	0.2954068466
2.2500000000	0.2475973123
2.2550000000	0.2042332604
2.2600000000	0.1609475549
2.2650000000	0.1288281778
2.2700000000	0.1105661201
2.2750000000	0.1132587696
2.2800000000	0.1361144606
2.2850000000	0.1656211325
2.2900000000	0.1868383332
2.2950000000	0.1954499849
2.3000000000	0.1951558052
2.3050000000	0.1901908134
2.3100000000	0.1840703766
2.3150000000	0.1784348180
2.3200000000	0.1739230500
2.3250000000	0.1708056261
2.3300000000	0.1692219487
2.3350000000	0.1692500770
2.3400000000	0.1709456264
2.3450000000	0.1743769035
2.3500000000	0.1796313936
2.3550000000	0.1869106469
2.3600000000	0.1959797931
2.3650000000	0.2069288848
2.3700000000	0.2197143619
2.3750000000	0.2344689162
2.3800000000	0.2517108787
2.3850000000	0.2720727299
2.3900000000	0.2957393657
2.3950000000	0.3218029959
2.4000000000	0.3478400792
2.4050000000	0.3714922052
2.4100000000	0.3868955888
2.4150000000	0.3929382025
2.4200000000	0.3923358915
2.4250000000	0.3898082399
2.4300000000	0.3896599908
2.4350000000	0.3946194010
2.4400000000	0.4059244324
2.4450000000	0.4240120183
2.4500000000	0.4492911911
2.4550000000	0.4825629928
2.4600000000	0.5256613828
2.4650000000	0.5804037805
2.4700000000	0.6486015711
2.4750000000	0.7312257877
2.4800000000	0.8273779907
2.4850000000	0.9328570213
2.4900000000	1.0385160415
2.4950000000	1.1294713872
2.5000000000	1.1872978423
2.5050000000	1.1930859311
2.5100000000	1.1396733946
2.5150000000	1.0414857165
2.5200000000	0.9211347122
2.5250000000	0.7983382787
2.5300000000	0.6850323558
2.5350000000	0.5861689873
2.5400000000	0.5024056341
2.5450000000	0.4324340544
2.5500000000	0.3744035723
2.5550000000	0.3266535878
2.5600000000	0.2865758043
2.5650000000	0.2562926310
2.5700000000	0.2341482186
2.5750000000	0.2193470482
2.5800000000	0.2103565671
2.5850000000	0.2051157392
2.5900000000	0.2017094331
2.5950000000	0.1989525513
2.6000000000	0.1964526948
2.6050000000	0.1956408848
2.6100000000	0.1955571872
2.6150000000	0.1965513322
2.6200000000	0.1988086668
2.6250000000	0.2023607983
2.6300000000	0.2070904454
2.6350000000	0.2127345054
2.6400000000	0.2188908702
2.6450000000	0.2250530494
2.6500000000	0.2306892510
2.6550000000	0.2353679877
2.6600000000	0.2388973192
2.6650000000	0.2414171546
2.6700000000	0.2433772089
2.6750000000	0.2454343162
2.6800000000	0.2482241103
2.6850000000	0.2523574316
2.6900000000	0.2582732051
2.6950000000	0.2662571334
2.7000000000	0.2764605056
2.7050000000	0.2903601620
2.7100000000	0.3071223936
2.7150000000	0.3265405441
2.7200000000	0.3481527097
2.7250000000	0.3711488326
2.7300000000	0.3942907593
2.7350000000	0.4159012756
2.7400000000	0.4339853141
2.7450000000	0.4465246226
2.7500000000	0.4519060685
2.7550000000	0.4493410860
2.7600000000	0.4390870581
2.7650000000	0.4223600651
2.7700000000	0.4009917173
2.7750000000	0.3769938071
2.7800000000	0.3522024118
2.7850000000	0.3280765775
2.7900000000	0.3054600413
2.7950000000	0.2852689886
2.8000000000	0.2676933078
2.8050000000	0.2511427152
2.8100000000	0.2377641023
2.8150000000	0.2271137818
2.8200000000	0.2187156854
2.8250000000	0.2121397993
2.8300000000	0.2070289796
2.8350000000	0.2030967461
2.8400000000	0.2001089287
2.8450000000	0.1978734620
2.8500000000	0.1962374756
2.8550000000	0.1950964836
2.8600000000	0.1944035862
2.8650000000	0.1941725445
2.8700000000	0.1944682120
2.8750000000	0.1953871799
2.8800000000	0.1970315804
2.8850000000	0.1994861947
2.8900000000	0.2028004807
2.8950000000	0.2069772087
2.9000000000	0.2119626223
2.9050000000	0.2190657793
2.9100000000	0.2265985681
2.9150000000	0.2340948809
2.9200000000	0.2409688550
2.9250000000	0.2465956193
2.9300000000	0.2504007207
2.9350000000	0.2519626856
2.9400000000	0.2510984740
2.9450000000	0.2478997102
2.9500000000	0.2427079071
2.9550000000	0.2360313591
2.9600000000	0.2284428469
2.9650000000	0.2204830849
2.9700000000	0.2125979229
2.9750000000	0.2051099074
2.9800000000	0.1982209046
2.9850000000	0.1920332639
2.9900000000	0.1865773053
2.9950000000	0.1818377508
3.0000000000	0.1777756470
