# energy (eV)    P(omega), $W$ = 400 nm, $h$ = 300 nm, $s$ = 20 nm, $d/W = 100$, $E_{\rm e}$ = 200 keV
0.2000000000	0.2889271717
0.2050000000	0.2916302663
0.2100000000	0.2934249380
0.2150000000	0.2942820799
0.2200000000	0.2941585080
0.2250000000	0.2929941687
0.2300000000	0.2907086822
0.2350000000	0.2871961362
0.2400000000	0.2823187826
0.2450000000	0.2758990402
0.2500000000	0.2677081832
0.2550000000	0.2574519129
0.2600000000	0.2447500550
0.2650000000	0.2574290718
0.2700000000	0.2899279490
0.2750000000	0.3363475923
0.2800000000	0.4008734262
0.2850000000	0.4958152380
0.2900000000	0.6130434452
0.2950000000	0.7807484973
0.3000000000	1.0055847670
0.3050000000	1.3495945805
0.3100000000	1.8275380944
0.3150000000	2.7516229239
0.3200000000	4.1913982227
0.3250000000	5.1687501076
0.3300000000	6.5184360094
0.3350000000	8.4284999345
0.3400000000	11.4233949092
0.3450000000	16.5557878121
0.3500000000	26.7792398540
0.3550000000	50.4137325807
0.3600000000	123.6231973913
0.3650000000	0.8965851797
0.3700000000	56.9104490424
0.3750000000	74.7060829045
0.3800000000	34.7054199908
0.3850000000	19.4866240222
0.3900000000	12.4562632456
0.3950000000	8.7464465508
0.4000000000	6.6000147943
0.4050000000	5.2019139046
0.4100000000	4.2916677433
0.4150000000	3.6905216339
0.4200000000	3.3088683268
0.4250000000	3.0087349858
0.4300000000	2.6575941488
0.4350000000	2.3796856358
0.4400000000	2.1597302841
0.4450000000	1.9845873604
0.4500000000	1.8459213075
0.4550000000	1.7355224348
0.4600000000	1.6488282936
0.4650000000	1.5810853540
0.4700000000	1.5291310156
0.4750000000	1.4907322885
0.4800000000	1.4639500987
0.4850000000	1.4470941931
0.4900000000	1.4391393692
0.4950000000	1.4392909633
0.5000000000	1.4468646144
0.5050000000	1.4615286060
0.5100000000	1.4830024527
0.5150000000	1.5111047046
0.5200000000	1.5458463814
0.5250000000	1.5872289432
0.5300000000	1.6358717499
0.5350000000	1.6920111605
0.5400000000	1.7561200621
0.5450000000	1.8288362989
0.5500000000	1.9110738382
0.5550000000	2.0038290774
0.5600000000	2.1083222704
0.5650000000	2.2261338295
0.5700000000	2.3594564489
0.5750000000	2.5098718726
0.5800000000	2.6804214014
0.5850000000	2.8752746177
0.5900000000	3.0971549495
0.5950000000	3.3519664934
0.6000000000	3.6475031664
0.6050000000	3.9894803711
0.6100000000	4.3913026336
0.6150000000	4.8639210992
0.6200000000	5.4262956348
0.6250000000	6.1056567472
0.6300000000	6.9295438975
0.6350000000	7.9501013126
0.6400000000	9.2244821900
0.6450000000	10.8568777789
0.6500000000	12.9798582966
0.6550000000	15.8183082585
0.6600000000	19.7518380212
0.6650000000	25.3792361752
0.6700000000	33.8932976113
0.6750000000	47.5703594608
0.6800000000	71.7258983609
0.6850000000	120.1509206743
0.6900000000	240.3727726062
0.6950000000	673.5577169108
0.7000000000	3260.9706326617
0.7050000000	1582.5591814695
0.7100000000	405.7963567329
0.7150000000	172.2567553482
0.7200000000	93.9018342961
0.7250000000	58.8803683929
0.7300000000	40.3105310979
0.7350000000	29.3425979896
0.7400000000	22.3252878835
0.7450000000	17.5663836855
0.7500000000	14.1980860296
0.7550000000	11.7255745133
0.7600000000	9.8634200215
0.7650000000	8.4205297915
0.7700000000	7.2823999749
0.7750000000	6.3693563869
0.7800000000	5.6278935217
0.7850000000	5.0177432116
0.7900000000	4.5069494921
0.7950000000	4.0805248313
0.8000000000	3.7181274600
0.8050000000	3.4078050356
0.8100000000	3.1436492780
0.8150000000	2.9122471614
0.8200000000	2.7108404996
0.8250000000	2.5416148431
0.8300000000	2.3934361288
0.8350000000	2.2645201766
0.8400000000	2.1613226660
0.8450000000	2.0710917749
0.8500000000	1.9942890928
0.8550000000	1.9444268591
0.8600000000	1.9038907844
0.8650000000	1.8739632357
0.8700000000	1.8793065678
0.8750000000	1.8789492010
0.8800000000	1.8658442997
0.8850000000	1.7834664442
0.8900000000	1.3899681033
0.8950000000	-0.5696915346
0.9000000000	-11.0513239828
0.9050000000	-72.6909507720
0.9100000000	13.8120601807
0.9150000000	32.6804445363
0.9200000000	13.5529556443
0.9250000000	7.0497597249
0.9300000000	4.3076336616
0.9350000000	3.0003023269
0.9400000000	2.2971890187
0.9450000000	1.9092690703
0.9500000000	1.6361577573
0.9550000000	1.4560528775
0.9600000000	1.3481513658
0.9650000000	1.2629062624
0.9700000000	1.2079477947
0.9750000000	1.1791052265
0.9800000000	1.1752390023
0.9850000000	1.2051197610
0.9900000000	1.2693036318
0.9950000000	1.3986915190
1.0000000000	1.6556009555
1.0050000000	2.2106962749
1.0100000000	3.6356592156
1.0150000000	8.4557175403
1.0200000000	17.1706249754
1.0250000000	7.1320525338
1.0300000000	3.0865930215
1.0350000000	1.8843571251
1.0400000000	1.4091573649
1.0450000000	1.1813840975
1.0500000000	1.0595084257
1.0550000000	0.9886093103
1.0600000000	0.9466271703
1.0650000000	0.9226434476
1.0700000000	0.9105871101
1.0750000000	0.9076093066
1.0800000000	0.9106705633
1.0850000000	0.9200840355
1.0900000000	0.9384735727
1.0950000000	0.9619463132
1.1000000000	0.9906183583
1.1050000000	1.0241767264
1.1100000000	1.0631897276
1.1150000000	1.1080796913
1.1200000000	1.1594576225
1.1250000000	1.2179349695
1.1300000000	1.2848583463
1.1350000000	1.3614644649
1.1400000000	1.4492210394
1.1450000000	1.5502946806
1.1500000000	1.6666058666
1.1550000000	1.8031193197
1.1600000000	1.9638720256
1.1650000000	2.1554562914
1.1700000000	2.3853123646
1.1750000000	2.6572230866
1.1800000000	2.9821228199
1.1850000000	3.7182445981
1.1900000000	4.7223170893
1.1950000000	6.7885675384
1.2000000000	9.4775620964
1.2050000000	8.0485040975
1.2100000000	7.4545284190
1.2150000000	8.1731171042
1.2200000000	9.7044485102
1.2250000000	12.0989491911
1.2300000000	15.7569952550
1.2350000000	21.5504710112
1.2400000000	31.3089996919
1.2450000000	49.6746998855
1.2500000000	89.4177202897
1.2550000000	193.2605435151
1.2600000000	466.0519106481
1.2650000000	471.2836158140
1.2700000000	195.6820744644
1.2750000000	90.1435395402
1.2800000000	49.8095613273
1.2850000000	31.2425646539
1.2900000000	21.3499322324
1.2950000000	15.5054933157
1.3000000000	11.7809709277
1.3050000000	9.2696212978
1.3100000000	7.4934929253
1.3150000000	6.2031308055
1.3200000000	5.2374520688
1.3250000000	4.4984143179
1.3300000000	3.9250479527
1.3350000000	3.4772790187
1.3400000000	3.1294913329
1.3450000000	2.8645235640
1.3500000000	2.6834437867
1.3550000000	2.5956590392
1.3600000000	2.6409504030
1.3650000000	2.9316743309
1.3700000000	3.7906083202
1.3750000000	6.0813824372
1.3800000000	9.2589308251
1.3850000000	6.6781172885
1.3900000000	3.7403843172
1.3950000000	2.4066421132
1.4000000000	1.7013441431
1.4050000000	1.1654953108
1.4100000000	0.5141300266
1.4150000000	-0.7023701844
1.4200000000	-3.6963372161
1.4250000000	-11.8398070641
1.4300000000	-15.7190976899
1.4350000000	6.8361257666
1.4400000000	8.8253140902
1.4450000000	5.2314988788
1.4500000000	3.2121354133
1.4550000000	2.1957597164
1.4600000000	1.6375123388
1.4650000000	1.2722504543
1.4700000000	0.9882524123
1.4750000000	0.9399983425
1.4800000000	1.0063315227
1.4850000000	0.9248238778
1.4900000000	0.8502330204
1.4950000000	0.7988370536
1.5000000000	0.7630821104
1.5050000000	0.7395928031
1.5100000000	0.7244181569
1.5150000000	0.7189987283
1.5200000000	0.7170422616
1.5250000000	0.7224307999
1.5300000000	0.7369127827
1.5350000000	0.7642833832
1.5400000000	0.8123798488
1.5450000000	0.8980354958
1.5500000000	1.0587413768
1.5550000000	1.3693965702
1.5600000000	1.8393812749
1.5650000000	1.9077148195
1.5700000000	1.4582718786
1.5750000000	1.1312254348
1.5800000000	0.9730241127
1.5850000000	0.9009847845
1.5900000000	0.8714893308
1.5950000000	0.8652616184
1.6000000000	0.8735307158
1.6050000000	0.8925037546
1.6100000000	0.9196835445
1.6150000000	0.9540562065
1.6200000000	0.9958028000
1.6250000000	1.0450779190
1.6300000000	1.1025193042
1.6350000000	1.1690929868
1.6400000000	1.2460971970
1.6450000000	1.3352459697
1.6500000000	1.4387216261
1.6550000000	1.5593025252
1.6600000000	1.7005978902
1.6650000000	1.8672540972
1.6700000000	2.0635079887
1.6750000000	2.3008364578
1.6800000000	2.5886251048
1.6850000000	2.9418801572
1.6900000000	3.3816627142
1.6950000000	3.9384767281
1.7000000000	4.6574720028
1.7050000000	5.6373495098
1.7100000000	6.9827879019
1.7150000000	8.8989899252
1.7200000000	11.7485566132
1.7250000000	16.1684032450
1.7300000000	23.0097485957
1.7350000000	32.8595196044
1.7400000000	47.5194576528
1.7450000000	72.8800126208
1.7500000000	104.7367990821
1.7550000000	106.8149839552
1.7600000000	74.7667565714
1.7650000000	46.3486449720
1.7700000000	29.5209484095
1.7750000000	19.9543857515
1.7800000000	14.2806791891
1.7850000000	10.7430139650
1.7900000000	8.4582896448
1.7950000000	6.9814375536
1.8000000000	6.0791838439
1.8050000000	5.4876908164
1.8100000000	4.7617866914
1.8150000000	3.8597421969
1.8200000000	3.1408098611
1.8250000000	2.6970967262
1.8300000000	2.3649816215
1.8350000000	2.0816302399
1.8400000000	1.8481700262
1.8450000000	1.6567050779
1.8500000000	1.4969877972
1.8550000000	1.3606124887
1.8600000000	1.2295638540
1.8650000000	1.1149035502
1.8700000000	0.9930859354
1.8750000000	0.8120536018
1.8800000000	0.4060479547
1.8850000000	-0.4673215419
1.8900000000	-1.6325664840
1.8950000000	-1.8134592352
1.9000000000	0.1149598090
1.9050000000	1.9002940417
1.9100000000	2.1088760574
1.9150000000	1.7746527287
1.9200000000	1.4488463333
1.9250000000	1.2203977248
1.9300000000	1.0863234678
1.9350000000	0.9890845834
1.9400000000	0.9327906150
1.9450000000	0.9049046382
1.9500000000	0.8867666549
1.9550000000	0.8552837682
1.9600000000	0.8118916706
1.9650000000	0.7749159970
1.9700000000	0.7518031011
1.9750000000	0.7418241030
1.9800000000	0.7434651710
1.9850000000	0.7566316203
1.9900000000	0.7828068063
1.9950000000	0.8240081104
2.0000000000	0.8782269963
2.0050000000	0.9322348654
2.0100000000	0.9516051516
2.0150000000	0.9370646822
2.0200000000	0.9192354144
2.0250000000	0.9169601948
2.0300000000	0.9333751499
2.0350000000	0.9671817313
2.0400000000	1.0177853684
2.0450000000	1.0863097696
2.0500000000	1.1753667785
2.0550000000	1.2877397898
2.0600000000	1.4230325311
2.0650000000	1.5751701477
2.0700000000	1.7422988174
2.0750000000	1.9424119468
2.0800000000	2.2070509129
2.0850000000	2.5649297252
2.0900000000	3.0332067425
2.0950000000	3.5840079128
2.1000000000	4.0995358899
2.1050000000	4.4152069675
2.1100000000	4.4534912669
2.1150000000	4.4003196580
2.1200000000	4.4619366267
2.1250000000	4.7425733417
2.1300000000	5.2938262884
2.1350000000	6.1743591435
2.1400000000	7.4811059706
2.1450000000	9.3647503370
2.1500000000	12.0204800953
2.1550000000	15.5826399391
2.1600000000	19.7601749449
2.1650000000	23.2434138419
2.1700000000	24.0406570386
2.1750000000	21.4858691824
2.1800000000	17.3153614886
2.1850000000	13.3388211469
2.1900000000	10.2426806414
2.1950000000	8.0190105446
2.2000000000	6.4737386377
2.2050000000	5.4239201819
2.2100000000	4.7067894232
2.2150000000	4.1529099547
2.2200000000	3.6349428418
2.2250000000	3.1211636468
2.2300000000	2.6465286094
2.2350000000	2.2376634940
2.2400000000	1.8934208850
2.2450000000	1.5991295057
2.2500000000	1.3390377811
2.2550000000	1.1032723716
2.2600000000	0.8680610328
2.2650000000	0.6935169147
2.2700000000	0.5942803611
2.2750000000	0.6088838786
2.2800000000	0.7329558023
2.2850000000	0.8930988156
2.2900000000	1.0082972664
2.2950000000	1.0552188063
2.3000000000	1.0539284867
2.3050000000	1.0273225584
2.3100000000	0.9940389276
2.3150000000	0.9626045512
2.3200000000	0.9363637485
2.3250000000	0.9169817670
2.3300000000	0.9055192787
2.3350000000	0.9025942516
2.3400000000	0.9085501656
2.3450000000	0.9236923681
2.3500000000	0.9483879063
2.3550000000	0.9836081182
2.3600000000	1.0280246318
2.3650000000	1.0820767512
2.3700000000	1.1454967442
2.3750000000	1.2189100636
2.3800000000	1.3048845063
2.3850000000	1.4065901398
2.3900000000	1.5250196330
2.3950000000	1.6558044190
2.4000000000	1.7871292311
2.4050000000	1.9078196498
2.4100000000	1.9888466423
2.4150000000	2.0246827638
2.4200000000	2.0286150369
2.4250000000	2.0239079166
2.4300000000	2.0319334988
2.4350000000	2.0663503415
2.4400000000	2.1334340713
2.4450000000	2.2355171316
2.4500000000	2.3749490150
2.4550000000	2.5562740405
2.4600000000	2.7894519429
2.4650000000	3.0843309414
2.4700000000	3.4505609182
2.4750000000	3.8931868143
2.4800000000	4.4072171210
2.4850000000	4.9700486206
2.4900000000	5.5328061639
2.4950000000	6.0162231248
2.5000000000	6.3223645505
2.5050000000	6.3508290937
2.5100000000	6.0639674963
2.5150000000	5.5389834680
2.5200000000	4.8964744811
2.5250000000	4.2414459282
2.5300000000	3.6373683492
2.5350000000	3.1105024376
2.5400000000	2.6642526327
2.5450000000	2.2915783824
2.5500000000	1.9825673278
2.5550000000	1.7283311979
2.5600000000	1.5149578502
2.5650000000	1.3536646803
2.5700000000	1.2355985190
2.5750000000	1.1564761245
2.5800000000	1.1081051078
2.5850000000	1.0794996273
2.5900000000	1.0604605485
2.5950000000	1.0446765048
2.6000000000	1.0300492860
2.6050000000	1.0239271545
2.6100000000	1.0214171541
2.6150000000	1.0243759081
2.6200000000	1.0337956262
2.6250000000	1.0498734581
2.6300000000	1.0720493939
2.6350000000	1.0990355482
2.6400000000	1.1288595024
2.6450000000	1.1590425420
2.6500000000	1.1869904243
2.6550000000	1.2106081986
2.6600000000	1.2289797592
2.6650000000	1.2428150026
2.6700000000	1.2543369324
2.6750000000	1.2667848523
2.6800000000	1.2832903691
2.6850000000	1.3068692831
2.6900000000	1.3396990917
2.6950000000	1.3832066753
2.7000000000	1.4381557750
2.7050000000	1.5124649890
2.7100000000	1.6015610815
2.7150000000	1.7043704579
2.7200000000	1.8184750467
2.7250000000	1.9396282684
2.7300000000	2.0613340036
2.7350000000	2.1747963461
2.7400000000	2.2695548732
2.7450000000	2.3350410754
2.7500000000	2.3628250048
2.7550000000	2.3488130737
2.7600000000	2.2944028339
2.7650000000	2.2060206544
2.7700000000	2.0933070556
2.7750000000	1.9668327804
2.7800000000	1.8362324497
2.7850000000	1.7091529564
2.7900000000	1.5900057894
2.7950000000	1.4835767022
2.8000000000	1.3908447267
2.8050000000	1.3034084585
2.8100000000	1.2325497130
2.8150000000	1.1759449000
2.8200000000	1.1311087079
2.8250000000	1.0958068685
2.8300000000	1.0681946104
2.8350000000	1.0468013062
2.8400000000	1.0304369296
2.8450000000	1.0181307220
2.8500000000	1.0091138952
2.8550000000	1.0028589129
2.8600000000	0.9991225092
2.8650000000	0.9979603352
2.8700000000	0.9996783834
2.8750000000	1.0047368942
2.8800000000	1.0136235595
2.8850000000	1.0267395665
2.8900000000	1.0443099185
2.8950000000	1.0663235696
2.9000000000	1.0924838720
2.9050000000	1.1296493524
2.9100000000	1.1689422973
2.9150000000	1.2079425603
2.9200000000	1.2436110452
2.9250000000	1.2727107839
2.9300000000	1.2922708069
2.9350000000	1.3001171837
2.9400000000	1.2953156916
2.9450000000	1.2783596852
2.9500000000	1.2510348726
2.9550000000	1.2159938383
2.9600000000	1.1762177178
2.9650000000	1.1345206219
2.9700000000	1.0932209393
2.9750000000	1.0539970047
2.9800000000	1.0179012280
2.9850000000	0.9854689905
2.9900000000	0.9568622519
2.9950000000	0.9320076347
3.0000000000	0.9107072838
