# energy (eV)    P(omega), $W$ = 400 nm, $h$ = 300 nm, $s$ = 20 nm, $d/W = 50$, $E_{\rm e}$ = 200 keV
0.2000000000	0.1176733600
0.2050000000	0.1187004367
0.2100000000	0.1194393301
0.2150000000	0.1198774421
0.2200000000	0.1199974274
0.2250000000	0.1197760100
0.2300000000	0.1191827407
0.2350000000	0.1181781534
0.2400000000	0.1167115785
0.2450000000	0.1147179446
0.2500000000	0.1121140939
0.2550000000	0.1087931796
0.2600000000	0.1046174939
0.2650000000	0.1090869872
0.2700000000	0.1203978200
0.2750000000	0.1365977011
0.2800000000	0.1591932457
0.2850000000	0.1925357369
0.2900000000	0.2339154588
0.2950000000	0.2932942240
0.3000000000	0.3732143897
0.3050000000	0.4958135674
0.3100000000	0.6667935793
0.3150000000	0.9977542745
0.3200000000	1.5152088103
0.3250000000	1.8708243054
0.3300000000	2.3631426257
0.3350000000	3.0616353131
0.3400000000	4.1587263866
0.3450000000	6.0419800057
0.3500000000	9.7991925837
0.3550000000	18.5019537427
0.3600000000	45.5123207099
0.3650000000	0.1441553584
0.3700000000	21.1636061930
0.3750000000	27.8451980231
0.3800000000	12.9938683866
0.3850000000	7.3313390959
0.3900000000	4.7105321452
0.3950000000	3.3254492693
0.4000000000	2.5232311727
0.4050000000	2.0000405084
0.4100000000	1.6594443266
0.4150000000	1.4349416096
0.4200000000	1.2933511919
0.4250000000	1.1822236606
0.4300000000	1.0503028086
0.4350000000	0.9458958376
0.4400000000	0.8633497654
0.4450000000	0.7977592747
0.4500000000	0.7460434735
0.4550000000	0.7051099744
0.4600000000	0.6732769194
0.4650000000	0.6487538368
0.4700000000	0.6303573971
0.4750000000	0.6172634143
0.4800000000	0.6087511286
0.4850000000	0.6041868492
0.4900000000	0.6032000782
0.4950000000	0.6055072403
0.5000000000	0.6108655113
0.5050000000	0.6191726768
0.5100000000	0.6303462080
0.5150000000	0.6443386764
0.5200000000	0.6611878744
0.5250000000	0.6809256104
0.5300000000	0.7038394759
0.5350000000	0.7300638462
0.5400000000	0.7598335062
0.5450000000	0.7934533832
0.5500000000	0.8313509197
0.5550000000	0.8739959104
0.5600000000	0.9219586513
0.5650000000	0.9759696819
0.5700000000	1.0370363963
0.5750000000	1.1059127854
0.5800000000	1.1839956466
0.5850000000	1.2731908494
0.5900000000	1.3747997450
0.5950000000	1.4915300600
0.6000000000	1.6269600935
0.6050000000	1.7837935676
0.6100000000	1.9681769726
0.6150000000	2.1852350817
0.6200000000	2.4437385892
0.6250000000	2.7562630664
0.6300000000	3.1356768060
0.6350000000	3.6060930411
0.6400000000	4.1941721205
0.6450000000	4.9482278551
0.6500000000	5.9300516103
0.6550000000	7.2442753352
0.6600000000	9.0675760977
0.6650000000	11.6792752186
0.6700000000	15.6353719585
0.6750000000	21.9985227067
0.6800000000	33.2506500887
0.6850000000	55.8373403706
0.6900000000	111.9854450326
0.6950000000	314.5839405600
0.7000000000	1526.8662705434
0.7050000000	742.8712287925
0.7100000000	190.9714688725
0.7150000000	81.2739289628
0.7200000000	44.4192704127
0.7250000000	27.9253672188
0.7300000000	19.1683769866
0.7350000000	13.9898626316
0.7400000000	10.6725637025
0.7450000000	8.4201260212
0.7500000000	6.8240223638
0.7550000000	5.6510217407
0.7600000000	4.7666510767
0.7650000000	4.0806238398
0.7700000000	3.5389179245
0.7750000000	3.1039185855
0.7800000000	2.7503423031
0.7850000000	2.4591575058
0.7900000000	2.2151562937
0.7950000000	2.0113526434
0.8000000000	1.8380504257
0.8050000000	1.6895623271
0.8100000000	1.5631705829
0.8150000000	1.4523920435
0.8200000000	1.3559582317
0.8250000000	1.2751043263
0.8300000000	1.2043667413
0.8350000000	1.1429171280
0.8400000000	1.0941337499
0.8450000000	1.0516393868
0.8500000000	1.0157080770
0.8550000000	0.9933545418
0.8600000000	0.9756302393
0.8650000000	0.9632050927
0.8700000000	0.9689295456
0.8750000000	0.9715826312
0.8800000000	0.9672825380
0.8850000000	0.9259912632
0.8900000000	0.7188077484
0.8950000000	-0.3232345733
0.9000000000	-5.9180219249
0.9050000000	-38.9045100218
0.9100000000	7.4277874086
0.9150000000	17.5869470437
0.9200000000	7.3097140070
0.9250000000	3.8083609849
0.9300000000	2.3286721948
0.9350000000	1.6216791234
0.9400000000	1.2404512297
0.9450000000	1.0295044706
0.9500000000	0.8798694067
0.9550000000	0.7800772101
0.9600000000	0.7189373869
0.9650000000	0.6688480868
0.9700000000	0.6337988151
0.9750000000	0.6109486572
0.9800000000	0.5986496910
0.9850000000	0.6000863481
0.9900000000	0.6119753524
0.9950000000	0.6447425332
1.0000000000	0.7172569452
1.0050000000	0.8822693132
1.0100000000	1.3142924786
1.0150000000	2.8028827073
1.0200000000	5.5812179309
1.0250000000	2.4958341941
1.0300000000	1.2207330352
1.0350000000	0.8371738032
1.0400000000	0.6848780701
1.0450000000	0.6124533203
1.0500000000	0.5750199599
1.0550000000	0.5545687515
1.0600000000	0.5442018941
1.0650000000	0.5403820119
1.0700000000	0.5411543666
1.0750000000	0.5456877938
1.0800000000	0.5528525842
1.0850000000	0.5631829486
1.0900000000	0.5785661054
1.0950000000	0.5967417132
1.1000000000	0.6178161401
1.1050000000	0.6418728373
1.1100000000	0.6692293763
1.1150000000	0.7002472511
1.1200000000	0.7353398440
1.1250000000	0.7748087071
1.1300000000	0.8197332176
1.1350000000	0.8707287668
1.1400000000	0.9288165202
1.1450000000	0.9952242182
1.1500000000	1.0707847621
1.1550000000	1.1585399611
1.1600000000	1.2598554599
1.1650000000	1.3754885283
1.1700000000	1.5001431914
1.1750000000	1.5926052493
1.1800000000	1.6083614602
1.1850000000	2.5681739345
1.1900000000	3.1457871135
1.1950000000	4.1492185115
1.2000000000	5.5402963243
1.2050000000	4.9613965577
1.2100000000	4.8438914076
1.2150000000	5.4390509997
1.2200000000	6.5290565285
1.2250000000	8.1863896937
1.2300000000	10.6996980573
1.2350000000	14.6723682034
1.2400000000	21.3635844844
1.2450000000	33.9649109285
1.2500000000	61.2638501651
1.2550000000	132.6861462944
1.2600000000	320.6839389831
1.2650000000	325.0673237018
1.2700000000	135.3346597867
1.2750000000	62.5337604355
1.2800000000	34.6749937546
1.2850000000	21.8385364806
1.2900000000	14.9962499222
1.2950000000	10.9548174147
1.3000000000	8.3826960737
1.3050000000	6.6536983594
1.3100000000	5.4380264207
1.3150000000	4.5641477387
1.3200000000	3.9220294574
1.3250000000	3.4463229724
1.3300000000	3.0982117585
1.3350000000	2.8554657194
1.3400000000	2.7094012344
1.3450000000	2.6636538307
1.3500000000	2.7473014230
1.3550000000	3.0224239077
1.3600000000	3.6374978533
1.3650000000	4.9638157920
1.3700000000	8.0325068593
1.3750000000	15.5747464954
1.3800000000	25.8436986827
1.3850000000	17.9229363534
1.3900000000	8.9274288717
1.3950000000	5.0356053779
1.4000000000	3.2211858788
1.4050000000	2.1684547659
1.4100000000	1.3173099847
1.4150000000	0.1976441965
1.4200000000	-2.1422073023
1.4250000000	-8.2091641861
1.4300000000	-11.1519316453
1.4350000000	5.3298997400
1.4400000000	6.7633593608
1.4450000000	4.0891219946
1.4500000000	2.5695203566
1.4550000000	1.7813706770
1.4600000000	1.3031197295
1.4650000000	0.8742308716
1.4700000000	0.3433028282
1.4750000000	0.5536423372
1.4800000000	1.0651090073
1.4850000000	0.9596525234
1.4900000000	0.8286082134
1.4950000000	0.7462270229
1.5000000000	0.6937464813
1.5050000000	0.6593494048
1.5100000000	0.6359052804
1.5150000000	0.6219892667
1.5200000000	0.6112626186
1.5250000000	0.6053205563
1.5300000000	0.6039412982
1.5350000000	0.6074688896
1.5400000000	0.6173595447
1.5450000000	0.6370412251
1.5500000000	0.6743662485
1.5550000000	0.7450266456
1.5600000000	0.8506100214
1.5650000000	0.8704273871
1.5700000000	0.7829602897
1.5750000000	0.7244832422
1.5800000000	0.7039655360
1.5850000000	0.7037255131
1.5900000000	0.7146369334
1.5950000000	0.7328215870
1.6000000000	0.7566923719
1.6050000000	0.7859233553
1.6100000000	0.8201729544
1.6150000000	0.8595825692
1.6200000000	0.9048742424
1.6250000000	0.9566895562
1.6300000000	1.0159665370
1.6350000000	1.0838691569
1.6400000000	1.1618744082
1.6450000000	1.2518535526
1.6500000000	1.3561470307
1.6550000000	1.4777227884
1.6600000000	1.6204274419
1.6650000000	1.7892398411
1.6700000000	1.9891602658
1.6750000000	2.2318603513
1.6800000000	2.5280908998
1.6850000000	2.8946368641
1.6900000000	3.3554804725
1.6950000000	3.9460669558
1.7000000000	4.7202240494
1.7050000000	5.7955196678
1.7100000000	7.3089521201
1.7150000000	9.5329092427
1.7200000000	12.9658452371
1.7250000000	18.4741785269
1.7300000000	26.9070011665
1.7350000000	37.0580255480
1.7400000000	48.5030828301
1.7450000000	68.8035587073
1.7500000000	95.8002698048
1.7550000000	97.0512271454
1.7600000000	68.1742192817
1.7650000000	42.6040754006
1.7700000000	27.4391786521
1.7750000000	18.8247037782
1.7800000000	13.7593554481
1.7850000000	10.6920037539
1.7900000000	8.8772428280
1.7950000000	7.9993891339
1.8000000000	7.9335144219
1.8050000000	8.2021757208
1.8100000000	7.4149868413
1.8150000000	5.5938715213
1.8200000000	4.1296694819
1.8250000000	3.4247080737
1.8300000000	2.9523096708
1.8350000000	2.5300441108
1.8400000000	2.1899761613
1.8450000000	1.9257837273
1.8500000000	1.7172817240
1.8550000000	1.5481765560
1.8600000000	1.3964835195
1.8650000000	1.2694063676
1.8700000000	1.1436222791
1.8750000000	0.9682672615
1.8800000000	0.5801701026
1.8850000000	-0.2618182821
1.8900000000	-1.3934124470
1.8950000000	-1.5943166169
1.9000000000	0.2248968236
1.9050000000	1.9285234515
1.9100000000	2.1293611658
1.9150000000	1.8071551794
1.9200000000	1.4904910805
1.9250000000	1.2653575089
1.9300000000	1.1285422860
1.9350000000	1.0237044478
1.9400000000	0.9532752379
1.9450000000	0.9060080990
1.9500000000	0.8733524719
1.9550000000	0.8482799360
1.9600000000	0.8286657281
1.9650000000	0.8158062897
1.9700000000	0.8099896191
1.9750000000	0.8106765230
1.9800000000	0.8174807795
1.9850000000	0.8304963984
1.9900000000	0.8502994473
1.9950000000	0.8776957929
2.0000000000	0.9125423576
2.0050000000	0.9549788264
2.0100000000	0.9930387888
2.0150000000	1.0281418768
2.0200000000	1.0695782044
2.0250000000	1.1239917168
2.0300000000	1.1943821157
2.0350000000	1.2832634837
2.0400000000	1.3943945027
2.0450000000	1.5335290506
2.0500000000	1.7088164797
2.0550000000	1.9301210605
2.0600000000	2.2042466160
2.0650000000	2.5302076733
2.0700000000	2.9159886315
2.0750000000	3.4048257878
2.0800000000	4.0667288618
2.0850000000	4.9719295927
2.0900000000	6.1610378648
2.0950000000	7.5436983366
2.1000000000	8.7544690837
2.1050000000	9.2830197310
2.1100000000	8.8654280118
2.1150000000	8.0288580066
2.1200000000	7.3484768300
2.1250000000	7.0703884921
2.1300000000	7.2490680643
2.1350000000	7.9116174458
2.1400000000	9.1307111410
2.1450000000	11.0536601515
2.1500000000	13.9010749332
2.1550000000	17.8493533732
2.1600000000	22.5814117629
2.1650000000	26.5766394747
2.1700000000	27.5297670528
2.1750000000	24.6577148798
2.1800000000	19.9191970370
2.1850000000	15.3733203693
2.1900000000	11.8080304906
2.1950000000	9.2188398315
2.2000000000	7.3858629834
2.2050000000	6.1021336636
2.2100000000	5.1971660093
2.2150000000	4.5080691340
2.2200000000	3.9175579791
2.2250000000	3.3823301011
2.2300000000	2.9098913853
2.2350000000	2.5064351206
2.2400000000	2.1627632426
2.2450000000	1.8629907286
2.2500000000	1.5928258013
2.2550000000	1.3457599864
2.2600000000	1.0994731516
2.2650000000	0.9264397786
2.2700000000	0.8402656471
2.2750000000	0.8796091293
2.2800000000	1.0383425821
2.2850000000	1.2367461709
2.2900000000	1.3862658707
2.2950000000	1.4616128666
2.3000000000	1.4850415826
2.3050000000	1.4819414790
2.3100000000	1.4706671625
2.3150000000	1.4583995378
2.3200000000	1.4481830277
2.3250000000	1.4440452597
2.3300000000	1.4509336161
2.3350000000	1.4730278703
2.3400000000	1.5132886919
2.3450000000	1.5739755402
2.3500000000	1.6570560993
2.3550000000	1.7649445082
2.3600000000	1.8961829061
2.3650000000	2.0508665278
2.3700000000	2.2280879549
2.3750000000	2.4294096546
2.3800000000	2.6622777142
2.3850000000	2.9357542922
2.3900000000	3.2519684817
2.3950000000	3.5962710006
2.4000000000	3.9307875796
2.4050000000	4.2128778034
2.4100000000	4.3569483933
2.4150000000	4.3458500289
2.4200000000	4.2201945358
2.4250000000	4.0491489543
2.4300000000	3.8933842013
2.4350000000	3.7884137778
2.4400000000	3.7467212619
2.4450000000	3.7677934188
2.4500000000	3.8486132863
2.4550000000	3.9895356380
2.4600000000	4.2026844906
2.4650000000	4.5010831099
2.4700000000	4.9002084234
2.4750000000	5.4106124025
2.4800000000	6.0297657651
2.4850000000	6.7312916107
2.4900000000	7.4523422353
2.4950000000	8.0871609710
2.5000000000	8.5025402509
2.5050000000	8.5610298608
2.5100000000	8.2059163180
2.5150000000	7.5340635919
2.5200000000	6.7024607895
2.5250000000	5.8497463988
2.5300000000	5.0608096866
2.5350000000	4.3716016474
2.5400000000	3.7877381797
2.5450000000	3.3008539688
2.5500000000	2.8986172770
2.5550000000	2.5699628405
2.5600000000	2.2969268280
2.5650000000	2.0953922087
2.5700000000	1.9541193082
2.5750000000	1.8678932848
2.5800000000	1.8259606684
2.5850000000	1.8134073053
2.5900000000	1.8160878712
2.5950000000	1.8251133779
2.6000000000	1.8376880210
2.6050000000	1.8692499501
2.6100000000	1.9104023205
2.6150000000	1.9651593930
2.6200000000	2.0357024417
2.6250000000	2.1220795323
2.6300000000	2.2219207021
2.6350000000	2.3302457860
2.6400000000	2.4394335681
2.6450000000	2.5398345504
2.6500000000	2.6212767872
2.6550000000	2.6755027871
2.6600000000	2.6987504327
2.6650000000	2.6933157950
2.6700000000	2.6669512206
2.6750000000	2.6308059914
2.6800000000	2.5956132090
2.6850000000	2.5711872965
2.6900000000	2.5642055372
2.6950000000	2.5786231354
2.7000000000	2.6161967111
2.7050000000	2.6838229238
2.7100000000	2.7800657743
2.7150000000	2.9027971405
2.7200000000	3.0479384383
2.7250000000	3.2088194722
2.7300000000	3.3755243755
2.7350000000	3.5347893296
2.7400000000	3.6708778185
2.7450000000	3.7678016625
2.7500000000	3.8126228533
2.7550000000	3.7987019138
2.7600000000	3.7274834945
2.7650000000	3.6078954501
2.7700000000	3.4537519740
2.7750000000	3.2804267990
2.7800000000	3.1020502161
2.7850000000	2.9299370387
2.7900000000	2.7706259327
2.7950000000	2.6312878981
2.8000000000	2.5133064897
2.8050000000	2.4065577443
2.8100000000	2.3250950504
2.8150000000	2.2648263729
2.8200000000	2.2213214339
2.8250000000	2.1904994692
2.8300000000	2.1688902469
2.8350000000	2.1536091769
2.8400000000	2.1422210833
2.8450000000	2.1326590809
2.8500000000	2.1232796385
2.8550000000	2.1130421957
2.8600000000	2.1017298450
2.8650000000	2.0900243131
2.8700000000	2.0793927779
2.8750000000	2.0717738788
2.8800000000	2.0691827597
2.8850000000	2.0733670387
2.8900000000	2.0855761399
2.8950000000	2.1064289208
2.9000000000	2.1358855646
2.9050000000	2.1833738105
2.9100000000	2.2377137923
2.9150000000	2.2949319949
2.9200000000	2.3499914118
2.9250000000	2.3974492105
2.9300000000	2.4322091409
2.9350000000	2.4503927580
2.9400000000	2.4500660707
2.9450000000	2.4315725858
2.9500000000	2.3973389717
2.9550000000	2.3512039618
2.9600000000	2.2975686983
2.9650000000	2.2406018430
2.9700000000	2.1837255635
2.9750000000	2.1293739568
2.9800000000	2.0790269118
2.9850000000	2.0333717596
2.9900000000	1.9925361437
2.9950000000	1.9563051185
3.0000000000	1.9243100867
