# energy (eV)    P(omega), $W$ = 400 nm, $h$ = 300 nm, $s$ = 20 nm, $d/W = 5$, $E_{\rm e}$ = 200 keV
0.2000000000	0.0688921794
0.2050000000	0.0695361538
0.2100000000	0.0699756093
0.2150000000	0.0702032705
0.2200000000	0.0702087178
0.2250000000	0.0699775602
0.2300000000	0.0694907038
0.2350000000	0.0687231193
0.2400000000	0.0676424450
0.2450000000	0.0662069564
0.2500000000	0.0643630737
0.2550000000	0.0620419021
0.2600000000	0.0591544850
0.2650000000	0.0620982029
0.2700000000	0.0696129835
0.2750000000	0.0803545454
0.2800000000	0.0953001317
0.2850000000	0.1173084324
0.2900000000	0.1445229459
0.2950000000	0.1834896062
0.3000000000	0.2357899534
0.3050000000	0.3158711661
0.3100000000	0.4272530654
0.3150000000	0.6426733964
0.3200000000	0.9786527549
0.3250000000	1.2075546777
0.3300000000	1.5238847893
0.3350000000	1.9718756714
0.3400000000	2.6746474649
0.3450000000	3.8795786941
0.3500000000	6.2808112341
0.3550000000	11.8350771529
0.3600000000	29.0496953166
0.3650000000	0.1791276558
0.3700000000	13.4097881735
0.3750000000	17.6171351389
0.3800000000	8.1944124753
0.3850000000	4.6071444096
0.3900000000	2.9490746621
0.3950000000	2.0737413952
0.4000000000	1.5671349475
0.4050000000	1.2370284033
0.4100000000	1.0221134981
0.4150000000	0.8802557734
0.4200000000	0.7903612053
0.4250000000	0.7197051218
0.4300000000	0.6366985244
0.4350000000	0.5710031321
0.4400000000	0.5190233107
0.4450000000	0.4776584419
0.4500000000	0.4449471099
0.4550000000	0.4189471680
0.4600000000	0.3985861400
0.4650000000	0.3827391167
0.4700000000	0.3706594972
0.4750000000	0.3618221258
0.4800000000	0.3557698123
0.4850000000	0.3521032645
0.4900000000	0.3505826489
0.4950000000	0.3510229376
0.5000000000	0.3532648737
0.5050000000	0.3572340771
0.5100000000	0.3628680837
0.5150000000	0.3701277546
0.5200000000	0.3790219389
0.5250000000	0.3895559390
0.5300000000	0.4018866115
0.5350000000	0.4160777762
0.5400000000	0.4322511520
0.5450000000	0.4505692172
0.5500000000	0.4712632029
0.5550000000	0.4945855933
0.5600000000	0.5208447909
0.5650000000	0.5504387388
0.5700000000	0.5839183286
0.5750000000	0.6216860355
0.5800000000	0.6645060604
0.5850000000	0.7134245942
0.5900000000	0.7691346538
0.5950000000	0.8331191273
0.6000000000	0.9073363285
0.6050000000	0.9932357963
0.6100000000	1.0941839996
0.6150000000	1.2129492001
0.6200000000	1.3543058824
0.6250000000	1.5251084491
0.6300000000	1.7323144154
0.6350000000	1.9890531298
0.6400000000	2.3097564331
0.6450000000	2.7206820748
0.6500000000	3.2552944802
0.6550000000	3.9703292347
0.6600000000	4.9615634989
0.6650000000	6.3801824778
0.6700000000	8.5272810951
0.6750000000	11.9777317907
0.6800000000	18.0739961555
0.6850000000	30.3001404221
0.6900000000	60.6653382942
0.6950000000	170.1247350604
0.7000000000	824.2820688690
0.7050000000	400.3357337870
0.7100000000	102.7323247667
0.7150000000	43.6424421356
0.7200000000	23.8089183130
0.7250000000	14.9406106185
0.7300000000	10.2364065590
0.7350000000	7.4568960310
0.7400000000	5.6778822712
0.7450000000	4.4709537910
0.7500000000	3.6163909889
0.7550000000	2.9888660319
0.7600000000	2.5160875990
0.7650000000	2.1496231436
0.7700000000	1.8604624479
0.7750000000	1.6284109641
0.7800000000	1.4399084421
0.7850000000	1.2847461048
0.7900000000	1.1548062670
0.7950000000	1.0463057922
0.8000000000	0.9540730479
0.8050000000	0.8750730185
0.8100000000	0.8078192580
0.8150000000	0.7488876676
0.8200000000	0.6975854471
0.8250000000	0.6544976015
0.8300000000	0.6167693606
0.8350000000	0.5839511086
0.8400000000	0.5577295931
0.8450000000	0.5348163819
0.8500000000	0.5153378133
0.8550000000	0.5028149858
0.8600000000	0.4926853787
0.8650000000	0.4852849592
0.8700000000	0.4870467157
0.8750000000	0.4873007385
0.8800000000	0.4841813571
0.8850000000	0.4628619511
0.8900000000	0.3598584052
0.8950000000	-0.1543174785
0.9000000000	-2.9072654356
0.9050000000	-19.1088586567
0.9100000000	3.6319570152
0.9150000000	8.6006000864
0.9200000000	3.5672380406
0.9250000000	1.8547383276
0.9300000000	1.1320073635
0.9350000000	0.7870350738
0.9400000000	0.6011543098
0.9450000000	0.4982673562
0.9500000000	0.4254446267
0.9550000000	0.3769464170
0.9600000000	0.3472546565
0.9650000000	0.3231298138
0.9700000000	0.3064728475
0.9750000000	0.2959353799
0.9800000000	0.2908217450
0.9850000000	0.2927773835
0.9900000000	0.3006103925
0.9950000000	0.3198923187
1.0000000000	0.3609496494
1.0050000000	0.4524022634
1.0100000000	0.6887702170
1.0150000000	1.4904093784
1.0200000000	2.9372221570
1.0250000000	1.2650437254
1.0300000000	0.5924502745
1.0350000000	0.3929286765
1.0400000000	0.3144141039
1.0450000000	0.2771765736
1.0500000000	0.2578047122
1.0550000000	0.2469694369
1.0600000000	0.2411269006
1.0650000000	0.2384791943
1.0700000000	0.2380263584
1.0750000000	0.2393578511
1.0800000000	0.2418742116
1.0850000000	0.2458100094
1.0900000000	0.2519766617
1.0950000000	0.2593611238
1.1000000000	0.2680353623
1.1050000000	0.2779642118
1.1100000000	0.2893201919
1.1150000000	0.3022436571
1.1200000000	0.3169162902
1.1250000000	0.3335081524
1.1300000000	0.3524194404
1.1350000000	0.3739777894
1.1400000000	0.3986116231
1.1450000000	0.4269128552
1.1500000000	0.4593899808
1.1550000000	0.4974316023
1.1600000000	0.5421129249
1.1650000000	0.5951617142
1.1700000000	0.6585274937
1.1750000000	0.7328102396
1.1800000000	0.8224934547
1.1850000000	1.0394827345
1.1900000000	1.3098061847
1.1950000000	1.8598020696
1.2000000000	2.5788921277
1.2050000000	2.2134033697
1.2100000000	2.0725388445
1.2150000000	2.2844622466
1.2200000000	2.7197498425
1.2250000000	3.3961260168
1.2300000000	4.4277891578
1.2350000000	6.0611206044
1.2400000000	8.8125404696
1.2450000000	13.9920258748
1.2500000000	25.2042246934
1.2550000000	54.5119809316
1.2600000000	131.5481409608
1.2650000000	133.1195713336
1.2700000000	55.3136101803
1.2750000000	25.5008340881
1.2800000000	14.1024789849
1.2850000000	8.8536549057
1.2900000000	6.0563254379
1.2950000000	4.4034276839
1.3000000000	3.3500574161
1.3050000000	2.6399588980
1.3100000000	2.1380464819
1.3150000000	1.7738502183
1.3200000000	1.5018925065
1.3250000000	1.2945908365
1.3300000000	1.1348817571
1.3350000000	1.0117326250
1.3400000000	0.9183949862
1.3450000000	0.8508662319
1.3500000000	0.8110123820
1.3550000000	0.8045561601
1.3600000000	0.8494279060
1.3650000000	0.9936153594
1.3700000000	1.3730514866
1.3750000000	2.3500455976
1.3800000000	3.6954747968
1.3850000000	2.6273153054
1.3900000000	1.4114494752
1.3950000000	0.8697809766
1.4000000000	0.5965707988
1.4050000000	0.4067002672
1.4100000000	0.1991442386
1.4150000000	-0.1630905047
1.4200000000	-1.0323480033
1.4250000000	-3.3814297655
1.4300000000	-4.5048290391
1.4350000000	1.9859791569
1.4400000000	2.5584165972
1.4450000000	1.5214540278
1.4500000000	0.9376743216
1.4550000000	0.6425929242
1.4600000000	0.4782691645
1.4650000000	0.3651677615
1.4700000000	0.2678194901
1.4750000000	0.2656665335
1.4800000000	0.3069048783
1.4850000000	0.2811412235
1.4900000000	0.2558855051
1.4950000000	0.2388233999
1.5000000000	0.2271402264
1.5050000000	0.2194011502
1.5100000000	0.2142552616
1.5150000000	0.2119841983
1.5200000000	0.2106510448
1.5250000000	0.2112714656
1.5300000000	0.2141945899
1.5350000000	0.2202432120
1.5400000000	0.2311731153
1.5450000000	0.2507800383
1.5500000000	0.2875304501
1.5550000000	0.3583236796
1.5600000000	0.4651811072
1.5650000000	0.4810465131
1.5700000000	0.3802147299
1.5750000000	0.3074667041
1.5800000000	0.2731325232
1.5850000000	0.2584840538
1.5900000000	0.2536715802
1.5950000000	0.2543605808
1.6000000000	0.2585982463
1.6050000000	0.2655781036
1.6100000000	0.2747560961
1.6150000000	0.2859385849
1.6200000000	0.2992418132
1.6250000000	0.3147624867
1.6300000000	0.3327282069
1.6350000000	0.3534577832
1.6400000000	0.3773683734
1.6450000000	0.4050033670
1.6500000000	0.4370489125
1.6550000000	0.4743771241
1.6600000000	0.5181186060
1.6650000000	0.5697295246
1.6700000000	0.6305660483
1.6750000000	0.7041830879
1.6800000000	0.7935619760
1.6850000000	0.9034432620
1.6900000000	1.0405049428
1.6950000000	1.2144595464
1.7000000000	1.4397601661
1.7050000000	1.7479835912
1.7100000000	2.1733457425
1.7150000000	2.7831188552
1.7200000000	3.6971514349
1.7250000000	5.1254517039
1.7300000000	7.3312211563
1.7350000000	10.3945611533
1.7400000000	14.7473948413
1.7450000000	22.3080649161
1.7500000000	31.8943756301
1.7550000000	32.4991198086
1.7600000000	22.7667124311
1.7650000000	14.1343843013
1.7700000000	9.0195679662
1.7750000000	6.1106997625
1.7800000000	4.3863130706
1.7850000000	3.3139320782
1.7900000000	2.6270498537
1.7950000000	2.1934671963
1.8000000000	1.9453483941
1.8050000000	1.7936821852
1.8100000000	1.5670007960
1.8150000000	1.2546825261
1.8200000000	1.0059033739
1.8250000000	0.8610419768
1.8300000000	0.7544192573
1.8350000000	0.6620973955
1.8400000000	0.5861586823
1.8450000000	0.5244377798
1.8500000000	0.4734609973
1.8550000000	0.4303807685
1.8600000000	0.3895388850
1.8650000000	0.3543214059
1.8700000000	0.3175833456
1.8750000000	0.2632181890
1.8800000000	0.1391220377
1.8850000000	-0.1312689212
1.8900000000	-0.4936507768
1.8950000000	-0.5523621111
1.9000000000	0.0417045338
1.9050000000	0.5930149298
1.9100000000	0.6571851549
1.9150000000	0.5532904434
1.9200000000	0.4517889436
1.9250000000	0.3801715935
1.9300000000	0.3374073090
1.9350000000	0.3054576821
1.9400000000	0.2853499881
1.9450000000	0.2733027966
1.9500000000	0.2650208391
1.9550000000	0.2558151082
1.9600000000	0.2456561196
1.9650000000	0.2376357049
1.9700000000	0.2329567328
1.9750000000	0.2314397853
1.9800000000	0.2328469390
1.9850000000	0.2372834147
1.9900000000	0.2452264813
1.9950000000	0.2572608261
2.0000000000	0.2728771282
2.0050000000	0.2887659428
2.0100000000	0.2956405427
2.0150000000	0.2938593230
2.0200000000	0.2916559935
2.0250000000	0.2940989858
2.0300000000	0.3021163603
2.0350000000	0.3155082381
2.0400000000	0.3343255428
2.0450000000	0.3591564862
2.0500000000	0.3910698449
2.0550000000	0.4312032536
2.0600000000	0.4796674371
2.0650000000	0.5347413822
2.0700000000	0.5962568402
2.0750000000	0.6709369395
2.0800000000	0.7703288557
2.0850000000	0.9051877424
2.0900000000	1.0818644890
2.0950000000	1.2890339813
2.1000000000	1.4795635346
2.1050000000	1.5876556509
2.1100000000	1.5814156086
2.1150000000	1.5332614660
2.1200000000	1.5230980038
2.1250000000	1.5895185095
2.1300000000	1.7489504082
2.1350000000	2.0186996655
2.1400000000	2.4284813370
2.1450000000	3.0258578619
2.1500000000	3.8736184597
2.1550000000	5.0160054647
2.1600000000	6.3602005416
2.1650000000	7.4839760930
2.1700000000	7.7447535142
2.1750000000	6.9263591668
2.1800000000	5.5862114433
2.1850000000	4.3067676083
2.1900000000	3.3095830275
2.1950000000	2.5926139017
2.2000000000	2.0936673857
2.2050000000	1.7540499061
2.2100000000	1.5215960507
2.2150000000	1.3421580574
2.2200000000	1.1750661343
2.2250000000	1.0099724323
2.2300000000	0.8576971827
2.2350000000	0.7265015701
2.2400000000	0.6159151996
2.2450000000	0.5212187391
2.2500000000	0.4373793652
2.2550000000	0.3612790681
2.2600000000	0.2852770616
2.2650000000	0.2289503441
2.2700000000	0.1970108019
2.2750000000	0.2019215643
2.2800000000	0.2422961187
2.2850000000	0.2943752469
2.2900000000	0.3318541586
2.2950000000	0.3471212768
2.3000000000	0.3466922817
2.3050000000	0.3380413482
2.3100000000	0.3274400332
2.3150000000	0.3178464879
2.3200000000	0.3104097792
2.3250000000	0.3055767143
2.3300000000	0.3035492070
2.3350000000	0.3044422273
2.3400000000	0.3083610776
2.3450000000	0.3154518614
2.3500000000	0.3259027130
2.3550000000	0.3401051622
2.3600000000	0.3576604806
2.3650000000	0.3787388292
2.3700000000	0.4032724884
2.3750000000	0.4315247014
2.3800000000	0.4644927075
2.3850000000	0.5033801138
2.3900000000	0.5485161697
2.3950000000	0.5981083036
2.4000000000	0.6474248610
2.4050000000	0.6917469883
2.4100000000	0.7197720436
2.4150000000	0.7293549887
2.4200000000	0.7257739555
2.4250000000	0.7181509498
2.4300000000	0.7147552244
2.4350000000	0.7207843553
2.4400000000	0.7385583005
2.4450000000	0.7688403003
2.4500000000	0.8122868495
2.4550000000	0.8702298369
2.4600000000	0.9458954281
2.4650000000	1.0424895249
2.4700000000	1.1632645593
2.4750000000	1.3100084474
2.4800000000	1.4811854337
2.4850000000	1.6693554549
2.4900000000	1.8582041238
2.4950000000	2.0210990053
2.5000000000	2.1250106405
2.5050000000	2.1360167023
2.5100000000	2.0411489804
2.5150000000	1.8660967201
2.5200000000	1.6512583626
2.5250000000	1.4319061492
2.5300000000	1.2294189512
2.5350000000	1.0526878285
2.5400000000	0.9029163284
2.5450000000	0.7777868297
2.5500000000	0.6740059189
2.5550000000	0.5886176009
2.5600000000	0.5169624125
2.5650000000	0.4628640138
2.5700000000	0.4233704407
2.5750000000	0.3970717577
2.5800000000	0.3812333461
2.5850000000	0.3721680818
2.5900000000	0.3664451789
2.5950000000	0.3619417346
2.6000000000	0.3579570526
2.6050000000	0.3571466388
2.6100000000	0.3577266008
2.6150000000	0.3603334781
2.6200000000	0.3653027587
2.6250000000	0.3726840831
2.6300000000	0.3822439731
2.6350000000	0.3934672953
2.6400000000	0.4055670007
2.6450000000	0.4175506988
2.6500000000	0.4283726989
2.6550000000	0.4371806959
2.6600000000	0.4435903084
2.6650000000	0.4478664411
2.6700000000	0.4508791129
2.6750000000	0.4539032020
2.6800000000	0.4581734505
2.6850000000	0.4648720050
2.6900000000	0.4748439350
2.6950000000	0.4886351345
2.7000000000	0.5065296814
2.7050000000	0.5311363326
2.7100000000	0.5610210473
2.7150000000	0.5958045976
2.7200000000	0.6346454353
2.7250000000	0.6760733507
2.7300000000	0.7178432954
2.7350000000	0.7569152659
2.7400000000	0.7896716673
2.7450000000	0.8124496674
2.7500000000	0.8223170742
2.7550000000	0.8178315195
2.7600000000	0.7994442249
2.7650000000	0.7693450082
2.7700000000	0.7308412439
2.7750000000	0.6875723680
2.7800000000	0.6428626925
2.7850000000	0.5993582409
2.7900000000	0.5585903779
2.7950000000	0.5222245175
2.8000000000	0.4906090395
2.8050000000	0.4608890046
2.8100000000	0.4369362633
2.8150000000	0.4179431649
2.8200000000	0.4030404004
2.8250000000	0.3914401907
2.8300000000	0.3824847498
2.8350000000	0.3756422898
2.8400000000	0.3704756519
2.8450000000	0.3666224927
2.8500000000	0.3637943561
2.8550000000	0.3617945693
2.8600000000	0.3605370333
2.8650000000	0.3600542527
2.8700000000	0.3604778053
2.8750000000	0.3620005730
2.8800000000	0.3648267566
2.8850000000	0.3691275645
2.8900000000	0.3750067022
2.8950000000	0.3824784885
2.9000000000	0.3914513807
2.9050000000	0.4042948084
2.9100000000	0.4179671346
2.9150000000	0.4316163344
2.9200000000	0.4441690252
2.9250000000	0.4544803427
2.9300000000	0.4614953162
2.9350000000	0.4644380409
2.9400000000	0.4629675324
2.9450000000	0.4572455518
2.9500000000	0.4478900905
2.9550000000	0.4358261284
2.9600000000	0.4220963630
2.9650000000	0.4076866458
2.9700000000	0.3934091224
2.9750000000	0.3798514279
2.9800000000	0.3673806987
2.9850000000	0.3561817277
2.9900000000	0.3463072837
2.9950000000	0.3377278353
3.0000000000	0.3303701230
