# energy (eV)    P(omega), $W$ = 400 nm, $h$ = 300 nm, $s$ = 20 nm, $d/W = 100$, $E_{\rm e}$ = 200 keV
0.2000000000	0.1396919140
0.2050000000	0.1410004292
0.2100000000	0.1418703386
0.2150000000	0.1422875282
0.2200000000	0.1422310805
0.2250000000	0.1416719164
0.2300000000	0.1405711492
0.2350000000	0.1388775464
0.2400000000	0.1365244843
0.2450000000	0.1334260829
0.2500000000	0.1294717513
0.2550000000	0.1245191728
0.2600000000	0.1183845422
0.2650000000	0.1245136433
0.2700000000	0.1402208051
0.2750000000	0.1626564942
0.2800000000	0.1938442296
0.2850000000	0.2397342606
0.2900000000	0.2963992574
0.2950000000	0.3774656942
0.3000000000	0.4861527805
0.3050000000	0.6524529536
0.3100000000	0.8835074468
0.3150000000	1.3302464227
0.3200000000	2.0263148060
0.3250000000	2.4988814188
0.3300000000	3.1514922930
0.3350000000	4.0750821169
0.3400000000	5.5232512224
0.3450000000	8.0050349657
0.3500000000	12.9486842773
0.3550000000	24.3775776718
0.3600000000	59.7800170418
0.3650000000	0.4322077886
0.3700000000	27.5221417974
0.3750000000	36.1293166515
0.3800000000	16.7848427778
0.3850000000	9.4248242784
0.3900000000	6.0247846249
0.3950000000	4.2306076647
0.4000000000	3.1925193907
0.4050000000	2.5163412600
0.4100000000	2.0761090467
0.4150000000	1.7853741362
0.4200000000	1.6008030030
0.4250000000	1.4556572971
0.4300000000	1.2858239953
0.4350000000	1.1514101935
0.4400000000	1.0450267237
0.4450000000	0.9603186126
0.4500000000	0.8932545195
0.4550000000	0.8398639480
0.4600000000	0.7979402854
0.4650000000	0.7651845643
0.4700000000	0.7400671852
0.4750000000	0.7215081958
0.4800000000	0.7085698564
0.4850000000	0.7004346938
0.4900000000	0.6966068270
0.4950000000	0.6967023338
0.5000000000	0.7003900480
0.5050000000	0.7075098574
0.5100000000	0.7179263230
0.5150000000	0.7315519364
0.5200000000	0.7483920959
0.5250000000	0.7684481559
0.5300000000	0.7920198471
0.5350000000	0.8192222138
0.5400000000	0.8502842332
0.5450000000	0.8855152167
0.5500000000	0.9253579450
0.5550000000	0.9702951933
0.5600000000	1.0209181901
0.5650000000	1.0779926632
0.5700000000	1.1425808014
0.5750000000	1.2154491438
0.5800000000	1.2980709059
0.5850000000	1.3924662388
0.5900000000	1.4999546757
0.5950000000	1.6233963185
0.6000000000	1.7665670369
0.6050000000	1.9322360922
0.6100000000	2.1268973479
0.6150000000	2.3558564558
0.6200000000	2.6282990924
0.6250000000	2.9574172271
0.6300000000	3.3565538516
0.6350000000	3.8509711155
0.6400000000	4.4683593299
0.6450000000	5.2591972031
0.6500000000	6.2877121260
0.6550000000	7.6628590526
0.6600000000	9.5685533988
0.6650000000	12.2949049806
0.6700000000	16.4198118818
0.6750000000	23.0461500477
0.6800000000	34.7492493024
0.6850000000	58.2108399064
0.6900000000	116.4579830802
0.6950000000	326.3366945179
0.7000000000	1579.9559010851
0.7050000000	766.7695894015
0.7100000000	196.6164104216
0.7150000000	83.4630972307
0.7200000000	45.4986764894
0.7250000000	28.5299849853
0.7300000000	19.5324074532
0.7350000000	14.2181106805
0.7400000000	10.8179842117
0.7450000000	8.5121149303
0.7500000000	6.8800346122
0.7550000000	5.6819899588
0.7600000000	4.7796856452
0.7650000000	4.0805294418
0.7700000000	3.5290416488
0.7750000000	3.0866175665
0.7800000000	2.7273321795
0.7850000000	2.4316739264
0.7900000000	2.1841587352
0.7950000000	1.9775249709
0.8000000000	1.8019160016
0.8050000000	1.6515402042
0.8100000000	1.5235352732
0.8150000000	1.4114013169
0.8200000000	1.3138020672
0.8250000000	1.2317974154
0.8300000000	1.1599915497
0.8350000000	1.0975200895
0.8400000000	1.0475123884
0.8450000000	1.0037882414
0.8500000000	0.9665713356
0.8550000000	0.9424119071
0.8600000000	0.9227721609
0.8650000000	0.9082737068
0.8700000000	0.9108719085
0.8750000000	0.9107058888
0.8800000000	0.9043594481
0.8850000000	0.8644298989
0.8900000000	0.6736725905
0.8950000000	-0.2763446172
0.9000000000	-5.3577711450
0.9050000000	-35.2405801047
0.9100000000	6.6959666692
0.9150000000	15.8435804295
0.9200000000	6.5704678841
0.9250000000	3.4176488539
0.9300000000	2.0882171509
0.9350000000	1.4543849127
0.9400000000	1.1134811686
0.9450000000	0.9253837947
0.9500000000	0.7929404030
0.9550000000	0.7055797780
0.9600000000	0.6532143648
0.9650000000	0.6118174698
0.9700000000	0.5850830886
0.9750000000	0.5709788893
0.9800000000	0.5689366288
0.9850000000	0.5831809458
0.9900000000	0.6139282166
0.9950000000	0.6760550396
1.0000000000	0.7995254822
1.0050000000	1.0664139350
1.0100000000	1.7515930750
1.0150000000	4.0693168072
1.0200000000	8.2595796413
1.0250000000	3.4323766836
1.0300000000	1.4871771060
1.0350000000	0.9091231810
1.0400000000	0.6806549185
1.0450000000	0.5711601662
1.0500000000	0.5125929996
1.0550000000	0.4785376712
1.0600000000	0.4583927360
1.0650000000	0.4469092683
1.0700000000	0.4411685350
1.0750000000	0.4398035532
1.0800000000	0.4413486018
1.0850000000	0.4459616076
1.0900000000	0.4549186378
1.0950000000	0.4663337555
1.1000000000	0.4802651621
1.1050000000	0.4965623119
1.1100000000	0.5155018166
1.1150000000	0.5372893354
1.1200000000	0.5622218585
1.1250000000	0.5905962847
1.1300000000	0.6230662057
1.1350000000	0.6602315549
1.1400000000	0.7028049434
1.1450000000	0.7518376893
1.1500000000	0.8082619805
1.1550000000	0.8744871277
1.1600000000	0.9524746265
1.1650000000	1.0454323764
1.1700000000	1.1570064123
1.1750000000	1.2891918867
1.1800000000	1.4475583303
1.1850000000	1.8031575160
1.1900000000	2.2901549032
1.1950000000	3.2928376992
1.2000000000	4.5975096938
1.2050000000	3.9041373752
1.2100000000	3.6158652591
1.2150000000	3.9643675027
1.2200000000	4.7071340739
1.2250000000	5.8686058241
1.2300000000	7.6429848044
1.2350000000	10.4531914109
1.2400000000	15.1867161602
1.2450000000	24.0953023270
1.2500000000	43.3733551018
1.2550000000	93.7442597222
1.2600000000	226.0672487761
1.2650000000	228.6057910630
1.2700000000	94.9198575561
1.2750000000	43.7261650851
1.2800000000	24.1612651080
1.2850000000	15.1549033169
1.2900000000	10.3562293586
1.2950000000	7.5212208132
1.3000000000	5.7145247759
1.3050000000	4.4963020490
1.3100000000	3.6347109974
1.3150000000	3.0087458789
1.3200000000	2.5402669460
1.3250000000	2.1817126116
1.3300000000	1.9035026555
1.3350000000	1.6861898550
1.3400000000	1.5173341763
1.3450000000	1.3885876086
1.3500000000	1.3004250759
1.3550000000	1.2573251887
1.3600000000	1.2784014200
1.3650000000	1.4177104144
1.3700000000	1.8306028628
1.3750000000	2.9327903495
1.3800000000	4.4620033671
1.3850000000	3.2194571303
1.3900000000	1.8049498646
1.3950000000	1.1624501404
1.4000000000	0.8223103113
1.4050000000	0.5633863055
1.4100000000	0.2479823531
1.4150000000	-0.3417992848
1.4200000000	-1.7939806843
1.4250000000	-5.7443428969
1.4300000000	-7.6261399527
1.4350000000	3.3158595736
1.4400000000	4.2809220962
1.4450000000	2.5375579128
1.4500000000	1.5579812125
1.4550000000	1.0649795443
1.4600000000	0.7942664024
1.4650000000	0.6173187283
1.4700000000	0.4800460422
1.4750000000	0.4562568147
1.4800000000	0.4877209903
1.4850000000	0.4482497470
1.4900000000	0.4121806064
1.4950000000	0.3873148101
1.5000000000	0.3700082444
1.5050000000	0.3586376311
1.5100000000	0.3512926338
1.5150000000	0.3486757216
1.5200000000	0.3477362516
1.5250000000	0.3503587823
1.5300000000	0.3573924967
1.5350000000	0.3706797944
1.5400000000	0.3940245491
1.5450000000	0.4355966844
1.5500000000	0.5135920964
1.5550000000	0.6643623225
1.5600000000	0.8924622533
1.5650000000	0.9256302538
1.5700000000	0.7074994652
1.5750000000	0.5487675142
1.5800000000	0.4719802486
1.5850000000	0.4370092790
1.5900000000	0.4226852363
1.5950000000	0.4196526312
1.6000000000	0.4236544337
1.6050000000	0.4328495729
1.6100000000	0.4460259464
1.6150000000	0.4626912521
1.6200000000	0.4829330063
1.6250000000	0.5068258807
1.6300000000	0.5346790052
1.6350000000	0.5669603973
1.6400000000	0.6042998534
1.6450000000	0.6475280123
1.6500000000	0.6977031083
1.6550000000	0.7561720499
1.6600000000	0.8246847247
1.6650000000	0.9054936875
1.6700000000	1.0006523414
1.6750000000	1.1157254741
1.6800000000	1.2552625065
1.6850000000	1.4265372636
1.6900000000	1.6397583230
1.6950000000	1.9097100694
1.7000000000	2.2582734880
1.7050000000	2.7332818205
1.7100000000	3.3854484360
1.7150000000	4.3141812508
1.7200000000	5.6951134714
1.7250000000	7.8367623104
1.7300000000	11.1518963562
1.7350000000	15.9276982773
1.7400000000	23.0410453485
1.7450000000	35.3458962867
1.7500000000	50.8006435930
1.7550000000	51.8097612272
1.7600000000	36.2648340589
1.7650000000	22.4805464439
1.7700000000	14.3182377267
1.7750000000	9.6779462015
1.7800000000	6.9258464681
1.7850000000	5.2097540273
1.7900000000	4.1012585097
1.7950000000	3.3843799312
1.8000000000	2.9458685144
1.8050000000	2.6580316398
1.8100000000	2.3061031079
1.8150000000	1.8697735509
1.8200000000	1.5220101290
1.8250000000	1.3070940003
1.8300000000	1.1461752174
1.8350000000	1.0089290245
1.8400000000	0.8958449230
1.8450000000	0.8030854886
1.8500000000	0.7256926106
1.8550000000	0.6595996763
1.8600000000	0.5960750343
1.8650000000	0.5404886017
1.8700000000	0.4814217456
1.8750000000	0.3936268950
1.8800000000	0.1967110638
1.8850000000	-0.2268831204
1.8900000000	-0.7920356707
1.8950000000	-0.8797463548
1.9000000000	0.0556023097
1.9050000000	0.9215307512
1.9100000000	1.0226942740
1.9150000000	0.8605880825
1.9200000000	0.7025652572
1.9250000000	0.5917620618
1.9300000000	0.5267305841
1.9350000000	0.4795620839
1.9400000000	0.4522486118
1.9450000000	0.4387097121
1.9500000000	0.4299010057
1.9550000000	0.4146330599
1.9600000000	0.3936018288
1.9650000000	0.3756855923
1.9700000000	0.3644919133
1.9750000000	0.3596687384
1.9800000000	0.3604851901
1.9850000000	0.3668998987
1.9900000000	0.3796381948
1.9950000000	0.3996844147
2.0000000000	0.4260613001
2.0050000000	0.4523183286
2.0100000000	0.4616943122
2.0150000000	0.4545384446
2.0200000000	0.4457631378
2.0250000000	0.4445438439
2.0300000000	0.4524046321
2.0350000000	0.4687076703
2.0400000000	0.4931557064
2.0450000000	0.5262854051
2.0500000000	0.5693550024
2.0550000000	0.6237049550
2.0600000000	0.6891343823
2.0650000000	0.7626896972
2.0700000000	0.8434576031
2.0750000000	0.9401308241
2.0800000000	1.0679556567
2.0850000000	1.2408035323
2.0900000000	1.4669651532
2.0950000000	1.7330046357
2.1000000000	1.9821176136
2.1050000000	2.1349379108
2.1100000000	2.1541090316
2.1150000000	2.1293560141
2.1200000000	2.1602200684
2.1250000000	2.2970659099
2.1300000000	2.5649140842
2.1350000000	2.9922583291
2.1400000000	3.6261435766
2.1450000000	4.5396557526
2.1500000000	5.8274274687
2.1550000000	7.5545619913
2.1600000000	9.5799314047
2.1650000000	11.2686291657
2.1700000000	11.6550947800
2.1750000000	10.4164536068
2.1800000000	8.3945197029
2.1850000000	6.4666592551
2.1900000000	4.9656584521
2.1950000000	3.8876684210
2.2000000000	3.1385995418
2.2050000000	2.6297556889
2.2100000000	2.2822043254
2.2150000000	2.0137568438
2.2200000000	1.7626376587
2.2250000000	1.5134767423
2.2300000000	1.2832677454
2.2350000000	1.0849538364
2.2400000000	0.9179899319
2.2450000000	0.7752619471
2.2500000000	0.6491282178
2.2550000000	0.5347962317
2.2600000000	0.4207351052
2.2650000000	0.3360839008
2.2700000000	0.2879436594
2.2750000000	0.2950007734
2.2800000000	0.3551365814
2.2850000000	0.4327625788
2.2900000000	0.4885974761
2.2950000000	0.5113284233
2.3000000000	0.5106837684
2.3050000000	0.4977641128
2.3100000000	0.4816049505
2.3150000000	0.4663396823
2.3200000000	0.4535892691
2.3250000000	0.4441604611
2.3300000000	0.4385663936
2.3350000000	0.4371051370
2.3400000000	0.4399413443
2.3450000000	0.4472210209
2.3500000000	0.4591199842
2.3550000000	0.4761070571
2.3600000000	0.4975374522
2.3650000000	0.5236236151
2.3700000000	0.5542353483
2.3750000000	0.5896739268
2.3800000000	0.6311785993
2.3850000000	0.6802801688
2.3900000000	0.7374596366
2.3950000000	0.8006124888
2.4000000000	0.8640426376
2.4050000000	0.9223715076
2.4100000000	0.9615933812
2.4150000000	0.9790418047
2.4200000000	0.9811250913
2.4250000000	0.9790666992
2.4300000000	0.9831806851
2.4350000000	1.0000624154
2.4400000000	1.0327455964
2.4450000000	1.0823629833
2.4500000000	1.1500593205
2.4550000000	1.2380440995
2.4600000000	1.3511464169
2.4650000000	1.4941407537
2.4700000000	1.6717014530
2.4750000000	1.8862690528
2.4800000000	2.1354199360
2.4850000000	2.4081964206
2.4900000000	2.6809124472
2.4950000000	2.9151589224
2.5000000000	3.0634843655
2.5050000000	3.0772437720
2.5100000000	2.9382030863
2.5150000000	2.6837797528
2.5200000000	2.3724146259
2.5250000000	2.0549902283
2.5300000000	1.7622607056
2.5350000000	1.5069497097
2.5400000000	1.2907051999
2.5450000000	1.1101142188
2.5500000000	0.9603725850
2.5550000000	0.8371723475
2.5600000000	0.7337716500
2.5650000000	0.6556043573
2.5700000000	0.5983800716
2.5750000000	0.5600224927
2.5800000000	0.5365615381
2.5850000000	0.5226741037
2.5900000000	0.5134185730
2.5950000000	0.5057371097
2.6000000000	0.4986129690
2.6050000000	0.4956000862
2.6100000000	0.4943316447
2.6150000000	0.4957059859
2.6200000000	0.5002031987
2.6250000000	0.5079191673
2.6300000000	0.5185842522
2.6350000000	0.5315778532
2.6400000000	0.5459494672
2.6450000000	0.5605048331
2.6500000000	0.5739942373
2.6550000000	0.5854087801
2.6600000000	0.5943077251
2.6650000000	0.6010339441
2.6700000000	0.6066595396
2.6750000000	0.6127465496
2.6800000000	0.6208049945
2.6850000000	0.6322894808
2.6900000000	0.6482506448
2.6950000000	0.6693773909
2.7000000000	0.6960387951
2.7050000000	0.7320755100
2.7100000000	0.7752664770
2.7150000000	0.8250922833
2.7200000000	0.8803821723
2.7250000000	0.9390799697
2.7300000000	0.9980394150
2.7350000000	1.0530008378
2.7400000000	1.0988980943
2.7450000000	1.1306132079
2.7500000000	1.1440637600
2.7550000000	1.1372680773
2.7600000000	1.1109039218
2.7650000000	1.0680846901
2.7700000000	1.0134802831
2.7750000000	0.9522105454
2.7800000000	0.8889419686
2.7850000000	0.8273782339
2.7900000000	0.7696556170
2.7950000000	0.7180917263
2.8000000000	0.6731606822
2.8050000000	0.6307909916
2.8100000000	0.5964488562
2.8150000000	0.5690092950
2.8200000000	0.5472692108
2.8250000000	0.5301472268
2.8300000000	0.5167507035
2.8350000000	0.5063683102
2.8400000000	0.4984247034
2.8450000000	0.4924507286
2.8500000000	0.4880749166
2.8550000000	0.4850423354
2.8600000000	0.4832351657
2.8650000000	0.4826797833
2.8700000000	0.4835232807
2.8750000000	0.4859870913
2.8800000000	0.4903059168
2.8850000000	0.4966726724
2.8900000000	0.5051952553
2.8950000000	0.5158675396
2.9000000000	0.5285453714
2.9050000000	0.5465510842
2.9100000000	0.5655831336
2.9150000000	0.5844699387
2.9200000000	0.6017403322
2.9250000000	0.6158274735
2.9300000000	0.6252933771
2.9350000000	0.6290860336
2.9400000000	0.6267535923
2.9450000000	0.6185354571
2.9500000000	0.6052965057
2.9550000000	0.5883213507
2.9600000000	0.5690535908
2.9650000000	0.5488558970
2.9700000000	0.5288509120
2.9750000000	0.5098513808
2.9800000000	0.4923670000
2.9850000000	0.4766571725
2.9900000000	0.4628004957
2.9950000000	0.4507616213
3.0000000000	0.4404449167
