# energy (eV)    P(omega), $W$ = 400 nm, $h$ = 300 nm, $s$ = 20 nm, $d/W = 250$, $E_{\rm e}$ = 200 keV
0.2000000000	0.2210430345
0.2050000000	0.2230975220
0.2100000000	0.2245237988
0.2150000000	0.2252980719
0.2200000000	0.2253865814
0.2250000000	0.2247434042
0.2300000000	0.2233077075
0.2350000000	0.2210000540
0.2400000000	0.2177180840
0.2450000000	0.2133299147
0.2500000000	0.2076664850
0.2550000000	0.2005103479
0.2600000000	0.1915811165
0.2650000000	0.2008152446
0.2700000000	0.2243249616
0.2750000000	0.2579462912
0.2800000000	0.3047564351
0.2850000000	0.3737247796
0.2900000000	0.4590923331
0.2950000000	0.5813960412
0.3000000000	0.7456743840
0.3050000000	0.9973382399
0.3100000000	1.3476257234
0.3150000000	2.0252495242
0.3200000000	3.0828190281
0.3250000000	3.8050714623
0.3300000000	4.8036573277
0.3350000000	6.2185453108
0.3400000000	8.4388269540
0.3450000000	12.2467970992
0.3500000000	19.8377203536
0.3550000000	37.4027135531
0.3600000000	91.8633002134
0.3650000000	0.4998418389
0.3700000000	42.4844876006
0.3750000000	55.8409786023
0.3800000000	25.9955430151
0.3850000000	14.6285760481
0.3900000000	9.3727342877
0.3950000000	6.5972398124
0.4000000000	4.9905731140
0.4050000000	3.9434084589
0.4100000000	3.2616622914
0.4150000000	2.8118250505
0.4200000000	2.5271149895
0.4250000000	2.3034136247
0.4300000000	2.0398943795
0.4350000000	1.8313316407
0.4400000000	1.6663430043
0.4450000000	1.5350978965
0.4500000000	1.4313882391
0.4550000000	1.3490453024
0.4600000000	1.2846765507
0.4650000000	1.2347088682
0.4700000000	1.1967737977
0.4750000000	1.1692101164
0.4800000000	1.1505678865
0.4850000000	1.1395810316
0.4900000000	1.1354935881
0.4950000000	1.1377226121
0.5000000000	1.1457688187
0.5050000000	1.1594033596
0.5100000000	1.1784370359
0.5150000000	1.2027527509
0.5200000000	1.2323911713
0.5250000000	1.2673801601
0.5300000000	1.3082385423
0.5350000000	1.3551849290
0.5400000000	1.4086274103
0.5450000000	1.4691046492
0.5500000000	1.5373834729
0.5550000000	1.6142986927
0.5600000000	1.7008706760
0.5650000000	1.7984144708
0.5700000000	1.9087449346
0.5750000000	2.0331983734
0.5800000000	2.1742948363
0.5850000000	2.3354803379
0.5900000000	2.5190566247
0.5950000000	2.7299108390
0.6000000000	2.9744983962
0.6050000000	3.2576252171
0.6100000000	3.5903866736
0.6150000000	3.9819408404
0.6200000000	4.4480485578
0.6250000000	5.0113316501
0.6300000000	5.6948000712
0.6350000000	6.5417944257
0.6400000000	7.6000307172
0.6450000000	8.9562244113
0.6500000000	10.7210074627
0.6550000000	13.0818718062
0.6600000000	16.3553572087
0.6650000000	21.0413107850
0.6700000000	28.1351084966
0.6750000000	39.5376885609
0.6800000000	59.6883733989
0.6850000000	100.1105082419
0.6900000000	200.5281858936
0.6950000000	562.6037490961
0.7000000000	2727.1688962988
0.7050000000	1325.1411982431
0.7100000000	340.2102531345
0.7150000000	144.5947468360
0.7200000000	78.9200020521
0.7250000000	49.5473711139
0.7300000000	33.9629501049
0.7350000000	24.7527050839
0.7400000000	18.8563948673
0.7450000000	14.8552808696
0.7500000000	12.0216929738
0.7550000000	9.9404739021
0.7600000000	8.3721688824
0.7650000000	7.1562787800
0.7700000000	6.1966803121
0.7750000000	5.4264618380
0.7800000000	4.8006811916
0.7850000000	4.2855038673
0.7900000000	3.8539928429
0.7950000000	3.4936412340
0.8000000000	3.1872816524
0.8050000000	2.9248436841
0.8100000000	2.7014246193
0.8150000000	2.5056293906
0.8200000000	2.3351728201
0.8250000000	2.1920588543
0.8300000000	2.0667610498
0.8350000000	1.9577943482
0.8400000000	1.8708523129
0.8450000000	1.7949245708
0.8500000000	1.7304479964
0.8550000000	1.6892912538
0.8600000000	1.6561343168
0.8650000000	1.6321107429
0.8700000000	1.6389206579
0.8750000000	1.6406111150
0.8800000000	1.6308276641
0.8850000000	1.5593845929
0.8900000000	1.2112868784
0.8950000000	-0.5293472581
0.9000000000	-9.8551481461
0.9050000000	-64.7647407140
0.9100000000	12.3184800601
0.9150000000	29.1766215314
0.9200000000	12.1055292892
0.9250000000	6.2952183070
0.9300000000	3.8420190544
0.9350000000	2.6705310178
0.9400000000	2.0389220752
0.9450000000	1.6890386636
0.9500000000	1.4409709596
0.9550000000	1.2753101927
0.9600000000	1.1733205801
0.9650000000	1.0897819742
0.9700000000	1.0310720585
0.9750000000	0.9923709939
0.9800000000	0.9709120410
0.9850000000	0.9716392469
0.9900000000	0.9891094518
0.9950000000	1.0396986848
1.0000000000	1.1524646018
1.0050000000	1.4085307536
1.0100000000	2.0740010442
1.0150000000	4.3396199675
1.0200000000	8.4472921500
1.0250000000	3.7223952788
1.0300000000	1.8154335348
1.0350000000	1.2489573865
1.0400000000	1.0262011534
1.0450000000	0.9210662273
1.0500000000	0.8672242114
1.0550000000	0.8378654514
1.0600000000	0.8230742454
1.0650000000	0.8177465100
1.0700000000	0.8190453487
1.0750000000	0.8258841813
1.0800000000	0.8364303834
1.0850000000	0.8516297883
1.0900000000	0.8743970027
1.0950000000	0.9012608186
1.1000000000	0.9324920293
1.1050000000	0.9680514046
1.1100000000	1.0085366870
1.1150000000	1.0544660405
1.1200000000	1.1064865555
1.1250000000	1.1651707657
1.1300000000	1.2319806027
1.1350000000	1.3080158953
1.1400000000	1.3948032895
1.1450000000	1.4943726974
1.1500000000	1.6084045754
1.1550000000	1.7417302117
1.1600000000	1.8978118565
1.1650000000	2.0818454260
1.1700000000	2.2982360708
1.1750000000	2.5386020755
1.1800000000	2.8068783312
1.1850000000	3.6862462543
1.1900000000	4.6145454166
1.1950000000	6.4568736232
1.2000000000	8.8873359794
1.2050000000	7.6975103368
1.2100000000	7.2744448643
1.2150000000	8.0525337204
1.2200000000	9.6058897291
1.2250000000	12.0073145456
1.2300000000	15.6653002357
1.2350000000	21.4546003686
1.2400000000	31.2068993234
1.2450000000	49.5676873182
1.2500000000	89.3219882726
1.2550000000	193.2617593395
1.2600000000	466.5707729479
1.2650000000	472.3546952285
1.2700000000	196.3686205090
1.2750000000	90.5805555339
1.2800000000	50.1246441288
1.2850000000	31.4917686701
1.2900000000	21.5606046770
1.2950000000	15.6925807361
1.3000000000	11.9537622436
1.3050000000	9.4346453105
1.3100000000	7.6558516597
1.3150000000	6.3674482260
1.3200000000	5.4083282875
1.3250000000	4.6811829279
1.3300000000	4.1262736634
1.3350000000	3.7058074705
1.3400000000	3.3980933860
1.3450000000	3.1928089949
1.3500000000	3.1036905957
1.3550000000	3.1649986971
1.3600000000	3.4707437416
1.3650000000	4.2649595865
1.3700000000	6.2329667604
1.3750000000	11.1965262436
1.3800000000	17.9985453119
1.3850000000	12.6667493055
1.3900000000	6.6026728407
1.3950000000	3.9344361730
1.4000000000	2.6314877940
1.4050000000	1.7860822603
1.4100000000	0.9483673148
1.4150000000	-0.4082183035
1.4200000000	-3.5638255868
1.4250000000	-12.0184617693
1.4300000000	-16.0750977860
1.4350000000	7.2066961616
1.4400000000	9.2552164235
1.4450000000	5.5237503179
1.4500000000	3.4188059886
1.4550000000	2.3490713215
1.4600000000	1.7422662414
1.4650000000	1.2966713509
1.4700000000	0.8679129461
1.4750000000	0.9205493686
1.4800000000	1.1822856660
1.4850000000	1.0785548431
1.4900000000	0.9691091043
1.4950000000	0.8968490191
1.5000000000	0.8484205238
1.5050000000	0.8163744660
1.5100000000	0.7948176400
1.5150000000	0.7841482090
1.5200000000	0.7769775624
1.5250000000	0.7766309549
1.5300000000	0.7839658855
1.5350000000	0.8012910854
1.5400000000	0.8337634233
1.5450000000	0.8926263819
1.5500000000	1.0030184884
1.5550000000	1.2151007002
1.5600000000	1.5346826837
1.5650000000	1.5834112218
1.5700000000	1.2861418416
1.5750000000	1.0734688192
1.5800000000	0.9757226934
1.5850000000	0.9371531559
1.5900000000	0.9285161481
1.5950000000	0.9369963933
1.6000000000	0.9568776933
1.6050000000	0.9859211366
1.6100000000	1.0225714689
1.6150000000	1.0663682246
1.6200000000	1.1178838973
1.6250000000	1.1776039100
1.6300000000	1.2464665479
1.6350000000	1.3257331993
1.6400000000	1.4170370518
1.6450000000	1.5224833203
1.6500000000	1.6447242710
1.6550000000	1.7871255782
1.6600000000	1.9540508827
1.6650000000	2.1511245025
1.6700000000	2.3836934367
1.6750000000	2.6653427043
1.6800000000	3.0077521806
1.6850000000	3.4293990601
1.6900000000	3.9564120502
1.6950000000	4.6269544969
1.7000000000	5.4981361228
1.7050000000	6.6947000217
1.7100000000	8.3546377887
1.7150000000	10.7501281780
1.7200000000	14.3698723046
1.7250000000	20.0682061691
1.7300000000	28.8470971935
1.7350000000	40.5860141338
1.7400000000	56.4018196658
1.7450000000	83.9976998187
1.7500000000	119.3562409346
1.7550000000	121.4630604555
1.7600000000	85.1467413201
1.7650000000	52.9435205008
1.7700000000	33.8562750232
1.7750000000	23.0020425463
1.7800000000	16.5772005104
1.7850000000	12.6021476033
1.7900000000	10.0938656731
1.7950000000	8.5784735809
1.8000000000	7.8222303697
1.8050000000	7.4382887994
1.8100000000	6.5611405838
1.8150000000	5.1646043373
1.8200000000	4.0499259399
1.8250000000	3.4414237902
1.8300000000	3.0050135915
1.8350000000	2.6224339530
1.8400000000	2.3092752633
1.8450000000	2.0578780548
1.8500000000	1.8528128037
1.8550000000	1.6814644699
1.8600000000	1.5214092098
1.8650000000	1.3846787886
1.8700000000	1.2441580931
1.8750000000	1.0388077993
1.8800000000	0.5707176705
1.8850000000	-0.4515679333
1.8900000000	-1.8238159065
1.8950000000	-2.0521868958
1.9000000000	0.1844424409
1.9050000000	2.2646116961
1.9100000000	2.5070637911
1.9150000000	2.1141945814
1.9200000000	1.7297889256
1.9250000000	1.4578326776
1.9300000000	1.2943515700
1.9350000000	1.1709388084
1.9400000000	1.0911288536
1.9450000000	1.0408195676
1.9500000000	1.0059400904
1.9550000000	0.9722442429
1.9600000000	0.9387825487
1.9650000000	0.9134631604
1.9700000000	0.8992316261
1.9750000000	0.8954091199
1.9800000000	0.9012775112
1.9850000000	0.9171692713
1.9900000000	0.9445358729
1.9950000000	0.9851572992
2.0000000000	1.0375831775
2.0050000000	1.0931565892
2.0100000000	1.1234379743
2.0150000000	1.1300911998
2.0200000000	1.1379334699
2.0250000000	1.1624279197
2.0300000000	1.2069359708
2.0350000000	1.2717277691
2.0400000000	1.3581622159
2.0450000000	1.4696624505
2.0500000000	1.6116309930
2.0550000000	1.7900050819
2.0600000000	2.0068006192
2.0650000000	2.2566824234
2.0700000000	2.5413858792
2.0750000000	2.8923765904
2.0800000000	3.3625116785
2.0850000000	4.0023287307
2.0900000000	4.8414171518
2.0950000000	5.8222318469
2.1000000000	6.7081808692
2.1050000000	7.1689982477
2.1100000000	7.0402801544
2.1150000000	6.6765152730
2.1200000000	6.4670658720
2.1250000000	6.5916359405
2.1300000000	7.1134884544
2.1350000000	8.0913032030
2.1400000000	9.6327568461
2.1450000000	11.9183368689
2.1500000000	15.1931720802
2.1550000000	19.6355512337
2.1600000000	24.8858163531
2.1650000000	29.2864628535
2.1700000000	30.3165041124
2.1750000000	27.1249998119
2.1800000000	21.8872507801
2.1850000000	16.8803303201
2.1900000000	12.9719739111
2.1950000000	10.1552197098
2.2000000000	8.1871125061
2.2050000000	6.8384473289
2.2100000000	5.9087626736
2.2150000000	5.1934258094
2.2200000000	4.5399473971
2.2250000000	3.9061835982
2.2300000000	3.3268293692
2.2350000000	2.8285021393
2.2400000000	2.4075030094
2.2450000000	2.0455668298
2.2500000000	1.7238548336
2.2550000000	1.4312400055
2.2600000000	1.1388788996
2.2650000000	0.9242314205
2.2700000000	0.8050892094
2.2750000000	0.8291215108
2.2800000000	0.9906958027
2.2850000000	1.1977163536
2.2900000000	1.3480675425
2.2950000000	1.4122292927
2.3000000000	1.4155669967
2.3050000000	1.3871988754
2.3100000000	1.3512023088
2.3150000000	1.3187540853
2.3200000000	1.2942391422
2.3250000000	1.2797817121
2.3300000000	1.2768375224
2.3350000000	1.2865036601
2.3400000000	1.3097011740
2.3450000000	1.3474116638
2.3500000000	1.4007247436
2.3550000000	1.4714882989
2.3600000000	1.5581932766
2.3650000000	1.6614750820
2.3700000000	1.7810029738
2.3750000000	1.9180481434
2.3800000000	2.0775173743
2.3850000000	2.2652896498
2.3900000000	2.4828105624
2.3950000000	2.7208408881
2.4000000000	2.9553471120
2.4050000000	3.1611173845
2.4100000000	3.2821183332
2.4150000000	3.3075401263
2.4200000000	3.2637899159
2.4250000000	3.1961701481
2.4300000000	3.1452255884
2.4350000000	3.1358270046
2.4400000000	3.1783484390
2.4450000000	3.2751891271
2.4500000000	3.4277258271
2.4550000000	3.6400799475
2.4600000000	3.9249546398
2.4650000000	4.2951819449
2.4700000000	4.7644038326
2.4750000000	5.3406565618
2.4800000000	6.0186464745
2.4850000000	6.7691518629
2.4900000000	7.5267430419
2.4950000000	8.1837157484
2.5000000000	8.6059001877
2.5050000000	8.6553160217
2.5100000000	8.2780362354
2.5150000000	7.5765940004
2.5200000000	6.7135092542
2.5250000000	5.8311335743
2.5300000000	5.0159864988
2.5350000000	4.3042358446
2.5400000000	3.7009937537
2.5450000000	3.1971176071
2.5500000000	2.7794863075
2.5550000000	2.4363219534
2.5600000000	2.1489083278
2.5650000000	1.9329212218
2.5700000000	1.7765467567
2.5750000000	1.6741956051
2.5800000000	1.6148501774
2.5850000000	1.5835470660
2.5900000000	1.5663005537
2.5950000000	1.5544272761
2.6000000000	1.5450954071
2.6050000000	1.5502481161
2.6100000000	1.5620461004
2.6150000000	1.5833811727
2.6200000000	1.6157845689
2.6250000000	1.6594096777
2.6300000000	1.7129732728
2.6350000000	1.7737112670
2.6400000000	1.8374000765
2.6450000000	1.8986992353
2.6500000000	1.9519644299
2.6550000000	1.9925860002
2.6600000000	2.0184495397
2.6650000000	2.0308875444
2.6700000000	2.0344122746
2.6750000000	2.0356197196
2.6800000000	2.0408975889
2.6850000000	2.0562617158
2.6900000000	2.0859446236
2.6950000000	2.1325962647
2.7000000000	2.1975291009
2.7050000000	2.2905350353
2.7100000000	2.4067955321
2.7150000000	2.5446296032
2.7200000000	2.7004514392
2.7250000000	2.8680981637
2.7300000000	3.0382159885
2.7350000000	3.1981671739
2.7400000000	3.3329253576
2.7450000000	3.4272505202
2.7500000000	3.4689018298
2.7550000000	3.4517794348
2.7600000000	3.3776135616
2.7650000000	3.2553399178
2.7700000000	3.0985522953
2.7750000000	2.9222563849
2.7800000000	2.7401892650
2.7850000000	2.5633073665
2.7900000000	2.3979581980
2.7950000000	2.2510647743
2.8000000000	2.1240618352
2.8050000000	2.0056027267
2.8100000000	1.9112039744
2.8150000000	1.8374000672
2.8200000000	1.7804454754
2.8250000000	1.7369226730
2.8300000000	1.7039543297
2.8350000000	1.6791824109
2.8400000000	1.6606417663
2.8450000000	1.6466842240
2.8500000000	1.6359912278
2.8550000000	1.6276793768
2.8600000000	1.6214139936
2.8650000000	1.6174498849
2.8700000000	1.6165472175
2.8750000000	1.6197706755
2.8800000000	1.6282433970
2.8850000000	1.6429209853
2.8900000000	1.6644308853
2.8950000000	1.6929672898
2.9000000000	1.7282374490
2.9050000000	1.7799054770
2.9100000000	1.8357799652
2.9150000000	1.8922453873
2.9200000000	1.9447399898
2.9250000000	1.9883793393
2.9300000000	2.0186430519
2.9350000000	2.0321773439
2.9400000000	2.0274523463
2.9450000000	2.0050610816
2.9500000000	1.9675229795
2.9550000000	1.9186590554
2.9600000000	1.8627944494
2.9650000000	1.8040226267
2.9700000000	1.7457131257
2.9750000000	1.6902957051
2.9800000000	1.6392763372
2.9850000000	1.5933988061
2.9900000000	1.5528556824
2.9950000000	1.5174970901
3.0000000000	1.4869978930
