# energy (eV)    P(omega), $W$ = 400 nm, $h$ = 300 nm, $s$ = 20 nm, $d/W = 100$, $E_{\rm e}$ = 200 keV
0.2000000000	0.3829088630
0.2050000000	0.3864555885
0.2100000000	0.3889148466
0.2150000000	0.3902456546
0.2200000000	0.3903897705
0.2250000000	0.3892678796
0.2300000000	0.3867747947
0.2350000000	0.3827733851
0.2400000000	0.3770865390
0.2450000000	0.3694863914
0.2500000000	0.3596805998
0.2550000000	0.3472932873
0.2600000000	0.3318395285
0.2650000000	0.3478068706
0.2700000000	0.3884672450
0.2750000000	0.4466158495
0.2800000000	0.5275739534
0.2850000000	0.6468535886
0.2900000000	0.7944911212
0.2950000000	1.0060044849
0.3000000000	1.2901037925
0.3050000000	1.7253205806
0.3100000000	2.3310802544
0.3150000000	3.5029093963
0.3200000000	5.3317480322
0.3250000000	6.5806367306
0.3300000000	8.3073370425
0.3350000000	10.7538673982
0.3400000000	14.5930207910
0.3450000000	21.1774413940
0.3500000000	34.3029929590
0.3550000000	64.6745921625
0.3600000000	158.8415331910
0.3650000000	0.8618071269
0.3700000000	73.4597567854
0.3750000000	96.5517130893
0.3800000000	44.9472162625
0.3850000000	25.2932449350
0.3900000000	16.2057291095
0.3950000000	11.4068439430
0.4000000000	8.6288962525
0.4050000000	6.8183466339
0.4100000000	5.6396098252
0.4150000000	4.8618435908
0.4200000000	4.3695800192
0.4250000000	3.9828031061
0.4300000000	3.5271901196
0.4350000000	3.1665947350
0.4400000000	2.8813387495
0.4450000000	2.6544234965
0.4500000000	2.4751151556
0.4550000000	2.3327494480
0.4600000000	2.2214595363
0.4650000000	2.1350677421
0.4700000000	2.0694804186
0.4750000000	2.0218227623
0.4800000000	1.9895916591
0.4850000000	1.9705952423
0.4900000000	1.9635269998
0.4950000000	1.9673801697
0.5000000000	1.9812906542
0.5050000000	2.0048635942
0.5100000000	2.0377712763
0.5150000000	2.0798118263
0.5200000000	2.1310550722
0.5250000000	2.1915503744
0.5300000000	2.2621925357
0.5350000000	2.3433621395
0.5400000000	2.4357633836
0.5450000000	2.5403297151
0.5500000000	2.6583838435
0.5550000000	2.7913718376
0.5600000000	2.9410576647
0.5650000000	3.1097146517
0.5700000000	3.3004812503
0.5750000000	3.5156692300
0.5800000000	3.7596352268
0.5850000000	4.0383374787
0.5900000000	4.3557563935
0.5950000000	4.7203436919
0.6000000000	5.1432625804
0.6050000000	5.6328225113
0.6100000000	6.2082092950
0.6150000000	6.8852603170
0.6200000000	7.6912303627
0.6250000000	8.6652363841
0.6300000000	9.8470690728
0.6350000000	11.3116778962
0.6400000000	13.1415666491
0.6450000000	15.4867015537
0.6500000000	18.5383927628
0.6550000000	22.6208555800
0.6600000000	28.2814806259
0.6650000000	36.3846514736
0.6700000000	48.6516621847
0.6750000000	68.3698104603
0.6800000000	103.2160620172
0.6850000000	173.1178512027
0.6900000000	346.7709935621
0.6950000000	972.9159835417
0.7000000000	4716.1819582387
0.7050000000	2291.6428964364
0.7100000000	588.3539022079
0.7150000000	250.0637208340
0.7200000000	136.4874462804
0.7250000000	85.6907309965
0.7300000000	58.7390190221
0.7350000000	42.8107139640
0.7400000000	32.6134962793
0.7450000000	25.6938311325
0.7500000000	20.7932965902
0.7550000000	17.1939217732
0.7600000000	14.4815985032
0.7650000000	12.3787459748
0.7700000000	10.7191365445
0.7750000000	9.3870537377
0.7800000000	8.3047709778
0.7850000000	7.4137734318
0.7900000000	6.6674751734
0.7950000000	6.0442478569
0.8000000000	5.5144000204
0.8050000000	5.0605161560
0.8100000000	4.6741181748
0.8150000000	4.3354963152
0.8200000000	4.0406998751
0.8250000000	3.7931994406
0.8300000000	3.5765152720
0.8350000000	3.3880785510
0.8400000000	3.2377449541
0.8450000000	3.1064652502
0.8500000000	2.9949953784
0.8550000000	2.9238785288
0.8600000000	2.8666037362
0.8650000000	2.8251324686
0.8700000000	2.8370268281
0.8750000000	2.8400579540
0.8800000000	2.8232185433
0.8850000000	2.6996197910
0.8900000000	2.0970147977
0.8950000000	-0.9166293207
0.9000000000	-17.0635418337
0.9050000000	-112.1378090445
0.9100000000	21.3314591584
0.9150000000	50.5226045821
0.9200000000	20.9631508932
0.9250000000	10.9021303002
0.9300000000	6.6541582160
0.9350000000	4.6256052231
0.9400000000	3.5319350974
0.9450000000	2.9261401285
0.9500000000	2.4966569132
0.9550000000	2.2098982003
0.9600000000	2.0334330293
0.9650000000	1.8889452032
0.9700000000	1.7874986265
0.9750000000	1.7207746620
0.9800000000	1.6840155853
0.9850000000	1.6858553647
0.9900000000	1.7169760762
0.9950000000	1.8059913452
1.0000000000	2.0038254289
1.0050000000	2.4525989426
1.0100000000	3.6187988456
1.0150000000	7.5899678548
1.0200000000	14.7955767937
1.0250000000	6.5155248309
1.0300000000	3.1715287768
1.0350000000	2.1778107426
1.0400000000	1.7869082797
1.0450000000	1.6023227453
1.0500000000	1.5076888089
1.0550000000	1.4560212318
1.0600000000	1.4298942720
1.0650000000	1.4203450017
1.0700000000	1.4223938779
1.0750000000	1.4341179622
1.0800000000	1.4523279226
1.0850000000	1.4786452683
1.0900000000	1.5181190308
1.0950000000	1.5647248283
1.1000000000	1.6189217233
1.1050000000	1.6806476600
1.1100000000	1.7509328844
1.1150000000	1.8306767929
1.1200000000	1.9210003927
1.1250000000	2.0228904870
1.1300000000	2.1388919497
1.1350000000	2.2709060501
1.1400000000	2.4215799748
1.1450000000	2.5944302534
1.1500000000	2.7923470521
1.1550000000	3.0237038685
1.1600000000	3.2944314863
1.1650000000	3.6133229433
1.1700000000	3.9873299053
1.1750000000	4.3989113206
1.1800000000	4.8509351746
1.1850000000	6.4087668364
1.1900000000	8.0168102639
1.1950000000	11.1961651710
1.2000000000	15.3960635427
1.2050000000	13.3486946924
1.2100000000	12.6282324729
1.2150000000	13.9855203642
1.2200000000	16.6868088532
1.2250000000	20.8605289776
1.2300000000	27.2172011515
1.2350000000	37.2771451116
1.2400000000	54.2233883556
1.2450000000	86.1285837609
1.2500000000	155.2100122963
1.2550000000	335.8309576007
1.2600000000	810.7878295500
1.2650000000	820.8709580087
1.2700000000	341.2702513737
1.2750000000	157.4289397246
1.2800000000	87.1222235208
1.2850000000	54.7404439417
1.2900000000	37.4811955927
1.2950000000	27.2833504760
1.3000000000	20.7860105069
1.3050000000	16.4086006575
1.3100000000	13.3180580065
1.3150000000	11.0800647933
1.3200000000	9.4147244287
1.3250000000	8.1530544644
1.3300000000	7.1914284854
1.3350000000	6.4644680586
1.3400000000	5.9349784988
1.3450000000	5.5858807429
1.3500000000	5.4426178583
1.3550000000	5.5678067415
1.3600000000	6.1315249168
1.3650000000	7.5741237204
1.3700000000	11.1313130052
1.3750000000	20.0871034955
1.3800000000	32.3544356938
1.3850000000	22.7484315812
1.3900000000	11.8245096469
1.3950000000	7.0232571851
1.4000000000	4.6856125422
1.4050000000	3.1788155110
1.4100000000	1.7010719348
1.4150000000	-0.6713033651
1.4200000000	-6.1686427670
1.4250000000	-20.8812257773
1.4300000000	-27.9430644387
1.4350000000	12.5535373376
1.4400000000	16.1154410669
1.4450000000	9.6222825533
1.4500000000	5.9585683596
1.4550000000	4.0954178178
1.4600000000	3.0361245929
1.4650000000	2.2522450322
1.4700000000	1.4888562427
1.4750000000	1.5937644876
1.4800000000	2.0742022163
1.4850000000	1.8912790443
1.4900000000	1.6967538343
1.4950000000	1.5686323498
1.5000000000	1.4829691501
1.5050000000	1.4262971725
1.5100000000	1.3881380441
1.5150000000	1.3690475152
1.5200000000	1.3560858959
1.5250000000	1.3549703814
1.5300000000	1.3671174429
1.5350000000	1.3964197068
1.5400000000	1.4516339455
1.5450000000	1.5518733574
1.5500000000	1.7398891666
1.5550000000	2.1009784346
1.5600000000	2.6449647668
1.5650000000	2.7281625000
1.5700000000	2.2230865918
1.5750000000	1.8621685891
1.5800000000	1.6968972653
1.5850000000	1.6324279950
1.5900000000	1.6190287545
1.5950000000	1.6349166687
1.6000000000	1.6703912659
1.6050000000	1.7216795923
1.6100000000	1.7861507568
1.6150000000	1.8630494000
1.6200000000	1.9533998998
1.6250000000	2.0580730552
1.6300000000	2.1787256264
1.6350000000	2.3175747295
1.6400000000	2.4774871413
1.6450000000	2.6621575716
1.6500000000	2.8762367011
1.6550000000	3.1256280577
1.6600000000	3.4179819652
1.6650000000	3.7631636083
1.6700000000	4.1705735488
1.6750000000	4.6640079698
1.6800000000	5.2639861368
1.6850000000	6.0029473052
1.6900000000	6.9267885396
1.6950000000	8.1025738635
1.7000000000	9.6307314306
1.7050000000	11.7306096597
1.7100000000	14.6454261305
1.7150000000	18.8550428161
1.7200000000	25.2218585312
1.7250000000	35.2530725545
1.7300000000	50.7029642641
1.7350000000	71.2723351948
1.7400000000	98.8073660139
1.7450000000	146.8780390898
1.7500000000	208.5500751392
1.7550000000	212.1967581746
1.7600000000	148.7629857053
1.7650000000	92.5158970288
1.7700000000	59.1764089199
1.7750000000	40.2176552289
1.7800000000	28.9975400863
1.7850000000	22.0598265323
1.7900000000	17.6898463162
1.7950000000	15.0638406978
1.8000000000	13.7774892550
1.8050000000	13.1439192947
1.8100000000	11.6053251691
1.8150000000	9.1187066106
1.8200000000	7.1337336166
1.8250000000	6.0573952515
1.8300000000	5.2874817369
1.8350000000	4.6114888963
1.8400000000	4.0583956426
1.8450000000	3.6149592539
1.8500000000	3.2537288945
1.8550000000	2.9522618556
1.8600000000	2.6711209314
1.8650000000	2.4311913861
1.8700000000	2.1850175031
1.8750000000	1.8258075401
1.8800000000	1.0072315816
1.8850000000	-0.7808503615
1.8900000000	-3.1814366454
1.8950000000	-3.5821010761
1.9000000000	0.3281411489
1.9050000000	3.9657291967
1.9100000000	4.3897863594
1.9150000000	3.7026388081
1.9200000000	3.0301935967
1.9250000000	2.5543472900
1.9300000000	2.2681461273
1.9350000000	2.0519191222
1.9400000000	1.9118033688
1.9450000000	1.8231623768
1.9500000000	1.7616803413
1.9550000000	1.7029028058
1.9600000000	1.6450362332
1.9650000000	1.6013917213
1.9700000000	1.5768986272
1.9750000000	1.5703581975
1.9800000000	1.5805099556
1.9850000000	1.6078842011
1.9900000000	1.6549079063
1.9950000000	1.7245697065
2.0000000000	1.8144361712
2.0050000000	1.9103046933
2.0100000000	1.9641008096
2.0150000000	1.9788172060
2.0200000000	1.9962842837
2.0250000000	2.0426108956
2.0300000000	2.1236229194
2.0350000000	2.2400284847
2.0400000000	2.3944726563
2.0450000000	2.5932057572
2.0500000000	2.8459698222
2.0550000000	3.1634842961
2.0600000000	3.5496029457
2.0650000000	3.9952405214
2.0700000000	4.5039341488
2.0750000000	5.1319695194
2.0800000000	5.9736921869
2.0850000000	7.1195262601
2.0900000000	8.6223754112
2.0950000000	10.3785518954
2.1000000000	11.9622048809
2.1050000000	12.7788894537
2.1100000000	12.5320148719
2.1150000000	11.8582377581
2.1200000000	11.4565558710
2.1250000000	11.6482266003
2.1300000000	12.5441194887
2.1350000000	14.2454725246
2.1400000000	16.9396215733
2.1450000000	20.9423344776
2.1500000000	26.6839198761
2.1550000000	34.4784475391
2.1600000000	43.6951019325
2.1650000000	51.4225018085
2.1700000000	53.2329117667
2.1750000000	47.6312230561
2.1800000000	38.4357723475
2.1850000000	29.6442954548
2.1900000000	22.7805400313
2.1950000000	17.8324691876
2.2000000000	14.3735810801
2.2050000000	12.0014939463
2.2100000000	10.3649909263
2.2150000000	9.1062716901
2.2200000000	7.9589598464
2.2250000000	6.8487146138
2.2300000000	5.8348776164
2.2350000000	4.9630096908
2.2400000000	4.2262311700
2.2450000000	3.5925149172
2.2500000000	3.0289563207
2.2550000000	2.5162333760
2.2600000000	2.0039089494
2.2650000000	1.6281575041
2.2700000000	1.4200929349
2.2750000000	1.4632077113
2.2800000000	1.7475719293
2.2850000000	2.1116570278
2.2900000000	2.3763206833
2.2950000000	2.4897792684
2.3000000000	2.4965458716
2.3050000000	2.4477268304
2.3100000000	2.3855327974
2.3150000000	2.3295373974
2.3200000000	2.2874270783
2.3250000000	2.2629915841
2.3300000000	2.2588927766
2.3350000000	2.2771654796
2.3400000000	2.3195166565
2.3450000000	2.3877489249
2.3500000000	2.4838465976
2.3550000000	2.6111204775
2.3600000000	2.7669355773
2.3650000000	2.9524112247
2.3700000000	3.1669602723
2.3750000000	3.4128725337
2.3800000000	3.6989597152
2.3850000000	4.0357713817
2.3900000000	4.4258661675
2.3950000000	4.8525730541
2.4000000000	5.2725897564
2.4050000000	5.6403003855
2.4100000000	5.8549700284
2.4150000000	5.8971392920
2.4200000000	5.8143264789
2.4250000000	5.6879906121
2.4300000000	5.5909553044
2.4350000000	5.5677984916
2.4400000000	5.6370062191
2.4450000000	5.8026929700
2.4500000000	6.0670488221
2.4550000000	6.4370941968
2.4600000000	6.9351341186
2.4650000000	7.5837393007
2.4700000000	8.4070330313
2.4750000000	9.4193222059
2.4800000000	10.6114530356
2.4850000000	11.9320942970
2.4900000000	13.2660575743
2.4950000000	14.4235303502
2.5000000000	15.1679654696
2.5050000000	15.2560438457
2.5100000000	14.5924294369
2.5150000000	13.3575647965
2.5200000000	11.8376970505
2.5250000000	10.2836160149
2.5300000000	8.8478184090
2.5350000000	7.5940798277
2.5400000000	6.5314582941
2.5450000000	5.6438843120
2.5500000000	4.9082759083
2.5550000000	4.3039105206
2.5600000000	3.7978286302
2.5650000000	3.4176984643
2.5700000000	3.1427243672
2.5750000000	2.9630792366
2.5800000000	2.8593561011
2.5850000000	2.8051769112
2.5900000000	2.7758756507
2.5950000000	2.7561323942
2.6000000000	2.7409570078
2.6050000000	2.7516246928
2.6100000000	2.7741977195
2.6150000000	2.8138260000
2.6200000000	2.8732414868
2.6250000000	2.9527039497
2.6300000000	3.0498890084
2.6350000000	3.1598014559
2.6400000000	3.2748068676
2.6450000000	3.3852462938
2.6500000000	3.4809127904
2.6550000000	3.5534635759
2.6600000000	3.5990658287
2.6650000000	3.6201118881
2.6700000000	3.6247376911
2.6750000000	3.6248361216
2.6800000000	3.6319220464
2.6850000000	3.6568327264
2.6900000000	3.7071796086
2.6950000000	3.7877161181
2.7000000000	3.9007890679
2.7050000000	4.0635141043
2.7100000000	4.2675820965
2.7150000000	4.5100036731
2.7200000000	4.7844259963
2.7250000000	5.0799443353
2.7300000000	5.3800222637
2.7350000000	5.6623218965
2.7400000000	5.9002826943
2.7450000000	6.0669622133
2.7500000000	6.1407138761
2.7550000000	6.1107346708
2.7600000000	5.9800541866
2.7650000000	5.7644367786
2.7700000000	5.4878817639
2.7750000000	5.1768908489
2.7800000000	4.8557321282
2.7850000000	4.5437671653
2.7900000000	4.2522112318
2.7950000000	3.9933053138
2.8000000000	3.7695843938
2.8050000000	3.5610836872
2.8100000000	3.3951331824
2.8150000000	3.2655910307
2.8200000000	3.1658126753
2.8250000000	3.0897336869
2.8300000000	3.0322413525
2.8350000000	2.9891398164
2.8400000000	2.9569271181
2.8450000000	2.9326605401
2.8500000000	2.9139862801
2.8550000000	2.8993277633
2.8600000000	2.8880957434
2.8650000000	2.8807634776
2.8700000000	2.8787106711
2.8750000000	2.8838692888
2.8800000000	2.8982747827
2.8850000000	2.9236595358
2.8900000000	2.9611692841
2.8950000000	3.0111735805
2.9000000000	3.0731703012
2.9050000000	3.1642099755
2.9100000000	3.2628225597
2.9150000000	3.3626021249
2.9200000000	3.4554672519
2.9250000000	3.5327575226
2.9300000000	3.5864589369
2.9350000000	3.6106184053
2.9400000000	3.6025115311
2.9450000000	3.5631716061
2.9500000000	3.4970461115
2.9550000000	3.4108846382
2.9600000000	3.3123330051
2.9650000000	3.2086297126
2.9700000000	3.1057306170
2.9750000000	3.0079291226
2.9800000000	2.9178856317
2.9850000000	2.8369089791
2.9900000000	2.7653349411
2.9950000000	2.7028940780
3.0000000000	2.6490055167
