# energy (eV)    P(omega), $W$ = 400 nm, $h$ = 300 nm, $s$ = 20 nm, $d/W = 5$, $E_{\rm e}$ = 200 keV
0.2000000000	0.0747343140
0.2050000000	0.0754328159
0.2100000000	0.0759094273
0.2150000000	0.0761562580
0.2200000000	0.0761620051
0.2250000000	0.0759110606
0.2300000000	0.0753827129
0.2350000000	0.0745498107
0.2400000000	0.0733772502
0.2450000000	0.0718197700
0.2500000000	0.0698192470
0.2550000000	0.0673009439
0.2600000000	0.0641683634
0.2650000000	0.0673617487
0.2700000000	0.0755140299
0.2750000000	0.0871668082
0.2800000000	0.1033801968
0.2850000000	0.1272553588
0.2900000000	0.1567782112
0.2950000000	0.1990499154
0.3000000000	0.2557860289
0.3050000000	0.3426589989
0.3100000000	0.4634868654
0.3150000000	0.6971761602
0.3200000000	1.0616474142
0.3250000000	1.3099578428
0.3300000000	1.6531087780
0.3350000000	2.1390826523
0.3400000000	2.9014380387
0.3450000000	4.2085259668
0.3500000000	6.8133369877
0.3550000000	12.8384879808
0.3600000000	31.5125116057
0.3650000000	0.1943803584
0.3700000000	14.5465572100
0.3750000000	19.1105117275
0.3800000000	8.8890094984
0.3850000000	4.9976501552
0.3900000000	3.1990295305
0.3950000000	2.2494974530
0.4000000000	1.6999483774
0.4050000000	1.3418606617
0.4100000000	1.1087287112
0.4150000000	0.9548463697
0.4200000000	0.8573314043
0.4250000000	0.7806856830
0.4300000000	0.6906434736
0.4350000000	0.6193797680
0.4400000000	0.5629941207
0.4450000000	0.5181230964
0.4500000000	0.4826389917
0.4550000000	0.4544350549
0.4600000000	0.4323478920
0.4650000000	0.4151572386
0.4700000000	0.4020532196
0.4750000000	0.3924661691
0.4800000000	0.3859001175
0.4850000000	0.3819219504
0.4900000000	0.3802714906
0.4950000000	0.3807480185
0.5000000000	0.3831787794
0.5050000000	0.3874830696
0.5100000000	0.3935931354
0.5150000000	0.4014664972
0.5200000000	0.4111127403
0.5250000000	0.4225376094
0.5300000000	0.4359112264
0.5350000000	0.4513027981
0.5400000000	0.4688443428
0.5450000000	0.4887120651
0.5500000000	0.5111567806
0.5550000000	0.5364523019
0.5600000000	0.5649331401
0.5650000000	0.5970309024
0.5700000000	0.6333430883
0.5750000000	0.6743062120
0.5800000000	0.7207491338
0.5850000000	0.7738065642
0.5900000000	0.8342301366
0.5950000000	0.9036282063
0.6000000000	0.9841247660
0.6050000000	1.0772919856
0.6100000000	1.1867811561
0.6150000000	1.3155947289
0.6200000000	1.4689111247
0.6250000000	1.6541646662
0.6300000000	1.8789014493
0.6350000000	2.1573616276
0.6400000000	2.5051979750
0.6450000000	2.9508896021
0.6500000000	3.5307321554
0.6550000000	4.3062609462
0.6600000000	5.3813560970
0.6650000000	6.9199926924
0.6700000000	9.2487383119
0.6750000000	12.9910987030
0.6800000000	19.6031058942
0.6850000000	32.8635711029
0.6900000000	65.7976168506
0.6950000000	184.5170226935
0.7000000000	894.0139216656
0.7050000000	434.2024309489
0.7100000000	111.4229081804
0.7150000000	47.3342948200
0.7200000000	25.8229608742
0.7250000000	16.2044476973
0.7300000000	11.1022996352
0.7350000000	8.0876630750
0.7400000000	6.1581590516
0.7450000000	4.8491349883
0.7500000000	3.9222841737
0.7550000000	3.2416768511
0.7600000000	2.7289063857
0.7650000000	2.3314432062
0.7700000000	2.0178229286
0.7750000000	1.7661428412
0.7800000000	1.5616954834
0.7850000000	1.3934085432
0.7900000000	1.2524776673
0.7950000000	1.1347996671
0.8000000000	1.0347654643
0.8050000000	0.9490833090
0.8100000000	0.8761409944
0.8150000000	0.8122248180
0.8200000000	0.7565833500
0.8250000000	0.7098510484
0.8300000000	0.6689316957
0.8350000000	0.6333376478
0.8400000000	0.6048982563
0.8450000000	0.5800470089
0.8500000000	0.5589209066
0.8550000000	0.5453387827
0.8600000000	0.5343523041
0.8650000000	0.5263258219
0.8700000000	0.5282363019
0.8750000000	0.5285115809
0.8800000000	0.5251282535
0.8850000000	0.5020060680
0.8900000000	0.3902931798
0.8950000000	-0.1673574175
0.9000000000	-3.1530707922
0.9050000000	-20.7245179865
0.9100000000	3.9390486869
0.9150000000	9.3277837145
0.9200000000	3.8688527552
0.9250000000	2.0115632576
0.9300000000	1.2277271420
0.9350000000	0.8535890009
0.9400000000	0.6519935648
0.9450000000	0.5404091661
0.9500000000	0.4614312071
0.9550000000	0.4088347965
0.9600000000	0.3766354307
0.9650000000	0.3504744591
0.9700000000	0.3324138421
0.9750000000	0.3209917317
0.9800000000	0.3154544804
0.9850000000	0.3175880797
0.9900000000	0.3261026002
0.9950000000	0.3470461257
1.0000000000	0.3916311921
1.0050000000	0.4909322610
1.0100000000	0.7475805118
1.0150000000	1.6179969620
1.0200000000	3.1889672165
1.0250000000	1.3733362308
1.0300000000	0.6430314096
1.0350000000	0.4263878337
1.0400000000	0.3411341337
1.0450000000	0.3006990657
1.0500000000	0.2796619466
1.0550000000	0.2678938486
1.0600000000	0.2615463846
1.0650000000	0.2586672843
1.0700000000	0.2581707417
1.0750000000	0.2596107576
1.0800000000	0.2623367757
1.0850000000	0.2666028862
1.0900000000	0.2732889025
1.0950000000	0.2812960571
1.1000000000	0.2907022811
1.1050000000	0.3014693918
1.1100000000	0.3137844413
1.1150000000	0.3277995902
1.1200000000	0.3437118657
1.1250000000	0.3617056636
1.1300000000	0.3822149987
1.1350000000	0.4055951881
1.1400000000	0.4323108433
1.1450000000	0.4630038566
1.1500000000	0.4982256479
1.1550000000	0.5394821217
1.1600000000	0.5879390950
1.1650000000	0.6454695901
1.1700000000	0.7141852589
1.1750000000	0.7947252539
1.1800000000	0.8919340215
1.1850000000	1.1273734175
1.1900000000	1.4205431841
1.1950000000	2.0169827844
1.2000000000	2.7968123357
1.2050000000	2.4004619963
1.2100000000	2.2477149546
1.2150000000	2.4775607766
1.2200000000	2.9496459630
1.2250000000	3.6831964832
1.2300000000	4.8020646996
1.2350000000	6.5734582623
1.2400000000	9.5574491666
1.2450000000	15.1747435842
1.2500000000	27.3346805296
1.2550000000	59.1197448122
1.2600000000	142.6675683298
1.2650000000	144.3718255384
1.2700000000	59.9891324374
1.2750000000	27.6563627230
1.2800000000	15.2945364643
1.2850000000	9.6020445459
1.2900000000	6.5682658228
1.2950000000	4.7756547805
1.3000000000	3.6332480202
1.3050000000	2.8631291666
1.3100000000	2.3187944415
1.3150000000	1.9238172959
1.3200000000	1.6288763154
1.3250000000	1.4040578527
1.3300000000	1.2308566305
1.3350000000	1.0973082723
1.3400000000	0.9960951940
1.3450000000	0.9228787073
1.3500000000	0.8796866324
1.3550000000	0.8727334230
1.3600000000	0.9214824008
1.3650000000	1.0780197009
1.3700000000	1.4898841646
1.3750000000	2.5503154779
1.3800000000	4.0106240360
1.3850000000	2.8512925778
1.3900000000	1.5316550853
1.3950000000	0.9437763431
1.4000000000	0.6472835188
1.4050000000	0.4412675742
1.4100000000	0.2161127906
1.4150000000	-0.1767741701
1.4200000000	-1.1195291027
1.4250000000	-3.6671858068
1.4300000000	-4.8855541139
1.4350000000	2.1538914048
1.4400000000	2.7747092693
1.4450000000	1.6500904623
1.4500000000	1.0169608070
1.4550000000	0.6969313783
1.4600000000	0.5187080926
1.4650000000	0.3960231420
1.4700000000	0.2903989802
1.4750000000	0.2881001272
1.4800000000	0.3328921220
1.4850000000	0.3049441405
1.4900000000	0.2775425673
1.4950000000	0.2590318268
1.5000000000	0.2463573856
1.5050000000	0.2379617834
1.5100000000	0.2323792952
1.5150000000	0.2299150341
1.5200000000	0.2284681553
1.5250000000	0.2291400406
1.5300000000	0.2323091781
1.5350000000	0.2388677434
1.5400000000	0.2507196074
1.5450000000	0.2719807208
1.5500000000	0.3118318008
1.5550000000	0.3885978203
1.5600000000	0.5044705597
1.5650000000	0.5216746326
1.5700000000	0.4123368607
1.5750000000	0.3334525417
1.5800000000	0.2962230471
1.5850000000	0.2803402168
1.5900000000	0.2751233854
1.5950000000	0.2758723924
1.6000000000	0.2804696879
1.6050000000	0.2880408144
1.6100000000	0.2979958465
1.6150000000	0.3101248397
1.6200000000	0.3245539104
1.6250000000	0.3413879760
1.6300000000	0.3608739350
1.6350000000	0.3833575688
1.6400000000	0.4092913681
1.6450000000	0.4392647019
1.6500000000	0.4740217998
1.6550000000	0.5145085894
1.6600000000	0.5619513689
1.6650000000	0.6179295564
1.6700000000	0.6839141774
1.6750000000	0.7637609551
1.6800000000	0.8607036753
1.6850000000	0.9798842256
1.6900000000	1.1285460544
1.6950000000	1.3172241456
1.7000000000	1.5615956991
1.7050000000	1.8959118553
1.7100000000	2.3572879462
1.7150000000	3.0186975130
1.7200000000	4.0101478641
1.7250000000	5.5594474952
1.7300000000	7.9520677267
1.7350000000	11.2746447160
1.7400000000	15.9953465572
1.7450000000	24.1950549684
1.7500000000	34.5918174264
1.7550000000	35.2476046358
1.7600000000	24.6921400739
1.7650000000	15.3297981036
1.7700000000	9.7824330554
1.7750000000	6.6275693024
1.7800000000	4.7573611174
1.7850000000	3.5943062479
1.7900000000	2.8493659403
1.7950000000	2.3791719333
1.8000000000	2.1101620302
1.8050000000	1.9457680732
1.8100000000	1.6998993774
1.8150000000	1.3610431709
1.8200000000	1.0911248533
1.8250000000	0.9339784944
1.8300000000	0.8183194666
1.8350000000	0.7181697160
1.8400000000	0.6357927955
1.8450000000	0.5688407593
1.8500000000	0.5135448487
1.8550000000	0.4668155593
1.8600000000	0.4225154643
1.8650000000	0.3843165449
1.8700000000	0.3444693059
1.8750000000	0.2855047794
1.8800000000	0.1509117356
1.8850000000	-0.1423501566
1.8900000000	-0.5353843698
1.8950000000	-0.5990642387
1.9000000000	0.0452470120
1.9050000000	0.6431878301
1.9100000000	0.7127860100
1.9150000000	0.6001037354
1.9200000000	0.4900169420
1.9250000000	0.4123419502
1.9300000000	0.3659605455
1.9350000000	0.3313086540
1.9400000000	0.3095004774
1.9450000000	0.2964347625
1.9500000000	0.2874527364
1.9550000000	0.2774683834
1.9600000000	0.2664496304
1.9650000000	0.2577501103
1.9700000000	0.2526745513
1.9750000000	0.2510282474
1.9800000000	0.2525529243
1.9850000000	0.2573623381
1.9900000000	0.2659736349
1.9950000000	0.2790204560
2.0000000000	0.2959506976
2.0050000000	0.3131781335
2.0100000000	0.3206362486
2.0150000000	0.3187140448
2.0200000000	0.3163362270
2.0250000000	0.3189966925
2.0300000000	0.3277017583
2.0350000000	0.3422353861
2.0400000000	0.3626536311
2.0450000000	0.3895952662
2.0500000000	0.4242202957
2.0550000000	0.4677635203
2.0600000000	0.5203459196
2.0650000000	0.5801016421
2.0700000000	0.6468496437
2.0750000000	0.7278851438
2.0800000000	0.8357371940
2.0850000000	0.9820762148
2.0900000000	1.1737934159
2.0950000000	1.3985974062
2.1000000000	1.6053357893
2.1050000000	1.7225995338
2.1100000000	1.7157713382
2.1150000000	1.6634402232
2.1200000000	1.6523189226
2.1250000000	1.7242840691
2.1300000000	1.8971531171
2.1350000000	2.1896916691
2.1400000000	2.6341251773
2.1450000000	3.2820390208
2.1500000000	4.2015368984
2.1550000000	5.4406093038
2.1600000000	6.8985826749
2.1650000000	8.1174851637
2.1700000000	8.4003411531
2.1750000000	7.5126757104
2.1800000000	6.0590889945
2.1850000000	4.6713410187
2.1900000000	3.5897419344
2.1950000000	2.8120751854
2.2000000000	2.2708835435
2.2050000000	1.9025053635
2.2100000000	1.6503617741
2.2150000000	1.4557262438
2.2200000000	1.2744906511
2.2250000000	1.0954301681
2.2300000000	0.9302759574
2.2350000000	0.7879847870
2.2400000000	0.6680452434
2.2450000000	0.5653386360
2.2500000000	0.4744066783
2.2550000000	0.3918680583
2.2600000000	0.3094358656
2.2650000000	0.2483446880
2.2700000000	0.2137049029
2.2750000000	0.2190339867
2.2800000000	0.2628279736
2.2850000000	0.3193170108
2.2900000000	0.3599701894
2.2950000000	0.3765318020
2.3000000000	0.3760689758
2.3050000000	0.3666884818
2.3100000000	0.3551925845
2.3150000000	0.3447897173
2.3200000000	0.3367261942
2.3250000000	0.3314868069
2.3300000000	0.3292908127
2.3350000000	0.3302632093
2.3400000000	0.3345184586
2.3450000000	0.3422152426
2.3500000000	0.3535578351
2.3550000000	0.3689710977
2.3600000000	0.3880226059
2.3650000000	0.4108969629
2.3700000000	0.4375207174
2.3750000000	0.4681795827
2.3800000000	0.5039557733
2.3850000000	0.5461554036
2.3900000000	0.5951356321
2.3950000000	0.6489508275
2.4000000000	0.7024656164
2.4050000000	0.7505578382
2.4100000000	0.7809613339
2.4150000000	0.7913481115
2.4200000000	0.7874464158
2.4250000000	0.7791559159
2.4300000000	0.7754505425
2.4350000000	0.7819704569
2.4400000000	0.8012328172
2.4450000000	0.8340652010
2.4500000000	0.8811790688
2.4550000000	0.9440183826
2.4600000000	1.0260823685
2.4650000000	1.1308483420
2.4700000000	1.2618444816
2.4750000000	1.4210105954
2.4800000000	1.6066813246
2.4850000000	1.8107867962
2.4900000000	2.0156308740
2.4950000000	2.1923249569
2.5000000000	2.3050409332
2.5050000000	2.3169823032
2.5100000000	2.2140813918
2.5150000000	2.0242030176
2.5200000000	1.7911674468
2.5250000000	1.5532350508
2.5300000000	1.3335958350
2.5350000000	1.1418942193
2.5400000000	0.9794358478
2.5450000000	0.8437068848
2.5500000000	0.7311350221
2.5550000000	0.6385139496
2.5600000000	0.5607895355
2.5650000000	0.5021095018
2.5700000000	0.4592718712
2.5750000000	0.4307473220
2.5800000000	0.4135696038
2.5850000000	0.4037392103
2.5900000000	0.3975346437
2.5950000000	0.3926531179
2.6000000000	0.3883345656
2.6050000000	0.3874601269
2.6100000000	0.3880944187
2.6150000000	0.3909280694
2.6200000000	0.3963250648
2.6250000000	0.4043392318
2.6300000000	0.4147171303
2.6350000000	0.4268996249
2.6400000000	0.4400324548
2.6450000000	0.4530384329
2.6500000000	0.4647825180
2.6550000000	0.4743395788
2.6600000000	0.4812923223
2.6650000000	0.4859282356
2.6700000000	0.4891915629
2.6750000000	0.4924659625
2.6800000000	0.4970915499
2.6850000000	0.5043512856
2.6900000000	0.5151623068
2.6950000000	0.5301169833
2.7000000000	0.5495235671
2.7050000000	0.5762114196
2.7100000000	0.6086255394
2.7150000000	0.6463544872
2.7200000000	0.6884853222
2.7250000000	0.7334231627
2.7300000000	0.7787326183
2.7350000000	0.8211159254
2.7400000000	0.8566487910
2.7450000000	0.8813578269
2.7500000000	0.8920622127
2.7550000000	0.8871972150
2.7600000000	0.8672522312
2.7650000000	0.8346026412
2.7700000000	0.7928361444
2.7750000000	0.7459006655
2.7800000000	0.6974023255
2.7850000000	0.6502114531
2.7900000000	0.6059892606
2.7950000000	0.5665423647
2.8000000000	0.5322486760
2.8050000000	0.5000114872
2.8100000000	0.4740306282
2.8150000000	0.4534299390
2.8200000000	0.4372663437
2.8250000000	0.4246852017
2.8300000000	0.4149728736
2.8350000000	0.4075524090
2.8400000000	0.4019494783
2.8450000000	0.3977709417
2.8500000000	0.3947037956
2.8550000000	0.3925346490
2.8600000000	0.3911700960
2.8650000000	0.3906454704
2.8700000000	0.3911036153
2.8750000000	0.3927539087
2.8800000000	0.3958180258
2.8850000000	0.4004818225
2.8900000000	0.4068579029
2.8950000000	0.4149618817
2.9000000000	0.4246945059
2.9050000000	0.4386259925
2.9100000000	0.4534570704
2.9150000000	0.4682634194
2.9200000000	0.4818806048
2.9250000000	0.4930666108
2.9300000000	0.5006769574
2.9350000000	0.5038698690
2.9400000000	0.5022753928
2.9450000000	0.4960689706
2.9500000000	0.4859209566
2.9550000000	0.4728347654
2.9600000000	0.4579414904
2.9650000000	0.4423105790
2.9700000000	0.4268230413
2.9750000000	0.4121163329
2.9800000000	0.3985886995
2.9850000000	0.3864406020
2.9900000000	0.3757292635
2.9950000000	0.3664226211
3.0000000000	0.3584411973
