# energy (eV)    P(omega), $W$ = 400 nm, $h$ = 300 nm, $s$ = 20 nm, $d/W = 100$, $E_{\rm e}$ = 200 keV
0.2000000000	0.1666200199
0.2050000000	0.1681789693
0.2100000000	0.1692143157
0.2150000000	0.1697092589
0.2200000000	0.1696388931
0.2250000000	0.1689685783
0.2300000000	0.1676519569
0.2350000000	0.1656279570
0.2400000000	0.1628171489
0.2450000000	0.1591171281
0.2500000000	0.1543960174
0.2550000000	0.1484841042
0.2600000000	0.1411621941
0.2650000000	0.1484725055
0.2700000000	0.1672095052
0.2750000000	0.1939726032
0.2800000000	0.2311751023
0.2850000000	0.2859144096
0.2900000000	0.3535040463
0.2950000000	0.4501976491
0.3000000000	0.5798327861
0.3050000000	0.7781819010
0.3100000000	1.0537573902
0.3150000000	1.5865733436
0.3200000000	2.4167382291
0.3250000000	2.9802929164
0.3300000000	3.7585458988
0.3350000000	4.8599305028
0.3400000000	6.5868604689
0.3450000000	9.5463375797
0.3500000000	15.4414834059
0.3550000000	29.0699068558
0.3600000000	71.2851188831
0.3650000000	0.5163037946
0.3700000000	32.8172447205
0.3750000000	43.0794012158
0.3800000000	20.0131828323
0.3850000000	11.2372723732
0.3900000000	7.1831971987
0.3950000000	5.0439122252
0.4000000000	3.8061577024
0.4050000000	2.9999303831
0.4100000000	2.4750289461
0.4150000000	2.1283744230
0.4200000000	1.9082956660
0.4250000000	1.7352258949
0.4300000000	1.5327349912
0.4350000000	1.3724746649
0.4400000000	1.2456342857
0.4450000000	1.1446362401
0.4500000000	1.0646738284
0.4550000000	1.0010128477
0.4600000000	0.9510223387
0.4650000000	0.9119611444
0.4700000000	0.8820055012
0.4750000000	0.8598678210
0.4800000000	0.8444298696
0.4850000000	0.8347170252
0.4900000000	0.8301379906
0.4950000000	0.8302348101
0.5000000000	0.8346126869
0.5050000000	0.8430804893
0.5100000000	0.8554765449
0.5150000000	0.8716964182
0.5200000000	0.8917463841
0.5250000000	0.9156276502
0.5300000000	0.9436973857
0.5350000000	0.9760923045
0.5400000000	1.0130851130
0.5450000000	1.0550440342
0.5500000000	1.1024964784
0.5550000000	1.1560173474
0.5600000000	1.2163107914
0.5650000000	1.2842887902
0.5700000000	1.3612164381
0.5750000000	1.4480066491
0.5800000000	1.5464141755
0.5850000000	1.6588449393
0.5900000000	1.7868705819
0.5950000000	1.9338976419
0.6000000000	2.1044233966
0.6050000000	2.3017458877
0.6100000000	2.5335997297
0.6150000000	2.8063039355
0.6200000000	3.1307989091
0.6250000000	3.5227969920
0.6300000000	3.9981894587
0.6350000000	4.5870645363
0.6400000000	5.3224014682
0.6450000000	6.2643213841
0.6500000000	7.4893205680
0.6550000000	9.1271647621
0.6600000000	11.3968997948
0.6650000000	14.6440464958
0.6700000000	19.5568860949
0.6750000000	27.4489431488
0.6800000000	41.3874330019
0.6850000000	69.3302668598
0.6900000000	138.7024993652
0.6950000000	388.6664724720
0.7000000000	1881.7086516121
0.7050000000	913.2058129647
0.7100000000	234.1639391594
0.7150000000	99.4011298469
0.7200000000	54.1866467486
0.7250000000	33.9775342420
0.7300000000	23.2617822592
0.7350000000	16.9326964952
0.7400000000	12.8833175021
0.7450000000	10.1371549762
0.7500000000	8.1934454359
0.7550000000	6.7666527885
0.7600000000	5.6920710573
0.7650000000	4.8594283754
0.7700000000	4.2026503531
0.7750000000	3.6757605766
0.7800000000	3.2478835815
0.7850000000	2.8957822717
0.7900000000	2.6010160030
0.7950000000	2.3549364216
0.8000000000	2.1458050223
0.8050000000	1.9667243064
0.8100000000	1.8142852938
0.8150000000	1.6807473895
0.8200000000	1.5645190535
0.8250000000	1.4668620891
0.8300000000	1.3813508518
0.8350000000	1.3069559506
0.8400000000	1.2474035491
0.8450000000	1.1953341212
0.8500000000	1.1510140415
0.8550000000	1.1222428048
0.8600000000	1.0988538551
0.8650000000	1.0815874256
0.8700000000	1.0846788813
0.8750000000	1.0844793315
0.8800000000	1.0769208795
0.8850000000	1.0293748430
0.8900000000	0.8022368405
0.8950000000	-0.3289558066
0.9000000000	-6.3794220322
0.9050000000	-41.9608174319
0.9100000000	7.9730027626
0.9150000000	18.8649432472
0.9200000000	7.8235079152
0.9250000000	4.0694816137
0.9300000000	2.4865517144
0.9350000000	1.7318676003
0.9400000000	1.3259727211
0.9450000000	1.1020254622
0.9500000000	0.9443484975
0.9550000000	0.8403562316
0.9600000000	0.7780388645
0.9650000000	0.7287909084
0.9700000000	0.6970141449
0.9750000000	0.6802951916
0.9800000000	0.6779669273
0.9850000000	0.6950766409
0.9900000000	0.7319139693
0.9950000000	0.8062563892
1.0000000000	0.9539339412
1.0050000000	1.2730794445
1.0100000000	2.0923807209
1.0150000000	4.8637748279
1.0200000000	9.8744815971
1.0250000000	4.1025179811
1.0300000000	1.7765151991
1.0350000000	1.0852814619
1.0400000000	0.8120709844
1.0450000000	0.6811247923
1.0500000000	0.6110716684
1.0550000000	0.5703293347
1.0600000000	0.5462173145
1.0650000000	0.5324583009
1.0700000000	0.5255619059
1.0750000000	0.5238916898
1.0800000000	0.5256977662
1.0850000000	0.5311644954
1.0900000000	0.5418091934
1.0950000000	0.5553851174
1.1000000000	0.5719602921
1.1050000000	0.5913550717
1.1100000000	0.6138979875
1.1150000000	0.6398336131
1.1200000000	0.6695150723
1.1250000000	0.7032955181
1.1300000000	0.7419532177
1.1350000000	0.7862021351
1.1400000000	0.8368904339
1.1450000000	0.8952693703
1.1500000000	0.9624476707
1.1550000000	1.0412930688
1.1600000000	1.1341369119
1.1650000000	1.2447865266
1.1700000000	1.3775437332
1.1750000000	1.5346141785
1.1800000000	1.7223852265
1.1850000000	2.1474748846
1.1900000000	2.7272146063
1.1950000000	3.9202278568
1.2000000000	5.4728205683
1.2050000000	4.6479805735
1.2100000000	4.3053162050
1.2150000000	4.7205285545
1.2200000000	5.6050980508
1.2250000000	6.9882078098
1.2300000000	9.1011406360
1.2350000000	12.4475164983
1.2400000000	18.0841569527
1.2450000000	28.6924257656
1.2500000000	51.6485879274
1.2550000000	111.6299710076
1.2600000000	269.1997678031
1.2650000000	272.2234305663
1.2700000000	113.0308561654
1.2750000000	52.0695085812
1.2800000000	28.7716389443
1.2850000000	18.0468633319
1.2900000000	12.3326085439
1.2950000000	8.9566937649
1.3000000000	6.8053005988
1.3050000000	5.3546717803
1.3100000000	4.3287304922
1.3150000000	3.5833856869
1.3200000000	3.0255921788
1.3250000000	2.5987198138
1.3300000000	2.2675527497
1.3350000000	2.0089467728
1.3400000000	1.8081107629
1.3450000000	1.6551419154
1.3500000000	1.5506752871
1.3550000000	1.5001803921
1.3600000000	1.5267138310
1.3650000000	1.6953650568
1.3700000000	2.1931014282
1.3750000000	3.5201623949
1.3800000000	5.3608392514
1.3850000000	3.8661500804
1.3900000000	2.1647296379
1.3950000000	1.3923946727
1.4000000000	0.9841267533
1.4050000000	0.6741492319
1.4100000000	0.2976144875
1.4150000000	-0.4053174086
1.4200000000	-2.1350734485
1.4250000000	-6.8397752027
1.4300000000	-9.0810140900
1.4350000000	3.9495904379
1.4400000000	5.0987972634
1.4450000000	3.0225447859
1.4500000000	1.8558840614
1.4550000000	1.2686717135
1.4600000000	0.9461190636
1.4650000000	0.7350134755
1.4700000000	0.5707760555
1.4750000000	0.5430225085
1.4800000000	0.5815785301
1.4850000000	0.5344644933
1.4900000000	0.4913305212
1.4950000000	0.4616127707
1.5000000000	0.4409403796
1.5050000000	0.4273582585
1.5100000000	0.4185814779
1.5150000000	0.4154407168
1.5200000000	0.4142990311
1.5250000000	0.4173976520
1.5300000000	0.4257442173
1.5350000000	0.4415268429
1.5400000000	0.4692649699
1.5450000000	0.5186660594
1.5500000000	0.6113507223
1.5550000000	0.7905119351
1.5600000000	1.0615578211
1.5650000000	1.1009725656
1.5700000000	0.8417963397
1.5750000000	0.6532114466
1.5800000000	0.5620017966
1.5850000000	0.5204842618
1.5900000000	0.5035049026
1.5950000000	0.4999477563
1.6000000000	0.5047551839
1.6050000000	0.5157407075
1.6100000000	0.5314645656
1.6150000000	0.5513426258
1.6200000000	0.5754805328
1.6250000000	0.6039684400
1.6300000000	0.6371755276
1.6350000000	0.6756603552
1.6400000000	0.7201738441
1.6450000000	0.7717068051
1.6500000000	0.8315208968
1.6550000000	0.9012223665
1.6600000000	0.9828976828
1.6650000000	1.0792328755
1.6700000000	1.1926775372
1.6750000000	1.3298658877
1.6800000000	1.4962242675
1.6850000000	1.7004280184
1.6900000000	1.9546534183
1.6950000000	2.2765364110
1.7000000000	2.6921815006
1.7050000000	3.2586546284
1.7100000000	4.0364870853
1.7150000000	5.1443408593
1.7200000000	6.7919081363
1.7250000000	9.3475113891
1.7300000000	13.3031934579
1.7350000000	18.9970103919
1.7400000000	27.4689527485
1.7450000000	42.1251419901
1.7500000000	60.5366970864
1.7550000000	61.7376154469
1.7600000000	43.2144520220
1.7650000000	26.7893463540
1.7700000000	17.0632179540
1.7750000000	11.5338825194
1.7800000000	8.2545643827
1.7850000000	6.2098720093
1.7900000000	4.8894071995
1.7950000000	4.0359601386
1.8000000000	3.5147334014
1.8050000000	3.1731424028
1.8100000000	2.7535145763
1.8150000000	2.2317518294
1.8200000000	1.8159065334
1.8250000000	1.5593431236
1.8300000000	1.3673265860
1.8350000000	1.2034894293
1.8400000000	1.0685013168
1.8450000000	0.9578009859
1.8500000000	0.8654621764
1.8550000000	0.7866237365
1.8600000000	0.7108714303
1.8650000000	0.6446002535
1.8700000000	0.5742019141
1.8750000000	0.4695838393
1.8800000000	0.2349118850
1.8850000000	-0.2699593363
1.8900000000	-0.9435837690
1.8950000000	-1.0481954861
1.9000000000	0.0665285422
1.9050000000	1.0985612577
1.9100000000	1.2191293440
1.9150000000	1.0259155203
1.9200000000	0.8375638407
1.9250000000	0.7054874750
1.9300000000	0.6279597128
1.9350000000	0.5717145193
1.9400000000	0.5391228755
1.9450000000	0.5229393027
1.9500000000	0.5124044675
1.9550000000	0.4942149406
1.9600000000	0.4691922593
1.9650000000	0.4478821550
1.9700000000	0.4345687705
1.9750000000	0.4288319171
1.9800000000	0.4298013325
1.9850000000	0.4374257333
1.9900000000	0.4525643035
1.9950000000	0.4763839290
2.0000000000	0.5077247799
2.0050000000	0.5389455097
2.0100000000	0.5501541754
2.0150000000	0.5417725191
2.0200000000	0.5314945185
2.0250000000	0.5302078098
2.0300000000	0.5397252815
2.0350000000	0.5592979645
2.0400000000	0.5885842257
2.0450000000	0.6282359636
2.0500000000	0.6797656568
2.0550000000	0.7447849445
2.0600000000	0.8230670203
2.0650000000	0.9111012905
2.0700000000	1.0078199133
2.0750000000	1.1236368872
2.0800000000	1.2768051824
2.0850000000	1.4839439746
2.0900000000	1.7549832069
2.0950000000	2.0737810438
2.1000000000	2.3721287832
2.1050000000	2.5547277828
2.1100000000	2.5766769344
2.1150000000	2.5456166786
2.1200000000	2.5809430092
2.1250000000	2.7429777179
2.1300000000	3.0615542907
2.1350000000	3.5705789684
2.1400000000	4.3260885474
2.1450000000	5.4152058168
2.1500000000	6.9507969866
2.1550000000	9.0105574481
2.1600000000	11.4261965306
2.1650000000	13.4404016421
2.1700000000	13.9014660293
2.1750000000	12.4242333960
2.1800000000	10.0126968880
2.1850000000	7.7132978674
2.1900000000	5.9229727804
2.1950000000	4.6371439497
2.2000000000	3.7435952474
2.2050000000	3.1365426483
2.2100000000	2.7218666223
2.2150000000	2.4015878204
2.2200000000	2.1020690421
2.2250000000	1.8049659224
2.2300000000	1.5304953101
2.2350000000	1.2940563861
2.2400000000	1.0949865598
2.2450000000	0.9248019815
2.2500000000	0.7743938102
2.2550000000	0.6380525976
2.2600000000	0.5020309110
2.2650000000	0.4010918529
2.2700000000	0.3437018574
2.2750000000	0.3521444954
2.2800000000	0.4238924224
2.2850000000	0.5165005410
2.2900000000	0.5831169803
2.2950000000	0.6102478601
2.3000000000	0.6094968556
2.3050000000	0.5941055254
2.3100000000	0.5748559529
2.3150000000	0.5566825262
2.3200000000	0.5415203070
2.3250000000	0.5303304512
2.3300000000	0.5237234957
2.3350000000	0.5220548965
2.3400000000	0.5255227176
2.3450000000	0.5343039030
2.3500000000	0.5486114383
2.3550000000	0.5690079254
2.3600000000	0.5947255579
2.3650000000	0.6260187483
2.3700000000	0.6627329059
2.3750000000	0.7052303264
2.3800000000	0.7549975672
2.3850000000	0.8138695605
2.3900000000	0.8824203706
2.3950000000	0.9581202696
2.4000000000	1.0341280309
2.4050000000	1.1039712582
2.4100000000	1.1508450899
2.4150000000	1.1715498982
2.4200000000	1.1737787952
2.4250000000	1.1710006018
2.4300000000	1.1755872021
2.4350000000	1.1954446856
2.4400000000	1.2342051590
2.4450000000	1.2932180459
2.4500000000	1.3738414676
2.4550000000	1.4787023685
2.4600000000	1.6135602939
2.4650000000	1.7841106956
2.4700000000	1.9959351878
2.4750000000	2.2519526728
2.4800000000	2.5492772586
2.4850000000	2.8748359613
2.4900000000	3.2003586188
2.4950000000	3.4799945496
2.5000000000	3.6570930133
2.5050000000	3.6735760339
2.5100000000	3.5076621994
2.5150000000	3.2040065307
2.5200000000	2.8323659264
2.5250000000	2.4534797808
2.5300000000	2.1040624076
2.5350000000	1.7993051286
2.5400000000	1.5411776947
2.5450000000	1.3256082024
2.5500000000	1.1468633959
2.5550000000	0.9998021996
2.5600000000	0.8763774817
2.5650000000	0.7830783129
2.5700000000	0.7147840577
2.5750000000	0.6690174379
2.5800000000	0.6410398811
2.5850000000	0.6244968861
2.5900000000	0.6134889233
2.5950000000	0.6043653148
2.6000000000	0.5959124369
2.6050000000	0.5923825842
2.6100000000	0.5909439218
2.6150000000	0.5926703035
2.6200000000	0.5981355354
2.6250000000	0.6074534394
2.6300000000	0.6202996658
2.6350000000	0.6359286024
2.6400000000	0.6531983319
2.6450000000	0.6706738228
2.6500000000	0.6868530809
2.6550000000	0.7005231360
2.6600000000	0.7111534567
2.6650000000	0.7191548832
2.6700000000	0.7258143019
2.6750000000	0.7330070002
2.6800000000	0.7425459286
2.6850000000	0.7561769697
2.6900000000	0.7751606372
2.6950000000	0.8003229142
2.7000000000	0.8321058246
2.7050000000	0.8750897209
2.7100000000	0.9266299318
2.7150000000	0.9861052509
2.7200000000	1.0521166654
2.7250000000	1.1222074879
2.7300000000	1.1926192169
2.7350000000	1.2582630964
2.7400000000	1.3130871499
2.7450000000	1.3509768961
2.7500000000	1.3670548606
2.7550000000	1.3589523669
2.7600000000	1.3274777117
2.7650000000	1.2763485174
2.7700000000	1.2111421399
2.7750000000	1.1379740581
2.7800000000	1.0624184067
2.7850000000	0.9888995417
2.7900000000	0.9199696850
2.7950000000	0.8583977753
2.8000000000	0.8047505576
2.8050000000	0.7541675043
2.8100000000	0.7131758245
2.8150000000	0.6804312179
2.8200000000	0.6544957325
2.8250000000	0.6340766166
2.8300000000	0.6181064040
2.8350000000	0.6057340524
2.8400000000	0.5962708384
2.8450000000	0.5891548947
2.8500000000	0.5839412284
2.8550000000	0.5803245170
2.8600000000	0.5781639805
2.8650000000	0.5774919178
2.8700000000	0.5784855673
2.8750000000	0.5814114518
2.8800000000	0.5865520210
2.8850000000	0.5941396311
2.8900000000	0.6043046661
2.8950000000	0.6170408856
2.9000000000	0.6321767335
2.9050000000	0.6536803799
2.9100000000	0.6764156047
2.9150000000	0.6989820642
2.9200000000	0.7196212473
2.9250000000	0.7364601112
2.9300000000	0.7477795074
2.9350000000	0.7523214640
2.9400000000	0.7495452931
2.9450000000	0.7397364026
2.9500000000	0.7239279134
2.9550000000	0.7036546279
2.9600000000	0.6806414687
2.9650000000	0.6565167226
2.9700000000	0.6326218639
2.9750000000	0.6099280095
2.9800000000	0.5890440962
2.9850000000	0.5702798878
2.9900000000	0.5537290788
2.9950000000	0.5393491795
3.0000000000	0.5270256858
