# energy (eV)    P(omega), $W$ = 400 nm, $h$ = 300 nm, $s$ = 20 nm, $d/W = 5$, $E_{\rm e}$ = 200 keV
0.2000000000	0.0466111701
0.2050000000	0.0470469553
0.2100000000	0.0473444324
0.2150000000	0.0474986752
0.2200000000	0.0475026325
0.2250000000	0.0473465645
0.2300000000	0.0470175520
0.2350000000	0.0464986594
0.2400000000	0.0457679917
0.2450000000	0.0447973195
0.2500000000	0.0435503933
0.2550000000	0.0419806033
0.2600000000	0.0400277672
0.2650000000	0.0420191580
0.2700000000	0.0471025763
0.2750000000	0.0543688159
0.2800000000	0.0644790004
0.2850000000	0.0793669837
0.2900000000	0.0977770877
0.2950000000	0.1241375162
0.3000000000	0.1595183947
0.3050000000	0.2136932515
0.3100000000	0.2890437918
0.3150000000	0.4347773831
0.3200000000	0.6620724074
0.3250000000	0.8169334918
0.3300000000	1.0309445455
0.3350000000	1.3340318227
0.3400000000	1.8094926780
0.3450000000	2.6246935384
0.3500000000	4.2492632355
0.3550000000	8.0070580999
0.3600000000	19.6538453425
0.3650000000	0.1210299167
0.3700000000	9.0727359809
0.3750000000	11.9194236377
0.3800000000	5.5442474769
0.3850000000	3.1171782470
0.3900000000	1.9953577327
0.3950000000	1.4031203127
0.4000000000	1.0603569695
0.4050000000	0.8370103777
0.4100000000	0.6916012175
0.4150000000	0.5956221988
0.4200000000	0.5348017138
0.4250000000	0.4869977146
0.4300000000	0.4308356661
0.4350000000	0.3863863220
0.4400000000	0.3512169773
0.4450000000	0.3232298090
0.4500000000	0.3010977742
0.4550000000	0.2835068145
0.4600000000	0.2697313324
0.4650000000	0.2590102112
0.4700000000	0.2508383083
0.4750000000	0.2448603157
0.4800000000	0.2407669104
0.4850000000	0.2382879309
0.4900000000	0.2372611210
0.4950000000	0.2375613081
0.5000000000	0.2390807474
0.5050000000	0.2417691425
0.5100000000	0.2455842493
0.5150000000	0.2504996062
0.5200000000	0.2565212361
0.5250000000	0.2636527515
0.5300000000	0.2720003423
0.5350000000	0.2816072322
0.5400000000	0.2925558291
0.5450000000	0.3049561315
0.5500000000	0.3189646737
0.5550000000	0.3347523804
0.5600000000	0.3525280277
0.5650000000	0.3725609937
0.5700000000	0.3952241954
0.5750000000	0.4207901007
0.5800000000	0.4497760181
0.5850000000	0.4828901391
0.5900000000	0.5206016226
0.5950000000	0.5639142705
0.6000000000	0.6141537190
0.6050000000	0.6723012613
0.6100000000	0.7406357397
0.6150000000	0.8210311428
0.6200000000	0.9167194917
0.6250000000	1.0323407648
0.6300000000	1.1726048677
0.6350000000	1.3463995137
0.6400000000	1.5634943503
0.6450000000	1.8416642734
0.6500000000	2.2035629211
0.6550000000	2.6875971993
0.6600000000	3.3586029158
0.6650000000	4.3189247749
0.6700000000	5.7723880344
0.6750000000	8.1081523522
0.6800000000	12.2349964985
0.6850000000	20.5114628520
0.6900000000	41.0671826376
0.6950000000	115.1659313887
0.7000000000	558.0005988321
0.7050000000	271.0100463733
0.7100000000	69.5457110969
0.7150000000	29.5443511243
0.7200000000	16.1178542960
0.7250000000	10.1143513683
0.7300000000	6.9297779310
0.7350000000	5.0481465921
0.7400000000	3.8438134807
0.7450000000	3.0267609984
0.7500000000	2.4482475663
0.7550000000	2.0234308943
0.7600000000	1.7033725290
0.7650000000	1.4552852682
0.7700000000	1.2595302813
0.7750000000	1.1024365128
0.7800000000	0.9748241700
0.7850000000	0.8697822441
0.7900000000	0.7818152589
0.7950000000	0.7083622302
0.8000000000	0.6459220667
0.8050000000	0.5924401453
0.8100000000	0.5469102365
0.8150000000	0.5070142392
0.8200000000	0.4722831806
0.8250000000	0.4431132135
0.8300000000	0.4175716215
0.8350000000	0.3953540361
0.8400000000	0.3776025384
0.8450000000	0.3620907341
0.8500000000	0.3489041922
0.8550000000	0.3404269594
0.8600000000	0.3335699710
0.8650000000	0.3285607119
0.8700000000	0.3297548195
0.8750000000	0.3299279892
0.8800000000	0.3278169277
0.8850000000	0.3133825552
0.8900000000	0.2436397403
0.8950000000	-0.1045084941
0.9000000000	-1.9685381029
0.9050000000	-12.9387324123
0.9100000000	2.4592171657
0.9150000000	5.8235486870
0.9200000000	2.4154093605
0.9250000000	1.2558542826
0.9300000000	0.7664815450
0.9350000000	0.5328935382
0.9400000000	0.4070282016
0.9450000000	0.3373588315
0.9500000000	0.2880455865
0.9550000000	0.2552019674
0.9600000000	0.2350914140
0.9650000000	0.2187485088
0.9700000000	0.2074598905
0.9750000000	0.2003114056
0.9800000000	0.1968302255
0.9850000000	0.1981274560
0.9900000000	0.2033900323
0.9950000000	0.2163788468
1.0000000000	0.2440583861
1.0050000000	0.3057332163
1.0100000000	0.4651488945
1.0150000000	1.0058176631
1.0200000000	1.9815943291
1.0250000000	0.8537644780
1.0300000000	0.4001362350
1.0350000000	0.2655728803
1.0400000000	0.2126229356
1.0450000000	0.1875129172
1.0500000000	0.1744540545
1.0550000000	0.1671529722
1.0600000000	0.1632204680
1.0650000000	0.1614440976
1.0700000000	0.1611495195
1.0750000000	0.1620603105
1.0800000000	0.1637714721
1.0850000000	0.1664425176
1.0900000000	0.1706233675
1.0950000000	0.1756281776
1.1000000000	0.1815058858
1.1050000000	0.1882328481
1.1100000000	0.1959259974
1.1150000000	0.2046804865
1.1200000000	0.2146194164
1.1250000000	0.2258579961
1.1300000000	0.2386673424
1.1350000000	0.2532693252
1.1400000000	0.2699541888
1.1450000000	0.2891228246
1.1500000000	0.3111196133
1.1550000000	0.3368851120
1.1600000000	0.3671476323
1.1650000000	0.4030777380
1.1700000000	0.4459977324
1.1750000000	0.4963224746
1.1800000000	0.5571072990
1.1850000000	0.7040093615
1.1900000000	0.8870732936
1.1950000000	1.2595484458
1.2000000000	1.7465344596
1.2050000000	1.4990518562
1.2100000000	1.4036890686
1.2150000000	1.5472430465
1.2200000000	1.8420738803
1.2250000000	2.3001926324
1.2300000000	2.9989494766
1.2350000000	4.1052223911
1.2400000000	5.9687898814
1.2450000000	9.4769171624
1.2500000000	17.0710838416
1.2550000000	36.9216356917
1.2600000000	89.0994177479
1.2650000000	90.1640106944
1.2700000000	37.4648896195
1.2750000000	17.2722121758
1.2800000000	9.5519083894
1.2850000000	5.9967836417
1.2900000000	4.1020985964
1.2950000000	2.9825577768
1.3000000000	2.2690881266
1.3050000000	1.7881231282
1.3100000000	1.4481667468
1.3150000000	1.2014884586
1.3200000000	1.0172853726
1.3250000000	0.8768754215
1.3300000000	0.7687012238
1.3350000000	0.6852902500
1.3400000000	0.6220718076
1.3450000000	0.5763351295
1.3500000000	0.5493446723
1.3550000000	0.5449776349
1.3600000000	0.5753810074
1.3650000000	0.6730637448
1.3700000000	0.9301123692
1.3750000000	1.5919704141
1.3800000000	2.5034251403
1.3850000000	1.7798200995
1.3900000000	0.9561474950
1.3950000000	0.5892023305
1.4000000000	0.4041225643
1.4050000000	0.2755027246
1.4100000000	0.1349074786
1.4150000000	-0.1104591071
1.4200000000	-0.6992627427
1.4250000000	-2.2904452501
1.4300000000	-3.0514019524
1.4350000000	1.3452385794
1.4400000000	1.7329912626
1.4450000000	1.0305887653
1.4500000000	0.6351555801
1.4550000000	0.4352767358
1.4600000000	0.3239688818
1.4650000000	0.2473577014
1.4700000000	0.1814178405
1.4750000000	0.1799589100
1.4800000000	0.2078912941
1.4850000000	0.1904396844
1.4900000000	0.1733321201
1.4950000000	0.1617745545
1.5000000000	0.1538604297
1.5050000000	0.1486178072
1.5100000000	0.1451316048
1.5150000000	0.1435925515
1.5200000000	0.1426885065
1.5250000000	0.1431073110
1.5300000000	0.1450851933
1.5350000000	0.1491789865
1.5400000000	0.1565770434
1.5450000000	0.1698484527
1.5500000000	0.1947236298
1.5550000000	0.2426406382
1.5600000000	0.3149674368
1.5650000000	0.3257069198
1.5700000000	0.2574619867
1.5750000000	0.2082261270
1.5800000000	0.1849907931
1.5850000000	0.1750799928
1.5900000000	0.1718270775
1.5950000000	0.1722983306
1.6000000000	0.1751720868
1.6050000000	0.1799026117
1.6100000000	0.1861217116
1.6150000000	0.1936984020
1.6200000000	0.2027115410
1.6250000000	0.2132267199
1.6300000000	0.2253981842
1.6350000000	0.2394419439
1.6400000000	0.2556406277
1.6450000000	0.2743623834
1.6500000000	0.2960720594
1.6550000000	0.3213604872
1.6600000000	0.3509936215
1.6650000000	0.3859579665
1.6700000000	0.4271722941
1.6750000000	0.4770449164
1.6800000000	0.5375955962
1.6850000000	0.6120359165
1.6900000000	0.7048900124
1.6950000000	0.8227378567
1.7000000000	0.9753710253
1.7050000000	1.1841819316
1.7100000000	1.4723511968
1.7150000000	1.8854545638
1.7200000000	2.5046875305
1.7250000000	3.4723273157
1.7300000000	4.9666833551
1.7350000000	7.0419876822
1.7400000000	9.9908116107
1.7450000000	15.1127988030
1.7500000000	21.6071032665
1.7550000000	22.0168101798
1.7600000000	15.4235301407
1.7650000000	9.5754919779
1.7700000000	6.1104137992
1.7750000000	4.1397716410
1.7800000000	2.9715659609
1.7850000000	2.2450665942
1.7900000000	1.7797254791
1.7950000000	1.4859817362
1.8000000000	1.3178781950
1.8050000000	1.2151167294
1.8100000000	1.0615494216
1.8150000000	0.8499794858
1.8200000000	0.6814525049
1.8250000000	0.5833193007
1.8300000000	0.5110892768
1.8350000000	0.4485470782
1.8400000000	0.3971032456
1.8450000000	0.3552909735
1.8500000000	0.3207572011
1.8550000000	0.2915730360
1.8600000000	0.2639054266
1.8650000000	0.2400486806
1.8700000000	0.2151625952
1.8750000000	0.1783353159
1.8800000000	0.0942655178
1.8850000000	-0.0889208057
1.8900000000	-0.3344330118
1.8950000000	-0.3742131968
1.9000000000	0.0282560424
1.9050000000	0.4017600489
1.9100000000	0.4452335355
1.9150000000	0.3748450448
1.9200000000	0.3060775804
1.9250000000	0.2575557354
1.9300000000	0.2285806706
1.9350000000	0.2069310198
1.9400000000	0.1933021849
1.9450000000	0.1851325008
1.9500000000	0.1795153725
1.9550000000	0.1732797665
1.9600000000	0.1664047354
1.9650000000	0.1609790661
1.9700000000	0.1578151775
1.9750000000	0.1567917015
1.9800000000	0.1577481304
1.9850000000	0.1607563256
1.9900000000	0.1661400377
1.9950000000	0.1742956850
2.0000000000	0.1848782190
2.0050000000	0.1956448728
2.0100000000	0.2003026573
2.0150000000	0.1990944620
2.0200000000	0.1975999170
2.0250000000	0.1992536104
2.0300000000	0.2046843766
2.0350000000	0.2137566750
2.0400000000	0.2265048811
2.0450000000	0.2433274144
2.0500000000	0.2649482824
2.0550000000	0.2921380981
2.0600000000	0.3249716793
2.0650000000	0.3622828556
2.0700000000	0.4039574195
2.0750000000	0.4545500658
2.0800000000	0.5218837519
2.0850000000	0.6132447234
2.0900000000	0.7329354657
2.0950000000	0.8732839472
2.1000000000	1.0023607045
2.1050000000	1.0755921035
2.1100000000	1.0713718876
2.1150000000	1.0387594569
2.1200000000	1.0318861621
2.1250000000	1.0768975571
2.1300000000	1.1849236532
2.1350000000	1.3676903321
2.1400000000	1.6453308877
2.1450000000	2.0500704198
2.1500000000	2.6244501729
2.1550000000	3.3984450794
2.1600000000	4.3091691713
2.1650000000	5.0705554846
2.1700000000	5.2472432247
2.1750000000	4.6927683608
2.1800000000	3.7847927831
2.1850000000	2.9179444747
2.1900000000	2.2423329633
2.1950000000	1.7565742412
2.2000000000	1.4185318852
2.2050000000	1.1884399880
2.2100000000	1.0309540728
2.2150000000	0.9093850635
2.2200000000	0.7961756637
2.2250000000	0.6843155176
2.2300000000	0.5811384852
2.2350000000	0.4922438927
2.2400000000	0.4173137581
2.2450000000	0.3531505355
2.2500000000	0.2963440399
2.2550000000	0.2447813728
2.2600000000	0.1932852725
2.2650000000	0.1551197041
2.2700000000	0.1334773597
2.2750000000	0.1368028942
2.2800000000	0.1641570399
2.2850000000	0.1994417040
2.2900000000	0.2248339355
2.2950000000	0.2351763862
2.3000000000	0.2348837578
2.3050000000	0.2290202431
2.3100000000	0.2218356649
2.3150000000	0.2153347871
2.3200000000	0.2102962947
2.3250000000	0.2070225973
2.3300000000	0.2056499912
2.3350000000	0.2062559605
2.3400000000	0.2089116528
2.3450000000	0.2137159871
2.3500000000	0.2207964118
2.3550000000	0.2304182144
2.3600000000	0.2423112646
2.3650000000	0.2565908892
2.3700000000	0.2732112461
2.3750000000	0.2923506720
2.3800000000	0.3146847466
2.3850000000	0.3410288349
2.3900000000	0.3716059981
2.3950000000	0.4052019426
2.4000000000	0.4386113867
2.4050000000	0.4686378630
2.4100000000	0.4876247221
2.4150000000	0.4941189487
2.4200000000	0.4916961240
2.4250000000	0.4865357635
2.4300000000	0.4842397295
2.4350000000	0.4883291437
2.4400000000	0.5003758332
2.4450000000	0.5208971415
2.4500000000	0.5503381351
2.4550000000	0.5896014259
2.4600000000	0.6408728816
2.4650000000	0.7063246017
2.4700000000	0.7881601409
2.4750000000	0.8875907750
2.4800000000	1.0035758328
2.4850000000	1.1310741643
2.4900000000	1.2590318426
2.4950000000	1.3694038629
2.5000000000	1.4398109602
2.5050000000	1.4472688307
2.5100000000	1.3829907904
2.5150000000	1.2643828393
2.5200000000	1.1188173278
2.5250000000	0.9701932953
2.5300000000	0.8329961849
2.5350000000	0.7132502406
2.5400000000	0.6117709433
2.5450000000	0.5269879719
2.5500000000	0.4566698396
2.5550000000	0.3988136738
2.5600000000	0.3502624033
2.5650000000	0.3136067817
2.5700000000	0.2868466777
2.5750000000	0.2690267922
2.5800000000	0.2582942772
2.5850000000	0.2521509267
2.5900000000	0.2482722250
2.5950000000	0.2452198214
2.6000000000	0.2425189620
2.6050000000	0.2419687584
2.6100000000	0.2423605276
2.6150000000	0.2441254630
2.6200000000	0.2474908089
2.6250000000	0.2524901914
2.6300000000	0.2589654622
2.6350000000	0.2665677047
2.6400000000	0.2747638255
2.6450000000	0.2828816630
2.6500000000	0.2902129479
2.6550000000	0.2961803866
2.6600000000	0.3005236435
2.6650000000	0.3034221601
2.6700000000	0.3054652577
2.6750000000	0.3075165072
2.6800000000	0.3104122923
2.6850000000	0.3149533885
2.6900000000	0.3217122528
2.6950000000	0.3310587043
2.7000000000	0.3431851936
2.7050000000	0.3598595175
2.7100000000	0.3801098198
2.7150000000	0.4036791832
2.7200000000	0.4299974264
2.7250000000	0.4580684108
2.7300000000	0.4863709858
2.7350000000	0.5128453649
2.7400000000	0.5350403990
2.7450000000	0.5504742858
2.7500000000	0.5571602747
2.7550000000	0.5541210681
2.7600000000	0.5416624040
2.7650000000	0.5212680285
2.7700000000	0.4951789104
2.7750000000	0.4658610188
2.7800000000	0.4355667939
2.7850000000	0.4060891051
2.7900000000	0.3784655560
2.7950000000	0.3538245823
2.8000000000	0.3324022583
2.8050000000	0.3122640624
2.8100000000	0.2960335804
2.8150000000	0.2831635998
2.8200000000	0.2730651447
2.8250000000	0.2652044705
2.8300000000	0.2591359073
2.8350000000	0.2544991590
2.8400000000	0.2509980478
2.8450000000	0.2483870764
2.8500000000	0.2464708179
2.8550000000	0.2451160269
2.8600000000	0.2442643557
2.8650000000	0.2439378060
2.8700000000	0.2442254916
2.8750000000	0.2452580535
2.8800000000	0.2471737995
2.8850000000	0.2500886939
2.8900000000	0.2540729692
2.8950000000	0.2591362994
2.9000000000	0.2652166448
2.9050000000	0.2739195086
2.9100000000	0.2831838619
2.9150000000	0.2924324177
2.9200000000	0.3009378858
2.9250000000	0.3079245664
2.9300000000	0.3126776532
2.9350000000	0.3146714370
2.9400000000	0.3136748891
2.9450000000	0.3097976318
2.9500000000	0.3034584079
2.9550000000	0.2952839658
2.9600000000	0.2859808177
2.9650000000	0.2762169571
2.9700000000	0.2665426827
2.9750000000	0.2573561640
2.9800000000	0.2489061753
2.9850000000	0.2413179346
2.9900000000	0.2346271977
2.9950000000	0.2288139666
3.0000000000	0.2238286057
