# energy (eV)    P(omega), $W$ = 400 nm, $h$ = 300 nm, $s$ = 20 nm, $d/W = 50$, $E_{\rm e}$ = 200 keV
0.2000000000	0.1439499806
0.2050000000	0.1453044738
0.2100000000	0.1462109390
0.2150000000	0.1466545975
0.2200000000	0.1466137362
0.2250000000	0.1460582750
0.2300000000	0.1449479674
0.2350000000	0.1432299732
0.2400000000	0.1408356240
0.2450000000	0.1376764413
0.2500000000	0.1336384955
0.2550000000	0.1285752446
0.2600000000	0.1222975117
0.2650000000	0.1285990342
0.2700000000	0.1447326161
0.2750000000	0.1677801271
0.2800000000	0.1998237367
0.2850000000	0.2469798346
0.2900000000	0.3052246116
0.2950000000	0.3885645411
0.3000000000	0.5003236896
0.3050000000	0.6713476662
0.3100000000	0.9090150739
0.3150000000	1.3685643793
0.3200000000	2.0847340172
0.3250000000	2.5712905691
0.3300000000	3.2433068003
0.3350000000	4.1944825098
0.3400000000	5.6860336952
0.3450000000	8.2423875685
0.3500000000	13.3349897461
0.3550000000	25.1094412589
0.3600000000	61.5861880081
0.3650000000	0.4356991783
0.3700000000	28.3669901503
0.3750000000	37.2446814844
0.3800000000	17.3068133792
0.3850000000	9.7201346244
0.3900000000	6.2150286218
0.3950000000	4.3652531981
0.4000000000	3.2949346121
0.4050000000	2.5977135501
0.4100000000	2.1437806078
0.4150000000	1.8440234000
0.4200000000	1.6537835756
0.4250000000	1.5041917527
0.4300000000	1.3290319583
0.4350000000	1.1904011676
0.4400000000	1.0806851284
0.4450000000	0.9933318205
0.4500000000	0.9241870864
0.4550000000	0.8691547596
0.4600000000	0.8259615293
0.4650000000	0.7922359929
0.4700000000	0.7664004841
0.4750000000	0.7473429253
0.4800000000	0.7340956153
0.4850000000	0.7258161284
0.4900000000	0.7219937692
0.4950000000	0.7222332675
0.5000000000	0.7261940328
0.5050000000	0.7337125208
0.5100000000	0.7446495974
0.5150000000	0.7589172846
0.5200000000	0.7765225914
0.5250000000	0.7974686566
0.5300000000	0.8220688052
0.5350000000	0.8504434763
0.5400000000	0.8828325396
0.5450000000	0.9195593472
0.5500000000	0.9610854910
0.5550000000	1.0079142031
0.5600000000	1.0606627949
0.5650000000	1.1201290997
0.5700000000	1.1874192891
0.5750000000	1.2633339351
0.5800000000	1.3494086340
0.5850000000	1.4477459166
0.5900000000	1.5597245676
0.5950000000	1.6883239261
0.6000000000	1.8374775130
0.6050000000	2.0100742650
0.6100000000	2.2128800654
0.6150000000	2.4514268055
0.6200000000	2.7352881164
0.6250000000	3.0782113380
0.6300000000	3.4941083991
0.6350000000	4.0093072478
0.6400000000	4.6526768876
0.6450000000	5.4768291983
0.6500000000	6.5487344237
0.6550000000	7.9819540530
0.6600000000	9.9682350131
0.6650000000	12.8100245885
0.6700000000	17.1098160381
0.6750000000	24.0174717761
0.6800000000	36.2180861651
0.6850000000	60.6784940265
0.6900000000	121.4088025523
0.6950000000	340.2485960344
0.7000000000	1647.4962298603
0.7050000000	799.6370535935
0.7100000000	205.0669141132
0.7150000000	87.0598090910
0.7200000000	47.4644892236
0.7250000000	29.7658276569
0.7300000000	20.3806447387
0.7350000000	14.8371074804
0.7400000000	11.2901158079
0.7450000000	8.8845110265
0.7500000000	7.1817474907
0.7550000000	5.9317512363
0.7600000000	4.9902717751
0.7650000000	4.2607207697
0.7700000000	3.6852289913
0.7750000000	3.2235241801
0.7800000000	2.8485635865
0.7850000000	2.5399926727
0.7900000000	2.2816538623
0.7950000000	2.0659765255
0.8000000000	1.8826744054
0.8050000000	1.7257033213
0.8100000000	1.5920815804
0.8150000000	1.4750206203
0.8200000000	1.3731294442
0.8250000000	1.2875215039
0.8300000000	1.2125587269
0.8350000000	1.1473405572
0.8400000000	1.0951449020
0.8450000000	1.0495091865
0.8500000000	1.0106692798
0.8550000000	0.9854830313
0.8600000000	0.9650186083
0.8650000000	0.9499275833
0.8700000000	0.9527272781
0.8750000000	0.9526275633
0.8800000000	0.9460455143
0.8850000000	0.9042737065
0.8900000000	0.7044693255
0.8950000000	-0.2908671634
0.9000000000	-5.6153274193
0.9050000000	-36.9303087835
0.9100000000	7.0166117389
0.9150000000	16.6048436887
0.9200000000	6.8860090854
0.9250000000	3.5813525101
0.9300000000	2.1877289820
0.9350000000	1.5231762243
0.9400000000	1.1656435822
0.9450000000	0.9682633781
0.9500000000	0.8291664733
0.9550000000	0.7372680625
0.9600000000	0.6819807070
0.9650000000	0.6380694499
0.9700000000	0.6093706936
0.9750000000	0.5936756026
0.9800000000	0.5902687120
0.9850000000	0.6033703918
0.9900000000	0.6328013713
0.9950000000	0.6933634633
1.0000000000	0.8145856816
1.0050000000	1.0774550036
1.0100000000	1.7527822576
1.0150000000	4.0376096953
1.0200000000	8.1665347830
1.0250000000	3.4067566518
1.0300000000	1.4895140992
1.0350000000	0.9199334992
1.0400000000	0.6949314066
1.0450000000	0.5872171539
1.0500000000	0.5297679522
1.0550000000	0.4964861598
1.0600000000	0.4769653136
1.0650000000	0.4660390958
1.0700000000	0.4608338994
1.0750000000	0.4600235127
1.0800000000	0.4621322104
1.0850000000	0.4673720677
1.0900000000	0.4771136461
1.0950000000	0.4893879830
1.1000000000	0.5042701718
1.1050000000	0.5216127642
1.1100000000	0.5417145323
1.1150000000	0.5647987370
1.1200000000	0.5911810961
1.1250000000	0.6211786165
1.1300000000	0.6554832173
1.1350000000	0.6947266837
1.1400000000	0.7396654747
1.1450000000	0.7914084375
1.1500000000	0.8509380950
1.1550000000	0.9208004334
1.1600000000	1.0030729634
1.1650000000	1.1011719575
1.1700000000	1.2190955471
1.1750000000	1.3596327269
1.1800000000	1.5300671599
1.1850000000	1.8997283232
1.1900000000	2.4118348211
1.1950000000	3.4677634579
1.2000000000	4.8411737462
1.2050000000	4.1133351633
1.2100000000	3.8117690242
1.2150000000	4.1804367560
1.2200000000	4.9645769372
1.2250000000	6.1903420862
1.2300000000	8.0627916131
1.2350000000	11.0283067059
1.2400000000	16.0235241841
1.2450000000	25.4248785203
1.2500000000	45.7699609884
1.2550000000	98.9309474097
1.2600000000	238.5908419719
1.2650000000	241.2856108721
1.2700000000	100.1909892690
1.2750000000	46.1571911426
1.2800000000	25.5060704957
1.2850000000	15.9993354626
1.2900000000	10.9338917210
1.2950000000	7.9411812986
1.3000000000	6.0339124907
1.3050000000	4.7478406071
1.3100000000	3.8382289689
1.3150000000	3.1773522429
1.3200000000	2.6827241668
1.3250000000	2.3041403840
1.3300000000	2.0103727546
1.3350000000	1.7808896843
1.3400000000	1.6025565338
1.3450000000	1.4665565190
1.3500000000	1.3733827224
1.3550000000	1.3277484926
1.3600000000	1.3498025683
1.3650000000	1.4965420189
1.3700000000	1.9317928716
1.3750000000	3.0940145167
1.3800000000	4.7069824068
1.3850000000	3.3969983969
1.3900000000	1.9051809765
1.3950000000	1.2274124751
1.4000000000	0.8684735098
1.4050000000	0.5950834362
1.4100000000	0.2618478755
1.4150000000	-0.3615297067
1.4200000000	-1.8967165922
1.4250000000	-6.0732644141
1.4300000000	-8.0632164926
1.4350000000	3.5059820508
1.4400000000	4.5266793328
1.4450000000	2.6833647820
1.4500000000	1.6475776906
1.4550000000	1.1262892919
1.4600000000	0.8400928351
1.4650000000	0.6531842107
1.4700000000	0.5084738404
1.4750000000	0.4829764126
1.4800000000	0.5156031246
1.4850000000	0.4739121039
1.4900000000	0.4358552661
1.4950000000	0.4096003393
1.5000000000	0.3913115702
1.5050000000	0.3792821456
1.5100000000	0.3714956743
1.5150000000	0.3686953837
1.5200000000	0.3676486937
1.5250000000	0.3703410915
1.5300000000	0.3776552205
1.5350000000	0.3915100882
1.5400000000	0.4158714036
1.5450000000	0.4592583871
1.5500000000	0.5406458942
1.5550000000	0.6979405063
1.5600000000	0.9358883517
1.5650000000	0.9705430040
1.5700000000	0.7431643670
1.5750000000	0.5777633005
1.5800000000	0.4978407090
1.5850000000	0.4615473875
1.5900000000	0.4468082294
1.5950000000	0.4438695548
1.6000000000	0.4482950693
1.6050000000	0.4581701826
1.6100000000	0.4722329932
1.6150000000	0.4899733924
1.6200000000	0.5114907270
1.6250000000	0.5368699138
1.6300000000	0.5664406583
1.6350000000	0.6007023013
1.6400000000	0.6403242863
1.6450000000	0.6861881865
1.6500000000	0.7394172157
1.6550000000	0.8014416107
1.6600000000	0.8741172474
1.6650000000	0.9598343188
1.6700000000	1.0607713958
1.6750000000	1.1828318221
1.6800000000	1.3308413286
1.6850000000	1.5125172754
1.6900000000	1.7386904700
1.6950000000	2.0250449183
1.7000000000	2.3947971273
1.7050000000	2.8986908379
1.7100000000	3.5905391918
1.7150000000	4.5758204410
1.7200000000	6.0408994782
1.7250000000	8.3131489328
1.7300000000	11.8304779154
1.7350000000	16.8970679892
1.7400000000	24.4426262055
1.7450000000	37.4957291358
1.7500000000	53.8916884981
1.7550000000	54.9641958129
1.7600000000	38.4742493955
1.7650000000	23.8510179868
1.7700000000	15.1915778321
1.7750000000	10.2684690145
1.7800000000	7.3484771327
1.7850000000	5.5275183014
1.7900000000	4.3510485185
1.7950000000	3.5898216041
1.8000000000	3.1235888683
1.8050000000	2.8171594367
1.8100000000	2.4438746462
1.8150000000	1.9821105132
1.8200000000	1.6140633619
1.8250000000	1.3863304861
1.8300000000	1.2157640548
1.8350000000	1.0703329630
1.8400000000	0.9505021595
1.8450000000	0.8521952505
1.8500000000	0.7701679916
1.8550000000	0.7001221778
1.8600000000	0.6328060558
1.8650000000	0.5739407602
1.8700000000	0.5114266952
1.8750000000	0.4184568370
1.8800000000	0.2095556106
1.8850000000	-0.2403057912
1.8900000000	-0.8407004969
1.8950000000	-0.9340898962
1.9000000000	0.0590834112
1.9050000000	0.9786227477
1.9100000000	1.0859985722
1.9150000000	0.9137630152
1.9200000000	0.7458409702
1.9250000000	0.6280335551
1.9300000000	0.5587823724
1.9350000000	0.5084104275
1.9400000000	0.4789949928
1.9450000000	0.4640919480
1.9500000000	0.4543231427
1.9550000000	0.4381879410
1.9600000000	0.4163610149
1.9650000000	0.3978779764
1.9700000000	0.3864030598
1.9750000000	0.3815758387
1.9800000000	0.3826680287
1.9850000000	0.3896766887
1.9900000000	0.4034049113
1.9950000000	0.4249228509
2.0000000000	0.4531916737
2.0050000000	0.4812881967
2.0100000000	0.4912659085
2.0150000000	0.4834966171
2.0200000000	0.4739619741
2.0250000000	0.4724920955
2.0300000000	0.4807151623
2.0350000000	0.4979395622
2.0400000000	0.5238352025
2.0450000000	0.5589613493
2.0500000000	0.6046451857
2.0550000000	0.6622988803
2.0600000000	0.7316948335
2.0650000000	0.8096806608
2.0700000000	0.8952675297
2.0750000000	0.9976652621
2.0800000000	1.1330391899
2.0850000000	1.3160864149
2.0900000000	1.5555912133
2.0950000000	1.8373505865
2.1000000000	2.1013013957
2.1050000000	2.2635242456
2.1100000000	2.2845593268
2.1150000000	2.2593523691
2.1200000000	2.2932478062
2.1250000000	2.4396119380
2.1300000000	2.7250545393
2.1350000000	3.1799329229
2.1400000000	3.8543289344
2.1450000000	4.8259955095
2.1500000000	6.1955665410
2.1550000000	8.0322463526
2.1600000000	10.1860014102
2.1650000000	11.9818280764
2.1700000000	12.3930710120
2.1750000000	11.0763227898
2.1800000000	8.9266177156
2.1850000000	6.8768988783
2.1900000000	5.2810627137
2.1950000000	4.1350652888
2.2000000000	3.3388941006
2.2050000000	2.7982559734
2.2100000000	2.4291366367
2.2150000000	2.1439663812
2.2200000000	1.8768905856
2.2250000000	1.6116023191
2.2300000000	1.3663591514
2.2350000000	1.1550646450
2.2400000000	0.9771855149
2.2450000000	0.8251511683
2.2500000000	0.6908150219
2.2550000000	0.5690567759
2.2600000000	0.4475882455
2.2650000000	0.3573990896
2.2700000000	0.3060570152
2.2750000000	0.3134675355
2.2800000000	0.3773849340
2.2850000000	0.4599254881
2.2900000000	0.5192696174
2.2950000000	0.5433687276
2.3000000000	0.5425783283
2.3050000000	0.5287168192
2.3100000000	0.5114277819
2.3150000000	0.4951334874
2.3200000000	0.4815656353
2.3250000000	0.4715662262
2.3300000000	0.4656552768
2.3350000000	0.4641294107
2.3400000000	0.4671530236
2.3450000000	0.4748770205
2.3500000000	0.4874869821
2.3550000000	0.5054812439
2.3600000000	0.5281740645
2.3650000000	0.5557925676
2.3700000000	0.5881987270
2.3750000000	0.6257110738
2.3800000000	0.6696414686
2.3850000000	0.7216102455
2.3900000000	0.7821291359
2.3950000000	0.8489783820
2.4000000000	0.9161411788
2.4050000000	0.9779504069
2.4100000000	1.0196004428
2.4150000000	1.0382771472
2.4200000000	1.0407554614
2.4250000000	1.0389031297
2.4300000000	1.0436288043
2.4350000000	1.0619154162
2.4400000000	1.0969853620
2.4450000000	1.1500539635
2.4500000000	1.2223557068
2.4550000000	1.3162537423
2.4600000000	1.4368901906
2.4650000000	1.5893452568
2.4700000000	1.7785877654
2.4750000000	2.0072079668
2.4800000000	2.2726191943
2.4850000000	2.5631504145
2.4900000000	2.8535840588
2.4950000000	3.1030331768
2.5000000000	3.2609852167
2.5050000000	3.2756576983
2.5100000000	3.1276423506
2.5150000000	2.8567795913
2.5200000000	2.5252885206
2.5250000000	2.1873416542
2.5300000000	1.8756823158
2.5350000000	1.6038565321
2.5400000000	1.3736188564
2.5450000000	1.1813359093
2.5500000000	1.0218917591
2.5550000000	0.8906994818
2.5600000000	0.7805806734
2.5650000000	0.6973199253
2.5700000000	0.6363486743
2.5750000000	0.5954575826
2.5800000000	0.5704202668
2.5850000000	0.5555713678
2.5900000000	0.5456525714
2.5950000000	0.5374103062
2.6000000000	0.5297625230
2.6050000000	0.5264831010
2.6100000000	0.5250544462
2.6150000000	0.5264275535
2.6200000000	0.5311102515
2.6250000000	0.5392039690
2.6300000000	0.5504245342
2.6350000000	0.5641180844
2.6400000000	0.5792835196
2.6450000000	0.5946632094
2.6500000000	0.6089417795
2.6550000000	0.6210577461
2.6600000000	0.6305476512
2.6650000000	0.6377748927
2.6700000000	0.6438704277
2.6750000000	0.6504830610
2.6800000000	0.6592062849
2.6850000000	0.6715763124
2.6900000000	0.6887039502
2.6950000000	0.7113180620
2.7000000000	0.7398105465
2.7050000000	0.7782810944
2.7100000000	0.8243538580
2.7150000000	0.8774769754
2.7200000000	0.9364056067
2.7250000000	0.9989515013
2.7300000000	1.0617669724
2.7350000000	1.1203159862
2.7400000000	1.1692056646
2.7450000000	1.2029878522
2.7500000000	1.2173162771
2.7550000000	1.2100806798
2.7600000000	1.1820040047
2.7650000000	1.1364016766
2.7700000000	1.0782454039
2.7750000000	1.0129879047
2.7800000000	0.9455977923
2.7850000000	0.8800184694
2.7900000000	0.8185254598
2.7950000000	0.7635848798
2.8000000000	0.7157043216
2.8050000000	0.6705420028
2.8100000000	0.6339245985
2.8150000000	0.6046571176
2.8200000000	0.5814593076
2.8250000000	0.5631819821
2.8300000000	0.5488761038
2.8350000000	0.5377859869
2.8400000000	0.5293006397
2.8450000000	0.5229223366
2.8500000000	0.5182570306
2.8550000000	0.5150340606
2.8600000000	0.5131279483
2.8650000000	0.5125654651
2.8700000000	0.5135009394
2.8750000000	0.5161669763
2.8800000000	0.5208105487
2.8850000000	0.5276342354
2.8900000000	0.5367506608
2.8950000000	0.5481518345
2.9000000000	0.5616832242
2.9050000000	0.5808853297
2.9100000000	0.6011718105
2.9150000000	0.6212957450
2.9200000000	0.6396920432
2.9250000000	0.6546924834
2.9300000000	0.6647677615
2.9350000000	0.6687985934
2.9400000000	0.6663046671
2.9450000000	0.6575419307
2.9500000000	0.6434317387
2.9550000000	0.6253424811
2.9600000000	0.6048117602
2.9650000000	0.5832906653
2.9700000000	0.5619754304
2.9750000000	0.5417317437
2.9800000000	0.5231028294
2.9850000000	0.5063652524
2.9900000000	0.4916032955
2.9950000000	0.4787796427
3.0000000000	0.4677927340
