# energy (eV)    P(omega), $W$ = 400 nm, $h$ = 300 nm, $s$ = 20 nm, $d/W = 5$, $E_{\rm e}$ = 200 keV
0.2000000000	0.0437339377
0.2050000000	0.0441431957
0.2100000000	0.0444229657
0.2150000000	0.0445686092
0.2200000000	0.0445735039
0.2250000000	0.0444284972
0.2300000000	0.0441214651
0.2350000000	0.0436365114
0.2400000000	0.0429530934
0.2450000000	0.0420447268
0.2500000000	0.0408774061
0.2550000000	0.0394074128
0.2600000000	0.0375782950
0.2650000000	0.0394455980
0.2700000000	0.0442111996
0.2750000000	0.0510233504
0.2800000000	0.0605021069
0.2850000000	0.0744607467
0.2900000000	0.0917228061
0.2950000000	0.1164403618
0.3000000000	0.1496178622
0.3050000000	0.2004205963
0.3100000000	0.2710844061
0.3150000000	0.4077552862
0.3200000000	0.6209254282
0.3250000000	0.7661869117
0.3300000000	0.9669377484
0.3350000000	1.2512542480
0.3400000000	1.6972779626
0.3450000000	2.4620230362
0.3500000000	3.9860705876
0.3550000000	7.5114326428
0.3600000000	18.4380978316
0.3650000000	0.1128517069
0.3700000000	8.5124540534
0.3750000000	11.1837766681
0.3800000000	5.2023316784
0.3850000000	2.9250966197
0.3900000000	1.8725060944
0.3950000000	1.3168061525
0.4000000000	0.9951849688
0.4050000000	0.7856113093
0.4100000000	0.6491689253
0.4150000000	0.5591103579
0.4200000000	0.5020457408
0.4250000000	0.4571946353
0.4300000000	0.4044930072
0.4350000000	0.3627823533
0.4400000000	0.3297802578
0.4450000000	0.3035183552
0.4500000000	0.2827515712
0.4550000000	0.2662467808
0.4600000000	0.2533232545
0.4650000000	0.2432667472
0.4700000000	0.2356032635
0.4750000000	0.2299994334
0.4800000000	0.2261650441
0.4850000000	0.2238465691
0.4900000000	0.2228918143
0.4950000000	0.2231833923
0.5000000000	0.2246202305
0.5050000000	0.2271552584
0.5100000000	0.2307489126
0.5150000000	0.2353764513
0.5200000000	0.2410436786
0.5250000000	0.2477540911
0.5300000000	0.2556076005
0.5350000000	0.2646449546
0.5400000000	0.2749437120
0.5450000000	0.2866073826
0.5500000000	0.2997832126
0.5550000000	0.3146320097
0.5600000000	0.3313501644
0.5650000000	0.3501910237
0.5700000000	0.3715053251
0.5750000000	0.3955494167
0.5800000000	0.4228098199
0.5850000000	0.4539525653
0.5900000000	0.4894190506
0.5950000000	0.5301533168
0.6000000000	0.5774021118
0.6050000000	0.6320885899
0.6100000000	0.6963559266
0.6150000000	0.7719669156
0.6200000000	0.8619614199
0.6250000000	0.9707034850
0.6300000000	1.1026234745
0.6350000000	1.2660806084
0.6400000000	1.4702645910
0.6450000000	1.7318938698
0.6500000000	2.0722767268
0.6550000000	2.5275389298
0.6600000000	3.1586648303
0.6650000000	4.0619227851
0.6700000000	5.4290334823
0.6750000000	7.6260524046
0.6800000000	11.5078044275
0.6850000000	19.2928289246
0.6900000000	38.6282176268
0.6950000000	108.3288644949
0.7000000000	524.8861508771
0.7050000000	254.9329593489
0.7100000000	65.4215766148
0.7150000000	27.7929752555
0.7200000000	15.1627375759
0.7250000000	9.5152048957
0.7300000000	6.5194207616
0.7350000000	4.7493166770
0.7400000000	3.6163531244
0.7450000000	2.8477108028
0.7500000000	2.3034681777
0.7550000000	1.9038128427
0.7600000000	1.6027080153
0.7650000000	1.3693095741
0.7700000000	1.1851430402
0.7750000000	1.0373474039
0.7800000000	0.9172870930
0.7850000000	0.8184606109
0.7900000000	0.7356978333
0.7950000000	0.6665898560
0.8000000000	0.6078427705
0.8050000000	0.5575236333
0.8100000000	0.5146860382
0.8150000000	0.4771488235
0.8200000000	0.4444709401
0.8250000000	0.4170255931
0.8300000000	0.3929940349
0.8350000000	0.3720899600
0.8400000000	0.3553886676
0.8450000000	0.3407946896
0.8500000000	0.3283887071
0.8550000000	0.3204151149
0.8600000000	0.3139662347
0.8650000000	0.3092562732
0.8700000000	0.3103858200
0.8750000000	0.3105538513
0.8800000000	0.3085706697
0.8850000000	0.2949837719
0.8900000000	0.2293190092
0.8950000000	-0.0984897688
0.9000000000	-1.8536616660
0.9050000000	-12.1833993323
0.9100000000	2.3156326949
0.9150000000	5.4836946975
0.9200000000	2.2744416324
0.9250000000	1.1825343762
0.9300000000	0.7217005814
0.9350000000	0.5017273667
0.9400000000	0.3831914503
0.9450000000	0.3175722308
0.9500000000	0.2711183877
0.9550000000	0.2401698279
0.9600000000	0.2212070901
0.9650000000	0.2057845161
0.9700000000	0.1951114134
0.9750000000	0.1883219983
0.9800000000	0.1849633262
0.9850000000	0.1860685484
0.9900000000	0.1908461045
0.9950000000	0.2027871082
1.0000000000	0.2283301752
1.0050000000	0.2853329572
1.0100000000	0.4327209845
1.0150000000	0.9326500849
1.0200000000	1.8347598554
1.0250000000	0.7918150328
1.0300000000	0.3723908654
1.0350000000	0.2479880628
1.0400000000	0.1990477121
1.0450000000	0.1758514275
1.0500000000	0.1638050460
1.0550000000	0.1570836229
1.0600000000	0.1534821512
1.0650000000	0.1518802569
1.0700000000	0.1516547833
1.0750000000	0.1525521693
1.0800000000	0.1541949407
1.0850000000	0.1567362531
1.0900000000	0.1606960947
1.0950000000	0.1654290753
1.1000000000	0.1709821824
1.1050000000	0.1773338631
1.1100000000	0.1845947377
1.1150000000	0.1928549124
1.1200000000	0.2022306539
1.1250000000	0.2128307048
1.1300000000	0.2249109531
1.1350000000	0.2386804299
1.1400000000	0.2544131003
1.1450000000	0.2724868991
1.1500000000	0.2932264373
1.1550000000	0.3175187567
1.1600000000	0.3460509128
1.1650000000	0.3799281950
1.1700000000	0.4204058813
1.1750000000	0.4679135032
1.1800000000	0.5254143649
1.1850000000	0.6636208922
1.1900000000	0.8361102909
1.1950000000	1.1871465550
1.2000000000	1.6460768097
1.2050000000	1.4129995449
1.2100000000	1.3232710852
1.2150000000	1.4586931086
1.2200000000	1.7367125836
1.2250000000	2.1686798025
1.2300000000	2.8275379173
1.2350000000	3.8706411774
1.2400000000	5.6278021011
1.2450000000	8.9356373897
1.2500000000	16.0962698041
1.2550000000	34.8137280982
1.2600000000	84.0136316210
1.2650000000	85.0184715748
1.2700000000	35.3272315382
1.2750000000	16.2868874490
1.2800000000	9.0071035223
1.2850000000	5.6548123740
1.2900000000	3.8682155944
1.2950000000	2.8125364898
1.3000000000	2.1397614202
1.3050000000	1.6862273234
1.3100000000	1.3656580973
1.3150000000	1.1330466945
1.3200000000	0.9593472548
1.3250000000	0.8269438225
1.3300000000	0.7249383227
1.3350000000	0.6462847184
1.3400000000	0.5866734627
1.3450000000	0.5435490803
1.3500000000	0.5181053337
1.3550000000	0.5140009711
1.3600000000	0.5426962213
1.3650000000	0.6348607350
1.3700000000	0.8773704440
1.3750000000	1.5017835315
1.3800000000	2.3616893991
1.3850000000	1.6790630047
1.3900000000	0.9020064054
1.3950000000	0.5558288986
1.4000000000	0.3812280265
1.4050000000	0.2598968720
1.4100000000	0.1272778922
1.4150000000	-0.1041590658
1.4200000000	-0.6595307768
1.4250000000	-2.1603744378
1.4300000000	-2.8781560715
1.4350000000	1.2688918981
1.4400000000	1.6346506942
1.4450000000	0.9721190442
1.4500000000	0.5991280994
1.4550000000	0.4105921396
1.4600000000	0.3056018995
1.4650000000	0.2333438212
1.4700000000	0.1711597597
1.4750000000	0.1697728453
1.4800000000	0.1960997309
1.4850000000	0.1796393731
1.4900000000	0.1635045039
1.4950000000	0.1526032397
1.5000000000	0.1451377291
1.5050000000	0.1401913791
1.5100000000	0.1369010984
1.5150000000	0.1354466860
1.5200000000	0.1345899340
1.5250000000	0.1349791055
1.5300000000	0.1368359612
1.5350000000	0.1406836669
1.5400000000	0.1476391837
1.5450000000	0.1601174518
1.5500000000	0.1835051080
1.5550000000	0.2285539450
1.5600000000	0.2965491051
1.5650000000	0.3066492901
1.5700000000	0.2425055764
1.5750000000	0.1962344742
1.5800000000	0.1744066657
1.5850000000	0.1651061832
1.5900000000	0.1620663199
1.5950000000	0.1625295463
1.6000000000	0.1652537688
1.6050000000	0.1697264688
1.6100000000	0.1756017192
1.6150000000	0.1827567118
1.6200000000	0.1912663186
1.6250000000	0.2011927616
1.6300000000	0.2126818378
1.6350000000	0.2259375409
1.6400000000	0.2412266952
1.6450000000	0.2588968535
1.6500000000	0.2793867766
1.6550000000	0.3032541221
1.6600000000	0.3312218535
1.6650000000	0.3642210618
1.6700000000	0.4031189493
1.6750000000	0.4501884767
1.6800000000	0.5073359673
1.6850000000	0.5775926630
1.6900000000	0.6652285828
1.6950000000	0.7764542529
1.7000000000	0.9205114267
1.7050000000	1.1175912953
1.7100000000	1.3895736202
1.7150000000	1.7794767995
1.7200000000	2.3639410310
1.7250000000	3.2772612041
1.7300000000	4.6877292606
1.7350000000	6.6464444761
1.7400000000	9.4294385632
1.7450000000	14.2634413980
1.7500000000	20.3927410496
1.7550000000	20.7795212458
1.7600000000	14.5568609653
1.7650000000	9.0374911966
1.7700000000	5.7671312503
1.7750000000	3.9072141042
1.7800000000	2.8046349808
1.7850000000	2.1189353287
1.7900000000	1.6797091689
1.7950000000	1.4024203204
1.8000000000	1.2436865000
1.8050000000	1.1466188632
1.8100000000	1.0016853166
1.8150000000	0.8020875519
1.8200000000	0.6430989097
1.8250000000	0.5505068582
1.8300000000	0.4823507251
1.8350000000	0.4233364765
1.8400000000	0.3747936712
1.8450000000	0.3353383247
1.8500000000	0.3027508411
1.8550000000	0.2752118909
1.8600000000	0.2491046252
1.8650000000	0.2265961699
1.8700000000	0.2031193527
1.8750000000	0.1683741095
1.8800000000	0.0890301712
1.8850000000	-0.0838927707
1.8900000000	-0.3156632716
1.8950000000	-0.3532310621
1.9000000000	0.0266769461
1.9050000000	0.3792485974
1.9100000000	0.4202821654
1.9150000000	0.3538322569
1.9200000000	0.2889111469
1.9250000000	0.2430992749
1.9300000000	0.2157357030
1.9350000000	0.1952813202
1.9400000000	0.1823901893
1.9450000000	0.1746450205
1.9500000000	0.1693163790
1.9550000000	0.1634349863
1.9600000000	0.1569770019
1.9650000000	0.1518893570
1.9700000000	0.1489283767
1.9750000000	0.1479802974
1.9800000000	0.1488965256
1.9850000000	0.1517474007
1.9900000000	0.1568403609
1.9950000000	0.1645509925
2.0000000000	0.1745535514
2.0050000000	0.1847274205
2.0100000000	0.1891251784
2.0150000000	0.1879763811
2.0200000000	0.1865551917
2.0250000000	0.1881078454
2.0300000000	0.1932283623
2.0350000000	0.2017880965
2.0400000000	0.2138187839
2.0450000000	0.2296959735
2.0500000000	0.2501026050
2.0550000000	0.2757653966
2.0600000000	0.3067539432
2.0650000000	0.3419663734
2.0700000000	0.3812936184
2.0750000000	0.4290338262
2.0800000000	0.4925700396
2.0850000000	0.5787780360
2.0900000000	0.6917178558
2.0950000000	0.8241516880
2.1000000000	0.9459562965
2.1050000000	1.0150798810
2.1100000000	1.0111408235
2.1150000000	0.9804272775
2.1200000000	0.9740134582
2.1250000000	1.0165719549
2.1300000000	1.1186117956
2.1350000000	1.2912083991
2.1400000000	1.5533750419
2.1450000000	1.9355405085
2.1500000000	2.4778717643
2.1550000000	3.2086685712
2.1600000000	4.0685576163
2.1650000000	4.7874503960
2.1700000000	4.9542948836
2.1750000000	4.4307979300
2.1800000000	3.5735313805
2.1850000000	2.7550927800
2.1900000000	2.1172145996
2.1950000000	1.6585930370
2.2000000000	1.3394466493
2.2050000000	1.1222308042
2.2100000000	0.9735684983
2.2150000000	0.8588062615
2.2200000000	0.7519133399
2.2250000000	0.6462732805
2.2300000000	0.5488238947
2.2350000000	0.4648619671
2.2400000000	0.3940905767
2.2450000000	0.3334902709
2.2500000000	0.2798397147
2.2550000000	0.2311422385
2.2600000000	0.1825075400
2.2650000000	0.1464594474
2.2700000000	0.1260136870
2.2750000000	0.1291461576
2.2800000000	0.1549705777
2.2850000000	0.1882845525
2.2900000000	0.2122563846
2.2950000000	0.2220152041
2.3000000000	0.2217300385
2.3050000000	0.2161835171
2.3100000000	0.2093911961
2.3150000000	0.2032482596
2.3200000000	0.1984906236
2.3250000000	0.1954024645
2.3300000000	0.1941102893
2.3350000000	0.1946854603
2.3400000000	0.1971942680
2.3450000000	0.2017297682
2.3500000000	0.2084121753
2.3550000000	0.2174919943
2.3600000000	0.2287142358
2.3650000000	0.2421879423
2.3700000000	0.2578699971
2.3750000000	0.2759286680
2.3800000000	0.2970013860
2.3850000000	0.3218574068
2.3900000000	0.3507072772
2.3950000000	0.3824056979
2.4000000000	0.4139292545
2.4050000000	0.4422636033
2.4100000000	0.4601859164
2.4150000000	0.4663258615
2.4200000000	0.4640566538
2.4250000000	0.4592079867
2.4300000000	0.4570647823
2.4350000000	0.4609494992
2.4400000000	0.4723460396
2.4450000000	0.4917438979
2.4500000000	0.5195645963
2.4550000000	0.5566614656
2.4600000000	0.6050986342
2.4650000000	0.6669270517
2.4700000000	0.7442269802
2.4750000000	0.8381416217
2.4800000000	0.9476876288
2.4850000000	1.0681038628
2.4900000000	1.1889513196
2.4950000000	1.2931888951
2.5000000000	1.3596828664
2.5050000000	1.3667278120
2.5100000000	1.3060261772
2.5150000000	1.1940160239
2.5200000000	1.0565473729
2.5250000000	0.9161899658
2.5300000000	0.7866234951
2.5350000000	0.6735371887
2.5400000000	0.5777011638
2.5450000000	0.4976324349
2.5500000000	0.4312235939
2.5550000000	0.3765831028
2.5600000000	0.3307294423
2.5650000000	0.2961092202
2.5700000000	0.2708335393
2.5750000000	0.2540002884
2.5800000000	0.2438597483
2.5850000000	0.2380528395
2.5900000000	0.2343845458
2.5950000000	0.2314967052
2.6000000000	0.2289410138
2.6050000000	0.2284157219
2.6100000000	0.2287795024
2.6150000000	0.2304391081
2.6200000000	0.2336088355
2.6250000000	0.2383204110
2.6300000000	0.2444247215
2.6350000000	0.2515928333
2.6400000000	0.2593221803
2.6450000000	0.2669791715
2.6500000000	0.2738961521
2.6550000000	0.2795288968
2.6600000000	0.2836320738
2.6650000000	0.2863749138
2.6700000000	0.2883131314
2.6750000000	0.2902610989
2.6800000000	0.2930075448
2.6850000000	0.2973077148
2.6900000000	0.3037015774
2.6950000000	0.3125380914
2.7000000000	0.3239988562
2.7050000000	0.3397543116
2.7100000000	0.3588856605
2.7150000000	0.3811504303
2.7200000000	0.4060102512
2.7250000000	0.4325244854
2.7300000000	0.4592566381
2.7350000000	0.4842615286
2.7400000000	0.5052243378
2.7450000000	0.5198012987
2.7500000000	0.5261161476
2.7550000000	0.5232459557
2.7600000000	0.5114795021
2.7650000000	0.4922180545
2.7700000000	0.4675780143
2.7750000000	0.4398882974
2.7800000000	0.4112761073
2.7850000000	0.3834346896
2.7900000000	0.3573439631
2.7950000000	0.3340696513
2.8000000000	0.3138348031
2.8050000000	0.2948119280
2.8100000000	0.2794794353
2.8150000000	0.2673206494
2.8200000000	0.2577795183
2.8250000000	0.2503521091
2.8300000000	0.2446176501
2.8350000000	0.2402360034
2.8400000000	0.2369275941
2.8450000000	0.2344606528
2.8500000000	0.2326507285
2.8550000000	0.2313720513
2.8600000000	0.2305694774
2.8650000000	0.2302636753
2.8700000000	0.2305386145
2.8750000000	0.2315174318
2.8800000000	0.2333304908
2.8850000000	0.2360871060
2.8900000000	0.2398534336
2.8950000000	0.2446384742
2.9000000000	0.2503835681
2.9050000000	0.2586052161
2.9100000000	0.2673564322
2.9150000000	0.2760921090
2.9200000000	0.2841253963
2.9250000000	0.2907238350
2.9300000000	0.2952124044
2.9350000000	0.2970947204
2.9400000000	0.2961526582
2.9450000000	0.2924898316
2.9500000000	0.2865017607
2.9550000000	0.2787803978
2.9600000000	0.2699930402
2.9650000000	0.2607705943
2.9700000000	0.2516328273
2.9750000000	0.2429558035
2.9800000000	0.2349745320
2.9850000000	0.2278073047
2.9900000000	0.2214878994
2.9950000000	0.2159974848
3.0000000000	0.2112891976
