# energy (eV)    P(omega), $W$ = 400 nm, $h$ = 300 nm, $s$ = 20 nm, $d/W = 50$, $E_{\rm e}$ = 200 keV
0.2000000000	0.0967404953
0.2050000000	0.0976363355
0.2100000000	0.0982596051
0.2150000000	0.0985998780
0.2200000000	0.0986424426
0.2250000000	0.0983672360
0.2300000000	0.0977477162
0.2350000000	0.0967492883
0.2400000000	0.0953272691
0.2450000000	0.0934242503
0.2500000000	0.0909665129
0.2550000000	0.0878593487
0.2600000000	0.0839806121
0.2650000000	0.0879998966
0.2700000000	0.0982292927
0.2750000000	0.1128598705
0.2800000000	0.1332320510
0.2850000000	0.1632506314
0.2900000000	0.2004132607
0.2950000000	0.2536605781
0.3000000000	0.3251918168
0.3050000000	0.4347825691
0.3100000000	0.5873393342
0.3150000000	0.8824694056
0.3200000000	1.3431322358
0.3250000000	1.6578623316
0.3300000000	2.0930452086
0.3350000000	2.7097057223
0.3400000000	3.6774458989
0.3450000000	5.3372905117
0.3500000000	8.6462587301
0.3550000000	16.3035373107
0.3600000000	40.0466360108
0.3650000000	0.2116913556
0.3700000000	18.5270323900
0.3750000000	24.3534181484
0.3800000000	11.3389376391
0.3850000000	6.3818700714
0.3900000000	4.0896812831
0.3950000000	2.8791630527
0.4000000000	2.1784003999
0.4050000000	1.7216500757
0.4100000000	1.4242890583
0.4150000000	1.2280945414
0.4200000000	1.1039486614
0.4250000000	1.0064123425
0.4300000000	0.8914564497
0.4350000000	0.8004746027
0.4400000000	0.7285044392
0.4450000000	0.6712576903
0.4500000000	0.6260281087
0.4550000000	0.5901247197
0.4600000000	0.5620680935
0.4650000000	0.5402995306
0.4700000000	0.5237862093
0.4750000000	0.5118036017
0.4800000000	0.5037199477
0.4850000000	0.4989823132
0.4900000000	0.4972616330
0.4950000000	0.4983041718
0.5000000000	0.5018926828
0.5050000000	0.5079279737
0.5100000000	0.5163282607
0.5150000000	0.5270429229
0.5200000000	0.5400908700
0.5250000000	0.5554855144
0.5300000000	0.5734543137
0.5350000000	0.5940947432
0.5400000000	0.6175860563
0.5450000000	0.6441661112
0.5500000000	0.6741709311
0.5550000000	0.7079684229
0.5600000000	0.7460074050
0.5650000000	0.7888652999
0.5700000000	0.8373400770
0.5750000000	0.8920195650
0.5800000000	0.9540112396
0.5850000000	1.0248287100
0.5900000000	1.1054850183
0.5950000000	1.1981278222
0.6000000000	1.3055935843
0.6050000000	1.4299967682
0.6100000000	1.5762118140
0.6150000000	1.7482663749
0.6200000000	1.9530882329
0.6250000000	2.2006194486
0.6300000000	2.5009778428
0.6350000000	2.8732133334
0.6400000000	3.3383037181
0.6450000000	3.9343723073
0.6500000000	4.7100557739
0.6550000000	5.7477828045
0.6600000000	7.1867195817
0.6650000000	9.2466357309
0.6700000000	12.3651714891
0.6750000000	17.3781532448
0.6800000000	26.2375406605
0.6850000000	44.0102955691
0.6900000000	88.1640721669
0.6950000000	247.3776901143
0.7000000000	1199.2561864118
0.7050000000	582.7799767611
0.7100000000	149.6347002649
0.7150000000	63.6034009516
0.7200000000	34.7182909009
0.7250000000	21.7989364896
0.7300000000	14.9438991132
0.7350000000	10.8924464118
0.7400000000	8.2986212762
0.7450000000	6.5384236796
0.7500000000	5.2917965635
0.7550000000	4.3761288663
0.7600000000	3.6860998251
0.7650000000	3.1511018346
0.7700000000	2.7288569758
0.7750000000	2.3899306975
0.7800000000	2.1145533186
0.7850000000	1.8878399488
0.7900000000	1.6979386753
0.7950000000	1.5393502558
0.8000000000	1.4045202175
0.8050000000	1.2890175743
0.8100000000	1.1906878162
0.8150000000	1.1045134343
0.8200000000	1.0294908368
0.8250000000	0.9665077167
0.8300000000	0.9113669810
0.8350000000	0.8634155817
0.8400000000	0.8251686663
0.8450000000	0.7917718837
0.8500000000	0.7634186763
0.8550000000	0.7453501507
0.8600000000	0.7308074158
0.8650000000	0.7202907757
0.8700000000	0.7233838981
0.8750000000	0.7242125644
0.8800000000	0.7199644851
0.8850000000	0.6884590589
0.8900000000	0.5346638372
0.8950000000	-0.2346644230
0.9000000000	-4.3571054515
0.9050000000	-28.6321988422
0.9100000000	5.4468801242
0.9150000000	12.9015666203
0.9200000000	5.3533349872
0.9250000000	2.7840031331
0.9300000000	1.6990860816
0.9350000000	1.1809471144
0.9400000000	0.9015540630
0.9450000000	0.7467545207
0.9500000000	0.6369586358
0.9550000000	0.5635908113
0.9600000000	0.5183642856
0.9650000000	0.4812527192
0.9700000000	0.4550682849
0.9750000000	0.4376548924
0.9800000000	0.4277471546
0.9850000000	0.4274661753
0.9900000000	0.4342611889
0.9950000000	0.4551139711
1.0000000000	0.5022591221
1.0050000000	0.6099244018
1.0100000000	0.8901524209
1.0150000000	1.8451674674
1.0200000000	3.5785455346
1.0250000000	1.5869336005
1.0300000000	0.7824773115
1.0350000000	0.5434399575
1.0400000000	0.4494735193
1.0450000000	0.4051922956
1.0500000000	0.3826240357
1.0550000000	0.3704162178
1.0600000000	0.3644027675
1.0650000000	0.3624301161
1.0700000000	0.3633018574
1.0750000000	0.3665694013
1.0800000000	0.3714436399
1.0850000000	0.3783581723
1.0900000000	0.3886183414
1.0950000000	0.4006865523
1.1000000000	0.4146845474
1.1050000000	0.4306037414
1.1100000000	0.4487091367
1.1150000000	0.4692352826
1.1200000000	0.4924705309
1.1250000000	0.5186684019
1.1300000000	0.5484852552
1.1350000000	0.5824071669
1.1400000000	0.6211157938
1.1450000000	0.6655117655
1.1500000000	0.7163328947
1.1550000000	0.7757286600
1.1600000000	0.8452105731
1.1650000000	0.9270095000
1.1700000000	1.0228533657
1.1750000000	1.1280021384
1.1800000000	1.2431271314
1.1850000000	1.6464340397
1.1900000000	2.0579338814
1.1950000000	2.8699420727
1.2000000000	3.9434060072
1.2050000000	3.4228408745
1.2100000000	3.2417209605
1.2150000000	3.5920277226
1.2200000000	4.2869152032
1.2250000000	5.3599317107
1.2300000000	6.9939078313
1.2350000000	9.5797088122
1.2400000000	13.9355828690
1.2450000000	22.1366828608
1.2500000000	39.8943139216
1.2550000000	86.3252502677
1.2600000000	208.4253603137
1.2650000000	211.0306162908
1.2700000000	87.7400412768
1.2750000000	40.4775968410
1.2800000000	22.4023136670
1.2850000000	14.0769766617
1.2900000000	9.6395451738
1.2950000000	7.0176082204
1.3000000000	5.3471090186
1.3050000000	4.2216932360
1.3100000000	3.4271850452
1.3150000000	2.8519345774
1.3200000000	2.4239891468
1.3250000000	2.0999273567
1.3300000000	1.8531402665
1.3350000000	1.6668719049
1.3400000000	1.5316478309
1.3450000000	1.4432299049
1.3500000000	1.4084385308
1.3550000000	1.4439211193
1.3600000000	1.5945990427
1.3650000000	1.9765863870
1.3700000000	2.9155668452
1.3750000000	5.2769586137
1.3800000000	8.5107041660
1.3850000000	5.9804428206
1.3900000000	3.1030721827
1.3950000000	1.8392908355
1.4000000000	1.2251284127
1.4050000000	0.8309217536
1.4100000000	0.4469021845
1.4150000000	-0.1660984957
1.4200000000	-1.5829755469
1.4250000000	-5.3723211307
1.4300000000	-7.1918062437
1.4350000000	3.2356036786
1.4400000000	4.1526773800
1.4450000000	2.4802945966
1.4500000000	1.5364870466
1.4550000000	1.0563061053
1.4600000000	0.7829060383
1.4650000000	0.5796365478
1.4700000000	0.3802563899
1.4750000000	0.4093908003
1.4800000000	0.5371020262
1.4850000000	0.4895915306
1.4900000000	0.4388268762
1.4950000000	0.4054346537
1.5000000000	0.3831342464
1.5050000000	0.3683750755
1.5100000000	0.3584209501
1.5150000000	0.3533921718
1.5200000000	0.3499371114
1.5250000000	0.3495123688
1.5300000000	0.3524599269
1.5350000000	0.3597444116
1.5400000000	0.3735496567
1.5450000000	0.3986497982
1.5500000000	0.4457261029
1.5550000000	0.5360876877
1.5600000000	0.6721683505
1.5650000000	0.6930575263
1.5700000000	0.5670136062
1.5750000000	0.4770863808
1.5800000000	0.4361067710
1.5850000000	0.4203651846
1.5900000000	0.4174359935
1.5950000000	0.4218808996
1.6000000000	0.4312825155
1.6050000000	0.4447095258
1.6100000000	0.4615090423
1.6150000000	0.4815006585
1.6200000000	0.5049571790
1.6250000000	0.5321105510
1.6300000000	0.5633938319
1.6350000000	0.5993839116
1.6400000000	0.6408255514
1.6450000000	0.6886777916
1.6500000000	0.7441471191
1.6550000000	0.8087647398
1.6600000000	0.8845147820
1.6650000000	0.9739557715
1.6700000000	1.0795300312
1.6750000000	1.2074036227
1.6800000000	1.3629041861
1.6850000000	1.5544506936
1.6900000000	1.7939585627
1.6950000000	2.0988438681
1.7000000000	2.4951981369
1.7050000000	3.0400041801
1.7100000000	3.7965495457
1.7150000000	4.8897158741
1.7200000000	6.5440733054
1.7250000000	9.1520293842
1.7300000000	13.1680638262
1.7350000000	18.4996411081
1.7400000000	25.6064958876
1.7450000000	38.0184741240
1.7500000000	53.9564425453
1.7550000000	54.8951378114
1.7600000000	38.4873982150
1.7650000000	23.9384233791
1.7700000000	15.3143630399
1.7750000000	10.4101003553
1.7800000000	7.5078376380
1.7850000000	5.7137660963
1.7900000000	4.5846564102
1.7950000000	3.9079333561
1.8000000000	3.5795071522
1.8050000000	3.4202637661
1.8100000000	3.0213092010
1.8150000000	2.3718573286
1.8200000000	1.8534577811
1.8250000000	1.5734127709
1.8300000000	1.3733344140
1.8350000000	1.1974636247
1.8400000000	1.0535817006
1.8450000000	0.9383010462
1.8500000000	0.8444610757
1.8550000000	0.7662065319
1.8600000000	0.6933046619
1.8650000000	0.6311553022
1.8700000000	0.5674806082
1.8750000000	0.4746174213
1.8800000000	0.2627590542
1.8850000000	-0.2004245958
1.8900000000	-0.8224669304
1.8950000000	-0.9266016471
1.9000000000	0.0859059945
1.9050000000	1.0279939626
1.9100000000	1.1377955774
1.9150000000	0.9597526031
1.9200000000	0.7854917450
1.9250000000	0.6621274668
1.9300000000	0.5878469452
1.9350000000	0.5316265979
1.9400000000	0.4950286123
1.9450000000	0.4716829949
1.9500000000	0.4554579774
1.9550000000	0.4402934131
1.9600000000	0.4256690494
1.9650000000	0.4147415853
1.9700000000	0.4086637055
1.9750000000	0.4071281687
1.9800000000	0.4098307030
1.9850000000	0.4169178343
1.9900000000	0.4290114364
1.9950000000	0.4468716732
2.0000000000	0.4698860627
2.0050000000	0.4945201312
2.0100000000	0.5085802021
2.0150000000	0.5128623636
2.0200000000	0.5179633579
2.0250000000	0.5305000926
2.0300000000	0.5519717065
2.0350000000	0.5825969065
2.0400000000	0.6231012307
2.0450000000	0.6751437889
2.0500000000	0.7412896599
2.0550000000	0.8243593167
2.0600000000	0.9253891203
2.0650000000	1.0420540686
2.0700000000	1.1753371506
2.0750000000	1.3399971641
2.0800000000	1.5607465164
2.0850000000	1.8612969820
2.0900000000	2.2555133503
2.0950000000	2.7161159069
2.1000000000	3.1311303140
2.1050000000	3.3442559451
2.1100000000	3.2774324629
2.1150000000	3.0978867673
2.1200000000	2.9891832424
2.1250000000	3.0355195271
2.1300000000	3.2656720905
2.1350000000	3.7057170526
2.1400000000	4.4041058641
2.1450000000	5.4427444029
2.1500000000	6.9334193401
2.1550000000	8.9578708689
2.1600000000	11.3523194661
2.1650000000	13.3602615240
2.1700000000	13.8311265368
2.1750000000	12.3762480240
2.1800000000	9.9874683647
2.1850000000	7.7034129517
2.1900000000	5.9200370069
2.1950000000	4.6342707993
2.2000000000	3.7353366212
2.2050000000	3.1187179087
2.2100000000	2.6932161890
2.2150000000	2.3659676008
2.2200000000	2.0678506829
2.2250000000	1.7795228585
2.2300000000	1.5162980556
2.2350000000	1.2899371301
2.2400000000	1.0986277940
2.2450000000	0.9340510352
2.2500000000	0.7876677459
2.2550000000	0.6544716104
2.2600000000	0.5213655041
2.2650000000	0.4237585285
2.2700000000	0.3697311647
2.2750000000	0.3809778345
2.2800000000	0.4549204913
2.2850000000	0.5495825104
2.2900000000	0.6184000157
2.2950000000	0.6479089559
2.3000000000	0.6496799153
2.3050000000	0.6370023310
2.3100000000	0.6208749562
2.3150000000	0.6064090855
2.3200000000	0.5956107165
2.3250000000	0.5894542737
2.3300000000	0.5886154498
2.3350000000	0.5936139141
2.3400000000	0.6048940851
2.3450000000	0.6229308433
2.3500000000	0.6482502715
2.3550000000	0.6817235009
2.3600000000	0.7226703360
2.3650000000	0.7713861194
2.3700000000	0.8277215375
2.3750000000	0.8922809648
2.3800000000	0.9673784100
2.3850000000	1.0557804658
2.3900000000	1.1581522884
2.3950000000	1.2701055874
2.4000000000	1.3802538200
2.4050000000	1.4765807947
2.4100000000	1.5326281760
2.4150000000	1.5432859542
2.4200000000	1.5210452464
2.4250000000	1.4873084525
2.4300000000	1.4611981929
2.4350000000	1.4544128387
2.4400000000	1.4717987967
2.4450000000	1.5144255628
2.4500000000	1.5828465615
2.4550000000	1.6788645460
2.4600000000	1.8082746610
2.4650000000	1.9769435696
2.4700000000	2.1911580587
2.4750000000	2.4546581248
2.4800000000	2.7650766100
2.4850000000	3.1090601299
2.4900000000	3.4566059022
2.4950000000	3.7582576051
2.5000000000	3.9523622333
2.5050000000	3.9754953379
2.5100000000	3.8027740469
2.5150000000	3.4811809969
2.5200000000	3.0852887627
2.5250000000	2.6804443853
2.5300000000	2.3063876762
2.5350000000	1.9797458046
2.5400000000	1.7028862418
2.5450000000	1.4716278952
2.5500000000	1.2799614880
2.5550000000	1.1224908728
2.5600000000	0.9906304283
2.5650000000	0.8915965448
2.5700000000	0.8199733211
2.5750000000	0.7732038813
2.5800000000	0.7462339213
2.5850000000	0.7321900192
2.5900000000	0.7246452177
2.5950000000	0.7196064972
2.6000000000	0.7157743866
2.6050000000	0.7187165763
2.6100000000	0.7247834765
2.6150000000	0.7353191649
2.6200000000	0.7510357307
2.6250000000	0.7719989809
2.6300000000	0.7975975934
2.6350000000	0.8265188849
2.6400000000	0.8567578091
2.6450000000	0.8857764128
2.6500000000	0.9108921398
2.6550000000	0.9299111335
2.6600000000	0.9418244406
2.6650000000	0.9472580989
2.6700000000	0.9483486338
2.6750000000	0.9482187353
2.6800000000	0.9498935566
2.6850000000	0.9562188688
2.6900000000	0.9691933754
2.6950000000	0.9900643505
2.7000000000	1.0194471690
2.7050000000	1.0617939003
2.7100000000	1.1149537088
2.7150000000	1.1781449645
2.7200000000	1.2497083952
2.7250000000	1.3267973431
2.7300000000	1.4050950009
2.7350000000	1.4787701385
2.7400000000	1.5408885298
2.7450000000	1.5844160450
2.7500000000	1.6036996981
2.7550000000	1.5959156612
2.7600000000	1.5618511236
2.7650000000	1.5056175662
2.7700000000	1.4334768527
2.7750000000	1.3523453447
2.7800000000	1.2685576351
2.7850000000	1.1871681798
2.7900000000	1.1111059500
2.7950000000	1.0435675530
2.8000000000	0.9852162851
2.8050000000	0.9308459704
2.8100000000	0.8875884948
2.8150000000	0.8538397936
2.8200000000	0.8278646154
2.8250000000	0.8080779988
2.8300000000	0.7931427047
2.8350000000	0.7819606410
2.8400000000	0.7736140333
2.8450000000	0.7673310971
2.8500000000	0.7624944716
2.8550000000	0.7586905308
2.8600000000	0.7557647141
2.8650000000	0.7538424874
2.8700000000	0.7532868745
2.8750000000	0.7546066663
2.8800000000	0.7583375004
2.8850000000	0.7649357502
2.8900000000	0.7747035235
2.8950000000	0.7877400359
2.9000000000	0.8039153396
2.9050000000	0.8276800034
2.9100000000	0.8534332445
2.9150000000	0.8795002650
2.9200000000	0.9037689872
2.9250000000	0.9239751780
2.9300000000	0.9380239339
2.9350000000	0.9443572674
2.9400000000	0.9422625090
2.9450000000	0.9320082418
2.9500000000	0.9147555774
2.9550000000	0.8922675236
2.9600000000	0.8665417985
2.9650000000	0.8394695399
2.9700000000	0.8126070627
2.9750000000	0.7870760749
2.9800000000	0.7635713639
2.9850000000	0.7424347000
2.9900000000	0.7237530482
2.9950000000	0.7074556773
3.0000000000	0.6933902999
