# energy (eV)    P(omega), $W$ = 400 nm, $h$ = 300 nm, $s$ = 20 nm, $d/W = 50$, $E_{\rm e}$ = 200 keV
0.2000000000	0.2023675997
0.2050000000	0.2042395347
0.2100000000	0.2055402311
0.2150000000	0.2062479505
0.2200000000	0.2063319615
0.2250000000	0.2057503455
0.2300000000	0.2044476156
0.2350000000	0.2023514306
0.2400000000	0.1993683614
0.2450000000	0.1953783043
0.2500000000	0.1902270695
0.2550000000	0.1837165333
0.2600000000	0.1755911437
0.2650000000	0.1840019970
0.2700000000	0.2054128224
0.2750000000	0.2360348123
0.2800000000	0.2786724596
0.2850000000	0.3414974192
0.2900000000	0.4192690983
0.2950000000	0.5306979206
0.3000000000	0.6803818249
0.3050000000	0.9097010651
0.3100000000	1.2289124199
0.3150000000	1.8464385741
0.3200000000	2.8102820792
0.3250000000	3.4686914266
0.3300000000	4.3790611831
0.3350000000	5.6690332621
0.3400000000	7.6933802566
0.3450000000	11.1654302228
0.3500000000	18.0869844094
0.3550000000	34.1037981820
0.3600000000	83.7663843418
0.3650000000	0.4454747062
0.3700000000	38.7496406057
0.3750000000	50.9337997114
0.3800000000	23.7136853787
0.3850000000	13.3461060583
0.3900000000	8.5521540838
0.3950000000	6.0204845618
0.4000000000	4.5549313349
0.4050000000	3.5997121941
0.4100000000	2.9778300988
0.4150000000	2.5675140631
0.4200000000	2.3078620210
0.4250000000	2.1038609707
0.4300000000	1.8634612410
0.4350000000	1.6731971044
0.4400000000	1.5226893935
0.4450000000	1.4029697435
0.4500000000	1.3083778214
0.4550000000	1.2332862404
0.4600000000	1.1746006324
0.4650000000	1.1290614569
0.4700000000	1.0945087365
0.4750000000	1.0694269717
0.4800000000	1.0524950925
0.4850000000	1.0425566768
0.4900000000	1.0389233346
0.4950000000	1.0410642603
0.5000000000	1.0485247593
0.5050000000	1.0610971247
0.5100000000	1.0786098450
0.5150000000	1.1009568859
0.5200000000	1.1281771115
0.5250000000	1.1602980831
0.5300000000	1.1977945112
0.5350000000	1.2408694448
0.5400000000	1.2898969438
0.5450000000	1.3453730427
0.5500000000	1.4079992615
0.5550000000	1.4785433406
0.5600000000	1.5579418574
0.5650000000	1.6474000616
0.5700000000	1.7485835642
0.5750000000	1.8627191688
0.5800000000	1.9921183235
0.5850000000	2.1399406780
0.5900000000	2.3083002076
0.5950000000	2.5016797364
0.6000000000	2.7260001227
0.6050000000	2.9856738104
0.6100000000	3.2908758665
0.6150000000	3.6500119643
0.6200000000	4.0775422090
0.6250000000	4.5942182779
0.6300000000	5.2211569060
0.6350000000	5.9981199587
0.6400000000	6.9688909178
0.6450000000	8.2130401338
0.6500000000	9.8320792785
0.6550000000	11.9980495652
0.6600000000	15.0014118668
0.6650000000	19.3008519734
0.6700000000	25.8097801236
0.6750000000	36.2726560004
0.6800000000	54.7634255471
0.6850000000	91.8572888665
0.6900000000	184.0106776524
0.6950000000	516.3023520979
0.7000000000	2502.9252252848
0.7050000000	1216.2784443073
0.7100000000	312.2865966209
0.7150000000	132.7376585444
0.7200000000	72.4544514828
0.7250000000	45.4920127969
0.7300000000	31.1858091215
0.7350000000	22.7306539642
0.7400000000	17.3175320807
0.7450000000	13.6441612475
0.7500000000	11.0425858771
0.7550000000	9.1317031028
0.7600000000	7.6917117763
0.7650000000	6.5752569732
0.7700000000	5.6941061379
0.7750000000	4.9868331344
0.7800000000	4.4121782372
0.7850000000	3.9390785021
0.7900000000	3.5428006004
0.7950000000	3.2118670452
0.8000000000	2.9305133511
0.8050000000	2.6894924331
0.8100000000	2.4843074769
0.8150000000	2.3044889084
0.8200000000	2.1479416644
0.8250000000	2.0165166494
0.8300000000	1.9014567295
0.8350000000	1.8013989596
0.8400000000	1.7215893980
0.8450000000	1.6519006000
0.8500000000	1.5927358532
0.8550000000	1.5550274417
0.8600000000	1.5246757524
0.8650000000	1.5027242845
0.8700000000	1.5091631532
0.8750000000	1.5108800968
0.8800000000	1.5020097990
0.8850000000	1.4362894514
0.8900000000	1.1155081998
0.8950000000	-0.4890931154
0.9000000000	-9.0872291159
0.9050000000	-59.7169935139
0.9100000000	11.3606156150
0.9150000000	26.9081655513
0.9200000000	11.1653114015
0.9250000000	5.8066881586
0.9300000000	3.5440149886
0.9350000000	2.4634295373
0.9400000000	1.8807819606
0.9450000000	1.5579948316
0.9500000000	1.3290820515
0.9550000000	1.1761611080
0.9600000000	1.0819539647
0.9650000000	1.0047057309
0.9700000000	0.9502929440
0.9750000000	0.9142420224
0.9800000000	0.8939486188
0.9850000000	0.8938978622
0.9900000000	0.9088873295
0.9950000000	0.9537112014
1.0000000000	1.0544382021
1.0050000000	1.2839373418
1.0100000000	1.8809845604
1.0150000000	3.9153942942
1.0200000000	7.6086618436
1.0250000000	3.3666033394
1.0300000000	1.6528027620
1.0350000000	1.1434813315
1.0400000000	0.9431988344
1.0450000000	0.8487445564
1.0500000000	0.8005032478
1.0550000000	0.7743252556
1.0600000000	0.7613119237
1.0650000000	0.7568716971
1.0700000000	0.7584538708
1.0750000000	0.7650909553
1.0800000000	0.7751193688
1.0850000000	0.7894297687
1.0900000000	0.8107357728
1.0950000000	0.8358272955
1.1000000000	0.8649538274
1.1050000000	0.8980949365
1.1100000000	0.9358007515
1.1150000000	0.9785584167
1.1200000000	1.0269679667
1.1250000000	1.0815566396
1.1300000000	1.1436921929
1.1350000000	1.2143872651
1.1400000000	1.2950614531
1.1450000000	1.3875912619
1.1500000000	1.4935126299
1.1550000000	1.6173033294
1.1600000000	1.7621053575
1.1650000000	1.9325415942
1.1700000000	2.1321159012
1.1750000000	2.3505206911
1.1800000000	2.5884470463
1.1850000000	3.4330719616
1.1900000000	4.2909428399
1.1950000000	5.9824221524
1.2000000000	8.2191286463
1.2050000000	7.1345304487
1.2100000000	6.7574056164
1.2150000000	7.4877683192
1.2200000000	8.9363161950
1.2250000000	11.1730313830
1.2300000000	14.5790366583
1.2350000000	19.9690844337
1.2400000000	29.0487801946
1.2450000000	46.1436940911
1.2500000000	83.1587835923
1.2550000000	179.9420034126
1.2600000000	434.4534445891
1.2650000000	439.8824160799
1.2700000000	182.8891618889
1.2750000000	84.3732083473
1.2800000000	46.6963814272
1.2850000000	29.3427838054
1.2900000000	20.0933036391
1.2950000000	14.6281179011
1.3000000000	11.1461538968
1.3050000000	8.8003924049
1.3100000000	7.1444030645
1.3150000000	5.9454630469
1.3200000000	5.0536003196
1.3250000000	4.3783176792
1.3300000000	3.8641669936
1.3350000000	3.4762487548
1.3400000000	3.1948577216
1.3450000000	3.0112341935
1.3500000000	2.9397302731
1.3550000000	3.0153115026
1.3600000000	3.3321894257
1.3650000000	4.1337931845
1.3700000000	6.1028283253
1.3750000000	11.0533228723
1.3800000000	17.8321041289
1.3850000000	12.5286608450
1.3900000000	6.4979000255
1.3950000000	3.8495661947
1.4000000000	2.5631314969
1.4050000000	1.7382623916
1.4100000000	0.9360242675
1.4150000000	-0.3427597290
1.4200000000	-3.2966207181
1.4250000000	-11.1950237992
1.4300000000	-14.9876145001
1.4350000000	6.7452263273
1.4400000000	8.6563905359
1.4450000000	5.1705836217
1.4500000000	3.2033085283
1.4550000000	2.2023066728
1.4600000000	1.6321364951
1.4650000000	1.2076393536
1.4700000000	0.7903831439
1.4750000000	0.8524094168
1.4800000000	1.1210417724
1.4850000000	1.0217850743
1.4900000000	0.9155852193
1.4950000000	0.8457612722
1.5000000000	0.7991531487
1.5050000000	0.7683125436
1.5100000000	0.7475151173
1.5150000000	0.7369995888
1.5200000000	0.7297746691
1.5250000000	0.7288730200
1.5300000000	0.7350061469
1.5350000000	0.7501836975
1.5400000000	0.7789583794
1.5450000000	0.8312831561
1.5500000000	0.9294271098
1.5550000000	1.1178174660
1.5600000000	1.4015299002
1.5650000000	1.4450865271
1.5700000000	1.1823023337
1.5750000000	0.9948152448
1.5800000000	0.9093787518
1.5850000000	0.8765616844
1.5900000000	0.8704582062
1.5950000000	0.8797300488
1.6000000000	0.8993374008
1.6050000000	0.9273386592
1.6100000000	0.9623727893
1.6150000000	1.0040638604
1.6200000000	1.0529807001
1.6250000000	1.1096074163
1.6300000000	1.1748472720
1.6350000000	1.2499035484
1.6400000000	1.3363295986
1.6450000000	1.4361258802
1.6500000000	1.5518089354
1.6550000000	1.6865727916
1.6600000000	1.8445561702
1.6650000000	2.0310962787
1.6700000000	2.2512895708
1.6750000000	2.5179965750
1.6800000000	2.8423336626
1.6850000000	3.2418665043
1.6900000000	3.7414569325
1.6950000000	4.3774476242
1.7000000000	5.2042896975
1.7050000000	6.3409038910
1.7100000000	7.9194137289
1.7150000000	10.2005508845
1.7200000000	13.6532436277
1.7250000000	19.0968461872
1.7300000000	27.4791457501
1.7350000000	38.5992993882
1.7400000000	53.4062666429
1.7450000000	79.2686007872
1.7500000000	112.4846913879
1.7550000000	114.4378828766
1.7600000000	80.2338831472
1.7650000000	49.9052495057
1.7700000000	31.9276512133
1.7750000000	21.7044121683
1.7800000000	15.6547474940
1.7850000000	11.9155917010
1.7900000000	9.5632635085
1.7950000000	8.1550927451
1.8000000000	7.4745620888
1.8050000000	7.1469960936
1.8100000000	6.3146663228
1.8150000000	4.9554138971
1.8200000000	3.8703781563
1.8250000000	3.2849572215
1.8300000000	2.8669454679
1.8350000000	2.4994336426
1.8400000000	2.1988059420
1.8450000000	1.9580025436
1.8500000000	1.7620355476
1.8550000000	1.5986500261
1.8600000000	1.4464816040
1.8650000000	1.3167629032
1.8700000000	1.1838827156
1.8750000000	0.9901638597
1.8800000000	0.5484064686
1.8850000000	-0.4172236678
1.8900000000	-1.7139919261
1.8950000000	-1.9311136223
1.9000000000	0.1796135324
1.9050000000	2.1436013522
1.9100000000	2.3725370038
1.9150000000	2.0013899198
1.9200000000	1.6381238773
1.9250000000	1.3809667917
1.9300000000	1.2261456949
1.9350000000	1.1089942486
1.9400000000	1.0327767824
1.9450000000	0.9842121973
1.9500000000	0.9504745090
1.9550000000	0.9188545113
1.9600000000	0.8882754427
1.9650000000	0.8653922734
1.9700000000	0.8526397226
1.9750000000	0.8493726369
1.9800000000	0.8549433185
1.9850000000	0.8696419600
1.9900000000	0.8947479239
1.9950000000	0.9318308543
2.0000000000	0.9796231280
2.0050000000	1.0308479137
2.0100000000	1.0602458158
2.0150000000	1.0694792414
2.0200000000	1.0804836272
2.0250000000	1.1069635448
2.0300000000	1.1520403125
2.0350000000	1.2161938798
2.0400000000	1.3009635614
2.0450000000	1.4098350481
2.0500000000	1.5481866546
2.0550000000	1.7219371542
2.0600000000	1.9332871570
2.0650000000	2.1774203793
2.0700000000	2.4564426062
2.0750000000	2.8012557077
2.0800000000	3.2635799293
2.0850000000	3.8930669840
2.0900000000	4.7187461964
2.0950000000	5.6834132094
2.1000000000	6.5523079566
2.1050000000	6.9977361958
2.1100000000	6.8559616128
2.1150000000	6.4774280420
2.1200000000	6.2467866625
2.1250000000	6.3403214309
2.1300000000	6.8180314243
2.1350000000	7.7340972034
2.1400000000	9.1893802842
2.1450000000	11.3545880614
2.1500000000	14.4628705377
2.1550000000	18.6848363728
2.1600000000	23.6789337562
2.1650000000	27.8670837539
2.1700000000	28.8492691993
2.1750000000	25.8147472606
2.1800000000	20.8322244718
2.1850000000	16.0680248078
2.1900000000	12.3480250652
2.1950000000	9.6658239009
2.2000000000	7.7903528657
2.2050000000	6.5036089239
2.2100000000	5.6154853646
2.2150000000	4.9325128826
2.2200000000	4.3107318754
2.2250000000	3.7097473803
2.2300000000	3.1612593686
2.2350000000	2.6896172312
2.2400000000	2.2909818009
2.2450000000	1.9480080048
2.2500000000	1.6429125044
2.2550000000	1.3652865540
2.2600000000	1.0878478724
2.2650000000	0.8844677078
2.2700000000	0.7719783775
2.2750000000	0.7955882557
2.2800000000	0.9499118227
2.2850000000	1.1474330207
2.2900000000	1.2910716374
2.2950000000	1.3527600131
2.3000000000	1.3566239666
2.3050000000	1.3303715061
2.3100000000	1.2969113017
2.3150000000	1.2668780312
2.3200000000	1.2444475740
2.3250000000	1.2316706680
2.3300000000	1.2299876972
2.3350000000	1.2405094442
2.3400000000	1.2641803883
2.3450000000	1.3020019569
2.3500000000	1.3550791157
2.3550000000	1.4252345886
2.3600000000	1.5110500263
2.3650000000	1.6131389104
2.3700000000	1.7311868728
2.3750000000	1.8664591915
2.3800000000	2.0238059426
2.3850000000	2.2090257439
2.3900000000	2.4235100635
2.3950000000	2.6580537570
2.4000000000	2.8887763143
2.4050000000	3.0904540594
2.4100000000	3.2076199493
2.4150000000	3.2295559471
2.4200000000	3.1824498837
2.4250000000	3.1111683416
2.4300000000	3.0557899304
2.4350000000	3.0408198457
2.4400000000	3.0763926230
2.4450000000	3.1647188384
2.4500000000	3.3069186676
2.4550000000	3.5067230356
2.4600000000	3.7762199768
2.4650000000	4.1276527101
2.4700000000	4.5741553822
2.4750000000	5.1235536559
2.4800000000	5.7709301672
2.4850000000	6.4884394374
2.4900000000	7.2134859527
2.4950000000	7.8428666983
2.5000000000	8.2479155191
2.5050000000	8.2962663142
2.5100000000	7.9359640754
2.5150000000	7.2650198622
2.5200000000	6.4390256404
2.5250000000	5.5943339414
2.5300000000	4.8138707120
2.5350000000	4.1323355408
2.5400000000	3.5546732148
2.5450000000	3.0721637150
2.5500000000	2.6722716943
2.5550000000	2.3437409879
2.5600000000	2.0686588409
2.5650000000	1.8620878748
2.5700000000	1.7127294351
2.5750000000	1.6152499941
2.5800000000	1.5591026805
2.5850000000	1.5299427893
2.5900000000	1.5143550985
2.5950000000	1.5040043938
2.6000000000	1.4961786527
2.6050000000	1.5025253800
2.6100000000	1.5154161070
2.6150000000	1.5376653484
2.6200000000	1.5707647906
2.6250000000	1.6148511520
2.6300000000	1.6686401671
2.6350000000	1.7293750545
2.6400000000	1.7928444046
2.6450000000	1.8537176181
2.6500000000	1.9063600121
2.6550000000	1.9461635070
2.6600000000	1.9710083975
2.6650000000	1.9822080576
2.6700000000	1.9842465076
2.6750000000	1.9836770041
2.6800000000	1.9868478189
2.6850000000	1.9997287041
2.6900000000	2.0265108755
2.6950000000	2.0698080068
2.7000000000	2.1309079947
2.7050000000	2.2190789883
2.7100000000	2.3298593869
2.7150000000	2.4616143517
2.7200000000	2.6108771060
2.7250000000	2.7717026170
2.7300000000	2.9350773556
2.7350000000	3.0888267297
2.7400000000	3.2184736273
2.7450000000	3.3093320086
2.7500000000	3.3495985237
2.7550000000	3.3333757946
2.7600000000	3.2623043084
2.7650000000	3.1449644997
2.7700000000	2.9944263875
2.7750000000	2.8251271466
2.7800000000	2.6502900292
2.7850000000	2.4804663932
2.7900000000	2.3217704818
2.7950000000	2.1808757400
2.8000000000	2.0591660077
2.8050000000	1.9457859301
2.8100000000	1.8556084947
2.8150000000	1.7852816457
2.8200000000	1.7311787111
2.8250000000	1.6899868167
2.8300000000	1.6589104854
2.8350000000	1.6356535813
2.8400000000	1.6182965029
2.8450000000	1.6052245874
2.8500000000	1.5951460864
2.8550000000	1.5871960414
2.8600000000	1.5810526628
2.8650000000	1.5769808063
2.8700000000	1.5757440899
2.8750000000	1.5784113608
2.8800000000	1.5861079740
2.8850000000	1.5997930179
2.8900000000	1.6201020543
2.8950000000	1.6472457028
2.9000000000	1.6809549250
2.9050000000	1.7305158575
2.9100000000	1.7842480065
2.9150000000	1.8386533771
2.9200000000	1.8893200654
2.9250000000	1.9315182903
2.9300000000	1.9608711404
2.9350000000	1.9741232658
2.9400000000	1.9697838486
2.9450000000	1.9484116355
2.9500000000	1.9124292223
2.9550000000	1.8655162999
2.9600000000	1.8118428783
2.9650000000	1.7553564660
2.9700000000	1.6993056316
2.9750000000	1.6460314521
2.9800000000	1.5969838247
2.9850000000	1.5528754391
2.9900000000	1.5138871497
2.9950000000	1.4798705573
3.0000000000	1.4505073332
