# energy (eV)    P(omega), $W$ = 300 nm, $h$ = 300 nm, $s$ = 20 nm, $d/W = 100$, $E_{\rm e}$ = 200 keV
0.2000000000	0.3681007724
0.2050000000	0.3734888671
0.2100000000	0.3785480975
0.2150000000	0.3832886075
0.2200000000	0.3877194077
0.2250000000	0.3918477869
0.2300000000	0.3956792686
0.2350000000	0.3992172380
0.2400000000	0.4024627189
0.2450000000	0.4054137267
0.2500000000	0.4080653528
0.2550000000	0.4104081381
0.2600000000	0.4124284555
0.2650000000	0.4141067659
0.2700000000	0.4154168583
0.2750000000	0.4163239520
0.2800000000	0.4167830830
0.2850000000	0.4167367242
0.2900000000	0.4161110739
0.2950000000	0.4148126994
0.3000000000	0.4127219958
0.3050000000	0.4096870527
0.3100000000	0.4055132536
0.3150000000	0.4277827831
0.3200000000	0.4542327848
0.3250000000	0.4876716012
0.3300000000	0.5324252732
0.3350000000	0.5881448942
0.3400000000	0.6611149900
0.3450000000	0.7496782790
0.3500000000	0.8655690988
0.3550000000	1.0189689568
0.3600000000	1.2193714532
0.3650000000	1.4988506755
0.3700000000	1.8676271263
0.3750000000	2.3808937992
0.3800000000	3.1236140199
0.3850000000	4.2814342953
0.3900000000	6.1115538496
0.3950000000	9.2219043352
0.4000000000	15.1542763862
0.4050000000	28.4610659062
0.4100000000	64.7896068418
0.4150000000	208.0589024969
0.4200000000	132.4836191375
0.4250000000	-249.8806387827
0.4300000000	69.5895776500
0.4350000000	43.4059001707
0.4400000000	26.5628998635
0.4450000000	17.4917927283
0.4500000000	12.2672541769
0.4550000000	9.0506747063
0.4600000000	6.9548499676
0.4650000000	5.5261283877
0.4700000000	4.5159915078
0.4750000000	3.7852634338
0.4800000000	3.2434043544
0.4850000000	2.8356655190
0.4900000000	2.5244788094
0.4950000000	2.2846180374
0.5000000000	2.0988422351
0.5050000000	1.9544919620
0.5100000000	1.8434271974
0.5150000000	1.7596571195
0.5200000000	1.6968928969
0.5250000000	1.6523255553
0.5300000000	1.6229207244
0.5350000000	1.6064643309
0.5400000000	1.6013251212
0.5450000000	1.6061423410
0.5500000000	1.6205030052
0.5550000000	1.6436454000
0.5600000000	1.6751929662
0.5650000000	1.7149849893
0.5700000000	1.7628801141
0.5750000000	1.8192195232
0.5800000000	1.8845562593
0.5850000000	1.9592537811
0.5900000000	2.0440063887
0.5950000000	2.1396771601
0.6000000000	2.2473662548
0.6050000000	2.3686542020
0.6100000000	2.5050600471
0.6150000000	2.6586475558
0.6200000000	2.8321732808
0.6250000000	3.0282761767
0.6300000000	3.2508573138
0.6350000000	3.5047788728
0.6400000000	3.7951020050
0.6450000000	4.1291277945
0.6500000000	4.5164619872
0.6550000000	4.9671005314
0.6600000000	5.4964052973
0.6650000000	6.1241005812
0.6700000000	6.8733788518
0.6750000000	7.7795792108
0.6800000000	8.8902823346
0.6850000000	10.2677854257
0.6900000000	12.0086250174
0.6950000000	14.2477758150
0.7000000000	17.1997567415
0.7050000000	21.1924941281
0.7100000000	26.7817309139
0.7150000000	34.9568579285
0.7200000000	47.5600959341
0.7250000000	68.4862065223
0.7300000000	106.9065983419
0.7350000000	189.1377524231
0.7400000000	414.7232262107
0.7450000000	1376.5573695835
0.7500000000	4266.8389692241
0.7550000000	1073.9899622738
0.7600000000	355.8730820567
0.7650000000	170.6072607398
0.7700000000	99.2738711133
0.7750000000	64.8293873067
0.7800000000	45.6488701964
0.7850000000	33.9227020358
0.7900000000	26.2231253685
0.7950000000	20.9115406547
0.8000000000	17.0923023580
0.8050000000	14.2471244091
0.8100000000	12.0769937900
0.8150000000	10.3562094175
0.8200000000	8.9978186319
0.8250000000	7.9038369196
0.8300000000	7.0074785063
0.8350000000	6.2703897256
0.8400000000	5.6523894935
0.8450000000	5.1337238223
0.8500000000	4.6952716348
0.8550000000	4.3168335506
0.8600000000	3.9937675248
0.8650000000	3.7178529389
0.8700000000	3.4740106198
0.8750000000	3.2666609149
0.8800000000	3.0908270950
0.8850000000	2.9331701697
0.8900000000	2.8069316994
0.8950000000	2.6920850287
0.9000000000	2.6013166222
0.9050000000	2.5392795018
0.9100000000	2.4824536419
0.9150000000	2.4485700717
0.9200000000	2.4458992338
0.9250000000	2.4442197058
0.9300000000	2.4095355831
0.9350000000	2.3023454270
0.9400000000	1.6995909016
0.9450000000	-1.0450852542
0.9500000000	-15.5401923892
0.9550000000	-89.0990262652
0.9600000000	21.0368102938
0.9650000000	36.9700865555
0.9700000000	16.4047412558
0.9750000000	8.6143368741
0.9800000000	5.3992719665
0.9850000000	3.8952958569
0.9900000000	3.0284395502
0.9950000000	2.5026818745
1.0000000000	2.1669456606
1.0050000000	1.9541625542
1.0100000000	1.7890805623
1.0150000000	1.6684334739
1.0200000000	1.5872004409
1.0250000000	1.5188997837
1.0300000000	1.4669389414
1.0350000000	1.4275408299
1.0400000000	1.4024201443
1.0450000000	1.3813794105
1.0500000000	1.3673174700
1.0550000000	1.3594195829
1.0600000000	1.3595543817
1.0650000000	1.3625236501
1.0700000000	1.3704341967
1.0750000000	1.3833141455
1.0800000000	1.4025449482
1.0850000000	1.4269729088
1.0900000000	1.4632389479
1.0950000000	1.5063464680
1.1000000000	1.5577839212
1.1050000000	1.6169768218
1.1100000000	1.6858369561
1.1150000000	1.7658983584
1.1200000000	1.8590222441
1.1250000000	1.9674388692
1.1300000000	2.0943740490
1.1350000000	2.2437660273
1.1400000000	2.4201473830
1.1450000000	2.6315768312
1.1500000000	2.8869965723
1.1550000000	3.1992504861
1.1600000000	3.5864566492
1.1650000000	4.0721721749
1.1700000000	4.7002914324
1.1750000000	5.5292897900
1.1800000000	6.6557606993
1.1850000000	8.2383904438
1.1900000000	10.5765752756
1.1950000000	14.2445148456
1.2000000000	20.4629094434
1.2050000000	32.2105930525
1.2100000000	58.0501868953
1.2150000000	127.9025093841
1.2200000000	313.7886359684
1.2250000000	282.1118383066
1.2300000000	112.7496422669
1.2350000000	53.0599923734
1.2400000000	30.4574002337
1.2450000000	20.0914754610
1.2500000000	14.6369982927
1.2550000000	11.5049365132
1.2600000000	9.6171161667
1.2650000000	8.4553990412
1.2700000000	7.7897476366
1.2750000000	7.4714592760
1.2800000000	7.4319677262
1.2850000000	7.6442763494
1.2900000000	8.1120829364
1.2950000000	8.8613902932
1.3000000000	9.9802237133
1.3050000000	11.5826116597
1.3100000000	13.8767485280
1.3150000000	17.2217929371
1.3200000000	22.2616433664
1.3250000000	30.2250897097
1.3300000000	43.7971740348
1.3350000000	69.2091732593
1.3400000000	123.5192974064
1.3450000000	258.3654593849
1.3500000000	548.6874725906
1.3550000000	511.9570980220
1.3600000000	236.1484187348
1.3650000000	116.0393609262
1.3700000000	66.5465188461
1.3750000000	42.7920666176
1.3800000000	29.8395354038
1.3850000000	22.0378758326
1.3900000000	17.0113495513
1.3950000000	13.5833580397
1.4000000000	11.1476735663
1.4050000000	9.3622769769
1.4100000000	8.0213619033
1.4150000000	7.0044152932
1.4200000000	6.2303000860
1.4250000000	5.6912907716
1.4300000000	5.4384528305
1.4350000000	5.4202800611
1.4400000000	4.0376658440
1.4450000000	-0.0424721916
1.4500000000	-6.8347392400
1.4550000000	-2.0650993328
1.4600000000	7.7400128649
1.4650000000	4.2947232246
1.4700000000	-3.5682909520
1.4750000000	-16.3106839571
1.4800000000	-7.2412817957
1.4850000000	12.0525446633
1.4900000000	9.7648466250
1.4950000000	6.3239053719
1.5000000000	4.4448773800
1.5050000000	3.4310976137
1.5100000000	2.8522700993
1.5150000000	2.4994120593
1.5200000000	2.2701676022
1.5250000000	2.1263985996
1.5300000000	2.0151075566
1.5350000000	1.9365592760
1.5400000000	1.8824472023
1.5450000000	1.8481031291
1.5500000000	1.8303880278
1.5550000000	1.8287206750
1.5600000000	1.8472473655
1.5650000000	1.8818820731
1.5700000000	1.9421159304
1.5750000000	2.0383150706
1.5800000000	2.1902027229
1.5850000000	2.4362762040
1.5900000000	2.8577398866
1.5950000000	3.6343045188
1.6000000000	5.1455806179
1.6050000000	7.6416397697
1.6100000000	8.8025764446
1.6150000000	6.6533430378
1.6200000000	4.6401833591
1.6250000000	3.5857446597
1.6300000000	3.0659135126
1.6350000000	2.8088895599
1.6400000000	2.6907272951
1.6450000000	2.6540098975
1.6500000000	2.6701385682
1.6550000000	2.7261161052
1.6600000000	2.8143609632
1.6650000000	2.9318344246
1.6700000000	3.0779186088
1.6750000000	3.2535945597
1.6800000000	3.4611290792
1.6850000000	3.7037281631
1.6900000000	3.9846812163
1.6950000000	4.3028117978
1.7000000000	4.6578745351
1.7050000000	5.0415695552
1.7100000000	5.4919918912
1.7150000000	6.4423532672
1.7200000000	8.0220985983
1.7250000000	9.5553145991
1.7300000000	11.2665067737
1.7350000000	13.1364731291
1.7400000000	14.9314602525
1.7450000000	17.2213094876
1.7500000000	20.7001782545
1.7550000000	25.8919185466
1.7600000000	33.6671919486
1.7650000000	45.6562808151
1.7700000000	64.9690265814
1.7750000000	97.5033182775
1.7800000000	152.9328378383
1.7850000000	234.6578705557
1.7900000000	291.5561293195
1.7950000000	248.2008893955
1.8000000000	165.1309750822
1.8050000000	104.2421828151
1.8100000000	68.6958363883
1.8150000000	47.8623732974
1.8200000000	35.0412091076
1.8250000000	26.7284911348
1.8300000000	21.0831721946
1.8350000000	17.0967777792
1.8400000000	14.1904492298
1.8450000000	12.0128752495
1.8500000000	10.3425566103
1.8550000000	9.0407880008
1.8600000000	8.0105100896
1.8650000000	7.1854689607
1.8700000000	6.5181097335
1.8750000000	5.9728959852
1.8800000000	5.5208313300
1.8850000000	5.1351845948
1.8900000000	4.7841373551
1.8950000000	4.4198978155
1.9000000000	3.9606182703
1.9050000000	3.1274393102
1.9100000000	1.9557891007
1.9150000000	1.0762968411
1.9200000000	3.9147328521
1.9250000000	12.6197086511
1.9300000000	19.5398397884
1.9350000000	19.3708077178
1.9400000000	15.3227463448
1.9450000000	11.3812976570
1.9500000000	8.6069878512
1.9550000000	6.7845753628
1.9600000000	5.5775574525
1.9650000000	4.7706504398
1.9700000000	4.1850558230
1.9750000000	3.7557627811
1.9800000000	3.4285501163
1.9850000000	3.1642053407
1.9900000000	2.9329409466
1.9950000000	2.7089585698
2.0000000000	2.4882762794
2.0050000000	2.3497219840
2.0100000000	2.4323224538
2.0150000000	2.6566301617
2.0200000000	2.7982326475
2.0250000000	2.8422428777
2.0300000000	2.8609944019
2.0350000000	2.8889945814
2.0400000000	2.9399836950
2.0450000000	3.0181024043
2.0500000000	3.1266234681
2.0550000000	3.2686631987
2.0600000000	3.4443297662
2.0650000000	3.6417736022
2.0700000000	3.8315224370
2.0750000000	3.9910735990
2.0800000000	4.1388969525
2.0850000000	4.3139511892
2.0900000000	4.5417893777
2.0950000000	4.8324105557
2.1000000000	5.1954383754
2.1050000000	5.6269443303
2.1100000000	6.1571287455
2.1150000000	6.8079721201
2.1200000000	7.6105161124
2.1250000000	8.6084674044
2.1300000000	9.8635287013
2.1350000000	11.4638426253
2.1400000000	13.5367015551
2.1450000000	16.2681883242
2.1500000000	19.9293673152
2.1550000000	24.9038006702
2.1600000000	31.6823612550
2.1650000000	40.6809826681
2.1700000000	51.7364171681
2.1750000000	62.7407610668
2.1800000000	69.5826816889
2.1850000000	70.0472712916
2.1900000000	67.1313158446
2.1950000000	64.9294208889
2.2000000000	64.0201540374
2.2050000000	61.0273134299
2.2100000000	54.4758854248
2.2150000000	46.3457021249
2.2200000000	39.0087786448
2.2250000000	32.9908901891
2.2300000000	27.8299145460
2.2350000000	23.2915579845
2.2400000000	19.4534972054
2.2450000000	16.3959764047
2.2500000000	14.0429905641
2.2550000000	12.2565781711
2.2600000000	10.8958862036
2.2650000000	9.8247209411
2.2700000000	8.9018557728
2.2750000000	7.9940392937
2.2800000000	7.0504846904
2.2850000000	6.1847132348
2.2900000000	5.6156217938
2.2950000000	5.4590022604
2.3000000000	5.5833092646
2.3050000000	5.7375033667
2.3100000000	5.7715216147
2.3150000000	5.6877894087
2.3200000000	5.5511535773
2.3250000000	5.4284823029
2.3300000000	5.3544759078
2.3350000000	5.3367220284
2.3400000000	5.3603988713
2.3450000000	5.3900684325
2.3500000000	5.3808613559
2.3550000000	5.3041392888
2.3600000000	5.1679436091
2.3650000000	5.0075569361
2.3700000000	4.8592083021
2.3750000000	4.7441907686
2.3800000000	4.6686318926
2.3850000000	4.6291039062
2.3900000000	4.6197170627
2.3950000000	4.6341051738
2.4000000000	4.6745440111
2.4050000000	4.7527687447
2.4100000000	4.8731071915
2.4150000000	5.0415972836
2.4200000000	5.2621726963
2.4250000000	5.5403135881
2.4300000000	5.8835032628
2.4350000000	6.3016028821
2.4400000000	6.8073281566
2.4450000000	7.4169400749
2.4500000000	8.1509832812
2.4550000000	9.0353068372
2.4600000000	10.1016798914
2.4650000000	11.3882662874
2.4700000000	12.9388883029
2.4750000000	14.7975069403
2.4800000000	17.0098379709
2.4850000000	19.5941817438
2.4900000000	22.5254547264
2.4950000000	25.6978372638
2.5000000000	28.8862130237
2.5050000000	31.8582299356
2.5100000000	33.8444923308
2.5150000000	34.4057549978
2.5200000000	33.4486444576
2.5250000000	31.2689154725
2.5300000000	28.3639112590
2.5350000000	25.2027277278
2.5400000000	22.1088901318
2.5450000000	19.2604526078
2.5500000000	16.7341183815
2.5550000000	14.5460263146
2.5600000000	12.6656775485
2.5650000000	11.0832008341
2.5700000000	9.7626516806
2.5750000000	8.6817979295
2.5800000000	7.8239025301
2.5850000000	7.1702701711
2.5900000000	6.6894460538
2.5950000000	6.3368752512
2.6000000000	6.0660825140
2.6050000000	5.8733145186
2.6100000000	5.7049870481
2.6150000000	5.5585749792
2.6200000000	5.4371793111
2.6250000000	5.3441310771
2.6300000000	5.2816234058
2.6350000000	5.2507531743
2.6400000000	5.2521380286
2.6450000000	5.2863642275
2.6500000000	5.3546106175
2.6550000000	5.4571722100
2.6600000000	5.5958494452
2.6650000000	5.7724002338
2.6700000000	5.9889746248
2.6750000000	6.2481248708
2.6800000000	6.5526225079
2.6850000000	6.9052934993
2.6900000000	7.3085107537
2.6950000000	7.7637845454
2.7000000000	8.2710258566
2.7050000000	8.8884193655
2.7100000000	9.5653886865
2.7150000000	10.2903778945
2.7200000000	11.0459757891
2.7250000000	11.8095584443
2.7300000000	12.5545086204
2.7350000000	13.2512918319
2.7400000000	13.8676425876
2.7450000000	14.3735618419
2.7500000000	14.7233288013
2.7550000000	14.8882138239
2.7600000000	14.8464592294
2.7650000000	14.5945717346
2.7700000000	14.1503976600
2.7750000000	13.5506826342
2.7800000000	12.8435445158
2.7850000000	12.0800812248
2.7900000000	11.3061288558
2.7950000000	10.5584345997
2.8000000000	9.8630043909
2.8050000000	9.1583266547
2.8100000000	8.5539352884
2.8150000000	8.0483127514
2.8200000000	7.6334283186
2.8250000000	7.2986486608
2.8300000000	7.0332686695
2.8350000000	6.8281258182
2.8400000000	6.6735507568
2.8450000000	6.5699741283
2.8500000000	6.5103364561
2.8550000000	6.4919459539
2.8600000000	6.5128032312
2.8650000000	6.5711405704
2.8700000000	6.6650575901
2.8750000000	6.7922384766
2.8800000000	6.9496973144
2.8850000000	7.1335891751
2.8900000000	7.3392998930
2.8950000000	7.5615587047
2.9000000000	7.7947243626
2.9050000000	8.0797746225
2.9100000000	8.3571698667
2.9150000000	8.6177737732
2.9200000000	8.8516531817
2.9250000000	9.0474507032
2.9300000000	9.1946607247
2.9350000000	9.2776241861
2.9400000000	9.2892955130
2.9450000000	9.2264965808
2.9500000000	9.0930361991
2.9550000000	8.8994531891
2.9600000000	8.6611087853
2.9650000000	8.3955273186
2.9700000000	8.1196966118
2.9750000000	7.8482115108
2.9800000000	7.5922841974
2.9850000000	7.3595942360
2.9900000000	7.1548048963
2.9950000000	6.9801364816
3.0000000000	6.8361254315
