# energy (eV)    P(omega), $W$ = 400 nm, $h$ = 300 nm, $s$ = 20 nm, $d/W = 250$, $E_{\rm e}$ = 200 keV
0.2000000000	0.5976986796
0.2050000000	0.6032877132
0.2100000000	0.6069896982
0.2150000000	0.6087446043
0.2200000000	0.6084634595
0.2250000000	0.6060219355
0.2300000000	0.6012539001
0.2350000000	0.5939400441
0.2400000000	0.5837953575
0.2450000000	0.5704521682
0.2500000000	0.5534367075
0.2550000000	0.5321394789
0.2600000000	0.5057733362
0.2650000000	0.5320472404
0.2700000000	0.5994150911
0.2750000000	0.6956345221
0.2800000000	0.8293751417
0.2850000000	1.0261457528
0.2900000000	1.2690779362
0.2950000000	1.6165898626
0.3000000000	2.0824455439
0.3050000000	2.7951853989
0.3100000000	3.7853324481
0.3150000000	5.6996943048
0.3200000000	8.6821391369
0.3250000000	10.7061066474
0.3300000000	13.5009740152
0.3350000000	17.4560260935
0.3400000000	23.6571365016
0.3450000000	34.2836638825
0.3500000000	55.4504084465
0.3550000000	104.3813362335
0.3600000000	255.9414660883
0.3650000000	1.8768159684
0.3700000000	117.7989955616
0.3750000000	154.6238759171
0.3800000000	71.8250408355
0.3850000000	40.3246669846
0.3900000000	25.7736323787
0.3950000000	18.0955404432
0.4000000000	13.6532433624
0.4050000000	10.7597920716
0.4100000000	8.8759832399
0.4150000000	7.6318236989
0.4200000000	6.8418221587
0.4250000000	6.2205393988
0.4300000000	5.4939017845
0.4350000000	4.9188076292
0.4400000000	4.4636312553
0.4450000000	4.1011713897
0.4500000000	3.8141761189
0.4550000000	3.5856546306
0.4600000000	3.4061645180
0.4650000000	3.2658660887
0.4700000000	3.1582164436
0.4750000000	3.0785936533
0.4800000000	3.0229826722
0.4850000000	2.9878861063
0.4900000000	2.9711813008
0.4950000000	2.9712206455
0.5000000000	2.9865881685
0.5050000000	3.0165920615
0.5100000000	3.0606515269
0.5150000000	3.1183888242
0.5200000000	3.1898215052
0.5250000000	3.2749475182
0.5300000000	3.3750448922
0.5350000000	3.4905950932
0.5400000000	3.6225713829
0.5450000000	3.7722843118
0.5500000000	3.9416172375
0.5550000000	4.1326185896
0.5600000000	4.3478005618
0.5650000000	4.5904183431
0.5700000000	4.8649851247
0.5750000000	5.1747566827
0.5800000000	5.5259977691
0.5850000000	5.9272908820
0.5900000000	6.3842437171
0.5950000000	6.9090137419
0.6000000000	7.5176502724
0.6050000000	8.2219162699
0.6100000000	9.0494145554
0.6150000000	10.0226898084
0.6200000000	11.1807779976
0.6250000000	12.5797492125
0.6300000000	14.2762914427
0.6350000000	16.3777690219
0.6400000000	19.0018367642
0.6450000000	22.3630038748
0.6500000000	26.7341889674
0.6550000000	32.5783518443
0.6600000000	40.6769867753
0.6650000000	52.2627103842
0.6700000000	69.7910297150
0.6750000000	97.9478156624
0.6800000000	147.6750235505
0.6850000000	247.3608460429
0.6900000000	494.8368335197
0.6950000000	1386.5154642584
0.7000000000	6712.2785993169
0.7050000000	3257.2908023286
0.7100000000	835.1762138862
0.7150000000	354.5029297733
0.7200000000	193.2374944445
0.7250000000	121.1606879573
0.7300000000	82.9437602720
0.7350000000	60.3723294685
0.7400000000	45.9315109165
0.7450000000	36.1385348561
0.7500000000	29.2073776915
0.7550000000	24.1196872152
0.7600000000	20.2880286433
0.7650000000	17.3191601209
0.7700000000	14.9774264800
0.7750000000	13.0988646891
0.7800000000	11.5733637214
0.7850000000	10.3180576870
0.7900000000	9.2671938623
0.7950000000	8.3899199746
0.8000000000	7.6443859379
0.8050000000	7.0059940438
0.8100000000	6.4625828268
0.8150000000	5.9865619892
0.8200000000	5.5722531173
0.8250000000	5.2241336633
0.8300000000	4.9193102494
0.8350000000	4.6541133950
0.8400000000	4.4417934037
0.8450000000	4.2561438188
0.8500000000	4.0981098826
0.8550000000	3.9954374999
0.8600000000	3.9119387909
0.8650000000	3.8502481644
0.8700000000	3.8610046687
0.8750000000	3.8600682350
0.8800000000	3.8329872496
0.8850000000	3.6637435693
0.8900000000	2.8559840449
0.8950000000	-1.1660324319
0.9000000000	-22.6769331183
0.9050000000	-149.1691736441
0.9100000000	28.3437755234
0.9150000000	67.0584054512
0.9200000000	27.8098951098
0.9250000000	14.4664607434
0.9300000000	8.8405070809
0.9350000000	6.1585586107
0.9400000000	4.7163849903
0.9450000000	3.9209520465
0.9500000000	3.3612025172
0.9550000000	2.9924076704
0.9600000000	2.7719138666
0.9650000000	2.5981830819
0.9700000000	2.4869509557
0.9750000000	2.4298377683
0.9800000000	2.4247773714
0.9850000000	2.4902375986
0.9900000000	2.6282881888
0.9950000000	2.9041351119
1.0000000000	3.4499149294
1.0050000000	4.6272594817
1.0100000000	7.6485140897
1.0150000000	17.8670393387
1.0200000000	36.3460237274
1.0250000000	15.0664613515
1.0300000000	6.4895043585
1.0350000000	3.9402533108
1.0400000000	2.9323621513
1.0450000000	2.4489782098
1.0500000000	2.1899490597
1.0550000000	2.0389679284
1.0600000000	1.9491745791
1.0650000000	1.8974053068
1.0700000000	1.8707815735
1.0750000000	1.8632170446
1.0800000000	1.8683354182
1.0850000000	1.8866726593
1.0900000000	1.9235324386
1.0950000000	1.9709141256
1.1000000000	2.0290258818
1.1050000000	2.0971958899
1.1100000000	2.1765723052
1.1150000000	2.2680053313
1.1200000000	2.3727312839
1.1250000000	2.4919984127
1.1300000000	2.6285452351
1.1350000000	2.7849041523
1.1400000000	2.9640615263
1.1450000000	3.1704497816
1.1500000000	3.4079989479
1.1550000000	3.6868444327
1.1600000000	4.0152439290
1.1650000000	4.4066667104
1.1700000000	4.8761885852
1.1750000000	5.4309465337
1.1800000000	6.0911715763
1.1850000000	7.5964209503
1.1900000000	9.6527262931
1.1950000000	13.8849612097
1.2000000000	19.3921045431
1.2050000000	16.4568266479
1.2100000000	15.2315215921
1.2150000000	16.6938200734
1.2200000000	19.8179033237
1.2250000000	24.7050039646
1.2300000000	32.1717084501
1.2350000000	43.9974432415
1.2400000000	63.9165201354
1.2450000000	101.4037681376
1.2500000000	182.5232461780
1.2550000000	394.4701248143
1.2600000000	951.2215344628
1.2650000000	961.8471167307
1.2700000000	399.3471802697
1.2750000000	183.9540507076
1.2800000000	101.6392872368
1.2850000000	63.7482579626
1.2900000000	43.5601073781
1.2950000000	31.6334168195
1.3000000000	24.0328944178
1.3050000000	18.9080523950
1.3100000000	15.2834819327
1.3150000000	12.6500850628
1.3200000000	10.6791110753
1.3250000000	9.1704332003
1.3300000000	7.9995633924
1.3350000000	7.0846172778
1.3400000000	6.3731432398
1.3450000000	5.8298093351
1.3500000000	5.4562320038
1.3550000000	5.2705023099
1.3600000000	5.3513778239
1.3650000000	5.9222705514
1.3700000000	7.6256708224
1.3750000000	12.1810832373
1.3800000000	18.5030221683
1.3850000000	13.3586563669
1.3900000000	7.5034040905
1.3950000000	4.8414708349
1.4000000000	3.4290965382
1.4050000000	2.3497310249
1.4100000000	1.0293898225
1.4150000000	-1.4455300696
1.4200000000	-7.5444682763
1.4250000000	-24.1384852727
1.4300000000	-32.0412601157
1.4350000000	13.9245817967
1.4400000000	17.9780256117
1.4450000000	10.6551362483
1.4500000000	6.5408726542
1.4550000000	4.4705580651
1.4600000000	3.3341943202
1.4650000000	2.5925182342
1.4700000000	2.0189381698
1.4750000000	1.9167302671
1.4800000000	2.0445988219
1.4850000000	1.8792852093
1.4900000000	1.7285636344
1.4950000000	1.6246093921
1.5000000000	1.5522419257
1.5050000000	1.5047402777
1.5100000000	1.4741266136
1.5150000000	1.4633848201
1.5200000000	1.4597464784
1.5250000000	1.4711690518
1.5300000000	1.5012911431
1.5350000000	1.5579815267
1.5400000000	1.6574647749
1.5450000000	1.8345779562
1.5500000000	2.1669036252
1.5550000000	2.8094444643
1.5600000000	3.7816526346
1.5650000000	3.9228284681
1.5700000000	2.9924136373
1.5750000000	2.3150715578
1.5800000000	1.9869962697
1.5850000000	1.8371105184
1.5900000000	1.7751514065
1.5950000000	1.7612197923
1.6000000000	1.7771515242
1.6050000000	1.8150727858
1.6100000000	1.8698062265
1.6150000000	1.9392364008
1.6200000000	2.0237005292
1.6250000000	2.1234878437
1.6300000000	2.2398767586
1.6350000000	2.3748181895
1.6400000000	2.5309343148
1.6450000000	2.7116993020
1.6500000000	2.9215301343
1.6550000000	3.1660582612
1.6600000000	3.4525977715
1.6650000000	3.7905630009
1.6700000000	4.1885295374
1.6750000000	4.6697716377
1.6800000000	5.2532934596
1.6850000000	5.9694913032
1.6900000000	6.8610161564
1.6950000000	7.9896271877
1.7000000000	9.4467071772
1.7050000000	11.4320354922
1.7100000000	14.1572139816
1.7150000000	18.0369763692
1.7200000000	23.8038110215
1.7250000000	32.7445349210
1.7300000000	46.5854035893
1.7350000000	66.5543173118
1.7400000000	96.3515496076
1.7450000000	147.8865312596
1.7500000000	212.5882070886
1.7550000000	216.8142640714
1.7600000000	151.7538511865
1.7650000000	94.0649556039
1.7700000000	59.9062687947
1.7750000000	40.4876769601
1.7800000000	28.9708590383
1.7850000000	21.7891050725
1.7900000000	17.1491660242
1.7950000000	14.1466043353
1.8000000000	12.3069147479
1.8050000000	11.0973789021
1.8100000000	9.6259551143
1.8150000000	7.8072879397
1.8200000000	6.3577665890
1.8250000000	5.4603492930
1.8300000000	4.7880530426
1.8350000000	4.2149023268
1.8400000000	3.7426289764
1.8450000000	3.3551214889
1.8500000000	3.0316904898
1.8550000000	2.7553583256
1.8600000000	2.4896073045
1.8650000000	2.2568505175
1.8700000000	2.0092687260
1.8750000000	1.6413214047
1.8800000000	0.8173994114
1.8850000000	-0.9530745804
1.8900000000	-3.3143839257
1.8950000000	-3.6797872047
1.9000000000	0.2307703471
1.9050000000	3.8505893409
1.9100000000	4.2736499595
1.9150000000	3.5963737502
1.9200000000	2.9362659896
1.9250000000	2.4736579874
1.9300000000	2.2025655752
1.9350000000	2.0064782651
1.9400000000	1.8938661628
1.9450000000	1.8392611069
1.9500000000	1.8040015311
1.9550000000	1.7398802147
1.9600000000	1.6500626973
1.9650000000	1.5731493979
1.9700000000	1.5248538789
1.9750000000	1.5036640388
1.9800000000	1.5063644772
1.9850000000	1.5326598459
1.9900000000	1.5855065760
1.9950000000	1.6689749243
2.0000000000	1.7789543759
2.0050000000	1.8884448619
2.0100000000	1.9273646498
2.0150000000	1.8971385934
2.0200000000	1.8600929837
2.0250000000	1.8545831815
2.0300000000	1.8869683570
2.0350000000	1.9545628826
2.0400000000	2.0560957689
2.0450000000	2.1937727194
2.0500000000	2.3728061503
2.0550000000	2.5987527085
2.0600000000	2.8707417683
2.0650000000	3.1764224527
2.0700000000	3.5119135649
2.0750000000	3.9133018868
2.0800000000	4.4439145119
2.0850000000	5.1613217643
2.0900000000	6.0999615853
2.0950000000	7.2042173255
2.1000000000	8.2388334379
2.1050000000	8.8750841731
2.1100000000	8.9583977161
2.1150000000	8.8607347941
2.1200000000	8.9948275034
2.1250000000	9.5698323881
2.1300000000	10.6901310537
2.1350000000	12.4748297532
2.1400000000	15.1203857108
2.1450000000	18.9317547473
2.1500000000	24.3035842227
2.1550000000	31.5071662412
2.1600000000	39.9536933652
2.1650000000	46.9952121952
2.1700000000	48.6052308968
2.1750000000	43.4378701859
2.1800000000	35.0044000409
2.1850000000	26.9637904043
2.1900000000	20.7036649084
2.1950000000	16.2077496311
2.2000000000	13.0834995546
2.2050000000	10.9609272155
2.2100000000	9.5109667034
2.2150000000	8.3911320492
2.2200000000	7.3440663182
2.2250000000	6.3056282082
2.2300000000	5.3464005619
2.2350000000	4.5201385826
2.2400000000	3.8244983539
2.2450000000	3.2298217357
2.2500000000	2.7042782223
2.2550000000	2.2279123652
2.2600000000	1.7526927889
2.2650000000	1.4000708388
2.2700000000	1.1996262923
2.2750000000	1.2291988942
2.2800000000	1.4799330424
2.2850000000	1.8035311174
2.2900000000	2.0363376678
2.2950000000	2.1312397531
2.3000000000	2.1287714195
2.3050000000	2.0751688332
2.3100000000	2.0079699118
2.3150000000	1.9443028674
2.3200000000	1.8908927326
2.3250000000	1.8511591920
2.3300000000	1.8273309070
2.3350000000	1.8207134376
2.3400000000	1.8320172632
2.3450000000	1.8618479525
2.3500000000	1.9109238549
2.3550000000	1.9811805992
2.3600000000	2.0699221593
2.3650000000	2.1780250733
2.3700000000	2.3049414292
2.3750000000	2.4519155816
2.3800000000	2.6240854049
2.3850000000	2.8278024258
2.3900000000	3.0650697013
2.3950000000	3.3271722502
2.4000000000	3.5905028477
2.4050000000	3.8328117511
2.4100000000	3.9960019029
2.4150000000	4.0690045397
2.4200000000	4.0783698942
2.4250000000	4.0706317695
2.4300000000	4.0885700052
2.4350000000	4.1595485825
2.4400000000	4.2961553663
2.4450000000	4.5030856262
2.4500000000	4.7851045990
2.4550000000	5.1514293334
2.4600000000	5.6221798061
2.4650000000	6.2172505277
2.4700000000	6.9560989796
2.4750000000	7.8488728416
2.4800000000	8.8854660080
2.4850000000	10.0202640257
2.4900000000	11.1546996542
2.4950000000	12.1289713887
2.5000000000	12.7456898539
2.5050000000	12.8025164965
2.5100000000	12.2236621729
2.5150000000	11.1648483931
2.5200000000	9.8692319862
2.5250000000	8.5484951040
2.5300000000	7.3305685665
2.5350000000	6.2683662572
2.5400000000	5.3687266923
2.5450000000	4.6174440205
2.5500000000	3.9945203064
2.5550000000	3.4820293644
2.5600000000	3.0519191369
2.5650000000	2.7267857072
2.5700000000	2.4887735461
2.5750000000	2.3292360828
2.5800000000	2.2316513292
2.5850000000	2.1738687590
2.5900000000	2.1353262570
2.5950000000	2.1032986038
2.6000000000	2.0735542298
2.6050000000	2.0608511586
2.6100000000	2.0553735706
2.6150000000	2.0608663678
2.6200000000	2.0793337664
2.6250000000	2.1111797170
2.6300000000	2.1552883741
2.6350000000	2.2090846407
2.6400000000	2.2686237444
2.6450000000	2.3289492806
2.6500000000	2.3848753427
2.6550000000	2.4322165876
2.6600000000	2.4691458894
2.6650000000	2.4970875689
2.6700000000	2.5204904636
2.6750000000	2.5458357223
2.6800000000	2.5793880012
2.6850000000	2.6271813519
2.6900000000	2.6935743463
2.6950000000	2.7814254792
2.7000000000	2.8922653918
2.7050000000	3.0420618081
2.7100000000	3.2215736500
2.7150000000	3.4286405854
2.7200000000	3.6583974942
2.7250000000	3.9022978770
2.7300000000	4.1472676506
2.7350000000	4.3756053862
2.7400000000	4.5662613310
2.7450000000	4.6979710028
2.7500000000	4.7537758011
2.7550000000	4.7254481568
2.7600000000	4.6158120722
2.7650000000	4.4378080026
2.7700000000	4.2108463244
2.7750000000	3.9562021106
2.7800000000	3.6932667718
2.7850000000	3.4374260220
2.7900000000	3.1975544863
2.7950000000	2.9832780618
2.8000000000	2.7965636822
2.8050000000	2.6204945625
2.8100000000	2.4777729831
2.8150000000	2.3637234315
2.8200000000	2.2733462735
2.8250000000	2.2021490213
2.8300000000	2.1464247650
2.8350000000	2.1032203477
2.8400000000	2.0701482998
2.8450000000	2.0452623231
2.8500000000	2.0270219797
2.8550000000	2.0143694405
2.8600000000	2.0068161504
2.8650000000	2.0044706745
2.8700000000	2.0079424437
2.8750000000	2.0181492548
2.8800000000	2.0360634025
2.8850000000	2.0624842499
2.8900000000	2.0978578700
2.8950000000	2.1421574518
2.9000000000	2.1947833848
2.9050000000	2.2695336765
2.9100000000	2.3485417703
2.9150000000	2.4269424878
2.9200000000	2.4986274623
2.9250000000	2.5570911618
2.9300000000	2.5963638247
2.9350000000	2.6120784298
2.9400000000	2.6023602733
2.9450000000	2.5682042253
2.9500000000	2.5132028074
2.9550000000	2.4426904478
2.9600000000	2.3626606739
2.9650000000	2.2787712995
2.9700000000	2.1956829762
2.9750000000	2.1167697707
2.9800000000	2.0441476604
2.9850000000	1.9788934217
2.9900000000	1.9213335712
2.9950000000	1.8713212761
3.0000000000	1.8284597899
