# energy (eV)    P(omega), $W$ = 400 nm, $h$ = 300 nm, $s$ = 20 nm, $d/W = 10$, $E_{\rm e}$ = 200 keV
0.2000000000	0.0807785169
0.2050000000	0.0815203778
0.2100000000	0.0820407972
0.2150000000	0.0823310074
0.2200000000	0.0823787307
0.2250000000	0.0821673399
0.2300000000	0.0816748168
0.2350000000	0.0808725827
0.2400000000	0.0797237497
0.2450000000	0.0781808971
0.2500000000	0.0761832559
0.2550000000	0.0736527166
0.2600000000	0.0704885762
0.2650000000	0.0737919721
0.2700000000	0.0821882011
0.2750000000	0.0942006454
0.2800000000	0.1109337167
0.2850000000	0.1355980660
0.2900000000	0.1661495230
0.2950000000	0.2099392488
0.3000000000	0.2687909173
0.3050000000	0.3589821139
0.3100000000	0.4845863653
0.3150000000	0.7276066091
0.3200000000	1.1070779572
0.3250000000	1.3666896757
0.3300000000	1.7257592291
0.3350000000	2.2347098472
0.3400000000	3.0335710347
0.3450000000	4.4040157711
0.3500000000	7.1365260172
0.3550000000	13.4611869063
0.3600000000	33.0764722561
0.3650000000	0.1592843085
0.3700000000	15.3194673728
0.3750000000	20.1422504652
0.3800000000	9.3828528491
0.3850000000	5.2837479932
0.3900000000	3.3878858888
0.3950000000	2.3865032462
0.4000000000	1.8067403505
0.4050000000	1.4288044009
0.4100000000	1.1827571639
0.4150000000	1.0204541943
0.4200000000	0.9178300749
0.4250000000	0.8372206657
0.4300000000	0.7420598941
0.4350000000	0.6667453084
0.4400000000	0.6071755547
0.4450000000	0.5598038490
0.4500000000	0.5223937789
0.4550000000	0.4927169820
0.4600000000	0.4695515649
0.4650000000	0.4516068927
0.4700000000	0.4380282793
0.4750000000	0.4282169960
0.4800000000	0.4216510657
0.4850000000	0.4178727455
0.4900000000	0.4166106114
0.4950000000	0.4176562526
0.5000000000	0.4208306713
0.5050000000	0.4260536768
0.5100000000	0.4332593731
0.5150000000	0.4424077899
0.5200000000	0.4535169306
0.5250000000	0.4666008882
0.5300000000	0.4818520773
0.5350000000	0.4993550800
0.5400000000	0.5192629566
0.5450000000	0.5417777179
0.5500000000	0.5671844249
0.5550000000	0.5957958196
0.5600000000	0.6279919762
0.5650000000	0.6642623698
0.5700000000	0.7052820834
0.5750000000	0.7515516433
0.5800000000	0.8040076001
0.5850000000	0.8639309078
0.5900000000	0.9321829692
0.5950000000	1.0105812671
0.6000000000	1.1015270363
0.6050000000	1.2068156685
0.6100000000	1.3305729203
0.6150000000	1.4762153400
0.6200000000	1.6496118992
0.6250000000	1.8591836548
0.6300000000	2.1135118707
0.6350000000	2.4287339446
0.6400000000	2.8226408950
0.6450000000	3.3275340239
0.6500000000	3.9846544654
0.6550000000	4.8638803543
0.6600000000	6.0831875056
0.6650000000	7.8289353251
0.6700000000	10.4721951758
0.6750000000	14.7217802451
0.6800000000	22.2330613492
0.6850000000	37.3035654332
0.6900000000	74.7494824034
0.6950000000	209.7964864934
0.7000000000	1017.3518496566
0.7050000000	494.5226418201
0.7100000000	127.0096358964
0.7150000000	54.0017982063
0.7200000000	29.4856204191
0.7250000000	18.5187772282
0.7300000000	12.6989134494
0.7350000000	9.2587974144
0.7400000000	7.0560603846
0.7450000000	5.5610570581
0.7500000000	4.5021108996
0.7550000000	3.7241960682
0.7600000000	3.1379060640
0.7650000000	2.6832822513
0.7700000000	2.3244293187
0.7750000000	2.0363545382
0.7800000000	1.8022703135
0.7850000000	1.6095356366
0.7900000000	1.4480784424
0.7950000000	1.3132357339
0.8000000000	1.1985864154
0.8050000000	1.1003644609
0.8100000000	1.0167463266
0.8150000000	0.9434602296
0.8200000000	0.8796562846
0.8250000000	0.8261035746
0.8300000000	0.7792228715
0.8350000000	0.7384608254
0.8400000000	0.7059774505
0.8450000000	0.6776242612
0.8500000000	0.6535699796
0.8550000000	0.6383119819
0.8600000000	0.6260640033
0.8650000000	0.6172557371
0.8700000000	0.6201141141
0.8750000000	0.6210210655
0.8800000000	0.6175467295
0.8850000000	0.5906075524
0.8900000000	0.4584139540
0.8950000000	-0.2035474704
0.9000000000	-3.7521150498
0.9050000000	-24.6538628548
0.9100000000	4.6922409752
0.9150000000	11.1153337410
0.9200000000	4.6131356203
0.9250000000	2.3993447940
0.9300000000	1.4643100149
0.9350000000	1.0176283849
0.9400000000	0.7766799093
0.9450000000	0.6431166519
0.9500000000	0.5482854879
0.9550000000	0.4848132888
0.9600000000	0.4455572533
0.9650000000	0.4131913883
0.9700000000	0.3901219298
0.9750000000	0.3744349571
0.9800000000	0.3649447388
0.9850000000	0.3633307647
0.9900000000	0.3670674906
0.9950000000	0.3815814236
1.0000000000	0.4160187940
1.0050000000	0.4961387726
1.0100000000	0.7057217422
1.0150000000	1.4224208041
1.0200000000	2.7282968242
1.0250000000	1.2339092871
1.0300000000	0.6285533242
1.0350000000	0.4484798168
1.0400000000	0.3777525833
1.0450000000	0.3445808386
1.0500000000	0.3279313594
1.0550000000	0.3191578453
1.0600000000	0.3151652502
1.0650000000	0.3143309625
1.0700000000	0.3157548137
1.0750000000	0.3191222156
1.0800000000	0.3238006640
1.0850000000	0.3301993634
1.0900000000	0.3394810954
1.0950000000	0.3503127675
1.1000000000	0.3628054500
1.1050000000	0.3769710596
1.1100000000	0.3930406383
1.1150000000	0.4112264498
1.1200000000	0.4317841162
1.1250000000	0.4549308151
1.1300000000	0.4812575254
1.1350000000	0.5111792222
1.1400000000	0.5453016711
1.1450000000	0.5844057309
1.1500000000	0.6291151984
1.1550000000	0.6813115553
1.1600000000	0.7422516922
1.1650000000	0.8136976236
1.1700000000	0.8966100213
1.1750000000	0.9844246573
1.1800000000	1.0750973481
1.1850000000	1.4568796231
1.1900000000	1.8138561944
1.1950000000	2.5072419062
1.2000000000	3.4291948767
1.2050000000	2.9935315290
1.2100000000	2.8512638095
1.2150000000	3.1675640179
1.2200000000	3.7848614024
1.2250000000	4.7351941040
1.2300000000	6.1812003866
1.2350000000	8.4690584737
1.2400000000	12.3230187638
1.2450000000	19.5796718858
1.2500000000	35.2942157159
1.2550000000	76.3889935936
1.2600000000	184.4799877329
1.2650000000	186.8350557953
1.2700000000	77.7027086556
1.2750000000	35.8586205626
1.2800000000	19.8532541690
1.2850000000	12.4805198841
1.2900000000	8.5506143615
1.2950000000	6.2285785483
1.3000000000	4.7493301978
1.3050000000	3.7530471237
1.3100000000	3.0500998926
1.3150000000	2.5416661850
1.3200000000	2.1640986908
1.3250000000	1.8790851184
1.3300000000	1.6632456112
1.3350000000	1.5020525940
1.3400000000	1.3876256718
1.3450000000	1.3170889344
1.3500000000	1.2980862198
1.3550000000	1.3485054057
1.3600000000	1.5149760762
1.3650000000	1.9169438580
1.3700000000	2.8885571666
1.3750000000	5.3169877480
1.3800000000	8.6375221636
1.3850000000	6.0493837297
1.3900000000	3.1070580731
1.3950000000	1.8197951557
1.4000000000	1.2007926466
1.4050000000	0.8130310216
1.4100000000	0.4501596155
1.4150000000	-0.1087376583
1.4200000000	-1.3795154222
1.4250000000	-4.7621585704
1.4300000000	-6.3893915173
1.4350000000	2.9013860782
1.4400000000	3.7174916036
1.4450000000	2.2247339715
1.4500000000	1.3813527627
1.4550000000	0.9510042707
1.4600000000	0.7035792635
1.4650000000	0.5137349772
1.4700000000	0.3187137869
1.4750000000	0.3578259952
1.4800000000	0.4964236435
1.4850000000	0.4516106986
1.4900000000	0.4022551009
1.4950000000	0.3700779669
1.5000000000	0.3487714389
1.5050000000	0.3346685600
1.5100000000	0.3251023753
1.5150000000	0.3200447702
1.5200000000	0.3164093556
1.5250000000	0.3154196676
1.5300000000	0.3172861514
1.5350000000	0.3227116949
1.5400000000	0.3333625529
1.5450000000	0.3529084987
1.5500000000	0.3895791784
1.5550000000	0.4597822165
1.5600000000	0.5653163313
1.5650000000	0.5818616084
1.5700000000	0.4853852777
1.5750000000	0.4171333383
1.5800000000	0.3868645849
1.5850000000	0.3762628633
1.5900000000	0.3757550067
1.5950000000	0.3811681993
1.6000000000	0.3906661153
1.6050000000	0.4035790037
1.6100000000	0.4194228546
1.6150000000	0.4380936186
1.6200000000	0.4598719993
1.6250000000	0.4849977050
1.6300000000	0.5138851958
1.6350000000	0.5470762330
1.6400000000	0.5852651104
1.6450000000	0.6293429679
1.6500000000	0.6804279943
1.6550000000	0.7399387035
1.6600000000	0.8097128729
1.6650000000	0.8921215440
1.6700000000	0.9894498806
1.6750000000	1.1073813021
1.6800000000	1.2508858938
1.6850000000	1.4277986508
1.6900000000	1.6492283454
1.6950000000	1.9314439332
1.7000000000	2.2988827230
1.7050000000	2.8049120597
1.7100000000	3.5093530779
1.7150000000	4.5304295025
1.7200000000	6.0814681393
1.7250000000	8.5348427808
1.7300000000	12.3086928972
1.7350000000	17.2299842755
1.7400000000	23.6128493579
1.7450000000	34.7878625126
1.7500000000	49.2180054384
1.7550000000	50.0418922865
1.7600000000	35.0970999489
1.7650000000	21.8466899988
1.7700000000	13.9907940133
1.7750000000	9.5233109556
1.7800000000	6.8812002024
1.7850000000	5.2517572318
1.7900000000	4.2334362669
1.7950000000	3.6362935545
1.8000000000	3.3692048410
1.8050000000	3.2585641785
1.8100000000	2.8888829141
1.8150000000	2.2528685991
1.8200000000	1.7450720888
1.8250000000	1.4775203369
1.8300000000	1.2882026274
1.8350000000	1.1207376334
1.8400000000	0.9839299622
1.8450000000	0.8748488468
1.8500000000	0.7865117784
1.8550000000	0.7132084741
1.8600000000	0.6453714577
1.8650000000	0.5878226631
1.8700000000	0.5293065944
1.8750000000	0.4444288998
1.8800000000	0.2505410019
1.8850000000	-0.1743018119
1.8900000000	-0.7454648904
1.8950000000	-0.8424448306
1.9000000000	0.0842516117
1.9050000000	0.9474350749
1.9100000000	1.0480565024
1.9150000000	0.8846857717
1.9200000000	0.7246646521
1.9250000000	0.6112102519
1.9300000000	0.5426379472
1.9350000000	0.4904333063
1.9400000000	0.4559470750
1.9450000000	0.4333793168
1.9500000000	0.4176188267
1.9550000000	0.4039344850
1.9600000000	0.3916537105
1.9650000000	0.3827746276
1.9700000000	0.3779709679
1.9750000000	0.3769580229
1.9800000000	0.3794969703
1.9850000000	0.3857036195
1.9900000000	0.3960586715
1.9950000000	0.4111495589
2.0000000000	0.4305193476
2.0050000000	0.4518363306
2.0100000000	0.4655390832
2.0150000000	0.4724514125
2.0200000000	0.4807701255
2.0250000000	0.4956530844
2.0300000000	0.5184203264
2.0350000000	0.5494998910
2.0400000000	0.5898154832
2.0450000000	0.6411445103
2.0500000000	0.7061173330
2.0550000000	0.7876336132
2.0600000000	0.8869389570
2.0650000000	1.0021264843
2.0700000000	1.1345702292
2.0750000000	1.2989980271
2.0800000000	1.5198874977
2.0850000000	1.8209211371
2.0900000000	2.2159042550
2.0950000000	2.6769433537
2.1000000000	3.0899564003
2.1050000000	3.2957103826
2.1100000000	3.2140929129
2.1150000000	3.0142259810
2.1200000000	2.8814991892
2.1250000000	2.8997445942
2.1300000000	3.0956122427
2.1350000000	3.4917647842
2.1400000000	4.1318145822
2.1450000000	5.0911386890
2.1500000000	6.4739142568
2.1550000000	8.3573596521
2.1600000000	10.5893816965
2.1650000000	12.4633530439
2.1700000000	12.9047325746
2.1750000000	11.5498812853
2.1800000000	9.3228679191
2.1850000000	7.1922170404
2.1900000000	5.5275011058
2.1950000000	4.3260943109
2.2000000000	3.4847669146
2.2050000000	2.9061140490
2.2100000000	2.5056995719
2.2150000000	2.1981246118
2.2200000000	1.9200369533
2.2250000000	1.6531060215
2.2300000000	1.4103102256
2.2350000000	1.2016513612
2.2400000000	1.0251223222
2.2450000000	0.8729959395
2.2500000000	0.7374480468
2.2550000000	0.6139847421
2.2600000000	0.4905484409
2.2650000000	0.4003382446
2.2700000000	0.3507991660
2.2750000000	0.3620224367
2.2800000000	0.4315809467
2.2850000000	0.5204242745
2.2900000000	0.5851944543
2.2950000000	0.6133497641
2.3000000000	0.6156752121
2.3050000000	0.6045716740
2.3100000000	0.5903044480
2.3150000000	0.5776453771
2.3200000000	0.5684710338
2.3250000000	0.5637169971
2.3300000000	0.5640647106
2.3350000000	0.5700624169
2.3400000000	0.5821907176
2.3450000000	0.6009608031
2.3500000000	0.6269306568
2.3550000000	0.6609774846
2.3600000000	0.7024860405
2.3650000000	0.7517404443
2.3700000000	0.8086039671
2.3750000000	0.8736956045
2.3800000000	0.9493556746
2.3850000000	1.0383679457
2.3900000000	1.1413692388
2.3950000000	1.2538509082
2.4000000000	1.3641800481
2.4050000000	1.4599153743
2.4100000000	1.5142275469
2.4150000000	1.5219193509
2.4200000000	1.4957026650
2.4250000000	1.4573011047
2.4300000000	1.4260516922
2.4350000000	1.4137077261
2.4400000000	1.4250546306
2.4450000000	1.4610209094
2.4500000000	1.5219353715
2.4550000000	1.6092897362
2.4600000000	1.7284917196
2.4650000000	1.8850440957
2.4700000000	2.0849658192
2.4750000000	2.3319232644
2.4800000000	2.6238302949
2.4850000000	2.9481856023
2.4900000000	3.2766578514
2.4950000000	3.5623857365
2.5000000000	3.7468358424
2.5050000000	3.7697580551
2.5100000000	3.6073000941
2.5150000000	3.3037430232
2.5200000000	2.9296117982
2.5250000000	2.5467858398
2.5300000000	2.1929433284
2.5350000000	1.8838836753
2.5400000000	1.6218949286
2.5450000000	1.4030585858
2.5500000000	1.2217151479
2.5550000000	1.0727820270
2.5600000000	0.9481437926
2.5650000000	0.8546802586
2.5700000000	0.7872814665
2.5750000000	0.7435462960
2.5800000000	0.7186949963
2.5850000000	0.7062092753
2.5900000000	0.6999830197
2.5950000000	0.6962197696
2.6000000000	0.6936890972
2.6050000000	0.6978680304
2.6100000000	0.7051817688
2.6150000000	0.7169478097
2.6200000000	0.7338636691
2.6250000000	0.7559822195
2.6300000000	0.7826700302
2.6350000000	0.8125771905
2.6400000000	0.8436411928
2.6450000000	0.8732482849
2.6500000000	0.8986324056
2.6550000000	0.9175268527
2.6600000000	0.9288822369
2.6650000000	0.9333289404
2.6700000000	0.9330471356
2.6750000000	0.9312268999
2.6800000000	0.9309588789
2.6850000000	0.9351422625
2.6900000000	0.9458049946
2.6950000000	0.9642029937
2.7000000000	0.9909480024
2.7050000000	1.0301486667
2.7100000000	1.0799184836
2.7150000000	1.1394933567
2.7200000000	1.2072702176
2.7250000000	1.2805130361
2.7300000000	1.3550801879
2.7350000000	1.4253808401
2.7400000000	1.4847668583
2.7450000000	1.5264899413
2.7500000000	1.5451182416
2.7550000000	1.5379246410
2.7600000000	1.5056374649
2.7650000000	1.4521710213
2.7700000000	1.3835030895
2.7750000000	1.3062468896
2.7800000000	1.2264644980
2.7850000000	1.1489986513
2.7900000000	1.0766570857
2.7950000000	1.0125083385
2.8000000000	0.9571897767
2.8050000000	0.9057849772
2.8100000000	0.8650577434
2.8150000000	0.8334581142
2.8200000000	0.8093045597
2.8250000000	0.7910569308
2.8300000000	0.7774105837
2.8350000000	0.7672884223
2.8400000000	0.7597841091
2.8450000000	0.7541317886
2.8500000000	0.7497169871
2.8550000000	0.7461297251
2.8600000000	0.7432233589
2.8650000000	0.7411350025
2.8700000000	0.7402453881
2.8750000000	0.7410831980
2.8800000000	0.7442052398
2.8850000000	0.7500872263
2.8900000000	0.7590498373
2.8950000000	0.7712097795
2.9000000000	0.7864558841
2.9050000000	0.8090328676
2.9100000000	0.8336317053
2.9150000000	0.8586342761
2.9200000000	0.8819963804
2.9250000000	0.9015255055
2.9300000000	0.9151888918
2.9350000000	0.9214709682
2.9400000000	0.9196702142
2.9450000000	0.9100327794
2.9500000000	0.8936663334
2.9550000000	0.8722614869
2.9600000000	0.8477367874
2.9650000000	0.8219087993
2.9700000000	0.7962724912
2.9750000000	0.7719043362
2.9800000000	0.7494687672
2.9850000000	0.7292904700
2.9900000000	0.7114483960
2.9950000000	0.6958695027
3.0000000000	0.6824036119
