# energy (eV)    P(omega), $W$ = 400 nm, $h$ = 300 nm, $s$ = 20 nm, $d/W = 25$, $E_{\rm e}$ = 200 keV
0.2000000000	0.2094717012
0.2050000000	0.2112922438
0.2100000000	0.2126044866
0.2150000000	0.2133859952
0.2200000000	0.2136060028
0.2250000000	0.2132231798
0.2300000000	0.2121835900
0.2350000000	0.2104172785
0.2400000000	0.2078344768
0.2450000000	0.2043199252
0.2500000000	0.1997263393
0.2550000000	0.1938645343
0.2600000000	0.1864905698
0.2650000000	0.1943990898
0.2700000000	0.2144060729
0.2750000000	0.2430634005
0.2800000000	0.2830387475
0.2850000000	0.3420324285
0.2900000000	0.4152575576
0.2950000000	0.5203431683
0.3000000000	0.6617986176
0.3050000000	0.8788107728
0.3100000000	1.1814955995
0.3150000000	1.7674133677
0.3200000000	2.6835841275
0.3250000000	3.3134362811
0.3300000000	4.1854757826
0.3350000000	5.4228030852
0.3400000000	7.3663193670
0.3450000000	10.7027009779
0.3500000000	17.3593045398
0.3550000000	32.7787509530
0.3600000000	80.6381046637
0.3650000000	0.2449654671
0.3700000000	37.5092287437
0.3750000000	49.3537713712
0.3800000000	23.0339497978
0.3850000000	12.9980802729
0.3900000000	8.3528933442
0.3950000000	5.8978255972
0.4000000000	4.4758474588
0.4050000000	3.5484294936
0.4100000000	2.9446838085
0.4150000000	2.5467501999
0.4200000000	2.2958298502
0.4250000000	2.0989067694
0.4300000000	1.8650357275
0.4350000000	1.6799416350
0.4400000000	1.5336077224
0.4450000000	1.4173390822
0.4500000000	1.3256762963
0.4550000000	1.2531374643
0.4600000000	1.1967419510
0.4650000000	1.1533156513
0.4700000000	1.1207613240
0.4750000000	1.0976177986
0.4800000000	1.0826084006
0.4850000000	1.0746092754
0.4900000000	1.0729649321
0.4950000000	1.0771732241
0.5000000000	1.0868040576
0.5050000000	1.1016779764
0.5100000000	1.1216495315
0.5150000000	1.1466359794
0.5200000000	1.1767058143
0.5250000000	1.2119173474
0.5300000000	1.2527830239
0.5350000000	1.2995438718
0.5400000000	1.3526189759
0.5450000000	1.4125520263
0.5500000000	1.4801055518
0.5550000000	1.5561176992
0.5600000000	1.6416051336
0.5650000000	1.7378701109
0.5700000000	1.8467081426
0.5750000000	1.9694650012
0.5800000000	2.1086297132
0.5850000000	2.2675993043
0.5900000000	2.4486958007
0.5950000000	2.6567446867
0.6000000000	2.8981245447
0.6050000000	3.1776582915
0.6100000000	3.5063009243
0.6150000000	3.8931912570
0.6200000000	4.3539653530
0.6250000000	4.9110415595
0.6300000000	5.5873696274
0.6350000000	6.4259331697
0.6400000000	7.4742738444
0.6450000000	8.8185282150
0.6500000000	10.5688796718
0.6550000000	12.9118897591
0.6600000000	16.1625851117
0.6650000000	20.8190323909
0.6700000000	27.8726535905
0.6750000000	39.2183701619
0.6800000000	59.2819451183
0.6850000000	99.5574641830
0.6900000000	199.6815340045
0.6950000000	560.9712181774
0.7000000000	2722.9097793603
0.7050000000	1324.8738300504
0.7100000000	340.6110650568
0.7150000000	144.9677426543
0.7200000000	79.2358680798
0.7250000000	49.8173048199
0.7300000000	34.1978102682
0.7350000000	24.9608014828
0.7400000000	19.0434931477
0.7450000000	15.0255294014
0.7500000000	12.1782705358
0.7550000000	10.0857141542
0.7600000000	8.5080172557
0.7650000000	7.2841252170
0.7700000000	6.3176800612
0.7750000000	5.5415912712
0.7800000000	4.9107601035
0.7850000000	4.3912361773
0.7900000000	3.9558872634
0.7950000000	3.5922548364
0.8000000000	3.2830429237
0.8050000000	3.0181038126
0.8100000000	2.7925929978
0.8150000000	2.5949394674
0.8200000000	2.4228823139
0.8250000000	2.2786348378
0.8300000000	2.1524416643
0.8350000000	2.0428255546
0.8400000000	1.9558292765
0.8450000000	1.8800605142
0.8500000000	1.8160104215
0.8550000000	1.7762234513
0.8600000000	1.7447070388
0.8650000000	1.7226588854
0.8700000000	1.7330613103
0.8750000000	1.7379687344
0.8800000000	1.7304265050
0.8850000000	1.6566854977
0.8900000000	1.2860661898
0.8950000000	-0.5785906844
0.9000000000	-10.5911686147
0.9050000000	-69.6287147537
0.9100000000	13.2970142620
0.9150000000	31.4821537421
0.9200000000	13.0865137943
0.9250000000	6.8190267998
0.9300000000	4.1702661981
0.9350000000	2.9046950837
0.9400000000	2.2223017669
0.9450000000	1.8447774750
0.9500000000	1.5770174155
0.9550000000	1.3985191164
0.9600000000	1.2892684592
0.9650000000	1.1998374271
0.9700000000	1.1373988496
0.9750000000	1.0969044424
0.9800000000	1.0754541217
0.9850000000	1.0788530430
0.9900000000	1.1013837632
0.9950000000	1.1620842422
1.0000000000	1.2956247253
1.0050000000	1.5988590529
1.0100000000	2.3926174777
1.0150000000	5.1283787122
1.0200000000	10.2405904780
1.0250000000	4.5721354036
1.0300000000	2.2271286956
1.0350000000	1.5213211481
1.0400000000	1.2408917989
1.0450000000	1.1074018222
1.0500000000	1.0382516576
1.0550000000	1.0003593847
1.0600000000	0.9809941056
1.0650000000	0.9736369810
1.0700000000	0.9746868001
1.0750000000	0.9825942241
1.0800000000	0.9953089994
1.0850000000	1.0137643294
1.0900000000	1.0413407174
1.0950000000	1.0739688582
1.1000000000	1.1118284916
1.1050000000	1.1550751762
1.1100000000	1.2042702072
1.1150000000	1.2600629532
1.1200000000	1.3231931156
1.1250000000	1.3941950069
1.1300000000	1.4750185637
1.1350000000	1.5667599469
1.1400000000	1.6712537353
1.1450000000	1.7906956220
1.1500000000	1.9265544536
1.1550000000	2.0842814348
1.1600000000	2.2662320533
1.1650000000	2.4734738232
1.1700000000	2.6955586487
1.1750000000	2.8543467891
1.1800000000	2.8642048817
1.1850000000	4.6318152968
1.1900000000	5.6673806074
1.1950000000	7.4501360874
1.2000000000	9.9303010358
1.2050000000	8.9090547155
1.2100000000	8.7131643671
1.2150000000	9.7908985005
1.2200000000	11.7566722372
1.2250000000	14.7431127670
1.2300000000	19.2709487371
1.2350000000	26.4274108363
1.2400000000	38.4810090361
1.2450000000	61.1813928863
1.2500000000	110.3595786322
1.2550000000	239.0285423344
1.2600000000	577.7270878269
1.2650000000	585.6578671237
1.2700000000	243.8427004154
1.2750000000	112.6812797192
1.2800000000	62.4882282947
1.2850000000	39.3604478455
1.2900000000	27.0325453658
1.2950000000	19.7512010570
1.3000000000	15.1174046960
1.3050000000	12.0029640303
1.3100000000	9.8137259543
1.3150000000	8.2406986467
1.3200000000	7.0857372269
1.3250000000	6.2312685616
1.3300000000	5.6075987253
1.3350000000	5.1750659344
1.3400000000	4.9186624077
1.3450000000	4.8460396552
1.3500000000	5.0115868180
1.3550000000	5.5310868360
1.3600000000	6.6806039677
1.3650000000	9.1498471682
1.3700000000	14.8537090821
1.3750000000	28.8637265249
1.3800000000	47.9355808952
1.3850000000	33.2307852161
1.3900000000	16.5314482745
1.3950000000	9.3098058114
1.4000000000	5.9471662824
1.4050000000	4.0025042964
1.4100000000	2.4411822398
1.4150000000	0.4054003164
1.4200000000	-3.8260837595
1.4250000000	-14.7783047527
1.4300000000	-20.0935714077
1.4350000000	9.6372170559
1.4400000000	12.2211127994
1.4450000000	7.3939248591
1.4500000000	4.6498671129
1.4550000000	3.2250725804
1.4600000000	2.3574398030
1.4650000000	1.5721852025
1.4700000000	0.5911470060
1.4750000000	0.9883528061
1.4800000000	1.9444721662
1.4850000000	1.7509777244
1.4900000000	1.5091155142
1.4950000000	1.3573293758
1.5000000000	1.2608193108
1.5050000000	1.1975999935
1.5100000000	1.1545069046
1.5150000000	1.1287977661
1.5200000000	1.1089317779
1.5250000000	1.0977174015
1.5300000000	1.0946849437
1.5350000000	1.1003519574
1.5400000000	1.1171764181
1.5450000000	1.1509966512
1.5500000000	1.2152233065
1.5550000000	1.3366648575
1.5600000000	1.5180156534
1.5650000000	1.5527326592
1.5700000000	1.4043301633
1.5750000000	1.3058546818
1.5800000000	1.2725658008
1.5850000000	1.2742260134
1.5900000000	1.2952512841
1.5950000000	1.3290404013
1.6000000000	1.3729165773
1.6050000000	1.4263897184
1.6100000000	1.4889013523
1.6150000000	1.5607436480
1.6200000000	1.6432449472
1.6250000000	1.7375878398
1.6300000000	1.8454888838
1.6350000000	1.9690718486
1.6400000000	2.1110306003
1.6450000000	2.2747762111
1.6500000000	2.4645737167
1.6550000000	2.6858326337
1.6600000000	2.9455628565
1.6650000000	3.2528404500
1.6700000000	3.6168016569
1.6750000000	4.0586957508
1.6800000000	4.5981498658
1.6850000000	5.2658008006
1.6900000000	6.1054331313
1.6950000000	7.1817942099
1.7000000000	8.5932772023
1.7050000000	10.5547743987
1.7100000000	13.3172327520
1.7150000000	17.3797470571
1.7200000000	23.6563085024
1.7250000000	33.7352769074
1.7300000000	49.1613732998
1.7350000000	67.6459925910
1.7400000000	88.3005699788
1.7450000000	124.9688321655
1.7500000000	173.8283742715
1.7550000000	176.0572051639
1.7600000000	123.6844770054
1.7650000000	77.3133548950
1.7700000000	49.8115891416
1.7750000000	34.1903117734
1.7800000000	25.0084894612
1.7850000000	19.4551881725
1.7900000000	16.1821352929
1.7950000000	14.6228954510
1.8000000000	14.5569782175
1.8050000000	15.1016158723
1.8100000000	13.6653803103
1.8150000000	10.2923213903
1.8200000000	7.5794604702
1.8250000000	6.2784909828
1.8300000000	5.4090179846
1.8350000000	4.6314673549
1.8400000000	4.0057358455
1.8450000000	3.5202576573
1.8500000000	3.1376260432
1.8550000000	2.8276657198
1.8600000000	2.5500860803
1.8650000000	2.3176924827
1.8700000000	2.0879929340
1.8750000000	1.7685336346
1.8800000000	1.0630524288
1.8850000000	-0.4663223816
1.8900000000	-2.5215968495
1.8950000000	-2.8874073852
1.9000000000	0.4150671003
1.9050000000	3.5087364460
1.9100000000	3.8737242423
1.9150000000	3.2886807633
1.9200000000	2.7135837422
1.9250000000	2.3046623215
1.9300000000	2.0561019658
1.9350000000	1.8655964710
1.9400000000	1.7375434796
1.9450000000	1.6515399750
1.9500000000	1.5921749474
1.9550000000	1.5468484506
1.9600000000	1.5116286630
1.9650000000	1.4886712473
1.9700000000	1.4784247821
1.9750000000	1.4799096266
1.9800000000	1.4924225914
1.9850000000	1.5161095062
1.9900000000	1.5519673137
1.9950000000	1.6014159159
2.0000000000	1.6642824033
2.0050000000	1.7413709708
2.0100000000	1.8117543197
2.0150000000	1.8779820650
2.0200000000	1.9561198097
2.0250000000	2.0578219346
2.0300000000	2.1885810679
2.0350000000	2.3531565491
2.0400000000	2.5585976320
2.0450000000	2.8156126873
2.0500000000	3.1393414664
2.0550000000	3.5481755835
2.0600000000	4.0549813103
2.0650000000	4.6582886072
2.0700000000	5.3732213389
2.0750000000	6.2799303131
2.0800000000	7.5080482695
2.0850000000	9.1878247534
2.0900000000	11.3945543023
2.0950000000	13.9600683157
2.1000000000	16.2045041216
2.1050000000	17.1784375446
2.1100000000	16.3903352020
2.1150000000	14.8198755999
2.1200000000	13.5357493279
2.1250000000	12.9941876647
2.1300000000	13.2943159610
2.1350000000	14.4832760485
2.1400000000	16.6914485198
2.1450000000	20.1861121643
2.1500000000	25.3695440787
2.1550000000	32.5647974648
2.1600000000	41.1942085759
2.1650000000	48.4822865082
2.1700000000	50.2221616509
2.1750000000	44.9845000638
2.1800000000	36.3412663000
2.1850000000	28.0480958090
2.1900000000	21.5423703527
2.1950000000	16.8159875436
2.2000000000	13.4678290054
2.2050000000	11.1204031683
2.2100000000	9.4637800675
2.2150000000	8.2029743677
2.2200000000	7.1260344940
2.2250000000	6.1534964160
2.2300000000	5.2967778422
2.2350000000	4.5654724219
2.2400000000	3.9422516626
2.2450000000	3.3981920911
2.2500000000	2.9075002645
2.2550000000	2.4586432925
2.2600000000	2.0112840614
2.2650000000	1.6978115789
2.2700000000	1.5427928055
2.2750000000	1.6162818378
2.2800000000	1.9069936625
2.2850000000	2.2699049356
2.2900000000	2.5439199388
2.2950000000	2.6830742436
2.3000000000	2.7278789962
2.3050000000	2.7245274816
2.3100000000	2.7060949403
2.3150000000	2.6853353918
2.3200000000	2.6676922353
2.3250000000	2.6607434930
2.3300000000	2.6739121074
2.3350000000	2.7151627715
2.3400000000	2.7901128100
2.3450000000	2.9030127318
2.3500000000	3.0575345804
2.3550000000	3.2581403738
2.3600000000	3.5021555178
2.3650000000	3.7896925115
2.3700000000	4.1190391938
2.3750000000	4.4930649273
2.3800000000	4.9256203119
2.3850000000	5.4335759268
2.3900000000	6.0209011666
2.3950000000	6.6603162913
2.4000000000	7.2813196486
2.4050000000	7.8043712196
2.4100000000	8.0702487351
2.4150000000	8.0470064973
2.4200000000	7.8101933653
2.4250000000	7.4884622532
2.4300000000	7.1946001151
2.4350000000	6.9945214100
2.4400000000	6.9112442892
2.4450000000	6.9435550706
2.4500000000	7.0855461863
2.4550000000	7.3375485865
2.4600000000	7.7217443860
2.4650000000	8.2620265624
2.4700000000	8.9869161811
2.4750000000	9.9159632675
2.4800000000	11.0447610434
2.4850000000	12.3252465940
2.4900000000	13.6425247955
2.4950000000	14.8030804943
2.5000000000	15.5630487337
2.5050000000	15.6707579707
2.5100000000	15.0221373793
2.5150000000	13.7941180913
2.5200000000	12.2737329458
2.5250000000	10.7145704985
2.5300000000	9.2719443180
2.5350000000	8.0116719257
2.5400000000	6.9440728156
2.5450000000	6.0538890643
2.5500000000	5.3186032611
2.5550000000	4.7180090530
2.5600000000	4.2192674512
2.5650000000	3.8514834681
2.5700000000	3.5941170069
2.5750000000	3.4376460626
2.5800000000	3.3623953183
2.5850000000	3.3410539420
2.5900000000	3.3476975365
2.5950000000	3.3660263292
2.6000000000	3.3909239483
2.6050000000	3.4509532279
2.6100000000	3.5287930382
2.6150000000	3.6318949746
2.6200000000	3.7643180739
2.6250000000	3.9261404790
2.6300000000	4.1129344572
2.6350000000	4.3153754021
2.6400000000	4.5192192016
2.6450000000	4.7064128033
2.6500000000	4.8579385554
2.6550000000	4.9583572316
2.6600000000	5.0006424865
2.6650000000	4.9890830856
2.6700000000	4.9381597592
2.6750000000	4.8686795207
2.6800000000	4.8006767823
2.6850000000	4.7524478243
2.6900000000	4.7364305786
2.6950000000	4.7599760357
2.7000000000	4.8263369094
2.7050000000	4.9478859812
2.7100000000	5.1222914612
2.7150000000	5.3456113855
2.7200000000	5.6103397105
2.7250000000	5.9042192688
2.7300000000	6.2090513484
2.7350000000	6.5004978584
2.7400000000	6.7496891575
2.7450000000	6.9272985122
2.7500000000	7.0095800023
2.7550000000	6.9843385392
2.7600000000	6.8541944854
2.7650000000	6.6354959849
2.7700000000	6.3535523449
2.7750000000	6.0365335899
2.7800000000	5.7103413827
2.7850000000	5.3957201305
2.7900000000	5.1046510005
2.7950000000	4.8502810515
2.8000000000	4.6351351914
2.8050000000	4.4407906157
2.8100000000	4.2928349316
2.8150000000	4.1837156436
2.8200000000	4.1052634668
2.8250000000	4.0499528989
2.8300000000	4.0113734720
2.8350000000	3.9842025937
2.8400000000	3.9639434760
2.8450000000	3.9467788585
2.8500000000	3.9296735762
2.8550000000	3.9107148338
2.8600000000	3.8895123827
2.8650000000	3.8673561498
2.8700000000	3.8469930029
2.8750000000	3.8320496340
2.8800000000	3.8262915152
2.8850000000	3.8329856507
2.8900000000	3.8544743135
2.8950000000	3.8919261118
2.9000000000	3.9452932508
2.9050000000	4.0318070873
2.9100000000	4.1310934415
2.9150000000	4.2358536178
2.9200000000	4.3368232637
2.9250000000	4.4239985765
2.9300000000	4.4879984894
2.9350000000	4.5216788412
2.9400000000	4.5214646280
2.9450000000	4.4879666795
2.9500000000	4.4256125042
2.9550000000	4.3414284042
2.9600000000	4.2434747417
2.9650000000	4.1393866294
2.9700000000	4.0354301347
2.9750000000	3.9360582666
2.9800000000	3.8439750325
2.9850000000	3.7604349541
2.9900000000	3.6856641708
2.9950000000	3.6192668214
3.0000000000	3.5605646172
