# energy (eV)    P(omega), $W$ = 400 nm, $h$ = 300 nm, $s$ = 20 nm, $d/W = 50$, $E_{\rm e}$ = 200 keV
0.2000000000	0.0927914449
0.2050000000	0.0936606269
0.2100000000	0.0942399881
0.2150000000	0.0945200993
0.2200000000	0.0944870532
0.2250000000	0.0941215419
0.2300000000	0.0933977050
0.2350000000	0.0922815507
0.2400000000	0.0907288885
0.2450000000	0.0886827490
0.2500000000	0.0860697741
0.2550000000	0.0827955732
0.2600000000	0.0787382883
0.2650000000	0.0827998414
0.2700000000	0.0932045259
0.2750000000	0.1080673041
0.2800000000	0.1287297983
0.2850000000	0.1591351326
0.2900000000	0.1966847811
0.2950000000	0.2504086788
0.3000000000	0.3224447689
0.3050000000	0.4326735483
0.3100000000	0.5858392783
0.3150000000	0.8819904921
0.3200000000	1.3434708746
0.3250000000	1.6568810536
0.3300000000	2.0897270741
0.3350000000	2.7023423789
0.3400000000	3.6629535601
0.3450000000	5.3092672695
0.3500000000	8.5888207277
0.3550000000	16.1709990845
0.3600000000	39.6590355522
0.3650000000	0.2826510622
0.3700000000	18.2633339357
0.3750000000	23.9768044830
0.3800000000	11.1403801844
0.3850000000	6.2561942236
0.3900000000	3.9997741834
0.3950000000	2.8090259327
0.4000000000	2.1200540393
0.4050000000	1.6712635722
0.4100000000	1.3790749779
0.4150000000	1.1861198721
0.4200000000	1.0636451314
0.4250000000	0.9673366902
0.4300000000	0.8546030663
0.4350000000	0.7653803135
0.4400000000	0.6947661043
0.4450000000	0.6385425042
0.4500000000	0.5940350693
0.4550000000	0.5586075690
0.4600000000	0.5307964177
0.4650000000	0.5090752295
0.4700000000	0.4924287228
0.4750000000	0.4801408031
0.4800000000	0.4715886915
0.4850000000	0.4662300573
0.4900000000	0.4637360624
0.4950000000	0.4638520724
0.5000000000	0.4663587180
0.5050000000	0.4711502808
0.5100000000	0.4781370880
0.5150000000	0.4872619006
0.5200000000	0.4985289533
0.5250000000	0.5119396185
0.5300000000	0.5276946382
0.5350000000	0.5458709988
0.5400000000	0.5666221570
0.5450000000	0.5901549738
0.5500000000	0.6167653245
0.5550000000	0.6467757018
0.5600000000	0.6805814588
0.5650000000	0.7186938927
0.5700000000	0.7618221632
0.5750000000	0.8104789663
0.5800000000	0.8656484517
0.5850000000	0.9286785943
0.5900000000	1.0004523846
0.5950000000	1.0828795323
0.6000000000	1.1784813817
0.6050000000	1.2891088838
0.6100000000	1.4190986016
0.6150000000	1.5719954096
0.6200000000	1.7539349557
0.6250000000	1.9737282581
0.6300000000	2.2402900791
0.6350000000	2.5704940009
0.6400000000	2.9828400998
0.6450000000	3.5110464235
0.6500000000	4.1980276933
0.6550000000	5.1165640832
0.6600000000	6.3895302130
0.6650000000	8.2107455785
0.6700000000	10.9663051060
0.6750000000	15.3930658973
0.6800000000	23.2116816565
0.6850000000	38.8865602942
0.6900000000	77.8034806259
0.6950000000	218.0367770790
0.7000000000	1055.7055409596
0.7050000000	512.3852850142
0.7100000000	131.3969280727
0.7150000000	55.7819365916
0.7200000000	30.4110470485
0.7250000000	19.0707441608
0.7300000000	13.0573528747
0.7350000000	9.5054889124
0.7400000000	7.2328931930
0.7450000000	5.6916224057
0.7500000000	4.6006795879
0.7550000000	3.7998333703
0.7600000000	3.1966564696
0.7650000000	2.7292637780
0.7700000000	2.3605761266
0.7750000000	2.0647907510
0.7800000000	1.8245806113
0.7850000000	1.6269045483
0.7900000000	1.4614107952
0.7950000000	1.3232482797
0.8000000000	1.2058270182
0.8050000000	1.1052748687
0.8100000000	1.0196807535
0.8150000000	0.9446966191
0.8200000000	0.8794306145
0.8250000000	0.8245950852
0.8300000000	0.7765790255
0.8350000000	0.7348053827
0.8400000000	0.7013723906
0.8450000000	0.6721416787
0.8500000000	0.6472640809
0.8550000000	0.6311300515
0.8600000000	0.6180204129
0.8650000000	0.6083523264
0.8700000000	0.6101393523
0.8750000000	0.6100709443
0.8800000000	0.6058533233
0.8850000000	0.5791080839
0.8900000000	0.4511936929
0.8950000000	-0.1859982440
0.9000000000	-3.5945377163
0.9050000000	-23.6410104944
0.9100000000	4.4920164768
0.9150000000	10.6297410204
0.9200000000	4.4082659438
0.9250000000	2.2928367679
0.9300000000	1.4007507664
0.9350000000	0.9753766262
0.9400000000	0.7465429498
0.9450000000	0.6202346182
0.9500000000	0.5312444337
0.9550000000	0.4724794557
0.9600000000	0.4371653753
0.9650000000	0.4091553530
0.9700000000	0.3909126147
0.9750000000	0.3810383977
0.9800000000	0.3790965595
0.9850000000	0.3878283913
0.9900000000	0.4071931506
0.9950000000	0.4468142130
1.0000000000	0.5259462663
1.0050000000	0.6973763681
1.0100000000	1.1377014021
1.0150000000	2.6274059497
1.0200000000	5.3200600313
1.0250000000	2.2169713458
1.0300000000	0.9668055538
1.0350000000	0.5953599800
1.0400000000	0.4486038542
1.0450000000	0.3783265737
1.0500000000	0.3408142029
1.0550000000	0.3190616536
1.0600000000	0.3062739267
1.0650000000	0.2990803256
1.0700000000	0.2956064254
1.0750000000	0.2949829013
1.0800000000	0.2962542314
1.0850000000	0.2995476546
1.0900000000	0.3057356298
1.0950000000	0.3135550602
1.1000000000	0.3230509803
1.1050000000	0.3341283195
1.1100000000	0.3469762384
1.1150000000	0.3617367250
1.1200000000	0.3786112887
1.1250000000	0.3978013761
1.1300000000	0.4197504418
1.1350000000	0.4448617921
1.1400000000	0.4736190179
1.1450000000	0.5067305187
1.1500000000	0.5448226217
1.1550000000	0.5895227590
1.1600000000	0.6421511450
1.1650000000	0.7048669131
1.1700000000	0.7801402888
1.1750000000	0.8693714529
1.1800000000	0.9766653168
1.1850000000	1.2170738220
1.1900000000	1.5446124417
1.1950000000	2.2185874189
1.2000000000	3.0958002859
1.2050000000	2.6315477363
1.2100000000	2.4397749169
1.2150000000	2.6763091065
1.2200000000	3.1785897196
1.2250000000	3.9635322086
1.2300000000	5.1625027429
1.2350000000	7.0613369863
1.2400000000	10.2597769025
1.2450000000	16.2794672685
1.2500000000	29.3064699675
1.2550000000	63.3457198928
1.2600000000	152.7714182914
1.2650000000	154.4984684815
1.2700000000	64.1545484215
1.2750000000	29.5560417727
1.2800000000	16.3328198745
1.2850000000	10.2455077376
1.2900000000	7.0020378949
1.2950000000	5.0857882544
1.3000000000	3.8645837926
1.3050000000	3.0411607342
1.3100000000	2.4588157428
1.3150000000	2.0357687349
1.3200000000	1.7192107382
1.3250000000	1.4770086648
1.3300000000	1.2891853005
1.3350000000	1.1426245316
1.3400000000	1.0289657989
1.3450000000	0.9426485341
1.3500000000	0.8841439961
1.3550000000	0.8567747380
1.3600000000	0.8741041219
1.3650000000	0.9742338428
1.3700000000	1.2664774300
1.3750000000	2.0432248800
1.3800000000	3.1200134055
1.3850000000	2.2475584159
1.3900000000	1.2542961999
1.3950000000	0.8041254118
1.4000000000	0.5670790573
1.4050000000	0.3883375392
1.4100000000	0.1728396097
1.4150000000	-0.2276943088
1.4200000000	-1.2117865931
1.4250000000	-3.8873866292
1.4300000000	-5.1624265270
1.4350000000	2.2472496365
1.4400000000	2.9008188868
1.4450000000	1.7199811126
1.4500000000	1.0563660897
1.4550000000	0.7222606624
1.4600000000	0.5385902428
1.4650000000	0.4180241517
1.4700000000	0.3236306641
1.4750000000	0.3085955107
1.4800000000	0.3319312559
1.4850000000	0.3049862497
1.4900000000	0.2802083977
1.4950000000	0.2631563712
1.5000000000	0.2513035065
1.5050000000	0.2435073913
1.5100000000	0.2384542959
1.5150000000	0.2366071113
1.5200000000	0.2358866188
1.5250000000	0.2375578270
1.5300000000	0.2421781522
1.5350000000	0.2509639153
1.5400000000	0.2664325452
1.5450000000	0.2939935493
1.5500000000	0.3456962560
1.5550000000	0.4456109653
1.5600000000	0.5967429854
1.5650000000	0.6187582736
1.5700000000	0.4743905634
1.5750000000	0.3694074005
1.5800000000	0.3187205369
1.5850000000	0.2957506678
1.5900000000	0.2864794283
1.5950000000	0.2847138306
1.6000000000	0.2876380913
1.6050000000	0.2940388342
1.6100000000	0.3031157316
1.6150000000	0.3145467352
1.6200000000	0.3283985539
1.6250000000	0.3447279779
1.6300000000	0.3637488278
1.6350000000	0.3857831129
1.6400000000	0.4112619082
1.6450000000	0.4407532208
1.6500000000	0.4749797996
1.6550000000	0.5148622162
1.6600000000	0.5615949538
1.6650000000	0.6167165341
1.6700000000	0.6816317117
1.6750000000	0.7601369574
1.6800000000	0.8553422512
1.6850000000	0.9722188814
1.6900000000	1.1177457552
1.6950000000	1.3020334230
1.7000000000	1.5400543586
1.7050000000	1.8645349744
1.7100000000	2.3102455725
1.7150000000	2.9453599977
1.7200000000	3.8904233696
1.7250000000	5.3571358150
1.7300000000	7.6270279971
1.7350000000	10.8860878713
1.7400000000	15.7201916454
1.7450000000	24.0854167731
1.7500000000	34.6008781774
1.7550000000	35.2858469078
1.7600000000	24.7007608981
1.7650000000	15.3141683051
1.7700000000	9.7555606606
1.7750000000	6.5953372184
1.7800000000	4.7210925779
1.7850000000	3.5526263747
1.7900000000	2.7983639480
1.7950000000	2.3114923352
1.8000000000	2.0151611671
1.8050000000	1.8216216531
1.8100000000	1.5813903766
1.8150000000	1.2808187088
1.8200000000	1.0412707072
1.8250000000	0.8940142070
1.8300000000	0.7839175538
1.8350000000	0.6898932232
1.8400000000	0.6124330760
1.8450000000	0.5489457754
1.8500000000	0.4960235949
1.8550000000	0.4508723574
1.8600000000	0.4075308438
1.8650000000	0.3696628552
1.8700000000	0.3294964973
1.8750000000	0.2698068062
1.8800000000	0.1356438296
1.8850000000	-0.1533884718
1.8900000000	-0.5392065819
1.8950000000	-0.5993625625
1.9000000000	0.0385361815
1.9050000000	0.6292332002
1.9100000000	0.6982091107
1.9150000000	0.5875431728
1.9200000000	0.4796385807
1.9250000000	0.4039225360
1.9300000000	0.3593924289
1.9350000000	0.3269764928
1.9400000000	0.3080029311
1.9450000000	0.2983349107
1.9500000000	0.2919876027
1.9550000000	0.2816369960
1.9600000000	0.2677001498
1.9650000000	0.2559106104
1.9700000000	0.2485914871
1.9750000000	0.2455096210
1.9800000000	0.2461978808
1.9850000000	0.2506490415
1.9900000000	0.2593663812
1.9950000000	0.2730227456
2.0000000000	0.2909618125
2.0050000000	0.3088422381
2.0100000000	0.3153280941
2.0150000000	0.3106705540
2.0200000000	0.3049556502
2.0250000000	0.3043887678
2.0300000000	0.3100077499
2.0350000000	0.3213937797
2.0400000000	0.3383635130
2.0450000000	0.3613040484
2.0500000000	0.3910969677
2.0550000000	0.4286813011
2.0600000000	0.4739395932
2.0650000000	0.5248686287
2.0700000000	0.5808800674
2.0750000000	0.6480115329
2.0800000000	0.7368321142
2.0850000000	0.8569790508
2.0900000000	1.0142051594
2.0950000000	1.1990966501
2.1000000000	1.3719225955
2.1050000000	1.4771761751
2.1100000000	1.4886526914
2.1150000000	1.4689329596
2.1200000000	1.4874051588
2.1250000000	1.5790180474
2.1300000000	1.7608946937
2.1350000000	2.0524140051
2.1400000000	2.4856716836
2.1450000000	3.1106504343
2.1500000000	3.9921737613
2.1550000000	5.1749299264
2.1600000000	6.5623351421
2.1650000000	7.7194184385
2.1700000000	7.9846175256
2.1750000000	7.1365674996
2.1800000000	5.7517694325
2.1850000000	4.4312390221
2.1900000000	3.4030083458
2.1950000000	2.6644987510
2.2000000000	2.1512912053
2.2050000000	1.8026496267
2.2100000000	1.5645071662
2.2150000000	1.3805627130
2.2200000000	1.2084936773
2.2250000000	1.0377657927
2.2300000000	0.8800186330
2.2350000000	0.7441187609
2.2400000000	0.6296929358
2.2450000000	0.5318669582
2.2500000000	0.4454052714
2.2550000000	0.3670254312
2.2600000000	0.2888241147
2.2650000000	0.2307850687
2.2700000000	0.1977760962
2.2750000000	0.2026109098
2.2800000000	0.2438416171
2.2850000000	0.2970677872
2.2900000000	0.3353484764
2.2950000000	0.3509203038
2.3000000000	0.3504553516
2.3050000000	0.3415708028
2.3100000000	0.3304898988
2.3150000000	0.3200704073
2.3200000000	0.3114314446
2.3250000000	0.3051137179
2.3300000000	0.3014499105
2.3350000000	0.3006318623
2.3400000000	0.3027696379
2.3450000000	0.3079669233
2.3500000000	0.3163506586
2.3550000000	0.3282495640
2.3600000000	0.3432246490
2.3650000000	0.3614244508
2.3700000000	0.3827615793
2.3750000000	0.4074479385
2.3800000000	0.4363477887
2.3850000000	0.4705258569
2.3900000000	0.5103126525
2.3950000000	0.5542332563
2.4000000000	0.5983042772
2.4050000000	0.6387442238
2.4100000000	0.6657878779
2.4150000000	0.6775780854
2.4200000000	0.6785927422
2.4250000000	0.6766640944
2.4300000000	0.6789792447
2.4350000000	0.6901269348
2.4400000000	0.7122137297
2.4450000000	0.7460187505
2.4500000000	0.7923202552
2.4550000000	0.8526218150
2.4600000000	0.9302352201
2.4650000000	1.0284352690
2.4700000000	1.1504377433
2.4750000000	1.2979294063
2.4800000000	1.4692549511
2.4850000000	1.6568881106
2.4900000000	1.8445405544
2.4950000000	2.0057841570
2.5000000000	2.1079566330
2.5050000000	2.1175686812
2.5100000000	2.0220432685
2.5150000000	1.8471044665
2.5200000000	1.6329537467
2.5250000000	1.4146029021
2.5300000000	1.2132194779
2.5350000000	1.0375650500
2.5400000000	0.8887792645
2.5450000000	0.7645185736
2.5500000000	0.6614803609
2.5550000000	0.5767031145
2.5600000000	0.5055491619
2.5650000000	0.4517627089
2.5700000000	0.4123934033
2.5750000000	0.3860157466
2.5800000000	0.3698996821
2.5850000000	0.3603831313
2.5900000000	0.3540659657
2.5950000000	0.3488443061
2.6000000000	0.3440189569
2.6050000000	0.3420515224
2.6100000000	0.3413002210
2.6150000000	0.3423832881
2.6200000000	0.3456306147
2.6250000000	0.3511064041
2.6300000000	0.3586213260
2.6350000000	0.3677417790
2.6400000000	0.3778039790
2.6450000000	0.3879735218
2.6500000000	0.3973767955
2.6550000000	0.4053079158
2.6600000000	0.4114573787
2.6650000000	0.4160634078
2.6700000000	0.4198733741
2.6750000000	0.4239773290
2.6800000000	0.4294289811
2.6850000000	0.4372429259
2.6900000000	0.4481515838
2.6950000000	0.4626343648
2.7000000000	0.4809477727
2.7050000000	0.5057315776
2.7100000000	0.5354653467
2.7150000000	0.5697898939
2.7200000000	0.6078972227
2.7250000000	0.6483683423
2.7300000000	0.6890329483
2.7350000000	0.7269512020
2.7400000000	0.7586274721
2.7450000000	0.7805293052
2.7500000000	0.7898380574
2.7550000000	0.7851833007
2.7600000000	0.7670301994
2.7650000000	0.7375240925
2.7700000000	0.6998847466
2.7750000000	0.6576443145
2.7800000000	0.6140222979
2.7850000000	0.5715746831
2.7900000000	0.5317764913
2.7950000000	0.4962274428
2.8000000000	0.4652566546
2.8050000000	0.4360578190
2.8100000000	0.4124013923
2.8150000000	0.3935114381
2.8200000000	0.3785567471
2.8250000000	0.3667901410
2.8300000000	0.3575939863
2.8350000000	0.3504755137
2.8400000000	0.3450355020
2.8450000000	0.3409480794
2.8500000000	0.3379550180
2.8550000000	0.3358791543
2.8600000000	0.3346390526
2.8650000000	0.3342538989
2.8700000000	0.3348272176
2.8750000000	0.3365144173
2.8800000000	0.3394803055
2.8850000000	0.3438605484
2.8900000000	0.3497316066
2.8950000000	0.3570907418
2.9000000000	0.3658393159
2.9050000000	0.3782704176
2.9100000000	0.3914170615
2.9150000000	0.4044693597
2.9200000000	0.4164103260
2.9250000000	0.4261560230
2.9300000000	0.4327119903
2.9350000000	0.4353500251
2.9400000000	0.4337567775
2.9450000000	0.4280967440
2.9500000000	0.4189669717
2.9550000000	0.4072547960
2.9600000000	0.3939576729
2.9650000000	0.3800171652
2.9700000000	0.3662092970
2.9750000000	0.3530956550
2.9800000000	0.3410284118
2.9850000000	0.3301865693
2.9900000000	0.3206242571
2.9950000000	0.3123167036
3.0000000000	0.3051975080
