# energy (eV)    P(omega), $W$ = 400 nm, $h$ = 300 nm, $s$ = 20 nm, $d/W = 250$, $E_{\rm e}$ = 200 keV
0.2000000000	0.1423802603
0.2050000000	0.1437004625
0.2100000000	0.1446145131
0.2150000000	0.1451071763
0.2200000000	0.1451568082
0.2250000000	0.1447338833
0.2300000000	0.1437992739
0.2350000000	0.1423018827
0.2400000000	0.1401757933
0.2450000000	0.1373360942
0.2500000000	0.1336738901
0.2550000000	0.1290491412
0.2600000000	0.1232812145
0.2650000000	0.1292330250
0.2700000000	0.1443927413
0.2750000000	0.1660715826
0.2800000000	0.1962522026
0.2850000000	0.2407163717
0.2900000000	0.2957462064
0.2950000000	0.3745802644
0.3000000000	0.4804600693
0.3050000000	0.6426513617
0.3100000000	0.8683821616
0.3150000000	1.3050436411
0.3200000000	1.9864830936
0.3250000000	2.4517188577
0.3300000000	3.0949182895
0.3350000000	4.0062116206
0.3400000000	5.4361861709
0.3450000000	7.8886213267
0.3500000000	12.7772129345
0.3550000000	24.0886545542
0.3600000000	59.1583872274
0.3650000000	0.3256453557
0.3700000000	27.3539265403
0.3750000000	35.9509156773
0.3800000000	16.7346348155
0.3850000000	9.4162644433
0.3900000000	6.0325542602
0.3950000000	4.2457538731
0.4000000000	3.2114441390
0.4050000000	2.5373402766
0.4100000000	2.0984721733
0.4150000000	1.8088830542
0.4200000000	1.6255730886
0.4250000000	1.4815390815
0.4300000000	1.3119178814
0.4350000000	1.1776712277
0.4400000000	1.0714703389
0.4450000000	0.9869863092
0.4500000000	0.9202218327
0.4550000000	0.8672065974
0.4600000000	0.8257558819
0.4650000000	0.7935699665
0.4700000000	0.7691242327
0.4750000000	0.7513488624
0.4800000000	0.7393107737
0.4850000000	0.7321946486
0.4900000000	0.7295135961
0.4950000000	0.7308922344
0.5000000000	0.7360086608
0.5050000000	0.7447151787
0.5100000000	0.7568893353
0.5150000000	0.7724553752
0.5200000000	0.7914385315
0.5250000000	0.8138562620
0.5300000000	0.8400408101
0.5350000000	0.8701321216
0.5400000000	0.9043912974
0.5450000000	0.9431638035
0.5500000000	0.9869406670
0.5550000000	1.0362573919
0.5600000000	1.0917680407
0.5650000000	1.1543154321
0.5700000000	1.2250636646
0.5750000000	1.3048691130
0.5800000000	1.3953475577
0.5850000000	1.4987088523
0.5900000000	1.6164281031
0.5950000000	1.7516393634
0.6000000000	1.9084821837
0.6050000000	2.0900368058
0.6100000000	2.3034182396
0.6150000000	2.5544973616
0.6200000000	2.8533799630
0.6250000000	3.2145706812
0.6300000000	3.6528208156
0.6350000000	4.1959197066
0.6400000000	4.8744575331
0.6450000000	5.7440335377
0.6500000000	6.8755741784
0.6550000000	8.3892842221
0.6600000000	10.4881043887
0.6650000000	13.4924880657
0.6700000000	18.0405779040
0.6750000000	25.3510554657
0.6800000000	38.2699395757
0.6850000000	64.1846567951
0.6900000000	128.5614931449
0.6950000000	360.6801900896
0.7000000000	1748.3010531888
0.7050000000	849.4762018371
0.7100000000	218.0828807153
0.7150000000	92.6855788651
0.7200000000	50.5862609045
0.7250000000	31.7579328846
0.7300000000	21.7682475104
0.7350000000	15.8645417318
0.7400000000	12.0851105239
0.7450000000	9.5205124002
0.7500000000	7.7042949547
0.7550000000	6.3703381052
0.7600000000	5.3651508806
0.7650000000	4.5858517919
0.7700000000	3.9708275489
0.7750000000	3.4771889036
0.7800000000	3.0761276796
0.7850000000	2.7459566183
0.7900000000	2.4694110572
0.7950000000	2.2384728842
0.8000000000	2.0421395334
0.8050000000	1.8739563774
0.8100000000	1.7307800407
0.8150000000	1.6053084792
0.8200000000	1.4960765144
0.8250000000	1.4043661019
0.8300000000	1.3240736236
0.8350000000	1.2542469619
0.8400000000	1.1985317464
0.8450000000	1.1498750952
0.8500000000	1.1085561276
0.8550000000	1.0821752207
0.8600000000	1.0609202019
0.8650000000	1.0455167322
0.8700000000	1.0498602753
0.8750000000	1.0509275419
0.8800000000	1.0446506098
0.8850000000	0.9988976383
0.8900000000	0.7760180657
0.8950000000	-0.3384206074
0.9000000000	-6.3091020554
0.9050000000	-41.4632286217
0.9100000000	7.8868840900
0.9150000000	18.6791669620
0.9200000000	7.7502674646
0.9250000000	4.0306014587
0.9300000000	2.4601590644
0.9350000000	1.7102620136
0.9400000000	1.3059972699
0.9450000000	1.0820991473
0.9500000000	0.9234019955
0.9550000000	0.8174850482
0.9600000000	0.7523608189
0.9650000000	0.6990975793
0.9700000000	0.6617943635
0.9750000000	0.6373985773
0.9800000000	0.6241886003
0.9850000000	0.6254169653
0.9900000000	0.6377661982
0.9950000000	0.6720517798
1.0000000000	0.7476626411
1.0050000000	0.9186462350
1.0100000000	1.3626222628
1.0150000000	2.8737649731
1.0200000000	5.6147709648
1.0250000000	2.4641125071
1.0300000000	1.1919755280
1.0350000000	0.8139584262
1.0400000000	0.6652174734
1.0450000000	0.5949175897
1.0500000000	0.5587778021
1.0550000000	0.5389613083
1.0600000000	0.5288210339
1.0650000000	0.5249466418
1.0700000000	0.5254431005
1.0750000000	0.5295691838
1.0800000000	0.5361266311
1.0850000000	0.5457011972
1.0900000000	0.5601463508
1.0950000000	0.5772353601
1.1000000000	0.5971351271
1.1050000000	0.6198169020
1.1100000000	0.6456596005
1.1150000000	0.6749925916
1.1200000000	0.7082276941
1.1250000000	0.7457296754
1.1300000000	0.7884325302
1.1350000000	0.8370392700
1.1400000000	0.8925238308
1.1450000000	0.9561835101
1.1500000000	1.0290895695
1.1550000000	1.1143280182
1.1600000000	1.2140994546
1.1650000000	1.3316858019
1.1700000000	1.4697582996
1.1750000000	1.6223210294
1.1800000000	1.7908495964
1.1850000000	2.3591423452
1.1900000000	2.9529181676
1.1950000000	4.1292983891
1.2000000000	5.6821171802
1.2050000000	4.9221502852
1.2100000000	4.6523617732
1.2150000000	5.1502786610
1.2200000000	6.1438549391
1.2250000000	7.6797504241
1.2300000000	10.0192478464
1.2350000000	13.7218039899
1.2400000000	19.9588545163
1.2450000000	31.7013739614
1.2500000000	57.1258551929
1.2550000000	123.5992640177
1.2600000000	298.3897267921
1.2650000000	302.0869617186
1.2700000000	125.5840455193
1.2750000000	57.9291911609
1.2800000000	32.0564817180
1.2850000000	20.1402999766
1.2900000000	13.7891360265
1.2950000000	10.0364798802
1.3000000000	7.6455257051
1.3050000000	6.0346223784
1.3100000000	4.8972020244
1.3150000000	4.0734324514
1.3200000000	3.4602939403
1.3250000000	2.9955730847
1.3300000000	2.6410921249
1.3350000000	2.3727223202
1.3400000000	2.1766587532
1.3450000000	2.0464147816
1.3500000000	1.9909832445
1.3550000000	2.0326827128
1.3600000000	2.2325216653
1.3650000000	2.7487161079
1.3700000000	4.0254559298
1.3750000000	7.2433841833
1.3800000000	11.6523338986
1.3850000000	8.1974490111
1.3900000000	4.2684092932
1.3950000000	2.5403498797
1.4000000000	1.6974502072
1.4050000000	1.1519024762
1.4100000000	0.6134156313
1.4150000000	-0.2557687634
1.4200000000	-2.2746887482
1.4250000000	-7.6815621891
1.4300000000	-10.2760275131
1.4350000000	4.6103830818
1.4400000000	5.9199088489
1.4450000000	3.5336640275
1.4500000000	2.1874686438
1.4550000000	1.5031604501
1.4600000000	1.1146367776
1.4650000000	0.8284458310
1.4700000000	0.5517125317
1.4750000000	0.5873406106
1.4800000000	0.7584098016
1.4850000000	0.6917271236
1.4900000000	0.6211469439
1.4950000000	0.5745974745
1.5000000000	0.5434348085
1.5050000000	0.5228223315
1.5100000000	0.5089594349
1.5150000000	0.5020819802
1.5200000000	0.4974569491
1.5250000000	0.4972048775
1.5300000000	0.5018710959
1.5350000000	0.5129288920
1.5400000000	0.5336735387
1.5450000000	0.5712904971
1.5500000000	0.6418472704
1.5550000000	0.7774050345
1.5600000000	0.9816775171
1.5650000000	1.0128335265
1.5700000000	0.8228406333
1.5750000000	0.6869215195
1.5800000000	0.6244633933
1.5850000000	0.5998329529
1.5900000000	0.5943386454
1.5950000000	0.5997895035
1.6000000000	0.6125325946
1.6050000000	0.6311374666
1.6100000000	0.6546104952
1.6150000000	0.6826582811
1.6200000000	0.7156475683
1.6250000000	0.7538899645
1.6300000000	0.7979869085
1.6350000000	0.8487464204
1.6400000000	0.9072146148
1.6450000000	0.9747404470
1.6500000000	1.0530229259
1.6550000000	1.1442185068
1.6600000000	1.2511226728
1.6650000000	1.3773392476
1.6700000000	1.5262971358
1.6750000000	1.7066975006
1.6800000000	1.9260284676
1.6850000000	2.1961342006
1.6900000000	2.5337662227
1.6950000000	2.9633957769
1.7000000000	3.5216521864
1.7050000000	4.2885441635
1.7100000000	5.3526521614
1.7150000000	6.8887159795
1.7200000000	9.2105939218
1.7250000000	12.8669039013
1.7300000000	18.4992282916
1.7350000000	26.0182826378
1.7400000000	36.1241750611
1.7450000000	53.7606910787
1.7500000000	76.3687571671
1.7550000000	77.7111501427
1.7600000000	54.4772425736
1.7650000000	33.8755060945
1.7700000000	21.6646199662
1.7750000000	14.7208834861
1.7800000000	10.6111485054
1.7850000000	8.0692119720
1.7900000000	6.4665926619
1.7950000000	5.5008085412
1.8000000000	5.0230046398
1.8050000000	4.7837991515
1.8100000000	4.2216448730
1.8150000000	3.3202665918
1.8200000000	2.6007269053
1.8250000000	2.2090622427
1.8300000000	1.9285232568
1.8350000000	1.6824607053
1.8400000000	1.4811000164
1.8450000000	1.3195483892
1.8500000000	1.1878461085
1.8550000000	1.0778508594
1.8600000000	0.9751686530
1.8650000000	0.8874631924
1.8700000000	0.7973637880
1.8750000000	0.6658041658
1.8800000000	0.3661746169
1.8850000000	-0.2879742132
1.8900000000	-1.1660079284
1.8950000000	-1.3121952989
1.9000000000	0.1188119477
1.9050000000	1.4498113963
1.9100000000	1.6049858725
1.9150000000	1.3536350347
1.9200000000	1.1076934209
1.9250000000	0.9337078172
1.9300000000	0.8291435342
1.9350000000	0.7502418393
1.9400000000	0.6992741446
1.9450000000	0.6672153440
1.9500000000	0.6450079793
1.9550000000	0.6234405371
1.9600000000	0.6019142151
1.9650000000	0.5855819302
1.9700000000	0.5763681437
1.9750000000	0.5738321067
1.9800000000	0.5774953220
1.9850000000	0.5875486894
1.9900000000	0.6048952410
1.9950000000	0.6306504380
2.0000000000	0.6639004711
2.0050000000	0.6992492901
2.0100000000	0.7187527941
2.0150000000	0.7234816374
2.0200000000	0.7290713368
2.0250000000	0.7452742990
2.0300000000	0.7742344322
2.0350000000	0.8161613689
2.0400000000	0.8719658638
2.0450000000	0.9438790238
2.0500000000	1.0354041893
2.0550000000	1.1503974046
2.0600000000	1.2902075017
2.0650000000	1.4514656125
2.0700000000	1.6353659645
2.0750000000	1.8622419955
2.0800000000	2.1662152595
2.0850000000	2.5799489047
2.0900000000	3.1225619921
2.0950000000	3.7567381553
2.1000000000	4.3291260748
2.1050000000	4.6256558147
2.1100000000	4.5396470585
2.1150000000	4.3006276610
2.1200000000	4.1606613393
2.1250000000	4.2358542816
2.1300000000	4.5666993674
2.1350000000	5.1904832444
2.1400000000	6.1758897414
2.1450000000	7.6383509833
2.1500000000	9.7348846136
2.1550000000	12.5798787017
2.1600000000	15.9430136698
2.1650000000	18.7622044547
2.1700000000	19.4221917605
2.1750000000	17.3777332093
2.1800000000	14.0222744361
2.1850000000	10.8145198763
2.1900000000	8.3103660987
2.1950000000	6.5053560015
2.2000000000	5.2438374774
2.2050000000	4.3789722682
2.2100000000	3.7825020663
2.2150000000	3.3236599593
2.2200000000	2.9050628641
2.2250000000	2.4996392153
2.2300000000	2.1292680301
2.2350000000	1.8107408821
2.2400000000	1.5416028356
2.2450000000	1.3101625974
2.2500000000	1.1043906436
2.2550000000	0.9172065708
2.2600000000	0.7301826251
2.2650000000	0.5929651923
2.2700000000	0.5169209143
2.2750000000	0.5325308392
2.2800000000	0.6361745902
2.2850000000	0.7689067915
2.2900000000	0.8653668492
2.2950000000	0.9066643631
2.3000000000	0.9090382074
2.3050000000	0.8911281173
2.3100000000	0.8683163900
2.3150000000	0.8477291300
2.3200000000	0.8321649599
2.3250000000	0.8230089696
2.3300000000	0.8212352153
2.3350000000	0.8275826946
2.3400000000	0.8426655707
2.3450000000	0.8671282527
2.3500000000	0.9016804734
2.3550000000	0.9475149598
2.3600000000	1.0036658255
2.3650000000	1.0705373978
2.3700000000	1.1479140286
2.3750000000	1.2366177955
2.3800000000	1.3398266069
2.3850000000	1.4613475750
2.3900000000	1.6021122393
2.3950000000	1.7561245731
2.4000000000	1.9077953630
2.4050000000	2.0407367065
2.4100000000	2.1186390006
2.4150000000	2.1344898944
2.4200000000	2.1054046119
2.4250000000	2.0607384170
2.4300000000	2.0267496613
2.4350000000	2.0195266108
2.4400000000	2.0457549980
2.4450000000	2.1069444479
2.4500000000	2.2039281609
2.4550000000	2.3393042770
2.4600000000	2.5212107202
2.4650000000	2.7578769579
2.4700000000	3.0580732569
2.4750000000	3.4269835861
2.4800000000	3.8612455379
2.4850000000	4.3421475060
2.4900000000	4.8277454988
2.4950000000	5.2489652159
2.5000000000	5.5197412051
2.5050000000	5.5515584345
2.5100000000	5.3097838835
2.5150000000	4.8601313020
2.5200000000	4.3068005551
2.5250000000	3.7410710494
2.5300000000	3.2184304554
2.5350000000	2.7620790650
2.5400000000	2.3753025024
2.5450000000	2.0522442396
2.5500000000	1.7844963180
2.5550000000	1.5645109318
2.5600000000	1.3802897431
2.5650000000	1.2418920951
2.5700000000	1.1417455830
2.5750000000	1.0762687441
2.5800000000	1.0383963071
2.5850000000	1.0185291083
2.5900000000	1.0076928426
2.5950000000	1.0003141685
2.6000000000	0.9945767381
2.6050000000	0.9981825748
2.6100000000	1.0060849190
2.6150000000	1.0201518404
2.6200000000	1.0413735246
2.6250000000	1.0698473036
2.6300000000	1.1047377930
2.6350000000	1.1442469442
2.6400000000	1.1856270598
2.6450000000	1.2254031025
2.6500000000	1.2599025388
2.6550000000	1.2861252812
2.6600000000	1.3026948245
2.6650000000	1.3104752348
2.6700000000	1.3123975753
2.6750000000	1.3127453613
2.6800000000	1.3156663881
2.6850000000	1.3250645126
2.6900000000	1.3436837574
2.6950000000	1.3732395223
2.7000000000	1.4145793387
2.7050000000	1.4739514265
2.7100000000	1.5483037745
2.7150000000	1.6365528898
2.7200000000	1.7363927082
2.7250000000	1.8438636499
2.7300000000	1.9529585680
2.7350000000	2.0555628604
2.7400000000	2.1420282250
2.7450000000	2.2025689530
2.7500000000	2.2293240238
2.7550000000	2.2183737122
2.7600000000	2.1708244722
2.7650000000	2.0924086527
2.7700000000	1.9918493637
2.7750000000	1.8787775049
2.7800000000	1.7620104505
2.7850000000	1.6485815616
2.7900000000	1.5425651005
2.7950000000	1.4484059228
2.8000000000	1.3670242249
2.8050000000	1.2911542081
2.8100000000	1.2307354156
2.8150000000	1.1835382460
2.8200000000	1.1471524055
2.8250000000	1.1193783681
2.8300000000	1.0983631695
2.8350000000	1.0825877581
2.8400000000	1.0707850389
2.8450000000	1.0618916909
2.8500000000	1.0550570962
2.8550000000	1.0497116662
2.8600000000	1.0456414851
2.8650000000	1.0430148447
2.8700000000	1.0423274287
2.8750000000	1.0442728491
2.8800000000	1.0495823614
2.8850000000	1.0588783401
2.8900000000	1.0725708283
2.8950000000	1.0907897632
2.9000000000	1.1133503231
2.9050000000	1.1464494798
2.9100000000	1.1822777779
2.9150000000	1.2185112810
2.9200000000	1.2522178086
2.9250000000	1.2802569172
2.9300000000	1.2997219583
2.9350000000	1.3084550244
2.9400000000	1.3054701336
2.9450000000	1.2911449072
2.9500000000	1.2670951365
2.9550000000	1.2357724797
2.9600000000	1.1999531818
2.9650000000	1.1622648007
2.9700000000	1.1248700666
2.9750000000	1.0893279714
2.9800000000	1.0566046023
2.9850000000	1.0271762636
2.9900000000	1.0011655142
2.9950000000	0.9784753712
3.0000000000	0.9588961657
