# energy (eV)    P(omega), $W$ = 400 nm, $h$ = 300 nm, $s$ = 20 nm, $d/W = 25$, $E_{\rm e}$ = 100 keV
0.2000000000	0.1066669659
0.2050000000	0.1059449349
0.2100000000	0.1051861783
0.2150000000	0.1043970732
0.2200000000	0.1035832502
0.2250000000	0.1027496668
0.2300000000	0.1019009654
0.2350000000	0.1010408417
0.2400000000	0.1001728638
0.2450000000	0.0992997617
0.2500000000	0.0984240915
0.2550000000	0.0975476615
0.2600000000	0.0966718296
0.2650000000	0.0957974965
0.2700000000	0.0949251299
0.2750000000	0.0940543741
0.2800000000	0.0931844455
0.2850000000	0.0931826854
0.2900000000	0.0933956028
0.2950000000	0.0939178894
0.3000000000	0.0946431547
0.3050000000	0.0957527750
0.3100000000	0.0972441145
0.3150000000	0.0990202470
0.3200000000	0.1014751939
0.3250000000	0.1047988907
0.3300000000	0.1088148041
0.3350000000	0.1149184563
0.3400000000	0.1292773894
0.3450000000	0.1330576911
0.3500000000	0.1365508242
0.3550000000	0.1403777505
0.3600000000	0.1443039763
0.3650000000	0.1487997262
0.3700000000	0.1538697291
0.3750000000	0.1599725893
0.3800000000	0.1671094993
0.3850000000	0.1758219484
0.3900000000	0.1866117145
0.3950000000	0.1998689337
0.4000000000	0.2168885342
0.4050000000	0.2402391315
0.4100000000	0.2698160493
0.4150000000	0.3101266135
0.4200000000	0.3707825073
0.4250000000	0.4613412687
0.4300000000	0.6054192677
0.4350000000	0.8555207608
0.4400000000	1.3723457103
0.4450000000	2.5672556571
0.4500000000	6.2321575445
0.4550000000	-3.8336783111
0.4600000000	-8.8386091533
0.4650000000	2.3946790155
0.4700000000	1.5665694917
0.4750000000	0.9678187971
0.4800000000	0.6481382461
0.4850000000	0.4679164104
0.4900000000	0.3592000889
0.4950000000	0.2899021552
0.5000000000	0.2433554174
0.5050000000	0.2113584880
0.5100000000	0.1889143220
0.5150000000	0.1728612474
0.5200000000	0.1613465036
0.5250000000	0.1530734074
0.5300000000	0.1470842651
0.5350000000	0.1430769606
0.5400000000	0.1405238382
0.5450000000	0.1391352417
0.5500000000	0.1387091564
0.5550000000	0.1390594843
0.5600000000	0.1401834712
0.5650000000	0.1419786022
0.5700000000	0.1443854141
0.5750000000	0.1473795996
0.5800000000	0.1509312316
0.5850000000	0.1551003560
0.5900000000	0.1598728182
0.5950000000	0.1652691060
0.6000000000	0.1713598770
0.6050000000	0.1781818252
0.6100000000	0.1858109727
0.6150000000	0.1943269103
0.6200000000	0.2038359988
0.6250000000	0.2144796627
0.6300000000	0.2263754497
0.6350000000	0.2397512437
0.6400000000	0.2547675062
0.6450000000	0.2717166525
0.6500000000	0.2909765597
0.6550000000	0.3128442538
0.6600000000	0.3379333816
0.6650000000	0.3667424914
0.6700000000	0.4001847797
0.6750000000	0.4391131112
0.6800000000	0.4848605860
0.6850000000	0.5393065363
0.6900000000	0.6043958764
0.6950000000	0.6835345649
0.7000000000	0.7805397883
0.7050000000	0.9018593087
0.7100000000	1.0555453296
0.7150000000	1.2552869444
0.7200000000	1.5207322068
0.7250000000	1.8836074313
0.7300000000	2.4000893610
0.7350000000	3.1680025148
0.7400000000	4.3845532467
0.7450000000	6.4719344485
0.7500000000	10.5062358996
0.7550000000	19.7877172259
0.7600000000	48.1250168323
0.7650000000	160.7049072000
0.7700000000	141.4476321427
0.7750000000	42.5497755078
0.7800000000	17.9732952876
0.7850000000	9.6528547940
0.7900000000	5.9731524592
0.7950000000	4.0470390332
0.8000000000	2.9186160645
0.8050000000	2.2032261593
0.8100000000	1.7208132370
0.8150000000	1.3760156097
0.8200000000	1.1258345328
0.8250000000	0.9387085017
0.8300000000	0.7950521427
0.8350000000	0.6825775091
0.8400000000	0.5928896474
0.8450000000	0.5201757182
0.8500000000	0.4605947851
0.8550000000	0.4109806376
0.8600000000	0.3694549730
0.8650000000	0.3343510685
0.8700000000	0.3042574355
0.8750000000	0.2784423947
0.8800000000	0.2562277037
0.8850000000	0.2367268274
0.8900000000	0.2197400184
0.8950000000	0.2049531102
0.9000000000	0.1917960068
0.9050000000	0.1801025012
0.9100000000	0.1699790609
0.9150000000	0.1608337480
0.9200000000	0.1526196509
0.9250000000	0.1456686487
0.9300000000	0.1392592663
0.9350000000	0.1335181049
0.9400000000	0.1285479288
0.9450000000	0.1246107248
0.9500000000	0.1209051107
0.9550000000	0.1177103172
0.9600000000	0.1151868487
0.9650000000	0.1138847984
0.9700000000	0.1126283998
0.9750000000	0.1118052009
0.9800000000	0.1127572774
0.9850000000	0.1128355506
0.9900000000	0.1117667789
0.9950000000	0.1061986530
1.0000000000	0.0851599821
1.0050000000	-0.0081966214
1.0100000000	-0.4209851438
1.0150000000	-2.0232144301
1.0200000000	-0.7230444289
1.0250000000	1.1451956505
1.0300000000	0.6501925934
1.0350000000	0.3636226560
1.0400000000	0.2342531957
1.0450000000	0.1731329716
1.0500000000	0.1371930493
1.0550000000	0.1159321829
1.0600000000	0.1027888178
1.0650000000	0.0953281336
1.0700000000	0.0900383497
1.0750000000	0.0872766435
1.0800000000	0.0868006946
1.0850000000	0.0891873266
1.0900000000	0.0969408270
1.0950000000	0.1141977771
1.1000000000	0.1572593567
1.1050000000	0.2839718726
1.1100000000	0.5287976253
1.1150000000	0.3386934770
1.1200000000	0.1785135045
1.1250000000	0.1236634906
1.1300000000	0.1016086008
1.1350000000	0.0913474170
1.1400000000	0.0861415579
1.1450000000	0.0835580779
1.1500000000	0.0825008691
1.1550000000	0.0824390720
1.1600000000	0.0830943725
1.1650000000	0.0843279903
1.1700000000	0.0860267355
1.1750000000	0.0881677152
1.1800000000	0.0907373874
1.1850000000	0.0937387254
1.1900000000	0.0971794508
1.1950000000	0.1011096013
1.2000000000	0.1055666514
1.2050000000	0.1106080940
1.2100000000	0.1163057961
1.2150000000	0.1227085313
1.2200000000	0.1299981307
1.2250000000	0.1382729340
1.2300000000	0.1476980227
1.2350000000	0.1584769380
1.2400000000	0.1708582432
1.2450000000	0.1850628103
1.2500000000	0.2016661131
1.2550000000	0.2210781330
1.2600000000	0.2439356107
1.2650000000	0.2709922103
1.2700000000	0.3030036854
1.2750000000	0.3398464582
1.2800000000	0.3814796008
1.2850000000	0.4527667691
1.2900000000	0.5593762491
1.2950000000	0.6736023350
1.3000000000	0.8364440765
1.3050000000	1.0447081993
1.3100000000	1.2699824261
1.3150000000	1.6248943728
1.3200000000	2.2197508835
1.3250000000	3.2475282860
1.3300000000	5.1785525637
1.3350000000	9.2483437164
1.3400000000	18.4855333439
1.3450000000	31.8442630498
1.3500000000	24.6479006035
1.3550000000	12.2324642944
1.3600000000	6.4573077803
1.3650000000	3.8523696970
1.3700000000	2.5299770271
1.3750000000	1.7830274078
1.3800000000	1.3250739382
1.3850000000	1.0260535453
1.3900000000	0.8216202053
1.3950000000	0.6769051754
1.4000000000	0.5720106760
1.4050000000	0.4951077218
1.4100000000	0.4390703295
1.4150000000	0.3998088887
1.4200000000	0.3755332701
1.4250000000	0.3668431019
1.4300000000	0.3775528473
1.4350000000	0.4175788461
1.4400000000	0.5102987116
1.4450000000	0.7118913433
1.4500000000	1.1456061189
1.4550000000	1.8357982861
1.4600000000	1.8287485810
1.4650000000	1.1192412114
1.4700000000	0.6620969588
1.4750000000	0.4355548080
1.4800000000	0.3160347457
1.4850000000	0.2464407702
1.4900000000	0.2022600912
1.4950000000	0.1721543489
1.5000000000	0.1505771604
1.5050000000	0.1337150462
1.5100000000	0.1197760620
1.5150000000	0.1067931635
1.5200000000	0.0921279384
1.5250000000	0.0705517924
1.5300000000	0.0296062453
1.5350000000	-0.0616582033
1.5400000000	-0.2647147372
1.5450000000	-0.3882472226
1.5500000000	0.0186863301
1.5550000000	0.2426529337
1.5600000000	0.2056790591
1.5650000000	0.1438612776
1.5700000000	0.0980218087
1.5750000000	0.0890866382
1.5800000000	0.0954551646
1.5850000000	0.0892383614
1.5900000000	0.0805256920
1.5950000000	0.0742371172
1.6000000000	0.0699535534
1.6050000000	0.0670590427
1.6100000000	0.0650429143
1.6150000000	0.0636492132
1.6200000000	0.0627270124
1.6250000000	0.0621805269
1.6300000000	0.0619532615
1.6350000000	0.0621014389
1.6400000000	0.0624248649
1.6450000000	0.0630431932
1.6500000000	0.0640044172
1.6550000000	0.0654056849
1.6600000000	0.0674123280
1.6650000000	0.0700787715
1.6700000000	0.0725976169
1.6750000000	0.0736951587
1.6800000000	0.0742228839
1.6850000000	0.0753246288
1.6900000000	0.0771438733
1.6950000000	0.0795492854
1.7000000000	0.0824752576
1.7050000000	0.0860036793
1.7100000000	0.0900852668
1.7150000000	0.0947719320
1.7200000000	0.1001394018
1.7250000000	0.1062870354
1.7300000000	0.1133425141
1.7350000000	0.1214666889
1.7400000000	0.1308640350
1.7450000000	0.1417417561
1.7500000000	0.1545250894
1.7550000000	0.1696042872
1.7600000000	0.1875472031
1.7650000000	0.2091122233
1.7700000000	0.2353401844
1.7750000000	0.2676800955
1.7800000000	0.3082053972
1.7850000000	0.3599633397
1.7900000000	0.4275795733
1.7950000000	0.5183111907
1.8000000000	0.6438776425
1.8050000000	0.8304072581
1.8100000000	1.1061305844
1.8150000000	1.4976381846
1.8200000000	1.9597585303
1.8250000000	2.3823258092
1.8300000000	2.8993232038
1.8350000000	3.8121299900
1.8400000000	5.1465509869
1.8450000000	6.1260938153
1.8500000000	5.6041108147
1.8550000000	4.1341212983
1.8600000000	2.8382288015
1.8650000000	1.9780559288
1.8700000000	1.4382288268
1.8750000000	1.1028054518
1.8800000000	0.8932346600
1.8850000000	0.7512711687
1.8900000000	0.6285406650
1.8950000000	0.5133827581
1.9000000000	0.4177771539
1.9050000000	0.3418340272
1.9100000000	0.2835374988
1.9150000000	0.2407819335
1.9200000000	0.2140633067
1.9250000000	0.1956832150
1.9300000000	0.1781885951
1.9350000000	0.1617535461
1.9400000000	0.1474557446
1.9450000000	0.1354232498
1.9500000000	0.1253788095
1.9550000000	0.1170240794
1.9600000000	0.1101145595
1.9650000000	0.1043975178
1.9700000000	0.0993177531
1.9750000000	0.0932818237
1.9800000000	0.0830259996
1.9850000000	0.0654554020
1.9900000000	0.0407654313
1.9950000000	0.0147378282
2.0000000000	0.0002156096
2.0050000000	0.0239205596
2.0100000000	0.0629422419
2.0150000000	0.0853011748
2.0200000000	0.0897720163
2.0250000000	0.0868586978
2.0300000000	0.0826886505
2.0350000000	0.0792742501
2.0400000000	0.0769020573
2.0450000000	0.0752738163
2.0500000000	0.0740984731
2.0550000000	0.0734074303
2.0600000000	0.0733872573
2.0650000000	0.0741620227
2.0700000000	0.0757874406
2.0750000000	0.0783056104
2.0800000000	0.0813467844
2.0850000000	0.0844316231
2.0900000000	0.0869800584
2.0950000000	0.0890551423
2.1000000000	0.0913149509
2.1050000000	0.0940304496
2.1100000000	0.0979716232
2.1150000000	0.1033859525
2.1200000000	0.1105289352
2.1250000000	0.1197677218
2.1300000000	0.1316524294
2.1350000000	0.1469888630
2.1400000000	0.1669254960
2.1450000000	0.1930111977
2.1500000000	0.2271066760
2.1550000000	0.2709739208
2.1600000000	0.3252975904
2.1650000000	0.3865042341
2.1700000000	0.4417315652
2.1750000000	0.4699028300
2.1800000000	0.4599356703
2.1850000000	0.4249886093
2.1900000000	0.3875576594
2.1950000000	0.3616238954
2.2000000000	0.3517463081
2.2050000000	0.3627405997
2.2100000000	0.3928340028
2.2150000000	0.4434923164
2.2200000000	0.5180417973
2.2250000000	0.6211644212
2.2300000000	0.7569964678
2.2350000000	0.9234734166
2.2400000000	1.1033129729
2.2450000000	1.2514682501
2.2500000000	1.3095373904
2.2550000000	1.2507676993
2.2600000000	1.1064078921
2.2650000000	0.9329714608
2.2700000000	0.7708328156
2.2750000000	0.6355615769
2.2800000000	0.5277004949
2.2850000000	0.4423882789
2.2900000000	0.3744557759
2.2950000000	0.3200070200
2.3000000000	0.2762198035
2.3050000000	0.2386916358
2.3100000000	0.2085359472
2.3150000000	0.1840818322
2.3200000000	0.1640126118
2.3250000000	0.1471592975
2.3300000000	0.1329687852
2.3350000000	0.1207812512
2.3400000000	0.1102010345
2.3450000000	0.1010397359
2.3500000000	0.0934152483
2.3550000000	0.0878362476
2.3600000000	0.0850176164
2.3650000000	0.0852660993
2.3700000000	0.0879374384
2.3750000000	0.0916482221
2.3800000000	0.0951580373
2.3850000000	0.0978476629
2.3900000000	0.0995923130
2.3950000000	0.1005196512
2.4000000000	0.1009254228
2.4050000000	0.1012854472
2.4100000000	0.1020669008
2.4150000000	0.1037488185
2.4200000000	0.1065511191
2.4250000000	0.1107244377
2.4300000000	0.1164173310
2.4350000000	0.1237365535
2.4400000000	0.1327489810
2.4450000000	0.1434160803
2.4500000000	0.1554579528
2.4550000000	0.1681564189
2.4600000000	0.1802348722
2.4650000000	0.1900237457
2.4700000000	0.1960503981
2.4750000000	0.1977792915
2.4800000000	0.1959022349
2.4850000000	0.1919224210
2.4900000000	0.1874579727
2.4950000000	0.1837906997
2.5000000000	0.1817746219
2.5050000000	0.1823037528
2.5100000000	0.1857996947
2.5150000000	0.1926747035
2.5200000000	0.2032644364
2.5250000000	0.2178817498
2.5300000000	0.2367187904
2.5350000000	0.2597324244
2.5400000000	0.2864278433
2.5450000000	0.3155132403
2.5500000000	0.3445424575
2.5550000000	0.3698244182
2.5600000000	0.3869887746
2.5650000000	0.3923466911
2.5700000000	0.3844736714
2.5750000000	0.3648878281
2.5800000000	0.3372644089
2.5850000000	0.3058415912
2.5900000000	0.2741229131
2.5950000000	0.2443740391
2.6000000000	0.2177356279
2.6050000000	0.1931762819
2.6100000000	0.1729303412
2.6150000000	0.1563572311
2.6200000000	0.1430038984
2.6250000000	0.1324219373
2.6300000000	0.1242593714
2.6350000000	0.1182112341
2.6400000000	0.1139743290
2.6450000000	0.1112189780
2.6500000000	0.1096037683
2.6550000000	0.1088268529
2.6600000000	0.1086691050
2.6650000000	0.1090020405
2.6700000000	0.1097586751
2.6750000000	0.1108897194
2.6800000000	0.1123253716
2.6850000000	0.1139560657
2.6900000000	0.1156323088
2.6950000000	0.1171824306
2.7000000000	0.1184440545
2.7050000000	0.1194143475
2.7100000000	0.1198274145
2.7150000000	0.1197344427
2.7200000000	0.1193184911
2.7250000000	0.1188304716
2.7300000000	0.1185619128
2.7350000000	0.1187723000
2.7400000000	0.1196615656
2.7450000000	0.1213592221
2.7500000000	0.1239255026
2.7550000000	0.1273560081
2.7600000000	0.1315836665
2.7650000000	0.1364764176
2.7700000000	0.1418289288
2.7750000000	0.1473558909
2.7800000000	0.1526948528
2.7850000000	0.1574254044
2.7900000000	0.1611130919
2.7950000000	0.1633724685
2.8000000000	0.1639385161
2.8050000000	0.1624367478
2.8100000000	0.1587834666
2.8150000000	0.1534369366
2.8200000000	0.1469906702
2.8250000000	0.1400701172
2.8300000000	0.1331049419
2.8350000000	0.1265167210
2.8400000000	0.1205411234
2.8450000000	0.1152940360
2.8500000000	0.1107989227
2.8550000000	0.1070147135
2.8600000000	0.1038624568
2.8650000000	0.1012466927
2.8700000000	0.0990700904
2.8750000000	0.0972433087
2.8800000000	0.0956889399
2.8850000000	0.0943436181
2.8900000000	0.0931605069
2.8950000000	0.0921117057
2.9000000000	0.0911898645
2.9050000000	0.0904824300
2.9100000000	0.0900187253
2.9150000000	0.0898538002
2.9200000000	0.0900319111
2.9250000000	0.0905731042
2.9300000000	0.0914659406
2.9350000000	0.0926701454
2.9400000000	0.0940988184
2.9450000000	0.0956457639
2.9500000000	0.0971779601
2.9550000000	0.0985497943
2.9600000000	0.0996183244
2.9650000000	0.1002618103
2.9700000000	0.1003962500
2.9750000000	0.0999877366
2.9800000000	0.0990551555
2.9850000000	0.0976635944
2.9900000000	0.0959099315
2.9950000000	0.0939055739
3.0000000000	0.0917607452
