0.1 1.4382 0 240 9.90984e-08
0.101201 1.4382 0 240 9.96854e-08
0.102401 1.4382 0 240 1.00266e-07
0.103602 1.4382 0 240 1.0084e-07
0.104802 1.4382 0 240 1.01407e-07
0.106003 1.4382 0 240 1.01969e-07
0.107204 1.4382 0 240 1.02523e-07
0.108404 1.4382 0 240 1.03072e-07
0.109605 1.4382 0 240 1.03614e-07
0.110805 1.4382 0 240 1.0415e-07
0.112006 1.4382 0 240 1.0468e-07
0.113207 1.4382 0 240 1.05205e-07
0.114407 1.4382 0 240 1.05723e-07
0.115608 1.4382 0 240 1.06235e-07
0.116808 1.4382 0 240 1.06742e-07
0.118009 1.4382 0 240 1.07242e-07
0.11921 1.4382 0 240 1.07738e-07
0.12041 1.4382 0 240 1.08227e-07
0.121611 1.4382 0 240 1.08711e-07
0.122811 1.4382 0 240 1.0919e-07
0.124012 1.4382 0 240 1.09664e-07
0.125213 1.4382 0 240 1.10132e-07
0.126413 1.4382 0 240 1.10595e-07
0.127614 1.4382 0 240 1.11053e-07
0.128814 1.4382 0 240 1.11506e-07
0.130015 1.4382 0 240 1.11955e-07
0.131216 1.4382 0 240 1.12398e-07
0.132416 1.4382 0 240 1.12837e-07
0.133617 1.4382 0 240 1.13271e-07
0.134817 1.4382 0 240 1.13701e-07
0.136018 1.4382 0 240 1.14126e-07
0.137219 1.4382 0 240 1.14547e-07
0.138419 1.4382 0 240 1.14963e-07
0.13962 1.4382 0 240 1.15376e-07
0.14082 1.4382 0 240 1.15784e-07
0.142021 1.4382 0 240 1.16188e-07
0.143222 1.4382 0 240 1.16589e-07
0.144422 1.4382 0 240 1.16985e-07
0.145623 1.4382 0 240 1.17378e-07
0.146823 1.4382 0 240 1.17768e-07
0.148024 1.4382 0 240 1.18153e-07
0.149225 1.4382 0 240 1.18536e-07
0.150425 1.4382 0 240 1.18915e-07
0.151626 1.4382 0 240 1.1929e-07
0.152826 1.4382 0 240 1.19663e-07
0.154027 1.4382 0 240 1.20032e-07
0.155228 1.4382 0 240 1.20399e-07
0.156428 1.4382 0 240 1.20762e-07
0.157629 1.4382 0 240 1.21123e-07
0.158829 1.4382 0 240 1.21481e-07
0.16003 1.4382 0 240 1.21836e-07
0.161231 1.4382 0 240 1.22189e-07
0.162431 1.4382 0 240 1.22539e-07
0.163632 1.4382 0 240 1.22886e-07
0.164832 1.4382 0 240 1.23232e-07
0.166033 1.4382 0 240 1.23575e-07
0.167234 1.4382 0 240 1.23916e-07
0.168434 1.4382 0 240 1.24255e-07
0.169635 1.4382 0 240 1.24592e-07
0.170835 1.4382 0 240 1.24927e-07
0.172036 1.4382 0 240 1.25261e-07
0.173237 1.4382 0 240 1.25592e-07
0.174437 1.4382 0 240 1.25922e-07
0.175638 1.4382 0 240 1.2625e-07
0.176838 1.4382 0 240 1.26577e-07
0.178039 1.4382 0 240 1.26902e-07
0.17924 1.4382 0 240 1.27226e-07
0.18044 1.4382 0 240 1.27548e-07
0.181641 1.4382 0 240 1.27869e-07
0.182841 1.4382 0 240 1.28189e-07
0.184042 1.4382 0 240 1.28508e-07
0.185243 1.4382 0 240 1.28826e-07
0.186443 1.4382 0 240 1.29142e-07
0.187644 1.4382 0 240 1.29458e-07
0.188844 1.4382 0 240 1.29773e-07
0.190045 1.4382 0 240 1.30086e-07
0.191246 1.4382 0 240 1.30399e-07
0.192446 1.4382 0 240 1.30712e-07
0.193647 1.4382 0 240 1.31023e-07
0.194847 1.4382 0 240 1.31334e-07
0.196048 1.4382 0 240 1.31643e-07
0.197249 1.4382 0 240 1.31953e-07
0.198449 1.4382 0 240 1.32261e-07
0.19965 1.4382 0 240 1.32569e-07
0.20085 1.4382 0 240 1.32876e-07
0.202051 1.4382 0 240 1.33182e-07
0.203252 1.4382 0 240 1.33488e-07
0.204452 1.4382 0 240 1.33793e-07
0.205653 1.4382 0 240 1.34097e-07
0.206853 1.4382 0 240 1.344e-07
0.208054 1.4382 0 240 1.34702e-07
0.209255 1.4382 0 240 1.35004e-07
0.210455 1.4382 0 240 1.35304e-07
0.211656 1.4382 0 240 1.35604e-07
0.212856 1.4382 0 240 1.35902e-07
0.214057 1.4382 0 240 1.36199e-07
0.215258 1.4382 0 240 1.36494e-07
0.216458 1.4382 0 240 1.36788e-07
0.217659 1.4382 0 240 1.3708e-07
0.218859 1.4382 0 240 1.3737e-07
0.22006 1.4382 0 240 1.37657e-07
0.221261 1.4382 0 240 1.37943e-07
0.222461 1.4382 0 240 1.38225e-07
0.223662 1.4382 0 240 1.38505e-07
0.224862 1.4382 0 240 1.38781e-07
0.226063 1.4382 0 240 1.39053e-07
0.227264 1.4382 0 240 1.39321e-07
0.228464 1.4382 0 240 1.39585e-07
0.229665 1.4382 0 240 1.39843e-07
0.230865 1.4382 0 240 1.40096e-07
0.232066 1.4382 0 240 1.40342e-07
0.233267 1.4382 0 240 1.40582e-07
0.234467 1.4382 0 240 1.40813e-07
0.235668 1.4382 0 240 1.41036e-07
0.236868 1.4382 0 240 1.4125e-07
0.238069 1.4382 0 240 1.41452e-07
0.23927 1.4382 0 240 1.41644e-07
0.24047 1.4382 0 240 1.41822e-07
0.241671 1.4382 0 240 1.42636e-07
0.242871 1.4382 0 240 1.46448e-07
0.244072 1.4382 0 240 1.50094e-07
0.245273 1.4382 0 240 1.53785e-07
0.246473 1.4382 0 240 1.57232e-07
0.247674 1.4382 0 240 1.60966e-07
0.248874 1.4382 0 240 1.64557e-07
0.250075 1.4382 0 240 1.68388e-07
0.251276 1.4382 0 240 1.72733e-07
0.252476 1.4382 0 240 1.77153e-07
0.253677 1.4382 0 240 1.82064e-07
0.254877 1.4382 0 240 1.87048e-07
0.256078 1.4382 0 240 1.92809e-07
0.257279 1.4382 0 240 1.98776e-07
0.258479 1.4382 0 240 2.05014e-07
0.25968 1.4382 0 240 2.12231e-07
0.26088 1.4382 0 240 2.19649e-07
0.262081 1.4382 0 240 2.27678e-07
0.263282 1.4382 0 240 2.36126e-07
0.264482 1.4382 0 240 2.4536e-07
0.265683 1.4382 0 240 2.5561e-07
0.266883 1.4382 0 240 2.67122e-07
0.268084 1.4382 0 240 2.78019e-07
0.269285 1.4382 0 240 2.91093e-07
0.270485 1.4382 0 240 3.04972e-07
0.271686 1.4382 0 240 3.20344e-07
0.272886 1.4382 0 240 3.37682e-07
0.274087 1.4382 0 240 3.54103e-07
0.275288 1.4382 0 240 3.74498e-07
0.276488 1.4382 0 240 3.96869e-07
0.277689 1.4382 0 240 4.20053e-07
0.278889 1.4382 0 240 4.47467e-07
0.28009 1.4382 0 240 4.7514e-07
0.281291 1.4382 0 240 5.08431e-07
0.282491 1.4382 0 240 5.42236e-07
0.283692 1.4382 0 240 5.80728e-07
0.284892 1.4382 0 240 6.25938e-07
0.286093 1.4382 0 240 6.76716e-07
0.287294 1.4382 0 240 7.30293e-07
0.288494 1.4382 0 240 7.93466e-07
0.289695 1.4382 0 240 8.66215e-07
0.290895 1.4382 0 240 9.4431e-07
0.292096 1.4382 0 240 1.04372e-06
0.293297 1.4382 0 240 1.15265e-06
0.294497 1.4382 0 240 1.278e-06
0.295698 1.4382 0 240 1.41823e-06
0.296898 1.4382 0 240 1.59642e-06
0.298099 1.4382 0 240 1.7969e-06
0.2993 1.4382 0 240 2.04796e-06
0.3005 1.4382 0 240 2.33621e-06
0.301701 1.4382 0 240 2.68686e-06
0.302901 1.4382 0 240 3.13238e-06
0.304102 1.4382 0 240 3.66166e-06
0.305303 1.4382 0 240 4.38566e-06
0.306503 1.4382 0 240 5.2817e-06
0.307704 1.4382 0 240 6.44767e-06
0.308904 1.4382 0 240 8.11065e-06
0.310105 1.4382 0 240 1.03367e-05
0.311306 1.4382 0 240 1.3667e-05
0.312506 1.4382 0 240 1.88673e-05
0.313707 1.4382 0 240 2.74862e-05
0.314907 1.4382 0 240 3.86321e-05
0.316108 1.4382 0 240 5.62032e-05
0.317309 1.4382 0 240 8.44284e-05
0.318509 1.4382 0 240 0.000116832
0.31971 1.4382 0 240 5.44106e-05
0.32091 1.4382 0 240 -0.000342604
0.322111 1.4382 0 240 -0.000298366
0.323312 1.4382 0 240 -6.54709e-05
0.324512 1.4382 0 240 3.56132e-06
0.325713 1.4382 0 240 1.7137e-05
0.326913 1.4382 0 240 1.78289e-05
0.328114 1.4382 0 240 1.58546e-05
0.329315 1.4382 0 240 1.36979e-05
0.330515 1.4382 0 240 1.17751e-05
0.331716 1.4382 0 240 9.99148e-06
0.332916 1.4382 0 240 8.51864e-06
0.334117 1.4382 0 240 7.31386e-06
0.335318 1.4382 0 240 6.32872e-06
0.336518 1.4382 0 240 5.51703e-06
0.337719 1.4382 0 240 4.84483e-06
0.338919 1.4382 0 240 4.28313e-06
0.34012 1.4382 0 240 3.80978e-06
0.341321 1.4382 0 240 3.40859e-06
0.342521 1.4382 0 240 3.06571e-06
0.343722 1.4382 0 240 2.77164e-06
0.344922 1.4382 0 240 2.51689e-06
0.346123 1.4382 0 240 2.29536e-06
0.347324 1.4382 0 240 2.10159e-06
0.348524 1.4382 0 240 1.93166e-06
0.349725 1.4382 0 240 1.7817e-06
0.350925 1.4382 0 240 1.6491e-06
0.352126 1.4382 0 240 1.53072e-06
0.353327 1.4382 0 240 1.42554e-06
0.354527 1.4382 0 240 1.33107e-06
0.355728 1.4382 0 240 1.24631e-06
0.356928 1.4382 0 240 1.16976e-06
0.358129 1.4382 0 240 1.10091e-06
0.35933 1.4382 0 240 1.03853e-06
0.36053 1.4382 0 240 9.82101e-07
0.361731 1.4382 0 240 9.30433e-07
0.362931 1.4382 0 240 8.83554e-07
0.364132 1.4382 0 240 8.40825e-07
0.365333 1.4382 0 240 8.01696e-07
0.366533 1.4382 0 240 7.65934e-07
0.367734 1.4382 0 240 7.33171e-07
0.368934 1.4382 0 240 7.02993e-07
0.370135 1.4382 0 240 6.75283e-07
0.371336 1.4382 0 240 6.49724e-07
0.372536 1.4382 0 240 6.26354e-07
0.373737 1.4382 0 240 6.04588e-07
0.374937 1.4382 0 240 5.84719e-07
0.376138 1.4382 0 240 5.66291e-07
0.377339 1.4382 0 240 5.49269e-07
0.378539 1.4382 0 240 5.33507e-07
0.37974 1.4382 0 240 5.19e-07
0.38094 1.4382 0 240 5.05535e-07
0.382141 1.4382 0 240 4.93093e-07
0.383342 1.4382 0 240 4.81632e-07
0.384542 1.4382 0 240 4.71003e-07
0.385743 1.4382 0 240 4.61205e-07
0.386943 1.4382 0 240 4.52145e-07
0.388144 1.4382 0 240 4.43801e-07
0.389345 1.4382 0 240 4.3611e-07
0.390545 1.4382 0 240 4.29015e-07
0.391746 1.4382 0 240 4.22473e-07
0.392946 1.4382 0 240 4.16505e-07
0.394147 1.4382 0 240 4.10973e-07
0.395348 1.4382 0 240 4.06001e-07
0.396548 1.4382 0 240 4.01413e-07
0.397749 1.4382 0 240 3.97261e-07
0.398949 1.4382 0 240 3.93526e-07
0.40015 1.4382 0 240 3.90132e-07
0.401351 1.4382 0 240 3.8709e-07
0.402551 1.4382 0 240 3.84426e-07
0.403752 1.4382 0 240 3.82067e-07
0.404952 1.4382 0 240 3.80013e-07
0.406153 1.4382 0 240 3.78243e-07
0.407354 1.4382 0 240 3.76771e-07
0.408554 1.4382 0 240 3.75549e-07
0.409755 1.4382 0 240 3.74575e-07
0.410955 1.4382 0 240 3.73848e-07
0.412156 1.4382 0 240 3.73408e-07
0.413357 1.4382 0 240 3.73133e-07
0.414557 1.4382 0 240 3.73126e-07
0.415758 1.4382 0 240 3.73323e-07
0.416958 1.4382 0 240 3.73699e-07
0.418159 1.4382 0 240 3.74328e-07
0.41936 1.4382 0 240 3.75117e-07
0.42056 1.4382 0 240 3.76121e-07
0.421761 1.4382 0 240 3.77307e-07
0.422961 1.4382 0 240 3.78675e-07
0.424162 1.4382 0 240 3.80244e-07
0.425363 1.4382 0 240 3.81974e-07
0.426563 1.4382 0 240 3.83884e-07
0.427764 1.4382 0 240 3.85989e-07
0.428964 1.4382 0 240 3.88252e-07
0.430165 1.4382 0 240 3.90685e-07
0.431366 1.4382 0 240 3.93319e-07
0.432566 1.4382 0 240 3.96098e-07
0.433767 1.4382 0 240 3.99065e-07
0.434967 1.4382 0 240 4.02196e-07
0.436168 1.4382 0 240 4.05488e-07
0.437369 1.4382 0 240 4.0899e-07
0.438569 1.4382 0 240 4.12633e-07
0.43977 1.4382 0 240 4.16452e-07
0.44097 1.4382 0 240 4.2048e-07
0.442171 1.4382 0 240 4.24658e-07
0.443372 1.4382 0 240 4.29018e-07
0.444572 1.4382 0 240 4.33594e-07
0.445773 1.4382 0 240 4.38325e-07
0.446973 1.4382 0 240 4.43249e-07
0.448174 1.4382 0 240 4.48396e-07
0.449375 1.4382 0 240 4.53716e-07
0.450575 1.4382 0 240 4.59235e-07
0.451776 1.4382 0 240 4.64992e-07
0.452976 1.4382 0 240 4.70931e-07
0.454177 1.4382 0 240 4.7709e-07
0.455378 1.4382 0 240 4.83494e-07
0.456578 1.4382 0 240 4.90108e-07
0.457779 1.4382 0 240 4.96956e-07
0.458979 1.4382 0 240 5.04052e-07
0.46018 1.4382 0 240 5.11405e-07
0.461381 1.4382 0 240 5.19006e-07
0.462581 1.4382 0 240 5.26869e-07
0.463782 1.4382 0 240 5.35021e-07
0.464982 1.4382 0 240 5.4345e-07
0.466183 1.4382 0 240 5.52161e-07
0.467384 1.4382 0 240 5.61194e-07
0.468584 1.4382 0 240 5.70534e-07
0.469785 1.4382 0 240 5.80189e-07
0.470985 1.4382 0 240 5.902e-07
0.472186 1.4382 0 240 6.00558e-07
0.473387 1.4382 0 240 6.11281e-07
0.474587 1.4382 0 240 6.22369e-07
0.475788 1.4382 0 240 6.33873e-07
0.476988 1.4382 0 240 6.45784e-07
0.478189 1.4382 0 240 6.58102e-07
0.47939 1.4382 0 240 6.70894e-07
0.48059 1.4382 0 240 6.84145e-07
0.481791 1.4382 0 240 6.97859e-07
0.482991 1.4382 0 240 7.12108e-07
0.484192 1.4382 0 240 7.2689e-07
0.485393 1.4382 0 240 7.42233e-07
0.486593 1.4382 0 240 7.5812e-07
0.487794 1.4382 0 240 7.74655e-07
0.488994 1.4382 0 240 7.91828e-07
0.490195 1.4382 0 240 8.09622e-07
0.491396 1.4382 0 240 8.2817e-07
0.492596 1.4382 0 240 8.47454e-07
0.493797 1.4382 0 240 8.67517e-07
0.494997 1.4382 0 240 8.88351e-07
0.496198 1.4382 0 240 9.10096e-07
0.497399 1.4382 0 240 9.32746e-07
0.498599 1.4382 0 240 9.5636e-07
0.4998 1.4382 0 240 9.8089e-07
0.501001 1.4382 0 240 1.00657e-06
0.502201 1.4382 0 240 1.03337e-06
0.503402 1.4382 0 240 1.06128e-06
0.504602 1.4382 0 240 1.09055e-06
0.505803 1.4382 0 240 1.12112e-06
0.507004 1.4382 0 240 1.15312e-06
0.508204 1.4382 0 240 1.18652e-06
0.509405 1.4382 0 240 1.22163e-06
0.510605 1.4382 0 240 1.25839e-06
0.511806 1.4382 0 240 1.29701e-06
0.513007 1.4382 0 240 1.33739e-06
0.514207 1.4382 0 240 1.37994e-06
0.515408 1.4382 0 240 1.42467e-06
0.516608 1.4382 0 240 1.47178e-06
0.517809 1.4382 0 240 1.52123e-06
0.51901 1.4382 0 240 1.57349e-06
0.52021 1.4382 0 240 1.62858e-06
0.521411 1.4382 0 240 1.68683e-06
0.522611 1.4382 0 240 1.74819e-06
0.523812 1.4382 0 240 1.81329e-06
0.525013 1.4382 0 240 1.88218e-06
0.526213 1.4382 0 240 1.95532e-06
0.527414 1.4382 0 240 2.03265e-06
0.528614 1.4382 0 240 2.11516e-06
0.529815 1.4382 0 240 2.20281e-06
0.531016 1.4382 0 240 2.29632e-06
0.532216 1.4382 0 240 2.39571e-06
0.533417 1.4382 0 240 2.50225e-06
0.534617 1.4382 0 240 2.61615e-06
0.535818 1.4382 0 240 2.73821e-06
0.537019 1.4382 0 240 2.86875e-06
0.538219 1.4382 0 240 3.00957e-06
0.53942 1.4382 0 240 3.16117e-06
0.54062 1.4382 0 240 3.3246e-06
0.541821 1.4382 0 240 3.50133e-06
0.543022 1.4382 0 240 3.69214e-06
0.544222 1.4382 0 240 3.89993e-06
0.545423 1.4382 0 240 4.12583e-06
0.546623 1.4382 0 240 4.372e-06
0.547824 1.4382 0 240 4.64038e-06
0.549025 1.4382 0 240 4.93539e-06
0.550225 1.4382 0 240 5.25973e-06
0.551426 1.4382 0 240 5.61681e-06
0.552626 1.4382 0 240 6.01098e-06
0.553827 1.4382 0 240 6.44946e-06
0.555028 1.4382 0 240 6.93818e-06
0.556228 1.4382 0 240 7.48424e-06
0.557429 1.4382 0 240 8.09731e-06
0.558629 1.4382 0 240 8.78714e-06
0.55983 1.4382 0 240 9.57151e-06
0.561031 1.4382 0 240 1.04651e-05
0.562231 1.4382 0 240 1.14898e-05
0.563432 1.4382 0 240 1.26713e-05
0.564632 1.4382 0 240 1.4041e-05
0.565833 1.4382 0 240 1.56486e-05
0.567034 1.4382 0 240 1.75467e-05
0.568234 1.4382 0 240 1.9808e-05
0.569435 1.4382 0 240 2.25278e-05
0.570635 1.4382 0 240 2.58506e-05
0.571836 1.4382 0 240 2.99557e-05
0.573037 1.4382 0 240 3.5107e-05
0.574237 1.4382 0 240 4.16868e-05
0.575438 1.4382 0 240 5.02519e-05
0.576638 1.4382 0 240 6.17065e-05
0.577839 1.4382 0 240 7.74484e-05
0.57904 1.4382 0 240 9.98154e-05
0.58024 1.4382 0 240 0.000132903
0.581441 1.4382 0 240 0.000184138
0.582641 1.4382 0 240 0.000267996
0.583842 1.4382 0 240 0.00041183
0.585043 1.4382 0 240 0.000657793
0.586243 1.4382 0 240 0.00099419
0.587444 1.4382 0 240 0.00113168
0.588644 1.4382 0 240 0.000867862
0.589845 1.4382 0 240 0.000552434
0.591046 1.4382 0 240 0.000350173
0.592246 1.4382 0 240 0.000233246
0.593447 1.4382 0 240 0.000163878
0.594647 1.4382 0 240 0.000120485
0.595848 1.4382 0 240 9.19308e-05
0.597049 1.4382 0 240 7.22882e-05
0.598249 1.4382 0 240 5.82574e-05
0.59945 1.4382 0 240 4.79109e-05
0.60065 1.4382 0 240 4.00825e-05
0.601851 1.4382 0 240 3.40208e-05
0.603052 1.4382 0 240 2.92363e-05
0.604252 1.4382 0 240 2.53946e-05
0.605453 1.4382 0 240 2.22651e-05
0.606653 1.4382 0 240 1.96795e-05
0.607854 1.4382 0 240 1.75245e-05
0.609055 1.4382 0 240 1.57078e-05
0.610255 1.4382 0 240 1.41621e-05
0.611456 1.4382 0 240 1.28361e-05
0.612656 1.4382 0 240 1.16881e-05
0.613857 1.4382 0 240 1.06913e-05
0.615058 1.4382 0 240 9.81872e-06
0.616258 1.4382 0 240 9.05072e-06
0.617459 1.4382 0 240 8.37106e-06
0.618659 1.4382 0 240 7.76691e-06
0.61986 1.4382 0 240 7.22526e-06
0.621061 1.4382 0 240 6.74155e-06
0.622261 1.4382 0 240 6.30595e-06
0.623462 1.4382 0 240 5.91255e-06
0.624662 1.4382 0 240 5.55585e-06
0.625863 1.4382 0 240 5.23153e-06
0.627064 1.4382 0 240 4.93475e-06
0.628264 1.4382 0 240 4.66424e-06
0.629465 1.4382 0 240 4.41641e-06
0.630665 1.4382 0 240 4.18864e-06
0.631866 1.4382 0 240 3.9788e-06
0.633067 1.4382 0 240 3.78509e-06
0.634267 1.4382 0 240 3.60505e-06
0.635468 1.4382 0 240 3.43893e-06
0.636668 1.4382 0 240 3.28477e-06
0.637869 1.4382 0 240 3.14135e-06
0.63907 1.4382 0 240 3.0077e-06
0.64027 1.4382 0 240 2.88293e-06
0.641471 1.4382 0 240 2.76565e-06
0.642671 1.4382 0 240 2.6565e-06
0.643872 1.4382 0 240 2.55421e-06
0.645073 1.4382 0 240 2.45815e-06
0.646273 1.4382 0 240 2.36799e-06
0.647474 1.4382 0 240 2.28297e-06
0.648674 1.4382 0 240 2.20248e-06
0.649875 1.4382 0 240 2.12709e-06
0.651076 1.4382 0 240 2.05577e-06
0.652276 1.4382 0 240 1.98847e-06
0.653477 1.4382 0 240 1.92489e-06
0.654677 1.4382 0 240 1.86445e-06
0.655878 1.4382 0 240 1.80748e-06
0.657079 1.4382 0 240 1.75267e-06
0.658279 1.4382 0 240 1.70118e-06
0.65948 1.4382 0 240 1.65232e-06
0.66068 1.4382 0 240 1.60584e-06
0.661881 1.4382 0 240 1.56155e-06
0.663082 1.4382 0 240 1.51968e-06
0.664282 1.4382 0 240 1.47907e-06
0.665483 1.4382 0 240 1.44078e-06
0.666683 1.4382 0 240 1.40425e-06
0.667884 1.4382 0 240 1.36937e-06
0.669085 1.4382 0 240 1.33614e-06
0.670285 1.4382 0 240 1.30436e-06
0.671486 1.4382 0 240 1.27431e-06
0.672686 1.4382 0 240 1.2447e-06
0.673887 1.4382 0 240 1.2168e-06
0.675088 1.4382 0 240 1.19022e-06
0.676288 1.4382 0 240 1.16475e-06
0.677489 1.4382 0 240 1.14031e-06
0.678689 1.4382 0 240 1.11687e-06
0.67989 1.4382 0 240 1.095e-06
0.681091 1.4382 0 240 1.07291e-06
0.682291 1.4382 0 240 1.05237e-06
0.683492 1.4382 0 240 1.0325e-06
0.684692 1.4382 0 240 1.0136e-06
0.685893 1.4382 0 240 9.95381e-07
0.687094 1.4382 0 240 9.77925e-07
0.688294 1.4382 0 240 9.6193e-07
0.689495 1.4382 0 240 9.45315e-07
0.690695 1.4382 0 240 9.29895e-07
0.691896 1.4382 0 240 9.15094e-07
0.693097 1.4382 0 240 9.01097e-07
0.694297 1.4382 0 240 8.87501e-07
0.695498 1.4382 0 240 8.74439e-07
0.696698 1.4382 0 240 8.63064e-07
0.697899 1.4382 0 240 8.50417e-07
0.6991 1.4382 0 240 8.39142e-07
0.7003 1.4382 0 240 8.2833e-07
0.701501 1.4382 0 240 8.18018e-07
0.702701 1.4382 0 240 8.08042e-07
0.703902 1.4382 0 240 7.98795e-07
0.705103 1.4382 0 240 7.91004e-07
0.706303 1.4382 0 240 7.82625e-07
0.707504 1.4382 0 240 7.73905e-07
0.708704 1.4382 0 240 7.66355e-07
0.709905 1.4382 0 240 7.59228e-07
0.711106 1.4382 0 240 7.52554e-07
0.712306 1.4382 0 240 7.46445e-07
0.713507 1.4382 0 240 7.42237e-07
0.714707 1.4382 0 240 7.36879e-07
0.715908 1.4382 0 240 7.31036e-07
0.717109 1.4382 0 240 7.26666e-07
0.718309 1.4382 0 240 7.22747e-07
0.71951 1.4382 0 240 7.19275e-07
0.72071 1.4382 0 240 7.16353e-07
0.721911 1.4382 0 240 7.13536e-07
0.723112 1.4382 0 240 7.13614e-07
0.724312 1.4382 0 240 7.12174e-07
0.725513 1.4382 0 240 7.09621e-07
0.726713 1.4382 0 240 7.08983e-07
0.727914 1.4382 0 240 7.08423e-07
0.729115 1.4382 0 240 7.0874e-07
0.730315 1.4382 0 240 7.09095e-07
0.731516 1.4382 0 240 7.09676e-07
0.732716 1.4382 0 240 7.14769e-07
0.733917 1.4382 0 240 7.15932e-07
0.735118 1.4382 0 240 7.14948e-07
0.736318 1.4382 0 240 7.15781e-07
0.737519 1.4382 0 240 7.16271e-07
0.738719 1.4382 0 240 7.15184e-07
0.73992 1.4382 0 240 7.12064e-07
0.741121 1.4382 0 240 7.05968e-07
0.742321 1.4382 0 240 7.0066e-07
0.743522 1.4382 0 240 6.81616e-07
0.744722 1.4382 0 240 6.46752e-07
0.745923 1.4382 0 240 6.0027e-07
0.747124 1.4382 0 240 5.25633e-07
0.748324 1.4382 0 240 4.09186e-07
0.749525 1.4382 0 240 2.25928e-07
0.750725 1.4382 0 240 -6.25364e-08
0.751926 1.4382 0 240 -5.29815e-07
0.753127 1.4382 0 240 -1.29085e-06
0.754327 1.4382 0 240 -2.55154e-06
0.755528 1.4382 0 240 -4.6531e-06
0.756728 1.4382 0 240 -8.10668e-06
0.757929 1.4382 0 240 -1.34147e-05
0.75913 1.4382 0 240 -2.0018e-05
0.76033 1.4382 0 240 -2.37526e-05
0.761531 1.4382 0 240 -1.78973e-05
0.762731 1.4382 0 240 -3.41865e-06
0.763932 1.4382 0 240 7.60786e-06
0.765133 1.4382 0 240 1.11346e-05
0.766333 1.4382 0 240 1.05506e-05
0.767534 1.4382 0 240 8.75744e-06
0.768734 1.4382 0 240 6.992e-06
0.769935 1.4382 0 240 5.55824e-06
0.771136 1.4382 0 240 4.45716e-06
0.772336 1.4382 0 240 3.68045e-06
0.773537 1.4382 0 240 3.04393e-06
0.774737 1.4382 0 240 2.5587e-06
0.775938 1.4382 0 240 2.18333e-06
0.777139 1.4382 0 240 1.88746e-06
0.778339 1.4382 0 240 1.65539e-06
0.77954 1.4382 0 240 1.46867e-06
0.78074 1.4382 0 240 1.31682e-06
0.781941 1.4382 0 240 1.19198e-06
0.783142 1.4382 0 240 1.10105e-06
0.784342 1.4382 0 240 1.0129e-06
0.785543 1.4382 0 240 9.38642e-07
0.786743 1.4382 0 240 8.75232e-07
0.787944 1.4382 0 240 8.20006e-07
0.789145 1.4382 0 240 7.73377e-07
0.790345 1.4382 0 240 7.32913e-07
0.791546 1.4382 0 240 6.97434e-07
0.792746 1.4382 0 240 6.6617e-07
0.793947 1.4382 0 240 6.43653e-07
0.795148 1.4382 0 240 6.18914e-07
0.796348 1.4382 0 240 5.96858e-07
0.797549 1.4382 0 240 5.7708e-07
0.798749 1.4382 0 240 5.58985e-07
0.79995 1.4382 0 240 5.43126e-07
0.801151 1.4382 0 240 5.28851e-07
0.802351 1.4382 0 240 5.15811e-07
0.803552 1.4382 0 240 5.03962e-07
0.804752 1.4382 0 240 4.93199e-07
0.805953 1.4382 0 240 4.8591e-07
0.807154 1.4382 0 240 4.7678e-07
0.808354 1.4382 0 240 4.68491e-07
0.809555 1.4382 0 240 4.60808e-07
0.810755 1.4382 0 240 4.53575e-07
0.811956 1.4382 0 240 4.47143e-07
0.813157 1.4382 0 240 4.41239e-07
0.814357 1.4382 0 240 4.35759e-07
0.815558 1.4382 0 240 4.30735e-07
0.816758 1.4382 0 240 4.27551e-07
0.817959 1.4382 0 240 4.23184e-07
0.81916 1.4382 0 240 4.1915e-07
0.82036 1.4382 0 240 4.15437e-07
0.821561 1.4382 0 240 4.11987e-07
0.822761 1.4382 0 240 4.0871e-07
0.823962 1.4382 0 240 4.05806e-07
0.825163 1.4382 0 240 4.03153e-07
0.826363 1.4382 0 240 4.0068e-07
0.827564 1.4382 0 240 3.98418e-07
0.828764 1.4382 0 240 3.97276e-07
0.829965 1.4382 0 240 3.9536e-07
0.831166 1.4382 0 240 3.93617e-07
0.832366 1.4382 0 240 3.9204e-07
0.833567 1.4382 0 240 3.90601e-07
0.834767 1.4382 0 240 3.89338e-07
0.835968 1.4382 0 240 3.8815e-07
0.837169 1.4382 0 240 3.87177e-07
0.838369 1.4382 0 240 3.86315e-07
0.83957 1.4382 0 240 3.85594e-07
0.84077 1.4382 0 240 3.84985e-07
0.841971 1.4382 0 240 3.85117e-07
0.843172 1.4382 0 240 3.84718e-07
0.844372 1.4382 0 240 3.84459e-07
0.845573 1.4382 0 240 3.84284e-07
0.846773 1.4382 0 240 3.84227e-07
0.847974 1.4382 0 240 3.8425e-07
0.849175 1.4382 0 240 3.84422e-07
0.850375 1.4382 0 240 3.84677e-07
0.851576 1.4382 0 240 3.85049e-07
0.852776 1.4382 0 240 3.85519e-07
0.853977 1.4382 0 240 3.86497e-07
0.855178 1.4382 0 240 3.87148e-07
0.856378 1.4382 0 240 3.87898e-07
0.857579 1.4382 0 240 3.88755e-07
0.858779 1.4382 0 240 3.89697e-07
0.85998 1.4382 0 240 3.90751e-07
0.861181 1.4382 0 240 3.91879e-07
0.862381 1.4382 0 240 3.93132e-07
0.863582 1.4382 0 240 3.94479e-07
0.864782 1.4382 0 240 3.95934e-07
0.865983 1.4382 0 240 3.97486e-07
0.867184 1.4382 0 240 3.99426e-07
0.868384 1.4382 0 240 4.01182e-07
0.869585 1.4382 0 240 4.0304e-07
0.870785 1.4382 0 240 4.05016e-07
0.871986 1.4382 0 240 4.07094e-07
0.873187 1.4382 0 240 4.0929e-07
0.874387 1.4382 0 240 4.11604e-07
0.875588 1.4382 0 240 4.1402e-07
0.876788 1.4382 0 240 4.16568e-07
0.877989 1.4382 0 240 4.19246e-07
0.87919 1.4382 0 240 4.22053e-07
0.88039 1.4382 0 240 4.24989e-07
0.881591 1.4382 0 240 4.28238e-07
0.882791 1.4382 0 240 4.31443e-07
0.883992 1.4382 0 240 4.34796e-07
0.885193 1.4382 0 240 4.38293e-07
0.886393 1.4382 0 240 4.41949e-07
0.887594 1.4382 0 240 4.45767e-07
0.888794 1.4382 0 240 4.49735e-07
0.889995 1.4382 0 240 4.53895e-07
0.891196 1.4382 0 240 4.58231e-07
0.892396 1.4382 0 240 4.62757e-07
0.893597 1.4382 0 240 4.67479e-07
0.894797 1.4382 0 240 4.72507e-07
0.895998 1.4382 0 240 4.77642e-07
0.897199 1.4382 0 240 4.83001e-07
0.898399 1.4382 0 240 4.88596e-07
0.8996 1.4382 0 240 4.94436e-07
0.9008 1.4382 0 240 5.00537e-07
0.902001 1.4382 0 240 5.06911e-07
0.903202 1.4382 0 240 5.13572e-07
0.904402 1.4382 0 240 5.2052e-07
0.905603 1.4382 0 240 5.27803e-07
0.906803 1.4382 0 240 5.35426e-07
0.908004 1.4382 0 240 5.43407e-07
0.909205 1.4382 0 240 5.51788e-07
0.910405 1.4382 0 240 5.60545e-07
0.911606 1.4382 0 240 5.69731e-07
0.912806 1.4382 0 240 5.79375e-07
0.914007 1.4382 0 240 5.89507e-07
0.915208 1.4382 0 240 6.0016e-07
0.916408 1.4382 0 240 6.11367e-07
0.917609 1.4382 0 240 6.23174e-07
0.918809 1.4382 0 240 6.35589e-07
0.92001 1.4382 0 240 6.48726e-07
0.921211 1.4382 0 240 6.62603e-07
0.922411 1.4382 0 240 6.77283e-07
0.923612 1.4382 0 240 6.92827e-07
0.924812 1.4382 0 240 7.09219e-07
0.926013 1.4382 0 240 7.26712e-07
0.927214 1.4382 0 240 7.45311e-07
0.928414 1.4382 0 240 7.65127e-07
0.929615 1.4382 0 240 7.86263e-07
0.930815 1.4382 0 240 8.08844e-07
0.932016 1.4382 0 240 8.33016e-07
0.933217 1.4382 0 240 8.5894e-07
0.934417 1.4382 0 240 8.86715e-07
0.935618 1.4382 0 240 9.16719e-07
0.936818 1.4382 0 240 9.491e-07
0.938019 1.4382 0 240 9.84135e-07
0.93922 1.4382 0 240 1.02185e-06
0.94042 1.4382 0 240 1.06316e-06
0.941621 1.4382 0 240 1.10822e-06
0.942821 1.4382 0 240 1.15751e-06
0.944022 1.4382 0 240 1.21163e-06
0.945223 1.4382 0 240 1.27125e-06
0.946423 1.4382 0 240 1.33714e-06
0.947624 1.4382 0 240 1.41028e-06
0.948824 1.4382 0 240 1.49181e-06
0.950025 1.4382 0 240 1.58276e-06
0.951226 1.4382 0 240 1.68546e-06
0.952426 1.4382 0 240 1.80164e-06
0.953627 1.4382 0 240 1.93381e-06
0.954827 1.4382 0 240 2.08511e-06
0.956028 1.4382 0 240 2.25854e-06
0.957229 1.4382 0 240 2.46092e-06
0.958429 1.4382 0 240 2.69771e-06
0.95963 1.4382 0 240 2.97732e-06
0.96083 1.4382 0 240 3.31057e-06
0.962031 1.4382 0 240 3.71192e-06
0.963232 1.4382 0 240 4.2009e-06
0.964432 1.4382 0 240 4.80428e-06
0.965633 1.4382 0 240 5.55914e-06
0.966833 1.4382 0 240 6.51496e-06
0.968034 1.4382 0 240 7.75168e-06
0.969235 1.4382 0 240 9.3743e-06
0.970435 1.4382 0 240 1.15368e-05
0.971636 1.4382 0 240 1.44491e-05
0.972836 1.4382 0 240 1.83943e-05
0.974037 1.4382 0 240 2.36266e-05
0.975238 1.4382 0 240 3.01071e-05
0.976438 1.4382 0 240 3.68546e-05
0.977639 1.4382 0 240 4.14037e-05
0.978839 1.4382 0 240 4.11375e-05
0.98004 1.4382 0 240 3.62274e-05
0.981241 1.4382 0 240 2.94141e-05
0.982441 1.4382 0 240 2.30378e-05
0.983642 1.4382 0 240 1.7951e-05
0.984842 1.4382 0 240 1.4142e-05
0.986043 1.4382 0 240 1.13315e-05
0.987244 1.4382 0 240 9.25481e-06
0.988444 1.4382 0 240 7.70194e-06
0.989645 1.4382 0 240 6.52263e-06
0.990845 1.4382 0 240 5.61418e-06
0.992046 1.4382 0 240 4.90348e-06
0.993247 1.4382 0 240 4.3401e-06
0.994447 1.4382 0 240 3.88801e-06
0.995648 1.4382 0 240 3.52134e-06
0.996848 1.4382 0 240 3.22123e-06
0.998049 1.4382 0 240 2.97371e-06
0.99925 1.4382 0 240 2.76827e-06
1.00045 1.4382 0 240 2.59682e-06
1.00165 1.4382 0 240 2.45326e-06
1.00285 1.4382 0 240 2.33158e-06
1.00405 1.4382 0 240 2.23039e-06
1.00525 1.4382 0 240 2.14544e-06
1.00645 1.4382 0 240 2.07426e-06
1.00765 1.4382 0 240 2.01511e-06
1.00885 1.4382 0 240 1.96635e-06
1.01006 1.4382 0 240 1.92666e-06
1.01126 1.4382 0 240 1.89503e-06
1.01246 1.4382 0 240 1.87057e-06
1.01366 1.4382 0 240 1.8526e-06
1.01486 1.4382 0 240 1.84052e-06
1.01606 1.4382 0 240 1.83386e-06
1.01726 1.4382 0 240 1.83226e-06
1.01846 1.4382 0 240 1.83536e-06
1.01966 1.4382 0 240 1.84295e-06
1.02086 1.4382 0 240 1.85405e-06
1.02206 1.4382 0 240 1.87008e-06
1.02326 1.4382 0 240 1.89015e-06
1.02446 1.4382 0 240 1.91419e-06
1.02566 1.4382 0 240 1.94216e-06
1.02686 1.4382 0 240 1.9741e-06
1.02806 1.4382 0 240 2.01005e-06
1.02926 1.4382 0 240 2.05006e-06
1.03047 1.4382 0 240 2.09426e-06
1.03167 1.4382 0 240 2.14278e-06
1.03287 1.4382 0 240 2.19578e-06
1.03407 1.4382 0 240 2.25342e-06
1.03527 1.4382 0 240 2.31599e-06
1.03647 1.4382 0 240 2.38373e-06
1.03767 1.4382 0 240 2.45698e-06
1.03887 1.4382 0 240 2.53611e-06
1.04007 1.4382 0 240 2.62067e-06
1.04127 1.4382 0 240 2.7127e-06
1.04247 1.4382 0 240 2.81198e-06
1.04367 1.4382 0 240 2.91871e-06
1.04487 1.4382 0 240 3.03419e-06
1.04607 1.4382 0 240 3.15891e-06
1.04727 1.4382 0 240 3.29367e-06
1.04847 1.4382 0 240 3.43939e-06
1.04967 1.4382 0 240 3.59717e-06
1.05088 1.4382 0 240 3.76828e-06
1.05208 1.4382 0 240 3.95396e-06
1.05328 1.4382 0 240 4.1558e-06
1.05448 1.4382 0 240 4.37575e-06
1.05568 1.4382 0 240 4.61585e-06
1.05688 1.4382 0 240 4.87838e-06
1.05808 1.4382 0 240 5.16618e-06
1.05928 1.4382 0 240 5.4826e-06
1.06048 1.4382 0 240 5.82984e-06
1.06168 1.4382 0 240 6.21479e-06
1.06288 1.4382 0 240 6.64146e-06
1.06408 1.4382 0 240 7.11382e-06
1.06528 1.4382 0 240 7.64299e-06
1.06648 1.4382 0 240 8.23591e-06
1.06768 1.4382 0 240 8.90247e-06
1.06888 1.4382 0 240 9.65564e-06
1.07009 1.4382 0 240 1.05103e-05
1.07129 1.4382 0 240 1.14857e-05
1.07249 1.4382 0 240 1.2605e-05
1.07369 1.4382 0 240 1.38971e-05
1.07489 1.4382 0 240 1.53988e-05
1.07609 1.4382 0 240 1.71564e-05
1.07729 1.4382 0 240 1.92301e-05
1.07849 1.4382 0 240 2.16976e-05
1.07969 1.4382 0 240 2.4662e-05
1.08089 1.4382 0 240 2.82514e-05
1.08209 1.4382 0 240 3.26665e-05
1.08329 1.4382 0 240 3.81515e-05
1.08449 1.4382 0 240 4.5027e-05
1.08569 1.4382 0 240 5.38305e-05
1.08689 1.4382 0 240 6.52301e-05
1.08809 1.4382 0 240 8.01764e-05
1.08929 1.4382 0 240 9.9962e-05
1.0905 1.4382 0 240 0.00012618
1.0917 1.4382 0 240 0.000160334
1.0929 1.4382 0 240 0.000202442
1.0941 1.4382 0 240 0.000247937
1.0953 1.4382 0 240 0.000284278
1.0965 1.4382 0 240 0.000294766
1.0977 1.4382 0 240 0.000273434
1.0989 1.4382 0 240 0.000231965
1.1001 1.4382 0 240 0.000186803
1.1013 1.4382 0 240 0.000147435
1.1025 1.4382 0 240 0.000116352
1.1037 1.4382 0 240 9.26465e-05
1.1049 1.4382 0 240 7.47606e-05
1.1061 1.4382 0 240 6.1244e-05
1.1073 1.4382 0 240 5.08384e-05
1.1085 1.4382 0 240 4.27553e-05
1.1097 1.4382 0 240 3.63859e-05
1.11091 1.4382 0 240 3.12991e-05
1.11211 1.4382 0 240 2.71839e-05
1.11331 1.4382 0 240 2.38152e-05
1.11451 1.4382 0 240 2.10274e-05
1.11571 1.4382 0 240 1.86972e-05
1.11691 1.4382 0 240 1.67314e-05
1.11811 1.4382 0 240 1.50589e-05
1.11931 1.4382 0 240 1.36253e-05
1.12051 1.4382 0 240 1.23878e-05
1.12171 1.4382 0 240 1.13127e-05
1.12291 1.4382 0 240 1.03731e-05
1.12411 1.4382 0 240 9.54749e-06
1.12531 1.4382 0 240 8.82091e-06
1.12651 1.4382 0 240 8.17381e-06
1.12771 1.4382 0 240 7.59872e-06
1.12891 1.4382 0 240 7.08267e-06
1.13012 1.4382 0 240 6.61934e-06
1.13132 1.4382 0 240 6.20186e-06
1.13252 1.4382 0 240 5.82462e-06
1.13372 1.4382 0 240 5.48279e-06
1.13492 1.4382 0 240 5.17212e-06
1.13612 1.4382 0 240 4.88925e-06
1.13732 1.4382 0 240 4.63107e-06
1.13852 1.4382 0 240 4.39499e-06
1.13972 1.4382 0 240 4.17884e-06
1.14092 1.4382 0 240 3.98067e-06
1.14212 1.4382 0 240 3.7989e-06
1.14332 1.4382 0 240 3.63215e-06
1.14452 1.4382 0 240 3.47931e-06
1.14572 1.4382 0 240 3.33927e-06
1.14692 1.4382 0 240 3.21137e-06
1.14812 1.4382 0 240 3.09602e-06
1.14932 1.4382 0 240 2.9908e-06
1.15053 1.4382 0 240 2.89744e-06
1.15173 1.4382 0 240 2.8144e-06
1.15293 1.4382 0 240 2.74287e-06
1.15413 1.4382 0 240 2.68371e-06
1.15533 1.4382 0 240 2.63824e-06
1.15653 1.4382 0 240 2.60826e-06
1.15773 1.4382 0 240 2.59638e-06
1.15893 1.4382 0 240 2.60595e-06
1.16013 1.4382 0 240 2.64112e-06
1.16133 1.4382 0 240 2.70587e-06
1.16253 1.4382 0 240 2.80217e-06
1.16373 1.4382 0 240 2.92533e-06
1.16493 1.4382 0 240 3.05704e-06
1.16613 1.4382 0 240 3.16012e-06
1.16733 1.4382 0 240 3.18714e-06
1.16853 1.4382 0 240 3.10874e-06
1.16973 1.4382 0 240 2.93713e-06
1.17094 1.4382 0 240 2.7158e-06
1.17214 1.4382 0 240 2.488e-06
1.17334 1.4382 0 240 2.28021e-06
1.17454 1.4382 0 240 2.1014e-06
1.17574 1.4382 0 240 1.94988e-06
1.17694 1.4382 0 240 1.82308e-06
1.17814 1.4382 0 240 1.71633e-06
1.17934 1.4382 0 240 1.62565e-06
1.18054 1.4382 0 240 1.5476e-06
1.18174 1.4382 0 240 1.47948e-06
1.18294 1.4382 0 240 1.4193e-06
1.18414 1.4382 0 240 1.36543e-06
1.18534 1.4382 0 240 1.3169e-06
1.18654 1.4382 0 240 1.27294e-06
1.18774 1.4382 0 240 1.23321e-06
1.18894 1.4382 0 240 1.19726e-06
1.19015 1.4382 0 240 1.16445e-06
1.19135 1.4382 0 240 1.13396e-06
1.19255 1.4382 0 240 1.10527e-06
1.19375 1.4382 0 240 1.07819e-06
1.19495 1.4382 0 240 1.05232e-06
1.19615 1.4382 0 240 1.0276e-06
1.19735 1.4382 0 240 1.00382e-06
1.19855 1.4382 0 240 9.8131e-07
1.19975 1.4382 0 240 9.60826e-07
1.20095 1.4382 0 240 9.38912e-07
1.20215 1.4382 0 240 9.17161e-07
1.20335 1.4382 0 240 8.95346e-07
1.20455 1.4382 0 240 8.73601e-07
1.20575 1.4382 0 240 8.51443e-07
1.20695 1.4382 0 240 8.28645e-07
1.20815 1.4382 0 240 8.04961e-07
1.20935 1.4382 0 240 7.79819e-07
1.21056 1.4382 0 240 7.52788e-07
1.21176 1.4382 0 240 7.23336e-07
1.21296 1.4382 0 240 6.90445e-07
1.21416 1.4382 0 240 6.5347e-07
1.21536 1.4382 0 240 6.1091e-07
1.21656 1.4382 0 240 5.609e-07
1.21776 1.4382 0 240 5.01565e-07
1.21896 1.4382 0 240 4.29877e-07
1.22016 1.4382 0 240 3.42208e-07
1.22136 1.4382 0 240 2.32868e-07
1.22256 1.4382 0 240 9.52925e-08
1.22376 1.4382 0 240 -8.09979e-08
1.22496 1.4382 0 240 -3.08014e-07
1.22616 1.4382 0 240 -6.33263e-07
1.22736 1.4382 0 240 -1.03831e-06
1.22856 1.4382 0 240 -1.57806e-06
1.22976 1.4382 0 240 -2.29694e-06
1.23097 1.4382 0 240 -3.2457e-06
1.23217 1.4382 0 240 -4.46283e-06
1.23337 1.4382 0 240 -5.94108e-06
1.23457 1.4382 0 240 -7.52657e-06
1.23577 1.4382 0 240 -8.80244e-06
1.23697 1.4382 0 240 -9.03298e-06
1.23817 1.4382 0 240 -7.48388e-06
1.23937 1.4382 0 240 -4.16738e-06
1.24057 1.4382 0 240 -2.01736e-07
1.24177 1.4382 0 240 3.01009e-06
1.24297 1.4382 0 240 4.818e-06
1.24417 1.4382 0 240 5.40661e-06
1.24537 1.4382 0 240 5.25678e-06
1.24657 1.4382 0 240 4.77349e-06
1.24777 1.4382 0 240 4.19728e-06
1.24897 1.4382 0 240 3.64269e-06
1.25018 1.4382 0 240 3.15399e-06
1.25138 1.4382 0 240 2.74164e-06
1.25258 1.4382 0 240 2.4545e-06
1.25378 1.4382 0 240 2.16487e-06
1.25498 1.4382 0 240 1.92702e-06
1.25618 1.4382 0 240 1.73106e-06
1.25738 1.4382 0 240 1.56901e-06
1.25858 1.4382 0 240 1.43467e-06
1.25978 1.4382 0 240 1.32208e-06
1.26098 1.4382 0 240 1.22755e-06
1.26218 1.4382 0 240 1.14765e-06
1.26338 1.4382 0 240 1.0799e-06
1.26458 1.4382 0 240 1.02222e-06
1.26578 1.4382 0 240 9.72789e-07
1.26698 1.4382 0 240 9.30192e-07
1.26818 1.4382 0 240 8.93486e-07
1.26938 1.4382 0 240 8.618e-07
1.27059 1.4382 0 240 8.34392e-07
1.27179 1.4382 0 240 8.10574e-07
1.27299 1.4382 0 240 7.89961e-07
1.27419 1.4382 0 240 7.72165e-07
1.27539 1.4382 0 240 7.56852e-07
1.27659 1.4382 0 240 7.43706e-07
1.27779 1.4382 0 240 7.32596e-07
1.27899 1.4382 0 240 7.23307e-07
1.28019 1.4382 0 240 7.15612e-07
1.28139 1.4382 0 240 7.14116e-07
1.28259 1.4382 0 240 7.09049e-07
1.28379 1.4382 0 240 7.05346e-07
1.28499 1.4382 0 240 7.02953e-07
1.28619 1.4382 0 240 7.01849e-07
1.28739 1.4382 0 240 7.02025e-07
1.28859 1.4382 0 240 7.03388e-07
1.28979 1.4382 0 240 7.06001e-07
1.291 1.4382 0 240 7.09861e-07
1.2922 1.4382 0 240 7.15017e-07
1.2934 1.4382 0 240 7.21525e-07
1.2946 1.4382 0 240 7.29419e-07
1.2958 1.4382 0 240 7.38764e-07
1.297 1.4382 0 240 7.49705e-07
1.2982 1.4382 0 240 7.62319e-07
1.2994 1.4382 0 240 7.76807e-07
1.3006 1.4382 0 240 7.93266e-07
1.3018 1.4382 0 240 8.11934e-07
1.303 1.4382 0 240 8.33062e-07
1.3042 1.4382 0 240 8.56922e-07
1.3054 1.4382 0 240 8.83869e-07
1.3066 1.4382 0 240 9.14291e-07
1.3078 1.4382 0 240 9.48661e-07
1.309 1.4382 0 240 9.87565e-07
1.31021 1.4382 0 240 1.03168e-06
1.31141 1.4382 0 240 1.0831e-06
1.31261 1.4382 0 240 1.14017e-06
1.31381 1.4382 0 240 1.2056e-06
1.31501 1.4382 0 240 1.28083e-06
1.31621 1.4382 0 240 1.36772e-06
1.31741 1.4382 0 240 1.46859e-06
1.31861 1.4382 0 240 1.58635e-06
1.31981 1.4382 0 240 1.72473e-06
1.32101 1.4382 0 240 1.8884e-06
1.32221 1.4382 0 240 2.08344e-06
1.32341 1.4382 0 240 2.31759e-06
1.32461 1.4382 0 240 2.60101e-06
1.32581 1.4382 0 240 2.94689e-06
1.32701 1.4382 0 240 3.37231e-06
1.32821 1.4382 0 240 3.89931e-06
1.32941 1.4382 0 240 4.55525e-06
1.33062 1.4382 0 240 5.3723e-06
1.33182 1.4382 0 240 6.38302e-06
1.33302 1.4382 0 240 7.60813e-06
1.33422 1.4382 0 240 9.0294e-06
1.33542 1.4382 0 240 1.05441e-05
1.33662 1.4382 0 240 1.19201e-05
1.33782 1.4382 0 240 1.28157e-05
1.33902 1.4382 0 240 1.29356e-05
1.34022 1.4382 0 240 1.2238e-05
1.34142 1.4382 0 240 1.09684e-05
1.34262 1.4382 0 240 9.47458e-06
1.34382 1.4382 0 240 8.0239e-06
1.34502 1.4382 0 240 6.74993e-06
1.34622 1.4382 0 240 5.68689e-06
1.34742 1.4382 0 240 4.82276e-06
1.34862 1.4382 0 240 4.12708e-06
1.34982 1.4382 0 240 3.5675e-06
1.35103 1.4382 0 240 3.11565e-06
1.35223 1.4382 0 240 2.74829e-06
1.35343 1.4382 0 240 2.44738e-06
1.35463 1.4382 0 240 2.19882e-06
1.35583 1.4382 0 240 1.99187e-06
1.35703 1.4382 0 240 1.81817e-06
1.35823 1.4382 0 240 1.6713e-06
1.35943 1.4382 0 240 1.54625e-06
1.36063 1.4382 0 240 1.43906e-06
1.36183 1.4382 0 240 1.34663e-06
1.36303 1.4382 0 240 1.26649e-06
1.36423 1.4382 0 240 1.19664e-06
1.36543 1.4382 0 240 1.13549e-06
1.36663 1.4382 0 240 1.08172e-06
1.36783 1.4382 0 240 1.03426e-06
1.36903 1.4382 0 240 9.92204e-07
1.37024 1.4382 0 240 9.54825e-07
1.37144 1.4382 0 240 9.21515e-07
1.37264 1.4382 0 240 8.91752e-07
1.37384 1.4382 0 240 8.65121e-07
1.37504 1.4382 0 240 8.41236e-07
1.37624 1.4382 0 240 8.1977e-07
1.37744 1.4382 0 240 8.00471e-07
1.37864 1.4382 0 240 7.83064e-07
1.37984 1.4382 0 240 7.67416e-07
1.38104 1.4382 0 240 7.53316e-07
1.38224 1.4382 0 240 7.40623e-07
1.38344 1.4382 0 240 7.29209e-07
1.38464 1.4382 0 240 7.18955e-07
1.38584 1.4382 0 240 7.09752e-07
1.38704 1.4382 0 240 7.01524e-07
1.38824 1.4382 0 240 6.94177e-07
1.38944 1.4382 0 240 6.87647e-07
1.39065 1.4382 0 240 6.81871e-07
1.39185 1.4382 0 240 6.76808e-07
1.39305 1.4382 0 240 6.72408e-07
1.39425 1.4382 0 240 6.68604e-07
1.39545 1.4382 0 240 6.6538e-07
1.39665 1.4382 0 240 6.62695e-07
1.39785 1.4382 0 240 6.60516e-07
1.39905 1.4382 0 240 6.5882e-07
1.40025 1.4382 0 240 6.57576e-07
1.40145 1.4382 0 240 6.56771e-07
1.40265 1.4382 0 240 6.56385e-07
1.40385 1.4382 0 240 6.56396e-07
1.40505 1.4382 0 240 6.56776e-07
1.40625 1.4382 0 240 6.57539e-07
1.40745 1.4382 0 240 6.58637e-07
1.40865 1.4382 0 240 6.60098e-07
1.40985 1.4382 0 240 6.61732e-07
1.41106 1.4382 0 240 6.6382e-07
1.41226 1.4382 0 240 6.66213e-07
1.41346 1.4382 0 240 6.68886e-07
1.41466 1.4382 0 240 6.71904e-07
1.41586 1.4382 0 240 6.75161e-07
1.41706 1.4382 0 240 6.7873e-07
1.41826 1.4382 0 240 6.82557e-07
1.41946 1.4382 0 240 6.86615e-07
1.42066 1.4382 0 240 6.90917e-07
1.42186 1.4382 0 240 6.95437e-07
1.42306 1.4382 0 240 7.00115e-07
1.42426 1.4382 0 240 7.05005e-07
1.42546 1.4382 0 240 7.1001e-07
1.42666 1.4382 0 240 7.15089e-07
1.42786 1.4382 0 240 7.20209e-07
1.42906 1.4382 0 240 7.25313e-07
1.43027 1.4382 0 240 7.30247e-07
1.43147 1.4382 0 240 7.34929e-07
1.43267 1.4382 0 240 7.39181e-07
1.43387 1.4382 0 240 7.42752e-07
1.43507 1.4382 0 240 7.45337e-07
1.43627 1.4382 0 240 7.46559e-07
1.43747 1.4382 0 240 7.45854e-07
1.43867 1.4382 0 240 7.42417e-07
1.43987 1.4382 0 240 7.35324e-07
1.44107 1.4382 0 240 7.23255e-07
1.44227 1.4382 0 240 7.04344e-07
1.44347 1.4382 0 240 6.76906e-07
1.44467 1.4382 0 240 6.38088e-07
1.44587 1.4382 0 240 5.86146e-07
1.44707 1.4382 0 240 5.22855e-07
1.44827 1.4382 0 240 4.53503e-07
1.44947 1.4382 0 240 3.93893e-07
1.45068 1.4382 0 240 3.69303e-07
1.45188 1.4382 0 240 4.17133e-07
1.45308 1.4382 0 240 5.52652e-07
1.45428 1.4382 0 240 7.55401e-07
1.45548 1.4382 0 240 9.72641e-07
1.45668 1.4382 0 240 1.15334e-06
1.45788 1.4382 0 240 1.27609e-06
1.45908 1.4382 0 240 1.34523e-06
1.46028 1.4382 0 240 1.37758e-06
1.46148 1.4382 0 240 1.38934e-06
1.46268 1.4382 0 240 1.39267e-06
1.46388 1.4382 0 240 1.3945e-06
1.46508 1.4382 0 240 1.39879e-06
1.46628 1.4382 0 240 1.40726e-06
1.46748 1.4382 0 240 1.42094e-06
1.46868 1.4382 0 240 1.44005e-06
1.46988 1.4382 0 240 1.46485e-06
1.47109 1.4382 0 240 1.49561e-06
1.47229 1.4382 0 240 1.53268e-06
1.47349 1.4382 0 240 1.57636e-06
1.47469 1.4382 0 240 1.62731e-06
1.47589 1.4382 0 240 1.68599e-06
1.47709 1.4382 0 240 1.75286e-06
1.47829 1.4382 0 240 1.82762e-06
1.47949 1.4382 0 240 1.90876e-06
1.48069 1.4382 0 240 1.99276e-06
1.48189 1.4382 0 240 2.07353e-06
1.48309 1.4382 0 240 2.14226e-06
1.48429 1.4382 0 240 2.19407e-06
1.48549 1.4382 0 240 2.2256e-06
1.48669 1.4382 0 240 2.24039e-06
1.48789 1.4382 0 240 2.24599e-06
1.48909 1.4382 0 240 2.25034e-06
1.4903 1.4382 0 240 2.25948e-06
1.4915 1.4382 0 240 2.27631e-06
1.4927 1.4382 0 240 2.30247e-06
1.4939 1.4382 0 240 2.33818e-06
1.4951 1.4382 0 240 2.38312e-06
1.4963 1.4382 0 240 2.43684e-06
1.4975 1.4382 0 240 2.49892e-06
1.4987 1.4382 0 240 2.56899e-06
1.4999 1.4382 0 240 2.64696e-06
1.5011 1.4382 0 240 2.73274e-06
1.5023 1.4382 0 240 2.8265e-06
1.5035 1.4382 0 240 2.92841e-06
1.5047 1.4382 0 240 3.03884e-06
1.5059 1.4382 0 240 3.15826e-06
1.5071 1.4382 0 240 3.28716e-06
1.5083 1.4382 0 240 3.4263e-06
1.5095 1.4382 0 240 3.57651e-06
1.51071 1.4382 0 240 3.73866e-06
1.51191 1.4382 0 240 3.91383e-06
1.51311 1.4382 0 240 4.10334e-06
1.51431 1.4382 0 240 4.30853e-06
1.51551 1.4382 0 240 4.53105e-06
1.51671 1.4382 0 240 4.77276e-06
1.51791 1.4382 0 240 5.03575e-06
1.51911 1.4382 0 240 5.32246e-06
1.52031 1.4382 0 240 5.63578e-06
1.52151 1.4382 0 240 5.97895e-06
1.52271 1.4382 0 240 6.35568e-06
1.52391 1.4382 0 240 6.76218e-06
1.52511 1.4382 0 240 7.21931e-06
1.52631 1.4382 0 240 7.72551e-06
1.52751 1.4382 0 240 8.28787e-06
1.52871 1.4382 0 240 8.91478e-06
1.52991 1.4382 0 240 9.61614e-06
1.53112 1.4382 0 240 1.04046e-05
1.53232 1.4382 0 240 1.12929e-05
1.53352 1.4382 0 240 1.22996e-05
1.53472 1.4382 0 240 1.34454e-05
1.53592 1.4382 0 240 1.47558e-05
1.53712 1.4382 0 240 1.62631e-05
1.53832 1.4382 0 240 1.80063e-05
1.53952 1.4382 0 240 2.00341e-05
1.54072 1.4382 0 240 2.24079e-05
1.54192 1.4382 0 240 2.52043e-05
1.54312 1.4382 0 240 2.85208e-05
1.54432 1.4382 0 240 3.24795e-05
1.54552 1.4382 0 240 3.72339e-05
1.54672 1.4382 0 240 4.29738e-05
1.54792 1.4382 0 240 4.99292e-05
1.54912 1.4382 0 240 5.83624e-05
1.55033 1.4382 0 240 6.85472e-05
1.55153 1.4382 0 240 8.06957e-05
1.55273 1.4382 0 240 9.48162e-05
1.55393 1.4382 0 240 0.000110463
1.55513 1.4382 0 240 0.000126402
1.55633 1.4382 0 240 0.000140395
1.55753 1.4382 0 240 0.000149532
1.55873 1.4382 0 240 0.000151378
1.55993 1.4382 0 240 0.000145389
1.56113 1.4382 0 240 0.000133263
1.56233 1.4382 0 240 0.000117877
1.56353 1.4382 0 240 0.000101874
1.56473 1.4382 0 240 8.69469e-05
1.56593 1.4382 0 240 7.39933e-05
1.56713 1.4382 0 240 6.28871e-05
1.56833 1.4382 0 240 5.36522e-05
1.56953 1.4382 0 240 4.60306e-05
1.57074 1.4382 0 240 3.97484e-05
1.57194 1.4382 0 240 3.4557e-05
1.57314 1.4382 0 240 3.02471e-05
1.57434 1.4382 0 240 2.66483e-05
1.57554 1.4382 0 240 2.36238e-05
1.57674 1.4382 0 240 2.10655e-05
1.57794 1.4382 0 240 1.88871e-05
1.57914 1.4382 0 240 1.70208e-05
1.58034 1.4382 0 240 1.54119e-05
1.58154 1.4382 0 240 1.40169e-05
1.58274 1.4382 0 240 1.28009e-05
1.58394 1.4382 0 240 1.17355e-05
1.58514 1.4382 0 240 1.07973e-05
1.58634 1.4382 0 240 9.96751e-06
1.58754 1.4382 0 240 9.23053e-06
1.58874 1.4382 0 240 8.57323e-06
1.58994 1.4382 0 240 7.98484e-06
1.59115 1.4382 0 240 7.45625e-06
1.59235 1.4382 0 240 6.97978e-06
1.59355 1.4382 0 240 6.54904e-06
1.59475 1.4382 0 240 6.15843e-06
1.59595 1.4382 0 240 5.80328e-06
1.59715 1.4382 0 240 5.47952e-06
1.59835 1.4382 0 240 5.18365e-06
1.59955 1.4382 0 240 4.91266e-06
1.60075 1.4382 0 240 4.66392e-06
1.60195 1.4382 0 240 4.43512e-06
1.60315 1.4382 0 240 4.22432e-06
1.60435 1.4382 0 240 4.02969e-06
1.60555 1.4382 0 240 3.84975e-06
1.60675 1.4382 0 240 3.68312e-06
1.60795 1.4382 0 240 3.52862e-06
1.60915 1.4382 0 240 3.38515e-06
1.61036 1.4382 0 240 3.25028e-06
1.61156 1.4382 0 240 3.12612e-06
1.61276 1.4382 0 240 3.01049e-06
1.61396 1.4382 0 240 2.90268e-06
1.61516 1.4382 0 240 2.80207e-06
1.61636 1.4382 0 240 2.70814e-06
1.61756 1.4382 0 240 2.62041e-06
1.61876 1.4382 0 240 2.53843e-06
1.61996 1.4382 0 240 2.46178e-06
1.62116 1.4382 0 240 2.39024e-06
1.62236 1.4382 0 240 2.32329e-06
1.62356 1.4382 0 240 2.26075e-06
1.62476 1.4382 0 240 2.20234e-06
1.62596 1.4382 0 240 2.14785e-06
1.62716 1.4382 0 240 2.09705e-06
1.62836 1.4382 0 240 2.04976e-06
1.62956 1.4382 0 240 2.00582e-06
1.63077 1.4382 0 240 1.96511e-06
1.63197 1.4382 0 240 1.92749e-06
1.63317 1.4382 0 240 1.89284e-06
1.63437 1.4382 0 240 1.86107e-06
1.63557 1.4382 0 240 1.83212e-06
1.63677 1.4382 0 240 1.80589e-06
1.63797 1.4382 0 240 1.78238e-06
1.63917 1.4382 0 240 1.76151e-06
1.64037 1.4382 0 240 1.74332e-06
1.64157 1.4382 0 240 1.72777e-06
1.64277 1.4382 0 240 1.71488e-06
1.64397 1.4382 0 240 1.7047e-06
1.64517 1.4382 0 240 1.69726e-06
1.64637 1.4382 0 240 1.69264e-06
1.64757 1.4382 0 240 1.69094e-06
1.64877 1.4382 0 240 1.69224e-06
1.64997 1.4382 0 240 1.69675e-06
1.65118 1.4382 0 240 1.70456e-06
1.65238 1.4382 0 240 1.71593e-06
1.65358 1.4382 0 240 1.73109e-06
1.65478 1.4382 0 240 1.75034e-06
1.65598 1.4382 0 240 1.77395e-06
1.65718 1.4382 0 240 1.80237e-06
1.65838 1.4382 0 240 1.83551e-06
1.65958 1.4382 0 240 1.87492e-06
1.66078 1.4382 0 240 1.92077e-06
1.66198 1.4382 0 240 1.97376e-06
1.66318 1.4382 0 240 2.03474e-06
1.66438 1.4382 0 240 2.10474e-06
1.66558 1.4382 0 240 2.18498e-06
1.66678 1.4382 0 240 2.27691e-06
1.66798 1.4382 0 240 2.38219e-06
1.66918 1.4382 0 240 2.50294e-06
1.67039 1.4382 0 240 2.64169e-06
1.67159 1.4382 0 240 2.80121e-06
1.67279 1.4382 0 240 2.9852e-06
1.67399 1.4382 0 240 3.19807e-06
1.67519 1.4382 0 240 3.44518e-06
1.67639 1.4382 0 240 3.73306e-06
1.67759 1.4382 0 240 4.06987e-06
1.67879 1.4382 0 240 4.46556e-06
1.67999 1.4382 0 240 4.93237e-06
1.68119 1.4382 0 240 5.48518e-06
1.68239 1.4382 0 240 6.14176e-06
1.68359 1.4382 0 240 6.92333e-06
1.68479 1.4382 0 240 7.85332e-06
1.68599 1.4382 0 240 8.95594e-06
1.68719 1.4382 0 240 1.02514e-05
1.68839 1.4382 0 240 1.17467e-05
1.68959 1.4382 0 240 1.34202e-05
1.6908 1.4382 0 240 1.51993e-05
1.692 1.4382 0 240 1.69378e-05
1.6932 1.4382 0 240 1.84119e-05
1.6944 1.4382 0 240 1.93605e-05
1.6956 1.4382 0 240 1.95769e-05
1.6968 1.4382 0 240 1.90079e-05
1.698 1.4382 0 240 1.77824e-05
1.6992 1.4382 0 240 1.61431e-05
1.7004 1.4382 0 240 1.43422e-05
1.7016 1.4382 0 240 1.25702e-05
1.7028 1.4382 0 240 1.09384e-05
1.704 1.4382 0 240 9.49334e-06
1.7052 1.4382 0 240 8.2416e-06
1.7064 1.4382 0 240 7.16853e-06
1.7076 1.4382 0 240 6.25037e-06
1.7088 1.4382 0 240 5.45002e-06
1.71001 1.4382 0 240 4.76445e-06
1.71121 1.4382 0 240 4.16178e-06
1.71241 1.4382 0 240 3.62247e-06
1.71361 1.4382 0 240 3.12893e-06
1.71481 1.4382 0 240 2.66529e-06
1.71601 1.4382 0 240 2.21629e-06
1.71721 1.4382 0 240 1.7676e-06
1.71841 1.4382 0 240 1.30435e-06
1.71961 1.4382 0 240 8.12951e-07
1.72081 1.4382 0 240 2.81834e-07
1.72201 1.4382 0 240 -2.96321e-07
1.72321 1.4382 0 240 -9.18711e-07
1.72441 1.4382 0 240 -1.56057e-06
1.72561 1.4382 0 240 -2.16623e-06
1.72681 1.4382 0 240 -2.63716e-06
1.72801 1.4382 0 240 -2.83654e-06
1.72921 1.4382 0 240 -2.62988e-06
1.73042 1.4382 0 240 -1.95481e-06
1.73162 1.4382 0 240 -8.93889e-07
1.73282 1.4382 0 240 3.34901e-07
1.73402 1.4382 0 240 1.474e-06
1.73522 1.4382 0 240 2.34054e-06
1.73642 1.4382 0 240 2.87585e-06
1.73762 1.4382 0 240 3.11857e-06
1.73882 1.4382 0 240 3.14806e-06
1.74002 1.4382 0 240 3.04548e-06
1.74122 1.4382 0 240 2.87209e-06
1.74242 1.4382 0 240 2.66957e-06
1.74362 1.4382 0 240 2.46329e-06
1.74482 1.4382 0 240 2.26664e-06
1.74602 1.4382 0 240 2.08617e-06
1.74722 1.4382 0 240 1.92368e-06
1.74842 1.4382 0 240 1.77928e-06
1.74962 1.4382 0 240 1.65168e-06
1.75083 1.4382 0 240 1.53934e-06
1.75203 1.4382 0 240 1.44025e-06
1.75323 1.4382 0 240 1.35279e-06
1.75443 1.4382 0 240 1.27546e-06
1.75563 1.4382 0 240 1.20673e-06
1.75683 1.4382 0 240 1.1455e-06
1.75803 1.4382 0 240 1.09076e-06
1.75923 1.4382 0 240 1.0416e-06
1.76043 1.4382 0 240 9.97283e-07
1.76163 1.4382 0 240 9.68182e-07
1.76283 1.4382 0 240 9.30758e-07
1.76403 1.4382 0 240 8.96583e-07
1.76523 1.4382 0 240 8.65229e-07
1.76643 1.4382 0 240 8.36373e-07
1.76763 1.4382 0 240 8.09665e-07
1.76883 1.4382 0 240 7.84793e-07
1.77004 1.4382 0 240 7.6154e-07
1.77124 1.4382 0 240 7.39597e-07
1.77244 1.4382 0 240 7.18889e-07
1.77364 1.4382 0 240 6.99e-07
1.77484 1.4382 0 240 6.79764e-07
1.77604 1.4382 0 240 6.60978e-07
1.77724 1.4382 0 240 6.42392e-07
1.77844 1.4382 0 240 6.23498e-07
1.77964 1.4382 0 240 6.0453e-07
1.78084 1.4382 0 240 5.84821e-07
1.78204 1.4382 0 240 5.63997e-07
1.78324 1.4382 0 240 5.41364e-07
1.78444 1.4382 0 240 5.16366e-07
1.78564 1.4382 0 240 4.88262e-07
1.78684 1.4382 0 240 4.56087e-07
1.78804 1.4382 0 240 4.18704e-07
1.78924 1.4382 0 240 3.7498e-07
1.79045 1.4382 0 240 3.23471e-07
1.79165 1.4382 0 240 2.63096e-07
1.79285 1.4382 0 240 1.9387e-07
1.79405 1.4382 0 240 1.17742e-07
1.79525 1.4382 0 240 3.90217e-08
1.79645 1.4382 0 240 -3.22675e-08
1.79765 1.4382 0 240 -8.06244e-08
1.79885 1.4382 0 240 -8.71175e-08
1.80005 1.4382 0 240 -3.6754e-08
1.80125 1.4382 0 240 7.26056e-08
1.80245 1.4382 0 240 2.23724e-07
1.80365 1.4382 0 240 3.86144e-07
1.80485 1.4382 0 240 5.29647e-07
1.80605 1.4382 0 240 6.35207e-07
1.80725 1.4382 0 240 6.99525e-07
1.80845 1.4382 0 240 7.28553e-07
1.80965 1.4382 0 240 7.33402e-07
1.81086 1.4382 0 240 7.22697e-07
1.81206 1.4382 0 240 7.03528e-07
1.81326 1.4382 0 240 6.80822e-07
1.81446 1.4382 0 240 6.57379e-07
1.81566 1.4382 0 240 6.34734e-07
1.81686 1.4382 0 240 6.13877e-07
1.81806 1.4382 0 240 5.95872e-07
1.81926 1.4382 0 240 5.78994e-07
1.82046 1.4382 0 240 5.64043e-07
1.82166 1.4382 0 240 5.50873e-07
1.82286 1.4382 0 240 5.39277e-07
1.82406 1.4382 0 240 5.29104e-07
1.82526 1.4382 0 240 5.20156e-07
1.82646 1.4382 0 240 5.1228e-07
1.82766 1.4382 0 240 5.05361e-07
1.82886 1.4382 0 240 4.99244e-07
1.83007 1.4382 0 240 4.93876e-07
1.83127 1.4382 0 240 4.89147e-07
1.83247 1.4382 0 240 4.84976e-07
1.83367 1.4382 0 240 4.81308e-07
1.83487 1.4382 0 240 4.78087e-07
1.83607 1.4382 0 240 4.75271e-07
1.83727 1.4382 0 240 4.72779e-07
1.83847 1.4382 0 240 4.70657e-07
1.83967 1.4382 0 240 4.68838e-07
1.84087 1.4382 0 240 4.67294e-07
1.84207 1.4382 0 240 4.66009e-07
1.84327 1.4382 0 240 4.64967e-07
1.84447 1.4382 0 240 4.64141e-07
1.84567 1.4382 0 240 4.63519e-07
1.84687 1.4382 0 240 4.63095e-07
1.84807 1.4382 0 240 4.62858e-07
1.84927 1.4382 0 240 4.62793e-07
1.85048 1.4382 0 240 4.629e-07
1.85168 1.4382 0 240 4.63176e-07
1.85288 1.4382 0 240 4.63608e-07
1.85408 1.4382 0 240 4.64201e-07
1.85528 1.4382 0 240 4.64942e-07
1.85648 1.4382 0 240 4.6583e-07
1.85768 1.4382 0 240 4.66866e-07
1.85888 1.4382 0 240 4.68045e-07
1.86008 1.4382 0 240 4.69371e-07
1.86128 1.4382 0 240 4.70844e-07
1.86248 1.4382 0 240 4.7246e-07
1.86368 1.4382 0 240 4.74225e-07
1.86488 1.4382 0 240 4.76138e-07
1.86608 1.4382 0 240 4.78202e-07
1.86728 1.4382 0 240 4.80426e-07
1.86848 1.4382 0 240 4.82807e-07
1.86968 1.4382 0 240 4.85351e-07
1.87089 1.4382 0 240 4.88068e-07
1.87209 1.4382 0 240 4.90962e-07
1.87329 1.4382 0 240 4.94041e-07
1.87449 1.4382 0 240 4.97318e-07
1.87569 1.4382 0 240 5.00801e-07
1.87689 1.4382 0 240 5.04502e-07
1.87809 1.4382 0 240 5.08432e-07
1.87929 1.4382 0 240 5.12704e-07
1.88049 1.4382 0 240 5.17122e-07
1.88169 1.4382 0 240 5.21795e-07
1.88289 1.4382 0 240 5.26717e-07
1.88409 1.4382 0 240 5.31864e-07
1.88529 1.4382 0 240 5.37194e-07
1.88649 1.4382 0 240 5.42631e-07
1.88769 1.4382 0 240 5.48081e-07
1.88889 1.4382 0 240 5.53444e-07
1.8901 1.4382 0 240 5.58642e-07
1.8913 1.4382 0 240 5.63654e-07
1.8925 1.4382 0 240 5.68533e-07
1.8937 1.4382 0 240 5.73382e-07
1.8949 1.4382 0 240 5.78335e-07
1.8961 1.4382 0 240 5.83516e-07
1.8973 1.4382 0 240 5.8902e-07
1.8985 1.4382 0 240 5.94911e-07
1.8997 1.4382 0 240 6.01229e-07
1.9009 1.4382 0 240 6.07881e-07
1.9021 1.4382 0 240 6.15102e-07
1.9033 1.4382 0 240 6.22793e-07
1.9045 1.4382 0 240 6.30963e-07
1.9057 1.4382 0 240 6.39624e-07
1.9069 1.4382 0 240 6.4879e-07
1.9081 1.4382 0 240 6.5848e-07
1.9093 1.4382 0 240 6.68718e-07
1.91051 1.4382 0 240 6.79531e-07
1.91171 1.4382 0 240 6.90951e-07
1.91291 1.4382 0 240 7.03019e-07
1.91411 1.4382 0 240 7.15775e-07
1.91531 1.4382 0 240 7.29271e-07
1.91651 1.4382 0 240 7.43562e-07
1.91771 1.4382 0 240 7.58712e-07
1.91891 1.4382 0 240 7.74792e-07
1.92011 1.4382 0 240 7.91886e-07
1.92131 1.4382 0 240 8.10084e-07
1.92251 1.4382 0 240 8.29492e-07
1.92371 1.4382 0 240 8.50229e-07
1.92491 1.4382 0 240 8.7243e-07
1.92611 1.4382 0 240 8.96251e-07
1.92731 1.4382 0 240 9.21869e-07
1.92851 1.4382 0 240 9.4949e-07
1.92971 1.4382 0 240 9.79342e-07
1.93092 1.4382 0 240 1.01171e-06
1.93212 1.4382 0 240 1.04691e-06
1.93332 1.4382 0 240 1.08531e-06
1.93452 1.4382 0 240 1.12734e-06
1.93572 1.4382 0 240 1.17352e-06
1.93692 1.4382 0 240 1.22445e-06
1.93812 1.4382 0 240 1.28083e-06
1.93932 1.4382 0 240 1.34354e-06
1.94052 1.4382 0 240 1.41356e-06
1.94172 1.4382 0 240 1.49212e-06
1.94292 1.4382 0 240 1.58066e-06
1.94412 1.4382 0 240 1.68039e-06
1.94532 1.4382 0 240 1.79443e-06
1.94652 1.4382 0 240 1.92472e-06
1.94772 1.4382 0 240 2.07417e-06
1.94892 1.4382 0 240 2.24615e-06
1.95013 1.4382 0 240 2.44445e-06
1.95133 1.4382 0 240 2.67314e-06
1.95253 1.4382 0 240 2.93614e-06
1.95373 1.4382 0 240 3.23656e-06
1.95493 1.4382 0 240 3.57525e-06
1.95613 1.4382 0 240 3.94878e-06
1.95733 1.4382 0 240 4.34642e-06
1.95853 1.4382 0 240 4.7471e-06
1.95973 1.4382 0 240 5.11775e-06
1.96093 1.4382 0 240 5.41587e-06
1.96213 1.4382 0 240 5.59866e-06
1.96333 1.4382 0 240 5.63705e-06
1.96453 1.4382 0 240 5.52736e-06
1.96573 1.4382 0 240 5.29306e-06
1.96693 1.4382 0 240 4.97506e-06
1.96813 1.4382 0 240 4.62518e-06
1.96933 1.4382 0 240 4.26268e-06
1.97054 1.4382 0 240 3.92083e-06
1.97174 1.4382 0 240 3.61288e-06
1.97294 1.4382 0 240 3.34399e-06
1.97414 1.4382 0 240 3.1142e-06
1.97534 1.4382 0 240 2.92082e-06
1.97654 1.4382 0 240 2.76007e-06
1.97774 1.4382 0 240 2.62789e-06
1.97894 1.4382 0 240 2.52042e-06
1.98014 1.4382 0 240 2.43426e-06
1.98134 1.4382 0 240 2.36644e-06
1.98254 1.4382 0 240 2.31451e-06
1.98374 1.4382 0 240 2.27638e-06
1.98494 1.4382 0 240 2.25036e-06
1.98614 1.4382 0 240 2.23507e-06
1.98734 1.4382 0 240 2.22941e-06
1.98854 1.4382 0 240 2.23247e-06
1.98974 1.4382 0 240 2.24355e-06
1.99095 1.4382 0 240 2.26209e-06
1.99215 1.4382 0 240 2.28768e-06
1.99335 1.4382 0 240 2.32e-06
1.99455 1.4382 0 240 2.35888e-06
1.99575 1.4382 0 240 2.40419e-06
1.99695 1.4382 0 240 2.4559e-06
1.99815 1.4382 0 240 2.51407e-06
1.99935 1.4382 0 240 2.57879e-06
2.00055 1.4382 0 240 2.65027e-06
2.00175 1.4382 0 240 2.72875e-06
2.00295 1.4382 0 240 2.81456e-06
2.00415 1.4382 0 240 2.90806e-06
2.00535 1.4382 0 240 3.00977e-06
2.00655 1.4382 0 240 3.1202e-06
2.00775 1.4382 0 240 3.24e-06
2.00895 1.4382 0 240 3.36988e-06
2.01016 1.4382 0 240 3.51069e-06
2.01136 1.4382 0 240 3.66339e-06
2.01256 1.4382 0 240 3.82904e-06
2.01376 1.4382 0 240 4.0044e-06
2.01496 1.4382 0 240 4.19956e-06
2.01616 1.4382 0 240 4.41193e-06
2.01736 1.4382 0 240 4.6434e-06
2.01856 1.4382 0 240 4.89603e-06
2.01976 1.4382 0 240 5.17226e-06
2.02096 1.4382 0 240 5.4749e-06
2.02216 1.4382 0 240 5.80716e-06
2.02336 1.4382 0 240 6.17279e-06
2.02456 1.4382 0 240 6.57604e-06
2.02576 1.4382 0 240 7.02206e-06
2.02696 1.4382 0 240 7.51669e-06
2.02816 1.4382 0 240 8.06673e-06
2.02936 1.4382 0 240 8.68048e-06
2.03057 1.4382 0 240 9.36741e-06
2.03177 1.4382 0 240 1.01388e-05
2.03297 1.4382 0 240 1.10081e-05
2.03417 1.4382 0 240 1.19911e-05
2.03537 1.4382 0 240 1.31069e-05
2.03657 1.4382 0 240 1.4378e-05
2.03777 1.4382 0 240 1.58312e-05
2.03897 1.4382 0 240 1.74981e-05
2.04017 1.4382 0 240 1.94157e-05
2.04137 1.4382 0 240 2.16262e-05
2.04257 1.4382 0 240 2.41797e-05
2.04377 1.4382 0 240 2.71285e-05
2.04497 1.4382 0 240 3.0526e-05
2.04617 1.4382 0 240 3.44189e-05
2.04737 1.4382 0 240 3.88345e-05
2.04857 1.4382 0 240 4.37594e-05
2.04977 1.4382 0 240 4.91082e-05
2.05098 1.4382 0 240 5.46862e-05
2.05218 1.4382 0 240 6.01562e-05
2.05338 1.4382 0 240 6.50361e-05
2.05458 1.4382 0 240 6.87586e-05
2.05578 1.4382 0 240 7.08042e-05
2.05698 1.4382 0 240 7.08745e-05
2.05818 1.4382 0 240 6.90048e-05
2.05938 1.4382 0 240 6.55517e-05
2.06058 1.4382 0 240 6.10563e-05
2.06178 1.4382 0 240 5.60697e-05
2.06298 1.4382 0 240 5.10308e-05
2.06418 1.4382 0 240 4.62206e-05
2.06538 1.4382 0 240 4.17766e-05
2.06658 1.4382 0 240 3.77351e-05
2.06778 1.4382 0 240 3.40771e-05
2.06898 1.4382 0 240 3.07666e-05
2.07019 1.4382 0 240 2.77706e-05
2.07139 1.4382 0 240 2.50664e-05
2.07259 1.4382 0 240 2.26383e-05
2.07379 1.4382 0 240 2.04718e-05
2.07499 1.4382 0 240 1.85508e-05
2.07619 1.4382 0 240 1.6856e-05
2.07739 1.4382 0 240 1.5366e-05
2.07859 1.4382 0 240 1.40588e-05
2.07979 1.4382 0 240 1.2913e-05
2.08099 1.4382 0 240 1.1909e-05
2.08219 1.4382 0 240 1.1029e-05
2.08339 1.4382 0 240 1.02575e-05
2.08459 1.4382 0 240 9.58095e-06
2.08579 1.4382 0 240 8.98797e-06
2.08699 1.4382 0 240 8.46889e-06
2.08819 1.4382 0 240 8.01543e-06
2.08939 1.4382 0 240 7.62091e-06
2.0906 1.4382 0 240 7.28007e-06
2.0918 1.4382 0 240 6.98849e-06
2.093 1.4382 0 240 6.74273e-06
2.0942 1.4382 0 240 6.5402e-06
2.0954 1.4382 0 240 6.37919e-06
2.0966 1.4382 0 240 6.25875e-06
2.0978 1.4382 0 240 6.17871e-06
2.099 1.4382 0 240 6.13966e-06
2.1002 1.4382 0 240 6.14298e-06
2.1014 1.4382 0 240 6.19085e-06
2.1026 1.4382 0 240 6.28627e-06
2.1038 1.4382 0 240 6.43297e-06
2.105 1.4382 0 240 6.63546e-06
2.1062 1.4382 0 240 6.89864e-06
2.1074 1.4382 0 240 7.22739e-06
2.1086 1.4382 0 240 7.62578e-06
2.1098 1.4382 0 240 8.09556e-06
2.11101 1.4382 0 240 8.63419e-06
2.11221 1.4382 0 240 9.23161e-06
2.11341 1.4382 0 240 9.86667e-06
2.11461 1.4382 0 240 1.05039e-05
2.11581 1.4382 0 240 1.1092e-05
2.11701 1.4382 0 240 1.15679e-05
2.11821 1.4382 0 240 1.18668e-05
2.11941 1.4382 0 240 1.1938e-05
2.12061 1.4382 0 240 1.17617e-05
2.12181 1.4382 0 240 1.13533e-05
2.12301 1.4382 0 240 1.07599e-05
2.12421 1.4382 0 240 1.00448e-05
2.12541 1.4382 0 240 9.27145e-06
2.12661 1.4382 0 240 8.49242e-06
2.12781 1.4382 0 240 7.74465e-06
2.12901 1.4382 0 240 7.05042e-06
2.13022 1.4382 0 240 6.42032e-06
2.13142 1.4382 0 240 5.85692e-06
2.13262 1.4382 0 240 5.35765e-06
2.13382 1.4382 0 240 4.91713e-06
2.13502 1.4382 0 240 4.52885e-06
2.13622 1.4382 0 240 4.18621e-06
2.13742 1.4382 0 240 3.88313e-06
2.13862 1.4382 0 240 3.61436e-06
2.13982 1.4382 0 240 3.37532e-06
2.14102 1.4382 0 240 3.16214e-06
2.14222 1.4382 0 240 2.9715e-06
2.14342 1.4382 0 240 2.80052e-06
2.14462 1.4382 0 240 2.64682e-06
2.14582 1.4382 0 240 2.50821e-06
2.14702 1.4382 0 240 2.38289e-06
2.14822 1.4382 0 240 2.26928e-06
2.14942 1.4382 0 240 2.16604e-06
2.15063 1.4382 0 240 2.07203e-06
2.15183 1.4382 0 240 1.98616e-06
2.15303 1.4382 0 240 1.90759e-06
2.15423 1.4382 0 240 1.83557e-06
2.15543 1.4382 0 240 1.76945e-06
2.15663 1.4382 0 240 1.70864e-06
2.15783 1.4382 0 240 1.65268e-06
2.15903 1.4382 0 240 1.60112e-06
2.16023 1.4382 0 240 1.55358e-06
2.16143 1.4382 0 240 1.50973e-06
2.16263 1.4382 0 240 1.46931e-06
2.16383 1.4382 0 240 1.43202e-06
2.16503 1.4382 0 240 1.39767e-06
2.16623 1.4382 0 240 1.36606e-06
2.16743 1.4382 0 240 1.33598e-06
2.16863 1.4382 0 240 1.30935e-06
2.16983 1.4382 0 240 1.28504e-06
2.17104 1.4382 0 240 1.26288e-06
2.17224 1.4382 0 240 1.24288e-06
2.17344 1.4382 0 240 1.22486e-06
2.17464 1.4382 0 240 1.20881e-06
2.17584 1.4382 0 240 1.19459e-06
2.17704 1.4382 0 240 1.18218e-06
2.17824 1.4382 0 240 1.17148e-06
2.17944 1.4382 0 240 1.16254e-06
2.18064 1.4382 0 240 1.1552e-06
2.18184 1.4382 0 240 1.14937e-06
2.18304 1.4382 0 240 1.14507e-06
2.18424 1.4382 0 240 1.14242e-06
2.18544 1.4382 0 240 1.14136e-06
2.18664 1.4382 0 240 1.14235e-06
2.18784 1.4382 0 240 1.14561e-06
2.18904 1.4382 0 240 1.1522e-06
2.19025 1.4382 0 240 1.16399e-06
2.19145 1.4382 0 240 1.18396e-06
2.19265 1.4382 0 240 1.2165e-06
2.19385 1.4382 0 240 1.26837e-06
2.19505 1.4382 0 240 1.34746e-06
2.19625 1.4382 0 240 1.46236e-06
2.19745 1.4382 0 240 1.61917e-06
2.19865 1.4382 0 240 1.81789e-06
2.19985 1.4382 0 240 2.04891e-06
2.20105 1.4382 0 240 2.29193e-06
2.20225 1.4382 0 240 2.51963e-06
2.20345 1.4382 0 240 2.70362e-06
2.20465 1.4382 0 240 2.8226e-06
2.20585 1.4382 0 240 2.85962e-06
2.20705 1.4382 0 240 2.8161e-06
2.20825 1.4382 0 240 2.70097e-06
2.20945 1.4382 0 240 2.53036e-06
2.21066 1.4382 0 240 2.32155e-06
2.21186 1.4382 0 240 2.09034e-06
2.21306 1.4382 0 240 1.84843e-06
2.21426 1.4382 0 240 1.60328e-06
2.21546 1.4382 0 240 1.35832e-06
2.21666 1.4382 0 240 1.11416e-06
2.21786 1.4382 0 240 8.69229e-07
2.21906 1.4382 0 240 6.20901e-07
2.22026 1.4382 0 240 3.66427e-07
2.22146 1.4382 0 240 1.03734e-07
2.22266 1.4382 0 240 -1.67634e-07
2.22386 1.4382 0 240 -4.44929e-07
2.22506 1.4382 0 240 -7.2017e-07
2.22626 1.4382 0 240 -9.7862e-07
2.22746 1.4382 0 240 -1.19642e-06
2.22866 1.4382 0 240 -1.34261e-06
2.22986 1.4382 0 240 -1.38236e-06
2.23107 1.4382 0 240 -1.28605e-06
2.23227 1.4382 0 240 -1.04212e-06
2.23347 1.4382 0 240 -6.67145e-07
2.23467 1.4382 0 240 -2.0628e-07
2.23587 1.4382 0 240 2.78202e-07
2.23707 1.4382 0 240 7.25228e-07
2.23827 1.4382 0 240 1.09145e-06
2.23947 1.4382 0 240 1.35763e-06
2.24067 1.4382 0 240 1.52566e-06
2.24187 1.4382 0 240 1.61032e-06
2.24307 1.4382 0 240 1.63173e-06
2.24427 1.4382 0 240 1.609e-06
2.24547 1.4382 0 240 1.5585e-06
2.24667 1.4382 0 240 1.4925e-06
2.24787 1.4382 0 240 1.41968e-06
2.24907 1.4382 0 240 1.34561e-06
2.25028 1.4382 0 240 1.27397e-06
2.25148 1.4382 0 240 1.20675e-06
2.25268 1.4382 0 240 1.14502e-06
2.25388 1.4382 0 240 1.08933e-06
2.25508 1.4382 0 240 1.05988e-06
2.25628 1.4382 0 240 1.01411e-06
2.25748 1.4382 0 240 9.74228e-07
2.25868 1.4382 0 240 9.39722e-07
2.25988 1.4382 0 240 9.10351e-07
2.26108 1.4382 0 240 8.85725e-07
2.26228 1.4382 0 240 8.65444e-07
2.26348 1.4382 0 240 8.49056e-07
2.26468 1.4382 0 240 8.35996e-07
2.26588 1.4382 0 240 8.25571e-07
2.26708 1.4382 0 240 8.16887e-07
2.26828 1.4382 0 240 8.08897e-07
2.26948 1.4382 0 240 8.00371e-07
2.27069 1.4382 0 240 7.90186e-07
2.27189 1.4382 0 240 7.77425e-07
2.27309 1.4382 0 240 7.6168e-07
2.27429 1.4382 0 240 7.42889e-07
2.27549 1.4382 0 240 7.21646e-07
2.27669 1.4382 0 240 6.98804e-07
2.27789 1.4382 0 240 6.75278e-07
2.27909 1.4382 0 240 6.519e-07
2.28029 1.4382 0 240 6.2931e-07
2.28149 1.4382 0 240 6.07942e-07
2.28269 1.4382 0 240 5.88006e-07
2.28389 1.4382 0 240 5.69587e-07
2.28509 1.4382 0 240 5.52659e-07
2.28629 1.4382 0 240 5.37146e-07
2.28749 1.4382 0 240 5.22922e-07
2.28869 1.4382 0 240 5.09857e-07
2.28989 1.4382 0 240 4.97811e-07
2.2911 1.4382 0 240 4.86645e-07
2.2923 1.4382 0 240 4.76223e-07
2.2935 1.4382 0 240 4.6641e-07
2.2947 1.4382 0 240 4.57098e-07
2.2959 1.4382 0 240 4.47959e-07
2.2971 1.4382 0 240 4.39281e-07
2.2983 1.4382 0 240 4.30768e-07
2.2995 1.4382 0 240 4.22358e-07
2.3007 1.4382 0 240 4.14014e-07
2.3019 1.4382 0 240 4.0575e-07
2.3031 1.4382 0 240 3.97655e-07
2.3043 1.4382 0 240 3.89928e-07
2.3055 1.4382 0 240 3.82902e-07
2.3067 1.4382 0 240 3.77032e-07
2.3079 1.4382 0 240 3.72851e-07
2.3091 1.4382 0 240 3.70819e-07
2.31031 1.4382 0 240 3.71224e-07
2.31151 1.4382 0 240 3.73904e-07
2.31271 1.4382 0 240 3.78285e-07
2.31391 1.4382 0 240 3.83498e-07
2.31511 1.4382 0 240 3.88627e-07
2.31631 1.4382 0 240 3.92941e-07
2.31751 1.4382 0 240 3.96055e-07
2.31871 1.4382 0 240 3.9788e-07
2.31991 1.4382 0 240 3.98551e-07
2.32111 1.4382 0 240 3.9832e-07
2.32231 1.4382 0 240 3.97439e-07
2.32351 1.4382 0 240 3.96153e-07
2.32471 1.4382 0 240 3.94647e-07
2.32591 1.4382 0 240 3.93061e-07
2.32711 1.4382 0 240 3.91488e-07
2.32831 1.4382 0 240 3.89989e-07
2.32951 1.4382 0 240 3.88606e-07
2.33072 1.4382 0 240 3.87355e-07
2.33192 1.4382 0 240 3.86249e-07
2.33312 1.4382 0 240 3.85292e-07
2.33432 1.4382 0 240 3.84481e-07
2.33552 1.4382 0 240 3.83815e-07
2.33672 1.4382 0 240 3.83286e-07
2.33792 1.4382 0 240 3.82892e-07
2.33912 1.4382 0 240 3.82625e-07
2.34032 1.4382 0 240 3.82484e-07
2.34152 1.4382 0 240 3.8246e-07
2.34272 1.4382 0 240 3.82548e-07
2.34392 1.4382 0 240 3.82744e-07
2.34512 1.4382 0 240 3.83042e-07
2.34632 1.4382 0 240 3.83438e-07
2.34752 1.4382 0 240 3.83924e-07
2.34872 1.4382 0 240 3.84829e-07
2.34992 1.4382 0 240 3.85471e-07
2.35113 1.4382 0 240 3.86193e-07
2.35233 1.4382 0 240 3.86992e-07
2.35353 1.4382 0 240 3.87868e-07
2.35473 1.4382 0 240 3.88822e-07
2.35593 1.4382 0 240 3.89854e-07
2.35713 1.4382 0 240 3.90965e-07
2.35833 1.4382 0 240 3.92157e-07
2.35953 1.4382 0 240 3.93429e-07
2.36073 1.4382 0 240 3.94782e-07
2.36193 1.4382 0 240 3.96218e-07
2.36313 1.4382 0 240 3.97736e-07
2.36433 1.4382 0 240 3.99337e-07
2.36553 1.4382 0 240 4.01022e-07
2.36673 1.4382 0 240 4.02791e-07
2.36793 1.4382 0 240 4.04645e-07
2.36913 1.4382 0 240 4.06585e-07
2.37034 1.4382 0 240 4.08611e-07
2.37154 1.4382 0 240 4.10725e-07
2.37274 1.4382 0 240 4.12927e-07
2.37394 1.4382 0 240 4.15219e-07
2.37514 1.4382 0 240 4.17601e-07
2.37634 1.4382 0 240 4.20077e-07
2.37754 1.4382 0 240 4.22646e-07
2.37874 1.4382 0 240 4.25311e-07
2.37994 1.4382 0 240 4.28073e-07
2.38114 1.4382 0 240 4.30934e-07
2.38234 1.4382 0 240 4.33896e-07
2.38354 1.4382 0 240 4.36962e-07
2.38474 1.4382 0 240 4.40133e-07
2.38594 1.4382 0 240 4.43411e-07
2.38714 1.4382 0 240 4.468e-07
2.38834 1.4382 0 240 4.50302e-07
2.38954 1.4382 0 240 4.5392e-07
2.39075 1.4382 0 240 4.57656e-07
2.39195 1.4382 0 240 4.61513e-07
2.39315 1.4382 0 240 4.65495e-07
2.39435 1.4382 0 240 4.69606e-07
2.39555 1.4382 0 240 4.73848e-07
2.39675 1.4382 0 240 4.78224e-07
2.39795 1.4382 0 240 4.82742e-07
2.39915 1.4382 0 240 4.87402e-07
2.40035 1.4382 0 240 4.92211e-07
2.40155 1.4382 0 240 4.97172e-07
2.40275 1.4382 0 240 5.02291e-07
2.40395 1.4382 0 240 5.07572e-07
2.40515 1.4382 0 240 5.13021e-07
2.40635 1.4382 0 240 5.18642e-07
2.40755 1.4382 0 240 5.24444e-07
2.40875 1.4382 0 240 5.3043e-07
2.40995 1.4382 0 240 5.36609e-07
2.41116 1.4382 0 240 5.42988e-07
2.41236 1.4382 0 240 5.49574e-07
2.41356 1.4382 0 240 5.56373e-07
2.41476 1.4382 0 240 5.63395e-07
2.41596 1.4382 0 240 5.70648e-07
2.41716 1.4382 0 240 5.78142e-07
2.41836 1.4382 0 240 5.85886e-07
2.41956 1.4382 0 240 5.9389e-07
2.42076 1.4382 0 240 6.02165e-07
2.42196 1.4382 0 240 6.10724e-07
2.42316 1.4382 0 240 6.19579e-07
2.42436 1.4382 0 240 6.28742e-07
2.42556 1.4382 0 240 6.38229e-07
2.42676 1.4382 0 240 6.48053e-07
2.42796 1.4382 0 240 6.58233e-07
2.42916 1.4382 0 240 6.68784e-07
2.43037 1.4382 0 240 6.79725e-07
2.43157 1.4382 0 240 6.91077e-07
2.43277 1.4382 0 240 7.02861e-07
2.43397 1.4382 0 240 7.15101e-07
2.43517 1.4382 0 240 7.27822e-07
2.43637 1.4382 0 240 7.41051e-07
2.43757 1.4382 0 240 7.54819e-07
2.43877 1.4382 0 240 7.69158e-07
2.43997 1.4382 0 240 7.84103e-07
2.44117 1.4382 0 240 7.99694e-07
2.44237 1.4382 0 240 8.15973e-07
2.44357 1.4382 0 240 8.32988e-07
2.44477 1.4382 0 240 8.50791e-07
2.44597 1.4382 0 240 8.69438e-07
2.44717 1.4382 0 240 8.88996e-07
2.44837 1.4382 0 240 9.09534e-07
2.44957 1.4382 0 240 9.31132e-07
2.45078 1.4382 0 240 9.53512e-07
2.45198 1.4382 0 240 9.77494e-07
2.45318 1.4382 0 240 1.00283e-06
2.45438 1.4382 0 240 1.02966e-06
2.45558 1.4382 0 240 1.05811e-06
2.45678 1.4382 0 240 1.08835e-06
2.45798 1.4382 0 240 1.12054e-06
2.45918 1.4382 0 240 1.15488e-06
2.46038 1.4382 0 240 1.19157e-06
2.46158 1.4382 0 240 1.23082e-06
2.46278 1.4382 0 240 1.27286e-06
2.46398 1.4382 0 240 1.3179e-06
2.46518 1.4382 0 240 1.36609e-06
2.46638 1.4382 0 240 1.41752e-06
2.46758 1.4382 0 240 1.47217e-06
2.46878 1.4382 0 240 1.52982e-06
2.46998 1.4382 0 240 1.58996e-06
2.47119 1.4382 0 240 1.65178e-06
2.47239 1.4382 0 240 1.71412e-06
2.47359 1.4382 0 240 1.77552e-06
2.47479 1.4382 0 240 1.83442e-06
2.47599 1.4382 0 240 1.88943e-06
2.47719 1.4382 0 240 1.93967e-06
2.47839 1.4382 0 240 1.98503e-06
2.47959 1.4382 0 240 2.02624e-06
2.48079 1.4382 0 240 2.06472e-06
2.48199 1.4382 0 240 2.10229e-06
2.48319 1.4382 0 240 2.14089e-06
2.48439 1.4382 0 240 2.18226e-06
2.48559 1.4382 0 240 2.22785e-06
2.48679 1.4382 0 240 2.27881e-06
2.48799 1.4382 0 240 2.336e-06
2.48919 1.4382 0 240 2.40009e-06
2.4904 1.4382 0 240 2.47162e-06
2.4916 1.4382 0 240 2.55107e-06
2.4928 1.4382 0 240 2.63891e-06
2.494 1.4382 0 240 2.73562e-06
2.4952 1.4382 0 240 2.84182e-06
2.4964 1.4382 0 240 2.95813e-06
2.4976 1.4382 0 240 3.08532e-06
2.4988 1.4382 0 240 3.22427e-06
2.5 1.4382 0 240 3.37604e-06
