0.1 1.4382 0 295 1.18768e-07
0.101201 1.4382 0 295 1.19413e-07
0.102401 1.4382 0 295 1.2005e-07
0.103602 1.4382 0 295 1.2068e-07
0.104802 1.4382 0 295 1.21303e-07
0.106003 1.4382 0 295 1.21919e-07
0.107204 1.4382 0 295 1.22528e-07
0.108404 1.4382 0 295 1.23131e-07
0.109605 1.4382 0 295 1.23727e-07
0.110805 1.4382 0 295 1.24317e-07
0.112006 1.4382 0 295 1.24901e-07
0.113207 1.4382 0 295 1.25478e-07
0.114407 1.4382 0 295 1.2605e-07
0.115608 1.4382 0 295 1.26615e-07
0.116808 1.4382 0 295 1.27175e-07
0.118009 1.4382 0 295 1.2773e-07
0.11921 1.4382 0 295 1.28279e-07
0.12041 1.4382 0 295 1.28822e-07
0.121611 1.4382 0 295 1.2936e-07
0.122811 1.4382 0 295 1.29894e-07
0.124012 1.4382 0 295 1.30422e-07
0.125213 1.4382 0 295 1.30946e-07
0.126413 1.4382 0 295 1.31464e-07
0.127614 1.4382 0 295 1.31979e-07
0.128814 1.4382 0 295 1.32489e-07
0.130015 1.4382 0 295 1.32994e-07
0.131216 1.4382 0 295 1.33496e-07
0.132416 1.4382 0 295 1.33994e-07
0.133617 1.4382 0 295 1.34487e-07
0.134817 1.4382 0 295 1.34977e-07
0.136018 1.4382 0 295 1.35464e-07
0.137219 1.4382 0 295 1.35947e-07
0.138419 1.4382 0 295 1.36426e-07
0.13962 1.4382 0 295 1.36903e-07
0.14082 1.4382 0 295 1.37376e-07
0.142021 1.4382 0 295 1.37846e-07
0.143222 1.4382 0 295 1.38314e-07
0.144422 1.4382 0 295 1.38779e-07
0.145623 1.4382 0 295 1.39241e-07
0.146823 1.4382 0 295 1.39701e-07
0.148024 1.4382 0 295 1.40158e-07
0.149225 1.4382 0 295 1.40613e-07
0.150425 1.4382 0 295 1.41066e-07
0.151626 1.4382 0 295 1.41517e-07
0.152826 1.4382 0 295 1.41966e-07
0.154027 1.4382 0 295 1.42413e-07
0.155228 1.4382 0 295 1.42859e-07
0.156428 1.4382 0 295 1.43303e-07
0.157629 1.4382 0 295 1.43745e-07
0.158829 1.4382 0 295 1.44186e-07
0.16003 1.4382 0 295 1.44625e-07
0.161231 1.4382 0 295 1.45064e-07
0.162431 1.4382 0 295 1.45501e-07
0.163632 1.4382 0 295 1.45936e-07
0.164832 1.4382 0 295 1.46371e-07
0.166033 1.4382 0 295 1.46805e-07
0.167234 1.4382 0 295 1.47237e-07
0.168434 1.4382 0 295 1.47669e-07
0.169635 1.4382 0 295 1.481e-07
0.170835 1.4382 0 295 1.4853e-07
0.172036 1.4382 0 295 1.48959e-07
0.173237 1.4382 0 295 1.49387e-07
0.174437 1.4382 0 295 1.49814e-07
0.175638 1.4382 0 295 1.5024e-07
0.176838 1.4382 0 295 1.50665e-07
0.178039 1.4382 0 295 1.51089e-07
0.17924 1.4382 0 295 1.51511e-07
0.18044 1.4382 0 295 1.51933e-07
0.181641 1.4382 0 295 1.52353e-07
0.182841 1.4382 0 295 1.52771e-07
0.184042 1.4382 0 295 1.53188e-07
0.185243 1.4382 0 295 1.53603e-07
0.186443 1.4382 0 295 1.54016e-07
0.187644 1.4382 0 295 1.54427e-07
0.188844 1.4382 0 295 1.54834e-07
0.190045 1.4382 0 295 1.55239e-07
0.191246 1.4382 0 295 1.55641e-07
0.192446 1.4382 0 295 1.56039e-07
0.193647 1.4382 0 295 1.56432e-07
0.194847 1.4382 0 295 1.56821e-07
0.196048 1.4382 0 295 1.57204e-07
0.197249 1.4382 0 295 1.57582e-07
0.198449 1.4382 0 295 1.57953e-07
0.19965 1.4382 0 295 1.58316e-07
0.20085 1.4382 0 295 1.58671e-07
0.202051 1.4382 0 295 1.59016e-07
0.203252 1.4382 0 295 1.59351e-07
0.204452 1.4382 0 295 1.59674e-07
0.205653 1.4382 0 295 1.59984e-07
0.206853 1.4382 0 295 1.6028e-07
0.208054 1.4382 0 295 1.60559e-07
0.209255 1.4382 0 295 1.62476e-07
0.210455 1.4382 0 295 1.661e-07
0.211656 1.4382 0 295 1.69534e-07
0.212856 1.4382 0 295 1.73007e-07
0.214057 1.4382 0 295 1.76537e-07
0.215258 1.4382 0 295 1.80335e-07
0.216458 1.4382 0 295 1.84299e-07
0.217659 1.4382 0 295 1.88692e-07
0.218859 1.4382 0 295 1.93395e-07
0.22006 1.4382 0 295 1.98541e-07
0.221261 1.4382 0 295 2.03964e-07
0.222461 1.4382 0 295 2.1001e-07
0.223662 1.4382 0 295 2.16602e-07
0.224862 1.4382 0 295 2.23292e-07
0.226063 1.4382 0 295 2.30936e-07
0.227264 1.4382 0 295 2.39164e-07
0.228464 1.4382 0 295 2.48289e-07
0.229665 1.4382 0 295 2.57953e-07
0.230865 1.4382 0 295 2.68605e-07
0.232066 1.4382 0 295 2.80935e-07
0.233267 1.4382 0 295 2.93927e-07
0.234467 1.4382 0 295 3.07991e-07
0.235668 1.4382 0 295 3.22693e-07
0.236868 1.4382 0 295 3.3973e-07
0.238069 1.4382 0 295 3.59555e-07
0.23927 1.4382 0 295 3.79962e-07
0.24047 1.4382 0 295 4.03485e-07
0.241671 1.4382 0 295 4.30388e-07
0.242871 1.4382 0 295 4.58596e-07
0.244072 1.4382 0 295 4.91825e-07
0.245273 1.4382 0 295 5.28222e-07
0.246473 1.4382 0 295 5.72843e-07
0.247674 1.4382 0 295 6.20451e-07
0.248874 1.4382 0 295 6.76012e-07
0.250075 1.4382 0 295 7.41228e-07
0.251276 1.4382 0 295 8.20824e-07
0.252476 1.4382 0 295 9.12511e-07
0.253677 1.4382 0 295 1.02833e-06
0.254877 1.4382 0 295 1.19653e-06
0.256078 1.4382 0 295 1.44095e-06
0.257279 1.4382 0 295 1.57265e-06
0.258479 1.4382 0 295 1.72444e-06
0.25968 1.4382 0 295 1.89733e-06
0.26088 1.4382 0 295 2.09642e-06
0.262081 1.4382 0 295 2.32283e-06
0.263282 1.4382 0 295 2.59527e-06
0.264482 1.4382 0 295 2.91993e-06
0.265683 1.4382 0 295 3.3035e-06
0.266883 1.4382 0 295 3.78106e-06
0.268084 1.4382 0 295 4.37659e-06
0.269285 1.4382 0 295 5.12712e-06
0.270485 1.4382 0 295 6.07527e-06
0.271686 1.4382 0 295 7.34621e-06
0.272886 1.4382 0 295 9.07278e-06
0.274087 1.4382 0 295 1.14822e-05
0.275288 1.4382 0 295 1.49673e-05
0.276488 1.4382 0 295 2.01394e-05
0.277689 1.4382 0 295 2.83282e-05
0.278889 1.4382 0 295 4.13065e-05
0.28009 1.4382 0 295 5.86744e-05
0.281291 1.4382 0 295 4.64424e-05
0.282491 1.4382 0 295 -0.000176388
0.283692 1.4382 0 295 -0.000218741
0.284892 1.4382 0 295 -2.59501e-05
0.286093 1.4382 0 295 1.67421e-05
0.287294 1.4382 0 295 1.90618e-05
0.288494 1.4382 0 295 1.56638e-05
0.289695 1.4382 0 295 1.23064e-05
0.290895 1.4382 0 295 9.71087e-06
0.292096 1.4382 0 295 7.78712e-06
0.293297 1.4382 0 295 6.356e-06
0.294497 1.4382 0 295 5.28906e-06
0.295698 1.4382 0 295 4.46212e-06
0.296898 1.4382 0 295 3.81628e-06
0.298099 1.4382 0 295 3.30472e-06
0.2993 1.4382 0 295 2.90156e-06
0.3005 1.4382 0 295 2.56567e-06
0.301701 1.4382 0 295 2.29587e-06
0.302901 1.4382 0 295 2.07099e-06
0.304102 1.4382 0 295 1.88208e-06
0.305303 1.4382 0 295 1.72244e-06
0.306503 1.4382 0 295 1.58603e-06
0.307704 1.4382 0 295 1.46847e-06
0.308904 1.4382 0 295 1.37156e-06
0.310105 1.4382 0 295 1.29113e-06
0.311306 1.4382 0 295 1.22149e-06
0.312506 1.4382 0 295 1.17141e-06
0.313707 1.4382 0 295 1.13782e-06
0.314907 1.4382 0 295 1.0726e-06
0.316108 1.4382 0 295 1.01372e-06
0.317309 1.4382 0 295 9.60767e-07
0.318509 1.4382 0 295 9.13147e-07
0.31971 1.4382 0 295 8.69899e-07
0.32091 1.4382 0 295 8.30967e-07
0.322111 1.4382 0 295 7.95747e-07
0.323312 1.4382 0 295 7.63684e-07
0.324512 1.4382 0 295 7.34905e-07
0.325713 1.4382 0 295 7.08573e-07
0.326913 1.4382 0 295 6.84812e-07
0.328114 1.4382 0 295 6.63213e-07
0.329315 1.4382 0 295 6.43502e-07
0.330515 1.4382 0 295 6.25788e-07
0.331716 1.4382 0 295 6.09514e-07
0.332916 1.4382 0 295 5.94893e-07
0.334117 1.4382 0 295 5.81656e-07
0.335318 1.4382 0 295 5.6965e-07
0.336518 1.4382 0 295 5.5888e-07
0.337719 1.4382 0 295 5.49145e-07
0.338919 1.4382 0 295 5.40533e-07
0.34012 1.4382 0 295 5.32677e-07
0.341321 1.4382 0 295 5.25858e-07
0.342521 1.4382 0 295 5.19852e-07
0.343722 1.4382 0 295 5.14522e-07
0.344922 1.4382 0 295 5.10003e-07
0.346123 1.4382 0 295 5.06068e-07
0.347324 1.4382 0 295 5.02863e-07
0.348524 1.4382 0 295 5.0018e-07
0.349725 1.4382 0 295 4.9818e-07
0.350925 1.4382 0 295 4.96634e-07
0.352126 1.4382 0 295 4.9569e-07
0.353327 1.4382 0 295 4.95178e-07
0.354527 1.4382 0 295 4.95248e-07
0.355728 1.4382 0 295 4.95695e-07
0.356928 1.4382 0 295 4.96658e-07
0.358129 1.4382 0 295 4.97995e-07
0.35933 1.4382 0 295 4.99834e-07
0.36053 1.4382 0 295 5.02041e-07
0.361731 1.4382 0 295 5.04709e-07
0.362931 1.4382 0 295 5.07717e-07
0.364132 1.4382 0 295 5.1119e-07
0.365333 1.4382 0 295 5.14999e-07
0.366533 1.4382 0 295 5.19256e-07
0.367734 1.4382 0 295 5.23849e-07
0.368934 1.4382 0 295 5.28899e-07
0.370135 1.4382 0 295 5.34274e-07
0.371336 1.4382 0 295 5.40109e-07
0.372536 1.4382 0 295 5.46288e-07
0.373737 1.4382 0 295 5.52922e-07
0.374937 1.4382 0 295 5.59905e-07
0.376138 1.4382 0 295 5.67361e-07
0.377339 1.4382 0 295 5.75194e-07
0.378539 1.4382 0 295 5.83453e-07
0.37974 1.4382 0 295 5.92206e-07
0.38094 1.4382 0 295 6.01367e-07
0.382141 1.4382 0 295 6.1103e-07
0.383342 1.4382 0 295 6.21135e-07
0.384542 1.4382 0 295 6.31776e-07
0.385743 1.4382 0 295 6.42895e-07
0.386943 1.4382 0 295 6.5458e-07
0.388144 1.4382 0 295 6.66778e-07
0.389345 1.4382 0 295 6.79548e-07
0.390545 1.4382 0 295 6.92948e-07
0.391746 1.4382 0 295 7.0693e-07
0.392946 1.4382 0 295 7.21598e-07
0.394147 1.4382 0 295 7.36908e-07
0.395348 1.4382 0 295 7.52954e-07
0.396548 1.4382 0 295 7.69716e-07
0.397749 1.4382 0 295 7.87254e-07
0.398949 1.4382 0 295 8.05632e-07
0.40015 1.4382 0 295 8.24845e-07
0.401351 1.4382 0 295 8.44985e-07
0.402551 1.4382 0 295 8.66059e-07
0.403752 1.4382 0 295 8.88141e-07
0.404952 1.4382 0 295 9.11296e-07
0.406153 1.4382 0 295 9.35569e-07
0.407354 1.4382 0 295 9.61041e-07
0.408554 1.4382 0 295 9.87758e-07
0.409755 1.4382 0 295 1.01583e-06
0.410955 1.4382 0 295 1.04531e-06
0.412156 1.4382 0 295 1.07631e-06
0.413357 1.4382 0 295 1.10894e-06
0.414557 1.4382 0 295 1.14326e-06
0.415758 1.4382 0 295 1.17944e-06
0.416958 1.4382 0 295 1.21755e-06
0.418159 1.4382 0 295 1.2578e-06
0.41936 1.4382 0 295 1.30028e-06
0.42056 1.4382 0 295 1.34518e-06
0.421761 1.4382 0 295 1.39269e-06
0.422961 1.4382 0 295 1.44298e-06
0.424162 1.4382 0 295 1.49628e-06
0.425363 1.4382 0 295 1.55285e-06
0.426563 1.4382 0 295 1.61295e-06
0.427764 1.4382 0 295 1.67681e-06
0.428964 1.4382 0 295 1.7448e-06
0.430165 1.4382 0 295 1.81728e-06
0.431366 1.4382 0 295 1.8947e-06
0.432566 1.4382 0 295 1.97741e-06
0.433767 1.4382 0 295 2.06588e-06
0.434967 1.4382 0 295 2.16075e-06
0.436168 1.4382 0 295 2.26271e-06
0.437369 1.4382 0 295 2.37219e-06
0.438569 1.4382 0 295 2.49019e-06
0.43977 1.4382 0 295 2.61763e-06
0.44097 1.4382 0 295 2.7553e-06
0.442171 1.4382 0 295 2.90452e-06
0.443372 1.4382 0 295 3.06664e-06
0.444572 1.4382 0 295 3.2429e-06
0.445773 1.4382 0 295 3.43522e-06
0.446973 1.4382 0 295 3.64573e-06
0.448174 1.4382 0 295 3.87614e-06
0.449375 1.4382 0 295 4.12991e-06
0.450575 1.4382 0 295 4.40997e-06
0.451776 1.4382 0 295 4.7193e-06
0.452976 1.4382 0 295 5.06333e-06
0.454177 1.4382 0 295 5.44689e-06
0.455378 1.4382 0 295 5.87577e-06
0.456578 1.4382 0 295 6.35776e-06
0.457779 1.4382 0 295 6.90226e-06
0.458979 1.4382 0 295 7.51996e-06
0.46018 1.4382 0 295 8.2247e-06
0.461381 1.4382 0 295 9.03404e-06
0.462581 1.4382 0 295 9.96884e-06
0.463782 1.4382 0 295 1.10561e-05
0.464982 1.4382 0 295 1.23324e-05
0.466183 1.4382 0 295 1.38418e-05
0.467384 1.4382 0 295 1.56459e-05
0.468584 1.4382 0 295 1.78239e-05
0.469785 1.4382 0 295 2.04879e-05
0.470985 1.4382 0 295 2.3794e-05
0.472186 1.4382 0 295 2.79582e-05
0.473387 1.4382 0 295 3.33068e-05
0.474587 1.4382 0 295 4.03307e-05
0.475788 1.4382 0 295 4.97859e-05
0.476988 1.4382 0 295 6.29282e-05
0.478189 1.4382 0 295 8.18696e-05
0.47939 1.4382 0 295 0.000110473
0.48059 1.4382 0 295 0.000156149
0.481791 1.4382 0 295 0.000234213
0.482991 1.4382 0 295 0.000377907
0.484192 1.4382 0 295 0.000652367
0.485393 1.4382 0 295 0.00107748
0.486593 1.4382 0 295 0.00120536
0.487794 1.4382 0 295 0.000809393
0.488994 1.4382 0 295 0.000466555
0.490195 1.4382 0 295 0.000281657
0.491396 1.4382 0 295 0.000183342
0.492596 1.4382 0 295 0.000127357
0.493797 1.4382 0 295 9.30976e-05
0.494997 1.4382 0 295 7.08357e-05
0.496198 1.4382 0 295 5.56267e-05
0.497399 1.4382 0 295 4.48092e-05
0.498599 1.4382 0 295 3.68499e-05
0.4998 1.4382 0 295 3.08388e-05
0.501001 1.4382 0 295 2.61893e-05
0.502201 1.4382 0 295 2.25206e-05
0.503402 1.4382 0 295 1.95719e-05
0.504602 1.4382 0 295 1.71738e-05
0.505803 1.4382 0 295 1.51947e-05
0.507004 1.4382 0 295 1.35428e-05
0.508204 1.4382 0 295 1.21473e-05
0.509405 1.4382 0 295 1.09618e-05
0.510605 1.4382 0 295 9.94504e-06
0.511806 1.4382 0 295 9.06577e-06
0.513007 1.4382 0 295 8.29892e-06
0.514207 1.4382 0 295 7.62943e-06
0.515408 1.4382 0 295 7.03969e-06
0.516608 1.4382 0 295 6.51779e-06
0.517809 1.4382 0 295 6.05202e-06
0.51901 1.4382 0 295 5.63759e-06
0.52021 1.4382 0 295 5.26582e-06
0.521411 1.4382 0 295 4.93117e-06
0.522611 1.4382 0 295 4.62756e-06
0.523812 1.4382 0 295 4.35345e-06
0.525013 1.4382 0 295 4.10432e-06
0.526213 1.4382 0 295 3.87695e-06
0.527414 1.4382 0 295 3.66811e-06
0.528614 1.4382 0 295 3.47755e-06
0.529815 1.4382 0 295 3.30257e-06
0.531016 1.4382 0 295 3.14151e-06
0.532216 1.4382 0 295 2.99256e-06
0.533417 1.4382 0 295 2.85397e-06
0.534617 1.4382 0 295 2.72657e-06
0.535818 1.4382 0 295 2.60816e-06
0.537019 1.4382 0 295 2.49792e-06
0.538219 1.4382 0 295 2.39455e-06
0.53942 1.4382 0 295 2.29902e-06
0.54062 1.4382 0 295 2.20959e-06
0.541821 1.4382 0 295 2.12607e-06
0.543022 1.4382 0 295 2.04671e-06
0.544222 1.4382 0 295 1.97352e-06
0.545423 1.4382 0 295 1.90443e-06
0.546623 1.4382 0 295 1.83957e-06
0.547824 1.4382 0 295 1.77843e-06
0.549025 1.4382 0 295 1.72048e-06
0.550225 1.4382 0 295 1.66614e-06
0.551426 1.4382 0 295 1.61488e-06
0.552626 1.4382 0 295 1.56653e-06
0.553827 1.4382 0 295 1.52118e-06
0.555028 1.4382 0 295 1.47694e-06
0.556228 1.4382 0 295 1.43602e-06
0.557429 1.4382 0 295 1.39725e-06
0.558629 1.4382 0 295 1.36043e-06
0.55983 1.4382 0 295 1.32591e-06
0.561031 1.4382 0 295 1.29211e-06
0.562231 1.4382 0 295 1.26053e-06
0.563432 1.4382 0 295 1.23078e-06
0.564632 1.4382 0 295 1.20293e-06
0.565833 1.4382 0 295 1.17603e-06
0.567034 1.4382 0 295 1.1495e-06
0.568234 1.4382 0 295 1.12525e-06
0.569435 1.4382 0 295 1.1022e-06
0.570635 1.4382 0 295 1.08082e-06
0.571836 1.4382 0 295 1.05999e-06
0.573037 1.4382 0 295 1.03957e-06
0.574237 1.4382 0 295 1.02074e-06
0.575438 1.4382 0 295 1.0029e-06
0.576638 1.4382 0 295 9.86924e-07
0.577839 1.4382 0 295 9.70991e-07
0.57904 1.4382 0 295 9.55062e-07
0.58024 1.4382 0 295 9.40881e-07
0.581441 1.4382 0 295 9.28672e-07
0.582641 1.4382 0 295 9.16108e-07
0.583842 1.4382 0 295 9.04491e-07
0.585043 1.4382 0 295 8.925e-07
0.586243 1.4382 0 295 8.82398e-07
0.587444 1.4382 0 295 8.74349e-07
0.588644 1.4382 0 295 8.65685e-07
0.589845 1.4382 0 295 8.58207e-07
0.591046 1.4382 0 295 8.49917e-07
0.592246 1.4382 0 295 8.43813e-07
0.593447 1.4382 0 295 8.39919e-07
0.594647 1.4382 0 295 8.35947e-07
0.595848 1.4382 0 295 8.32195e-07
0.597049 1.4382 0 295 8.2932e-07
0.598249 1.4382 0 295 8.2562e-07
0.59945 1.4382 0 295 8.2651e-07
0.60065 1.4382 0 295 8.26372e-07
0.601851 1.4382 0 295 8.26434e-07
0.603052 1.4382 0 295 8.2855e-07
0.604252 1.4382 0 295 8.26626e-07
0.605453 1.4382 0 295 8.31281e-07
0.606653 1.4382 0 295 8.32382e-07
0.607854 1.4382 0 295 8.32044e-07
0.609055 1.4382 0 295 8.30531e-07
0.610255 1.4382 0 295 8.21163e-07
0.611456 1.4382 0 295 7.9868e-07
0.612656 1.4382 0 295 7.68939e-07
0.613857 1.4382 0 295 7.06141e-07
0.615058 1.4382 0 295 5.94478e-07
0.616258 1.4382 0 295 3.90184e-07
0.617459 1.4382 0 295 3.26835e-08
0.618659 1.4382 0 295 -6.58073e-07
0.61986 1.4382 0 295 -1.92025e-06
0.621061 1.4382 0 295 -4.31084e-06
0.622261 1.4382 0 295 -8.65837e-06
0.623462 1.4382 0 295 -1.52683e-05
0.624662 1.4382 0 295 -2.02184e-05
0.625863 1.4382 0 295 -1.30906e-05
0.627064 1.4382 0 295 1.21745e-06
0.628264 1.4382 0 295 8.35182e-06
0.629465 1.4382 0 295 8.76135e-06
0.630665 1.4382 0 295 7.17411e-06
0.631866 1.4382 0 295 5.58948e-06
0.633067 1.4382 0 295 4.30933e-06
0.634267 1.4382 0 295 3.38801e-06
0.635468 1.4382 0 295 2.7287e-06
0.636668 1.4382 0 295 2.24862e-06
0.637869 1.4382 0 295 1.89636e-06
0.63907 1.4382 0 295 1.64459e-06
0.64027 1.4382 0 295 1.43805e-06
0.641471 1.4382 0 295 1.27928e-06
0.642671 1.4382 0 295 1.1541e-06
0.643872 1.4382 0 295 1.0534e-06
0.645073 1.4382 0 295 9.77774e-07
0.646273 1.4382 0 295 9.09782e-07
0.647474 1.4382 0 295 8.53553e-07
0.648674 1.4382 0 295 8.05401e-07
0.649875 1.4382 0 295 7.65659e-07
0.651076 1.4382 0 295 7.31657e-07
0.652276 1.4382 0 295 7.05525e-07
0.653477 1.4382 0 295 6.79987e-07
0.654677 1.4382 0 295 6.57926e-07
0.655878 1.4382 0 295 6.38146e-07
0.657079 1.4382 0 295 6.21288e-07
0.658279 1.4382 0 295 6.06443e-07
0.65948 1.4382 0 295 5.93293e-07
0.66068 1.4382 0 295 5.83238e-07
0.661881 1.4382 0 295 5.72814e-07
0.663082 1.4382 0 295 5.6353e-07
0.664282 1.4382 0 295 5.55051e-07
0.665483 1.4382 0 295 5.47608e-07
0.666683 1.4382 0 295 5.4105e-07
0.667884 1.4382 0 295 5.36263e-07
0.669085 1.4382 0 295 5.31008e-07
0.670285 1.4382 0 295 5.26303e-07
0.671486 1.4382 0 295 5.2218e-07
0.672686 1.4382 0 295 5.18354e-07
0.673887 1.4382 0 295 5.15149e-07
0.675088 1.4382 0 295 5.13095e-07
0.676288 1.4382 0 295 5.10657e-07
0.677489 1.4382 0 295 5.08543e-07
0.678689 1.4382 0 295 5.06804e-07
0.67989 1.4382 0 295 5.05387e-07
0.681091 1.4382 0 295 5.04135e-07
0.682291 1.4382 0 295 5.03274e-07
0.683492 1.4382 0 295 5.03188e-07
0.684692 1.4382 0 295 5.02834e-07
0.685893 1.4382 0 295 5.02728e-07
0.687094 1.4382 0 295 5.02878e-07
0.688294 1.4382 0 295 5.0325e-07
0.689495 1.4382 0 295 5.03769e-07
0.690695 1.4382 0 295 5.04952e-07
0.691896 1.4382 0 295 5.05969e-07
0.693097 1.4382 0 295 5.07207e-07
0.694297 1.4382 0 295 5.08644e-07
0.695498 1.4382 0 295 5.10291e-07
0.696698 1.4382 0 295 5.1214e-07
0.697899 1.4382 0 295 5.14197e-07
0.6991 1.4382 0 295 5.16667e-07
0.7003 1.4382 0 295 5.19114e-07
0.701501 1.4382 0 295 5.21769e-07
0.702701 1.4382 0 295 5.24628e-07
0.703902 1.4382 0 295 5.27698e-07
0.705103 1.4382 0 295 5.30977e-07
0.706303 1.4382 0 295 5.34465e-07
0.707504 1.4382 0 295 5.38314e-07
0.708704 1.4382 0 295 5.42227e-07
0.709905 1.4382 0 295 5.46364e-07
0.711106 1.4382 0 295 5.50726e-07
0.712306 1.4382 0 295 5.5532e-07
0.713507 1.4382 0 295 5.60148e-07
0.714707 1.4382 0 295 5.65219e-07
0.715908 1.4382 0 295 5.70669e-07
0.717109 1.4382 0 295 5.76217e-07
0.718309 1.4382 0 295 5.82051e-07
0.71951 1.4382 0 295 5.88154e-07
0.72071 1.4382 0 295 5.94544e-07
0.721911 1.4382 0 295 6.01217e-07
0.723112 1.4382 0 295 6.08189e-07
0.724312 1.4382 0 295 6.15471e-07
0.725513 1.4382 0 295 6.23147e-07
0.726713 1.4382 0 295 6.31063e-07
0.727914 1.4382 0 295 6.39335e-07
0.729115 1.4382 0 295 6.4797e-07
0.730315 1.4382 0 295 6.56978e-07
0.731516 1.4382 0 295 6.66371e-07
0.732716 1.4382 0 295 6.76171e-07
0.733917 1.4382 0 295 6.86424e-07
0.735118 1.4382 0 295 6.97082e-07
0.736318 1.4382 0 295 7.08201e-07
0.737519 1.4382 0 295 7.19793e-07
0.738719 1.4382 0 295 7.31899e-07
0.73992 1.4382 0 295 7.44535e-07
0.741121 1.4382 0 295 7.57726e-07
0.742321 1.4382 0 295 7.71499e-07
0.743522 1.4382 0 295 7.85863e-07
0.744722 1.4382 0 295 8.00883e-07
0.745923 1.4382 0 295 8.16582e-07
0.747124 1.4382 0 295 8.32989e-07
0.748324 1.4382 0 295 8.50152e-07
0.749525 1.4382 0 295 8.68111e-07
0.750725 1.4382 0 295 8.86903e-07
0.751926 1.4382 0 295 9.06588e-07
0.753127 1.4382 0 295 9.27126e-07
0.754327 1.4382 0 295 9.48732e-07
0.755528 1.4382 0 295 9.71392e-07
0.756728 1.4382 0 295 9.95171e-07
0.757929 1.4382 0 295 1.02012e-06
0.75913 1.4382 0 295 1.04635e-06
0.76033 1.4382 0 295 1.07392e-06
0.761531 1.4382 0 295 1.10293e-06
0.762731 1.4382 0 295 1.1333e-06
0.763932 1.4382 0 295 1.16546e-06
0.765133 1.4382 0 295 1.19937e-06
0.766333 1.4382 0 295 1.23515e-06
0.767534 1.4382 0 295 1.27293e-06
0.768734 1.4382 0 295 1.31285e-06
0.769935 1.4382 0 295 1.35512e-06
0.771136 1.4382 0 295 1.39988e-06
0.772336 1.4382 0 295 1.44731e-06
0.773537 1.4382 0 295 1.49736e-06
0.774737 1.4382 0 295 1.55082e-06
0.775938 1.4382 0 295 1.60771e-06
0.777139 1.4382 0 295 1.66827e-06
0.778339 1.4382 0 295 1.73284e-06
0.77954 1.4382 0 295 1.80175e-06
0.78074 1.4382 0 295 1.87546e-06
0.781941 1.4382 0 295 1.95438e-06
0.783142 1.4382 0 295 2.03846e-06
0.784342 1.4382 0 295 2.12933e-06
0.785543 1.4382 0 295 2.22707e-06
0.786743 1.4382 0 295 2.3324e-06
0.787944 1.4382 0 295 2.4461e-06
0.789145 1.4382 0 295 2.5691e-06
0.790345 1.4382 0 295 2.70246e-06
0.791546 1.4382 0 295 2.84724e-06
0.792746 1.4382 0 295 3.00496e-06
0.793947 1.4382 0 295 3.17607e-06
0.795148 1.4382 0 295 3.36435e-06
0.796348 1.4382 0 295 3.57094e-06
0.797549 1.4382 0 295 3.79825e-06
0.798749 1.4382 0 295 4.04917e-06
0.79995 1.4382 0 295 4.32699e-06
0.801151 1.4382 0 295 4.63578e-06
0.802351 1.4382 0 295 4.98e-06
0.803552 1.4382 0 295 5.36574e-06
0.804752 1.4382 0 295 5.79716e-06
0.805953 1.4382 0 295 6.28721e-06
0.807154 1.4382 0 295 6.84368e-06
0.808354 1.4382 0 295 7.47912e-06
0.809555 1.4382 0 295 8.20896e-06
0.810755 1.4382 0 295 9.05295e-06
0.811956 1.4382 0 295 1.00354e-05
0.813157 1.4382 0 295 1.11881e-05
0.814357 1.4382 0 295 1.25525e-05
0.815558 1.4382 0 295 1.41744e-05
0.816758 1.4382 0 295 1.61404e-05
0.817959 1.4382 0 295 1.85412e-05
0.81916 1.4382 0 295 2.15113e-05
0.82036 1.4382 0 295 2.52396e-05
0.821561 1.4382 0 295 2.99958e-05
0.822761 1.4382 0 295 3.61745e-05
0.823962 1.4382 0 295 4.43641e-05
0.825163 1.4382 0 295 5.54562e-05
0.826363 1.4382 0 295 7.08178e-05
0.827564 1.4382 0 295 9.24708e-05
0.828764 1.4382 0 295 0.000123452
0.829965 1.4382 0 295 0.000166978
0.831166 1.4382 0 295 0.000223205
0.832366 1.4382 0 295 0.000279718
0.833567 1.4382 0 295 0.000305506
0.834767 1.4382 0 295 0.000279773
0.835968 1.4382 0 295 0.000223353
0.837169 1.4382 0 295 0.000167213
0.838369 1.4382 0 295 0.000123734
0.83957 1.4382 0 295 9.28032e-05
0.84077 1.4382 0 295 7.10773e-05
0.841971 1.4382 0 295 5.57078e-05
0.843172 1.4382 0 295 4.46062e-05
0.844372 1.4382 0 295 3.64058e-05
0.845573 1.4382 0 295 3.02167e-05
0.846773 1.4382 0 295 2.54507e-05
0.847974 1.4382 0 295 2.17139e-05
0.849175 1.4382 0 295 1.87355e-05
0.850375 1.4382 0 295 1.6327e-05
0.851576 1.4382 0 295 1.43516e-05
0.852776 1.4382 0 295 1.27169e-05
0.853977 1.4382 0 295 1.13448e-05
0.855178 1.4382 0 295 1.01883e-05
0.856378 1.4382 0 295 9.20235e-06
0.857579 1.4382 0 295 8.35539e-06
0.858779 1.4382 0 295 7.62276e-06
0.85998 1.4382 0 295 6.98494e-06
0.861181 1.4382 0 295 6.42635e-06
0.862381 1.4382 0 295 5.9346e-06
0.863582 1.4382 0 295 5.49774e-06
0.864782 1.4382 0 295 5.11086e-06
0.865983 1.4382 0 295 4.76567e-06
0.867184 1.4382 0 295 4.45447e-06
0.868384 1.4382 0 295 4.17615e-06
0.869585 1.4382 0 295 3.92487e-06
0.870785 1.4382 0 295 3.69744e-06
0.871986 1.4382 0 295 3.49082e-06
0.873187 1.4382 0 295 3.30265e-06
0.874387 1.4382 0 295 3.13089e-06
0.875588 1.4382 0 295 2.97368e-06
0.876788 1.4382 0 295 2.82844e-06
0.877989 1.4382 0 295 2.69588e-06
0.87919 1.4382 0 295 2.57366e-06
0.88039 1.4382 0 295 2.46088e-06
0.881591 1.4382 0 295 2.35553e-06
0.882791 1.4382 0 295 2.25903e-06
0.883992 1.4382 0 295 2.1696e-06
0.885193 1.4382 0 295 2.08653e-06
0.886393 1.4382 0 295 2.00915e-06
0.887594 1.4382 0 295 1.93717e-06
0.888794 1.4382 0 295 1.87009e-06
0.889995 1.4382 0 295 1.80688e-06
0.891196 1.4382 0 295 1.7484e-06
