2.5 1.4382 0 360 2.76753e-06
2.50125 1.4382 0 360 2.92348e-06
2.5025 1.4382 0 360 3.09428e-06
2.50375 1.4382 0 360 3.28171e-06
2.505 1.4382 0 360 3.4879e-06
2.50625 1.4382 0 360 3.71522e-06
2.5075 1.4382 0 360 3.96644e-06
2.50875 1.4382 0 360 4.24475e-06
2.51001 1.4382 0 360 4.55385e-06
2.51126 1.4382 0 360 4.89799e-06
2.51251 1.4382 0 360 5.28213e-06
2.51376 1.4382 0 360 5.71185e-06
2.51501 1.4382 0 360 6.19376e-06
2.51626 1.4382 0 360 6.72589e-06
2.51751 1.4382 0 360 7.33466e-06
2.51876 1.4382 0 360 8.02091e-06
2.52001 1.4382 0 360 8.79492e-06
2.52126 1.4382 0 360 9.66762e-06
2.52251 1.4382 0 360 1.06499e-05
2.52376 1.4382 0 360 1.17516e-05
2.52501 1.4382 0 360 1.298e-05
2.52626 1.4382 0 360 1.43365e-05
2.52751 1.4382 0 360 1.58135e-05
2.52876 1.4382 0 360 1.73892e-05
2.53002 1.4382 0 360 1.90218e-05
2.53127 1.4382 0 360 2.06447e-05
2.53252 1.4382 0 360 2.2165e-05
2.53377 1.4382 0 360 2.34687e-05
2.53502 1.4382 0 360 2.44352e-05
2.53627 1.4382 0 360 2.49605e-05
2.53752 1.4382 0 360 2.49826e-05
2.53877 1.4382 0 360 2.44993e-05
2.54002 1.4382 0 360 2.35682e-05
2.54127 1.4382 0 360 2.22912e-05
2.54252 1.4382 0 360 2.07893e-05
2.54377 1.4382 0 360 1.91783e-05
2.54502 1.4382 0 360 1.75539e-05
2.54627 1.4382 0 360 1.59852e-05
2.54752 1.4382 0 360 1.45161e-05
2.54877 1.4382 0 360 1.31698e-05
2.55003 1.4382 0 360 1.19547e-05
2.55128 1.4382 0 360 1.08695e-05
2.55253 1.4382 0 360 9.90715e-06
2.55378 1.4382 0 360 9.0572e-06
2.55503 1.4382 0 360 8.30776e-06
2.55628 1.4382 0 360 7.64682e-06
2.55753 1.4382 0 360 7.06261e-06
2.55878 1.4382 0 360 6.54404e-06
2.56003 1.4382 0 360 6.08106e-06
2.56128 1.4382 0 360 5.6649e-06
2.56253 1.4382 0 360 5.28827e-06
2.56378 1.4382 0 360 4.94547e-06
2.56503 1.4382 0 360 4.63225e-06
2.56628 1.4382 0 360 4.3456e-06
2.56753 1.4382 0 360 4.08337e-06
2.56878 1.4382 0 360 3.84386e-06
2.57004 1.4382 0 360 3.6256e-06
2.57129 1.4382 0 360 3.4272e-06
2.57254 1.4382 0 360 3.24732e-06
2.57379 1.4382 0 360 3.08452e-06
2.57504 1.4382 0 360 2.93749e-06
2.57629 1.4382 0 360 2.80496e-06
2.57754 1.4382 0 360 2.68574e-06
2.57879 1.4382 0 360 2.57874e-06
2.58004 1.4382 0 360 2.48298e-06
2.58129 1.4382 0 360 2.39761e-06
2.58254 1.4382 0 360 2.3219e-06
2.58379 1.4382 0 360 2.25519e-06
2.58504 1.4382 0 360 2.19694e-06
2.58629 1.4382 0 360 2.14673e-06
2.58754 1.4382 0 360 2.1042e-06
2.58879 1.4382 0 360 2.0691e-06
2.59005 1.4382 0 360 2.04125e-06
2.5913 1.4382 0 360 2.02057e-06
2.59255 1.4382 0 360 2.00705e-06
2.5938 1.4382 0 360 2.00077e-06
2.59505 1.4382 0 360 2.0019e-06
2.5963 1.4382 0 360 2.01072e-06
2.59755 1.4382 0 360 2.02759e-06
2.5988 1.4382 0 360 2.05299e-06
2.60005 1.4382 0 360 2.08748e-06
2.6013 1.4382 0 360 2.13185e-06
2.60255 1.4382 0 360 2.18694e-06
2.6038 1.4382 0 360 2.2538e-06
2.60505 1.4382 0 360 2.3336e-06
2.6063 1.4382 0 360 2.42775e-06
2.60755 1.4382 0 360 2.53779e-06
2.6088 1.4382 0 360 2.66545e-06
2.61006 1.4382 0 360 2.81259e-06
2.61131 1.4382 0 360 2.98112e-06
2.61256 1.4382 0 360 3.17288e-06
2.61381 1.4382 0 360 3.38936e-06
2.61506 1.4382 0 360 3.63159e-06
2.61631 1.4382 0 360 3.89929e-06
2.61756 1.4382 0 360 4.19053e-06
2.61881 1.4382 0 360 4.50065e-06
2.62006 1.4382 0 360 4.82146e-06
2.62131 1.4382 0 360 5.14037e-06
2.62256 1.4382 0 360 5.4401e-06
2.62381 1.4382 0 360 5.69932e-06
2.62506 1.4382 0 360 5.89472e-06
2.62631 1.4382 0 360 6.00452e-06
2.62756 1.4382 0 360 6.0127e-06
2.62881 1.4382 0 360 5.91255e-06
2.63007 1.4382 0 360 5.70828e-06
2.63132 1.4382 0 360 5.41374e-06
2.63257 1.4382 0 360 5.04925e-06
2.63382 1.4382 0 360 4.63786e-06
2.63507 1.4382 0 360 4.20184e-06
2.63632 1.4382 0 360 3.76116e-06
2.63757 1.4382 0 360 3.33305e-06
2.63882 1.4382 0 360 2.93261e-06
2.64007 1.4382 0 360 2.57356e-06
2.64132 1.4382 0 360 2.2685e-06
2.64257 1.4382 0 360 2.02823e-06
2.64382 1.4382 0 360 1.85989e-06
2.64507 1.4382 0 360 1.76441e-06
2.64632 1.4382 0 360 1.73459e-06
2.64757 1.4382 0 360 1.75503e-06
2.64882 1.4382 0 360 1.80482e-06
2.65008 1.4382 0 360 1.86222e-06
2.65133 1.4382 0 360 1.90918e-06
2.65258 1.4382 0 360 1.93426e-06
2.65383 1.4382 0 360 1.933e-06
2.65508 1.4382 0 360 1.90652e-06
2.65633 1.4382 0 360 1.859e-06
2.65758 1.4382 0 360 1.79609e-06
2.65883 1.4382 0 360 1.72324e-06
2.66008 1.4382 0 360 1.64505e-06
2.66133 1.4382 0 360 1.56503e-06
2.66258 1.4382 0 360 1.48563e-06
2.66383 1.4382 0 360 1.40844e-06
2.66508 1.4382 0 360 1.33421e-06
2.66633 1.4382 0 360 1.26338e-06
2.66758 1.4382 0 360 1.19597e-06
2.66883 1.4382 0 360 1.13176e-06
2.67009 1.4382 0 360 1.07036e-06
2.67134 1.4382 0 360 1.01132e-06
2.67259 1.4382 0 360 9.54137e-07
2.67384 1.4382 0 360 8.98213e-07
2.67509 1.4382 0 360 8.43057e-07
2.67634 1.4382 0 360 7.88209e-07
2.67759 1.4382 0 360 7.3333e-07
2.67884 1.4382 0 360 6.78218e-07
2.68009 1.4382 0 360 6.23199e-07
2.68134 1.4382 0 360 5.68865e-07
2.68259 1.4382 0 360 5.16358e-07
2.68384 1.4382 0 360 4.68032e-07
2.68509 1.4382 0 360 4.26704e-07
2.68634 1.4382 0 360 3.96012e-07
2.68759 1.4382 0 360 3.7982e-07
2.68884 1.4382 0 360 3.81362e-07
2.6901 1.4382 0 360 4.0216e-07
2.69135 1.4382 0 360 4.40976e-07
2.6926 1.4382 0 360 4.93881e-07
2.69385 1.4382 0 360 5.54427e-07
2.6951 1.4382 0 360 6.15473e-07
2.69635 1.4382 0 360 6.7078e-07
2.6976 1.4382 0 360 7.16177e-07
2.69885 1.4382 0 360 7.49896e-07
2.7001 1.4382 0 360 7.72188e-07
2.70135 1.4382 0 360 7.84596e-07
2.7026 1.4382 0 360 7.89284e-07
2.70385 1.4382 0 360 7.88369e-07
2.7051 1.4382 0 360 7.83789e-07
2.70635 1.4382 0 360 7.77101e-07
2.7076 1.4382 0 360 7.69461e-07
2.70885 1.4382 0 360 7.61702e-07
2.71011 1.4382 0 360 7.5555e-07
2.71136 1.4382 0 360 7.49003e-07
2.71261 1.4382 0 360 7.4353e-07
2.71386 1.4382 0 360 7.39267e-07
2.71511 1.4382 0 360 7.363e-07
2.71636 1.4382 0 360 7.3469e-07
2.71761 1.4382 0 360 7.34431e-07
2.71886 1.4382 0 360 7.35555e-07
2.72011 1.4382 0 360 7.38084e-07
2.72136 1.4382 0 360 7.42033e-07
2.72261 1.4382 0 360 7.47443e-07
2.72386 1.4382 0 360 7.54346e-07
2.72511 1.4382 0 360 7.62807e-07
2.72636 1.4382 0 360 7.72896e-07
2.72761 1.4382 0 360 7.84719e-07
2.72886 1.4382 0 360 7.98386e-07
2.73012 1.4382 0 360 8.14038e-07
2.73137 1.4382 0 360 8.31839e-07
2.73262 1.4382 0 360 8.51984e-07
2.73387 1.4382 0 360 8.747e-07
2.73512 1.4382 0 360 9.00246e-07
2.73637 1.4382 0 360 9.28917e-07
2.73762 1.4382 0 360 9.61047e-07
2.73887 1.4382 0 360 9.97004e-07
2.74012 1.4382 0 360 1.03719e-06
2.74137 1.4382 0 360 1.08198e-06
2.74262 1.4382 0 360 1.1319e-06
2.74387 1.4382 0 360 1.1873e-06
2.74512 1.4382 0 360 1.24852e-06
2.74637 1.4382 0 360 1.31576e-06
2.74762 1.4382 0 360 1.38896e-06
2.74887 1.4382 0 360 1.46769e-06
2.75013 1.4382 0 360 1.55101e-06
2.75138 1.4382 0 360 1.63724e-06
2.75263 1.4382 0 360 1.72384e-06
2.75388 1.4382 0 360 1.80737e-06
2.75513 1.4382 0 360 1.88353e-06
2.75638 1.4382 0 360 1.94763e-06
2.75763 1.4382 0 360 1.99516e-06
2.75888 1.4382 0 360 2.02261e-06
2.76013 1.4382 0 360 2.02818e-06
2.76138 1.4382 0 360 2.01222e-06
2.76263 1.4382 0 360 1.97714e-06
2.76388 1.4382 0 360 1.92685e-06
2.76513 1.4382 0 360 1.86617e-06
2.76638 1.4382 0 360 1.7997e-06
2.76763 1.4382 0 360 1.73155e-06
2.76888 1.4382 0 360 1.66496e-06
2.77014 1.4382 0 360 1.60223e-06
2.77139 1.4382 0 360 1.54486e-06
2.77264 1.4382 0 360 1.49367e-06
2.77389 1.4382 0 360 1.44896e-06
2.77514 1.4382 0 360 1.41073e-06
2.77639 1.4382 0 360 1.37875e-06
2.77764 1.4382 0 360 1.35267e-06
2.77889 1.4382 0 360 1.33205e-06
2.78014 1.4382 0 360 1.31645e-06
2.78139 1.4382 0 360 1.30546e-06
2.78264 1.4382 0 360 1.29869e-06
2.78389 1.4382 0 360 1.29584e-06
2.78514 1.4382 0 360 1.29666e-06
2.78639 1.4382 0 360 1.30098e-06
2.78764 1.4382 0 360 1.30869e-06
2.78889 1.4382 0 360 1.31973e-06
2.79015 1.4382 0 360 1.33409e-06
2.7914 1.4382 0 360 1.35178e-06
2.79265 1.4382 0 360 1.37285e-06
2.7939 1.4382 0 360 1.39734e-06
2.79515 1.4382 0 360 1.42535e-06
2.7964 1.4382 0 360 1.45697e-06
2.79765 1.4382 0 360 1.49234e-06
2.7989 1.4382 0 360 1.53161e-06
2.80015 1.4382 0 360 1.57497e-06
2.8014 1.4382 0 360 1.62263e-06
2.80265 1.4382 0 360 1.67487e-06
2.8039 1.4382 0 360 1.73199e-06
2.80515 1.4382 0 360 1.79433e-06
2.8064 1.4382 0 360 1.8623e-06
2.80765 1.4382 0 360 1.93636e-06
2.8089 1.4382 0 360 2.01704e-06
2.81016 1.4382 0 360 2.10495e-06
2.81141 1.4382 0 360 2.20077e-06
2.81266 1.4382 0 360 2.30529e-06
2.81391 1.4382 0 360 2.41941e-06
2.81516 1.4382 0 360 2.54418e-06
2.81641 1.4382 0 360 2.6808e-06
2.81766 1.4382 0 360 2.83069e-06
2.81891 1.4382 0 360 2.99545e-06
2.82016 1.4382 0 360 3.17699e-06
2.82141 1.4382 0 360 3.37756e-06
2.82266 1.4382 0 360 3.59978e-06
2.82391 1.4382 0 360 3.84669e-06
2.82516 1.4382 0 360 4.12179e-06
2.82641 1.4382 0 360 4.42902e-06
2.82766 1.4382 0 360 4.77266e-06
2.82891 1.4382 0 360 5.15729e-06
2.83017 1.4382 0 360 5.58757e-06
2.83142 1.4382 0 360 6.06819e-06
2.83267 1.4382 0 360 6.60368e-06
2.83392 1.4382 0 360 7.19829e-06
2.83517 1.4382 0 360 7.85571e-06
2.83642 1.4382 0 360 8.57843e-06
2.83767 1.4382 0 360 9.36688e-06
2.83892 1.4382 0 360 1.0218e-05
2.84017 1.4382 0 360 1.11233e-05
2.84142 1.4382 0 360 1.20668e-05
2.84267 1.4382 0 360 1.30232e-05
2.84392 1.4382 0 360 1.39561e-05
2.84517 1.4382 0 360 1.48188e-05
2.84642 1.4382 0 360 1.55568e-05
2.84767 1.4382 0 360 1.61149e-05
2.84892 1.4382 0 360 1.64455e-05
2.85018 1.4382 0 360 1.65183e-05
2.85143 1.4382 0 360 1.63274e-05
2.85268 1.4382 0 360 1.58921e-05
2.85393 1.4382 0 360 1.52534e-05
2.85518 1.4382 0 360 1.44646e-05
2.85643 1.4382 0 360 1.35821e-05
2.85768 1.4382 0 360 1.26574e-05
2.85893 1.4382 0 360 1.17328e-05
2.86018 1.4382 0 360 1.08391e-05
2.86143 1.4382 0 360 9.99708e-06
2.86268 1.4382 0 360 9.21881e-06
2.86393 1.4382 0 360 8.50979e-06
2.86518 1.4382 0 360 7.87106e-06
2.86643 1.4382 0 360 7.30071e-06
2.86768 1.4382 0 360 6.79517e-06
2.86893 1.4382 0 360 6.35003e-06
2.87019 1.4382 0 360 5.96065e-06
2.87144 1.4382 0 360 5.62247e-06
2.87269 1.4382 0 360 5.33129e-06
2.87394 1.4382 0 360 5.08332e-06
2.87519 1.4382 0 360 4.87526e-06
2.87644 1.4382 0 360 4.70434e-06
2.87769 1.4382 0 360 4.5682e-06
2.87894 1.4382 0 360 4.46492e-06
2.88019 1.4382 0 360 4.39288e-06
2.88144 1.4382 0 360 4.35073e-06
2.88269 1.4382 0 360 4.33723e-06
2.88394 1.4382 0 360 4.35107e-06
2.88519 1.4382 0 360 4.39079e-06
2.88644 1.4382 0 360 4.45454e-06
2.88769 1.4382 0 360 4.54001e-06
2.88894 1.4382 0 360 4.64436e-06
2.8902 1.4382 0 360 4.76431e-06
2.89145 1.4382 0 360 4.89628e-06
2.8927 1.4382 0 360 5.0365e-06
2.89395 1.4382 0 360 5.18108e-06
2.8952 1.4382 0 360 5.32554e-06
2.89645 1.4382 0 360 5.46434e-06
2.8977 1.4382 0 360 5.59026e-06
2.89895 1.4382 0 360 5.69411e-06
2.9002 1.4382 0 360 5.76529e-06
2.90145 1.4382 0 360 5.79312e-06
2.9027 1.4382 0 360 5.76881e-06
2.90395 1.4382 0 360 5.68734e-06
2.9052 1.4382 0 360 5.5488e-06
2.90645 1.4382 0 360 5.35865e-06
2.9077 1.4382 0 360 5.12647e-06
2.90895 1.4382 0 360 4.86427e-06
2.91021 1.4382 0 360 4.58432e-06
2.91146 1.4382 0 360 4.29789e-06
2.91271 1.4382 0 360 4.01415e-06
2.91396 1.4382 0 360 3.73987e-06
2.91521 1.4382 0 360 3.47958e-06
2.91646 1.4382 0 360 3.23592e-06
2.91771 1.4382 0 360 3.01004e-06
2.91896 1.4382 0 360 2.80206e-06
2.92021 1.4382 0 360 2.6114e-06
2.92146 1.4382 0 360 2.43705e-06
2.92271 1.4382 0 360 2.27775e-06
2.92396 1.4382 0 360 2.13216e-06
2.92521 1.4382 0 360 1.99891e-06
2.92646 1.4382 0 360 1.87668e-06
2.92771 1.4382 0 360 1.7642e-06
2.92896 1.4382 0 360 1.66029e-06
2.93022 1.4382 0 360 1.56385e-06
2.93147 1.4382 0 360 1.47387e-06
2.93272 1.4382 0 360 1.3894e-06
2.93397 1.4382 0 360 1.30955e-06
2.93522 1.4382 0 360 1.2245e-06
2.93647 1.4382 0 360 1.15041e-06
2.93772 1.4382 0 360 1.07847e-06
2.93897 1.4382 0 360 1.008e-06
2.94022 1.4382 0 360 9.38289e-07
2.94147 1.4382 0 360 8.68824e-07
2.94272 1.4382 0 360 7.99022e-07
2.94397 1.4382 0 360 7.28701e-07
2.94522 1.4382 0 360 6.57821e-07
2.94647 1.4382 0 360 5.86753e-07
2.94772 1.4382 0 360 5.16517e-07
2.94897 1.4382 0 360 4.48905e-07
2.95023 1.4382 0 360 3.86973e-07
2.95148 1.4382 0 360 3.34737e-07
2.95273 1.4382 0 360 2.97278e-07
2.95398 1.4382 0 360 2.8034e-07
2.95523 1.4382 0 360 2.89215e-07
2.95648 1.4382 0 360 3.27668e-07
2.95773 1.4382 0 360 3.96652e-07
2.95898 1.4382 0 360 4.93502e-07
2.96023 1.4382 0 360 6.12029e-07
2.96148 1.4382 0 360 7.43686e-07
2.96273 1.4382 0 360 8.79489e-07
2.96398 1.4382 0 360 1.012e-06
2.96523 1.4382 0 360 1.13665e-06
2.96648 1.4382 0 360 1.25201e-06
2.96773 1.4382 0 360 1.35896e-06
2.96898 1.4382 0 360 1.45935e-06
2.97024 1.4382 0 360 1.55443e-06
2.97149 1.4382 0 360 1.64374e-06
2.97274 1.4382 0 360 1.72472e-06
2.97399 1.4382 0 360 1.79322e-06
2.97524 1.4382 0 360 1.84454e-06
2.97649 1.4382 0 360 1.87473e-06
2.97774 1.4382 0 360 1.88174e-06
2.97899 1.4382 0 360 1.86563e-06
2.98024 1.4382 0 360 1.82873e-06
2.98149 1.4382 0 360 1.77475e-06
2.98274 1.4382 0 360 1.70817e-06
2.98399 1.4382 0 360 1.63348e-06
2.98524 1.4382 0 360 1.55472e-06
2.98649 1.4382 0 360 1.47526e-06
2.98774 1.4382 0 360 1.39737e-06
2.98899 1.4382 0 360 1.32283e-06
2.99025 1.4382 0 360 1.25271e-06
2.9915 1.4382 0 360 1.18757e-06
2.99275 1.4382 0 360 1.12761e-06
2.994 1.4382 0 360 1.07278e-06
2.99525 1.4382 0 360 1.02287e-06
2.9965 1.4382 0 360 9.77587e-07
2.99775 1.4382 0 360 9.3655e-07
2.999 1.4382 0 360 8.99374e-07
3.00025 1.4382 0 360 8.6567e-07
3.0015 1.4382 0 360 8.35067e-07
3.00275 1.4382 0 360 8.07192e-07
3.004 1.4382 0 360 7.81736e-07
3.00525 1.4382 0 360 7.5842e-07
3.0065 1.4382 0 360 7.37013e-07
3.00775 1.4382 0 360 7.17328e-07
3.009 1.4382 0 360 6.99226e-07
3.01026 1.4382 0 360 6.82594e-07
3.01151 1.4382 0 360 6.67321e-07
3.01276 1.4382 0 360 6.53348e-07
3.01401 1.4382 0 360 6.40607e-07
3.01526 1.4382 0 360 6.29012e-07
3.01651 1.4382 0 360 6.18554e-07
3.01776 1.4382 0 360 6.09146e-07
3.01901 1.4382 0 360 6.00726e-07
3.02026 1.4382 0 360 5.93229e-07
3.02151 1.4382 0 360 5.86591e-07
3.02276 1.4382 0 360 5.80717e-07
3.02401 1.4382 0 360 5.75522e-07
3.02526 1.4382 0 360 5.70893e-07
3.02651 1.4382 0 360 5.66698e-07
3.02776 1.4382 0 360 5.62781e-07
3.02901 1.4382 0 360 5.58969e-07
3.03027 1.4382 0 360 5.55081e-07
3.03152 1.4382 0 360 5.50953e-07
3.03277 1.4382 0 360 5.46441e-07
3.03402 1.4382 0 360 5.41478e-07
3.03527 1.4382 0 360 5.36078e-07
3.03652 1.4382 0 360 5.30344e-07
3.03777 1.4382 0 360 5.24476e-07
3.03902 1.4382 0 360 5.18759e-07
3.04027 1.4382 0 360 5.13543e-07
3.04152 1.4382 0 360 5.09227e-07
3.04277 1.4382 0 360 5.06198e-07
3.04402 1.4382 0 360 5.04815e-07
3.04527 1.4382 0 360 5.05323e-07
3.04652 1.4382 0 360 5.07803e-07
3.04777 1.4382 0 360 5.12129e-07
3.04902 1.4382 0 360 5.1799e-07
3.05028 1.4382 0 360 5.24906e-07
3.05153 1.4382 0 360 5.32379e-07
3.05278 1.4382 0 360 5.39946e-07
3.05403 1.4382 0 360 5.47262e-07
3.05528 1.4382 0 360 5.54128e-07
3.05653 1.4382 0 360 5.6048e-07
3.05778 1.4382 0 360 5.66357e-07
3.05903 1.4382 0 360 5.71856e-07
3.06028 1.4382 0 360 5.77103e-07
3.06153 1.4382 0 360 5.82222e-07
3.06278 1.4382 0 360 5.87336e-07
3.06403 1.4382 0 360 5.92544e-07
3.06528 1.4382 0 360 5.97932e-07
3.06653 1.4382 0 360 6.03574e-07
3.06778 1.4382 0 360 6.09534e-07
3.06903 1.4382 0 360 6.15865e-07
3.07029 1.4382 0 360 6.22614e-07
3.07154 1.4382 0 360 6.29819e-07
3.07279 1.4382 0 360 6.37515e-07
3.07404 1.4382 0 360 6.45734e-07
3.07529 1.4382 0 360 6.54504e-07
3.07654 1.4382 0 360 6.63851e-07
3.07779 1.4382 0 360 6.73803e-07
3.07904 1.4382 0 360 6.84384e-07
3.08029 1.4382 0 360 6.95623e-07
3.08154 1.4382 0 360 7.07548e-07
3.08279 1.4382 0 360 7.20188e-07
3.08404 1.4382 0 360 7.33578e-07
3.08529 1.4382 0 360 7.47753e-07
3.08654 1.4382 0 360 7.62752e-07
3.08779 1.4382 0 360 7.78617e-07
3.08904 1.4382 0 360 7.95396e-07
3.0903 1.4382 0 360 8.13139e-07
3.09155 1.4382 0 360 8.31902e-07
3.0928 1.4382 0 360 8.51748e-07
3.09405 1.4382 0 360 8.72743e-07
3.0953 1.4382 0 360 8.94959e-07
3.09655 1.4382 0 360 9.18482e-07
3.0978 1.4382 0 360 9.43397e-07
3.09905 1.4382 0 360 9.69802e-07
3.1003 1.4382 0 360 9.97803e-07
3.10155 1.4382 0 360 1.02752e-06
3.1028 1.4382 0 360 1.05907e-06
3.10405 1.4382 0 360 1.09261e-06
3.1053 1.4382 0 360 1.12828e-06
3.10655 1.4382 0 360 1.16626e-06
3.1078 1.4382 0 360 1.20673e-06
3.10905 1.4382 0 360 1.2499e-06
3.11031 1.4382 0 360 1.29598e-06
3.11156 1.4382 0 360 1.34522e-06
3.11281 1.4382 0 360 1.39788e-06
3.11406 1.4382 0 360 1.45424e-06
3.11531 1.4382 0 360 1.5146e-06
3.11656 1.4382 0 360 1.57927e-06
3.11781 1.4382 0 360 1.64859e-06
3.11906 1.4382 0 360 1.72289e-06
3.12031 1.4382 0 360 1.8025e-06
3.12156 1.4382 0 360 1.88776e-06
3.12281 1.4382 0 360 1.97901e-06
3.12406 1.4382 0 360 2.07657e-06
3.12531 1.4382 0 360 2.18085e-06
3.12656 1.4382 0 360 2.29225e-06
3.12781 1.4382 0 360 2.41133e-06
3.12906 1.4382 0 360 2.53879e-06
3.13032 1.4382 0 360 2.67554e-06
3.13157 1.4382 0 360 2.82275e-06
3.13282 1.4382 0 360 2.98188e-06
3.13407 1.4382 0 360 3.1546e-06
3.13532 1.4382 0 360 3.34286e-06
3.13657 1.4382 0 360 3.54882e-06
3.13782 1.4382 0 360 3.7748e-06
3.13907 1.4382 0 360 4.0233e-06
3.14032 1.4382 0 360 4.29698e-06
3.14157 1.4382 0 360 4.59864e-06
3.14282 1.4382 0 360 4.93113e-06
3.14407 1.4382 0 360 5.29732e-06
3.14532 1.4382 0 360 5.69992e-06
3.14657 1.4382 0 360 6.14129e-06
3.14782 1.4382 0 360 6.62309e-06
3.14907 1.4382 0 360 7.14584e-06
3.15033 1.4382 0 360 7.70831e-06
3.15158 1.4382 0 360 8.30677e-06
3.15283 1.4382 0 360 8.93411e-06
3.15408 1.4382 0 360 9.57898e-06
3.15533 1.4382 0 360 1.02251e-05
3.15658 1.4382 0 360 1.08509e-05
3.15783 1.4382 0 360 1.14305e-05
3.15908 1.4382 0 360 1.19352e-05
3.16033 1.4382 0 360 1.23366e-05
3.16158 1.4382 0 360 1.26108e-05
3.16283 1.4382 0 360 1.27423e-05
3.16408 1.4382 0 360 1.27269e-05
3.16533 1.4382 0 360 1.2573e-05
3.16658 1.4382 0 360 1.22997e-05
3.16783 1.4382 0 360 1.19339e-05
3.16908 1.4382 0 360 1.15057e-05
3.17034 1.4382 0 360 1.10449e-05
3.17159 1.4382 0 360 1.05778e-05
3.17284 1.4382 0 360 1.01254e-05
3.17409 1.4382 0 360 9.70326e-06
3.17534 1.4382 0 360 9.32125e-06
3.17659 1.4382 0 360 8.9843e-06
3.17784 1.4382 0 360 8.69301e-06
3.17909 1.4382 0 360 8.44434e-06
3.18034 1.4382 0 360 8.23216e-06
3.18159 1.4382 0 360 8.04785e-06
3.18284 1.4382 0 360 7.88106e-06
3.18409 1.4382 0 360 7.72056e-06
3.18534 1.4382 0 360 7.55541e-06
3.18659 1.4382 0 360 7.37622e-06
3.18784 1.4382 0 360 7.17629e-06
3.18909 1.4382 0 360 6.95234e-06
3.19035 1.4382 0 360 6.70482e-06
3.1916 1.4382 0 360 6.43746e-06
3.19285 1.4382 0 360 6.1562e-06
3.1941 1.4382 0 360 5.86826e-06
3.19535 1.4382 0 360 5.58092e-06
3.1966 1.4382 0 360 5.30069e-06
3.19785 1.4382 0 360 5.03287e-06
3.1991 1.4382 0 360 4.78126e-06
3.20035 1.4382 0 360 4.54823e-06
3.2016 1.4382 0 360 4.33478e-06
3.20285 1.4382 0 360 4.14272e-06
3.2041 1.4382 0 360 3.96676e-06
3.20535 1.4382 0 360 3.80718e-06
3.2066 1.4382 0 360 3.66138e-06
3.20785 1.4382 0 360 3.52633e-06
3.2091 1.4382 0 360 3.39878e-06
3.21036 1.4382 0 360 3.27561e-06
3.21161 1.4382 0 360 3.15407e-06
3.21286 1.4382 0 360 3.03204e-06
3.21411 1.4382 0 360 2.90829e-06
3.21536 1.4382 0 360 2.78249e-06
3.21661 1.4382 0 360 2.65506e-06
3.21786 1.4382 0 360 2.527e-06
3.21911 1.4382 0 360 2.39962e-06
3.22036 1.4382 0 360 2.27426e-06
3.22161 1.4382 0 360 2.15214e-06
3.22286 1.4382 0 360 2.03422e-06
3.22411 1.4382 0 360 1.92117e-06
3.22536 1.4382 0 360 1.81334e-06
3.22661 1.4382 0 360 1.71085e-06
3.22786 1.4382 0 360 1.6136e-06
3.22911 1.4382 0 360 1.52132e-06
3.23037 1.4382 0 360 1.43362e-06
3.23162 1.4382 0 360 1.35005e-06
3.23287 1.4382 0 360 1.27009e-06
3.23412 1.4382 0 360 1.1932e-06
3.23537 1.4382 0 360 1.11884e-06
3.23662 1.4382 0 360 1.04646e-06
3.23787 1.4382 0 360 9.7558e-07
3.23912 1.4382 0 360 9.05753e-07
3.24037 1.4382 0 360 8.36638e-07
3.24162 1.4382 0 360 7.68034e-07
3.24287 1.4382 0 360 6.99926e-07
3.24412 1.4382 0 360 6.32546e-07
3.24537 1.4382 0 360 5.66426e-07
3.24662 1.4382 0 360 5.02434e-07
3.24787 1.4382 0 360 4.4178e-07
3.24912 1.4382 0 360 3.85954e-07
3.25038 1.4382 0 360 3.36484e-07
3.25163 1.4382 0 360 2.95055e-07
3.25288 1.4382 0 360 2.6263e-07
3.25413 1.4382 0 360 2.39467e-07
3.25538 1.4382 0 360 2.24797e-07
3.25663 1.4382 0 360 2.16816e-07
3.25788 1.4382 0 360 2.12967e-07
3.25913 1.4382 0 360 2.1048e-07
3.26038 1.4382 0 360 2.07027e-07
3.26163 1.4382 0 360 2.0129e-07
3.26288 1.4382 0 360 1.93244e-07
3.26413 1.4382 0 360 1.84697e-07
3.26538 1.4382 0 360 1.78256e-07
3.26663 1.4382 0 360 1.77428e-07
3.26788 1.4382 0 360 1.85834e-07
3.26913 1.4382 0 360 2.06478e-07
3.27039 1.4382 0 360 2.41047e-07
3.27164 1.4382 0 360 2.89391e-07
3.27289 1.4382 0 360 3.49344e-07
3.27414 1.4382 0 360 4.16983e-07
3.27539 1.4382 0 360 4.87307e-07
3.27664 1.4382 0 360 5.55135e-07
3.27789 1.4382 0 360 6.15979e-07
3.27914 1.4382 0 360 6.66651e-07
3.28039 1.4382 0 360 7.05486e-07
3.28164 1.4382 0 360 7.32267e-07
3.28289 1.4382 0 360 7.47763e-07
3.28414 1.4382 0 360 7.53512e-07
3.28539 1.4382 0 360 7.5133e-07
3.28664 1.4382 0 360 7.43056e-07
3.28789 1.4382 0 360 7.30378e-07
3.28914 1.4382 0 360 7.1473e-07
3.2904 1.4382 0 360 6.97306e-07
3.29165 1.4382 0 360 6.78954e-07
3.2929 1.4382 0 360 6.60379e-07
3.29415 1.4382 0 360 6.42047e-07
3.2954 1.4382 0 360 6.24292e-07
3.29665 1.4382 0 360 6.07324e-07
3.2979 1.4382 0 360 5.91269e-07
3.29915 1.4382 0 360 5.76187e-07
3.3004 1.4382 0 360 5.62096e-07
3.30165 1.4382 0 360 5.48984e-07
3.3029 1.4382 0 360 5.36819e-07
3.30415 1.4382 0 360 5.25556e-07
3.3054 1.4382 0 360 5.15146e-07
3.30665 1.4382 0 360 5.05535e-07
3.3079 1.4382 0 360 4.9667e-07
3.30915 1.4382 0 360 4.88499e-07
3.31041 1.4382 0 360 4.80972e-07
3.31166 1.4382 0 360 4.74044e-07
3.31291 1.4382 0 360 4.67674e-07
3.31416 1.4382 0 360 4.61825e-07
3.31541 1.4382 0 360 4.56467e-07
3.31666 1.4382 0 360 4.51573e-07
3.31791 1.4382 0 360 4.47125e-07
3.31916 1.4382 0 360 4.4311e-07
3.32041 1.4382 0 360 4.39521e-07
3.32166 1.4382 0 360 4.36358e-07
3.32291 1.4382 0 360 4.33618e-07
3.32416 1.4382 0 360 4.31304e-07
3.32541 1.4382 0 360 4.29413e-07
3.32666 1.4382 0 360 4.27936e-07
3.32791 1.4382 0 360 4.26851e-07
3.32916 1.4382 0 360 4.26125e-07
3.33042 1.4382 0 360 4.25717e-07
3.33167 1.4382 0 360 4.25581e-07
3.33292 1.4382 0 360 4.25671e-07
3.33417 1.4382 0 360 4.2595e-07
3.33542 1.4382 0 360 4.26391e-07
3.33667 1.4382 0 360 4.26981e-07
3.33792 1.4382 0 360 4.27719e-07
3.33917 1.4382 0 360 4.28603e-07
3.34042 1.4382 0 360 4.29648e-07
3.34167 1.4382 0 360 4.30867e-07
3.34292 1.4382 0 360 4.32276e-07
3.34417 1.4382 0 360 4.33888e-07
3.34542 1.4382 0 360 4.35716e-07
3.34667 1.4382 0 360 4.37773e-07
3.34792 1.4382 0 360 4.4007e-07
3.34917 1.4382 0 360 4.42614e-07
3.35043 1.4382 0 360 4.45442e-07
3.35168 1.4382 0 360 4.48507e-07
3.35293 1.4382 0 360 4.51842e-07
3.35418 1.4382 0 360 4.55453e-07
3.35543 1.4382 0 360 4.59344e-07
3.35668 1.4382 0 360 4.63521e-07
3.35793 1.4382 0 360 4.67984e-07
3.35918 1.4382 0 360 4.72735e-07
3.36043 1.4382 0 360 4.77778e-07
3.36168 1.4382 0 360 4.83116e-07
3.36293 1.4382 0 360 4.88754e-07
3.36418 1.4382 0 360 4.94701e-07
3.36543 1.4382 0 360 5.00971e-07
3.36668 1.4382 0 360 5.07583e-07
3.36793 1.4382 0 360 5.14563e-07
3.36918 1.4382 0 360 5.21938e-07
3.37044 1.4382 0 360 5.29739e-07
3.37169 1.4382 0 360 5.38e-07
3.37294 1.4382 0 360 5.46752e-07
3.37419 1.4382 0 360 5.56022e-07
3.37544 1.4382 0 360 5.65832e-07
3.37669 1.4382 0 360 5.76196e-07
3.37794 1.4382 0 360 5.87114e-07
3.37919 1.4382 0 360 5.98573e-07
3.38044 1.4382 0 360 6.10541e-07
3.38169 1.4382 0 360 6.22965e-07
3.38294 1.4382 0 360 6.35766e-07
3.38419 1.4382 0 360 6.48848e-07
3.38544 1.4382 0 360 6.62092e-07
3.38669 1.4382 0 360 6.75372e-07
3.38794 1.4382 0 360 6.8857e-07
3.38919 1.4382 0 360 7.01584e-07
3.39045 1.4382 0 360 7.14355e-07
3.3917 1.4382 0 360 7.26871e-07
3.39295 1.4382 0 360 7.39181e-07
3.3942 1.4382 0 360 7.51392e-07
3.39545 1.4382 0 360 7.63653e-07
3.3967 1.4382 0 360 7.76143e-07
3.39795 1.4382 0 360 7.89055e-07
3.3992 1.4382 0 360 8.02582e-07
3.40045 1.4382 0 360 8.16904e-07
3.4017 1.4382 0 360 8.32184e-07
3.40295 1.4382 0 360 8.48565e-07
3.4042 1.4382 0 360 8.66173e-07
3.40545 1.4382 0 360 8.85121e-07
3.4067 1.4382 0 360 9.05509e-07
3.40795 1.4382 0 360 9.27435e-07
3.4092 1.4382 0 360 9.50991e-07
3.41046 1.4382 0 360 9.76273e-07
3.41171 1.4382 0 360 1.00338e-06
3.41296 1.4382 0 360 1.03243e-06
3.41421 1.4382 0 360 1.06352e-06
3.41546 1.4382 0 360 1.0968e-06
3.41671 1.4382 0 360 1.1324e-06
3.41796 1.4382 0 360 1.17048e-06
3.41921 1.4382 0 360 1.21123e-06
3.42046 1.4382 0 360 1.25483e-06
3.42171 1.4382 0 360 1.30149e-06
3.42296 1.4382 0 360 1.35147e-06
3.42421 1.4382 0 360 1.40503e-06
3.42546 1.4382 0 360 1.46246e-06
3.42671 1.4382 0 360 1.52408e-06
3.42796 1.4382 0 360 1.59026e-06
3.42921 1.4382 0 360 1.6614e-06
3.43047 1.4382 0 360 1.73793e-06
3.43172 1.4382 0 360 1.82032e-06
3.43297 1.4382 0 360 1.90912e-06
3.43422 1.4382 0 360 2.00488e-06
3.43547 1.4382 0 360 2.10822e-06
3.43672 1.4382 0 360 2.21982e-06
3.43797 1.4382 0 360 2.34038e-06
3.43922 1.4382 0 360 2.47065e-06
3.44047 1.4382 0 360 2.61141e-06
3.44172 1.4382 0 360 2.76345e-06
3.44297 1.4382 0 360 2.92756e-06
3.44422 1.4382 0 360 3.10453e-06
3.44547 1.4382 0 360 3.29508e-06
3.44672 1.4382 0 360 3.49987e-06
3.44797 1.4382 0 360 3.7195e-06
3.44922 1.4382 0 360 3.95457e-06
3.45048 1.4382 0 360 4.20558e-06
3.45173 1.4382 0 360 4.47312e-06
3.45298 1.4382 0 360 4.75788e-06
3.45423 1.4382 0 360 5.06079e-06
3.45548 1.4382 0 360 5.38304e-06
3.45673 1.4382 0 360 5.72612e-06
3.45798 1.4382 0 360 6.09168e-06
3.45923 1.4382 0 360 6.48136e-06
3.46048 1.4382 0 360 6.89636e-06
3.46173 1.4382 0 360 7.33703e-06
3.46298 1.4382 0 360 7.80228e-06
3.46423 1.4382 0 360 8.28892e-06
3.46548 1.4382 0 360 8.79111e-06
3.46673 1.4382 0 360 9.29974e-06
3.46798 1.4382 0 360 9.80219e-06
3.46923 1.4382 0 360 1.02822e-05
3.47049 1.4382 0 360 1.07207e-05
3.47174 1.4382 0 360 1.10966e-05
3.47299 1.4382 0 360 1.1389e-05
3.47424 1.4382 0 360 1.15794e-05
3.47549 1.4382 0 360 1.16545e-05
3.47674 1.4382 0 360 1.16077e-05
3.47799 1.4382 0 360 1.14403e-05
3.47924 1.4382 0 360 1.11617e-05
3.48049 1.4382 0 360 1.07875e-05
3.48174 1.4382 0 360 1.03374e-05
3.48299 1.4382 0 360 9.83282e-06
3.48424 1.4382 0 360 9.29456e-06
3.48549 1.4382 0 360 8.7412e-06
3.48674 1.4382 0 360 8.1882e-06
3.48799 1.4382 0 360 7.64755e-06
3.48924 1.4382 0 360 7.12789e-06
3.4905 1.4382 0 360 6.63499e-06
3.49175 1.4382 0 360 6.17219e-06
3.493 1.4382 0 360 5.74099e-06
3.49425 1.4382 0 360 5.34153e-06
3.4955 1.4382 0 360 4.97298e-06
3.49675 1.4382 0 360 4.63384e-06
3.498 1.4382 0 360 4.32224e-06
3.49925 1.4382 0 360 4.03608e-06
3.5005 1.4382 0 360 3.77316e-06
3.50175 1.4382 0 360 3.53129e-06
3.503 1.4382 0 360 3.30836e-06
3.50425 1.4382 0 360 3.1024e-06
3.5055 1.4382 0 360 2.91162e-06
3.50675 1.4382 0 360 2.73446e-06
3.508 1.4382 0 360 2.56969e-06
3.50925 1.4382 0 360 2.41632e-06
3.51051 1.4382 0 360 2.27373e-06
3.51176 1.4382 0 360 2.14157e-06
3.51301 1.4382 0 360 2.01968e-06
3.51426 1.4382 0 360 1.90804e-06
3.51551 1.4382 0 360 1.80656e-06
3.51676 1.4382 0 360 1.715e-06
3.51801 1.4382 0 360 1.63284e-06
3.51926 1.4382 0 360 1.55923e-06
3.52051 1.4382 0 360 1.49301e-06
3.52176 1.4382 0 360 1.43286e-06
3.52301 1.4382 0 360 1.37492e-06
3.52426 1.4382 0 360 1.32274e-06
3.52551 1.4382 0 360 1.27295e-06
3.52676 1.4382 0 360 1.22478e-06
3.52801 1.4382 0 360 1.1777e-06
3.52926 1.4382 0 360 1.13147e-06
3.53052 1.4382 0 360 1.08599e-06
3.53177 1.4382 0 360 1.04127e-06
3.53302 1.4382 0 360 9.97394e-07
3.53427 1.4382 0 360 9.54514e-07
3.53552 1.4382 0 360 9.12779e-07
3.53677 1.4382 0 360 8.72362e-07
3.53802 1.4382 0 360 8.3348e-07
3.53927 1.4382 0 360 7.96371e-07
3.54052 1.4382 0 360 7.61374e-07
3.54177 1.4382 0 360 7.2884e-07
3.54302 1.4382 0 360 6.99178e-07
3.54427 1.4382 0 360 6.72817e-07
3.54552 1.4382 0 360 6.50144e-07
3.54677 1.4382 0 360 6.3143e-07
3.54802 1.4382 0 360 6.16741e-07
3.54927 1.4382 0 360 6.05851e-07
3.55053 1.4382 0 360 5.98198e-07
3.55178 1.4382 0 360 5.92882e-07
3.55303 1.4382 0 360 5.88749e-07
3.55428 1.4382 0 360 5.84516e-07
3.55553 1.4382 0 360 5.78942e-07
3.55678 1.4382 0 360 5.70969e-07
3.55803 1.4382 0 360 5.59832e-07
3.55928 1.4382 0 360 5.45093e-07
3.56053 1.4382 0 360 5.26625e-07
3.56178 1.4382 0 360 5.04551e-07
3.56303 1.4382 0 360 4.79166e-07
3.56428 1.4382 0 360 4.50867e-07
3.56553 1.4382 0 360 4.20096e-07
3.56678 1.4382 0 360 3.87296e-07
3.56803 1.4382 0 360 3.52963e-07
3.56928 1.4382 0 360 3.17566e-07
3.57054 1.4382 0 360 2.81635e-07
3.57179 1.4382 0 360 2.45785e-07
3.57304 1.4382 0 360 2.10759e-07
3.57429 1.4382 0 360 1.77472e-07
3.57554 1.4382 0 360 1.47035e-07
3.57679 1.4382 0 360 1.2077e-07
3.57804 1.4382 0 360 1.00171e-07
3.57929 1.4382 0 360 8.67834e-08
3.58054 1.4382 0 360 8.2218e-08
3.58179 1.4382 0 360 8.76927e-08
3.58304 1.4382 0 360 1.03949e-07
3.58429 1.4382 0 360 1.30969e-07
3.58554 1.4382 0 360 1.67815e-07
3.58679 1.4382 0 360 2.12603e-07
3.58804 1.4382 0 360 2.62663e-07
3.58929 1.4382 0 360 3.14859e-07
3.59055 1.4382 0 360 3.66013e-07
3.5918 1.4382 0 360 4.13311e-07
3.59305 1.4382 0 360 4.54617e-07
3.5943 1.4382 0 360 4.88625e-07
3.59555 1.4382 0 360 5.14843e-07
3.5968 1.4382 0 360 5.33481e-07
3.59805 1.4382 0 360 5.45197e-07
3.5993 1.4382 0 360 5.50972e-07
3.60055 1.4382 0 360 5.5189e-07
3.6018 1.4382 0 360 5.49023e-07
3.60305 1.4382 0 360 5.43345e-07
3.6043 1.4382 0 360 5.35694e-07
3.60555 1.4382 0 360 5.26757e-07
3.6068 1.4382 0 360 5.17081e-07
3.60805 1.4382 0 360 5.07083e-07
3.6093 1.4382 0 360 4.97073e-07
3.61056 1.4382 0 360 4.87274e-07
3.61181 1.4382 0 360 4.7784e-07
3.61306 1.4382 0 360 4.68874e-07
3.61431 1.4382 0 360 4.60445e-07
3.61556 1.4382 0 360 4.52578e-07
3.61681 1.4382 0 360 4.45296e-07
3.61806 1.4382 0 360 4.38602e-07
3.61931 1.4382 0 360 4.32491e-07
3.62056 1.4382 0 360 4.26955e-07
3.62181 1.4382 0 360 4.2198e-07
3.62306 1.4382 0 360 4.17551e-07
3.62431 1.4382 0 360 4.13651e-07
3.62556 1.4382 0 360 4.1026e-07
3.62681 1.4382 0 360 4.07356e-07
3.62806 1.4382 0 360 4.0491e-07
3.62931 1.4382 0 360 4.02898e-07
3.63057 1.4382 0 360 4.01277e-07
3.63182 1.4382 0 360 4.0002e-07
3.63307 1.4382 0 360 3.99097e-07
3.63432 1.4382 0 360 3.98483e-07
3.63557 1.4382 0 360 3.98157e-07
3.63682 1.4382 0 360 3.9811e-07
3.63807 1.4382 0 360 3.98318e-07
3.63932 1.4382 0 360 3.98784e-07
3.64057 1.4382 0 360 3.99505e-07
3.64182 1.4382 0 360 4.00482e-07
3.64307 1.4382 0 360 4.01718e-07
3.64432 1.4382 0 360 4.03216e-07
3.64557 1.4382 0 360 4.04982e-07
3.64682 1.4382 0 360 4.0702e-07
3.64807 1.4382 0 360 4.09337e-07
3.64932 1.4382 0 360 4.1194e-07
3.65058 1.4382 0 360 4.14835e-07
3.65183 1.4382 0 360 4.18032e-07
3.65308 1.4382 0 360 4.2154e-07
3.65433 1.4382 0 360 4.25369e-07
3.65558 1.4382 0 360 4.29531e-07
3.65683 1.4382 0 360 4.34039e-07
3.65808 1.4382 0 360 4.38907e-07
3.65933 1.4382 0 360 4.44152e-07
3.66058 1.4382 0 360 4.49793e-07
3.66183 1.4382 0 360 4.55849e-07
3.66308 1.4382 0 360 4.62345e-07
3.66433 1.4382 0 360 4.69306e-07
3.66558 1.4382 0 360 4.7676e-07
3.66683 1.4382 0 360 4.8474e-07
3.66808 1.4382 0 360 4.93281e-07
3.66933 1.4382 0 360 5.02422e-07
3.67059 1.4382 0 360 5.12205e-07
3.67184 1.4382 0 360 5.22677e-07
3.67309 1.4382 0 360 5.33889e-07
3.67434 1.4382 0 360 5.45896e-07
3.67559 1.4382 0 360 5.58757e-07
3.67684 1.4382 0 360 5.72538e-07
3.67809 1.4382 0 360 5.87307e-07
3.67934 1.4382 0 360 6.03138e-07
3.68059 1.4382 0 360 6.20109e-07
3.68184 1.4382 0 360 6.383e-07
3.68309 1.4382 0 360 6.57791e-07
3.68434 1.4382 0 360 6.78664e-07
3.68559 1.4382 0 360 7.00994e-07
3.68684 1.4382 0 360 7.24845e-07
3.68809 1.4382 0 360 7.50271e-07
3.68934 1.4382 0 360 7.77295e-07
3.6906 1.4382 0 360 8.0591e-07
3.69185 1.4382 0 360 8.3606e-07
3.6931 1.4382 0 360 8.67631e-07
3.69435 1.4382 0 360 9.00433e-07
3.6956 1.4382 0 360 9.34189e-07
3.69685 1.4382 0 360 9.68525e-07
3.6981 1.4382 0 360 1.00297e-06
3.69935 1.4382 0 360 1.03697e-06
3.7006 1.4382 0 360 1.06991e-06
3.70185 1.4382 0 360 1.10115e-06
3.7031 1.4382 0 360 1.1301e-06
3.70435 1.4382 0 360 1.15628e-06
3.7056 1.4382 0 360 1.17938e-06
3.70685 1.4382 0 360 1.1993e-06
3.7081 1.4382 0 360 1.21621e-06
3.70935 1.4382 0 360 1.23047e-06
3.71061 1.4382 0 360 1.24268e-06
3.71186 1.4382 0 360 1.25356e-06
3.71311 1.4382 0 360 1.2639e-06
3.71436 1.4382 0 360 1.27451e-06
3.71561 1.4382 0 360 1.28617e-06
3.71686 1.4382 0 360 1.29956e-06
3.71811 1.4382 0 360 1.3153e-06
3.71936 1.4382 0 360 1.33389e-06
3.72061 1.4382 0 360 1.35574e-06
3.72186 1.4382 0 360 1.38118e-06
3.72311 1.4382 0 360 1.41044e-06
3.72436 1.4382 0 360 1.4437e-06
3.72561 1.4382 0 360 1.48105e-06
3.72686 1.4382 0 360 1.52253e-06
3.72811 1.4382 0 360 1.56812e-06
3.72936 1.4382 0 360 1.61774e-06
3.73062 1.4382 0 360 1.67125e-06
3.73187 1.4382 0 360 1.72844e-06
3.73312 1.4382 0 360 1.78906e-06
3.73437 1.4382 0 360 1.85276e-06
3.73562 1.4382 0 360 1.91915e-06
3.73687 1.4382 0 360 1.98773e-06
3.73812 1.4382 0 360 2.05798e-06
3.73937 1.4382 0 360 2.12929e-06
3.74062 1.4382 0 360 2.20109e-06
3.74187 1.4382 0 360 2.27283e-06
3.74312 1.4382 0 360 2.34414e-06
3.74437 1.4382 0 360 2.4148e-06
3.74562 1.4382 0 360 2.48498e-06
3.74687 1.4382 0 360 2.55507e-06
3.74812 1.4382 0 360 2.62583e-06
3.74937 1.4382 0 360 2.6983e-06
3.75063 1.4382 0 360 2.77372e-06
3.75188 1.4382 0 360 2.85345e-06
3.75313 1.4382 0 360 2.93884e-06
3.75438 1.4382 0 360 3.03112e-06
3.75563 1.4382 0 360 3.13143e-06
3.75688 1.4382 0 360 3.24055e-06
3.75813 1.4382 0 360 3.35898e-06
3.75938 1.4382 0 360 3.48686e-06
3.76063 1.4382 0 360 3.6239e-06
3.76188 1.4382 0 360 3.7694e-06
3.76313 1.4382 0 360 3.92219e-06
3.76438 1.4382 0 360 4.08072e-06
3.76563 1.4382 0 360 4.2431e-06
3.76688 1.4382 0 360 4.40725e-06
3.76813 1.4382 0 360 4.57102e-06
3.76938 1.4382 0 360 4.73237e-06
3.77064 1.4382 0 360 4.88994e-06
3.77189 1.4382 0 360 5.04274e-06
3.77314 1.4382 0 360 5.19054e-06
3.77439 1.4382 0 360 5.33382e-06
3.77564 1.4382 0 360 5.4737e-06
3.77689 1.4382 0 360 5.61167e-06
3.77814 1.4382 0 360 5.74926e-06
3.77939 1.4382 0 360 5.8877e-06
3.78064 1.4382 0 360 6.02747e-06
3.78189 1.4382 0 360 6.16799e-06
3.78314 1.4382 0 360 6.30728e-06
3.78439 1.4382 0 360 6.44187e-06
3.78564 1.4382 0 360 6.56672e-06
3.78689 1.4382 0 360 6.6755e-06
3.78814 1.4382 0 360 6.76096e-06
3.78939 1.4382 0 360 6.81563e-06
3.79065 1.4382 0 360 6.83261e-06
3.7919 1.4382 0 360 6.80644e-06
3.79315 1.4382 0 360 6.73389e-06
3.7944 1.4382 0 360 6.61439e-06
3.79565 1.4382 0 360 6.45019e-06
3.7969 1.4382 0 360 6.24614e-06
3.79815 1.4382 0 360 6.00873e-06
3.7994 1.4382 0 360 5.74586e-06
3.80065 1.4382 0 360 5.46567e-06
3.8019 1.4382 0 360 5.17592e-06
3.80315 1.4382 0 360 4.8835e-06
3.8044 1.4382 0 360 4.59418e-06
3.80565 1.4382 0 360 4.31246e-06
3.8069 1.4382 0 360 4.0416e-06
3.80815 1.4382 0 360 3.78383e-06
3.8094 1.4382 0 360 3.54043e-06
3.81066 1.4382 0 360 3.31196e-06
3.81191 1.4382 0 360 3.09847e-06
3.81316 1.4382 0 360 2.89958e-06
3.81441 1.4382 0 360 2.71469e-06
3.81566 1.4382 0 360 2.543e-06
3.81691 1.4382 0 360 2.38365e-06
3.81816 1.4382 0 360 2.23575e-06
3.81941 1.4382 0 360 2.09839e-06
3.82066 1.4382 0 360 1.97072e-06
3.82191 1.4382 0 360 1.8519e-06
3.82316 1.4382 0 360 1.74119e-06
3.82441 1.4382 0 360 1.63787e-06
3.82566 1.4382 0 360 1.54133e-06
3.82691 1.4382 0 360 1.45103e-06
3.82816 1.4382 0 360 1.36653e-06
3.82941 1.4382 0 360 1.28746e-06
3.83067 1.4382 0 360 1.21358e-06
3.83192 1.4382 0 360 1.14474e-06
3.83317 1.4382 0 360 1.08089e-06
3.83442 1.4382 0 360 1.02209e-06
3.83567 1.4382 0 360 9.68461e-07
3.83692 1.4382 0 360 9.20149e-07
3.83817 1.4382 0 360 8.77297e-07
3.83942 1.4382 0 360 8.39964e-07
3.84067 1.4382 0 360 8.08066e-07
3.84192 1.4382 0 360 7.81324e-07
3.84317 1.4382 0 360 7.59237e-07
3.84442 1.4382 0 360 7.41092e-07
3.84567 1.4382 0 360 7.26017e-07
3.84692 1.4382 0 360 7.13064e-07
3.84817 1.4382 0 360 7.01302e-07
3.84942 1.4382 0 360 6.89877e-07
3.85068 1.4382 0 360 6.78225e-07
3.85193 1.4382 0 360 6.65851e-07
3.85318 1.4382 0 360 6.52506e-07
3.85443 1.4382 0 360 6.38107e-07
3.85568 1.4382 0 360 6.22696e-07
3.85693 1.4382 0 360 6.06395e-07
3.85818 1.4382 0 360 5.89356e-07
3.85943 1.4382 0 360 5.71777e-07
3.86068 1.4382 0 360 5.53809e-07
3.86193 1.4382 0 360 5.35593e-07
3.86318 1.4382 0 360 5.1724e-07
3.86443 1.4382 0 360 4.98832e-07
3.86568 1.4382 0 360 4.80423e-07
3.86693 1.4382 0 360 4.62039e-07
3.86818 1.4382 0 360 4.43686e-07
3.86943 1.4382 0 360 4.25354e-07
3.87069 1.4382 0 360 4.07018e-07
3.87194 1.4382 0 360 3.88644e-07
3.87319 1.4382 0 360 3.70194e-07
3.87444 1.4382 0 360 3.51628e-07
3.87569 1.4382 0 360 3.32905e-07
3.87694 1.4382 0 360 3.14008e-07
3.87819 1.4382 0 360 2.94921e-07
3.87944 1.4382 0 360 2.75654e-07
3.88069 1.4382 0 360 2.56252e-07
3.88194 1.4382 0 360 2.36801e-07
3.88319 1.4382 0 360 2.17442e-07
3.88444 1.4382 0 360 1.98389e-07
3.88569 1.4382 0 360 1.7994e-07
3.88694 1.4382 0 360 1.62495e-07
3.88819 1.4382 0 360 1.46562e-07
3.88944 1.4382 0 360 1.32771e-07
3.8907 1.4382 0 360 1.21851e-07
3.89195 1.4382 0 360 1.14619e-07
3.8932 1.4382 0 360 1.11923e-07
3.89445 1.4382 0 360 1.14568e-07
3.8957 1.4382 0 360 1.23213e-07
3.89695 1.4382 0 360 1.38261e-07
3.8982 1.4382 0 360 1.59745e-07
3.89945 1.4382 0 360 1.87246e-07
3.9007 1.4382 0 360 2.1987e-07
3.90195 1.4382 0 360 2.5629e-07
3.9032 1.4382 0 360 2.94876e-07
3.90445 1.4382 0 360 3.33873e-07
3.9057 1.4382 0 360 3.71599e-07
3.90695 1.4382 0 360 4.06628e-07
3.9082 1.4382 0 360 4.37913e-07
3.90945 1.4382 0 360 4.64836e-07
3.91071 1.4382 0 360 4.87195e-07
3.91196 1.4382 0 360 5.05132e-07
3.91321 1.4382 0 360 5.19043e-07
3.91446 1.4382 0 360 5.32137e-07
3.91571 1.4382 0 360 5.40045e-07
3.91696 1.4382 0 360 5.45568e-07
3.91821 1.4382 0 360 5.49287e-07
3.91946 1.4382 0 360 5.51701e-07
3.92071 1.4382 0 360 5.53214e-07
3.92196 1.4382 0 360 5.54137e-07
3.92321 1.4382 0 360 5.54688e-07
3.92446 1.4382 0 360 5.55012e-07
3.92571 1.4382 0 360 5.5519e-07
3.92696 1.4382 0 360 5.55254e-07
3.92821 1.4382 0 360 5.5519e-07
3.92946 1.4382 0 360 5.54996e-07
3.93072 1.4382 0 360 5.54662e-07
3.93197 1.4382 0 360 5.54193e-07
3.93322 1.4382 0 360 5.53621e-07
3.93447 1.4382 0 360 5.53003e-07
3.93572 1.4382 0 360 5.52428e-07
3.93697 1.4382 0 360 5.52007e-07
3.93822 1.4382 0 360 5.51867e-07
3.93947 1.4382 0 360 5.52146e-07
3.94072 1.4382 0 360 5.52981e-07
3.94197 1.4382 0 360 5.54501e-07
3.94322 1.4382 0 360 5.56827e-07
3.94447 1.4382 0 360 5.60064e-07
3.94572 1.4382 0 360 5.64304e-07
3.94697 1.4382 0 360 5.69624e-07
3.94822 1.4382 0 360 5.76085e-07
3.94947 1.4382 0 360 5.83735e-07
3.95073 1.4382 0 360 5.92607e-07
3.95198 1.4382 0 360 6.02718e-07
3.95323 1.4382 0 360 6.1407e-07
3.95448 1.4382 0 360 6.26644e-07
3.95573 1.4382 0 360 6.40405e-07
3.95698 1.4382 0 360 6.55294e-07
3.95823 1.4382 0 360 6.71231e-07
3.95948 1.4382 0 360 6.88118e-07
3.96073 1.4382 0 360 7.05838e-07
3.96198 1.4382 0 360 7.24269e-07
3.96323 1.4382 0 360 7.43283e-07
3.96448 1.4382 0 360 7.62765e-07
3.96573 1.4382 0 360 7.82611e-07
3.96698 1.4382 0 360 8.02735e-07
3.96823 1.4382 0 360 8.23071e-07
3.96948 1.4382 0 360 8.43552e-07
3.97074 1.4382 0 360 8.64102e-07
3.97199 1.4382 0 360 8.84606e-07
3.97324 1.4382 0 360 9.0489e-07
3.97449 1.4382 0 360 9.24698e-07
3.97574 1.4382 0 360 9.43681e-07
3.97699 1.4382 0 360 9.61396e-07
3.97824 1.4382 0 360 9.77322e-07
3.97949 1.4382 0 360 9.90895e-07
3.98074 1.4382 0 360 1.00155e-06
3.98199 1.4382 0 360 1.00879e-06
3.98324 1.4382 0 360 1.01222e-06
3.98449 1.4382 0 360 1.01161e-06
3.98574 1.4382 0 360 1.00694e-06
3.98699 1.4382 0 360 9.98391e-07
3.98824 1.4382 0 360 9.8631e-07
3.98949 1.4382 0 360 9.71214e-07
3.99075 1.4382 0 360 9.5372e-07
3.992 1.4382 0 360 9.34491e-07
3.99325 1.4382 0 360 9.14195e-07
3.9945 1.4382 0 360 8.93458e-07
3.99575 1.4382 0 360 8.72835e-07
3.997 1.4382 0 360 8.52794e-07
3.99825 1.4382 0 360 8.33704e-07
3.9995 1.4382 0 360 8.15839e-07
4.00075 1.4382 0 360 7.99379e-07
4.002 1.4382 0 360 7.84426e-07
4.00325 1.4382 0 360 7.7102e-07
4.0045 1.4382 0 360 7.59152e-07
4.00575 1.4382 0 360 7.4878e-07
4.007 1.4382 0 360 7.39871e-07
4.00825 1.4382 0 360 7.32371e-07
4.0095 1.4382 0 360 7.26244e-07
4.01076 1.4382 0 360 7.21471e-07
4.01201 1.4382 0 360 7.18058e-07
4.01326 1.4382 0 360 7.16039e-07
4.01451 1.4382 0 360 7.15476e-07
4.01576 1.4382 0 360 7.16466e-07
4.01701 1.4382 0 360 7.1914e-07
4.01826 1.4382 0 360 7.23663e-07
4.01951 1.4382 0 360 7.30233e-07
4.02076 1.4382 0 360 7.39077e-07
4.02201 1.4382 0 360 7.50435e-07
4.02326 1.4382 0 360 7.64544e-07
4.02451 1.4382 0 360 7.81619e-07
4.02576 1.4382 0 360 8.01828e-07
4.02701 1.4382 0 360 8.25271e-07
4.02826 1.4382 0 360 8.51965e-07
4.02951 1.4382 0 360 8.81844e-07
4.03077 1.4382 0 360 9.14774e-07
4.03202 1.4382 0 360 9.50578e-07
4.03327 1.4382 0 360 9.89071e-07
4.03452 1.4382 0 360 1.0301e-06
4.03577 1.4382 0 360 1.07357e-06
4.03702 1.4382 0 360 1.11946e-06
4.03827 1.4382 0 360 1.16782e-06
4.03952 1.4382 0 360 1.21881e-06
4.04077 1.4382 0 360 1.2726e-06
4.04202 1.4382 0 360 1.32943e-06
4.04327 1.4382 0 360 1.38953e-06
4.04452 1.4382 0 360 1.45312e-06
4.04577 1.4382 0 360 1.52037e-06
4.04702 1.4382 0 360 1.59145e-06
4.04827 1.4382 0 360 1.66637e-06
4.04952 1.4382 0 360 1.74505e-06
4.05078 1.4382 0 360 1.82727e-06
4.05203 1.4382 0 360 1.91263e-06
4.05328 1.4382 0 360 2.00052e-06
4.05453 1.4382 0 360 2.09007e-06
4.05578 1.4382 0 360 2.1802e-06
4.05703 1.4382 0 360 2.26955e-06
4.05828 1.4382 0 360 2.35653e-06
4.05953 1.4382 0 360 2.43943e-06
4.06078 1.4382 0 360 2.51646e-06
4.06203 1.4382 0 360 2.58595e-06
4.06328 1.4382 0 360 2.64645e-06
4.06453 1.4382 0 360 2.69696e-06
4.06578 1.4382 0 360 2.73694e-06
4.06703 1.4382 0 360 2.76653e-06
4.06828 1.4382 0 360 2.7865e-06
4.06953 1.4382 0 360 2.79817e-06
4.07079 1.4382 0 360 2.80335e-06
4.07204 1.4382 0 360 2.80417e-06
4.07329 1.4382 0 360 2.8029e-06
4.07454 1.4382 0 360 2.80185e-06
4.07579 1.4382 0 360 2.80321e-06
4.07704 1.4382 0 360 2.80901e-06
4.07829 1.4382 0 360 2.82102e-06
4.07954 1.4382 0 360 2.84078e-06
4.08079 1.4382 0 360 2.86958e-06
4.08204 1.4382 0 360 2.90848e-06
4.08329 1.4382 0 360 2.95831e-06
4.08454 1.4382 0 360 3.01971e-06
4.08579 1.4382 0 360 3.09309e-06
4.08704 1.4382 0 360 3.17865e-06
4.08829 1.4382 0 360 3.27632e-06
4.08954 1.4382 0 360 3.38577e-06
4.0908 1.4382 0 360 3.50629e-06
4.09205 1.4382 0 360 3.63666e-06
4.0933 1.4382 0 360 3.77525e-06
4.09455 1.4382 0 360 3.91973e-06
4.0958 1.4382 0 360 4.06714e-06
4.09705 1.4382 0 360 4.21374e-06
4.0983 1.4382 0 360 4.35514e-06
4.09955 1.4382 0 360 4.48635e-06
4.1008 1.4382 0 360 4.60199e-06
4.10205 1.4382 0 360 4.69664e-06
4.1033 1.4382 0 360 4.76525e-06
4.10455 1.4382 0 360 4.80357e-06
4.1058 1.4382 0 360 4.80862e-06
4.10705 1.4382 0 360 4.77899e-06
4.1083 1.4382 0 360 4.715e-06
4.10955 1.4382 0 360 4.61866e-06
4.11081 1.4382 0 360 4.49346e-06
4.11206 1.4382 0 360 4.34392e-06
4.11331 1.4382 0 360 4.17518e-06
4.11456 1.4382 0 360 3.99254e-06
4.11581 1.4382 0 360 3.80109e-06
4.11706 1.4382 0 360 3.60541e-06
4.11831 1.4382 0 360 3.40945e-06
4.11956 1.4382 0 360 3.21635e-06
4.12081 1.4382 0 360 3.02863e-06
4.12206 1.4382 0 360 2.84814e-06
4.12331 1.4382 0 360 2.67617e-06
4.12456 1.4382 0 360 2.51357e-06
4.12581 1.4382 0 360 2.36083e-06
4.12706 1.4382 0 360 2.2182e-06
4.12831 1.4382 0 360 2.08576e-06
4.12956 1.4382 0 360 1.96344e-06
4.13082 1.4382 0 360 1.85109e-06
4.13207 1.4382 0 360 1.74848e-06
4.13332 1.4382 0 360 1.6553e-06
4.13457 1.4382 0 360 1.57117e-06
4.13582 1.4382 0 360 1.49557e-06
4.13707 1.4382 0 360 1.42789e-06
4.13832 1.4382 0 360 1.36737e-06
4.13957 1.4382 0 360 1.31315e-06
4.14082 1.4382 0 360 1.26429e-06
4.14207 1.4382 0 360 1.21985e-06
4.14332 1.4382 0 360 1.1789e-06
4.14457 1.4382 0 360 1.14063e-06
4.14582 1.4382 0 360 1.10433e-06
4.14707 1.4382 0 360 1.0695e-06
4.14832 1.4382 0 360 1.03575e-06
4.14957 1.4382 0 360 1.00286e-06
4.15083 1.4382 0 360 9.70733e-07
4.15208 1.4382 0 360 9.39344e-07
4.15333 1.4382 0 360 9.08728e-07
4.15458 1.4382 0 360 8.78948e-07
4.15583 1.4382 0 360 8.50074e-07
4.15708 1.4382 0 360 8.2217e-07
4.15833 1.4382 0 360 7.95275e-07
4.15958 1.4382 0 360 7.6941e-07
4.16083 1.4382 0 360 7.4457e-07
4.16208 1.4382 0 360 7.20729e-07
4.16333 1.4382 0 360 6.97841e-07
4.16458 1.4382 0 360 6.75844e-07
4.16583 1.4382 0 360 6.54668e-07
4.16708 1.4382 0 360 6.3424e-07
4.16833 1.4382 0 360 6.14486e-07
4.16958 1.4382 0 360 5.95341e-07
4.17084 1.4382 0 360 5.76747e-07
4.17209 1.4382 0 360 5.58657e-07
4.17334 1.4382 0 360 5.41034e-07
4.17459 1.4382 0 360 5.23851e-07
4.17584 1.4382 0 360 5.07085e-07
4.17709 1.4382 0 360 4.9072e-07
4.17834 1.4382 0 360 4.74739e-07
4.17959 1.4382 0 360 4.59124e-07
4.18084 1.4382 0 360 4.43858e-07
4.18209 1.4382 0 360 4.28919e-07
4.18334 1.4382 0 360 4.14285e-07
4.18459 1.4382 0 360 3.99933e-07
4.18584 1.4382 0 360 3.85832e-07
4.18709 1.4382 0 360 3.71977e-07
4.18834 1.4382 0 360 3.58347e-07
4.18959 1.4382 0 360 3.44938e-07
4.19085 1.4382 0 360 3.31758e-07
4.1921 1.4382 0 360 3.18831e-07
4.19335 1.4382 0 360 3.06208e-07
4.1946 1.4382 0 360 2.93966e-07
4.19585 1.4382 0 360 2.8222e-07
4.1971 1.4382 0 360 2.7113e-07
4.19835 1.4382 0 360 2.60908e-07
4.1996 1.4382 0 360 2.51823e-07
4.20085 1.4382 0 360 2.44211e-07
4.2021 1.4382 0 360 2.38442e-07
4.20335 1.4382 0 360 2.35037e-07
4.2046 1.4382 0 360 2.34481e-07
4.20585 1.4382 0 360 2.37313e-07
4.2071 1.4382 0 360 2.44074e-07
4.20835 1.4382 0 360 2.55254e-07
4.2096 1.4382 0 360 2.71243e-07
4.21086 1.4382 0 360 2.92273e-07
4.21211 1.4382 0 360 3.1836e-07
4.21336 1.4382 0 360 3.49262e-07
4.21461 1.4382 0 360 3.84459e-07
4.21586 1.4382 0 360 4.23165e-07
4.21711 1.4382 0 360 4.6437e-07
4.21836 1.4382 0 360 5.0692e-07
4.21961 1.4382 0 360 5.49608e-07
4.22086 1.4382 0 360 5.91269e-07
4.22211 1.4382 0 360 6.3086e-07
4.22336 1.4382 0 360 6.67515e-07
4.22461 1.4382 0 360 7.0056e-07
4.22586 1.4382 0 360 7.29516e-07
4.22711 1.4382 0 360 7.54069e-07
4.22836 1.4382 0 360 7.74043e-07
4.22961 1.4382 0 360 7.89374e-07
4.23087 1.4382 0 360 8.00092e-07
4.23212 1.4382 0 360 8.06313e-07
4.23337 1.4382 0 360 8.08235e-07
4.23462 1.4382 0 360 8.06142e-07
4.23587 1.4382 0 360 8.004e-07
4.23712 1.4382 0 360 7.91447e-07
4.23837 1.4382 0 360 7.79776e-07
4.23962 1.4382 0 360 7.65916e-07
4.24087 1.4382 0 360 7.50403e-07
4.24212 1.4382 0 360 7.33759e-07
4.24337 1.4382 0 360 7.1647e-07
4.24462 1.4382 0 360 6.9897e-07
4.24587 1.4382 0 360 6.81635e-07
4.24712 1.4382 0 360 6.64775e-07
4.24837 1.4382 0 360 6.4864e-07
4.24962 1.4382 0 360 6.33424e-07
4.25088 1.4382 0 360 6.19266e-07
4.25213 1.4382 0 360 6.06267e-07
4.25338 1.4382 0 360 5.94482e-07
4.25463 1.4382 0 360 5.83956e-07
4.25588 1.4382 0 360 5.74691e-07
4.25713 1.4382 0 360 5.66676e-07
4.25838 1.4382 0 360 5.59883e-07
4.25963 1.4382 0 360 5.54269e-07
4.26088 1.4382 0 360 5.49777e-07
4.26213 1.4382 0 360 5.46333e-07
4.26338 1.4382 0 360 5.43853e-07
4.26463 1.4382 0 360 5.42231e-07
4.26588 1.4382 0 360 5.41345e-07
4.26713 1.4382 0 360 5.4106e-07
4.26838 1.4382 0 360 5.41218e-07
4.26963 1.4382 0 360 5.41647e-07
4.27089 1.4382 0 360 5.42164e-07
4.27214 1.4382 0 360 5.42581e-07
4.27339 1.4382 0 360 5.42718e-07
4.27464 1.4382 0 360 5.42409e-07
4.27589 1.4382 0 360 5.41517e-07
4.27714 1.4382 0 360 5.39944e-07
4.27839 1.4382 0 360 5.37639e-07
4.27964 1.4382 0 360 5.34604e-07
4.28089 1.4382 0 360 5.30896e-07
4.28214 1.4382 0 360 5.26622e-07
4.28339 1.4382 0 360 5.21931e-07
4.28464 1.4382 0 360 5.17009e-07
4.28589 1.4382 0 360 5.12066e-07
4.28714 1.4382 0 360 5.07323e-07
4.28839 1.4382 0 360 5.03001e-07
4.28964 1.4382 0 360 4.99306e-07
4.2909 1.4382 0 360 4.96413e-07
4.29215 1.4382 0 360 4.94456e-07
4.2934 1.4382 0 360 4.93511e-07
4.29465 1.4382 0 360 4.93594e-07
4.2959 1.4382 0 360 4.94657e-07
4.29715 1.4382 0 360 4.96597e-07
4.2984 1.4382 0 360 4.99274e-07
4.29965 1.4382 0 360 5.02528e-07
4.3009 1.4382 0 360 5.06204e-07
4.30215 1.4382 0 360 5.10169e-07
4.3034 1.4382 0 360 5.14326e-07
4.30465 1.4382 0 360 5.18619e-07
4.3059 1.4382 0 360 5.23035e-07
4.30715 1.4382 0 360 5.27598e-07
4.3084 1.4382 0 360 5.32356e-07
4.30965 1.4382 0 360 5.3738e-07
4.31091 1.4382 0 360 5.42751e-07
4.31216 1.4382 0 360 5.48557e-07
4.31341 1.4382 0 360 5.54883e-07
4.31466 1.4382 0 360 5.61813e-07
4.31591 1.4382 0 360 5.69426e-07
4.31716 1.4382 0 360 5.77797e-07
4.31841 1.4382 0 360 5.86995e-07
4.31966 1.4382 0 360 5.97086e-07
4.32091 1.4382 0 360 6.08135e-07
4.32216 1.4382 0 360 6.20206e-07
4.32341 1.4382 0 360 6.33363e-07
4.32466 1.4382 0 360 6.47676e-07
4.32591 1.4382 0 360 6.63213e-07
4.32716 1.4382 0 360 6.80051e-07
4.32841 1.4382 0 360 6.9827e-07
4.32966 1.4382 0 360 7.17955e-07
4.33092 1.4382 0 360 7.39197e-07
4.33217 1.4382 0 360 7.62086e-07
4.33342 1.4382 0 360 7.8673e-07
4.33467 1.4382 0 360 8.13222e-07
4.33592 1.4382 0 360 8.41664e-07
4.33717 1.4382 0 360 8.72151e-07
4.33842 1.4382 0 360 9.04774e-07
4.33967 1.4382 0 360 9.39609e-07
4.34092 1.4382 0 360 9.76728e-07
4.34217 1.4382 0 360 1.01617e-06
4.34342 1.4382 0 360 1.05795e-06
4.34467 1.4382 0 360 1.10204e-06
4.34592 1.4382 0 360 1.14838e-06
4.34717 1.4382 0 360 1.19686e-06
4.34842 1.4382 0 360 1.24729e-06
4.34967 1.4382 0 360 1.29943e-06
4.35093 1.4382 0 360 1.35298e-06
4.35218 1.4382 0 360 1.40756e-06
4.35343 1.4382 0 360 1.46271e-06
4.35468 1.4382 0 360 1.51791e-06
4.35593 1.4382 0 360 1.57256e-06
4.35718 1.4382 0 360 1.62601e-06
4.35843 1.4382 0 360 1.67755e-06
4.35968 1.4382 0 360 1.72641e-06
4.36093 1.4382 0 360 1.7718e-06
4.36218 1.4382 0 360 1.81291e-06
4.36343 1.4382 0 360 1.84897e-06
4.36468 1.4382 0 360 1.87929e-06
4.36593 1.4382 0 360 1.90328e-06
4.36718 1.4382 0 360 1.9206e-06
4.36843 1.4382 0 360 1.93119e-06
4.36968 1.4382 0 360 1.93502e-06
4.37094 1.4382 0 360 1.9326e-06
4.37219 1.4382 0 360 1.92461e-06
4.37344 1.4382 0 360 1.91197e-06
4.37469 1.4382 0 360 1.89576e-06
4.37594 1.4382 0 360 1.87713e-06
4.37719 1.4382 0 360 1.85729e-06
4.37844 1.4382 0 360 1.83739e-06
4.37969 1.4382 0 360 1.81853e-06
4.38094 1.4382 0 360 1.80168e-06
4.38219 1.4382 0 360 1.78771e-06
4.38344 1.4382 0 360 1.77735e-06
4.38469 1.4382 0 360 1.77124e-06
4.38594 1.4382 0 360 1.76989e-06
4.38719 1.4382 0 360 1.77375e-06
4.38844 1.4382 0 360 1.78316e-06
4.38969 1.4382 0 360 1.79844e-06
4.39095 1.4382 0 360 1.81984e-06
4.3922 1.4382 0 360 1.84758e-06
4.39345 1.4382 0 360 1.88185e-06
4.3947 1.4382 0 360 1.92278e-06
4.39595 1.4382 0 360 1.97051e-06
4.3972 1.4382 0 360 2.0251e-06
4.39845 1.4382 0 360 2.08655e-06
4.3997 1.4382 0 360 2.1548e-06
4.40095 1.4382 0 360 2.22967e-06
4.4022 1.4382 0 360 2.31087e-06
4.40345 1.4382 0 360 2.39731e-06
4.4047 1.4382 0 360 2.48975e-06
4.40595 1.4382 0 360 2.58655e-06
4.4072 1.4382 0 360 2.68653e-06
4.40845 1.4382 0 360 2.78826e-06
4.4097 1.4382 0 360 2.88999e-06
4.41096 1.4382 0 360 2.98971e-06
4.41221 1.4382 0 360 3.08513e-06
4.41346 1.4382 0 360 3.17382e-06
4.41471 1.4382 0 360 3.25322e-06
4.41596 1.4382 0 360 3.32083e-06
4.41721 1.4382 0 360 3.37427e-06
4.41846 1.4382 0 360 3.41149e-06
4.41971 1.4382 0 360 3.43081e-06
4.42096 1.4382 0 360 3.43108e-06
4.42221 1.4382 0 360 3.4118e-06
4.42346 1.4382 0 360 3.3731e-06
4.42471 1.4382 0 360 3.31579e-06
4.42596 1.4382 0 360 3.2413e-06
4.42721 1.4382 0 360 3.15161e-06
4.42846 1.4382 0 360 3.0491e-06
4.42971 1.4382 0 360 2.93642e-06
4.43097 1.4382 0 360 2.81633e-06
4.43222 1.4382 0 360 2.69158e-06
4.43347 1.4382 0 360 2.56472e-06
4.43472 1.4382 0 360 2.43809e-06
4.43597 1.4382 0 360 2.31368e-06
4.43722 1.4382 0 360 2.19315e-06
4.43847 1.4382 0 360 2.07776e-06
4.43972 1.4382 0 360 1.96845e-06
4.44097 1.4382 0 360 1.86577e-06
4.44222 1.4382 0 360 1.76997e-06
4.44347 1.4382 0 360 1.68104e-06
4.44472 1.4382 0 360 1.59873e-06
4.44597 1.4382 0 360 1.52264e-06
4.44722 1.4382 0 360 1.45227e-06
4.44847 1.4382 0 360 1.38707e-06
4.44972 1.4382 0 360 1.32648e-06
4.45098 1.4382 0 360 1.27001e-06
4.45223 1.4382 0 360 1.21721e-06
4.45348 1.4382 0 360 1.1677e-06
4.45473 1.4382 0 360 1.12119e-06
4.45598 1.4382 0 360 1.07744e-06
4.45723 1.4382 0 360 1.03628e-06
4.45848 1.4382 0 360 9.97566e-07
4.45973 1.4382 0 360 9.61186e-07
4.46098 1.4382 0 360 9.27053e-07
4.46223 1.4382 0 360 8.95088e-07
4.46348 1.4382 0 360 8.65225e-07
4.46473 1.4382 0 360 8.37396e-07
4.46598 1.4382 0 360 8.11535e-07
4.46723 1.4382 0 360 7.87584e-07
4.46848 1.4382 0 360 7.65481e-07
4.46973 1.4382 0 360 7.45166e-07
4.47099 1.4382 0 360 7.26583e-07
4.47224 1.4382 0 360 7.09676e-07
4.47349 1.4382 0 360 6.94395e-07
4.47474 1.4382 0 360 6.8069e-07
4.47599 1.4382 0 360 6.68515e-07
4.47724 1.4382 0 360 6.57826e-07
4.47849 1.4382 0 360 6.48578e-07
4.47974 1.4382 0 360 6.40728e-07
4.48099 1.4382 0 360 6.3423e-07
4.48224 1.4382 0 360 6.29036e-07
4.48349 1.4382 0 360 6.25088e-07
4.48474 1.4382 0 360 6.22319e-07
4.48599 1.4382 0 360 6.20654e-07
4.48724 1.4382 0 360 6.19984e-07
4.48849 1.4382 0 360 6.20192e-07
4.48974 1.4382 0 360 6.21127e-07
4.491 1.4382 0 360 6.2261e-07
4.49225 1.4382 0 360 6.24425e-07
4.4935 1.4382 0 360 6.26321e-07
4.49475 1.4382 0 360 6.28013e-07
4.496 1.4382 0 360 6.29186e-07
4.49725 1.4382 0 360 6.29509e-07
4.4985 1.4382 0 360 6.28642e-07
4.49975 1.4382 0 360 6.26261e-07
4.501 1.4382 0 360 6.22076e-07
4.50225 1.4382 0 360 6.1585e-07
4.5035 1.4382 0 360 6.07422e-07
4.50475 1.4382 0 360 5.96721e-07
4.506 1.4382 0 360 5.83774e-07
4.50725 1.4382 0 360 5.68706e-07
4.5085 1.4382 0 360 5.51736e-07
4.50975 1.4382 0 360 5.33162e-07
4.51101 1.4382 0 360 5.13347e-07
4.51226 1.4382 0 360 4.92699e-07
4.51351 1.4382 0 360 4.71661e-07
4.51476 1.4382 0 360 4.50693e-07
4.51601 1.4382 0 360 4.30262e-07
4.51726 1.4382 0 360 4.10835e-07
4.51851 1.4382 0 360 3.92866e-07
4.51976 1.4382 0 360 3.76758e-07
4.52101 1.4382 0 360 3.62979e-07
4.52226 1.4382 0 360 3.51851e-07
4.52351 1.4382 0 360 3.43658e-07
4.52476 1.4382 0 360 3.38592e-07
4.52601 1.4382 0 360 3.36721e-07
4.52726 1.4382 0 360 3.37972e-07
4.52851 1.4382 0 360 3.42117e-07
4.52976 1.4382 0 360 3.48776e-07
4.53102 1.4382 0 360 3.5743e-07
4.53227 1.4382 0 360 3.67459e-07
4.53352 1.4382 0 360 3.78189e-07
4.53477 1.4382 0 360 3.88947e-07
4.53602 1.4382 0 360 3.99116e-07
4.53727 1.4382 0 360 4.08178e-07
4.53852 1.4382 0 360 4.15749e-07
4.53977 1.4382 0 360 4.21587e-07
4.54102 1.4382 0 360 4.25593e-07
4.54227 1.4382 0 360 4.27787e-07
4.54352 1.4382 0 360 4.28292e-07
4.54477 1.4382 0 360 4.27299e-07
4.54602 1.4382 0 360 4.25044e-07
4.54727 1.4382 0 360 4.21787e-07
4.54852 1.4382 0 360 4.17792e-07
4.54977 1.4382 0 360 4.13318e-07
4.55103 1.4382 0 360 4.0861e-07
4.55228 1.4382 0 360 4.03895e-07
4.55353 1.4382 0 360 3.99384e-07
4.55478 1.4382 0 360 3.95267e-07
4.55603 1.4382 0 360 3.91713e-07
4.55728 1.4382 0 360 3.88868e-07
4.55853 1.4382 0 360 3.8685e-07
4.55978 1.4382 0 360 3.85745e-07
4.56103 1.4382 0 360 3.85598e-07
4.56228 1.4382 0 360 3.86413e-07
4.56353 1.4382 0 360 3.88146e-07
4.56478 1.4382 0 360 3.90712e-07
4.56603 1.4382 0 360 3.93988e-07
4.56728 1.4382 0 360 3.97829e-07
4.56853 1.4382 0 360 4.02078e-07
4.56978 1.4382 0 360 4.0656e-07
4.57104 1.4382 0 360 4.11192e-07
4.57229 1.4382 0 360 4.15837e-07
4.57354 1.4382 0 360 4.20416e-07
4.57479 1.4382 0 360 4.24877e-07
4.57604 1.4382 0 360 4.29194e-07
4.57729 1.4382 0 360 4.33354e-07
4.57854 1.4382 0 360 4.37358e-07
4.57979 1.4382 0 360 4.41204e-07
4.58104 1.4382 0 360 4.44889e-07
4.58229 1.4382 0 360 4.48401e-07
4.58354 1.4382 0 360 4.51721e-07
4.58479 1.4382 0 360 4.54819e-07
4.58604 1.4382 0 360 4.57662e-07
4.58729 1.4382 0 360 4.60214e-07
4.58854 1.4382 0 360 4.62444e-07
4.58979 1.4382 0 360 4.64327e-07
4.59105 1.4382 0 360 4.65849e-07
4.5923 1.4382 0 360 4.67009e-07
4.59355 1.4382 0 360 4.67818e-07
4.5948 1.4382 0 360 4.68304e-07
4.59605 1.4382 0 360 4.68501e-07
4.5973 1.4382 0 360 4.68457e-07
4.59855 1.4382 0 360 4.68223e-07
4.5998 1.4382 0 360 4.67856e-07
4.60105 1.4382 0 360 4.67415e-07
4.6023 1.4382 0 360 4.66962e-07
4.60355 1.4382 0 360 4.66562e-07
4.6048 1.4382 0 360 4.66278e-07
4.60605 1.4382 0 360 4.66177e-07
4.6073 1.4382 0 360 4.66325e-07
4.60855 1.4382 0 360 4.66786e-07
4.6098 1.4382 0 360 4.67626e-07
4.61106 1.4382 0 360 4.68906e-07
4.61231 1.4382 0 360 4.70684e-07
4.61356 1.4382 0 360 4.73017e-07
4.61481 1.4382 0 360 4.75957e-07
4.61606 1.4382 0 360 4.79554e-07
4.61731 1.4382 0 360 4.83855e-07
4.61856 1.4382 0 360 4.88904e-07
4.61981 1.4382 0 360 4.94745e-07
4.62106 1.4382 0 360 5.0142e-07
4.62231 1.4382 0 360 5.08971e-07
4.62356 1.4382 0 360 5.1744e-07
4.62481 1.4382 0 360 5.26866e-07
4.62606 1.4382 0 360 5.37291e-07
4.62731 1.4382 0 360 5.48755e-07
4.62856 1.4382 0 360 5.61297e-07
4.62981 1.4382 0 360 5.74956e-07
4.63107 1.4382 0 360 5.89773e-07
4.63232 1.4382 0 360 6.05788e-07
4.63357 1.4382 0 360 6.23045e-07
4.63482 1.4382 0 360 6.41591e-07
4.63607 1.4382 0 360 6.61475e-07
4.63732 1.4382 0 360 6.82753e-07
4.63857 1.4382 0 360 7.0548e-07
4.63982 1.4382 0 360 7.29718e-07
4.64107 1.4382 0 360 7.55521e-07
4.64232 1.4382 0 360 7.8294e-07
4.64357 1.4382 0 360 8.12014e-07
4.64482 1.4382 0 360 8.42764e-07
4.64607 1.4382 0 360 8.75184e-07
4.64732 1.4382 0 360 9.09233e-07
4.64857 1.4382 0 360 9.44826e-07
4.64982 1.4382 0 360 9.81823e-07
4.65108 1.4382 0 360 1.02002e-06
4.65233 1.4382 0 360 1.05912e-06
4.65358 1.4382 0 360 1.09878e-06
4.65483 1.4382 0 360 1.13852e-06
4.65608 1.4382 0 360 1.17779e-06
4.65733 1.4382 0 360 1.21596e-06
4.65858 1.4382 0 360 1.25233e-06
4.65983 1.4382 0 360 1.28612e-06
4.66108 1.4382 0 360 1.31656e-06
4.66233 1.4382 0 360 1.34293e-06
4.66358 1.4382 0 360 1.36458e-06
4.66483 1.4382 0 360 1.38092e-06
4.66608 1.4382 0 360 1.39161e-06
4.66733 1.4382 0 360 1.39651e-06
4.66858 1.4382 0 360 1.39566e-06
4.66983 1.4382 0 360 1.38935e-06
4.67109 1.4382 0 360 1.37805e-06
4.67234 1.4382 0 360 1.36241e-06
4.67359 1.4382 0 360 1.34316e-06
4.67484 1.4382 0 360 1.32112e-06
4.67609 1.4382 0 360 1.29711e-06
4.67734 1.4382 0 360 1.27193e-06
4.67859 1.4382 0 360 1.24632e-06
4.67984 1.4382 0 360 1.22096e-06
4.68109 1.4382 0 360 1.1964e-06
4.68234 1.4382 0 360 1.17315e-06
4.68359 1.4382 0 360 1.1516e-06
4.68484 1.4382 0 360 1.13207e-06
4.68609 1.4382 0 360 1.1148e-06
4.68734 1.4382 0 360 1.1e-06
4.68859 1.4382 0 360 1.08781e-06
4.68984 1.4382 0 360 1.07839e-06
4.6911 1.4382 0 360 1.0717e-06
4.69235 1.4382 0 360 1.06786e-06
