2.5 1.4382 0 430 1.46997e-06
2.50125 1.4382 0 430 1.43043e-06
2.5025 1.4382 0 430 1.39707e-06
2.50375 1.4382 0 430 1.36931e-06
2.505 1.4382 0 430 1.34666e-06
2.50625 1.4382 0 430 1.32868e-06
2.5075 1.4382 0 430 1.31505e-06
2.50875 1.4382 0 430 1.30549e-06
2.51001 1.4382 0 430 1.29977e-06
2.51126 1.4382 0 430 1.29772e-06
2.51251 1.4382 0 430 1.29923e-06
2.51376 1.4382 0 430 1.30417e-06
2.51501 1.4382 0 430 1.31253e-06
2.51626 1.4382 0 430 1.3243e-06
2.51751 1.4382 0 430 1.33948e-06
2.51876 1.4382 0 430 1.35818e-06
2.52001 1.4382 0 430 1.38048e-06
2.52126 1.4382 0 430 1.40656e-06
2.52251 1.4382 0 430 1.43666e-06
2.52376 1.4382 0 430 1.47106e-06
2.52501 1.4382 0 430 1.51034e-06
2.52626 1.4382 0 430 1.55485e-06
2.52751 1.4382 0 430 1.60551e-06
2.52876 1.4382 0 430 1.66342e-06
2.53002 1.4382 0 430 1.73014e-06
2.53127 1.4382 0 430 1.80759e-06
2.53252 1.4382 0 430 1.89889e-06
2.53377 1.4382 0 430 2.00742e-06
2.53502 1.4382 0 430 2.13729e-06
2.53627 1.4382 0 430 2.29263e-06
2.53752 1.4382 0 430 2.47664e-06
2.53877 1.4382 0 430 2.69003e-06
2.54002 1.4382 0 430 2.92957e-06
2.54127 1.4382 0 430 3.18705e-06
2.54252 1.4382 0 430 3.44991e-06
2.54377 1.4382 0 430 3.70267e-06
2.54502 1.4382 0 430 3.9297e-06
2.54627 1.4382 0 430 4.11792e-06
2.54752 1.4382 0 430 4.25823e-06
2.54877 1.4382 0 430 4.34672e-06
2.55003 1.4382 0 430 4.38474e-06
2.55128 1.4382 0 430 4.37829e-06
2.55253 1.4382 0 430 4.33683e-06
2.55378 1.4382 0 430 4.27175e-06
2.55503 1.4382 0 430 4.19469e-06
2.55628 1.4382 0 430 4.11638e-06
2.55753 1.4382 0 430 4.04581e-06
2.55878 1.4382 0 430 3.98993e-06
2.56003 1.4382 0 430 3.95376e-06
2.56128 1.4382 0 430 3.94073e-06
2.56253 1.4382 0 430 3.95312e-06
2.56378 1.4382 0 430 3.99243e-06
2.56503 1.4382 0 430 4.05979e-06
2.56628 1.4382 0 430 4.15629e-06
2.56753 1.4382 0 430 4.28309e-06
2.56878 1.4382 0 430 4.44175e-06
2.57004 1.4382 0 430 4.63432e-06
2.57129 1.4382 0 430 4.86351e-06
2.57254 1.4382 0 430 5.13275e-06
2.57379 1.4382 0 430 5.44623e-06
2.57504 1.4382 0 430 5.80889e-06
2.57629 1.4382 0 430 6.22643e-06
2.57754 1.4382 0 430 6.7051e-06
2.57879 1.4382 0 430 7.25188e-06
2.58004 1.4382 0 430 7.87337e-06
2.58129 1.4382 0 430 8.57631e-06
2.58254 1.4382 0 430 9.36595e-06
2.58379 1.4382 0 430 1.02448e-05
2.58504 1.4382 0 430 1.12106e-05
2.58629 1.4382 0 430 1.22536e-05
2.58754 1.4382 0 430 1.33528e-05
2.58879 1.4382 0 430 1.44728e-05
2.59005 1.4382 0 430 1.55615e-05
2.5913 1.4382 0 430 1.65506e-05
2.59255 1.4382 0 430 1.7361e-05
2.5938 1.4382 0 430 1.79149e-05
2.59505 1.4382 0 430 1.81511e-05
2.5963 1.4382 0 430 1.80402e-05
2.59755 1.4382 0 430 1.75928e-05
2.5988 1.4382 0 430 1.68562e-05
2.60005 1.4382 0 430 1.59027e-05
2.6013 1.4382 0 430 1.48127e-05
2.60255 1.4382 0 430 1.36608e-05
2.6038 1.4382 0 430 1.25076e-05
2.60505 1.4382 0 430 1.13961e-05
2.6063 1.4382 0 430 1.03536e-05
2.60755 1.4382 0 430 9.39426e-06
2.6088 1.4382 0 430 8.52316e-06
2.61006 1.4382 0 430 7.75333e-06
2.61131 1.4382 0 430 7.04952e-06
2.61256 1.4382 0 430 6.42222e-06
2.61381 1.4382 0 430 5.86436e-06
2.61506 1.4382 0 430 5.36898e-06
2.61631 1.4382 0 430 4.92961e-06
2.61756 1.4382 0 430 4.54048e-06
2.61881 1.4382 0 430 4.19639e-06
2.62006 1.4382 0 430 3.89259e-06
2.62131 1.4382 0 430 3.62446e-06
2.62256 1.4382 0 430 3.38745e-06
2.62381 1.4382 0 430 3.17706e-06
2.62506 1.4382 0 430 2.98904e-06
2.62631 1.4382 0 430 2.81967e-06
2.62756 1.4382 0 430 2.66588e-06
2.62881 1.4382 0 430 2.52537e-06
2.63007 1.4382 0 430 2.39642e-06
2.63132 1.4382 0 430 2.2778e-06
2.63257 1.4382 0 430 2.16856e-06
2.63382 1.4382 0 430 2.06794e-06
2.63507 1.4382 0 430 1.97527e-06
2.63632 1.4382 0 430 1.88993e-06
2.63757 1.4382 0 430 1.81136e-06
2.63882 1.4382 0 430 1.73902e-06
2.64007 1.4382 0 430 1.6724e-06
2.64132 1.4382 0 430 1.61105e-06
2.64257 1.4382 0 430 1.5545e-06
2.64382 1.4382 0 430 1.50237e-06
2.64507 1.4382 0 430 1.4543e-06
2.64632 1.4382 0 430 1.40993e-06
2.64757 1.4382 0 430 1.36897e-06
2.64882 1.4382 0 430 1.33109e-06
2.65008 1.4382 0 430 1.29605e-06
2.65133 1.4382 0 430 1.26359e-06
2.65258 1.4382 0 430 1.23345e-06
2.65383 1.4382 0 430 1.20542e-06
2.65508 1.4382 0 430 1.17926e-06
2.65633 1.4382 0 430 1.1547e-06
2.65758 1.4382 0 430 1.13161e-06
2.65883 1.4382 0 430 1.10973e-06
2.66008 1.4382 0 430 1.08884e-06
2.66133 1.4382 0 430 1.06869e-06
2.66258 1.4382 0 430 1.04915e-06
2.66383 1.4382 0 430 1.03006e-06
2.66508 1.4382 0 430 1.01133e-06
2.66633 1.4382 0 430 9.93028e-07
2.66758 1.4382 0 430 9.75417e-07
2.66883 1.4382 0 430 9.59192e-07
2.67009 1.4382 0 430 9.45512e-07
2.67134 1.4382 0 430 9.36341e-07
2.67259 1.4382 0 430 9.34711e-07
2.67384 1.4382 0 430 9.45002e-07
2.67509 1.4382 0 430 9.73104e-07
2.67634 1.4382 0 430 1.02628e-06
2.67759 1.4382 0 430 1.11245e-06
2.67884 1.4382 0 430 1.23878e-06
2.68009 1.4382 0 430 1.40935e-06
2.68134 1.4382 0 430 1.62266e-06
2.68259 1.4382 0 430 1.86977e-06
2.68384 1.4382 0 430 2.13426e-06
2.68509 1.4382 0 430 2.39465e-06
2.68634 1.4382 0 430 2.62861e-06
2.68759 1.4382 0 430 2.81769e-06
2.68884 1.4382 0 430 2.95053e-06
2.6901 1.4382 0 430 3.02414e-06
2.69135 1.4382 0 430 3.04299e-06
2.6926 1.4382 0 430 3.01671e-06
2.69385 1.4382 0 430 2.95747e-06
2.6951 1.4382 0 430 2.8776e-06
2.69635 1.4382 0 430 2.78806e-06
2.6976 1.4382 0 430 2.6977e-06
2.69885 1.4382 0 430 2.61311e-06
2.7001 1.4382 0 430 2.53889e-06
2.70135 1.4382 0 430 2.47808e-06
2.7026 1.4382 0 430 2.4326e-06
2.70385 1.4382 0 430 2.40357e-06
2.7051 1.4382 0 430 2.39165e-06
2.70635 1.4382 0 430 2.3972e-06
2.7076 1.4382 0 430 2.4204e-06
2.70885 1.4382 0 430 2.4613e-06
2.71011 1.4382 0 430 2.51978e-06
2.71136 1.4382 0 430 2.59552e-06
2.71261 1.4382 0 430 2.68781e-06
2.71386 1.4382 0 430 2.79549e-06
2.71511 1.4382 0 430 2.91676e-06
2.71636 1.4382 0 430 3.04914e-06
2.71761 1.4382 0 430 3.1894e-06
2.71886 1.4382 0 430 3.3335e-06
2.72011 1.4382 0 430 3.47673e-06
2.72136 1.4382 0 430 3.61353e-06
2.72261 1.4382 0 430 3.7375e-06
2.72386 1.4382 0 430 3.84132e-06
2.72511 1.4382 0 430 3.91717e-06
2.72636 1.4382 0 430 3.95754e-06
2.72761 1.4382 0 430 3.95643e-06
2.72886 1.4382 0 430 3.91083e-06
2.73012 1.4382 0 430 3.82174e-06
2.73137 1.4382 0 430 3.69356e-06
2.73262 1.4382 0 430 3.53419e-06
2.73387 1.4382 0 430 3.35301e-06
2.73512 1.4382 0 430 3.15946e-06
2.73637 1.4382 0 430 2.9619e-06
2.73762 1.4382 0 430 2.76699e-06
2.73887 1.4382 0 430 2.57947e-06
2.74012 1.4382 0 430 2.40229e-06
2.74137 1.4382 0 430 2.23704e-06
2.74262 1.4382 0 430 2.08422e-06
2.74387 1.4382 0 430 1.94358e-06
2.74512 1.4382 0 430 1.81439e-06
2.74637 1.4382 0 430 1.69565e-06
2.74762 1.4382 0 430 1.58619e-06
2.74887 1.4382 0 430 1.48485e-06
2.75013 1.4382 0 430 1.39045e-06
2.75138 1.4382 0 430 1.30196e-06
2.75263 1.4382 0 430 1.21846e-06
2.75388 1.4382 0 430 1.13924e-06
2.75513 1.4382 0 430 1.06403e-06
2.75638 1.4382 0 430 9.92867e-07
2.75763 1.4382 0 430 9.26376e-07
2.75888 1.4382 0 430 8.6584e-07
2.76013 1.4382 0 430 8.13202e-07
2.76138 1.4382 0 430 7.7115e-07
2.76263 1.4382 0 430 7.425e-07
2.76388 1.4382 0 430 7.2977e-07
2.76513 1.4382 0 430 7.3431e-07
2.76638 1.4382 0 430 7.55534e-07
2.76763 1.4382 0 430 7.90553e-07
2.76888 1.4382 0 430 8.34408e-07
2.77014 1.4382 0 430 8.81521e-07
2.77139 1.4382 0 430 9.26346e-07
2.77264 1.4382 0 430 9.64895e-07
2.77389 1.4382 0 430 9.95133e-07
2.77514 1.4382 0 430 1.01687e-06
2.77639 1.4382 0 430 1.03132e-06
2.77764 1.4382 0 430 1.04048e-06
2.77889 1.4382 0 430 1.04669e-06
2.78014 1.4382 0 430 1.0522e-06
2.78139 1.4382 0 430 1.05899e-06
2.78264 1.4382 0 430 1.06848e-06
2.78389 1.4382 0 430 1.08146e-06
2.78514 1.4382 0 430 1.09804e-06
2.78639 1.4382 0 430 1.11778e-06
2.78764 1.4382 0 430 1.13993e-06
2.78889 1.4382 0 430 1.16368e-06
2.79015 1.4382 0 430 1.18843e-06
2.7914 1.4382 0 430 1.21391e-06
2.79265 1.4382 0 430 1.24012e-06
2.7939 1.4382 0 430 1.26733e-06
2.79515 1.4382 0 430 1.29593e-06
2.7964 1.4382 0 430 1.32639e-06
2.79765 1.4382 0 430 1.35915e-06
2.7989 1.4382 0 430 1.39466e-06
2.80015 1.4382 0 430 1.43333e-06
2.8014 1.4382 0 430 1.47554e-06
2.80265 1.4382 0 430 1.52166e-06
2.8039 1.4382 0 430 1.5721e-06
2.80515 1.4382 0 430 1.62725e-06
2.8064 1.4382 0 430 1.68753e-06
2.80765 1.4382 0 430 1.75343e-06
2.8089 1.4382 0 430 1.82546e-06
2.81016 1.4382 0 430 1.90423e-06
2.81141 1.4382 0 430 1.9904e-06
2.81266 1.4382 0 430 2.08474e-06
2.81391 1.4382 0 430 2.18809e-06
2.81516 1.4382 0 430 2.30145e-06
2.81641 1.4382 0 430 2.42593e-06
2.81766 1.4382 0 430 2.56281e-06
2.81891 1.4382 0 430 2.71352e-06
2.82016 1.4382 0 430 2.87974e-06
2.82141 1.4382 0 430 3.06334e-06
2.82266 1.4382 0 430 3.26645e-06
2.82391 1.4382 0 430 3.49152e-06
2.82516 1.4382 0 430 3.74128e-06
2.82641 1.4382 0 430 4.01881e-06
2.82766 1.4382 0 430 4.32754e-06
2.82891 1.4382 0 430 4.67125e-06
2.83017 1.4382 0 430 5.05398e-06
2.83142 1.4382 0 430 5.48001e-06
2.83267 1.4382 0 430 5.95361e-06
2.83392 1.4382 0 430 6.4788e-06
2.83517 1.4382 0 430 7.05878e-06
2.83642 1.4382 0 430 7.69529e-06
2.83767 1.4382 0 430 8.38755e-06
2.83892 1.4382 0 430 9.13094e-06
2.84017 1.4382 0 430 9.9153e-06
2.84142 1.4382 0 430 1.07232e-05
2.84267 1.4382 0 430 1.15285e-05
2.84392 1.4382 0 430 1.22956e-05
2.84517 1.4382 0 430 1.29812e-05
2.84642 1.4382 0 430 1.35555e-05
2.84767 1.4382 0 430 1.3943e-05
2.84892 1.4382 0 430 1.41212e-05
2.85018 1.4382 0 430 1.40723e-05
2.85143 1.4382 0 430 1.3801e-05
2.85268 1.4382 0 430 1.33327e-05
2.85393 1.4382 0 430 1.2708e-05
2.85518 1.4382 0 430 1.19748e-05
2.85643 1.4382 0 430 1.11801e-05
2.85768 1.4382 0 430 1.03649e-05
2.85893 1.4382 0 430 9.56129e-06
2.86018 1.4382 0 430 8.79196e-06
2.86143 1.4382 0 430 8.07086e-06
2.86268 1.4382 0 430 7.40572e-06
2.86393 1.4382 0 430 6.79927e-06
2.86518 1.4382 0 430 6.25086e-06
2.86643 1.4382 0 430 5.75811e-06
2.86768 1.4382 0 430 5.31724e-06
2.86893 1.4382 0 430 4.92396e-06
2.87019 1.4382 0 430 4.57396e-06
2.87144 1.4382 0 430 4.26305e-06
2.87269 1.4382 0 430 3.98727e-06
2.87394 1.4382 0 430 3.74302e-06
2.87519 1.4382 0 430 3.52704e-06
2.87644 1.4382 0 430 3.33636e-06
2.87769 1.4382 0 430 3.16832e-06
2.87894 1.4382 0 430 3.02044e-06
2.88019 1.4382 0 430 2.89045e-06
2.88144 1.4382 0 430 2.77618e-06
2.88269 1.4382 0 430 2.67551e-06
2.88394 1.4382 0 430 2.5864e-06
2.88519 1.4382 0 430 2.50688e-06
2.88644 1.4382 0 430 2.43507e-06
2.88769 1.4382 0 430 2.36924e-06
2.88894 1.4382 0 430 2.30787e-06
2.8902 1.4382 0 430 2.24968e-06
2.89145 1.4382 0 430 2.1936e-06
2.8927 1.4382 0 430 2.13881e-06
2.89395 1.4382 0 430 2.08472e-06
2.8952 1.4382 0 430 2.03102e-06
2.89645 1.4382 0 430 1.9777e-06
2.8977 1.4382 0 430 1.92508e-06
2.89895 1.4382 0 430 1.87375e-06
2.9002 1.4382 0 430 1.82446e-06
2.90145 1.4382 0 430 1.77805e-06
2.9027 1.4382 0 430 1.73535e-06
2.90395 1.4382 0 430 1.69701e-06
2.9052 1.4382 0 430 1.66359e-06
2.90645 1.4382 0 430 1.63549e-06
2.9077 1.4382 0 430 1.61296e-06
2.90895 1.4382 0 430 1.59623e-06
2.91021 1.4382 0 430 1.58543e-06
2.91146 1.4382 0 430 1.5807e-06
2.91271 1.4382 0 430 1.58216e-06
2.91396 1.4382 0 430 1.59e-06
2.91521 1.4382 0 430 1.6044e-06
2.91646 1.4382 0 430 1.62564e-06
2.91771 1.4382 0 430 1.65403e-06
2.91896 1.4382 0 430 1.68997e-06
2.92021 1.4382 0 430 1.7339e-06
2.92146 1.4382 0 430 1.78638e-06
2.92271 1.4382 0 430 1.84805e-06
2.92396 1.4382 0 430 1.91972e-06
2.92521 1.4382 0 430 2.00243e-06
2.92646 1.4382 0 430 2.09755e-06
2.92771 1.4382 0 430 2.20683e-06
2.92896 1.4382 0 430 2.33247e-06
2.93022 1.4382 0 430 2.47684e-06
2.93147 1.4382 0 430 2.64211e-06
2.93272 1.4382 0 430 2.82938e-06
2.93397 1.4382 0 430 3.03754e-06
2.93522 1.4382 0 430 3.26208e-06
2.93647 1.4382 0 430 3.49406e-06
2.93772 1.4382 0 430 3.72005e-06
2.93897 1.4382 0 430 3.92359e-06
2.94022 1.4382 0 430 4.08723e-06
2.94147 1.4382 0 430 4.19613e-06
2.94272 1.4382 0 430 4.24087e-06
2.94397 1.4382 0 430 4.21907e-06
2.94522 1.4382 0 430 4.13515e-06
2.94647 1.4382 0 430 3.99879e-06
2.94772 1.4382 0 430 3.82257e-06
2.94897 1.4382 0 430 3.61971e-06
2.95023 1.4382 0 430 3.40247e-06
2.95148 1.4382 0 430 3.18119e-06
2.95273 1.4382 0 430 2.96397e-06
2.95398 1.4382 0 430 2.75677e-06
2.95523 1.4382 0 430 2.5636e-06
2.95648 1.4382 0 430 2.38679e-06
2.95773 1.4382 0 430 2.22725e-06
2.95898 1.4382 0 430 2.08465e-06
2.96023 1.4382 0 430 1.95769e-06
2.96148 1.4382 0 430 1.84445e-06
2.96273 1.4382 0 430 1.74277e-06
2.96398 1.4382 0 430 1.65056e-06
2.96523 1.4382 0 430 1.56605e-06
2.96648 1.4382 0 430 1.48791e-06
2.96773 1.4382 0 430 1.41517e-06
2.96898 1.4382 0 430 1.34719e-06
2.97024 1.4382 0 430 1.2835e-06
2.97149 1.4382 0 430 1.22376e-06
2.97274 1.4382 0 430 1.16764e-06
2.97399 1.4382 0 430 1.11482e-06
2.97524 1.4382 0 430 1.06497e-06
2.97649 1.4382 0 430 1.01773e-06
2.97774 1.4382 0 430 9.72684e-07
2.97899 1.4382 0 430 9.29431e-07
2.98024 1.4382 0 430 8.87531e-07
2.98149 1.4382 0 430 8.46557e-07
2.98274 1.4382 0 430 8.06123e-07
2.98399 1.4382 0 430 7.65942e-07
2.98524 1.4382 0 430 7.25941e-07
2.98649 1.4382 0 430 6.86332e-07
2.98774 1.4382 0 430 6.47818e-07
2.98899 1.4382 0 430 6.11556e-07
2.99025 1.4382 0 430 5.79252e-07
2.9915 1.4382 0 430 5.53028e-07
2.99275 1.4382 0 430 5.3517e-07
2.994 1.4382 0 430 5.27653e-07
2.99525 1.4382 0 430 5.31845e-07
2.9965 1.4382 0 430 5.47733e-07
2.99775 1.4382 0 430 5.73866e-07
2.999 1.4382 0 430 6.07431e-07
3.00025 1.4382 0 430 6.44763e-07
3.0015 1.4382 0 430 6.82085e-07
3.00275 1.4382 0 430 7.16219e-07
3.004 1.4382 0 430 7.4504e-07
3.00525 1.4382 0 430 7.67586e-07
3.0065 1.4382 0 430 7.83885e-07
3.00775 1.4382 0 430 7.94649e-07
3.009 1.4382 0 430 8.00939e-07
3.01026 1.4382 0 430 8.03915e-07
3.01151 1.4382 0 430 8.04659e-07
3.01276 1.4382 0 430 8.04104e-07
3.01401 1.4382 0 430 8.02977e-07
3.01526 1.4382 0 430 8.01854e-07
3.01651 1.4382 0 430 8.0114e-07
3.01776 1.4382 0 430 8.01137e-07
3.01901 1.4382 0 430 8.02057e-07
3.02026 1.4382 0 430 8.04022e-07
3.02151 1.4382 0 430 8.07134e-07
3.02276 1.4382 0 430 8.11458e-07
3.02401 1.4382 0 430 8.17039e-07
3.02526 1.4382 0 430 8.23913e-07
3.02651 1.4382 0 430 8.32111e-07
3.02776 1.4382 0 430 8.41665e-07
3.02901 1.4382 0 430 8.5261e-07
3.03027 1.4382 0 430 8.64984e-07
3.03152 1.4382 0 430 8.78834e-07
3.03277 1.4382 0 430 8.9421e-07
3.03402 1.4382 0 430 9.1117e-07
3.03527 1.4382 0 430 9.29778e-07
3.03652 1.4382 0 430 9.501e-07
3.03777 1.4382 0 430 9.72208e-07
3.03902 1.4382 0 430 9.96175e-07
3.04027 1.4382 0 430 1.02207e-06
3.04152 1.4382 0 430 1.04998e-06
3.04277 1.4382 0 430 1.07998e-06
3.04402 1.4382 0 430 1.11216e-06
3.04527 1.4382 0 430 1.14662e-06
3.04652 1.4382 0 430 1.1835e-06
3.04777 1.4382 0 430 1.22294e-06
3.04902 1.4382 0 430 1.26513e-06
3.05028 1.4382 0 430 1.31028e-06
3.05153 1.4382 0 430 1.35868e-06
3.05278 1.4382 0 430 1.41061e-06
3.05403 1.4382 0 430 1.46646e-06
3.05528 1.4382 0 430 1.52666e-06
3.05653 1.4382 0 430 1.59171e-06
3.05778 1.4382 0 430 1.66216e-06
3.05903 1.4382 0 430 1.73865e-06
3.06028 1.4382 0 430 1.82181e-06
3.06153 1.4382 0 430 1.9123e-06
3.06278 1.4382 0 430 2.01077e-06
3.06403 1.4382 0 430 2.11779e-06
3.06528 1.4382 0 430 2.23385e-06
3.06653 1.4382 0 430 2.3593e-06
3.06778 1.4382 0 430 2.49426e-06
3.06903 1.4382 0 430 2.63858e-06
3.07029 1.4382 0 430 2.79171e-06
3.07154 1.4382 0 430 2.95269e-06
3.07279 1.4382 0 430 3.12006e-06
3.07404 1.4382 0 430 3.29196e-06
3.07529 1.4382 0 430 3.46628e-06
3.07654 1.4382 0 430 3.64095e-06
3.07779 1.4382 0 430 3.81436e-06
3.07904 1.4382 0 430 3.98584e-06
3.08029 1.4382 0 430 4.15601e-06
3.08154 1.4382 0 430 4.32695e-06
3.08279 1.4382 0 430 4.50217e-06
3.08404 1.4382 0 430 4.68629e-06
3.08529 1.4382 0 430 4.88458e-06
3.08654 1.4382 0 430 5.10239e-06
3.08779 1.4382 0 430 5.34487e-06
3.08904 1.4382 0 430 5.61645e-06
3.0903 1.4382 0 430 5.92049e-06
3.09155 1.4382 0 430 6.25896e-06
3.0928 1.4382 0 430 6.63193e-06
3.09405 1.4382 0 430 7.03704e-06
3.0953 1.4382 0 430 7.46885e-06
3.09655 1.4382 0 430 7.91812e-06
3.0978 1.4382 0 430 8.37128e-06
3.09905 1.4382 0 430 8.81017e-06
3.1003 1.4382 0 430 9.2126e-06
3.10155 1.4382 0 430 9.55394e-06
3.1028 1.4382 0 430 9.80932e-06
3.10405 1.4382 0 430 9.95761e-06
3.1053 1.4382 0 430 9.98447e-06
3.10655 1.4382 0 430 9.88532e-06
3.1078 1.4382 0 430 9.66601e-06
3.10905 1.4382 0 430 9.34178e-06
3.11031 1.4382 0 430 8.93435e-06
3.11156 1.4382 0 430 8.46838e-06
3.11281 1.4382 0 430 7.96818e-06
3.11406 1.4382 0 430 7.45519e-06
3.11531 1.4382 0 430 6.94676e-06
3.11656 1.4382 0 430 6.4557e-06
3.11781 1.4382 0 430 5.99072e-06
3.11906 1.4382 0 430 5.55701e-06
3.12031 1.4382 0 430 5.1571e-06
3.12156 1.4382 0 430 4.79158e-06
3.12281 1.4382 0 430 4.45971e-06
3.12406 1.4382 0 430 4.15995e-06
3.12531 1.4382 0 430 3.8903e-06
3.12656 1.4382 0 430 3.64857e-06
3.12781 1.4382 0 430 3.43255e-06
3.12906 1.4382 0 430 3.24008e-06
3.13032 1.4382 0 430 3.06926e-06
3.13157 1.4382 0 430 2.92016e-06
3.13282 1.4382 0 430 2.78714e-06
3.13407 1.4382 0 430 2.67125e-06
3.13532 1.4382 0 430 2.57142e-06
3.13657 1.4382 0 430 2.48676e-06
3.13782 1.4382 0 430 2.41654e-06
3.13907 1.4382 0 430 2.36011e-06
3.14032 1.4382 0 430 2.31683e-06
3.14157 1.4382 0 430 2.28601e-06
3.14282 1.4382 0 430 2.2669e-06
3.14407 1.4382 0 430 2.25868e-06
3.14532 1.4382 0 430 2.26052e-06
3.14657 1.4382 0 430 2.27159e-06
3.14782 1.4382 0 430 2.29127e-06
3.14907 1.4382 0 430 2.31901e-06
3.15033 1.4382 0 430 2.35443e-06
3.15158 1.4382 0 430 2.39736e-06
3.15283 1.4382 0 430 2.44777e-06
3.15408 1.4382 0 430 2.50576e-06
3.15533 1.4382 0 430 2.57157e-06
3.15658 1.4382 0 430 2.64545e-06
3.15783 1.4382 0 430 2.72757e-06
3.15908 1.4382 0 430 2.81777e-06
3.16033 1.4382 0 430 2.91541e-06
3.16158 1.4382 0 430 3.01905e-06
3.16283 1.4382 0 430 3.12634e-06
3.16408 1.4382 0 430 3.23381e-06
3.16533 1.4382 0 430 3.33694e-06
3.16658 1.4382 0 430 3.43037e-06
3.16783 1.4382 0 430 3.50826e-06
3.16908 1.4382 0 430 3.5649e-06
3.17034 1.4382 0 430 3.59534e-06
3.17159 1.4382 0 430 3.5959e-06
3.17284 1.4382 0 430 3.56464e-06
3.17409 1.4382 0 430 3.50139e-06
3.17534 1.4382 0 430 3.40766e-06
3.17659 1.4382 0 430 3.28622e-06
3.17784 1.4382 0 430 3.14096e-06
3.17909 1.4382 0 430 2.97652e-06
3.18034 1.4382 0 430 2.79804e-06
3.18159 1.4382 0 430 2.61101e-06
3.18284 1.4382 0 430 2.42107e-06
3.18409 1.4382 0 430 2.23386e-06
3.18534 1.4382 0 430 2.05487e-06
3.18659 1.4382 0 430 1.88928e-06
3.18784 1.4382 0 430 1.7417e-06
3.18909 1.4382 0 430 1.61593e-06
3.19035 1.4382 0 430 1.51449e-06
3.1916 1.4382 0 430 1.4382e-06
3.19285 1.4382 0 430 1.38583e-06
3.1941 1.4382 0 430 1.35408e-06
3.19535 1.4382 0 430 1.33794e-06
3.1966 1.4382 0 430 1.33143e-06
3.19785 1.4382 0 430 1.32857e-06
3.1991 1.4382 0 430 1.32427e-06
3.20035 1.4382 0 430 1.31489e-06
3.2016 1.4382 0 430 1.29843e-06
3.20285 1.4382 0 430 1.27436e-06
3.2041 1.4382 0 430 1.24321e-06
3.20535 1.4382 0 430 1.20611e-06
3.2066 1.4382 0 430 1.16447e-06
3.20785 1.4382 0 430 1.1197e-06
3.2091 1.4382 0 430 1.073e-06
3.21036 1.4382 0 430 1.02537e-06
3.21161 1.4382 0 430 9.77542e-07
3.21286 1.4382 0 430 9.30048e-07
3.21411 1.4382 0 430 8.83268e-07
3.21536 1.4382 0 430 8.37486e-07
3.21661 1.4382 0 430 7.92939e-07
3.21786 1.4382 0 430 7.49966e-07
3.21911 1.4382 0 430 7.08947e-07
3.22036 1.4382 0 430 6.70447e-07
3.22161 1.4382 0 430 6.35233e-07
3.22286 1.4382 0 430 6.04431e-07
3.22411 1.4382 0 430 5.78966e-07
3.22536 1.4382 0 430 5.60213e-07
3.22661 1.4382 0 430 5.49335e-07
3.22786 1.4382 0 430 5.47157e-07
3.22911 1.4382 0 430 5.5391e-07
3.23037 1.4382 0 430 5.69045e-07
3.23162 1.4382 0 430 5.91201e-07
3.23287 1.4382 0 430 6.18369e-07
3.23412 1.4382 0 430 6.48199e-07
3.23537 1.4382 0 430 6.78526e-07
3.23662 1.4382 0 430 7.07546e-07
3.23787 1.4382 0 430 7.3412e-07
3.23912 1.4382 0 430 7.5775e-07
3.24037 1.4382 0 430 7.78436e-07
3.24162 1.4382 0 430 7.96451e-07
3.24287 1.4382 0 430 8.12196e-07
3.24412 1.4382 0 430 8.25951e-07
3.24537 1.4382 0 430 8.37887e-07
3.24662 1.4382 0 430 8.48053e-07
3.24787 1.4382 0 430 8.56434e-07
3.24912 1.4382 0 430 8.63026e-07
3.25038 1.4382 0 430 8.67901e-07
3.25163 1.4382 0 430 8.71256e-07
3.25288 1.4382 0 430 8.73416e-07
3.25413 1.4382 0 430 8.74821e-07
3.25538 1.4382 0 430 8.75986e-07
3.25663 1.4382 0 430 8.77463e-07
3.25788 1.4382 0 430 8.79756e-07
3.25913 1.4382 0 430 8.83358e-07
3.26038 1.4382 0 430 8.88681e-07
3.26163 1.4382 0 430 8.96068e-07
3.26288 1.4382 0 430 9.05787e-07
3.26413 1.4382 0 430 9.18034e-07
3.26538 1.4382 0 430 9.32939e-07
3.26663 1.4382 0 430 9.50562e-07
3.26788 1.4382 0 430 9.70887e-07
3.26913 1.4382 0 430 9.93805e-07
3.27039 1.4382 0 430 1.0191e-06
3.27164 1.4382 0 430 1.04641e-06
3.27289 1.4382 0 430 1.07523e-06
3.27414 1.4382 0 430 1.10485e-06
3.27539 1.4382 0 430 1.13437e-06
3.27664 1.4382 0 430 1.16272e-06
3.27789 1.4382 0 430 1.18869e-06
3.27914 1.4382 0 430 1.21105e-06
3.28039 1.4382 0 430 1.22866e-06
3.28164 1.4382 0 430 1.24065e-06
3.28289 1.4382 0 430 1.24651e-06
3.28414 1.4382 0 430 1.2462e-06
3.28539 1.4382 0 430 1.24016e-06
3.28664 1.4382 0 430 1.22922e-06
3.28789 1.4382 0 430 1.21449e-06
3.28914 1.4382 0 430 1.1972e-06
3.2904 1.4382 0 430 1.17858e-06
3.29165 1.4382 0 430 1.15974e-06
3.2929 1.4382 0 430 1.14163e-06
3.29415 1.4382 0 430 1.12499e-06
3.2954 1.4382 0 430 1.11038e-06
3.29665 1.4382 0 430 1.09817e-06
3.2979 1.4382 0 430 1.08862e-06
3.29915 1.4382 0 430 1.08192e-06
3.3004 1.4382 0 430 1.07807e-06
3.30165 1.4382 0 430 1.07713e-06
3.3029 1.4382 0 430 1.07908e-06
3.30415 1.4382 0 430 1.08393e-06
3.3054 1.4382 0 430 1.09164e-06
3.30665 1.4382 0 430 1.10221e-06
3.3079 1.4382 0 430 1.11564e-06
3.30915 1.4382 0 430 1.13193e-06
3.31041 1.4382 0 430 1.15111e-06
3.31166 1.4382 0 430 1.17326e-06
3.31291 1.4382 0 430 1.19843e-06
3.31416 1.4382 0 430 1.22674e-06
3.31541 1.4382 0 430 1.25833e-06
3.31666 1.4382 0 430 1.29337e-06
3.31791 1.4382 0 430 1.33206e-06
3.31916 1.4382 0 430 1.37467e-06
3.32041 1.4382 0 430 1.4215e-06
3.32166 1.4382 0 430 1.47291e-06
3.32291 1.4382 0 430 1.52937e-06
3.32416 1.4382 0 430 1.59139e-06
3.32541 1.4382 0 430 1.6596e-06
3.32666 1.4382 0 430 1.73475e-06
3.32791 1.4382 0 430 1.81767e-06
3.32916 1.4382 0 430 1.90932e-06
3.33042 1.4382 0 430 2.01075e-06
3.33167 1.4382 0 430 2.12307e-06
3.33292 1.4382 0 430 2.24744e-06
3.33417 1.4382 0 430 2.38497e-06
3.33542 1.4382 0 430 2.53679e-06
3.33667 1.4382 0 430 2.70393e-06
3.33792 1.4382 0 430 2.88747e-06
3.33917 1.4382 0 430 3.08846e-06
3.34042 1.4382 0 430 3.30802e-06
3.34167 1.4382 0 430 3.54729e-06
3.34292 1.4382 0 430 3.80742e-06
3.34417 1.4382 0 430 4.08939e-06
3.34542 1.4382 0 430 4.39384e-06
3.34667 1.4382 0 430 4.72084e-06
3.34792 1.4382 0 430 5.06947e-06
3.34917 1.4382 0 430 5.43751e-06
3.35043 1.4382 0 430 5.82089e-06
3.35168 1.4382 0 430 6.21332e-06
3.35293 1.4382 0 430 6.60589e-06
3.35418 1.4382 0 430 6.98696e-06
3.35543 1.4382 0 430 7.34235e-06
3.35668 1.4382 0 430 7.65616e-06
3.35793 1.4382 0 430 7.91211e-06
3.35918 1.4382 0 430 8.0953e-06
3.36043 1.4382 0 430 8.19444e-06
3.36168 1.4382 0 430 8.20353e-06
3.36293 1.4382 0 430 8.12288e-06
3.36418 1.4382 0 430 7.95905e-06
3.36543 1.4382 0 430 7.72378e-06
3.36668 1.4382 0 430 7.43211e-06
3.36793 1.4382 0 430 7.10039e-06
3.36918 1.4382 0 430 6.74444e-06
3.37044 1.4382 0 430 6.37832e-06
3.37169 1.4382 0 430 6.01363e-06
3.37294 1.4382 0 430 5.65932e-06
3.37419 1.4382 0 430 5.32187e-06
3.37544 1.4382 0 430 5.00566e-06
3.37669 1.4382 0 430 4.71333e-06
3.37794 1.4382 0 430 4.44622e-06
3.37919 1.4382 0 430 4.20472e-06
3.38044 1.4382 0 430 3.98858e-06
3.38169 1.4382 0 430 3.7971e-06
3.38294 1.4382 0 430 3.62934e-06
3.38419 1.4382 0 430 3.48423e-06
3.38544 1.4382 0 430 3.36069e-06
3.38669 1.4382 0 430 3.25766e-06
3.38794 1.4382 0 430 3.17417e-06
3.38919 1.4382 0 430 3.10931e-06
3.39045 1.4382 0 430 3.06227e-06
3.3917 1.4382 0 430 3.03227e-06
3.39295 1.4382 0 430 3.01854e-06
3.3942 1.4382 0 430 3.02025e-06
3.39545 1.4382 0 430 3.03639e-06
3.3967 1.4382 0 430 3.0657e-06
3.39795 1.4382 0 430 3.10655e-06
3.3992 1.4382 0 430 3.15676e-06
3.40045 1.4382 0 430 3.21353e-06
3.4017 1.4382 0 430 3.27336e-06
3.40295 1.4382 0 430 3.33202e-06
3.4042 1.4382 0 430 3.38471e-06
3.40545 1.4382 0 430 3.42631e-06
3.4067 1.4382 0 430 3.45176e-06
3.40795 1.4382 0 430 3.45662e-06
3.4092 1.4382 0 430 3.43761e-06
3.41046 1.4382 0 430 3.393e-06
3.41171 1.4382 0 430 3.3229e-06
3.41296 1.4382 0 430 3.22914e-06
3.41421 1.4382 0 430 3.115e-06
3.41546 1.4382 0 430 2.98471e-06
3.41671 1.4382 0 430 2.84281e-06
3.41796 1.4382 0 430 2.6938e-06
3.41921 1.4382 0 430 2.54169e-06
3.42046 1.4382 0 430 2.38978e-06
3.42171 1.4382 0 430 2.24065e-06
3.42296 1.4382 0 430 2.09612e-06
3.42421 1.4382 0 430 1.95738e-06
3.42546 1.4382 0 430 1.82508e-06
3.42671 1.4382 0 430 1.69949e-06
3.42796 1.4382 0 430 1.58057e-06
3.42921 1.4382 0 430 1.46812e-06
3.43047 1.4382 0 430 1.3618e-06
3.43172 1.4382 0 430 1.26129e-06
3.43297 1.4382 0 430 1.16629e-06
3.43422 1.4382 0 430 1.07659e-06
3.43547 1.4382 0 430 9.92165e-07
3.43672 1.4382 0 430 9.13178e-07
3.43797 1.4382 0 430 8.40053e-07
3.43922 1.4382 0 430 7.73494e-07
3.44047 1.4382 0 430 7.14484e-07
3.44172 1.4382 0 430 6.64243e-07
3.44297 1.4382 0 430 6.24045e-07
3.44422 1.4382 0 430 5.95307e-07
3.44547 1.4382 0 430 5.78944e-07
3.44672 1.4382 0 430 5.75344e-07
3.44797 1.4382 0 430 5.8405e-07
3.44922 1.4382 0 430 6.03625e-07
3.45048 1.4382 0 430 6.3169e-07
3.45173 1.4382 0 430 6.65256e-07
3.45298 1.4382 0 430 7.0107e-07
3.45423 1.4382 0 430 7.36184e-07
3.45548 1.4382 0 430 7.68376e-07
3.45673 1.4382 0 430 7.96399e-07
3.45798 1.4382 0 430 8.20132e-07
3.45923 1.4382 0 430 8.40336e-07
3.46048 1.4382 0 430 8.58482e-07
3.46173 1.4382 0 430 8.76429e-07
3.46298 1.4382 0 430 8.96084e-07
3.46423 1.4382 0 430 9.19081e-07
3.46548 1.4382 0 430 9.46502e-07
3.46673 1.4382 0 430 9.7866e-07
3.46798 1.4382 0 430 1.015e-06
3.46923 1.4382 0 430 1.05413e-06
3.47049 1.4382 0 430 1.09402e-06
3.47174 1.4382 0 430 1.13227e-06
3.47299 1.4382 0 430 1.16643e-06
3.47424 1.4382 0 430 1.19438e-06
3.47549 1.4382 0 430 1.21446e-06
3.47674 1.4382 0 430 1.22569e-06
3.47799 1.4382 0 430 1.22773e-06
3.47924 1.4382 0 430 1.22299e-06
3.48049 1.4382 0 430 1.20801e-06
3.48174 1.4382 0 430 1.18616e-06
3.48299 1.4382 0 430 1.15885e-06
3.48424 1.4382 0 430 1.12756e-06
3.48549 1.4382 0 430 1.09371e-06
3.48674 1.4382 0 430 1.05857e-06
3.48799 1.4382 0 430 1.02324e-06
3.48924 1.4382 0 430 9.88492e-07
3.4905 1.4382 0 430 9.54977e-07
3.49175 1.4382 0 430 9.2313e-07
3.493 1.4382 0 430 8.93234e-07
3.49425 1.4382 0 430 8.65387e-07
3.4955 1.4382 0 430 8.39629e-07
3.49675 1.4382 0 430 8.15903e-07
3.498 1.4382 0 430 7.941e-07
3.49925 1.4382 0 430 7.7401e-07
3.5005 1.4382 0 430 7.55464e-07
3.50175 1.4382 0 430 7.38258e-07
3.503 1.4382 0 430 7.22196e-07
3.50425 1.4382 0 430 7.071e-07
3.5055 1.4382 0 430 6.92823e-07
3.50675 1.4382 0 430 6.79256e-07
3.508 1.4382 0 430 6.6633e-07
3.50925 1.4382 0 430 6.54006e-07
3.51051 1.4382 0 430 6.42272e-07
3.51176 1.4382 0 430 6.31129e-07
3.51301 1.4382 0 430 6.20585e-07
3.51426 1.4382 0 430 6.10646e-07
3.51551 1.4382 0 430 6.01313e-07
3.51676 1.4382 0 430 5.92583e-07
3.51801 1.4382 0 430 5.84452e-07
3.51926 1.4382 0 430 5.76917e-07
3.52051 1.4382 0 430 5.69992e-07
3.52176 1.4382 0 430 5.63705e-07
3.52301 1.4382 0 430 5.58114e-07
3.52426 1.4382 0 430 5.53309e-07
3.52551 1.4382 0 430 5.49411e-07
3.52676 1.4382 0 430 5.46573e-07
3.52801 1.4382 0 430 5.44971e-07
3.52926 1.4382 0 430 5.44761e-07
3.53052 1.4382 0 430 5.46093e-07
3.53177 1.4382 0 430 5.49053e-07
3.53302 1.4382 0 430 5.53646e-07
3.53427 1.4382 0 430 5.5978e-07
3.53552 1.4382 0 430 5.67268e-07
3.53677 1.4382 0 430 5.75855e-07
3.53802 1.4382 0 430 5.85254e-07
3.53927 1.4382 0 430 5.9519e-07
3.54052 1.4382 0 430 6.05436e-07
3.54177 1.4382 0 430 6.15839e-07
3.54302 1.4382 0 430 6.26322e-07
3.54427 1.4382 0 430 6.36882e-07
3.54552 1.4382 0 430 6.47569e-07
3.54677 1.4382 0 430 6.58471e-07
3.54802 1.4382 0 430 6.69696e-07
3.54927 1.4382 0 430 6.81359e-07
3.55053 1.4382 0 430 6.93577e-07
3.55178 1.4382 0 430 7.06457e-07
3.55303 1.4382 0 430 7.20103e-07
3.55428 1.4382 0 430 7.34611e-07
3.55553 1.4382 0 430 7.50071e-07
3.55678 1.4382 0 430 7.6657e-07
3.55803 1.4382 0 430 7.84195e-07
3.55928 1.4382 0 430 8.03031e-07
3.56053 1.4382 0 430 8.23169e-07
3.56178 1.4382 0 430 8.447e-07
3.56303 1.4382 0 430 8.67728e-07
3.56428 1.4382 0 430 8.92359e-07
3.56553 1.4382 0 430 9.18712e-07
3.56678 1.4382 0 430 9.46914e-07
3.56803 1.4382 0 430 9.77104e-07
3.56928 1.4382 0 430 1.00944e-06
3.57054 1.4382 0 430 1.0441e-06
3.57179 1.4382 0 430 1.08127e-06
3.57304 1.4382 0 430 1.12116e-06
3.57429 1.4382 0 430 1.16401e-06
3.57554 1.4382 0 430 1.21008e-06
3.57679 1.4382 0 430 1.25967e-06
3.57804 1.4382 0 430 1.31309e-06
3.57929 1.4382 0 430 1.37071e-06
3.58054 1.4382 0 430 1.43293e-06
3.58179 1.4382 0 430 1.5002e-06
3.58304 1.4382 0 430 1.57299e-06
3.58429 1.4382 0 430 1.65185e-06
3.58554 1.4382 0 430 1.73736e-06
3.58679 1.4382 0 430 1.83014e-06
3.58804 1.4382 0 430 1.93088e-06
3.58929 1.4382 0 430 2.0403e-06
3.59055 1.4382 0 430 2.15917e-06
3.5918 1.4382 0 430 2.28834e-06
3.59305 1.4382 0 430 2.42866e-06
3.5943 1.4382 0 430 2.58104e-06
3.59555 1.4382 0 430 2.74641e-06
3.5968 1.4382 0 430 2.92565e-06
3.59805 1.4382 0 430 3.11956e-06
3.5993 1.4382 0 430 3.32879e-06
3.60055 1.4382 0 430 3.55368e-06
3.6018 1.4382 0 430 3.79418e-06
3.60305 1.4382 0 430 4.04963e-06
3.6043 1.4382 0 430 4.31856e-06
3.60555 1.4382 0 430 4.59846e-06
3.6068 1.4382 0 430 4.88553e-06
3.60805 1.4382 0 430 5.17454e-06
3.6093 1.4382 0 430 5.45869e-06
3.61056 1.4382 0 430 5.72973e-06
3.61181 1.4382 0 430 5.9783e-06
3.61306 1.4382 0 430 6.19456e-06
3.61431 1.4382 0 430 6.36911e-06
3.61556 1.4382 0 430 6.4941e-06
3.61681 1.4382 0 430 6.56414e-06
3.61806 1.4382 0 430 6.57733e-06
3.61931 1.4382 0 430 6.53547e-06
3.62056 1.4382 0 430 6.44385e-06
3.62181 1.4382 0 430 6.31058e-06
3.62306 1.4382 0 430 6.14548e-06
3.62431 1.4382 0 430 5.95902e-06
3.62556 1.4382 0 430 5.76136e-06
3.62681 1.4382 0 430 5.56153e-06
3.62806 1.4382 0 430 5.36708e-06
3.62931 1.4382 0 430 5.18386e-06
3.63057 1.4382 0 430 5.01604e-06
3.63182 1.4382 0 430 4.86625e-06
3.63307 1.4382 0 430 4.73571e-06
3.63432 1.4382 0 430 4.62441e-06
3.63557 1.4382 0 430 4.53129e-06
3.63682 1.4382 0 430 4.45433e-06
3.63807 1.4382 0 430 4.39069e-06
3.63932 1.4382 0 430 4.33685e-06
3.64057 1.4382 0 430 4.28881e-06
3.64182 1.4382 0 430 4.24231e-06
3.64307 1.4382 0 430 4.19313e-06
3.64432 1.4382 0 430 4.13748e-06
3.64557 1.4382 0 430 4.07231e-06
3.64682 1.4382 0 430 3.9956e-06
3.64807 1.4382 0 430 3.90652e-06
3.64932 1.4382 0 430 3.8054e-06
3.65058 1.4382 0 430 3.69357e-06
3.65183 1.4382 0 430 3.57306e-06
3.65308 1.4382 0 430 3.44624e-06
3.65433 1.4382 0 430 3.31549e-06
3.65558 1.4382 0 430 3.18298e-06
3.65683 1.4382 0 430 3.05048e-06
3.65808 1.4382 0 430 2.91933e-06
3.65933 1.4382 0 430 2.79047e-06
3.66058 1.4382 0 430 2.66451e-06
3.66183 1.4382 0 430 2.54189e-06
3.66308 1.4382 0 430 2.42291e-06
3.66433 1.4382 0 430 2.30786e-06
3.66558 1.4382 0 430 2.19703e-06
3.66683 1.4382 0 430 2.09071e-06
3.66808 1.4382 0 430 1.98917e-06
3.66933 1.4382 0 430 1.89265e-06
3.67059 1.4382 0 430 1.8013e-06
3.67184 1.4382 0 430 1.71515e-06
3.67309 1.4382 0 430 1.63413e-06
3.67434 1.4382 0 430 1.55805e-06
3.67559 1.4382 0 430 1.48659e-06
3.67684 1.4382 0 430 1.41927e-06
3.67809 1.4382 0 430 1.35555e-06
3.67934 1.4382 0 430 1.29474e-06
3.68059 1.4382 0 430 1.2361e-06
3.68184 1.4382 0 430 1.17882e-06
3.68309 1.4382 0 430 1.12209e-06
3.68434 1.4382 0 430 1.06513e-06
3.68559 1.4382 0 430 1.00724e-06
3.68684 1.4382 0 430 9.47947e-07
3.68809 1.4382 0 430 8.86993e-07
3.68934 1.4382 0 430 8.24402e-07
3.6906 1.4382 0 430 7.60518e-07
3.69185 1.4382 0 430 6.96019e-07
3.6931 1.4382 0 430 6.31915e-07
3.69435 1.4382 0 430 5.69527e-07
3.6956 1.4382 0 430 5.10461e-07
3.69685 1.4382 0 430 4.56544e-07
3.6981 1.4382 0 430 4.09746e-07
3.69935 1.4382 0 430 3.72035e-07
3.7006 1.4382 0 430 3.452e-07
3.70185 1.4382 0 430 3.30606e-07
3.7031 1.4382 0 430 3.28945e-07
3.70435 1.4382 0 430 3.39949e-07
3.7056 1.4382 0 430 3.62552e-07
3.70685 1.4382 0 430 3.94469e-07
3.7081 1.4382 0 430 4.32726e-07
3.70935 1.4382 0 430 4.73944e-07
3.71061 1.4382 0 430 5.14774e-07
3.71186 1.4382 0 430 5.52311e-07
3.71311 1.4382 0 430 5.84388e-07
3.71436 1.4382 0 430 6.09745e-07
3.71561 1.4382 0 430 6.27954e-07
3.71686 1.4382 0 430 6.39322e-07
3.71811 1.4382 0 430 6.44673e-07
3.71936 1.4382 0 430 6.45132e-07
3.72061 1.4382 0 430 6.41908e-07
3.72186 1.4382 0 430 6.36157e-07
3.72311 1.4382 0 430 6.28855e-07
3.72436 1.4382 0 430 6.20742e-07
3.72561 1.4382 0 430 6.12306e-07
3.72686 1.4382 0 430 6.03814e-07
3.72811 1.4382 0 430 5.9536e-07
3.72936 1.4382 0 430 5.86934e-07
3.73062 1.4382 0 430 5.78482e-07
3.73187 1.4382 0 430 5.69952e-07
3.73312 1.4382 0 430 5.61322e-07
3.73437 1.4382 0 430 5.52611e-07
3.73562 1.4382 0 430 5.43872e-07
3.73687 1.4382 0 430 5.35185e-07
3.73812 1.4382 0 430 5.2664e-07
3.73937 1.4382 0 430 5.1833e-07
3.74062 1.4382 0 430 5.10353e-07
3.74187 1.4382 0 430 5.02751e-07
3.74312 1.4382 0 430 4.95597e-07
3.74437 1.4382 0 430 4.88929e-07
3.74562 1.4382 0 430 4.8277e-07
3.74687 1.4382 0 430 4.77129e-07
3.74812 1.4382 0 430 4.72003e-07
3.74937 1.4382 0 430 4.67378e-07
3.75063 1.4382 0 430 4.63233e-07
3.75188 1.4382 0 430 4.59546e-07
3.75313 1.4382 0 430 4.56291e-07
3.75438 1.4382 0 430 4.53446e-07
3.75563 1.4382 0 430 4.50992e-07
3.75688 1.4382 0 430 4.48913e-07
3.75813 1.4382 0 430 4.472e-07
3.75938 1.4382 0 430 4.45839e-07
3.76063 1.4382 0 430 4.44826e-07
3.76188 1.4382 0 430 4.44157e-07
3.76313 1.4382 0 430 4.4383e-07
3.76438 1.4382 0 430 4.43842e-07
3.76563 1.4382 0 430 4.44193e-07
3.76688 1.4382 0 430 4.44881e-07
3.76813 1.4382 0 430 4.45909e-07
3.76938 1.4382 0 430 4.47277e-07
3.77064 1.4382 0 430 4.48987e-07
3.77189 1.4382 0 430 4.51041e-07
3.77314 1.4382 0 430 4.53445e-07
3.77439 1.4382 0 430 4.56201e-07
3.77564 1.4382 0 430 4.59316e-07
3.77689 1.4382 0 430 4.62794e-07
3.77814 1.4382 0 430 4.66644e-07
3.77939 1.4382 0 430 4.70872e-07
3.78064 1.4382 0 430 4.75486e-07
3.78189 1.4382 0 430 4.80492e-07
3.78314 1.4382 0 430 4.85899e-07
3.78439 1.4382 0 430 4.91715e-07
3.78564 1.4382 0 430 4.97946e-07
3.78689 1.4382 0 430 5.046e-07
3.78814 1.4382 0 430 5.11684e-07
3.78939 1.4382 0 430 5.19205e-07
3.79065 1.4382 0 430 5.27172e-07
3.7919 1.4382 0 430 5.35595e-07
3.79315 1.4382 0 430 5.44486e-07
3.7944 1.4382 0 430 5.53859e-07
3.79565 1.4382 0 430 5.63732e-07
3.7969 1.4382 0 430 5.74125e-07
3.79815 1.4382 0 430 5.85062e-07
3.7994 1.4382 0 430 5.96571e-07
3.80065 1.4382 0 430 6.08681e-07
3.8019 1.4382 0 430 6.21423e-07
3.80315 1.4382 0 430 6.34828e-07
3.8044 1.4382 0 430 6.48928e-07
3.80565 1.4382 0 430 6.63749e-07
3.8069 1.4382 0 430 6.79314e-07
3.80815 1.4382 0 430 6.95637e-07
3.8094 1.4382 0 430 7.12726e-07
3.81066 1.4382 0 430 7.30578e-07
3.81191 1.4382 0 430 7.49184e-07
3.81316 1.4382 0 430 7.68533e-07
3.81441 1.4382 0 430 7.88615e-07
3.81566 1.4382 0 430 8.0943e-07
3.81691 1.4382 0 430 8.30996e-07
3.81816 1.4382 0 430 8.53356e-07
3.81941 1.4382 0 430 8.76587e-07
3.82066 1.4382 0 430 9.00798e-07
3.82191 1.4382 0 430 9.26137e-07
3.82316 1.4382 0 430 9.52779e-07
3.82441 1.4382 0 430 9.80929e-07
3.82566 1.4382 0 430 1.01081e-06
3.82691 1.4382 0 430 1.04266e-06
3.82816 1.4382 0 430 1.07674e-06
3.82941 1.4382 0 430 1.11329e-06
3.83067 1.4382 0 430 1.15258e-06
3.83192 1.4382 0 430 1.19489e-06
3.83317 1.4382 0 430 1.2405e-06
3.83442 1.4382 0 430 1.28972e-06
3.83567 1.4382 0 430 1.34286e-06
3.83692 1.4382 0 430 1.40027e-06
3.83817 1.4382 0 430 1.46232e-06
3.83942 1.4382 0 430 1.52941e-06
3.84067 1.4382 0 430 1.60198e-06
3.84192 1.4382 0 430 1.68049e-06
3.84317 1.4382 0 430 1.76548e-06
3.84442 1.4382 0 430 1.85749e-06
3.84567 1.4382 0 430 1.95712e-06
3.84692 1.4382 0 430 2.06501e-06
3.84817 1.4382 0 430 2.18183e-06
3.84942 1.4382 0 430 2.30828e-06
3.85068 1.4382 0 430 2.44506e-06
3.85193 1.4382 0 430 2.59286e-06
3.85318 1.4382 0 430 2.75235e-06
3.85443 1.4382 0 430 2.92408e-06
3.85568 1.4382 0 430 3.10848e-06
3.85693 1.4382 0 430 3.30573e-06
3.85818 1.4382 0 430 3.51575e-06
3.85943 1.4382 0 430 3.73797e-06
3.86068 1.4382 0 430 3.9713e-06
3.86193 1.4382 0 430 4.21394e-06
3.86318 1.4382 0 430 4.46328e-06
3.86443 1.4382 0 430 4.71577e-06
3.86568 1.4382 0 430 4.96689e-06
3.86693 1.4382 0 430 5.21125e-06
3.86818 1.4382 0 430 5.44275e-06
3.86943 1.4382 0 430 5.65492e-06
3.87069 1.4382 0 430 5.84143e-06
3.87194 1.4382 0 430 5.99668e-06
3.87319 1.4382 0 430 6.11629e-06
3.87444 1.4382 0 430 6.19761e-06
3.87569 1.4382 0 430 6.23988e-06
3.87694 1.4382 0 430 6.24417e-06
3.87819 1.4382 0 430 6.21303e-06
3.87944 1.4382 0 430 6.14996e-06
3.88069 1.4382 0 430 6.0589e-06
3.88194 1.4382 0 430 5.94369e-06
3.88319 1.4382 0 430 5.80777e-06
3.88444 1.4382 0 430 5.65404e-06
3.88569 1.4382 0 430 5.48498e-06
3.88694 1.4382 0 430 5.30273e-06
3.88819 1.4382 0 430 5.10932e-06
3.88944 1.4382 0 430 4.90683e-06
3.8907 1.4382 0 430 4.69745e-06
3.89195 1.4382 0 430 4.48351e-06
3.8932 1.4382 0 430 4.26738e-06
3.89445 1.4382 0 430 4.05135e-06
3.8957 1.4382 0 430 3.83758e-06
3.89695 1.4382 0 430 3.62796e-06
3.8982 1.4382 0 430 3.42412e-06
3.89945 1.4382 0 430 3.22733e-06
3.9007 1.4382 0 430 3.03857e-06
3.90195 1.4382 0 430 2.85852e-06
3.9032 1.4382 0 430 2.68757e-06
3.90445 1.4382 0 430 2.52592e-06
3.9057 1.4382 0 430 2.37354e-06
3.90695 1.4382 0 430 2.23024e-06
3.9082 1.4382 0 430 2.09573e-06
3.90945 1.4382 0 430 1.96959e-06
3.91071 1.4382 0 430 1.85137e-06
3.91196 1.4382 0 430 1.74056e-06
3.91321 1.4382 0 430 1.63662e-06
3.91446 1.4382 0 430 1.53903e-06
3.91571 1.4382 0 430 1.44689e-06
3.91696 1.4382 0 430 1.36004e-06
3.91821 1.4382 0 430 1.27798e-06
3.91946 1.4382 0 430 1.20025e-06
3.92071 1.4382 0 430 1.1264e-06
3.92196 1.4382 0 430 1.05604e-06
3.92321 1.4382 0 430 9.88819e-07
3.92446 1.4382 0 430 9.24427e-07
3.92571 1.4382 0 430 8.62627e-07
3.92696 1.4382 0 430 8.03254e-07
3.92821 1.4382 0 430 7.46214e-07
3.92946 1.4382 0 430 6.9152e-07
3.93072 1.4382 0 430 6.39288e-07
3.93197 1.4382 0 430 5.89747e-07
3.93322 1.4382 0 430 5.43236e-07
3.93447 1.4382 0 430 5.00189e-07
3.93572 1.4382 0 430 4.61102e-07
3.93697 1.4382 0 430 4.26482e-07
3.93822 1.4382 0 430 3.96719e-07
3.93947 1.4382 0 430 3.7221e-07
3.94072 1.4382 0 430 3.5297e-07
3.94197 1.4382 0 430 3.38775e-07
3.94322 1.4382 0 430 3.29091e-07
3.94447 1.4382 0 430 3.23117e-07
3.94572 1.4382 0 430 3.19874e-07
3.94697 1.4382 0 430 3.1835e-07
3.94822 1.4382 0 430 3.17646e-07
3.94947 1.4382 0 430 3.17118e-07
3.95073 1.4382 0 430 3.16466e-07
3.95198 1.4382 0 430 3.15769e-07
3.95323 1.4382 0 430 3.15399e-07
3.95448 1.4382 0 430 3.16175e-07
3.95573 1.4382 0 430 3.18893e-07
3.95698 1.4382 0 430 3.24419e-07
3.95823 1.4382 0 430 3.33489e-07
3.95948 1.4382 0 430 3.46567e-07
3.96073 1.4382 0 430 3.63748e-07
3.96198 1.4382 0 430 3.84703e-07
3.96323 1.4382 0 430 4.08689e-07
3.96448 1.4382 0 430 4.34629e-07
3.96573 1.4382 0 430 4.61241e-07
3.96698 1.4382 0 430 4.87201e-07
3.96823 1.4382 0 430 5.11293e-07
3.96948 1.4382 0 430 5.32566e-07
3.97074 1.4382 0 430 5.50348e-07
3.97199 1.4382 0 430 5.64306e-07
3.97324 1.4382 0 430 5.74395e-07
3.97449 1.4382 0 430 5.808e-07
3.97574 1.4382 0 430 5.83859e-07
3.97699 1.4382 0 430 5.83996e-07
3.97824 1.4382 0 430 5.81654e-07
3.97949 1.4382 0 430 5.77272e-07
3.98074 1.4382 0 430 5.7125e-07
3.98199 1.4382 0 430 5.63947e-07
3.98324 1.4382 0 430 5.55677e-07
3.98449 1.4382 0 430 5.46713e-07
3.98574 1.4382 0 430 5.37294e-07
3.98699 1.4382 0 430 5.27627e-07
3.98824 1.4382 0 430 5.17893e-07
3.98949 1.4382 0 430 5.08246e-07
3.99075 1.4382 0 430 4.98813e-07
3.992 1.4382 0 430 4.89698e-07
3.99325 1.4382 0 430 4.8098e-07
3.9945 1.4382 0 430 4.72715e-07
3.99575 1.4382 0 430 4.64942e-07
3.997 1.4382 0 430 4.57679e-07
3.99825 1.4382 0 430 4.50932e-07
3.9995 1.4382 0 430 4.44695e-07
4.00075 1.4382 0 430 4.38955e-07
4.002 1.4382 0 430 4.33694e-07
4.00325 1.4382 0 430 4.28889e-07
4.0045 1.4382 0 430 4.24521e-07
4.00575 1.4382 0 430 4.20568e-07
4.007 1.4382 0 430 4.17014e-07
4.00825 1.4382 0 430 4.13845e-07
4.0095 1.4382 0 430 4.11047e-07
4.01076 1.4382 0 430 4.08611e-07
4.01201 1.4382 0 430 4.06529e-07
4.01326 1.4382 0 430 4.04792e-07
4.01451 1.4382 0 430 4.03394e-07
4.01576 1.4382 0 430 4.02328e-07
4.01701 1.4382 0 430 4.01589e-07
4.01826 1.4382 0 430 4.0117e-07
4.01951 1.4382 0 430 4.01067e-07
4.02076 1.4382 0 430 4.01272e-07
4.02201 1.4382 0 430 4.01783e-07
4.02326 1.4382 0 430 4.02599e-07
4.02451 1.4382 0 430 4.03715e-07
4.02576 1.4382 0 430 4.05134e-07
