# $W_{\text{p}}/W$ = 0.50, $h/W$ = 0.60, $d/W$ = 0.20, x/W = 0.0, $E_{\rm e}$ = 200 keV
0.5660834604
0.5670834604
0.5680834604
0.5690834604
0.5700834604
0.5710834604
0.5720834604
0.5730834604
0.5740834604
0.5750834604
0.5760834604
0.5770834604
0.5780834604
0.5790834604
0.5800834604
0.5810834604
0.5820834604
0.5830834604
0.5840834604
0.5850834604
0.5860834604
0.5870834604
0.5880834604
0.5890834604
0.5900834604
0.5910834604
0.5920834604
0.5930834604
0.5940834604
0.5950834604
0.5960834604
0.5970834604
0.5980834604
0.5990834604
0.6000834604
0.6010834604
