# $W_{\text{p}}/W$ = 0.50, $h/W$ = 0.50, $d/W$ = 0.20, x/W = 0.0, $E_{\rm e}$ = 200 keV
1.4883047590
1.4893047590
1.4903047590
1.4913047590
1.4923047590
1.4933047590
1.4943047590
1.4953047590
1.4963047590
1.4973047590
1.4983047590
1.4993047590
1.5003047590
1.5013047590
1.5023047590
1.5033047590
1.5043047590
1.5053047590
1.5063047590
1.5073047590
1.5083047590
1.5093047590
1.5103047590
1.5113047590
1.5123047590
1.5133047590
1.5143047590
1.5153047590
1.5163047590
1.5173047590
1.5183047590
1.5193047590
1.5203047590
1.5213047590
1.5223047590
1.5233047590
1.5243047590
1.5253047590
1.5263047590
1.5273047590
1.5283047590
1.5293047590
1.5303047590
1.5313047590
1.5323047590
1.5333047590
1.5343047590
1.5353047590
1.5363047590
1.5373047590
1.5383047590
1.5393047590
1.5403047590
1.5413047590
1.5423047590
1.5433047590
1.5443047590
1.5453047590
1.5463047590
1.5473047590
1.5483047590
1.5493047590
1.5503047590
1.5513047590
1.5523047590
1.5533047590
1.5543047590
1.5553047590
1.5563047590
1.5573047590
1.5583047590
1.5593047590
1.5603047590
1.5613047590
1.5623047590
1.5633047590
1.5643047590
1.5653047590
1.5663047590
1.5673047590
1.5683047590
1.5693047590
1.5703047590
1.5713047590
1.5723047590
1.5733047590
1.5743047590
1.5753047590
1.5763047590
1.5773047590
1.5783047590
1.5793047590
1.5803047590
1.5813047590
1.5823047590
1.5833047590
1.5843047590
1.5853047590
1.5863047590
1.5873047590
1.5883047590
1.5893047590
1.5903047590
1.5913047590
1.5923047590
1.5933047590
1.5943047590
1.5953047590
1.5963047590
1.5973047590
1.5983047590
1.5993047590
1.6003047590
1.6013047590
1.6023047590
1.6033047590
1.6043047590
1.6053047590
1.6063047590
1.6073047590
1.6083047590
1.6093047590
1.6103047590
1.6113047590
1.6123047590
1.6133047590
1.6143047590
1.6153047590
1.6163047590
1.6173047590
1.6183047590
1.6193047590
1.6203047590
1.6213047590
1.6223047590
1.6233047590
1.6243047590
1.6253047590
1.6263047590
1.6273047590
1.6283047590
1.6293047590
1.6303047590
1.6313047590
1.6323047590
