# $W_{\text{p}}/W$ = 0.50, $h/W$ = 0.50, $d/W$ = 0.20, x/W = 0.0, $E_{\rm e}$ = 200 keV
0.8061748237
0.8071748237
0.8081748237
0.8091748237
0.8101748237
0.8111748237
0.8121748237
0.8131748237
0.8141748237
0.8151748237
0.8161748237
0.8171748237
0.8181748237
0.8191748237
0.8201748237
0.8211748237
0.8221748237
0.8231748237
0.8241748237
0.8251748237
0.8261748237
0.8271748237
0.8281748237
0.8291748237
0.8301748237
0.8311748237
0.8321748237
0.8331748237
0.8341748237
0.8351748237
0.8361748237
0.8371748237
0.8381748237
0.8391748237
0.8401748237
0.8411748237
0.8421748237
0.8431748237
0.8441748237
0.8451748237
0.8461748237
0.8471748237
0.8481748237
0.8491748237
0.8501748237
0.8511748237
0.8521748237
0.8531748237
0.8541748237
