# Energy(eV)	P_integrated for V0 = 0.7510 eV, theta = 1.9428 mrad
0.2960000000 48.2251263050
0.2970000000 275.6711610133
0.2980000000 309.4331330179
0.2990000000 168.2737006577
0.3000000000 56.2155092948
0.3010000000 3.7768192726
0.3630000000 3.7768192726
0.3640000000 3.7768192726
0.3650000000 3.7768192726
0.3660000000 3.7768192726
0.3670000000 3.7768192726
0.3680000000 3.7768192726
0.3690000000 3.7768192726
0.3700000000 3.7768192726
0.3710000000 3.7768192726
0.3720000000 3.7768192726
0.3730000000 3.7768192726
0.3740000000 3.7768192726
0.3750000000 3.7768192726
0.3760000000 3.7768192726
0.3770000000 3.7768192726
0.3780000000 2.0223954754
0.3790000000 0.5703310973
0.3800000000 0.0122506568
0.3810000000 0.0183848954
0.3820000000 0.0242796270
0.3830000000 0.0298593967
0.3840000000 0.0353366012
0.3850000000 0.0406221618
0.3860000000 0.0457209974
0.3870000000 0.0506351080
0.3880000000 0.0553918507
0.3890000000 0.0601621216
0.3900000000 0.0645251906
0.3910000000 0.0688365685
0.3920000000 0.0730163705
0.3930000000 0.0772255964
0.3940000000 0.0811569781
0.3950000000 0.0849802348
0.3960000000 0.0887674216
0.3970000000 0.0923821964
0.3980000000 0.0959022684
0.3990000000 0.0994715650
0.4000000000 0.1028144084
0.4010000000 0.1061424371
0.4020000000 0.1094676924
0.4030000000 0.1125876949
0.4040000000 0.1157652745
0.4050000000 0.1188782047
0.4060000000 0.1218603677
0.4070000000 0.1247283138
0.4080000000 0.1276641271
0.4090000000 0.1306785478
0.4100000000 0.1334481518
0.4110000000 0.1362443131
0.4120000000 0.1391121642
0.4130000000 0.1418187276
0.4140000000 0.1445478319
0.4150000000 0.1473005962
0.4160000000 0.1501307106
0.4170000000 0.1529258190
0.4180000000 0.1556316829
0.4190000000 0.1584786787
0.4200000000 0.1615071047
0.4210000000 0.1649276869
0.4220000000 0.1683075370
0.4230000000 0.1704342994
0.4240000000 0.1725290191
0.4250000000 0.1745712619
0.4260000000 0.1766592094
0.4270000000 0.1787379211
0.4280000000 0.1808111733
0.4290000000 0.1828329354
0.4300000000 0.1849058610
0.4310000000 0.1869747783
0.4320000000 0.1890052879
0.4330000000 0.1910902976
0.4340000000 0.1931744586
0.4350000000 0.1952296166
0.4360000000 0.1973423391
0.4370000000 0.1994583644
0.4380000000 0.2015559742
0.4390000000 0.2037124505
0.4400000000 0.2058807896
0.4410000000 0.2080368775
0.4420000000 0.2102552170
0.4430000000 0.2124901260
0.4440000000 0.2147200478
0.4450000000 0.2170174957
0.4460000000 0.2193356982
0.4470000000 0.2216570154
0.4480000000 0.2240479549
0.4490000000 0.2264675845
0.4500000000 0.2288963823
0.4510000000 0.2313913612
0.4520000000 0.2339032883
0.4530000000 0.2364904264
0.4540000000 0.2391141708
0.4550000000 0.2417637673
0.4560000000 0.2444916772
0.4570000000 0.2472652073
0.4580000000 0.2500714483
0.4590000000 0.2529524509
0.4600000000 0.2558753109
0.4610000000 0.2588842301
0.4620000000 0.2619473812
0.4630000000 0.2650625166
0.4640000000 0.2682602290
0.4650000000 0.2715163207
0.4660000000 0.2748669123
0.4670000000 0.2782853982
0.4680000000 0.2817750753
0.4690000000 0.2853564559
0.4700000000 0.2890163198
0.4710000000 0.2927803670
0.4720000000 0.2966181662
0.4730000000 0.3005723095
0.4740000000 0.3046168190
0.4750000000 0.3087655071
0.4760000000 0.3130228150
0.4770000000 0.3173933347
0.4780000000 0.3218865906
0.4790000000 0.3264912748
0.4800000000 0.3312333545
0.4810000000 0.3360960101
0.4820000000 0.3411045956
0.4830000000 0.3462453481
0.4840000000 0.3515466995
0.4850000000 0.3569888846
0.4860000000 0.3626050686
0.4870000000 0.3683735096
0.4880000000 0.3743338036
0.4890000000 0.3804634611
0.4900000000 0.3867886264
0.4910000000 0.3933026026
0.4920000000 0.4000323890
0.4930000000 0.4069663113
0.4940000000 0.4141126741
0.4950000000 0.4215268105
0.4960000000 0.4291514381
0.4970000000 0.4371054372
0.4980000000 0.4452883692
0.4990000000 0.4538000453
0.5000000000 0.4625601681
0.5010000000 0.4716806763
0.5020000000 0.4810745183
0.5030000000 0.4908634452
0.5040000000 0.5009533351
0.5050000000 0.5114832986
0.5060000000 0.5223451929
0.5070000000 0.5336887176
0.5080000000 0.5454000524
0.5090000000 0.5576486536
0.5100000000 0.5703023204
0.5110000000 0.5835506646
0.5120000000 0.5972544449
0.5130000000 0.6116224597
0.5140000000 0.6264925249
0.5150000000 0.6421088255
0.5160000000 0.6582850705
0.5170000000 0.6752975697
0.5180000000 0.6929432153
0.5190000000 0.7115266348
0.5200000000 0.7308219586
0.5210000000 0.7511792606
0.5220000000 0.7723437669
0.5230000000 0.7947034464
0.5240000000 0.8181653583
0.5250000000 0.8426382085
0.5260000000 0.8685328465
0.5270000000 0.8955977879
0.5280000000 0.9242875149
0.5290000000 0.9543166957
0.5300000000 0.9862339375
0.5310000000 1.0196874753
0.5320000000 1.0553221388
0.5330000000 1.0927503185
0.5340000000 1.1327172683
0.5350000000 1.1747848437
0.5360000000 1.2198262017
0.5370000000 1.2677126028
0.5380000000 1.3183489680
0.5390000000 1.3727500131
0.5400000000 1.4304287061
0.5410000000 1.4925781326
0.5420000000 1.5586833275
0.5430000000 1.6301459512
0.5440000000 1.7064337433
0.5450000000 1.7891983108
0.5460000000 1.8785098414
0.5470000000 1.9744730726
0.5480000000 2.0791763445
0.5490000000 2.1921861601
0.5500000000 2.3160638369
0.5510000000 2.4503900030
0.5520000000 2.5985201003
0.5530000000 2.7611421667
0.5540000000 2.9391594411
0.5550000000 3.1371538861
0.5560000000 3.3553564864
0.5570000000 3.5998153064
0.5580000000 3.8731151599
0.5590000000 4.1782699095
0.5600000000 4.5244685454
0.5610000000 4.9150520233
0.5620000000 5.3628944856
0.5630000000 5.8740387567
0.5640000000 6.4678512675
0.5650000000 7.1590478964
0.5660000000 7.9665831185
0.5670000000 8.9272762646
0.5680000000 10.0717813483
0.5690000000 11.4631393589
0.5700000000 13.1694704835
0.5710000000 15.2856233344
0.5720000000 17.9746914809
0.5730000000 21.4360727935
0.5740000000 26.0281353018
0.5750000000 32.2733771887
0.5760000000 41.0302282634
0.5770000000 53.8912024455
0.5780000000 73.7124226472
0.5790000000 106.1615726060
0.5800000000 163.6378134248
0.5810000000 273.0226057192
0.5820000000 481.0312253978
0.5830000000 727.3093719964
0.5840000000 640.9668570163
0.5850000000 377.6626436691
0.5860000000 215.1653440658
0.5870000000 132.0371312186
0.5880000000 87.4471396595
0.5890000000 61.5431812255
0.5900000000 45.4103099363
0.5910000000 34.7649014075
0.5920000000 27.3926606190
0.5930000000 22.1058510207
0.5940000000 18.1903560830
0.5950000000 15.2046868818
0.5960000000 12.8913032988
0.5970000000 11.0532021212
0.5980000000 9.5787757875
0.5990000000 8.3753321464
0.6000000000 7.3764581628
0.6010000000 6.5453339362
0.6020000000 5.8441944252
0.6030000000 5.2439974824
0.6040000000 4.7318511943
0.6050000000 4.2894978350
0.6060000000 3.9017240964
0.6070000000 3.5651098635
0.6080000000 3.2688949878
0.6090000000 3.0046151229
0.6100000000 2.7720172247
0.6110000000 2.5624780974
0.6120000000 2.3764893485
0.6130000000 2.2093804708
0.6140000000 2.0569386781
0.6150000000 1.9203745997
0.6160000000 1.7964377312
0.6170000000 1.6821941101
0.6180000000 1.5791233661
0.6190000000 1.4847980805
0.6200000000 1.3970611958
0.6210000000 1.3174297630
0.6220000000 1.2440974724
0.6230000000 1.1752939268
0.6240000000 1.1125701508
0.6250000000 1.0544614386
0.6260000000 0.9995636273
0.6270000000 0.9493222110
0.6280000000 0.9025481099
0.6290000000 0.8580516828
0.6300000000 0.8172310195
0.6310000000 0.7790444995
0.6320000000 0.7425030443
0.6330000000 0.7089044883
0.6340000000 0.6773594518
0.6350000000 0.6469770555
0.6360000000 0.6189925045
0.6370000000 0.5926563129
0.6380000000 0.5677713245
0.6390000000 0.5435945591
0.6400000000 0.5213814284
0.6410000000 0.5003298521
0.6420000000 0.4798143488
0.6430000000 0.4608572761
0.6440000000 0.4428932479
0.6450000000 0.4252999480
0.6460000000 0.4090407561
0.6470000000 0.3935853505
0.6480000000 0.3783806955
0.6490000000 0.3643200007
0.6500000000 0.3509508056
0.6510000000 0.3381759675
0.6520000000 0.3254740372
0.6530000000 0.3138231347
0.6540000000 0.3026500128
0.6550000000 0.2915507594
0.6560000000 0.2812825412
0.6570000000 0.2714664602
0.6580000000 0.2616623731
0.6590000000 0.2526073700
0.6600000000 0.2439313402
0.6610000000 0.2355922131
0.6620000000 0.2271784226
0.6630000000 0.2194753556
0.6640000000 0.2120446690
0.6650000000 0.2045563005
0.6660000000 0.1976412833
0.6670000000 0.1909934753
0.6680000000 0.1842697158
0.6690000000 0.1780591718
0.6700000000 0.1720941015
0.6710000000 0.1663258270
0.6720000000 0.1604441738
0.6730000000 0.1550256346
0.6740000000 0.1498003769
0.6750000000 0.1444567709
0.6760000000 0.1395391102
0.6770000000 0.1348022411
0.6780000000 0.1301997640
0.6790000000 0.1254720697
0.6800000000 0.1211152785
0.6810000000 0.1169080559
0.6820000000 0.1128296468
0.6830000000 0.1085677347
0.6840000000 0.1047177130
0.6850000000 0.1009565872
0.6860000000 0.0970547219
0.6870000000 0.0934757967
0.6880000000 0.0900100919
0.6890000000 0.0866289844
0.6900000000 0.0830968319
0.6910000000 0.0798571653
0.6920000000 0.0767150731
0.6930000000 0.0736499347
0.6940000000 0.0704009258
0.6950000000 0.0674758926
0.6960000000 0.0646025879
0.6970000000 0.0615866495
0.6980000000 0.0588120380
0.6990000000 0.0561278320
0.7000000000 0.0534842239
0.7010000000 0.0506941371
0.7020000000 0.0481358563
0.7030000000 0.0456415608
0.7040000000 0.0431904304
0.7050000000 0.0405881181
0.7060000000 0.0381997242
0.7070000000 0.0358710287
0.7080000000 0.0335771705
0.7090000000 0.0311335154
0.7100000000 0.0288792013
0.7110000000 0.0266860106
0.7120000000 0.0245177801
0.7130000000 0.0221997090
0.7140000000 0.0200622452
0.7150000000 0.0179671932
0.7160000000 0.0159067933
0.7170000000 0.0136897597
0.7180000000 0.0116421664
0.7190000000 0.0096266020
0.7200000000 0.0076367379
0.7210000000 0.0054982844
0.7220000000 0.0041602875
0.7230000000 0.0037606064
0.7240000000 0.0033854020
0.7250000000 0.0031216971
0.7260000000 0.0026084787
0.7270000000 0.0024430714
0.7280000000 0.0026677441
0.7290000000 0.0023512565
0.7300000000 0.0025596946
0.7310000000 0.0018288083
0.7320000000 0.0029220824
0.7330000000 0.0025672684
0.7340000000 0.0026583841
0.7350000000 0.0032456048
0.7360000000 0.0045046786
0.7370000000 0.0019260226
0.7380000000 0.0042425633
0.7390000000 0.0017315473
0.7400000000 0.0061592131
0.7410000000 0.0033224063
0.7420000000 0.0129027204
0.7430000000 0.0102945253
0.7440000000 0.0075547754
0.7450000000 0.0047128697
0.7460000000 0.0014942164
0.7470000000 0.4937076205
0.7480000000 0.4812800077
0.7490000000 0.4681532108
0.7500000000 0.4530306545
0.7510000000 0.4381903183
0.7520000000 0.4229580755
0.7530000000 0.4068698341
0.7540000000 0.3877323867
0.7550000000 0.3697852823
0.7560000000 0.3505755657
0.7570000000 0.3305434188
0.7580000000 0.3097976926
0.7590000000 0.2869160808
0.7600000000 0.2642698179
0.7610000000 0.2412016915
0.7620000000 0.2165913045
0.7630000000 0.1904875620
0.7640000000 0.1639348945
0.7650000000 0.1370480017
0.7660000000 0.1091097188
0.7670000000 0.0804645124
0.7680000000 0.0495316537
0.7690000000 0.0183770680
0.7700000000 0.0000984753
0.7710000000 0.0001184646
0.7720000000 0.0000985240
0.7730000000 0.0001247505
0.7740000000 0.0001228432
0.7750000000 0.0000846935
0.7760000000 0.0000925399
0.7770000000 0.0001003468
0.7780000000 0.0001146778
0.7790000000 0.0000977169
0.7800000000 0.0000854019
0.7810000000 0.0001247334
0.7820000000 0.0001205528
0.7830000000 0.0001220672
0.7840000000 0.0001369279
0.7850000000 0.0001072329
0.7860000000 0.0001329425
0.7870000000 0.0001089009
0.7880000000 0.0001582056
0.7890000000 0.0001599099
0.7900000000 0.0001691869
0.7910000000 0.0001859169
0.7920000000 0.0002093504
0.7930000000 0.0001837938
0.7940000000 0.0002427756
0.7950000000 0.0002396529
0.7960000000 0.0002445283
0.7970000000 0.0002592516
0.7980000000 0.0003034108
0.7990000000 0.0003693577
0.8000000000 0.0004637996
0.8010000000 0.0004679474
0.8020000000 0.0004825845
0.8030000000 0.0005434824
0.8040000000 0.0006411496
0.8050000000 0.0007854081
0.8060000000 0.0009867820
0.8070000000 0.0010435319
0.8080000000 0.0011813788
0.8090000000 0.0013936476
0.8100000000 0.0017211295
0.8110000000 0.0021908953
0.8120000000 0.0024700695
0.8130000000 0.0029519539
0.8140000000 0.0036624145
0.8150000000 0.0041580101
0.8160000000 0.0055250362
0.8170000000 0.0067369492
0.8180000000 0.0077698216
0.8190000000 0.0103677771
0.8200000000 0.0129994356
0.8210000000 0.0168876132
0.8220000000 0.0226762262
0.8230000000 0.0294199190
0.8240000000 0.0397160041
0.8250000000 0.0521151739
0.8260000000 0.5543788865
0.8270000000 0.1417590344
0.8280000000 0.2007608660
0.8290000000 0.2492041710
0.8300000000 0.3656985024
0.8310000000 0.5617414961
0.8320000000 0.8336303528
0.8330000000 1.1823391506
0.8340000000 1.4993584083
0.8350000000 1.3435407778
0.8360000000 0.9459969542
0.8370000000 0.5678645225
0.8380000000 0.3210597566
0.8390000000 0.0813408786
0.8400000000 0.0180937867
0.8410000000 0.0016581100
0.8430000000 0.0004452194
0.8440000000 0.3888515248
0.8450000000 5.2419702369
0.8460000000 12.5194920555
0.8470000000 18.2337685463
0.8480000000 19.2063797273
0.8490000000 15.8656911695
0.8500000000 11.0443535636
0.8510000000 6.8777438337
0.8520000000 3.9610219422
0.8530000000 2.1607901699
0.8540000000 1.0455618711
0.8550000000 0.3950902390
0.8560000000 0.0272417083
0.8570000000 0.0166124403
0.8580000000 0.0001991123
0.8590000000 0.0000231099
0.8670000000 0.0509833743
0.8680000000 0.3115405708
0.8690000000 0.5544338623
0.8700000000 0.0004745430
0.8710000000 0.0077621475
0.8720000000 0.0008596466
0.8730000000 0.0021305875
0.8740000000 0.0001364928
0.8750000000 0.0020141878
0.8760000000 0.0010794182
0.8770000000 0.0011696305
0.8780000000 0.0050590432
0.8790000000 0.0105458646
0.8800000000 0.0173802462
0.8810000000 0.0244314529
0.8820000000 0.0323982866
0.8830000000 0.0382043236
0.8840000000 0.0436114898
0.8850000000 0.0485884539
0.8860000000 0.0531700062
0.8870000000 0.0574108772
0.8880000000 0.0623877503
0.8890000000 0.0659142676
0.8900000000 0.0692174808
0.8910000000 0.0722861569
0.8920000000 0.0751358371
0.8930000000 0.0777814900
0.8940000000 0.0810419318
0.8950000000 0.0832725760
0.8960000000 0.0853790443
0.8970000000 0.0873536413
0.8980000000 0.0891940715
0.8990000000 0.0909138806
0.9000000000 0.0931582095
0.9010000000 0.0946277782
0.9020000000 0.0960288538
0.9030000000 0.0973511775
0.9040000000 0.0985927513
0.9050000000 0.0997664417
0.9060000000 0.1013820136
0.9070000000 0.1023934402
0.9080000000 0.1033694060
0.9090000000 0.1043000515
0.9100000000 0.1051804789
0.9110000000 0.1060196568
0.9120000000 0.1072373194
0.9130000000 0.1079848232
0.9140000000 0.1086914079
0.9150000000 0.1093768865
0.9160000000 0.1100378567
0.9170000000 0.1106721869
0.9180000000 0.1112822966
0.9190000000 0.1122133063
0.9200000000 0.1127600809
0.9210000000 0.1132989971
0.9220000000 0.1138235097
0.9230000000 0.1143321809
0.9240000000 0.1148252781
0.9250000000 0.1156002756
0.9260000000 0.1160500321
0.9270000000 0.1164984013
0.9280000000 0.1169388104
0.9290000000 0.1173684967
0.9300000000 0.1177875468
0.9310000000 0.1181983392
0.9320000000 0.1188529459
0.9330000000 0.1192354389
0.9340000000 0.1196173882
0.9350000000 0.1199946253
0.9360000000 0.1203625865
0.9370000000 0.1207255806
0.9380000000 0.1210815274
0.9390000000 0.1216455542
0.9400000000 0.1219763036
0.9410000000 0.1223067756
0.9420000000 0.1226304949
0.9430000000 0.1229450260
0.9440000000 0.1232510281
0.9450000000 0.1237415830
0.9460000000 0.1240184117
0.9470000000 0.1242907796
0.9480000000 0.1245508704
0.9490000000 0.1247983656
0.9500000000 0.1250305649
0.9510000000 0.1252460151
0.9520000000 0.1256134636
0.9530000000 0.1257806101
0.9540000000 0.1259290527
0.9550000000 0.1260525163
0.9560000000 0.1261475169
0.9570000000 0.1262088928
0.9580000000 0.1262315642
0.9590000000 0.1263643829
0.9600000000 0.1262882014
0.9610000000 0.1261645706
0.9620000000 0.1259799575
0.9630000000 0.1257259253
0.9640000000 0.1253919359
0.9650000000 0.1249679960
0.9660000000 0.1245777688
0.9670000000 0.1239225172
0.9680000000 0.1231420502
0.9690000000 0.1222099425
0.9700000000 0.1211024074
0.9710000000 0.1197956792
0.9720000000 0.1182586046
0.9730000000 0.1165776472
0.9740000000 0.1144722516
0.9750000000 0.1120002903
0.9760000000 0.1091631823
0.9770000000 0.1058961536
0.9780000000 0.1021603048
0.9790000000 0.0979231461
0.9800000000 0.0931910115
0.9810000000 0.0881283711
0.9820000000 0.0826192141
0.9830000000 0.0773513641
0.9840000000 0.0730758351
0.9850000000 0.0714003549
0.9860000000 0.0751509085
0.9870000000 0.0894186548
0.9880000000 0.1224705440
0.9890000000 0.1853100718
0.9900000000 0.2915973959
0.9910000000 0.4422453632
0.9920000000 0.6102675280
0.9930000000 0.7358969999
0.9940000000 0.7648909143
0.9950000000 0.6986702167
0.9960000000 0.5856153219
0.9970000000 0.4743381512
0.9980000000 0.3861357594
0.9990000000 0.3243039790
1.0000000000 0.2837278898
1.0010000000 0.2581881721
1.0020000000 0.2426503964
1.0030000000 0.2336657337
1.0040000000 0.2291141949
1.0050000000 0.2269023775
1.0060000000 0.2264474818
1.0070000000 0.2271485068
1.0080000000 0.2286216737
1.0090000000 0.2306187415
1.0100000000 0.2329840306
1.0110000000 0.2356665446
1.0120000000 0.2386410205
1.0130000000 0.2416200886
1.0140000000 0.2447348238
1.0150000000 0.2479709978
1.0160000000 0.2513223709
1.0170000000 0.2547823465
1.0180000000 0.2583552682
1.0190000000 0.2620884333
1.0200000000 0.2659920060
1.0210000000 0.2699348754
1.0220000000 0.2740224115
1.0230000000 0.2782695647
1.0240000000 0.2826929181
1.0250000000 0.2873063727
1.0260000000 0.2921378225
1.0270000000 0.2972446907
1.0280000000 0.3026612290
1.0290000000 0.3083218076
1.0300000000 0.3143475261
1.0310000000 0.3207978367
1.0320000000 0.3277513203
1.0330000000 0.3353011528
1.0340000000 0.3435761550
1.0350000000 0.3527549366
1.0360000000 0.3630660009
1.0370000000 0.3746871971
1.0380000000 0.3880325187
1.0390000000 0.4035472745
1.0400000000 0.4217611169
1.0410000000 0.4432158762
1.0420000000 0.4682667390
1.0430000000 0.4965803835
1.0440000000 0.5263588073
1.0450000000 0.5532886369
1.0460000000 0.5714097896
1.0470000000 0.5761119956
1.0480000000 0.5679350384
1.0490000000 0.5522054801
1.0500000000 0.5350034473
1.0510000000 0.5201662767
1.0520000000 0.5092936116
1.0530000000 0.5024735755
1.0540000000 0.4990950491
1.0550000000 0.4986008355
1.0560000000 0.5004404422
1.0570000000 0.5041660717
1.0580000000 0.5094385646
1.0590000000 0.5160018202
1.0600000000 0.5235933478
1.0610000000 0.5323013032
1.0620000000 0.5418309115
1.0630000000 0.5521763083
1.0640000000 0.5632943662
1.0650000000 0.5751597769
1.0660000000 0.5877538349
1.0670000000 0.6010752662
1.0680000000 0.6149979745
1.0690000000 0.6297958700
1.0700000000 0.6454259918
1.0710000000 0.6617807258
1.0720000000 0.6789593954
1.0730000000 0.6969942165
1.0740000000 0.7159321719
1.0750000000 0.7358144099
1.0760000000 0.7566929433
1.0770000000 0.7784064338
1.0780000000 0.8014442011
1.0790000000 0.8257460501
1.0800000000 0.8512322342
1.0810000000 0.8780583857
1.0820000000 0.9063186794
1.0830000000 0.9361084562
1.0840000000 0.9675374262
1.0850000000 1.0032382691
1.0860000000 1.0407269244
1.0870000000 1.0809892212
1.0880000000 1.1236702882
1.0890000000 1.1690741969
1.0900000000 1.2174325896
1.0910000000 1.2690058486
1.0920000000 1.3240935261
1.0930000000 1.3830086466
1.0940000000 1.4461098361
1.0950000000 1.5131520345
1.0960000000 1.5859836080
1.0970000000 1.6642278442
1.0980000000 1.7485952220
1.0990000000 1.8397449677
1.1000000000 1.9384179891
1.1010000000 2.0454540925
1.1020000000 2.1618194009
1.1030000000 2.2874844459
1.1040000000 2.4259302721
1.1050000000 2.5777837532
1.1060000000 2.7443384324
1.1070000000 2.9278170768
1.1080000000 3.1305433303
1.1090000000 3.3553273465
1.1100000000 3.6053857438
1.1110000000 3.8847191782
1.1120000000 4.1955364058
1.1130000000 4.5484601059
1.1140000000 4.9473711480
1.1150000000 5.4010111194
1.1160000000 5.9196744734
1.1170000000 6.5161400242
1.1180000000 7.2063983108
1.1190000000 8.0106601328
1.1200000000 8.9546523556
1.1210000000 10.0651250177
1.1220000000 11.3979741790
1.1230000000 13.0024286824
1.1240000000 14.9545361976
1.1250000000 17.3546076167
1.1260000000 20.3381781404
1.1270000000 24.0886228956
1.1280000000 28.8520141632
1.1290000000 34.9522297916
1.1300000000 42.7739861366
1.1310000000 52.7891046485
1.1320000000 65.2683941211
1.1330000000 79.8922190911
1.1340000000 94.9515619827
1.1350000000 106.7429654306
1.1360000000 110.7519583477
1.1370000000 105.0775655022
1.1380000000 92.3088240352
1.1390000000 77.0379354862
1.1400000000 62.6798138213
1.1410000000 50.5766381790
1.1420000000 40.9395171692
1.1430000000 33.4229710639
1.1440000000 27.5833367608
1.1450000000 23.0255915306
1.1460000000 19.4365754155
1.1470000000 16.5801641348
1.1480000000 14.2811771159
1.1490000000 12.4052753566
1.1500000000 10.8670855585
1.1510000000 9.5895514792
1.1520000000 8.5187428257
1.1530000000 7.6135254252
1.1540000000 6.8422104656
1.1550000000 6.1802247591
1.1560000000 5.6082620530
1.1570000000 5.1109587710
1.1580000000 4.6760752094
1.1590000000 4.2907952750
1.1600000000 3.9532921760
1.1610000000 3.6536565793
1.1620000000 3.3865825791
1.1630000000 3.1475636623
1.1640000000 2.9328727775
1.1650000000 2.7393501106
1.1660000000 2.5643496933
1.1670000000 2.4056140425
1.1680000000 2.2612067417
1.1690000000 2.1276547298
1.1700000000 2.0073241076
1.1710000000 1.8969713139
1.1720000000 1.7955803388
1.1730000000 1.7022285197
1.1740000000 1.6161150289
1.1750000000 1.5365229628
1.1760000000 1.4628369082
1.1770000000 1.3945054833
1.1780000000 1.3297259568
1.1790000000 1.2707339649
1.1800000000 1.2158247320
1.1810000000 1.1645957384
1.1820000000 1.1167677576
1.1830000000 1.0720749180
1.1840000000 1.0302752574
1.1850000000 0.9911561335
1.1860000000 0.9545275613
1.1870000000 0.9202118171
1.1880000000 0.8880496191
1.1890000000 0.8569475835
1.1900000000 0.8287510329
1.1910000000 0.8023232141
1.1920000000 0.7775905201
1.1930000000 0.7544745314
1.1940000000 0.7329030155
1.1950000000 0.7128193356
1.1960000000 0.6941881422
1.1970000000 0.6769697857
1.1980000000 0.6611467586
1.1990000000 0.6459191065
1.2000000000 0.6329249045
1.2010000000 0.6213573823
1.2020000000 0.6112847704
1.2030000000 0.6027900549
1.2040000000 0.5959875603
1.2050000000 0.5910320943
1.2060000000 0.5881397753
1.2070000000 0.5875878676
1.2080000000 0.5897435994
1.2090000000 0.5943421916
1.2100000000 0.6035565839
1.2110000000 0.6175266017
1.2120000000 0.6374622200
1.2130000000 0.6650583135
1.2140000000 0.7026835837
1.2150000000 0.7537069635
1.2160000000 0.8229831555
1.2170000000 0.9175112813
1.2180000000 1.0472414757
1.2190000000 1.2255585505
1.2200000000 1.4662970828
1.2210000000 1.7783761145
1.2220000000 2.1296175027
1.2230000000 2.4061306300
1.2240000000 2.4371827249
1.2250000000 2.1743423561
1.2260000000 1.7671567823
1.2270000000 1.3793334531
1.2280000000 1.0750129489
1.2290000000 0.8530004597
1.2300000000 0.6937140688
1.2310000000 0.5781944720
1.2320000000 0.4932838453
1.2330000000 0.4293015758
1.2340000000 0.3799728588
1.2350000000 0.3410918349
1.2360000000 0.3097994886
1.2370000000 0.2841201863
1.2380000000 0.2626647277
1.2390000000 0.2444406784
1.2400000000 0.2287241763
1.2410000000 0.2149810482
1.2420000000 0.2025176596
1.2430000000 0.1916126790
1.2440000000 0.1817326792
1.2450000000 0.1727017998
1.2460000000 0.1643714983
1.2470000000 0.1566231801
1.2480000000 0.1493647247
1.2490000000 0.1425171640
1.2500000000 0.1360173072
1.2510000000 0.1298121112
1.2520000000 0.1238578631
1.2530000000 0.1178322999
1.2540000000 0.1122669941
1.2550000000 0.1068448592
1.2560000000 0.1015515429
1.2570000000 0.0963605342
1.2580000000 0.0912484905
1.2590000000 0.0862026167
1.2600000000 0.0811982123
1.2610000000 0.0762193511
1.2620000000 0.0712530686
1.2630000000 0.0662845798
1.2640000000 0.0612971969
1.2650000000 0.0560069869
1.2660000000 0.0509311668
1.2670000000 0.0457991229
1.2680000000 0.0405897314
1.2690000000 0.0352854876
1.2700000000 0.0308420622
1.2710000000 0.0273450900
1.2720000000 0.0250547262
1.2730000000 0.0232133282
1.2740000000 0.0208451911
1.2750000000 0.0195482459
1.2760000000 0.0175680666
1.2770000000 0.0163701483
1.2780000000 0.0146475104
1.2790000000 0.0138754235
1.2800000000 0.0123383696
1.2810000000 0.0116868486
1.2820000000 0.0102780408
1.2830000000 0.0096950518
1.2840000000 0.0091166341
1.2850000000 0.0078465954
1.2860000000 0.0073096794
1.2870000000 0.0067723198
1.2880000000 0.0062382994
1.2890000000 0.0055672994
1.2900000000 0.0050452249
1.2910000000 0.0045447973
1.2920000000 0.0040600497
1.2930000000 0.0040846986
1.2940000000 0.0036355816
1.2950000000 0.0032284998
1.2960000000 0.0028740344
1.2970000000 0.0025896802
1.2980000000 0.0023918307
1.2990000000 0.0023059711
1.3000000000 0.0020405069
1.3010000000 0.0019217595
1.3020000000 0.0019149616
1.3030000000 0.0018469423
1.3040000000 0.0018132974
1.3050000000 0.0021490433
1.3060000000 0.0029380212
1.3070000000 0.0339977563
1.3080000000 0.3025395427
1.3090000000 0.6491266102
1.3100000000 1.0389274770
1.3110000000 1.4011506862
1.3120000000 1.6494038126
1.3130000000 1.7241301403
1.3140000000 1.6293121680
1.3150000000 1.4185576819
1.3160000000 1.1620464765
1.3170000000 0.9136214641
1.3180000000 0.7011145815
1.3190000000 0.5325738206
1.3200000000 0.4048360754
1.3210000000 0.3107770004
1.3220000000 0.2424101142
1.3230000000 0.1930756284
1.3240000000 0.1575484125
1.3250000000 0.1318598266
1.3260000000 0.1129093633
1.3270000000 0.0991855209
1.3280000000 0.0890319842
1.3290000000 0.0812410027
1.3300000000 0.0751752925
1.3310000000 0.0703290669
1.3320000000 0.0663027718
1.3330000000 0.0628215527
1.3340000000 0.0596899823
1.3350000000 0.0568092019
1.3360000000 0.0540619555
1.3370000000 0.0513646218
1.3380000000 0.0486718230
1.3390000000 0.0455061793
1.3400000000 0.0427106827
1.3410000000 0.0398030469
1.3420000000 0.0367815792
1.3430000000 0.0336510867
1.3440000000 0.0304066041
1.3450000000 0.0270540137
1.3460000000 0.0235996771
1.3470000000 0.0200462464
1.3480000000 0.0164633636
1.3490000000 0.0128835147
1.3500000000 0.0093984614
1.3510000000 0.0061832750
1.3520000000 0.0032223850
1.3530000000 0.0032223850
1.3540000000 0.0032223850
1.3550000000 0.0032223850
1.3560000000 0.0032223850
1.3570000000 0.0032223850
1.3580000000 0.0032223850
1.3590000000 0.0032223850
1.3600000000 0.0032223850
1.3610000000 0.0032223850
1.3620000000 0.0032223850
1.3630000000 0.0032223850
1.3640000000 0.0032223850
1.3780000000 0.0032223850
1.3790000000 0.1661878092
1.3800000000 0.5837429231
1.3810000000 1.0793206008
1.3820000000 1.5700547400
1.3830000000 1.9508314560
1.3840000000 2.1432772359
1.3850000000 2.1346393321
1.3860000000 1.9730997957
1.3870000000 1.7310724272
1.3880000000 1.4700139416
1.3890000000 1.2280676616
1.3900000000 1.0218809478
1.3910000000 0.8547571963
1.3920000000 0.7231325931
1.3930000000 0.6362311749
1.3940000000 0.5561908661
1.3950000000 0.4949282409
1.3960000000 0.4481868076
1.3970000000 0.4126176255
1.3980000000 0.3857228861
1.3990000000 0.3655119976
1.4000000000 0.3505677754
1.4010000000 0.3398310441
1.4020000000 0.3324718606
1.4030000000 0.3279014365
1.4040000000 0.3256879335
1.4050000000 0.3255177700
1.4060000000 0.3271804176
1.4070000000 0.3305358796
1.4080000000 0.3382541653
1.4090000000 0.3446086038
1.4100000000 0.3526468685
1.4110000000 0.3624484296
1.4120000000 0.3741572096
1.4130000000 0.3879710882
1.4140000000 0.4041481893
1.4150000000 0.4230281043
1.4160000000 0.4450378892
1.4170000000 0.4707066969
1.4180000000 0.5006970646
1.4190000000 0.5358308370
1.4200000000 0.5771145878
1.4210000000 0.6257807759
1.4220000000 0.6843439627
1.4230000000 0.7523603695
1.4240000000 0.8328376267
1.4250000000 0.9276332926
1.4260000000 1.0381371765
1.4270000000 1.1644036176
1.4280000000 1.3036991566
1.4290000000 1.4485059497
1.4300000000 1.5846940692
1.4310000000 1.6917144774
1.4320000000 1.7472219460
1.4330000000 1.7361610445
1.4340000000 1.6589039959
1.4350000000 1.5314862381
1.4360000000 1.3775082712
1.4370000000 1.2190499500
1.4380000000 1.0696120399
1.4390000000 0.9370054012
1.4400000000 0.8232465079
1.4410000000 0.7275973026
1.4420000000 0.6479834748
1.4430000000 0.5819833813
1.4440000000 0.5272778334
1.4450000000 0.4818422492
1.4460000000 0.4439858836
1.4470000000 0.4123170668
1.4480000000 0.3857166942
1.4490000000 0.3632804029
1.4500000000 0.3442864336
1.4510000000 0.3281525609
1.4520000000 0.3144094805
1.4530000000 0.3029897909
1.4540000000 0.2929381204
1.4550000000 0.2843556859
1.4560000000 0.2770196052
1.4570000000 0.2707584307
1.4580000000 0.2654324552
1.4590000000 0.2609238593
1.4600000000 0.2571357652
1.4610000000 0.2539870933
1.4620000000 0.2514093973
1.4630000000 0.2493465760
1.4640000000 0.2477500754
1.4650000000 0.2465791582
1.4660000000 0.2458011211
1.4670000000 0.2453880201
1.4680000000 0.2455520120
1.4690000000 0.2457987992
1.4700000000 0.2463519449
1.4710000000 0.2472054162
1.4720000000 0.2483476745
1.4730000000 0.2497739964
1.4740000000 0.2514811997
1.4750000000 0.2534694722
1.4760000000 0.2557416200
1.4770000000 0.2583026198
1.4780000000 0.2611599364
1.4790000000 0.2643245914
1.4800000000 0.2678102551
1.4810000000 0.2716332893
1.4820000000 0.2758138300
1.4830000000 0.2803763394
1.4840000000 0.2855368365
1.4850000000 0.2909495305
1.4860000000 0.2968442342
1.4870000000 0.3032678911
1.4880000000 0.3102742372
1.4890000000 0.3179252458
1.4900000000 0.3262924145
1.4910000000 0.3354629767
1.4920000000 0.3455364890
1.4930000000 0.3566313858
1.4940000000 0.3688889946
1.4950000000 0.3824759207
1.4960000000 0.3975870310
1.4970000000 0.4144589629
1.4980000000 0.4333714378
1.4990000000 0.4546568812
1.5000000000 0.4787164283
1.5010000000 0.5073865773
1.5020000000 0.5399647394
1.5030000000 0.5774023769
1.5040000000 0.6205105566
1.5050000000 0.6702294073
1.5060000000 0.7275367436
1.5070000000 0.7933238618
1.5080000000 0.8681564476
1.5090000000 0.9518513840
1.5100000000 1.0428574482
1.5110000000 1.1373690076
1.5120000000 1.2286193382
1.5130000000 1.3067889820
1.5140000000 1.3605032648
1.5150000000 1.3801132867
1.5160000000 1.3616207851
1.5170000000 1.3086074661
1.5180000000 1.2308646562
1.5190000000 1.1407524636
1.5200000000 1.0478378592
1.5210000000 0.9599012062
1.5220000000 0.8809400237
1.5230000000 0.8124640243
1.5240000000 0.7544662592
1.5250000000 0.7061403584
1.5260000000 0.6663611657
1.5270000000 0.6339521107
1.5280000000 0.6078229609
1.5290000000 0.5870097809
1.5300000000 0.5707012023
1.5310000000 0.5582188454
1.5320000000 0.5490069263
1.5330000000 0.5426095084
1.5340000000 0.5386606609
1.5350000000 0.5368581759
1.5360000000 0.5369627767
1.5370000000 0.5387837898
1.5380000000 0.5421667574
1.5390000000 0.5469917569
1.5400000000 0.5531654634
1.5410000000 0.5606146524
1.5420000000 0.5692901303
1.5430000000 0.5791566180
1.5440000000 0.5901940586
1.5450000000 0.6023960260
1.5460000000 0.6157699428
1.5470000000 0.6303311242
1.5480000000 0.6461080227
1.5490000000 0.6631381532
1.5500000000 0.6814412716
1.5510000000 0.7011333432
1.5520000000 0.7222386697
1.5530000000 0.7448760239
1.5540000000 0.7691211403
1.5550000000 0.7950804278
1.5560000000 0.8228770414
1.5570000000 0.8526465017
1.5580000000 0.8845441822
1.5590000000 0.9187443316
1.5600000000 0.9554428396
1.5610000000 0.9948619160
1.5620000000 1.0372494489
1.5630000000 1.0828878895
1.5640000000 1.1320937859
1.5650000000 1.1852298882
1.5660000000 1.2427043414
1.5670000000 1.3049823065
1.5680000000 1.3724289122
1.5690000000 1.4459370058
1.5700000000 1.5261129508
1.5710000000 1.6137258863
1.5720000000 1.7096985140
1.5730000000 1.8150981397
1.5740000000 1.9311615702
1.5750000000 2.0593301412
1.5760000000 2.2012887859
1.5770000000 2.3590017219
1.5780000000 2.5347724255
1.5790000000 2.7313160980
1.5800000000 2.9518018908
1.5810000000 3.1999822216
1.5820000000 3.4802402326
1.5830000000 3.7977210470
1.5840000000 4.1583787672
1.5850000000 4.5690694860
1.5860000000 5.0369359036
1.5870000000 5.5714134481
1.5880000000 6.1810223572
1.5890000000 6.8739248476
1.5900000000 7.6564994279
1.5910000000 8.5308436691
1.5920000000 9.4912016267
1.5930000000 10.5193886339
1.5940000000 11.5797316642
1.5950000000 12.6157318828
1.5960000000 13.5517680939
1.5970000000 14.3031359068
1.5980000000 14.7951953067
1.5990000000 14.9855251041
1.6000000000 14.8787787999
1.6010000000 14.5292990466
1.6020000000 14.0167480369
1.6030000000 13.4265579320
1.6040000000 12.8364057391
1.6050000000 12.3016884909
1.6060000000 11.8632827970
1.6070000000 11.5450223275
1.6080000000 11.3569975905
1.6090000000 11.2995495925
1.6100000000 11.3638262001
1.6110000000 11.5310894661
1.6120000000 11.7706544912
1.6130000000 12.0380855639
1.6140000000 12.2756299674
1.6150000000 12.4177828391
1.6160000000 12.4030361075
1.6170000000 12.1897115082
1.6180000000 11.7689957236
1.6190000000 11.1674595804
1.6200000000 10.4377999884
1.6210000000 9.6423176551
1.6220000000 8.8380566811
1.6230000000 8.0700059567
1.6240000000 7.3627767620
1.6250000000 6.7317742754
1.6260000000 6.1821267240
1.6270000000 5.7126142070
1.6280000000 5.3189824160
1.6290000000 4.9957690536
1.6300000000 4.7374646052
1.6310000000 4.5392104154
1.6320000000 4.3971591877
1.6330000000 4.3086087918
1.6340000000 4.2720851142
1.6350000000 4.2873599330
1.6360000000 4.3554323590
1.6370000000 4.4783363527
1.6380000000 4.6590533392
1.6390000000 4.9010844964
1.6400000000 5.2078494847
1.6410000000 5.5814221071
1.6420000000 6.0217046061
1.6430000000 6.5203744071
1.6440000000 7.0620009345
1.6450000000 7.6171343881
1.6460000000 8.1417439425
1.6470000000 8.5790731434
1.6480000000 8.8689484467
1.6490000000 8.9630503742
1.6500000000 8.8403466091
1.6510000000 8.5144606641
1.6520000000 8.0282724640
1.6530000000 7.4392791344
1.6540000000 6.8039150374
1.6550000000 6.1674833923
1.6560000000 5.5606725959
1.6570000000 5.0008775392
1.6580000000 4.4955501348
1.6590000000 4.0456585963
1.6600000000 3.6484004936
1.6610000000 3.2991175055
1.6620000000 2.9916686695
1.6630000000 2.7222547529
1.6640000000 2.4852194917
1.6650000000 2.2761963437
1.6660000000 2.0912655321
1.6670000000 1.9270599724
1.6680000000 1.7807163826
1.6690000000 1.6498019516
1.6700000000 1.5322190194
1.6710000000 1.4262281838
1.6720000000 1.3303632661
1.6730000000 1.2433609198
1.6740000000 1.1641997611
1.6750000000 1.0920171314
1.6760000000 1.0261230441
1.6770000000 0.9659511944
1.6780000000 0.9111108707
1.6790000000 0.8613618752
1.6800000000 0.8166115337
1.6810000000 0.7769555316
1.6820000000 0.7415569429
1.6830000000 0.7129995862
1.6840000000 0.6909198889
1.6850000000 0.6762617136
1.6860000000 0.6699716242
1.6870000000 0.6730821831
1.6880000000 0.6863611758
1.6890000000 0.7099994825
1.6900000000 0.7431140145
1.6910000000 0.7834544179
1.6920000000 0.8270830858
1.6930000000 0.8687425091
1.6940000000 0.9026707799
1.6950000000 0.9238140396
1.6960000000 0.9291412525
1.6970000000 0.9181707695
1.6980000000 0.8929537008
1.6990000000 0.8570653311
1.7000000000 0.8146602508
1.7010000000 0.7682892551
1.7020000000 0.7222870753
1.7030000000 0.6787955552
1.7040000000 0.6391895973
1.7050000000 0.6038337078
1.7060000000 0.5728157293
1.7070000000 0.5459308337
1.7080000000 0.5228008406
1.7090000000 0.5030216707
1.7100000000 0.4862321412
1.7110000000 0.4720808837
1.7120000000 0.4602693183
1.7130000000 0.4505584184
1.7140000000 0.4427635355
1.7150000000 0.4367422055
1.7160000000 0.4324084696
1.7170000000 0.4296979421
1.7180000000 0.4286011871
1.7190000000 0.4291376975
1.7200000000 0.4313636955
1.7210000000 0.4353796357
1.7220000000 0.4413245527
1.7230000000 0.4493752990
1.7240000000 0.4597338693
1.7250000000 0.4727363063
1.7260000000 0.4886131066
1.7270000000 0.5079274324
1.7280000000 0.5310828380
1.7290000000 0.5586258155
1.7300000000 0.5911800129
1.7310000000 0.6294243473
1.7320000000 0.6740585835
1.7330000000 0.7257392972
1.7340000000 0.7849605027
1.7350000000 0.8518659112
1.7360000000 0.9259925153
1.7370000000 1.0058963722
1.7380000000 1.0888216576
1.7390000000 1.1704078662
1.7400000000 1.2447445253
1.7410000000 1.3050258188
1.7420000000 1.3447687410
1.7430000000 1.3594113792
1.7440000000 1.3475935329
1.7450000000 1.3117397706
1.7460000000 1.2561549066
1.7470000000 1.1874598675
1.7480000000 1.1116600126
1.7490000000 1.0339139641
1.7500000000 0.9579231750
1.7510000000 0.8860601661
1.7520000000 0.8195952845
1.7530000000 0.7590400710
1.7540000000 0.7043942936
1.7550000000 0.6553721492
1.7560000000 0.6115274595
1.7570000000 0.5723497725
1.7580000000 0.5373383366
1.7590000000 0.5060082362
1.7600000000 0.4779144923
1.7610000000 0.4526597315
1.7620000000 0.4298959528
1.7630000000 0.4093136689
1.7640000000 0.3906430847
1.7650000000 0.3736551698
1.7660000000 0.3581490407
1.7670000000 0.3436592028
1.7680000000 0.3306132695
1.7690000000 0.3185906349
1.7700000000 0.3074780145
1.7710000000 0.2971800907
1.7720000000 0.2876078502
1.7730000000 0.2786891023
1.7740000000 0.2703554022
1.7750000000 0.2625502992
1.7760000000 0.2552239164
1.7770000000 0.2483325003
1.7780000000 0.2418372020
1.7790000000 0.2357050442
1.7800000000 0.2299110412
1.7810000000 0.2244296695
1.7820000000 0.2192434631
1.7830000000 0.2143404685
1.7840000000 0.2097108914
1.7850000000 0.2053500463
1.7860000000 0.2012592248
1.7870000000 0.1974493365
1.7880000000 0.1939368439
1.7890000000 0.1907477088
1.7900000000 0.1874900149
1.7910000000 0.1850176825
1.7920000000 0.1830585018
1.7930000000 0.1816575974
1.7940000000 0.1809160720
1.7950000000 0.1809674697
1.7960000000 0.1819608384
1.7970000000 0.1840861942
1.7980000000 0.1875346851
1.7990000000 0.1925368633
1.8000000000 0.1992993387
1.8010000000 0.2083752465
1.8020000000 0.2196137408
1.8030000000 0.2329917531
1.8040000000 0.2482668444
1.8050000000 0.2649143875
1.8060000000 0.2821259057
1.8070000000 0.2988437798
1.8080000000 0.3138996568
1.8090000000 0.3261847827
1.8100000000 0.3348957547
1.8110000000 0.3396267333
1.8120000000 0.3397806003
1.8130000000 0.3372481602
1.8140000000 0.3321490665
1.8150000000 0.3251706100
1.8160000000 0.3171637914
1.8170000000 0.3087555336
1.8180000000 0.3004155265
1.8190000000 0.2924567923
1.8200000000 0.2850622664
1.8210000000 0.2783317968
1.8220000000 0.2722732774
1.8230000000 0.2668634436
1.8240000000 0.2620528410
1.8250000000 0.2577943145
1.8260000000 0.2540254301
1.8270000000 0.2506827660
1.8280000000 0.2477073153
1.8290000000 0.2450476308
1.8300000000 0.2426543312
1.8310000000 0.2404846824
1.8320000000 0.2384938406
1.8330000000 0.2366455325
1.8340000000 0.2349106610
1.8350000000 0.2315014769
1.8360000000 0.2297424090
1.8370000000 0.2280958950
1.8380000000 0.2262928307
1.8390000000 0.2244187370
1.8400000000 0.2224402044
1.8410000000 0.2203233597
1.8420000000 0.2180472864
1.8430000000 0.2155803686
1.8440000000 0.2129065152
1.8450000000 0.2100263298
1.8460000000 0.2069716411
1.8470000000 0.2038034946
1.8480000000 0.2006188727
1.8490000000 0.1976096432
1.8500000000 0.1950550136
1.8510000000 0.1933477084
1.8520000000 0.1931049439
1.8530000000 0.1950448995
1.8540000000 0.1999477040
1.8550000000 0.2088266051
1.8560000000 0.2226351969
1.8570000000 0.2423600069
1.8580000000 0.2686135305
1.8590000000 0.2950232578
1.8600000000 0.3345535779
1.8610000000 0.3784262499
1.8620000000 0.4244030449
1.8630000000 0.4702013020
1.8640000000 0.5137316391
1.8650000000 0.5535146754
1.8660000000 0.5888640051
1.8670000000 0.6198889395
1.8680000000 0.6472832032
1.8690000000 0.6721139661
1.8700000000 0.6955927790
1.8710000000 0.7188548822
1.8720000000 0.7428754899
1.8730000000 0.7683211483
1.8740000000 0.7955965254
1.8750000000 0.8247597099
1.8760000000 0.8555222032
1.8770000000 0.8872537698
1.8780000000 0.9189521636
1.8790000000 0.9492950097
1.8800000000 0.9766978823
1.8810000000 0.9994688401
1.8820000000 1.0159798610
1.8830000000 1.0248630649
1.8840000000 1.0278579667
1.8850000000 1.0193271434
1.8860000000 1.0024461869
1.8870000000 0.9782205365
1.8880000000 0.9480558713
1.8890000000 0.9135599898
1.8900000000 0.8763401902
1.8910000000 0.8378829827
1.8920000000 0.7994360532
1.8930000000 0.7619440467
1.8940000000 0.7261157598
1.8950000000 0.6924097208
1.8960000000 0.6610971512
1.8970000000 0.6322978145
1.8980000000 0.6060191231
1.8990000000 0.5821976586
1.9000000000 0.5607307500
1.9010000000 0.5409422279
1.9020000000 0.5234048751
1.9030000000 0.5079425446
1.9040000000 0.4943835124
1.9050000000 0.4825671541
1.9060000000 0.4723444836
1.9070000000 0.4635794864
1.9080000000 0.4561496747
1.9090000000 0.4505662262
1.9100000000 0.4454670821
1.9110000000 0.4414224464
1.9120000000 0.4383577133
1.9130000000 0.4362072336
1.9140000000 0.4349183573
1.9150000000 0.4344438696
1.9160000000 0.4347453448
1.9170000000 0.4357916506
1.9180000000 0.4375561574
1.9190000000 0.4400178782
1.9200000000 0.4431627287
1.9210000000 0.4469795531
1.9220000000 0.4514635558
1.9230000000 0.4566135994
1.9240000000 0.4624316479
1.9250000000 0.4689268215
1.9260000000 0.4761088051
1.9270000000 0.4839947411
1.9280000000 0.4926030849
1.9290000000 0.5019582924
1.9300000000 0.5120889949
1.9310000000 0.5230275173
1.9320000000 0.5348125409
1.9330000000 0.5477796285
1.9340000000 0.5613824009
1.9350000000 0.5759768091
1.9360000000 0.5916244229
1.9370000000 0.6083923465
1.9380000000 0.6263562919
1.9390000000 0.6456001540
1.9400000000 0.6662160783
1.9410000000 0.6883081896
1.9420000000 0.7119899311
1.9430000000 0.7373900319
1.9440000000 0.7646478245
1.9450000000 0.7939212914
1.9460000000 0.8253842142
1.9470000000 0.8592289351
1.9480000000 0.8956720305
1.9490000000 0.9349499712
1.9500000000 0.9773290993
1.9510000000 1.0231058962
1.9520000000 1.0726065958
1.9530000000 1.1261983698
1.9540000000 1.1842854127
1.9550000000 1.2473167377
1.9560000000 1.3157879588
1.9570000000 1.3902517621
1.9580000000 1.4713087255
1.9590000000 1.5597962392
1.9600000000 1.6560535387
1.9610000000 1.7610509711
1.9620000000 1.8755462261
1.9630000000 2.0003862954
1.9640000000 2.1363892617
1.9650000000 2.2843288849
1.9660000000 2.4448725903
1.9670000000 2.6184924939
1.9680000000 2.8053623725
1.9690000000 3.0051971831
1.9700000000 3.2170465081
1.9710000000 3.4391178103
1.9720000000 3.6684870331
1.9730000000 3.9009078246
1.9740000000 4.1306477609
1.9750000000 4.3504705531
1.9760000000 4.5518872254
1.9770000000 4.7256513943
1.9780000000 4.8626101476
1.9790000000 4.9547620851
1.9800000000 4.9964048846
1.9810000000 4.9850293472
1.9820000000 4.9217975836
1.9830000000 4.8113619935
1.9840000000 4.6612247094
1.9850000000 4.4807194916
1.9860000000 4.2794366748
1.9870000000 4.0670099842
1.9880000000 3.8515124263
1.9890000000 3.6398729742
1.9900000000 3.4372632962
1.9910000000 3.2473478353
1.9920000000 3.0724760660
1.9930000000 2.9139473154
1.9940000000 2.7721696366
1.9950000000 2.6469464812
1.9960000000 2.5375455509
1.9970000000 2.4428630085
1.9980000000 2.3614335206
1.9990000000 2.2915325858
2.0000000000 2.2311697597
