# Energy(eV)	P_integrated for V0 = 0.2550 eV, theta = 1.0448 mrad
0.2960000000 72.3978267367
0.2970000000 415.2551785988
0.2980000000 466.0232976005
0.2990000000 253.3199043627
0.3000000000 84.5887948697
0.3010000000 5.6878542817
0.3630000000 5.6878542817
0.3640000000 5.6878542817
0.3650000000 5.6878542817
0.3660000000 5.6878542817
0.3670000000 5.6878542817
0.3680000000 5.6878542817
0.3690000000 5.6878542817
0.3700000000 5.6878542817
0.3710000000 5.6878542817
0.3720000000 5.6878542817
0.3730000000 5.6878542817
0.3740000000 5.6878542817
0.3750000000 5.6878542817
0.3760000000 5.6878542817
0.3770000000 5.6878542817
0.3780000000 5.6878542817
0.3790000000 1.1435892152
0.3800000000 0.0125080749
0.3810000000 0.0212487268
0.3820000000 0.0296364155
0.3830000000 0.0375625683
0.3840000000 0.0453338446
0.3850000000 0.0528220766
0.3860000000 0.0600349822
0.3870000000 0.0669756931
0.3880000000 0.0736839294
0.3890000000 0.0804028780
0.3900000000 0.0865336494
0.3910000000 0.0925847326
0.3920000000 0.0984413919
0.3930000000 0.1043323375
0.3940000000 0.1098223066
0.3950000000 0.1151522988
0.3960000000 0.1204232139
0.3970000000 0.1254451054
0.3980000000 0.1303269569
0.3990000000 0.1352719976
0.4000000000 0.1398914690
0.4010000000 0.1444831554
0.4020000000 0.1490661624
0.4030000000 0.1533546046
0.4040000000 0.1577186920
0.4050000000 0.1619865098
0.4060000000 0.1660639444
0.4070000000 0.1699773352
0.4080000000 0.1739807906
0.4090000000 0.1780897370
0.4100000000 0.1818495373
0.4110000000 0.1856428391
0.4120000000 0.1895317820
0.4130000000 0.1931904439
0.4140000000 0.1968750660
0.4150000000 0.2005894792
0.4160000000 0.2044069585
0.4170000000 0.2081712459
0.4180000000 0.2118057245
0.4190000000 0.2156332945
0.4200000000 0.2197091206
0.4210000000 0.2243262117
0.4220000000 0.2288812614
0.4230000000 0.2316879217
0.4240000000 0.2344476282
0.4250000000 0.2371302904
0.4260000000 0.2398735281
0.4270000000 0.2426010485
0.4280000000 0.2453178469
0.4290000000 0.2479594683
0.4300000000 0.2506696919
0.4310000000 0.2533713494
0.4320000000 0.2560161364
0.4330000000 0.2587339523
0.4340000000 0.2614476272
0.4350000000 0.2641175461
0.4360000000 0.2668644593
0.4370000000 0.2696130749
0.4380000000 0.2723327231
0.4390000000 0.2751309217
0.4400000000 0.2779424065
0.4410000000 0.2807333586
0.4420000000 0.2836073324
0.4430000000 0.2865012491
0.4440000000 0.2893845215
0.4450000000 0.2923575990
0.4460000000 0.2953561718
0.4470000000 0.2983553391
0.4480000000 0.3014470225
0.4490000000 0.3045747821
0.4500000000 0.3077112527
0.4510000000 0.3109354757
0.4520000000 0.3141789735
0.4530000000 0.3175218434
0.4540000000 0.3209113188
0.4550000000 0.3243323689
0.4560000000 0.3278566206
0.4570000000 0.3314393887
0.4580000000 0.3350627482
0.4590000000 0.3387841797
0.4600000000 0.3425587580
0.4610000000 0.3464462119
0.4620000000 0.3504034157
0.4630000000 0.3544270290
0.4640000000 0.3585586176
0.4650000000 0.3627649969
0.4660000000 0.3670952116
0.4670000000 0.3715127971
0.4680000000 0.3760223399
0.4690000000 0.3806514510
0.4700000000 0.3853819371
0.4710000000 0.3902481048
0.4720000000 0.3952095179
0.4730000000 0.4003222169
0.4740000000 0.4055520715
0.4750000000 0.4109171323
0.4760000000 0.4164232491
0.4770000000 0.4220762860
0.4780000000 0.4278883999
0.4790000000 0.4338454897
0.4800000000 0.4399803755
0.4810000000 0.4462714311
0.4820000000 0.4527527857
0.4830000000 0.4594044341
0.4840000000 0.4662656827
0.4850000000 0.4733082600
0.4860000000 0.4805778766
0.4870000000 0.4880436725
0.4880000000 0.4957594918
0.4890000000 0.5036934289
0.4900000000 0.5118824269
0.4910000000 0.5203143008
0.4920000000 0.5290278629
0.4930000000 0.5380036702
0.4940000000 0.5472546468
0.4950000000 0.5568552003
0.4960000000 0.5667260161
0.4970000000 0.5770263848
0.4980000000 0.5876209900
0.4990000000 0.5986432920
0.5000000000 0.6099845745
0.5010000000 0.6217963106
0.5020000000 0.6339576769
0.5030000000 0.6466342810
0.5040000000 0.6596972726
0.5050000000 0.6733326096
0.5060000000 0.6873934872
0.5070000000 0.7020820987
0.5080000000 0.7172422598
0.5090000000 0.7331015693
0.5100000000 0.7494796953
0.5110000000 0.7666311351
0.5120000000 0.7843671176
0.5130000000 0.8029670447
0.5140000000 0.8222102501
0.5150000000 0.8424234468
0.5160000000 0.8633548256
0.5170000000 0.8853723379
0.5180000000 0.9082020945
0.5190000000 0.9322494109
0.5200000000 0.9572097575
0.5210000000 0.9835473122
0.5220000000 1.0109203955
0.5230000000 1.0398462644
0.5240000000 1.0701936288
0.5250000000 1.1018384367
0.5260000000 1.1353259232
0.5270000000 1.1703161522
0.5280000000 1.2074109207
0.5290000000 1.2462264497
0.5300000000 1.2874877529
0.5310000000 1.3307195461
0.5320000000 1.3767759294
0.5330000000 1.4251355178
0.5340000000 1.4767783514
0.5350000000 1.5311185552
0.5360000000 1.5893070598
0.5370000000 1.6511629575
0.5380000000 1.7165506637
0.5390000000 1.7868035390
0.5400000000 1.8612694326
0.5410000000 1.9415075957
0.5420000000 2.0268298619
0.5430000000 2.1190702769
0.5440000000 2.2175117939
0.5450000000 2.3243129555
0.5460000000 2.4395450857
0.5470000000 2.5633261431
0.5480000000 2.6983824462
0.5490000000 2.8441163899
0.5500000000 3.0038597141
0.5510000000 3.1770337373
0.5520000000 3.3679997300
0.5530000000 3.5776190358
0.5540000000 3.8070254577
0.5550000000 4.0621657135
0.5560000000 4.3432802741
0.5570000000 4.6582015990
0.5580000000 5.0102282578
0.5590000000 5.4031927296
0.5600000000 5.8489840772
0.5610000000 6.3518250647
0.5620000000 6.9283198645
0.5630000000 7.5861678415
0.5640000000 8.3503389710
0.5650000000 9.2397051671
0.5660000000 10.2785310935
0.5670000000 11.5142661533
0.5680000000 12.9861508852
0.5690000000 14.7752736135
0.5700000000 16.9690695759
0.5710000000 19.6892708077
0.5720000000 23.1454325241
0.5730000000 27.5934399909
0.5740000000 33.4935400282
0.5750000000 41.5163819921
0.5760000000 52.7637603086
0.5770000000 69.2797633316
0.5780000000 94.7296924336
0.5790000000 136.3857966462
0.5800000000 210.1562003141
0.5810000000 350.5208172230
0.5820000000 617.3695218228
0.5830000000 933.1408005912
0.5840000000 822.0911817175
0.5850000000 484.2228285268
0.5860000000 275.7846077949
0.5870000000 169.1805358192
0.5880000000 112.0097425001
0.5890000000 78.8037939870
0.5900000000 58.1270570875
0.5910000000 44.4857404341
0.5920000000 35.0405696417
0.5930000000 28.2683692310
0.5940000000 23.2536477498
0.5950000000 19.4305320748
0.5960000000 16.4687430160
0.5970000000 14.1159391689
0.5980000000 12.2289365321
0.5990000000 10.6890066341
0.6000000000 9.4111190304
0.6010000000 8.3480120832
0.6020000000 7.4513189542
0.6030000000 6.6839084987
0.6040000000 6.0291566525
0.6050000000 5.4637405281
0.6060000000 4.9682203575
0.6070000000 4.5381166759
0.6080000000 4.1597044688
0.6090000000 3.8221933514
0.6100000000 3.5251622064
0.6110000000 3.2576652340
0.6120000000 3.0202493610
0.6130000000 2.8069735256
0.6140000000 2.6124879181
0.6150000000 2.4382664700
0.6160000000 2.2801835806
0.6170000000 2.1345228281
0.6180000000 2.0031108827
0.6190000000 1.8828732855
0.6200000000 1.7710814927
0.6210000000 1.6696185919
0.6220000000 1.5761984472
0.6230000000 1.4885946056
0.6240000000 1.4087251654
0.6250000000 1.3347480335
0.6260000000 1.2648983841
0.6270000000 1.2009677893
0.6280000000 1.1414624873
0.6290000000 1.0848896941
0.6300000000 1.0329832775
0.6310000000 0.9844370683
0.6320000000 0.9380153884
0.6330000000 0.8953241161
0.6340000000 0.8552518250
0.6350000000 0.8166861382
0.6360000000 0.7811570680
0.6370000000 0.7477269888
0.6380000000 0.7161486685
0.6390000000 0.6854987290
0.6400000000 0.6573261866
0.6410000000 0.6306348389
0.6420000000 0.6046498321
0.6430000000 0.5806290583
0.6440000000 0.5578731110
0.6450000000 0.5356125752
0.6460000000 0.5150300217
0.6470000000 0.4954716819
0.6480000000 0.4762534881
0.6490000000 0.4584730215
0.6500000000 0.4415710908
0.6510000000 0.4254267634
0.6520000000 0.4093988063
0.6530000000 0.3946855881
0.6540000000 0.3805820236
0.6550000000 0.3665925760
0.6560000000 0.3536427827
0.6570000000 0.3412670095
0.6580000000 0.3289271923
0.6590000000 0.3175220897
0.6600000000 0.3065982266
0.6610000000 0.2961036524
0.6620000000 0.2855357020
0.6630000000 0.2758508925
0.6640000000 0.2665134448
0.6650000000 0.2571221110
0.6660000000 0.2484429451
0.6670000000 0.2401027027
0.6680000000 0.2316850313
0.6690000000 0.2239033542
0.6700000000 0.2164323954
0.6710000000 0.2092126875
0.6720000000 0.2018682018
0.6730000000 0.1950959919
0.6740000000 0.1885688031
0.6750000000 0.1819102045
0.6760000000 0.1757768443
0.6770000000 0.1698721443
0.6780000000 0.1641395866
0.6790000000 0.1582663145
0.6800000000 0.1528490672
0.6810000000 0.1476213525
0.6820000000 0.1425575744
0.6830000000 0.1372823440
0.6840000000 0.1325105399
0.6850000000 0.1278535014
0.6860000000 0.1230364982
0.6870000000 0.1186141291
0.6880000000 0.1143352832
0.6890000000 0.1101652322
0.6900000000 0.1058221087
0.6910000000 0.1018358244
0.6920000000 0.0979730427
0.6930000000 0.0942091665
0.6940000000 0.0902328764
0.6950000000 0.0866493857
0.6960000000 0.0831340792
0.6970000000 0.0794558539
0.6980000000 0.0760703101
0.6990000000 0.0727988551
0.7000000000 0.0695813049
0.7010000000 0.0661964806
0.7020000000 0.0630919039
0.7030000000 0.0600690489
0.7040000000 0.0571030518
0.7050000000 0.0539640896
0.7060000000 0.0510830188
0.7070000000 0.0482783045
0.7080000000 0.0455199798
0.7090000000 0.0425907047
0.7100000000 0.0398890930
0.7110000000 0.0372652308
0.7120000000 0.0346757415
0.7130000000 0.0319156264
0.7140000000 0.0293719381
0.7150000000 0.0268835478
0.7160000000 0.0244408725
0.7170000000 0.0218198618
0.7180000000 0.0194014365
0.7190000000 0.0170256778
0.7200000000 0.0146850239
0.7210000000 0.0121760050
0.7220000000 0.0098516682
0.7230000000 0.0079743585
0.7240000000 0.0069547220
0.7250000000 0.0061535768
0.7260000000 0.0053306359
0.7270000000 0.0048696056
0.7280000000 0.0047785177
0.7290000000 0.0042512569
0.7300000000 0.0043248522
0.7310000000 0.0034341633
0.7320000000 0.0045172666
0.7330000000 0.0040452860
0.7340000000 0.0040754309
0.7350000000 0.0047304258
0.7360000000 0.0062510017
0.7370000000 0.0030544881
0.7380000000 0.0059642949
0.7390000000 0.0027422565
0.7400000000 0.0085103559
0.7410000000 0.0047983921
0.7420000000 0.0175888769
0.7430000000 0.0142206910
0.7440000000 0.0105994013
0.7450000000 0.0067666635
0.7460000000 0.0023130352
0.7470000000 0.6898384816
0.7480000000 0.6768194275
0.7490000000 0.6624392868
0.7500000000 0.6448473940
0.7510000000 0.6272863092
0.7520000000 0.6088077620
0.7530000000 0.5887454094
0.7540000000 0.5631891426
0.7550000000 0.5397784108
0.7560000000 0.5135691057
0.7570000000 0.4859099600
0.7580000000 0.4569585828
0.7590000000 0.4246050945
0.7600000000 0.3923520859
0.7610000000 0.3592321802
0.7620000000 0.3232363414
0.7630000000 0.2851409051
0.7640000000 0.2458768130
0.7650000000 0.2059520696
0.7660000000 0.1642858288
0.7670000000 0.1213930036
0.7680000000 0.0748802797
0.7690000000 0.0278623872
0.7700000000 0.0001910299
0.7710000000 0.0002259324
0.7720000000 0.0001900836
0.7730000000 0.0002361654
0.7740000000 0.0002325367
0.7750000000 0.0001646918
0.7760000000 0.0001784901
0.7770000000 0.0001922243
0.7780000000 0.0002176195
0.7790000000 0.0001876449
0.7800000000 0.0001659896
0.7810000000 0.0002360723
0.7820000000 0.0002289744
0.7830000000 0.0002320708
0.7840000000 0.0002590415
0.7850000000 0.0002070557
0.7860000000 0.0002534808
0.7870000000 0.0002117343
0.7880000000 0.0003003973
0.7890000000 0.0003048120
0.7900000000 0.0003228712
0.7910000000 0.0003543704
0.7920000000 0.0003979735
0.7930000000 0.0003552482
0.7940000000 0.0004627260
0.7950000000 0.0004606741
0.7960000000 0.0004733262
0.7970000000 0.0005040180
0.7980000000 0.0005877780
0.7990000000 0.0007109951
0.8000000000 0.0008856953
0.8010000000 0.0009022186
0.8020000000 0.0009388360
0.8030000000 0.0010595537
0.8040000000 0.0012476420
0.8050000000 0.0015208547
0.8060000000 0.0018982405
0.8070000000 0.0020256236
0.8080000000 0.0023023307
0.8090000000 0.0027172960
0.8100000000 0.0033443552
0.8110000000 0.0042328764
0.8120000000 0.0048036636
0.8130000000 0.0057514528
0.8140000000 0.0071258450
0.8150000000 0.0081653960
0.8160000000 0.0107674595
0.8170000000 0.0131676552
0.8180000000 0.0153618490
0.8190000000 0.0203871197
0.8200000000 0.0256633792
0.8210000000 0.0333668981
0.8220000000 0.0447073889
0.8230000000 0.0582967720
0.8240000000 0.0788339188
0.8250000000 0.1044401459
0.8260000000 0.6729298852
0.8270000000 0.2470342513
0.8280000000 0.3528058575
0.8290000000 0.4727651419
0.8300000000 0.7130076033
0.8310000000 1.1036990159
0.8320000000 1.6874280171
0.8330000000 2.4441200317
0.8340000000 3.0336155641
0.8350000000 2.7743737504
0.8360000000 1.9065708150
0.8370000000 1.0669718343
0.8380000000 0.5592243409
0.8390000000 0.1598358806
0.8400000000 0.0352955470
0.8410000000 0.0031611866
0.8430000000 0.0008270466
0.8440000000 0.4298081431
0.8450000000 6.2133002606
0.8460000000 14.3957317356
0.8470000000 20.7989639298
0.8480000000 21.8423206657
0.8490000000 18.0266663953
0.8500000000 12.5520066005
0.8510000000 7.8266102010
0.8520000000 4.5187907955
0.8530000000 2.4742638409
0.8540000000 1.2070953079
0.8550000000 0.4663710716
0.8560000000 0.0458792781
0.8570000000 0.0240204680
0.8580000000 0.0003847349
0.8590000000 0.0000407109
0.8670000000 0.0808549608
0.8680000000 0.4940091182
0.8690000000 0.8791543934
0.8700000000 0.0008716250
0.8710000000 0.0120565911
0.8720000000 0.0015976117
0.8730000000 0.0033774045
0.8740000000 0.0002162899
0.8750000000 0.0031062356
0.8760000000 0.0016409983
0.8770000000 0.0012364792
0.8780000000 0.0009731374
0.8790000000 0.0008562004
0.8800000000 0.0061934275
0.8810000000 0.0139788336
0.8820000000 0.0227194565
0.8830000000 0.0291296696
0.8840000000 0.0351046731
0.8850000000 0.0406054641
0.8860000000 0.0456707264
0.8870000000 0.0503599069
0.8880000000 0.0558147689
0.8890000000 0.0597142903
0.8900000000 0.0633710400
0.8910000000 0.0667688286
0.8920000000 0.0699248655
0.8930000000 0.0728563665
0.8940000000 0.0764259054
0.8950000000 0.0788982447
0.8960000000 0.0812363911
0.8970000000 0.0834284638
0.8980000000 0.0854732835
0.8990000000 0.0873854377
0.9000000000 0.0898407638
0.9010000000 0.0914766935
0.9020000000 0.0930387709
0.9030000000 0.0945141941
0.9040000000 0.0959014095
0.9050000000 0.0972139779
0.9060000000 0.0989834274
0.9070000000 0.1001183539
0.9080000000 0.1012159380
0.9090000000 0.1022637732
0.9100000000 0.1032575873
0.9110000000 0.1042068331
0.9120000000 0.1055464213
0.9130000000 0.1063976993
0.9140000000 0.1072043401
0.9150000000 0.1079899658
0.9160000000 0.1087497228
0.9170000000 0.1094817593
0.9180000000 0.1101891498
0.9190000000 0.1112269548
0.9200000000 0.1118694743
0.9210000000 0.1125050748
0.9220000000 0.1131272483
0.9230000000 0.1137344990
0.9240000000 0.1143276839
0.9250000000 0.1152115224
0.9260000000 0.1157645930
0.9270000000 0.1163187289
0.9280000000 0.1168677983
0.9290000000 0.1174091971
0.9300000000 0.1179434897
0.9310000000 0.1184734445
0.9320000000 0.1192559881
0.9330000000 0.1197669209
0.9340000000 0.1202819426
0.9350000000 0.1207980178
0.9360000000 0.1213108125
0.9370000000 0.1218254387
0.9380000000 0.1223403400
0.9390000000 0.1230741258
0.9400000000 0.1235812588
0.9410000000 0.1240962769
0.9420000000 0.1246145935
0.9430000000 0.1251345860
0.9440000000 0.1256579424
0.9450000000 0.1263804709
0.9460000000 0.1269030699
0.9470000000 0.1274342856
0.9480000000 0.1279696504
0.9490000000 0.1285103226
0.9500000000 0.1290547013
0.9510000000 0.1296036697
0.9520000000 0.1303284788
0.9530000000 0.1308797674
0.9540000000 0.1314373589
0.9550000000 0.1319998217
0.9560000000 0.1325666557
0.9570000000 0.1331360440
0.9580000000 0.1337073984
0.9590000000 0.1344328229
0.9600000000 0.1350016317
0.9610000000 0.1355733396
0.9620000000 0.1361438225
0.9630000000 0.1367117926
0.9640000000 0.1372746849
0.9650000000 0.1378313985
0.9660000000 0.1385148981
0.9670000000 0.1390462101
0.9680000000 0.1395646486
0.9690000000 0.1400648852
0.9700000000 0.1405422615
0.9710000000 0.1409914264
0.9720000000 0.1414067889
0.9730000000 0.1419020683
0.9740000000 0.1422251297
0.9750000000 0.1424865758
0.9760000000 0.1426879415
0.9770000000 0.1428249470
0.9780000000 0.1428941567
0.9790000000 0.1428963592
0.9800000000 0.1428418388
0.9810000000 0.1428619509
0.9820000000 0.1427781985
0.9830000000 0.1428436303
0.9840000000 0.1432472525
0.9850000000 0.1443663121
0.9860000000 0.1468562781
0.9870000000 0.1518810311
0.9880000000 0.1614403183
0.9890000000 0.1783199039
0.9900000000 0.2061463397
0.9910000000 0.2447348157
0.9920000000 0.2873935281
0.9930000000 0.3194871689
0.9940000000 0.3277899502
0.9950000000 0.3127471705
0.9960000000 0.2860762962
0.9970000000 0.2597891109
0.9980000000 0.2391149750
0.9990000000 0.2249388587
1.0000000000 0.2160473274
1.0010000000 0.2109359500
1.0020000000 0.2083790738
1.0030000000 0.2075863658
1.0040000000 0.2079378989
1.0050000000 0.2089454145
1.0060000000 0.2104773430
1.0070000000 0.2123841756
1.0080000000 0.2145712886
1.0090000000 0.2169775337
1.0100000000 0.2195658368
1.0110000000 0.2223744720
1.0120000000 0.2253157249
1.0130000000 0.2283485705
1.0140000000 0.2315231627
1.0150000000 0.2348427909
1.0160000000 0.2383140979
1.0170000000 0.2419444158
1.0180000000 0.2457466791
1.0190000000 0.2497856182
1.0200000000 0.2540096031
1.0210000000 0.2584228954
1.0220000000 0.2630844692
1.0230000000 0.2680239992
1.0240000000 0.2732767165
1.0250000000 0.2788820221
1.0260000000 0.2848927113
1.0270000000 0.2914104179
1.0280000000 0.2984557603
1.0290000000 0.3061069550
1.0300000000 0.3145101346
1.0310000000 0.3238127046
1.0320000000 0.3342022988
1.0330000000 0.3459183664
1.0340000000 0.3592733231
1.0350000000 0.3747038749
1.0360000000 0.3927031864
1.0370000000 0.4139474427
1.0380000000 0.4393660668
1.0390000000 0.4701005864
1.0400000000 0.5075146670
1.0410000000 0.5530214910
1.0420000000 0.6075549189
1.0430000000 0.6703338979
1.0440000000 0.7366690841
1.0450000000 0.7957629149
1.0460000000 0.8321454568
1.0470000000 0.8337912041
1.0480000000 0.8018391612
1.0490000000 0.7498042966
1.0500000000 0.6932670688
1.0510000000 0.6422047827
1.0520000000 0.6006614856
1.0530000000 0.5688538161
1.0540000000 0.5454607742
1.0550000000 0.5289391276
1.0560000000 0.5178567607
1.0570000000 0.5110493839
1.0580000000 0.5076201868
1.0590000000 0.5068894949
1.0600000000 0.5082681079
1.0610000000 0.5115892165
1.0620000000 0.5164111780
1.0630000000 0.5225636322
1.0640000000 0.5298919861
1.0650000000 0.5382844856
1.0660000000 0.5476546699
1.0670000000 0.5579453474
1.0680000000 0.5689874364
1.0690000000 0.5810133269
1.0700000000 0.5939319242
1.0710000000 0.6076490403
1.0720000000 0.6222201637
1.0730000000 0.6376595126
1.0740000000 0.6539950841
1.0750000000 0.6712531575
1.0760000000 0.6894710324
1.0770000000 0.7084801858
1.0780000000 0.7287428338
1.0790000000 0.7501716054
1.0800000000 0.7727151622
1.0810000000 0.7964977229
1.0820000000 0.8215977509
1.0830000000 0.8480993944
1.0840000000 0.8760970785
1.0850000000 0.9079716548
1.0860000000 0.9414594944
1.0870000000 0.9774606602
1.0880000000 1.0156650623
1.0890000000 1.0563310184
1.0900000000 1.0996680895
1.0910000000 1.1459035826
1.0920000000 1.1953091296
1.0930000000 1.2481639341
1.0940000000 1.3047883988
1.0950000000 1.3649412839
1.0960000000 1.4303079315
1.0970000000 1.5005572693
1.0980000000 1.5763115945
1.0990000000 1.6581618715
1.1000000000 1.7467744747
1.1010000000 1.8429002699
1.1020000000 1.9474063727
1.1030000000 2.0602370215
1.1040000000 2.1845740886
1.1050000000 2.3209339900
1.1060000000 2.4705074581
1.1070000000 2.6352699418
1.1080000000 2.8173110796
1.1090000000 3.0191470700
1.1100000000 3.2436648098
1.1110000000 3.4944455664
1.1120000000 3.7734278801
1.1130000000 4.0902079806
1.1140000000 4.4482609418
1.1150000000 4.8553952922
1.1160000000 5.3208499144
1.1170000000 5.8560694369
1.1180000000 6.4753904350
1.1190000000 7.1969143013
1.1200000000 8.0437235594
1.1210000000 9.0396745764
1.1220000000 10.2349820718
1.1230000000 11.6737446592
1.1240000000 13.4240323776
1.1250000000 15.5756985006
1.1260000000 18.2501333097
1.1270000000 21.6115072967
1.1280000000 25.8801356559
1.1290000000 31.3458730224
1.1300000000 38.3527025955
1.1310000000 47.3228885188
1.1320000000 58.4975836382
1.1330000000 71.5888753927
1.1340000000 85.0639498743
1.1350000000 95.6054827794
1.1360000000 99.1727052161
1.1370000000 94.0686198723
1.1380000000 82.6168023339
1.1390000000 68.9313278084
1.1400000000 56.0691070668
1.1410000000 45.2298995266
1.1420000000 36.6011003493
1.1430000000 29.8722343662
1.1440000000 24.6454190352
1.1450000000 20.5665887970
1.1460000000 17.3551446023
1.1470000000 14.7995664233
1.1480000000 12.7429701690
1.1490000000 11.0651405809
1.1500000000 9.6894394865
1.1510000000 8.5469506889
1.1520000000 7.5894468205
1.1530000000 6.7800636322
1.1540000000 6.0904595085
1.1550000000 5.4986478759
1.1560000000 4.9873378072
1.1570000000 4.5427862439
1.1580000000 4.1540502924
1.1590000000 3.8097416912
1.1600000000 3.5080589807
1.1610000000 3.2402071020
1.1620000000 3.0014509079
1.1630000000 2.7877565653
1.1640000000 2.5957970029
1.1650000000 2.4227390262
1.1660000000 2.2662172635
1.1670000000 2.1242117163
1.1680000000 1.9949932253
1.1690000000 1.8755388461
1.1700000000 1.7677913282
1.1710000000 1.6689322341
1.1720000000 1.5780561350
1.1730000000 1.4943364814
1.1740000000 1.4170549193
1.1750000000 1.3455666539
1.1760000000 1.2793240844
1.1770000000 1.2178290112
1.1780000000 1.1595591164
1.1790000000 1.1063309315
1.1800000000 1.0567069491
1.1810000000 1.0103214342
1.1820000000 0.9669239653
1.1830000000 0.9262723763
1.1840000000 0.8881443861
1.1850000000 0.8523471586
1.1860000000 0.8187040513
1.1870000000 0.7870481422
1.1880000000 0.7572316493
1.1890000000 0.7283719353
1.1900000000 0.7019030003
1.1910000000 0.6768993080
1.1920000000 0.6532817184
1.1930000000 0.6309672436
1.1940000000 0.6098735015
1.1950000000 0.5899314740
1.1960000000 0.5710841203
1.1970000000 0.5532714467
1.1980000000 0.5364458022
1.1990000000 0.5199869636
1.2000000000 0.5050521206
1.2010000000 0.4909963235
1.2020000000 0.4778156981
1.2030000000 0.4655047262
1.2040000000 0.4540678327
1.2050000000 0.4435249411
1.2060000000 0.4339154909
1.2070000000 0.4252973300
1.2080000000 0.4177553328
1.2090000000 0.4109569049
1.2100000000 0.4060066413
1.2110000000 0.4026861726
1.2120000000 0.4013392729
1.2130000000 0.4024686728
1.2140000000 0.4067864691
1.2150000000 0.4153296023
1.2160000000 0.4296242379
1.2170000000 0.4519186447
1.2180000000 0.4854998629
1.2190000000 0.5349767374
1.2200000000 0.6056514160
1.2210000000 0.7019960827
1.2220000000 0.8166215872
1.2230000000 0.9159132698
1.2240000000 0.9435708364
1.2250000000 0.8762341936
1.2260000000 0.7551766098
1.2270000000 0.6327437834
1.2280000000 0.5324269689
1.2290000000 0.4563412890
1.2300000000 0.3996182453
1.2310000000 0.3565861478
1.2320000000 0.3238131997
1.2330000000 0.2980485611
1.2340000000 0.2773027172
1.2350000000 0.2602115727
1.2360000000 0.2458354104
1.2370000000 0.2335124078
1.2380000000 0.2227712808
1.2390000000 0.2132716971
1.2400000000 0.2047582639
1.2410000000 0.1970437774
1.2420000000 0.1896511016
1.2430000000 0.1831325247
1.2440000000 0.1770630078
1.2450000000 0.1713798999
1.2460000000 0.1660242814
1.2470000000 0.1609496831
1.2480000000 0.1561207815
1.2490000000 0.1515025629
1.2500000000 0.1470722567
1.2510000000 0.1428070604
1.2520000000 0.1386879878
1.2530000000 0.1343990241
1.2540000000 0.1305243862
1.2550000000 0.1267453522
1.2560000000 0.1230590417
1.2570000000 0.1194529260
1.2580000000 0.1159141516
1.2590000000 0.1124370861
1.2600000000 0.1090096485
1.2610000000 0.1056259391
1.2620000000 0.1022787711
1.2630000000 0.0989616792
1.2640000000 0.0956647746
1.2650000000 0.0921086695
1.2660000000 0.0888280972
1.2670000000 0.0855530071
1.2680000000 0.0822710982
1.2690000000 0.0789737241
1.2700000000 0.0756551667
1.2710000000 0.0723031449
1.2720000000 0.0689092883
1.2730000000 0.0654685332
1.2740000000 0.0619701684
1.2750000000 0.0584023385
1.2760000000 0.0547528297
1.2770000000 0.0507451545
1.2780000000 0.0468881638
1.2790000000 0.0429160994
1.2800000000 0.0388078356
1.2810000000 0.0345469434
1.2820000000 0.0301093716
1.2830000000 0.0254769582
1.2840000000 0.0218976566
1.2850000000 0.0190507457
1.2860000000 0.0171853612
1.2870000000 0.0155458060
1.2880000000 0.0140651122
1.2890000000 0.0124770828
1.2900000000 0.0112088000
1.2910000000 0.0100396947
1.2920000000 0.0089467002
1.2930000000 0.0086434264
1.2940000000 0.0076961663
1.2950000000 0.0068420588
1.2960000000 0.0060947309
1.2970000000 0.0054801747
1.2980000000 0.0050236123
1.2990000000 0.0047662170
1.3000000000 0.0042470181
1.3010000000 0.0039723548
1.3020000000 0.0039086783
1.3030000000 0.0037771988
1.3040000000 0.0037496206
1.3050000000 0.0044238777
1.3060000000 0.0063455429
1.3070000000 0.0491666550
1.3080000000 0.1602653323
1.3090000000 0.3037179440
1.3100000000 0.4649327298
1.3110000000 0.6143312532
1.3120000000 0.7158962581
1.3130000000 0.7446644036
1.3140000000 0.7028805718
1.3150000000 0.6128630259
1.3160000000 0.5039761178
1.3170000000 0.3987270612
1.3180000000 0.3086995551
1.3190000000 0.2372073187
1.3200000000 0.1828762356
1.3210000000 0.1426922162
1.3220000000 0.1132814888
1.3230000000 0.0918389924
1.3240000000 0.0761653996
1.3250000000 0.0645889612
1.3260000000 0.0556191682
1.3270000000 0.0489865171
1.3280000000 0.0438106275
1.3290000000 0.0395820068
1.3300000000 0.0360327563
1.3310000000 0.0329475035
1.3320000000 0.0301559335
1.3330000000 0.0275368958
1.3340000000 0.0250065634
1.3350000000 0.0225911555
1.3360000000 0.0202244259
1.3370000000 0.0178677453
1.3380000000 0.0155162246
1.3390000000 0.0127918816
1.3400000000 0.0104438996
1.3410000000 0.0081293271
1.3420000000 0.0058651216
1.3430000000 0.0037427115
1.3440000000 0.0019566086
1.3450000000 0.0019566086
1.3460000000 0.0019566086
1.3470000000 0.0019566086
1.3480000000 0.0019566086
1.3490000000 0.0019566086
1.3500000000 0.0019566086
1.3510000000 0.0019566086
1.3520000000 0.0019566086
1.3530000000 0.0019566086
1.3540000000 0.0019566086
1.3550000000 0.0019566086
1.3560000000 0.0019566086
1.3570000000 0.0019566086
1.3580000000 0.0019566086
1.3590000000 0.0019566086
1.3600000000 0.0019566086
1.3610000000 0.0019566086
1.3620000000 0.0019566086
1.3630000000 0.0019566086
1.3640000000 0.0019566086
1.3780000000 0.0019566086
1.3790000000 0.0851754473
1.3800000000 0.4580496083
1.3810000000 0.9014840815
1.3820000000 1.3410500926
1.3830000000 1.6823143499
1.3840000000 1.8548774800
1.3850000000 1.8473049008
1.3860000000 1.7028585997
1.3870000000 1.4864994218
1.3880000000 1.2532743625
1.3890000000 1.0372842778
1.3900000000 0.8533384319
1.3910000000 0.7043079965
1.3920000000 0.5869369528
1.3930000000 0.5093950819
1.3940000000 0.4378452733
1.3950000000 0.3828962145
1.3960000000 0.3407427173
1.3970000000 0.3083787485
1.3980000000 0.2835659846
1.3990000000 0.2645208271
1.4000000000 0.2499698510
1.4010000000 0.2389577383
1.4020000000 0.2307316985
1.4030000000 0.2247500764
1.4040000000 0.2206082335
1.4050000000 0.2180021939
1.4060000000 0.2167155957
1.4070000000 0.2165863412
1.4080000000 0.2199262230
1.4090000000 0.2216295163
1.4100000000 0.2243296233
1.4110000000 0.2280195782
1.4120000000 0.2327363372
1.4130000000 0.2385483278
1.4140000000 0.2455520937
1.4150000000 0.2538890134
1.4160000000 0.2637404238
1.4170000000 0.2753351112
1.4180000000 0.2889650728
1.4190000000 0.3049954258
1.4200000000 0.3238738023
1.4210000000 0.3461486949
1.4220000000 0.3733896798
1.4230000000 0.4044600942
1.4240000000 0.4411671060
1.4250000000 0.4843062376
1.4260000000 0.5344414847
1.4270000000 0.5915009148
1.4280000000 0.6541226887
1.4290000000 0.7187537065
1.4300000000 0.7788643302
1.4310000000 0.8250926704
1.4320000000 0.8474258076
1.4330000000 0.8393379519
1.4340000000 0.8013947278
1.4350000000 0.7412096261
1.4360000000 0.6696541126
1.4370000000 0.5969478072
1.4380000000 0.5286766975
1.4390000000 0.4684640863
1.4400000000 0.4170919178
1.4410000000 0.3741266229
1.4420000000 0.3385561682
1.4430000000 0.3092339062
1.4440000000 0.2850765976
1.4450000000 0.2651465733
1.4460000000 0.2486662459
1.4470000000 0.2349981532
1.4480000000 0.2236315700
1.4490000000 0.2141553365
1.4500000000 0.2062423494
1.4510000000 0.1996301817
1.4520000000 0.1941072836
1.4530000000 0.1897775266
1.4540000000 0.1859435776
1.4550000000 0.1827860293
1.4560000000 0.1802085465
1.4570000000 0.1781355144
1.4580000000 0.1765067689
1.4590000000 0.1752706049
1.4600000000 0.1743864190
1.4610000000 0.1738201213
1.4620000000 0.1735432488
1.4630000000 0.1735339453
1.4640000000 0.1737732396
1.4650000000 0.1742459914
1.4660000000 0.1749410809
1.4670000000 0.1758496559
1.4680000000 0.1771682789
1.4690000000 0.1784827515
1.4700000000 0.1799978745
1.4710000000 0.1817164428
1.4720000000 0.1836392855
1.4730000000 0.1857703319
1.4740000000 0.1881157998
1.4750000000 0.1906832887
1.4760000000 0.1934830942
1.4770000000 0.1965271931
1.4780000000 0.1998295691
1.4790000000 0.2034081164
1.4800000000 0.2072827499
1.4810000000 0.2114759495
1.4820000000 0.2160145427
1.4830000000 0.2209299978
1.4840000000 0.2264182071
1.4850000000 0.2321958593
1.4860000000 0.2384668077
1.4870000000 0.2453001686
1.4880000000 0.2527530384
1.4890000000 0.2608991742
1.4900000000 0.2698243509
1.4910000000 0.2796310605
1.4920000000 0.2904356683
1.4930000000 0.3023773687
1.4940000000 0.3156236236
1.4950000000 0.3303685933
1.4960000000 0.3468422961
1.4970000000 0.3653238380
1.4980000000 0.3861413276
1.4990000000 0.4096871292
1.5000000000 0.4364354426
1.5010000000 0.4683692340
1.5020000000 0.5048699463
1.5030000000 0.5470573656
1.5040000000 0.5958791072
1.5050000000 0.6524610610
1.5060000000 0.7179813399
1.5070000000 0.7935302641
1.5080000000 0.8798293158
1.5090000000 0.9767385101
1.5100000000 1.0825202217
1.5110000000 1.1927910920
1.5120000000 1.2996595167
1.5130000000 1.3915850901
1.5140000000 1.4550873410
1.5150000000 1.4785984811
1.5160000000 1.4571101981
1.5170000000 1.3945346454
1.5180000000 1.3022140487
1.5190000000 1.1945971133
1.5200000000 1.0830325772
1.5210000000 0.9767474890
1.5220000000 0.8805606181
1.5230000000 0.7963535479
1.5240000000 0.7241915358
1.5250000000 0.6631819006
1.5260000000 0.6120347660
1.5270000000 0.5693893009
1.5280000000 0.5339686328
1.5290000000 0.5046430414
1.5300000000 0.4804531114
1.5310000000 0.4605951598
1.5320000000 0.4444055670
1.5330000000 0.4313279846
1.5340000000 0.4209367470
1.5350000000 0.4128637846
1.5360000000 0.4067923652
1.5370000000 0.4024911979
1.5380000000 0.3997614276
1.5390000000 0.3984424752
1.5400000000 0.3984043779
1.5410000000 0.3995410293
1.5420000000 0.4017694671
1.5430000000 0.4050246575
1.5440000000 0.4092554026
1.5450000000 0.4144261115
1.5460000000 0.4205131481
1.5470000000 0.4275008834
1.5480000000 0.4353860323
1.5490000000 0.4441732688
1.5500000000 0.4538495443
1.5510000000 0.4644873427
1.5520000000 0.4760806409
1.5530000000 0.4886915767
1.5540000000 0.5023548629
1.5550000000 0.5171265669
1.5560000000 0.5330723404
1.5570000000 0.5502677528
1.5580000000 0.5688000830
1.5590000000 0.5887673539
1.5600000000 0.6102826586
1.5610000000 0.6334745981
1.5620000000 0.6584896731
1.5630000000 0.6854917685
1.5640000000 0.7146691272
1.5650000000 0.7462346500
1.5660000000 0.7804293579
1.5670000000 0.8175311080
1.5680000000 0.8577372406
1.5690000000 0.9016144264
1.5700000000 0.9495110424
1.5710000000 1.0018847093
1.5720000000 1.0592847462
1.5730000000 1.1223504142
1.5740000000 1.1918212266
1.5750000000 1.2685557121
1.5760000000 1.3535647746
1.5770000000 1.4480229523
1.5780000000 1.5533078758
1.5790000000 1.6710380779
1.5800000000 1.8031156004
1.5810000000 1.9517795752
1.5820000000 2.1196532334
1.5830000000 2.3098005712
1.5840000000 2.5257848268
1.5850000000 2.7716857231
1.5860000000 3.0517088073
1.5870000000 3.3715347621
1.5880000000 3.7362002978
1.5890000000 4.1504761593
1.5900000000 4.6180545298
1.5910000000 5.1400022316
1.5920000000 5.7126160643
1.5930000000 6.3246406237
1.5940000000 6.9543041544
1.5950000000 7.5672799556
1.5960000000 8.1178096308
1.5970000000 8.5547986530
1.5980000000 8.8333807859
1.5990000000 8.9282267156
1.6000000000 8.8424313118
1.6010000000 8.6090650614
1.6020000000 8.2759329721
1.6030000000 7.8941613319
1.6040000000 7.5101157514
1.6050000000 7.1563814899
1.6060000000 6.8568766361
1.6070000000 6.6253107239
1.6080000000 6.4671894543
1.6090000000 6.3824855683
1.6100000000 6.3661748357
1.6110000000 6.4081100764
1.6120000000 6.4921823486
1.6130000000 6.5953725718
1.6140000000 6.6881881037
1.6150000000 6.7374663029
1.6160000000 6.7121838364
1.6170000000 6.5914826888
1.6180000000 6.3710880560
1.6190000000 6.0643896431
1.6200000000 5.6978639691
1.6210000000 5.3027002908
1.6220000000 4.9073542486
1.6230000000 4.5343695121
1.6240000000 4.1959054268
1.6250000000 3.8997449010
1.6260000000 3.6486383638
1.6270000000 3.4422459392
1.6280000000 3.2788210799
1.6290000000 3.1561461136
1.6300000000 3.0721147373
1.6310000000 3.0251176419
1.6320000000 3.0142213348
1.6330000000 3.0392487723
1.6340000000 3.1008925141
1.6350000000 3.2006876123
1.6360000000 3.3410603905
1.6370000000 3.5251762116
1.6380000000 3.7568720128
1.6390000000 4.0402761868
1.6400000000 4.3792357868
1.6410000000 4.7761669368
1.6420000000 5.2309549332
1.6430000000 5.7364580624
1.6440000000 6.2777381552
1.6450000000 6.8268986673
1.6460000000 7.3422449807
1.6470000000 7.7702886092
1.6480000000 8.0546594461
1.6490000000 8.1506306584
1.6500000000 8.0395581142
1.6510000000 7.7356692288
1.6520000000 7.2806113136
1.6530000000 6.7294296676
1.6540000000 6.1357496455
1.6550000000 5.5423522874
1.6560000000 4.9780118867
1.6570000000 4.4589025910
1.6580000000 3.9917809894
1.6590000000 3.5773178082
1.6600000000 3.2126796059
1.6610000000 2.8933222891
1.6620000000 2.6135665660
1.6630000000 2.3693392691
1.6640000000 2.1554673454
1.6650000000 1.9678102583
1.6660000000 1.8026514492
1.6670000000 1.6568195253
1.6680000000 1.5276122252
1.6690000000 1.4127338609
1.6700000000 1.3102296217
1.6710000000 1.2184503459
1.6720000000 1.1360083947
1.6730000000 1.0617222441
1.6740000000 0.9945958381
1.6750000000 0.9337875607
1.6760000000 0.8785926752
1.6770000000 0.8284154955
1.6780000000 0.7827764870
1.6790000000 0.7412916419
1.6800000000 0.7036724791
1.6810000000 0.6697200934
1.6820000000 0.6386591915
1.6830000000 0.6117841363
1.6840000000 0.5884921816
1.6850000000 0.5689835451
1.6860000000 0.5534331524
1.6870000000 0.5420614879
1.6880000000 0.5350088345
1.6890000000 0.5322278358
1.6900000000 0.5333200212
1.6910000000 0.5374318168
1.6920000000 0.5431606753
1.6930000000 0.5486856137
1.6940000000 0.5520355554
1.6950000000 0.5514950902
1.6960000000 0.5460541566
1.6970000000 0.5355628059
1.6980000000 0.5207303759
1.6990000000 0.5027717073
1.7000000000 0.4830924438
1.7010000000 0.4624197843
1.7020000000 0.4423681113
1.7030000000 0.4235323650
1.7040000000 0.4066128513
1.7050000000 0.3915829344
1.7060000000 0.3785048082
1.7070000000 0.3672894051
1.7080000000 0.3578104116
1.7090000000 0.3499377801
1.7100000000 0.3435601667
1.7110000000 0.3385746755
1.7120000000 0.3349022436
1.7130000000 0.3324903222
1.7140000000 0.3313122345
1.7150000000 0.3313624895
1.7160000000 0.3326655514
1.7170000000 0.3352622058
1.7180000000 0.3392258323
1.7190000000 0.3446532649
1.7200000000 0.3516709165
1.7210000000 0.3604406910
1.7220000000 0.3711595391
1.7230000000 0.3840642016
1.7240000000 0.3993988023
1.7250000000 0.4175968606
1.7260000000 0.4389324179
1.7270000000 0.4640344473
1.7280000000 0.4933777224
1.7290000000 0.5275870972
1.7300000000 0.5673629402
1.7310000000 0.6134614172
1.7320000000 0.6666528598
1.7330000000 0.7276436244
1.7340000000 0.7969384625
1.7350000000 0.8746281233
1.7360000000 0.9600944484
1.7370000000 1.0515936734
1.7380000000 1.1458874861
1.7390000000 1.2379384640
1.7400000000 1.3209956434
1.7410000000 1.3873765665
1.7420000000 1.4298679187
1.7430000000 1.4435291509
1.7440000000 1.4271159952
1.7450000000 1.3836616665
1.7460000000 1.3182797758
1.7470000000 1.2386233409
1.7480000000 1.1514794533
1.7490000000 1.0626934988
1.7500000000 0.9763948100
1.7510000000 0.8951796306
1.7520000000 0.8204015904
1.7530000000 0.7525644359
1.7540000000 0.6916019296
1.7550000000 0.6371363087
1.7560000000 0.5886241223
1.7570000000 0.5454561312
1.7580000000 0.5070412230
1.7590000000 0.4728126152
1.7600000000 0.4422548813
1.7610000000 0.4149083804
1.7620000000 0.3903724220
1.7630000000 0.3682929039
1.7640000000 0.3483624430
1.7650000000 0.3303191283
1.7660000000 0.3139348905
1.7670000000 0.2987868191
1.7680000000 0.2851508510
1.7690000000 0.2726663643
1.7700000000 0.2611839907
1.7710000000 0.2506059091
1.7720000000 0.2408336572
1.7730000000 0.2317838029
1.7740000000 0.2233809823
1.7750000000 0.2155612010
1.7760000000 0.2082680394
1.7770000000 0.2014514264
1.7780000000 0.1950672794
1.7790000000 0.1890767724
1.7800000000 0.1834483317
1.7810000000 0.1781516369
1.7820000000 0.1731614448
1.7830000000 0.1684579693
1.7840000000 0.1640228748
1.7850000000 0.1598415523
1.7860000000 0.1559030882
1.7870000000 0.1522019123
1.7880000000 0.1487356775
1.7890000000 0.1455061380
1.7900000000 0.1422130335
1.7910000000 0.1394659215
1.7920000000 0.1370058472
1.7930000000 0.1348506208
1.7940000000 0.1330353655
1.7950000000 0.1316082155
1.7960000000 0.1306242648
1.7970000000 0.1301539733
1.7980000000 0.1302688905
1.7990000000 0.1310571050
1.8000000000 0.1325954987
1.8010000000 0.1350841361
1.8020000000 0.1384753271
1.8030000000 0.1427558511
1.8040000000 0.1478272682
1.8050000000 0.1534792303
1.8060000000 0.1593922963
1.8070000000 0.1651491006
1.8080000000 0.1702901249
1.8090000000 0.1743765866
1.8100000000 0.1770898714
1.8110000000 0.1782619001
1.8120000000 0.1774269848
1.8130000000 0.1757553127
1.8140000000 0.1730800235
1.8150000000 0.1696267575
1.8160000000 0.1657410854
1.8170000000 0.1616639089
1.8180000000 0.1575782752
1.8190000000 0.1536061808
1.8200000000 0.1498219120
1.8210000000 0.1462657292
1.8220000000 0.1429428788
1.8230000000 0.1398450620
1.8240000000 0.1369519514
1.8250000000 0.1342461062
1.8260000000 0.1317025280
1.8270000000 0.1292923968
1.8280000000 0.1269907347
1.8290000000 0.1247723914
1.8300000000 0.1226144422
1.8310000000 0.1204929347
1.8320000000 0.1183845614
1.8330000000 0.1162674258
1.8340000000 0.1141223797
1.8350000000 0.1106204843
1.8360000000 0.1082416462
1.8370000000 0.1058099375
1.8380000000 0.1031826472
1.8390000000 0.1003914213
1.8400000000 0.0974080787
1.8410000000 0.0942034072
1.8420000000 0.0907553457
1.8430000000 0.0870359088
1.8440000000 0.0830258287
1.8450000000 0.0787184042
1.8460000000 0.0741266391
1.8470000000 0.0692867111
1.8480000000 0.0642606657
1.8490000000 0.0591789757
1.8500000000 0.0542360952
1.8510000000 0.0497119089
1.8520000000 0.0461257938
1.8530000000 0.0439620988
1.8540000000 0.0436773310
1.8550000000 0.0459724569
1.8560000000 0.0514968607
1.8570000000 0.0611182660
1.8580000000 0.0753286791
1.8590000000 0.0892597262
1.8600000000 0.1124826073
1.8610000000 0.1384326853
1.8620000000 0.1654330777
1.8630000000 0.1917111705
1.8640000000 0.2156440487
1.8650000000 0.2360503977
1.8660000000 0.2523263764
1.8670000000 0.2644491171
1.8680000000 0.2728280167
1.8690000000 0.2781567547
1.8700000000 0.2812474163
1.8710000000 0.2828744031
1.8720000000 0.2837340496
1.8730000000 0.2843393982
1.8740000000 0.2850838571
1.8750000000 0.2861986409
1.8760000000 0.2877737678
1.8770000000 0.2897868586
1.8780000000 0.2920938525
1.8790000000 0.2944627333
1.8800000000 0.2965872188
1.8810000000 0.2981318968
1.8820000000 0.2987674896
1.8830000000 0.2982050872
1.8840000000 0.2980264163
1.8850000000 0.2944969937
1.8860000000 0.2895756248
1.8870000000 0.2834405314
1.8880000000 0.2763490679
1.8890000000 0.2685958173
1.8900000000 0.2604763673
1.8910000000 0.2522669128
1.8920000000 0.2441994149
1.8930000000 0.2364425216
1.8940000000 0.2291259148
1.8950000000 0.2223297223
1.8960000000 0.2160993726
1.8970000000 0.2104512227
1.8980000000 0.2053798076
1.8990000000 0.2008674469
1.9000000000 0.1968906462
1.9010000000 0.1933895116
1.9020000000 0.1904027911
1.9030000000 0.1878933115
1.9040000000 0.1858259698
1.9050000000 0.1841677927
1.9060000000 0.1828882406
1.9070000000 0.1819599708
1.9080000000 0.1813583311
1.9090000000 0.1814707227
1.9100000000 0.1814434140
1.9110000000 0.1816911729
1.9120000000 0.1821998370
1.9130000000 0.1829578969
1.9140000000 0.1839566358
1.9150000000 0.1851888938
1.9160000000 0.1866497912
1.9170000000 0.1883354513
1.9180000000 0.1902440786
1.9190000000 0.1923748557
1.9200000000 0.1947285477
1.9210000000 0.1973072418
1.9220000000 0.2001146623
1.9230000000 0.2031549896
1.9240000000 0.2064347556
1.9250000000 0.2099612458
1.9260000000 0.2137432195
1.9270000000 0.2177907672
1.9280000000 0.2221155506
1.9290000000 0.2267305231
1.9300000000 0.2316505336
1.9310000000 0.2368919983
1.9320000000 0.2424735257
1.9330000000 0.2486012632
1.9340000000 0.2549205210
1.9350000000 0.2616474760
1.9360000000 0.2688103319
1.9370000000 0.2764392102
1.9380000000 0.2845680260
1.9390000000 0.2932336139
1.9400000000 0.3024769489
1.9410000000 0.3123432540
1.9420000000 0.3228826698
1.9430000000 0.3341510116
1.9440000000 0.3462089190
1.9450000000 0.3591249919
1.9460000000 0.3729745611
1.9470000000 0.3878407612
1.9480000000 0.4038173105
1.9490000000 0.4210059126
1.9500000000 0.4395216945
1.9510000000 0.4594921197
1.9520000000 0.4810577266
1.9530000000 0.5043768413
1.9540000000 0.5296223875
1.9550000000 0.5569890803
1.9560000000 0.5866870123
1.9570000000 0.6189567312
1.9580000000 0.6540534075
1.9590000000 0.6923717012
1.9600000000 0.7339891554
1.9610000000 0.7793540745
1.9620000000 0.8287949960
1.9630000000 0.8826716387
1.9640000000 0.9413369550
1.9650000000 1.0051192695
1.9660000000 1.0743030963
1.9670000000 1.1490888274
1.9680000000 1.2295460390
1.9690000000 1.3155528537
1.9700000000 1.4066930390
1.9710000000 1.5021891503
1.9720000000 1.6007832586
1.9730000000 1.7006365319
1.9740000000 1.7992859776
1.9750000000 1.8936125923
1.9760000000 1.9799606325
1.9770000000 2.0543550397
1.9780000000 2.1128612039
1.9790000000 2.1520417447
1.9800000000 2.1694464508
1.9810000000 2.1640079347
1.9820000000 2.1362216045
1.9830000000 2.0881009221
1.9840000000 2.0228703357
1.9850000000 1.9445512194
1.9860000000 1.8572457159
1.9870000000 1.7651094218
1.9880000000 1.6715821059
1.9890000000 1.5796424102
1.9900000000 1.4915062889
1.9910000000 1.4087345255
1.9920000000 1.3323332694
1.9930000000 1.2628485283
1.9940000000 1.2004620000
1.9950000000 1.1450898444
1.9960000000 1.0964318116
1.9970000000 1.0540319170
1.9980000000 1.0172992465
1.9990000000 0.9855351010
2.0000000000 0.9579485871
