# Energy(eV)	P_integrated for V0 = 0.6159 eV, theta = 1.6778 mrad
0.2960000000 53.5076929193
0.2970000000 306.4463676941
0.2980000000 343.9530644303
0.2990000000 187.0068138631
0.3000000000 62.4583222850
0.3010000000 4.1954536312
0.3630000000 4.1954536312
0.3640000000 4.1954536312
0.3650000000 4.1954536312
0.3660000000 4.1954536312
0.3670000000 4.1954536312
0.3680000000 4.1954536312
0.3690000000 4.1954536312
0.3700000000 4.1954536312
0.3710000000 4.1954536312
0.3720000000 4.1954536312
0.3730000000 4.1954536312
0.3740000000 4.1954536312
0.3750000000 4.1954536312
0.3760000000 4.1954536312
0.3770000000 4.1954536312
0.3780000000 4.1954536312
0.3790000000 0.6879734612
0.3800000000 0.0108891229
0.3810000000 0.0175262933
0.3820000000 0.0238999626
0.3830000000 0.0299280056
0.3840000000 0.0358418866
0.3850000000 0.0415446806
0.3860000000 0.0470420217
0.3870000000 0.0523360671
0.3880000000 0.0574567664
0.3890000000 0.0625889430
0.3900000000 0.0672775224
0.3910000000 0.0719077750
0.3920000000 0.0763932567
0.3930000000 0.0809075777
0.3940000000 0.0851195058
0.3950000000 0.0892120650
0.3960000000 0.0932627326
0.3970000000 0.0971256615
0.3980000000 0.1008841761
0.3990000000 0.1046932972
0.4000000000 0.1082562686
0.4010000000 0.1118007566
0.4020000000 0.1153404499
0.4030000000 0.1186572347
0.4040000000 0.1220339356
0.4050000000 0.1253391000
0.4060000000 0.1285012170
0.4070000000 0.1315393247
0.4080000000 0.1346482074
0.4090000000 0.1378397668
0.4100000000 0.1407662289
0.4110000000 0.1437198515
0.4120000000 0.1467486909
0.4130000000 0.1496026731
0.4140000000 0.1524786838
0.4150000000 0.1553788059
0.4160000000 0.1583600297
0.4170000000 0.1613019847
0.4180000000 0.1641463698
0.4190000000 0.1671403786
0.4200000000 0.1703269270
0.4210000000 0.1739310430
0.4220000000 0.1774893357
0.4230000000 0.1797060117
0.4240000000 0.1818877443
0.4250000000 0.1840116323
0.4260000000 0.1861832660
0.4270000000 0.1883440012
0.4280000000 0.1904975915
0.4290000000 0.1925948477
0.4300000000 0.1947458520
0.4310000000 0.1968914567
0.4320000000 0.1989945514
0.4330000000 0.2011549225
0.4340000000 0.2033132661
0.4350000000 0.2054393047
0.4360000000 0.2076257621
0.4370000000 0.2098145799
0.4380000000 0.2119825027
0.4390000000 0.2142120231
0.4400000000 0.2164531546
0.4410000000 0.2186797456
0.4420000000 0.2209715750
0.4430000000 0.2232798566
0.4440000000 0.2255815349
0.4450000000 0.2279537249
0.4460000000 0.2303469796
0.4470000000 0.2327420385
0.4480000000 0.2352097945
0.4490000000 0.2377069636
0.4500000000 0.2402124017
0.4510000000 0.2427868726
0.4520000000 0.2453777277
0.4530000000 0.2480472872
0.4540000000 0.2507541818
0.4550000000 0.2534870172
0.4560000000 0.2563015106
0.4570000000 0.2591630242
0.4580000000 0.2620575050
0.4590000000 0.2650296608
0.4600000000 0.2680446984
0.4610000000 0.2711491513
0.4620000000 0.2743094261
0.4630000000 0.2775231593
0.4640000000 0.2808224713
0.4650000000 0.2841817303
0.4660000000 0.2876393441
0.4670000000 0.2911667259
0.4680000000 0.2947675512
0.4690000000 0.2984634519
0.4700000000 0.3022404267
0.4710000000 0.3061251203
0.4720000000 0.3100860367
0.4730000000 0.3141673156
0.4740000000 0.3183419436
0.4750000000 0.3226243016
0.4760000000 0.3270191160
0.4770000000 0.3315309110
0.4780000000 0.3361694858
0.4790000000 0.3409235571
0.4800000000 0.3458193478
0.4810000000 0.3508396716
0.4820000000 0.3560113855
0.4830000000 0.3613193191
0.4840000000 0.3667936721
0.4850000000 0.3724130687
0.4860000000 0.3782130023
0.4870000000 0.3841696897
0.4880000000 0.3903252397
0.4890000000 0.3966551899
0.4900000000 0.4031877885
0.4910000000 0.4099149076
0.4920000000 0.4168658096
0.4930000000 0.4240266385
0.4940000000 0.4314068485
0.4950000000 0.4390650251
0.4960000000 0.4469396616
0.4970000000 0.4551555881
0.4980000000 0.4636072988
0.4990000000 0.4723991605
0.5000000000 0.4814465033
0.5010000000 0.4908680030
0.5020000000 0.5005694956
0.5030000000 0.5106809788
0.5040000000 0.5211021653
0.5050000000 0.5319786877
0.5060000000 0.5431960667
0.5070000000 0.5549127885
0.5080000000 0.5670081531
0.5090000000 0.5796589879
0.5100000000 0.5927263811
0.5110000000 0.6064100263
0.5120000000 0.6205612917
0.5130000000 0.6353999577
0.5140000000 0.6507547743
0.5150000000 0.6668818863
0.5160000000 0.6835849524
0.5170000000 0.7011527988
0.5180000000 0.7193713413
0.5190000000 0.7385609411
0.5200000000 0.7584812993
0.5210000000 0.7794990237
0.5220000000 0.8013493329
0.5230000000 0.8244335890
0.5240000000 0.8486551037
0.5250000000 0.8739161588
0.5260000000 0.9006473714
0.5270000000 0.9285817048
0.5280000000 0.9581952287
0.5290000000 0.9891850915
0.5300000000 1.0221281796
0.5310000000 1.0566496495
0.5320000000 1.0934244066
0.5330000000 1.1320439023
0.5340000000 1.1732846021
0.5350000000 1.2166865644
0.5360000000 1.2631583021
0.5370000000 1.3125639014
0.5380000000 1.3647982939
0.5390000000 1.4209174764
0.5400000000 1.4804104660
0.5410000000 1.5445147790
0.5420000000 1.6126901024
0.5430000000 1.6863924274
0.5440000000 1.7650605598
0.5450000000 1.8504086810
0.5460000000 1.9425023926
0.5470000000 2.0414410260
0.5480000000 2.1493918625
0.5490000000 2.2658920477
0.5500000000 2.3935949256
0.5510000000 2.5320518146
0.5520000000 2.6847346093
0.5530000000 2.8523452330
0.5540000000 3.0358006336
0.5550000000 3.2398387367
0.5560000000 3.4646776941
0.5570000000 3.7165631584
0.5580000000 3.9981482146
0.5590000000 4.3125159217
0.5600000000 4.6691587830
0.5610000000 5.0714855536
0.5620000000 5.5327599463
0.5630000000 6.0591992026
0.5640000000 6.6707468831
0.5650000000 7.3825408986
0.5660000000 8.2140463547
0.5670000000 9.2032104235
0.5680000000 10.3815215825
0.5690000000 11.8138984181
0.5700000000 13.5703949834
0.5710000000 15.7485759482
0.5720000000 18.5162763663
0.5730000000 22.0785712114
0.5740000000 26.8041763508
0.5750000000 33.2305181039
0.5760000000 42.2405696900
0.5770000000 55.4723755714
0.5780000000 75.8632576752
0.5790000000 109.2422682135
0.5800000000 168.3602282455
0.5810000000 280.8576585654
0.5820000000 494.7577723597
0.5830000000 747.9448096429
0.5840000000 659.0479815232
0.5850000000 388.2549138270
0.5860000000 221.1647844633
0.5870000000 135.6970814496
0.5880000000 89.8565550497
0.5890000000 63.2286296910
0.5900000000 46.6464879707
0.5910000000 35.7054589298
0.5920000000 28.1292146774
0.5930000000 22.6965407766
0.5940000000 18.6733478083
0.5950000000 15.6058461988
0.5960000000 13.2292480518
0.5970000000 11.3410908517
0.5980000000 9.8266364471
0.5990000000 8.5906174431
0.6000000000 7.5648083971
0.6010000000 6.7113419415
0.6020000000 5.9914057599
0.6030000000 5.3751958158
0.6040000000 4.8494148261
0.6050000000 4.3953268406
0.6060000000 3.9973155555
0.6070000000 3.6518312976
0.6080000000 3.3478370060
0.6090000000 3.0766572656
0.6100000000 2.8379946019
0.6110000000 2.6230249314
0.6120000000 2.4322223112
0.6130000000 2.2608025643
0.6140000000 2.1044569218
0.6150000000 1.9643976781
0.6160000000 1.8372987684
0.6170000000 1.7201660507
0.6180000000 1.6144874936
0.6190000000 1.5177840477
0.6200000000 1.4278562407
0.6210000000 1.3462344259
0.6220000000 1.2710756499
0.6230000000 1.2005771115
0.6240000000 1.1363048890
0.6250000000 1.0767685279
0.6260000000 1.0205375414
0.6270000000 0.9690730719
0.6280000000 0.9211646760
0.6290000000 0.8756042696
0.6300000000 0.8338029762
0.6310000000 0.7947039942
0.6320000000 0.7573022429
0.6330000000 0.7229081942
0.6340000000 0.6906214399
0.6350000000 0.6595365232
0.6360000000 0.6308996282
0.6370000000 0.6039530123
0.6380000000 0.5784948613
0.6390000000 0.5537740245
0.6400000000 0.5310556137
0.6410000000 0.5095270372
0.6420000000 0.4885583455
0.6430000000 0.4691775223
0.6440000000 0.4508147492
0.6450000000 0.4328420077
0.6460000000 0.4162268981
0.6470000000 0.4004359770
0.6480000000 0.3849107305
0.6490000000 0.3705494415
0.6500000000 0.3568960423
0.6510000000 0.3438517534
0.6520000000 0.3308924264
0.6530000000 0.3189998199
0.6540000000 0.3075972860
0.6550000000 0.2962791064
0.6560000000 0.2858044050
0.6570000000 0.2757924219
0.6580000000 0.2658013105
0.6590000000 0.2565698060
0.6600000000 0.2477259162
0.6610000000 0.2392274403
0.6620000000 0.2306617119
0.6630000000 0.2228148372
0.6640000000 0.2152473099
0.6650000000 0.2076289872
0.6660000000 0.2005905296
0.6670000000 0.1938251762
0.6680000000 0.1869903970
0.6690000000 0.1806738400
0.6700000000 0.1746081790
0.6710000000 0.1687442775
0.6720000000 0.1627725558
0.6730000000 0.1572679824
0.6740000000 0.1519609187
0.6750000000 0.1465407362
0.6760000000 0.1415497054
0.6770000000 0.1367432325
0.6780000000 0.1320749459
0.6790000000 0.1272861082
0.6800000000 0.1228704806
0.6810000000 0.1186077208
0.6820000000 0.1144769053
0.6830000000 0.1101672735
0.6840000000 0.1062709161
0.6850000000 0.1024660674
0.6860000000 0.0985252744
0.6870000000 0.0949081594
0.6880000000 0.0914068261
0.6890000000 0.0879926416
0.6900000000 0.0844317614
0.6910000000 0.0811637903
0.6920000000 0.0779955601
0.6930000000 0.0749063785
0.6940000000 0.0716380022
0.6950000000 0.0686931041
0.6960000000 0.0658021072
0.6970000000 0.0627729391
0.6980000000 0.0599846186
0.6990000000 0.0572885337
0.7000000000 0.0546347723
0.7010000000 0.0518390632
0.7020000000 0.0492744583
0.7030000000 0.0467753730
0.7040000000 0.0443212618
0.7050000000 0.0417204106
0.7060000000 0.0393324784
0.7070000000 0.0370057372
0.7080000000 0.0347154115
0.7090000000 0.0322799194
0.7100000000 0.0300325870
0.7110000000 0.0278476953
0.7120000000 0.0256893115
0.7130000000 0.0233858830
0.7140000000 0.0212615769
0.7150000000 0.0191810925
0.7160000000 0.0171366384
0.7170000000 0.0149405121
0.7180000000 0.0129122280
0.7190000000 0.0109173385
0.7200000000 0.0089495959
0.7210000000 0.0068383112
0.7220000000 0.0052852625
0.7230000000 0.0046458116
0.7240000000 0.0041334891
0.7250000000 0.0037419529
0.7260000000 0.0031816488
0.7270000000 0.0029500412
0.7280000000 0.0030773399
0.7290000000 0.0027245275
0.7300000000 0.0028969628
0.7310000000 0.0021574475
0.7320000000 0.0032167462
0.7330000000 0.0028496191
0.7340000000 0.0029272598
0.7350000000 0.0035243971
0.7360000000 0.0048324168
0.7370000000 0.0021516474
0.7380000000 0.0045870435
0.7390000000 0.0019375971
0.7400000000 0.0066533722
0.7410000000 0.0036348960
0.7420000000 0.0139323666
0.7430000000 0.0111701985
0.7440000000 0.0082412572
0.7450000000 0.0051781995
0.7460000000 0.0016731539
0.7470000000 0.5401196118
0.7480000000 0.5278648333
0.7490000000 0.5147181842
0.7500000000 0.4992507565
0.7510000000 0.4839741682
0.7520000000 0.4681502422
0.7530000000 0.4512670949
0.7540000000 0.4306755342
0.7550000000 0.4115252166
0.7560000000 0.3906846270
0.7570000000 0.3688531620
0.7580000000 0.3461521439
0.7590000000 0.3209894760
0.7600000000 0.2960166082
0.7610000000 0.2705003031
0.7620000000 0.2430876894
0.7630000000 0.2140348473
0.7640000000 0.1843357877
0.7650000000 0.1542153559
0.7660000000 0.1228658940
0.7670000000 0.0906744666
0.7680000000 0.0558575208
0.7690000000 0.0207428881
0.7700000000 0.0001170804
0.7710000000 0.0001410868
0.7720000000 0.0001171825
0.7730000000 0.0001486684
0.7740000000 0.0001463893
0.7750000000 0.0001006217
0.7760000000 0.0001100389
0.7770000000 0.0001194085
0.7780000000 0.0001366015
0.7790000000 0.0001162409
0.7800000000 0.0001014503
0.7810000000 0.0001486212
0.7820000000 0.0001435831
0.7830000000 0.0001453729
0.7840000000 0.0001631649
0.7850000000 0.0001274917
0.7860000000 0.0001582887
0.7870000000 0.0001293869
0.7880000000 0.0001884727
0.7890000000 0.0001904348
0.7900000000 0.0002014716
0.7910000000 0.0002214393
0.7920000000 0.0002494386
0.7930000000 0.0002186305
0.7940000000 0.0002892398
0.7950000000 0.0002853066
0.7960000000 0.0002909468
0.7970000000 0.0003083779
0.7980000000 0.0003610885
0.7990000000 0.0004399054
0.8000000000 0.0005528712
0.8010000000 0.0005574392
0.8020000000 0.0005745455
0.8030000000 0.0006470871
0.8040000000 0.0007636802
0.8050000000 0.0009361009
0.8060000000 0.0011769702
0.8070000000 0.0012442157
0.8080000000 0.0014086606
0.8090000000 0.0016623060
0.8100000000 0.0020540769
0.8110000000 0.0026164583
0.8120000000 0.0029501609
0.8130000000 0.0035270806
0.8140000000 0.0043783417
0.8150000000 0.0049723985
0.8160000000 0.0066121562
0.8170000000 0.0080673479
0.8180000000 0.0093108821
0.8190000000 0.0124340929
0.8200000000 0.0156051839
0.8210000000 0.0202931420
0.8220000000 0.0272754127
0.8230000000 0.0354367102
0.8240000000 0.0479053165
0.8250000000 0.0629999667
0.8260000000 0.5657112436
0.8270000000 0.1622730658
0.8280000000 0.2303869734
0.8290000000 0.2942105059
0.8300000000 0.4371327432
0.8310000000 0.6733910957
0.8320000000 1.0128981317
0.8330000000 1.4504912971
0.8340000000 1.8188238012
0.8350000000 1.6472690887
0.8360000000 1.1479720458
0.8370000000 0.6680644861
0.8380000000 0.3689382921
0.8390000000 0.0976597475
0.8400000000 0.0215923643
0.8410000000 0.0019738112
0.8430000000 0.0005313103
0.8440000000 0.3743058405
0.8450000000 5.1456832226
0.8460000000 12.1494818581
0.8470000000 17.6389347368
0.8480000000 18.5551116574
0.8490000000 15.3189680164
0.8500000000 10.6611956966
0.8510000000 6.6385199206
0.8520000000 3.8229103319
0.8530000000 2.0841875410
0.8540000000 1.0071959474
0.8550000000 0.3786732072
0.8560000000 0.0264927302
0.8570000000 0.0182535895
0.8580000000 0.0002362350
0.8590000000 0.0000271062
0.8670000000 0.0585048401
0.8680000000 0.3574871820
0.8690000000 0.6362006702
0.8700000000 0.0005662461
0.8710000000 0.0088317031
0.8720000000 0.0010397943
0.8730000000 0.0024441148
0.8740000000 0.0001558890
0.8750000000 0.0022867921
0.8760000000 0.0012153247
0.8770000000 0.0009076802
0.8780000000 0.0006856775
0.8790000000 0.0023954503
0.8800000000 0.0085998453
0.8810000000 0.0154135263
0.8820000000 0.0230667886
0.8830000000 0.0286832654
0.8840000000 0.0339162705
0.8850000000 0.0387351293
0.8860000000 0.0431734931
0.8870000000 0.0472833823
0.8880000000 0.0520685567
0.8890000000 0.0554911934
0.8900000000 0.0586989984
0.8910000000 0.0616807686
0.8920000000 0.0644511054
0.8930000000 0.0670250460
0.8940000000 0.0701631240
0.8950000000 0.0723373967
0.8960000000 0.0743923136
0.8970000000 0.0763197630
0.8980000000 0.0781179154
0.8990000000 0.0798000899
0.9000000000 0.0819635109
0.9010000000 0.0834049700
0.9020000000 0.0847802214
0.9030000000 0.0860798128
0.9040000000 0.0873015736
0.9050000000 0.0884580825
0.9060000000 0.0900199723
0.9070000000 0.0910213595
0.9080000000 0.0919886630
0.9090000000 0.0929123723
0.9100000000 0.0937881606
0.9110000000 0.0946246395
0.9120000000 0.0958084514
0.9130000000 0.0965582822
0.9140000000 0.0972692965
0.9150000000 0.0979608443
0.9160000000 0.0986293174
0.9170000000 0.0992730247
0.9180000000 0.0998943504
0.9190000000 0.1008104354
0.9200000000 0.1013740428
0.9210000000 0.1019307618
0.9220000000 0.1024749542
0.9230000000 0.1030055491
0.9240000000 0.1035228644
0.9250000000 0.1042993699
0.9260000000 0.1047796892
0.9270000000 0.1052601123
0.9280000000 0.1057350265
0.9290000000 0.1062022352
0.9300000000 0.1066619070
0.9310000000 0.1071167041
0.9320000000 0.1077964830
0.9330000000 0.1082315253
0.9340000000 0.1086687695
0.9350000000 0.1091054475
0.9360000000 0.1095374418
0.9370000000 0.1099693824
0.9380000000 0.1103992879
0.9390000000 0.1110237252
0.9400000000 0.1114419862
0.9410000000 0.1118650064
0.9420000000 0.1122883776
0.9430000000 0.1127101737
0.9440000000 0.1131316891
0.9450000000 0.1137292795
0.9460000000 0.1141422486
0.9470000000 0.1145596773
0.9480000000 0.1149764523
0.9490000000 0.1153929912
0.9500000000 0.1158079758
0.9510000000 0.1162212014
0.9520000000 0.1167870676
0.9530000000 0.1171882566
0.9540000000 0.1175889567
0.9550000000 0.1179859568
0.9560000000 0.1183779689
0.9570000000 0.1187626553
0.9580000000 0.1191381505
0.9590000000 0.1196415772
0.9600000000 0.1199884565
0.9610000000 0.1203249636
0.9620000000 0.1206446316
0.9630000000 0.1209440145
0.9640000000 0.1212187138
0.9650000000 0.1214656470
0.9660000000 0.1218029856
0.9670000000 0.1219712728
0.9680000000 0.1220991837
0.9690000000 0.1221751017
0.9700000000 0.1221904600
0.9710000000 0.1221346324
0.9720000000 0.1219967673
0.9730000000 0.1218731559
0.9740000000 0.1215273155
0.9750000000 0.1210449359
0.9760000000 0.1204302873
0.9770000000 0.1196619973
0.9780000000 0.1187276850
0.9790000000 0.1176207765
0.9800000000 0.1163512137
0.9810000000 0.1150515520
0.9820000000 0.1135780046
0.9830000000 0.1122901525
0.9840000000 0.1115235728
0.9850000000 0.1119748336
0.9860000000 0.1148626320
0.9870000000 0.1223580320
0.9880000000 0.1380432314
0.9890000000 0.1666752613
0.9900000000 0.2142471990
0.9910000000 0.2809013758
0.9920000000 0.3548406776
0.9930000000 0.4101554435
0.9940000000 0.4233901345
0.9950000000 0.3952291164
0.9960000000 0.3465673718
0.9970000000 0.2985830777
0.9980000000 0.2605377720
0.9990000000 0.2339593138
1.0000000000 0.2166771180
1.0010000000 0.2060150031
1.0020000000 0.1997947055
1.0030000000 0.1965498842
1.0040000000 0.1953011348
1.0050000000 0.1951372361
1.0060000000 0.1958137632
1.0070000000 0.1970646111
1.0080000000 0.1987190224
1.0090000000 0.2006661808
1.0100000000 0.2028363862
1.0110000000 0.2052364192
1.0120000000 0.2078074217
1.0130000000 0.2104331696
1.0140000000 0.2131836474
1.0150000000 0.2160552846
1.0160000000 0.2190491080
1.0170000000 0.2221655778
1.0180000000 0.2254123571
1.0190000000 0.2288403859
1.0200000000 0.2324222132
1.0210000000 0.2361148296
1.0220000000 0.2399843452
1.0230000000 0.2440498854
1.0240000000 0.2483341850
1.0250000000 0.2528604169
1.0260000000 0.2576634413
1.0270000000 0.2628144792
1.0280000000 0.2683311216
1.0290000000 0.2742261867
1.0300000000 0.2806133733
1.0310000000 0.2875828291
1.0320000000 0.2952506058
1.0330000000 0.3037618853
1.0340000000 0.3133087496
1.0350000000 0.3241614699
1.0360000000 0.3366286464
1.0370000000 0.3510876706
1.0380000000 0.3681212147
1.0390000000 0.3884186348
1.0400000000 0.4128020356
1.0410000000 0.4421175393
1.0420000000 0.4769168992
1.0430000000 0.5167023808
1.0440000000 0.5586268511
1.0450000000 0.5960984245
1.0460000000 0.6197876934
1.0470000000 0.6224837330
1.0480000000 0.6049660466
1.0490000000 0.5754754643
1.0500000000 0.5434526647
1.0510000000 0.5148984163
1.0520000000 0.4922590198
1.0530000000 0.4756501617
1.0540000000 0.4642229562
1.0550000000 0.4570565656
1.0560000000 0.4532844883
1.0570000000 0.4522037440
1.0580000000 0.4532754949
1.0590000000 0.4560923235
1.0600000000 0.4602806764
1.0610000000 0.4658105038
1.0620000000 0.4723633280
1.0630000000 0.4798597856
1.0640000000 0.4882156899
1.0650000000 0.4973722438
1.0660000000 0.5072827712
1.0670000000 0.5179238560
1.0680000000 0.5291644898
1.0690000000 0.5412320533
1.0700000000 0.5540683471
1.0710000000 0.5675838307
1.0720000000 0.5818466993
1.0730000000 0.5968812532
1.0740000000 0.6127183793
1.0750000000 0.6293905308
1.0760000000 0.6469370413
1.0770000000 0.6652101047
1.0780000000 0.6846386970
1.0790000000 0.7051530570
1.0800000000 0.7266978599
1.0810000000 0.7493987733
1.0820000000 0.7733311112
1.0830000000 0.7985772804
1.0840000000 0.8252283165
1.0850000000 0.8555323969
1.0860000000 0.8873589663
1.0870000000 0.9215552542
1.0880000000 0.9578243054
1.0890000000 0.9964175478
1.0900000000 1.0375311587
1.0910000000 1.0813875650
1.0920000000 1.1282383634
1.0930000000 1.1783525485
1.0940000000 1.2320322326
1.0950000000 1.2890597783
1.0960000000 1.3510213316
1.0970000000 1.4175976833
1.0980000000 1.4893886268
1.0990000000 1.5669547240
1.1000000000 1.6509231383
1.1010000000 1.7420118417
1.1020000000 1.8410402384
1.1030000000 1.9479680371
1.1040000000 2.0657872062
1.1050000000 2.1950082198
1.1060000000 2.3367454784
1.1070000000 2.4928808960
1.1080000000 2.6653947385
1.1090000000 2.8566742136
1.1100000000 3.0694549782
1.1110000000 3.3071369785
1.1120000000 3.5715776338
1.1130000000 3.8718450494
1.1140000000 4.2112406149
1.1150000000 4.5971762094
1.1160000000 5.0384251593
1.1170000000 5.5458341395
1.1180000000 6.1330193956
1.1190000000 6.8171277061
1.1200000000 7.6200686473
1.1210000000 8.5645240666
1.1220000000 9.6980784472
1.1230000000 11.0625553765
1.1240000000 12.7226143685
1.1250000000 14.7634827977
1.1260000000 17.3003712076
1.1270000000 20.4891092866
1.1280000000 24.5388110899
1.1290000000 29.7246565285
1.1300000000 36.3733344487
1.1310000000 44.8858059605
1.1320000000 55.4915259738
1.1330000000 67.9180419117
1.1340000000 80.7118991934
1.1350000000 90.7250770747
1.1360000000 94.1216996633
1.1370000000 89.2885985274
1.1380000000 78.4286272166
1.1390000000 65.4452382337
1.1400000000 53.2402934319
1.1410000000 42.9535798957
1.1420000000 34.7637242312
1.1430000000 28.3764922955
1.1440000000 23.4146184828
1.1450000000 19.5422286910
1.1460000000 16.4930838334
1.1470000000 14.0664756859
1.1480000000 12.1135389473
1.1490000000 10.5201312350
1.1500000000 9.2135996568
1.1510000000 8.1284983788
1.1520000000 7.2190109666
1.1530000000 6.4501905370
1.1540000000 5.7951091446
1.1550000000 5.2328857958
1.1560000000 4.7471234316
1.1570000000 4.3247499727
1.1580000000 3.9554038675
1.1590000000 3.6282113503
1.1600000000 3.3415444472
1.1610000000 3.0870178842
1.1620000000 2.8601321737
1.1630000000 2.6570564265
1.1640000000 2.4746298333
1.1650000000 2.3101651592
1.1660000000 2.1614116795
1.1670000000 2.0264550582
1.1680000000 1.9036483417
1.1690000000 1.7900894287
1.1700000000 1.6876930550
1.1710000000 1.5937456587
1.1720000000 1.5073901356
1.1730000000 1.4278372928
1.1740000000 1.3544074999
1.1750000000 1.2864901007
1.1760000000 1.2235605983
1.1770000000 1.1651504103
1.1780000000 1.1097734719
1.1790000000 1.0592292891
1.1800000000 1.0121182890
1.1810000000 0.9680929474
1.1820000000 0.9269152333
1.1830000000 0.8883551250
1.1840000000 0.8522018224
1.1850000000 0.8182721738
1.1860000000 0.7864016765
1.1870000000 0.7564298137
1.1880000000 0.7282175037
1.1890000000 0.7008845473
1.1900000000 0.6758794568
1.1910000000 0.6522810748
1.1920000000 0.6300186351
1.1930000000 0.6090103404
1.1940000000 0.5891808504
1.1950000000 0.5704691681
1.1960000000 0.5528203818
1.1970000000 0.5361819672
1.1980000000 0.5205109427
1.1990000000 0.5051670224
1.2000000000 0.4913611970
1.2010000000 0.4784310198
1.2020000000 0.4663801197
1.2030000000 0.4552086159
1.2040000000 0.4449290407
1.2050000000 0.4355704133
1.2060000000 0.4271806225
1.2070000000 0.4198280501
1.2080000000 0.4136112678
1.2090000000 0.4081491254
1.2100000000 0.4046821968
1.2110000000 0.4029565858
1.2120000000 0.4033361907
1.2130000000 0.4063508603
1.2140000000 0.4127418746
1.2150000000 0.4235717859
1.2160000000 0.4403856773
1.2170000000 0.4654201638
1.2180000000 0.5018728096
1.2190000000 0.5540834988
1.2200000000 0.6264309418
1.2210000000 0.7224486651
1.2220000000 0.8321207196
1.2230000000 0.9194331686
1.2240000000 0.9293846084
1.2250000000 0.8450913931
1.2260000000 0.7133342047
1.2270000000 0.5865586346
1.2280000000 0.4858267923
1.2290000000 0.4111841908
1.2300000000 0.3565939836
1.2310000000 0.3158817585
1.2320000000 0.2852897665
1.2330000000 0.2615222681
1.2340000000 0.2425695571
1.2350000000 0.2270764626
1.2360000000 0.2141208323
1.2370000000 0.2030607343
1.2380000000 0.1934443558
1.2390000000 0.1849480952
1.2400000000 0.1773322269
1.2410000000 0.1704215176
1.2420000000 0.1637960901
1.2430000000 0.1579251405
1.2440000000 0.1524384038
1.2450000000 0.1472793076
1.2460000000 0.1423949632
1.2470000000 0.1377436218
1.2480000000 0.1332936934
1.2490000000 0.1290145428
1.2500000000 0.1248852288
1.2510000000 0.1208855402
1.2520000000 0.1169990089
1.2530000000 0.1129447716
1.2540000000 0.1092402433
1.2550000000 0.1056029359
1.2560000000 0.1020305174
1.2570000000 0.0985111413
1.2580000000 0.0950328525
1.2590000000 0.0915907860
1.2600000000 0.0881724888
1.2610000000 0.0847715918
1.2620000000 0.0813812128
1.2630000000 0.0779944215
1.2640000000 0.0746015780
1.2650000000 0.0709487317
1.2660000000 0.0675167211
1.2670000000 0.0640612349
1.2680000000 0.0605688361
1.2690000000 0.0570300764
1.2700000000 0.0534370080
1.2710000000 0.0497764449
1.2720000000 0.0460373205
1.2730000000 0.0422119129
1.2740000000 0.0382879937
1.2750000000 0.0342510606
1.2760000000 0.0300854018
1.2770000000 0.0255312980
1.2780000000 0.0211692788
1.2790000000 0.0192469584
1.2800000000 0.0170089920
1.2810000000 0.0157382438
1.2820000000 0.0138353087
1.2830000000 0.0128366077
1.2840000000 0.0119135533
1.2850000000 0.0102928540
1.2860000000 0.0094937978
1.2870000000 0.0087261182
1.2880000000 0.0079867899
1.2890000000 0.0071049292
1.2900000000 0.0064132857
1.2910000000 0.0057590170
1.2920000000 0.0051327713
1.2930000000 0.0051049694
1.2940000000 0.0045373904
1.2950000000 0.0040243510
1.2960000000 0.0035776921
1.2970000000 0.0032176464
1.2980000000 0.0029633220
1.2990000000 0.0028447945
1.3000000000 0.0025180247
1.3010000000 0.0023664643
1.3020000000 0.0023518134
1.3030000000 0.0022690538
1.3040000000 0.0022339303
1.3050000000 0.0026522248
1.3060000000 0.0036940277
1.3070000000 0.0407382733
1.3080000000 0.1917555267
1.3090000000 0.3866702151
1.3100000000 0.6057797206
1.3110000000 0.8091034151
1.3120000000 0.9479078848
1.3130000000 0.9885252228
1.3140000000 0.9335780737
1.3150000000 0.8133000441
1.3160000000 0.6673543002
1.3170000000 0.5261508209
1.3180000000 0.4053760449
1.3190000000 0.3095409715
1.3200000000 0.2368243593
1.3210000000 0.1831777131
1.3220000000 0.1440661792
1.3230000000 0.1157142041
1.3240000000 0.0951608667
1.3250000000 0.0801558604
1.3260000000 0.0688308007
1.3270000000 0.0605497203
1.3280000000 0.0542640272
1.3290000000 0.0492878099
1.3300000000 0.0452605865
1.3310000000 0.0418943466
1.3320000000 0.0389614437
1.3330000000 0.0363026269
1.3340000000 0.0338063790
1.3350000000 0.0314431997
1.3360000000 0.0291394251
1.3370000000 0.0268440000
1.3380000000 0.0245357363
1.3390000000 0.0218172213
1.3400000000 0.0194249978
1.3410000000 0.0169758097
1.3420000000 0.0144675559
1.3430000000 0.0119242478
1.3440000000 0.0093723410
1.3450000000 0.0068486210
1.3460000000 0.0044334295
1.3470000000 0.0022468283
1.3480000000 0.0022468283
1.3490000000 0.0022468283
1.3500000000 0.0022468283
1.3510000000 0.0022468283
1.3520000000 0.0022468283
1.3530000000 0.0022468283
1.3540000000 0.0022468283
1.3550000000 0.0022468283
1.3560000000 0.0022468283
1.3570000000 0.0022468283
1.3580000000 0.0022468283
1.3590000000 0.0022468283
1.3600000000 0.0022468283
1.3610000000 0.0022468283
1.3620000000 0.0022468283
1.3630000000 0.0022468283
1.3640000000 0.0022468283
1.3780000000 0.0022468283
1.3790000000 0.1051353232
1.3800000000 0.4612596774
1.3810000000 0.8844317991
1.3820000000 1.3037715904
1.3830000000 1.6293217373
1.3840000000 1.7940070926
1.3850000000 1.7868977380
1.3860000000 1.6491893814
1.3870000000 1.4427833423
1.3880000000 1.2201790387
1.3890000000 1.0139282730
1.3900000000 0.8382058807
1.3910000000 0.6957929668
1.3920000000 0.5836138839
1.3930000000 0.5095081551
1.3940000000 0.4411705800
1.3950000000 0.3887494005
1.3960000000 0.3486142321
1.3970000000 0.3179009595
1.3980000000 0.2944757086
1.3990000000 0.2766379856
1.4000000000 0.2631744182
1.4010000000 0.2531763167
1.4020000000 0.2459292752
1.4030000000 0.2409214441
1.4040000000 0.2377738448
1.4050000000 0.2362052186
1.4060000000 0.2360194259
1.4070000000 0.2370753976
1.4080000000 0.2416103102
1.4090000000 0.2447415046
1.4100000000 0.2490188014
1.4110000000 0.2544651881
1.4120000000 0.2611505957
1.4130000000 0.2691814726
1.4140000000 0.2787006531
1.4150000000 0.2899050007
1.4160000000 0.3030427235
1.4170000000 0.3184251508
1.4180000000 0.3364444170
1.4190000000 0.3575890749
1.4200000000 0.3824568837
1.4210000000 0.4117820435
1.4220000000 0.4473174240
1.4230000000 0.4882569500
1.4240000000 0.5366562086
1.4250000000 0.5936018186
1.4260000000 0.6598807726
1.4270000000 0.7354686001
1.4280000000 0.8186418300
1.4290000000 0.9048037903
1.4300000000 0.9853995106
1.4310000000 1.0480813654
1.4320000000 1.0795276959
1.4330000000 1.0709060606
1.4340000000 1.0226955717
1.4350000000 0.9447319841
1.4360000000 0.8512777159
1.4370000000 0.7556889674
1.4380000000 0.6657498171
1.4390000000 0.5861760464
1.4400000000 0.5180917510
1.4410000000 0.4609926329
1.4420000000 0.4135867903
1.4430000000 0.3743921322
1.4440000000 0.3419972182
1.4450000000 0.3151747098
1.4460000000 0.2929046482
1.4470000000 0.2743476621
1.4480000000 0.2588311319
1.4490000000 0.2458119453
1.4500000000 0.2348573507
1.4510000000 0.2256192393
1.4520000000 0.2178169294
1.4530000000 0.2114881016
1.4540000000 0.2059078897
1.4550000000 0.2012135353
1.4560000000 0.1972747016
1.4570000000 0.1939903815
1.4580000000 0.1912784603
1.4590000000 0.1890698240
1.4600000000 0.1873081763
1.4610000000 0.1859464431
1.4620000000 0.1849454020
1.4630000000 0.1842736640
1.4640000000 0.1839037866
1.4650000000 0.1838134469
1.4660000000 0.1839856422
1.4670000000 0.1844057914
1.4680000000 0.1852596590
1.4690000000 0.1861404781
1.4700000000 0.1872429654
1.4710000000 0.1885661081
1.4720000000 0.1901073094
1.4730000000 0.1918674350
1.4740000000 0.1938491303
1.4750000000 0.1960574402
1.4760000000 0.1984994083
1.4770000000 0.2011841348
1.4780000000 0.2041227114
1.4790000000 0.2073294714
1.4800000000 0.2108213403
1.4810000000 0.2146174191
1.4820000000 0.2187406942
1.4830000000 0.2232183894
1.4840000000 0.2282382582
1.4850000000 0.2335195412
1.4860000000 0.2392597571
1.4870000000 0.2455156207
1.4880000000 0.2523398572
1.4890000000 0.2597980580
1.4900000000 0.2679661822
1.4910000000 0.2769354788
1.4920000000 0.2868094777
1.4930000000 0.2977121157
1.4940000000 0.3097921237
1.4950000000 0.3232227807
1.4960000000 0.3382084917
1.4970000000 0.3549974474
1.4980000000 0.3738815381
1.4990000000 0.3952099707
1.5000000000 0.4194031330
1.5010000000 0.4482702013
1.5020000000 0.4812107783
1.5030000000 0.5192151627
1.5040000000 0.5631328040
1.5050000000 0.6139561969
1.5060000000 0.6727262775
1.5070000000 0.7404028986
1.5080000000 0.8176067936
1.5090000000 0.9041944253
1.5100000000 0.9985940069
1.5110000000 1.0968727653
1.5120000000 1.1919916265
1.5130000000 1.2736748783
1.5140000000 1.3299587839
1.5150000000 1.3506140629
1.5160000000 1.3312731736
1.5170000000 1.2755072025
1.5180000000 1.1934634191
1.5190000000 1.0980265336
1.5200000000 0.9992630068
1.5210000000 0.9053638492
1.5220000000 0.8205831035
1.5230000000 0.7465596363
1.5240000000 0.6833331216
1.5250000000 0.6300909775
1.5260000000 0.5856750317
1.5270000000 0.5488643874
1.5280000000 0.5185236857
1.5290000000 0.4936466529
1.5300000000 0.4733777934
1.5310000000 0.4570054575
1.5320000000 0.4439404667
1.5330000000 0.4336921151
1.5340000000 0.4258810901
1.5350000000 0.4201824257
1.5360000000 0.4163255538
1.5370000000 0.4141044828
1.5380000000 0.4133454018
1.5390000000 0.4139131912
1.5400000000 0.4156956983
1.5410000000 0.4186034038
1.5420000000 0.4225686741
1.5430000000 0.4275400018
1.5440000000 0.4334790548
1.5450000000 0.4403617058
1.5460000000 0.4481735110
1.5470000000 0.4569085047
1.5480000000 0.4665751281
1.5490000000 0.4771859663
1.5500000000 0.4887386534
1.5510000000 0.5013137835
1.5520000000 0.5149157132
1.5530000000 0.5296167892
1.5540000000 0.5454636477
1.5550000000 0.5625219577
1.5560000000 0.5808696785
1.5570000000 0.6005964093
1.5580000000 0.6218021467
1.5590000000 0.6446035324
1.5600000000 0.6691272307
1.5610000000 0.6955222227
1.5620000000 0.7239547994
1.5630000000 0.7546124859
1.5640000000 0.7877091556
1.5650000000 0.8234870264
1.5660000000 0.8622222250
1.5670000000 0.9042253595
1.5680000000 0.9497335780
1.5690000000 0.9993688975
1.5700000000 1.0535345521
1.5710000000 1.1127481603
1.5720000000 1.1776314554
1.5730000000 1.2489094558
1.5740000000 1.3274147983
1.5750000000 1.4141230348
1.5760000000 1.5101758724
1.5770000000 1.6168979986
1.5780000000 1.7358536898
1.5790000000 1.8688698630
1.5800000000 2.0180964274
1.5810000000 2.1860682317
1.5820000000 2.3757515193
1.5830000000 2.5906133728
1.5840000000 2.8346838207
1.5850000000 3.1125876528
1.5860000000 3.4291103677
1.5870000000 3.7906498626
1.5880000000 4.2029344132
1.5890000000 4.6714098966
1.5900000000 5.2003058429
1.5910000000 5.7909180541
1.5920000000 6.4391466203
1.5930000000 7.1324864602
1.5940000000 7.8464823102
1.5950000000 8.5425863100
1.5960000000 9.1692822996
1.5970000000 9.6690253320
1.5980000000 9.9911995931
1.5990000000 10.1071579173
1.6000000000 10.0202529185
1.6010000000 9.7676780709
1.6020000000 9.4033685963
1.6030000000 8.9851809882
1.6040000000 8.5655443161
1.6050000000 8.1816041642
1.6060000000 7.8606280617
1.6070000000 7.6184055090
1.6080000000 7.4614029354
1.6090000000 7.3897182578
1.6100000000 7.3975571425
1.6110000000 7.4729305907
1.6120000000 7.5965244256
1.6130000000 7.7406178986
1.6140000000 7.8693990242
1.6150000000 7.9424347750
1.6160000000 7.9218314224
1.6170000000 7.7819786175
1.6180000000 7.5175066025
1.6190000000 7.1447658016
1.6200000000 6.6960607499
1.6210000000 6.2096096360
1.6220000000 5.7203420578
1.6230000000 5.2558719377
1.6240000000 4.8311913310
1.6250000000 4.4557729687
1.6260000000 4.1329090516
1.6270000000 3.8619916926
1.6280000000 3.6406703006
1.6290000000 3.4659027203
1.6300000000 3.3347028790
1.6310000000 3.2445941209
1.6320000000 3.1938219060
1.6330000000 3.1814411974
1.6340000000 3.2074220958
1.6350000000 3.2726266674
1.6360000000 3.3788440748
1.6370000000 3.5286289636
1.6380000000 3.7252416294
1.6390000000 3.9722834684
1.6400000000 4.2731653007
1.6410000000 4.6299846415
1.6420000000 5.0427093676
1.6430000000 5.5043867812
1.6440000000 6.0012092653
1.6450000000 6.5071166342
1.6460000000 6.9831713786
1.6470000000 7.3792662477
1.6480000000 7.6425206317
1.6490000000 7.7307078100
1.6500000000 7.6259808904
1.6510000000 7.3411094561
1.6520000000 6.9146216201
1.6530000000 6.3977758707
1.6540000000 5.8406153259
1.6550000000 5.2831854929
1.6560000000 4.7524948143
1.6570000000 4.2637741393
1.6580000000 3.8234638846
1.6590000000 3.4322809107
1.6600000000 3.0876508895
1.6610000000 2.7853789869
1.6620000000 2.5201101721
1.6630000000 2.2882200306
1.6640000000 2.0848024807
1.6650000000 1.9059947853
1.6660000000 1.7483263345
1.6670000000 1.6088262331
1.6680000000 1.4849700762
1.6690000000 1.3746067376
1.6700000000 1.2758997819
1.6710000000 1.1873121092
1.6720000000 1.1075402725
1.6730000000 1.0354778101
1.6740000000 0.9702037030
1.6750000000 0.9109360963
1.6760000000 0.8570339433
1.6770000000 0.8079549980
1.6780000000 0.7632859361
1.6790000000 0.7227168472
1.6800000000 0.6860343008
1.6810000000 0.6531416656
1.6820000000 0.6233026607
1.6830000000 0.5980870826
1.6840000000 0.5770023571
1.6850000000 0.5604437083
1.6860000000 0.5487889654
1.6870000000 0.5424723873
1.6880000000 0.5417972613
1.6890000000 0.5467845895
1.6900000000 0.5569243188
1.6910000000 0.5710283306
1.6920000000 0.5870783691
1.6930000000 0.6024148955
1.6940000000 0.6141458450
1.6950000000 0.6197395619
1.6960000000 0.6176954397
1.6970000000 0.6077881282
1.6980000000 0.5910583444
1.6990000000 0.5693046734
1.7000000000 0.5446078385
1.7010000000 0.5181597305
1.7020000000 0.4922272921
1.7030000000 0.4678021221
1.7040000000 0.4457180051
1.7050000000 0.4260664331
1.7060000000 0.4089096957
1.7070000000 0.3941345362
1.7080000000 0.3815528678
1.7090000000 0.3709661742
1.7100000000 0.3622017430
1.7110000000 0.3550946065
1.7120000000 0.3495110018
1.7130000000 0.3453498651
1.7140000000 0.3425442451
1.7150000000 0.3410517804
1.7160000000 0.3408663210
1.7170000000 0.3419987176
1.7180000000 0.3444964851
1.7190000000 0.3484313571
1.7200000000 0.3539052482
1.7210000000 0.3610556632
1.7220000000 0.3700553939
1.7230000000 0.3811138320
1.7240000000 0.3944565913
1.7250000000 0.4104624871
1.7260000000 0.4293857838
1.7270000000 0.4518086490
1.7280000000 0.4781648963
1.7290000000 0.5090282894
1.7300000000 0.5450472800
1.7310000000 0.5869212723
1.7320000000 0.6353697900
1.7330000000 0.6910480570
1.7340000000 0.7544404910
1.7350000000 0.8256479791
1.7360000000 0.9041252990
1.7370000000 0.9882934807
1.7380000000 1.0751964717
1.7390000000 1.1602164802
1.7400000000 1.2371449671
1.7410000000 1.2988940978
1.7420000000 1.3387816797
1.7430000000 1.3521945311
1.7440000000 1.3379068872
1.7450000000 1.2986476309
1.7460000000 1.2390620839
1.7470000000 1.1661687686
1.7480000000 1.0862287182
1.7490000000 1.0046276940
1.7500000000 0.9251899979
1.7510000000 0.8503299742
1.7520000000 0.7813223320
1.7530000000 0.7186459718
1.7540000000 0.6622602473
1.7550000000 0.6118294346
1.7560000000 0.5668626234
1.7570000000 0.5268071567
1.7580000000 0.4911222620
1.7590000000 0.4592928887
1.7600000000 0.4308455011
1.7610000000 0.4053578879
1.7620000000 0.3824637727
1.7630000000 0.3618374066
1.7640000000 0.3431959802
1.7650000000 0.3262987229
1.7660000000 0.3109356106
1.7670000000 0.2966943288
1.7680000000 0.2838741389
1.7690000000 0.2721178503
1.7700000000 0.2612922542
1.7710000000 0.2513047197
1.7720000000 0.2420643721
1.7730000000 0.2334945909
1.7740000000 0.2255254433
1.7750000000 0.2180978537
1.7760000000 0.2111596291
1.7770000000 0.2046651968
1.7780000000 0.1985734719
1.7790000000 0.1928492854
1.7800000000 0.1874639084
1.7810000000 0.1823899679
1.7820000000 0.1776049717
1.7830000000 0.1730921713
1.7840000000 0.1688362835
1.7850000000 0.1648253476
1.7860000000 0.1610519132
1.7870000000 0.1575147184
1.7880000000 0.1542154605
1.7890000000 0.1511617235
1.7900000000 0.1480439996
1.7910000000 0.1455035046
1.7920000000 0.1432874415
1.7930000000 0.1414193548
1.7940000000 0.1399475000
1.7950000000 0.1389367163
1.7960000000 0.1384605758
1.7970000000 0.1386128475
1.7980000000 0.1394884155
1.7990000000 0.1412028537
1.8000000000 0.1438582356
1.8010000000 0.1477248886
1.8020000000 0.1527330038
1.8030000000 0.1588678146
1.8040000000 0.1660031968
1.8050000000 0.1738687666
1.8060000000 0.1820510454
1.8070000000 0.1900102107
1.8080000000 0.1971503477
1.8090000000 0.2029044788
1.8100000000 0.2068606154
1.8110000000 0.2088049079
1.8120000000 0.2082570423
1.8130000000 0.2065046784
1.8140000000 0.2034477315
1.8150000000 0.1993986080
1.8160000000 0.1948017785
1.8170000000 0.1899721548
1.8180000000 0.1851484467
1.8190000000 0.1804900955
1.8200000000 0.1760926253
1.8210000000 0.1720081736
1.8220000000 0.1682427734
1.8230000000 0.1647859507
1.8240000000 0.1616119602
1.8250000000 0.1586979381
1.8260000000 0.1560122883
1.8270000000 0.1535197237
1.8280000000 0.1511892506
1.8290000000 0.1489908383
1.8300000000 0.1468971881
1.8310000000 0.1448812393
1.8320000000 0.1429157472
1.8330000000 0.1409770546
1.8340000000 0.1390446345
1.8350000000 0.1357322896
1.8360000000 0.1336244902
1.8370000000 0.1315058202
1.8380000000 0.1292085451
1.8390000000 0.1267767020
1.8400000000 0.1241815825
1.8410000000 0.1213944079
1.8420000000 0.1183940368
1.8430000000 0.1151524141
1.8440000000 0.1116515721
1.8450000000 0.1078862513
1.8460000000 0.1038725045
1.8470000000 0.0996504342
1.8480000000 0.0952862753
1.8490000000 0.0909189912
1.8500000000 0.0867540534
1.8510000000 0.0830857128
1.8520000000 0.0804060345
1.8530000000 0.0792478154
1.8540000000 0.0801675702
1.8550000000 0.0839253891
1.8560000000 0.0912347794
1.8570000000 0.1028970271
1.8580000000 0.1193880528
1.8590000000 0.1357052077
1.8600000000 0.1618730395
1.8610000000 0.1910442835
1.8620000000 0.2214705098
1.8630000000 0.2513233234
1.8640000000 0.2789283650
1.8650000000 0.3030765925
1.8660000000 0.3231662903
1.8670000000 0.3392058836
1.8680000000 0.3516574711
1.8690000000 0.3612763264
1.8700000000 0.3689400411
1.8710000000 0.3754810796
1.8720000000 0.3816349037
1.8730000000 0.3879339343
1.8740000000 0.3947593291
1.8750000000 0.4022948372
1.8760000000 0.4105406862
1.8770000000 0.4193333097
1.8780000000 0.4283375063
1.8790000000 0.4370760622
1.8800000000 0.4449572650
1.8810000000 0.4513444825
1.8820000000 0.4556213839
1.8830000000 0.4572586593
1.8840000000 0.4578304274
1.8850000000 0.4532714201
1.8860000000 0.4457660571
1.8870000000 0.4356753502
1.8880000000 0.4235147693
1.8890000000 0.4098691961
1.8900000000 0.3953301006
1.8910000000 0.3804401634
1.8920000000 0.3656604999
1.8930000000 0.3513321312
1.8940000000 0.3377122072
1.8950000000 0.3249671147
1.8960000000 0.3131923338
1.8970000000 0.3024270139
1.8980000000 0.2926693893
1.8990000000 0.2838911695
1.9000000000 0.2760516486
1.9010000000 0.2689538328
1.9020000000 0.2627550951
1.9030000000 0.2573879114
1.9040000000 0.2527868716
1.9050000000 0.2488908298
1.9060000000 0.2456428116
1.9070000000 0.2429911794
1.9080000000 0.2408901229
1.9090000000 0.2397456827
1.9100000000 0.2386087462
1.9110000000 0.2379200919
1.9120000000 0.2376516566
1.9130000000 0.2377803373
1.9140000000 0.2382872406
1.9150000000 0.2391567336
1.9160000000 0.2403765081
1.9170000000 0.2419365013
1.9180000000 0.2438294790
1.9190000000 0.2460501974
1.9200000000 0.2485962796
1.9210000000 0.2514670572
1.9220000000 0.2546637850
1.9230000000 0.2581901365
1.9240000000 0.2620515572
1.9250000000 0.2662554475
1.9260000000 0.2708112770
1.9270000000 0.2757304148
1.9280000000 0.2810261498
1.9290000000 0.2867143423
1.9300000000 0.2928124745
1.9310000000 0.2993408961
1.9320000000 0.3063226401
1.9330000000 0.3139895249
1.9340000000 0.3219506983
1.9350000000 0.3304504166
1.9360000000 0.3395241343
1.9370000000 0.3492107845
1.9380000000 0.3595526030
1.9390000000 0.3705983121
1.9400000000 0.3823992880
1.9410000000 0.3950151312
1.9420000000 0.4085088480
1.9430000000 0.4229531645
1.9440000000 0.4384276576
1.9450000000 0.4550181392
1.9460000000 0.4728239167
1.9470000000 0.4919526369
1.9480000000 0.5125250833
1.9490000000 0.5346733933
1.9500000000 0.5585463345
1.9510000000 0.5843094726
1.9520000000 0.6121453093
1.9530000000 0.6422565216
1.9540000000 0.6748719518
1.9550000000 0.7102405350
1.9560000000 0.7486368416
1.9570000000 0.7903704933
1.9580000000 0.8357775028
1.9590000000 0.8853441512
1.9600000000 0.9392137523
1.9610000000 0.9979507643
1.9620000000 1.0619768191
1.9630000000 1.1317632137
1.9640000000 1.2077653739
1.9650000000 1.2904117803
1.9660000000 1.3800737731
1.9670000000 1.4770123187
1.9680000000 1.5813218597
1.9690000000 1.6928409091
1.9700000000 1.8110395783
1.9710000000 1.9349100840
1.9720000000 2.0628250013
1.9730000000 2.1924094853
1.9740000000 2.3204682302
1.9750000000 2.4429683709
1.9760000000 2.5551707922
1.9770000000 2.6519309988
1.9780000000 2.7281454923
1.9790000000 2.7793603420
1.9800000000 2.8024028651
1.9810000000 2.7958853112
1.9820000000 2.7604543278
1.9830000000 2.6987146780
1.9840000000 2.6148507749
1.9850000000 2.5140713303
1.9860000000 2.4017100325
1.9870000000 2.2831444955
1.9880000000 2.1628578895
1.9890000000 2.0447127519
1.9900000000 1.9315840385
1.9910000000 1.8255097525
1.9920000000 1.7277948509
1.9930000000 1.6391523631
1.9940000000 1.5598187007
1.9950000000 1.4896771042
1.9960000000 1.4283256161
1.9970000000 1.3751535853
1.9980000000 1.3293604726
1.9990000000 1.2899954138
2.0000000000 1.2559768036
