# Energy(eV)	P_integrated for V0 = 0.0229 eV, theta = 0.3321 mrad
0.4100000000 1108.8251291877
0.5000000000 1108.8251291877
0.5050000000 1108.8251291877
0.5100000000 1108.8251291877
0.5150000000 1108.8251291877
0.5200000000 614.8042503972
0.5250000000 0.0777443218
0.5300000000 0.1470109483
0.5350000000 0.2077912021
0.5400000000 0.2598210458
0.5450000000 0.3067840361
0.5500000000 0.3479577369
0.5550000000 0.3850821546
0.5600000000 0.4186253095
0.5650000000 0.4498176420
0.5700000000 0.4783656041
0.5750000000 0.5053980420
0.5800000000 0.5306668538
0.5850000000 0.5548496631
0.5900000000 0.5789169036
0.5950000000 0.6017918836
0.6000000000 0.6251025153
0.6050000000 0.6483112236
0.6100000000 0.6718746968
0.6150000000 0.6961011375
0.6200000000 0.7213369668
0.6250000000 0.7484248360
0.6300000000 0.7773947807
0.6350000000 0.8020034345
0.6400000000 0.8280175257
0.6450000000 0.8556729061
0.6500000000 0.8852814271
0.6550000000 0.9171435079
0.6600000000 0.9515978291
0.6650000000 0.9889436704
0.6700000000 1.0297730845
0.6750000000 1.0744667987
0.6800000000 1.1235428413
0.6850000000 1.1776768268
0.6900000000 1.2376320681
0.6950000000 1.3041823361
0.7000000000 1.3784007735
0.7050000000 1.4616667306
0.7100000000 1.5551435578
0.7150000000 1.6610275121
0.7200000000 1.7810372078
0.7250000000 1.9180724851
0.7300000000 2.0760304569
0.7350000000 2.2582685990
0.7400000000 2.4714295692
0.7450000000 2.7220971581
0.7500000000 3.0187700549
0.7550000000 3.3758021648
0.7600000000 3.8080055603
0.7650000000 4.3419026743
0.7700000000 5.0102027096
0.7750000000 5.8599733586
0.7800000000 6.9713365371
0.7850000000 8.4604485487
0.7900000000 10.5162992161
0.7950000000 13.4891022053
0.8000000000 18.0106402751
0.8050000000 25.3716645945
0.8100000000 38.6883268051
0.8150000000 67.0759345952
0.8200000000 144.4631336953
0.8250000000 491.3469155898
0.8300000000 2575.2018298241
0.8350000000 467.4453567513
0.8400000000 134.3357555517
0.8450000000 60.7389712348
0.8500000000 34.0505426363
0.8550000000 21.5637621952
0.8600000000 14.7904577130
0.8650000000 10.7180995336
0.8700000000 8.0866175421
0.8750000000 6.2921317135
0.8800000000 5.0163411831
0.8850000000 4.0784263978
0.8900000000 3.3695193044
0.8950000000 2.8213190727
0.9000000000 2.3891406687
0.9050000000 2.0426753991
0.9100000000 1.7607780197
0.9150000000 1.5284963645
0.9200000000 1.3349413698
0.9250000000 1.1719637889
0.9300000000 1.0335008998
0.9350000000 0.9148376287
0.9400000000 0.8123795152
0.9450000000 0.7234071978
0.9500000000 0.6454330107
0.9550000000 0.5767674197
0.9600000000 0.5173402414
0.9650000000 0.4631309285
0.9700000000 0.4146592932
0.9750000000 0.3710860277
0.9800000000 0.3317532013
0.9850000000 0.2961234204
0.9900000000 0.2638431058
0.9950000000 0.2343670124
1.0000000000 0.2084824159
1.0050000000 0.1840480451
1.0100000000 0.1618926780
1.0150000000 0.1420877990
1.0200000000 0.1245234108
1.0250000000 0.1103852423
1.0300000000 0.0985766702
1.0350000000 0.0910828114
1.0400000000 0.0952597550
1.0450000000 0.1127845262
1.0500000000 0.1426364960
1.0550000000 0.1968634475
1.0600000000 0.3097445336
1.0650000000 0.5821502900
1.0700000000 1.3992471049
1.0750000000 5.1611438208
1.0800000000 7.6325545759
1.0850000000 1.6100851869
1.0900000000 0.4321296700
1.0950000000 0.1614934816
1.1000000000 0.0756142701
1.1050000000 0.0254712782
1.1100000000 0.0335150035
1.1150000000 1.1229437160
1.1200000000 0.0002214183
1.2000000000 60.7447201581
1.2050000000 19.4800346151
1.2100000000 2.2630118066
1.2150000000 2.2630118066
1.2200000000 2.2630118066
1.2250000000 2.2630118066
1.2300000000 1.2037713330
1.2350000000 0.6899432532
1.2400000000 0.6068442815
1.2450000000 0.6642095702
1.2500000000 0.5921888632
1.2550000000 0.9263068232
1.2600000000 0.4563977510
1.2650000000 0.3429970171
1.2700000000 0.3439088897
1.2750000000 0.3640003556
1.2800000000 0.3818293959
1.2850000000 0.3993527134
1.2900000000 0.4131985668
1.2950000000 0.4272072329
1.3000000000 0.4390045711
1.3050000000 0.4516925195
1.3100000000 0.4632829903
1.3150000000 0.4763825516
1.3200000000 0.4893931029
1.3250000000 0.5047841816
1.3300000000 0.5216635538
1.3350000000 0.5431850867
1.3400000000 0.5707816374
1.3450000000 0.6125994245
1.3500000000 0.6842913187
1.3550000000 0.8310371850
1.3600000000 1.0750418815
1.3650000000 1.0492839175
1.3700000000 0.8512380255
1.3750000000 0.7637790413
1.3800000000 0.7384113219
1.3850000000 0.7400308362
1.3900000000 0.7544544140
1.3950000000 0.7768528292
1.4000000000 0.8055371101
1.4050000000 0.8388959005
1.4100000000 0.8774729328
1.4150000000 0.9206930110
1.4200000000 0.9695486257
1.4250000000 1.0241427065
1.4300000000 1.0853721056
1.4350000000 1.1544608911
1.4400000000 1.2320771548
1.4450000000 1.3200009424
1.4500000000 1.4198401217
1.4550000000 1.5337501954
1.4600000000 1.6645903715
1.4650000000 1.8156154154
1.4700000000 1.9911339323
1.4750000000 2.1971226628
1.4800000000 2.4406020168
1.4850000000 2.7310719215
1.4900000000 3.0821106136
1.4950000000 3.5107041117
1.5000000000 4.0435812801
1.5050000000 4.7535370516
1.5100000000 5.6750085447
1.5150000000 6.9045439205
1.5200000000 8.5902053593
1.5250000000 10.9957196480
1.5300000000 14.5827515973
1.5350000000 20.2440465047
1.5400000000 29.8947723479
1.5450000000 47.9615049985
1.5500000000 85.6009155500
1.5550000000 165.8092268604
1.5600000000 250.0314594266
1.5650000000 175.8442310477
1.5700000000 89.2893632716
1.5750000000 48.4815895392
1.5800000000 29.4063074950
1.5850000000 19.5168586180
1.5900000000 13.9091196472
1.5950000000 10.5616277573
1.6000000000 8.5848397604
1.6050000000 7.6682057254
1.6100000000 7.9255271226
1.6150000000 10.3268515419
1.6200000000 17.3429368343
1.6250000000 24.6098513074
1.6300000000 17.2439950425
1.6350000000 9.9899442263
1.6400000000 6.4245436728
1.6450000000 4.5739407482
1.6500000000 3.4798452535
1.6550000000 2.7639898078
1.6600000000 2.2526811862
1.6650000000 1.8609811353
1.6700000000 1.5394042423
1.6750000000 1.2641401177
1.6800000000 1.0138186324
1.6850000000 0.7777337293
1.6900000000 0.5752261916
1.6950000000 0.5009172732
1.7000000000 0.8969376013
1.7050000000 2.4255257966
1.7100000000 3.9256301186
1.7150000000 3.0890734862
1.7200000000 1.8453678188
1.7250000000 1.2259893893
1.7300000000 0.9650963292
1.7350000000 0.8449949857
1.7400000000 0.7815313434
1.7450000000 0.7429128192
1.7500000000 0.7169756679
1.7550000000 0.7009692480
1.7600000000 0.6933990096
1.7650000000 0.6946726521
1.7700000000 0.7056245163
1.7750000000 0.7315279688
1.7800000000 0.7769316622
1.7850000000 0.8503284461
1.7900000000 0.9685651787
1.7950000000 1.1601872234
1.8000000000 1.4783004943
1.8050000000 2.0511019003
1.8100000000 3.0978655575
1.8150000000 4.9856511834
1.8200000000 7.5742079493
1.8250000000 8.4251984944
1.8300000000 6.4614169716
1.8350000000 4.3384463248
1.8400000000 2.9762136828
1.8450000000 2.1584580615
1.8500000000 1.6439874144
1.8550000000 1.2964993540
1.8600000000 1.0384026957
1.8650000000 0.8350372928
1.8700000000 0.6579247172
1.8750000000 0.4918445667
1.8800000000 0.3195953453
1.8850000000 0.1909242856
1.8900000000 0.1891089781
1.8950000000 0.6251231873
1.9000000000 1.9795708267
1.9050000000 3.8941348565
1.9100000000 3.8103301270
1.9150000000 2.3090794661
1.9200000000 1.2474623407
1.9250000000 0.7520197537
1.9300000000 0.5896283812
1.9350000000 0.6034107414
1.9400000000 0.7590511719
1.9450000000 1.0400814908
1.9500000000 1.3711926362
1.9550000000 1.5487702884
1.9600000000 1.5446516119
1.9650000000 1.4638567915
1.9700000000 1.3576260810
1.9750000000 1.2429051990
1.9800000000 1.1538505967
1.9850000000 1.0986712858
1.9900000000 1.0753843153
1.9950000000 1.0765403600
2.0000000000 1.0967939412
2.0050000000 1.1383917673
2.0100000000 1.1945309761
2.0150000000 1.2666168823
2.0200000000 1.3559572068
2.0250000000 1.4657844480
2.0300000000 1.5980279475
2.0350000000 1.7587091202
2.0400000000 1.9549231224
2.0450000000 2.1971248111
2.0500000000 2.4976614611
2.0550000000 2.8765676693
2.0600000000 3.3616651935
2.0650000000 3.9936531416
2.0700000000 4.8334570190
2.0750000000 5.9711352783
2.0800000000 7.5433094221
2.0850000000 9.7456455088
2.0900000000 12.8199089999
2.0950000000 16.9155996260
2.1000000000 21.6145022933
2.1050000000 25.4447748509
2.1100000000 25.4217365168
2.1150000000 21.4796822367
2.1200000000 16.4034529160
2.1250000000 12.1516272684
2.1300000000 9.0920568724
2.1350000000 6.9799163273
2.1400000000 5.5142460729
2.1450000000 4.4800154414
2.1500000000 3.7460949434
2.1550000000 3.2259344189
2.1600000000 2.8610036495
2.1650000000 2.6141569418
2.1700000000 2.4671824678
2.1750000000 2.4190996430
2.1800000000 2.4907807450
2.1850000000 2.7273690071
2.1900000000 3.1706239521
2.1950000000 3.8006638599
2.2000000000 4.5041720480
2.2050000000 5.3270959552
2.2100000000 6.3556581674
2.2150000000 7.7718736159
2.2200000000 9.7273970340
2.2250000000 12.3015397905
2.2300000000 15.3376294203
2.2350000000 18.1499025789
2.2400000000 19.5557370624
2.2450000000 18.7678508396
2.2500000000 16.3286056597
2.2550000000 13.4031372941
2.2600000000 10.7666282485
2.2650000000 8.6617443404
2.2700000000 7.0559708787
2.2750000000 5.8491825472
2.2800000000 4.9396008232
2.2850000000 4.2459892663
2.2900000000 3.7062997471
2.2950000000 3.2779788012
2.3000000000 2.9306018093
2.3050000000 2.6268714406
2.3100000000 2.3800680889
2.3150000000 2.1804617675
2.3200000000 2.0190560992
2.3250000000 1.8915089190
2.3300000000 1.7918571939
2.3350000000 1.7165523584
2.3400000000 1.6632942499
2.3450000000 1.6297369500
2.3500000000 1.6178793714
2.3550000000 1.6273451994
2.3600000000 1.6596108183
2.3650000000 1.7166176572
2.3700000000 1.7999633269
2.3750000000 1.9076790483
2.3800000000 2.0375426325
2.3850000000 2.1751493728
2.3900000000 2.3003705297
2.3950000000 2.3944293025
2.4000000000 2.4500765894
2.4050000000 2.4914623979
2.4100000000 2.5387121509
2.4150000000 2.6107606131
2.4200000000 2.7044512723
2.4250000000 2.7963076856
2.4300000000 2.8502737856
2.4350000000 2.8659972081
2.4400000000 2.8450118141
2.4450000000 2.8075579066
2.4500000000 2.7725305457
2.4550000000 2.7536042989
2.4600000000 2.7607601744
2.4650000000 2.7835994852
2.4700000000 2.8086595321
2.4750000000 2.8142050775
2.4800000000 2.7858205955
2.4850000000 2.7273785769
2.4900000000 2.6610867622
2.4950000000 2.6082437913
2.5000000000 2.5912855017
2.5050000000 2.6306755273
2.5100000000 2.7327073398
2.5150000000 2.8980481408
2.5200000000 3.1176922820
2.5250000000 3.3760504031
2.5300000000 3.6432703637
2.5350000000 3.8748685313
2.5400000000 4.0189701099
2.5450000000 4.0364323355
2.5500000000 3.9197597976
2.5550000000 3.7013432506
2.5600000000 3.4329117638
2.5650000000 3.1624528824
2.5700000000 2.9212124274
2.5750000000 2.7232449290
2.5800000000 2.5707212079
2.5850000000 2.4608036694
2.5900000000 2.3879490059
2.5950000000 2.3465751248
2.6000000000 2.3323604262
2.6050000000 2.3599461082
2.6100000000 2.4183054475
2.6150000000 2.5107855541
2.6200000000 2.6396124612
2.6250000000 2.8065011002
2.6300000000 3.0118661824
2.6350000000 3.2542261224
2.6400000000 3.5294551944
2.6450000000 3.8277688701
2.6500000000 4.1337779876
2.6550000000 4.4246300465
2.6600000000 4.6719121297
2.6650000000 4.8468875393
2.6700000000 4.9300350184
2.6750000000 4.9115944502
2.6800000000 4.8035633915
2.6850000000 4.6291845024
2.6900000000 4.4169549569
2.6950000000 4.1934738093
2.7000000000 3.9793339451
2.7050000000 3.7707433525
2.7100000000 3.5972561844
2.7150000000 3.4635550361
2.7200000000 3.3681937750
2.7250000000 3.3057023882
2.7300000000 3.2674280107
2.7350000000 3.2422051893
2.7400000000 3.2179544013
2.7450000000 3.1830869023
2.7500000000 3.1289701848
2.7550000000 3.0516796141
2.7600000000 2.9524800415
2.7650000000 2.8358480874
2.7700000000 2.7110608878
2.7750000000 2.5850245727
2.7800000000 2.4643524154
2.7850000000 2.3538163102
2.7900000000 2.2563819870
2.7950000000 2.1735328645
2.8000000000 2.1042134516
2.8050000000 2.0468248826
2.8100000000 2.0070917962
2.8150000000 1.9831063102
2.8200000000 1.9727097931
2.8250000000 1.9736122024
2.8300000000 1.9833065817
2.8350000000 1.9992351049
2.8400000000 2.0180271133
2.8450000000 2.0362746678
2.8500000000 2.0505988872
2.8550000000 2.0581385873
2.8600000000 2.0570752595
2.8650000000 2.0472710535
2.8700000000 2.0293220241
2.8750000000 2.0058234150
2.8800000000 1.9797803314
2.8850000000 1.9543282808
2.8900000000 1.9322948239
2.8950000000 1.9160235654
2.9000000000 1.9070483499
2.9050000000 1.9114022129
2.9100000000 1.9285240773
2.9150000000 1.9583566302
2.9200000000 2.0003077361
2.9250000000 2.0532777503
2.9300000000 2.1158248166
2.9350000000 2.1853399859
2.9400000000 2.2591422989
2.9450000000 2.3337835095
2.9500000000 2.4053315782
2.9550000000 2.4695967759
2.9600000000 2.5229187671
2.9650000000 2.5608442586
2.9700000000 2.5812201861
2.9750000000 2.5828058567
2.9800000000 2.5658692027
2.9850000000 2.5321141203
2.9900000000 2.4843694304
2.9950000000 2.4262858112
3.0000000000 2.3611272566
