# $W_{\text{p}}/W$ = 0.50, $h/W$ = 0.60, $d/W$ = 0.20, x/W = 0.2, $E_{\text{e}}$ = 200 keV
0.0100000000
0.0105697552
0.0113442257
0.0117082958
0.0133110368
0.0134559417
0.0143335039
0.0151786353
0.0157575152
0.0166220736
0.0167663562
0.0177246586
0.0186482885
0.0195276266
0.0199331104
0.0204735208
0.0214934843
0.0224739205
0.0232441472
0.0234429482
0.0245435296
0.0256063729
0.0265551839
0.0266363443
0.0278057802
0.0289374219
0.0298662207
0.0300505299
0.0312789420
0.0324682989
0.0331772575
0.0336788847
0.0349572920
0.0361945571
0.0364882943
0.0375125241
0.0388323706
0.0397993311
0.0401471626
0.0415409769
0.0428938967
0.0431103679
0.0443304538
0.0457526844
0.0464214047
0.0472070347
0.0486923376
0.0497324415
0.0501746368
0.0517179118
0.0530434783
0.0532355816
0.0548323850
0.0563545151
0.0563910303
0.0580374175
0.0596431330
0.0596655518
0.0613337506
0.0629765886
0.0629862332
0.0647214443
0.0662876254
0.0664250820
0.0682000454
0.0695986622
0.0699568642
0.0717686943
0.0729096990
0.0735802850
0.0754261766
0.0762207358
0.0772937985
0.0791709673
0.0795317726
0.0810956888
0.0828428094
0.0830105355
0.0849841039
0.0861538462
0.0869584567
0.0889568703
0.0894648829
0.0909911922
0.0927759197
0.0930238725
0.0951064477
0.0960869565
0.0972000854
0.0993015842
0.0993979933
0.1014564827
0.1027090301
0.1036147859
0.1057901924
0.1060200669
0.1080100884
0.1093311037
0.1102367388
0.1124798125
0.1126421405
0.1147680607
0.1159531773
0.1170655979
0.1192642140
0.1193748355
0.1217295196
0.1225752508
0.1240996999
0.1258862876
0.1264830565
0.1288923460
0.1291973244
0.1313363100
0.1325083612
0.1337945879
0.1358193980
0.1362686567
0.1387717919
0.1391304348
0.1413054595
0.1424414716
0.1438555567
0.1457525084
0.1464231720
0.1490109537
0.1490635452
0.1516370465
0.1523745819
0.1542810713
0.1556856187
0.1569437743
0.1589966555
0.1596259093
0.1623076923
0.1623281470
0.1650664482
0.1656187291
0.1678248771
0.1689297659
0.1706033632
0.1722408027
0.1734023905
0.1755518395
0.1762224157
0.1788628763
0.1790638414
0.1819331511
0.1821739130
0.1848285025
0.1854849498
0.1877450689
0.1887959866
0.1906831364
0.1921070234
0.1936429663
0.1954180602
0.1966247933
0.1987290970
0.1996288252
0.2020401338
0.2026552440
0.2053511706
0.2057042046
0.2086622074
0.2087758376
0.2118724677
0.2119732441
0.2149938040
0.2152842809
0.2181374651
0.2185953177
0.2213035463
0.2219063545
0.2244921283
0.2252173913
0.2277032771
0.2285284281
0.2309370455
0.2318394649
0.2341934735
0.2351505017
0.2374725896
0.2384615385
0.2407744114
0.2417725753
0.2440989463
0.2450836120
0.2474461923
0.2483946488
0.2508161384
0.2517056856
0.2542087655
0.2550167224
0.2576240468
0.2583277592
0.2610619481
0.2616387960
0.2645224288
0.2649498328
0.2680054418
0.2682608696
0.2715109346
0.2715719064
0.2748829431
0.2750415065
0.2781939799
0.2785958008
0.2815050167
0.2821726923
0.2848160535
0.2857720972
0.2881270903
0.2893939263
0.2914381271
0.2930380853
0.2947491639
0.2967044762
0.2980602007
0.3003929980
0.3013712375
0.3041035476
0.3046822742
0.3078360217
0.3079933110
0.3113043478
0.3115946300
0.3146153846
0.3153775984
0.3179264214
0.3191824130
0.3212374582
0.3230089366
0.3245484950
0.3268570336
0.3278595318
0.3307265727
0.3311705686
0.3344816054
0.3346193322
0.3377926421
0.3385397783
0.3411036789
0.3424815200
0.3444147157
0.3464443896
0.3477257525
0.3504282296
0.3510367893
0.3543478261
0.3544340217
0.3576588629
0.3584688161
0.3609698997
0.3625243860
0.3642809365
0.3666005410
0.3675919732
0.3706971118
0.3709030100
0.3742140468
0.3748215078
0.3775250836
0.3789688579
0.3808361204
0.3831363571
0.3841471572
0.3873238189
0.3874581940
0.3907692308
0.3915402927
0.3940802676
0.3957782727
0.3973913043
0.4000359092
0.4007023411
0.4040133779
0.4043165013
0.4073244147
0.4086244042
0.4106354515
0.4129516486
0.4139464883
0.4172575251
0.4172984716
0.4205685619
0.4216756660
0.4238795987
0.4260718617
0.4271906355
0.4304868178
0.4305016722
0.4338127090
0.4349324446
0.4371237458
0.4393968608
0.4404347826
0.4437458194
0.4438810682
0.4470568562
0.4483946850
0.4503678930
0.4529265223
0.4536789298
0.4569899666
0.4574813444
0.4603010033
0.4620619539
0.4636120401
0.4666603481
0.4669230769
0.4702341137
0.4712867902
0.4735451505
0.4759334834
0.4768561873
0.4801672241
0.4806017310
0.4834782609
0.4852964058
0.4867892977
0.4900082129
0.4901003344
0.4934113712
0.4947496550
0.4967224080
0.4995089123
0.5000334448
0.5033444816
0.5042936554
0.5066555184
0.5091000196
0.5099665552
0.5132775920
0.5139287255
0.5165886288
0.5187818390
0.5198996656
0.5232107023
0.5236550886
0.5265217391
0.5285545839
0.5298327759
0.5331438127
0.5334728848
0.5364548495
0.5384183855
0.5397658863
0.5430769231
0.5433821802
0.5463879599
0.5483733003
0.5496989967
0.5530100334
0.5533829743
0.5563210702
0.5584193168
0.5596321070
0.5629431438
0.5634752059
0.5662541806
0.5685563623
0.5695652174
0.5728762542
0.5736587578
0.5761872910
0.5787843067
0.5794983278
0.5828093645
0.5839334605
0.5861204013
0.5891029681
0.5894314381
0.5927424749
0.5942990947
0.5960535117
0.5993645485
0.5995132711
0.6026755853
0.6047553938
0.6059866221
0.6092976589
0.6100169968
0.6126086957
0.6153020478
0.6159197324
0.6192307692
0.6206112064
0.6225418060
0.6258528428
0.6259393517
0.6291638796
0.6312955196
0.6324749164
0.6357859532
0.6366715140
0.6390969900
0.6420695184
0.6424080268
0.6457190635
0.6474934237
0.6490301003
0.6523411371
0.6529370257
0.6556521739
0.6584045992
0.6589632107
0.6622742475
0.6638962884
0.6655852843
0.6688963211
0.6694081094
0.6722073579
0.6749443065
0.6755183946
0.6788294314
0.6805043246
0.6821404682
0.6854515050
0.6860848408
0.6887625418
0.6916886995
0.6920735786
0.6953846154
0.6973174664
0.6986956522
0.7020066890
0.7029670392
0.7053177258
0.7086287625
0.7086376348
0.7119397993
0.7143354022
0.7152508361
0.7185618729
0.7200542942
0.7218729097
0.7251839465
0.7257944385
0.7284949833
0.7315576001
0.7318060201
0.7351170569
0.7373459843
0.7384280936
0.7417391304
0.7431558134
0.7450501672
0.7483612040
0.7489872418
0.7516722408
0.7548412953
0.7549832776
0.7582943144
0.7607208692
0.7616053512
0.7649163880
0.7666221823
0.7682274247
0.7715384615
0.7725453603
0.7748494983
0.7781605351
0.7784905228
0.7814715719
0.7844597024
0.7847826087
0.7880936455
0.7904528251
0.7914046823
0.7947157191
0.7964680128
0.7980267559
0.8013377926
0.8025053617
0.8046488294
0.8079598662
0.8085649624
0.8112709030
0.8145819398
0.8146468981
0.8178929766
0.8207538047
0.8212040134
0.8245150502
0.8268833712
0.8278260870
0.8311371237
0.8330352974
0.8344481605
0.8377591973
0.8392096502
0.8410702341
0.8443812709
0.8454064915
0.8476923077
0.8510033445
0.8516258782
0.8543143813
0.8576254181
0.8578678622
0.8609364548
0.8641331101
0.8642474916
0.8675585284
0.8704222051
0.8708695652
0.8741806020
0.8767338720
0.8774916388
0.8808026756
0.8830681506
0.8841137124
0.8874247492
0.8894250768
0.8907357860
0.8940468227
0.8958046833
0.8973578595
0.9006688963
0.9022069988
0.9039799331
0.9072909699
0.9086320489
0.9106020067
0.9139130435
0.9150798558
0.9172240803
0.9205351171
0.9215504387
0.9238461538
0.9271571906
0.9280438137
0.9304682274
0.9337792642
0.9345599940
0.9370903010
0.9404013378
0.9410989903
0.9437123746
0.9470234114
0.9476608106
0.9503344482
0.9536454849
0.9542454602
0.9569565217
0.9602675585
0.9608529422
0.9635785953
0.9668896321
0.9674832574
0.9702006689
0.9735117057
0.9741364042
0.9768227425
0.9801337793
0.9808123789
0.9834448161
0.9867558528
0.9875111756
0.9900668896
0.9933779264
0.9942327866
0.9966889632
1.0000000000
