# $W_{\text{p}}/W$ = 0.50, $h/W$ = 0.40, $d/W$ = 0.20, x/W = 0.0, $E_{\rm e}$ = 200 keV
1.9656335607
2.0101271557
2.0567191657
2.1050704668
2.1552457149
2.2069000054
2.2610734720
2.3173889267
2.3759756286
2.4363881810
2.4998994323
2.5660321610
2.6350111419
2.7062884498
2.7814052206
2.8598141734
2.9417720335
3.0266905306
3.1163842609
3.2102941822
3.3087429097
3.4110079211
3.5193320205
3.6331161649
3.7527206048
3.8774020095
4.0099131136
4.1495764595
4.2969059269
4.4510304120
4.6154493240
4.7894487058
4.9737314413
5.1691911731
5.3748773098
5.5954029443
5.8301037831
6.0802908865
6.3449000128
6.6301733650
6.9354244516
7.2626755922
7.6139872356
7.9888947505
8.3959330944
8.8353327720
9.3105377859
9.8215809685
10.3808708058
10.9897348082
11.6539575789
12.3807454417
13.1724825390
14.0492947789
15.0165660502
16.0874716428
17.2688756739
18.5939657739
20.0768890792
21.7428859438
23.6226542496
25.7423346447
28.1701522649
30.9514756400
34.1565096985
37.8532080234
42.1874306103
47.2811344379
53.3137437009
60.5130433634
69.1424532581
79.6543907699
92.5207047746
108.3872713102
128.0783682304
152.5307266596
182.9565733827
220.2345169164
264.4708757152
313.7094135746
362.3042414594
400.0983582251
415.6586928352
403.2486113129
367.4116785187
319.4701429507
269.6270187606
224.3928003211
186.1090337140
154.8134886256
129.6246090875
109.3992064019
93.1283545426
79.9676603216
69.2383206883
60.4077177094
53.0923924119
46.9747970982
41.8206685792
37.4431156996
33.6894777194
30.4660182415
27.6723692155
25.2383312543
23.1055967069
21.2195603524
19.5578262706
18.0809803239
16.7623820753
15.5814355550
14.5132698413
13.5553435112
12.6883356505
11.9006692203
11.1837832984
10.5292352096
9.9253079685
9.3758323108
8.8700885870
8.4042802443
7.9740536142
7.5718681165
7.2028677173
6.8600938839
6.5410264065
6.2438319359
5.9664337308
5.7039206916
5.4613078300
5.2337823693
5.0203015965
4.8196862833
4.6281828345
4.4504520840
4.2828792154
4.1245402280
3.9750216447
3.8335621643
3.6972957014
3.5704785425
