# $W_{\text{p}}/W$ = 0.50, $h/W$ = 0.40, $d/W$ = 0.20, x/W = 0.0, $E_{\rm e}$ = 200 keV
1.2439592867
1.2691092280
1.2951232682
1.3220533231
1.3499416747
1.3788296183
1.4087597538
1.4397918277
1.4721167695
1.5055066469
1.5401752982
1.5761762286
1.6135914654
1.6524911978
1.6929438707
1.7350452281
1.7788808353
1.8245453097
1.8721413721
1.9217991562
1.9736060116
2.0277039568
2.0842397989
2.1433408515
2.2051706845
2.2699019064
2.3378089870
2.4088983108
2.4834894454
2.5618023664
2.6440914886
2.7306354023
2.8216950137
2.9176271147
3.0187494133
3.1254507438
3.2381566002
3.3572852320
3.4833422664
3.6168674676
3.7584448025
3.9087127465
4.0683810970
4.2381919136
4.4190425027
4.6118566590
4.8176827760
5.0376663791
5.2730965040
5.5253181071
5.7959149310
6.0866015622
6.3993046690
6.7361431373
7.0994699545
7.4918934502
7.9163279792
8.3759806260
8.8743925078
9.4155110118
10.0036676731
10.6435940988
11.3400480833
12.0993593512
12.9271115311
13.8295234786
14.8132730122
15.8841550444
17.0482675671
18.3106806751
19.6748619088
21.1418630371
22.7089897528
24.3685283498
26.1060378397
27.8983560124
29.7120646142
31.5023475263
33.2128741454
34.7775344813
36.1248904719
37.1821007604
37.8860554281
38.1901158026
38.0715631724
37.5360312523
36.6136262039
35.3595533348
33.8423795718
32.1364390820
30.3141517614
28.4402201391
26.5681839530
24.7396543561
22.9844599430
21.3224461246
19.7650825252
18.3175039908
16.9800705278
15.7513299300
14.6236166289
13.5922051293
12.6502984946
11.7908810001
11.0067764758
10.2920261597
9.6400729469
9.0451982794
8.5021047858
8.0060027252
7.5525553394
7.1378592448
6.7583935972
6.4109995778
6.0928814262
5.8015441031
5.5347586822
5.2905309859
5.0671050295
4.8633192297
4.6770266836
4.5074450121
4.3535264396
4.2143673489
4.0891309326
3.9773202231
3.8783311743
3.7917611167
3.7172776552
3.6546850960
3.6038762839
3.5648199937
3.5376146801
3.5224528829
3.5196277002
3.5295179440
3.5526166763
3.5894882738
3.6408269541
3.7074173058
3.7898818762
3.8891341660
4.0059583690
4.1410964984
4.2951462366
4.4681579139
4.6599392955
4.8695759270
5.0952745689
5.3339875827
5.5812380173
5.8309026775
6.0752374721
6.3048787396
6.5093942580
6.6779993494
6.8007230613
6.8693970788
6.8790387743
6.8281915300
6.7209119723
