# $W_{\text{p}}/W$ = 0.50, $h/W$ = 0.40, $d/W$ = 0.20, x/W = 0.0, $E_{\rm e}$ = 200 keV
10.4989440880
10.7365853956
10.9854378972
11.2436868986
11.5116777780
11.7875645834
12.0769102241
12.3776963013
12.6906132837
13.0132781858
13.3524974442
13.7057181041
14.0741407621
14.4548343865
14.8560391746
15.2748275785
15.7125708412
16.1661218933
16.6451826636
17.1467620085
17.6725832216
18.2187817669
18.7973474792
19.4050750394
20.0438891266
20.7098126905
21.4175611332
22.1635093612
22.9504021830
23.7735801164
24.6517473272
25.5810834797
26.5653426742
27.6092977867
28.7078637676
29.8856947647
31.1392347585
32.4754861898
33.8887558281
35.4124009756
37.0427455883
38.7905914935
40.6669424594
42.6693072881
44.8432904673
47.1901130001
49.7281688540
52.4576207680
55.4447664407
58.6966824683
62.2442645016
66.1260005336
70.3546086845
75.0376086110
80.2037398288
85.9233701774
92.2331415601
99.3103400433
107.2305059948
116.1284438086
126.1681061208
137.4890829989
150.4557990772
165.3105379479
182.4282518943
202.1718404474
225.3203732874
252.5251697277
284.7445057633
323.1949344563
369.2832869120
425.4259142084
494.1428273332
578.8835068609
684.0502341793
814.6457953671
977.1445018457
1176.2386356117
1412.4958307978
1675.4679471443
1935.0010774631
2136.8487919112
2219.9495473735
2153.6658084231
1962.2646184293
1706.2161943269
1440.0127885823
1198.4253803580
993.9594298497
826.8164494490
692.2881230644
584.2687667514
497.3698893782
427.0817305659
369.7789245949
322.6168929495
283.5475923635
250.8750986646
223.3482570390
199.9689257559
179.9218007360
162.7062015282
147.7861141910
134.7866185014
123.3963083254
113.3235726609
104.4487516016
96.5613685090
89.5191436168
83.2120789209
77.5073670858
72.3913898489
67.7609818318
63.5543135827
59.7256634660
56.2299407863
53.0045884542
50.0700249781
47.3690204868
44.8812979832
42.5836060820
40.4356911295
38.4649879810
36.6343521526
34.9303234814
33.3431113368
31.8616238702
30.4596499424
29.1639378012
27.9488016220
26.8086730323
25.7372539769
24.7145138876
23.7653113666
22.8703577760
22.0247182076
21.2261844082
20.4706906322
19.7429459439
19.0656491453
