# $W_{\text{p}}/W$ = 0.50, $h/W$ = 0.40, $d/W$ = 0.20, x/W = 0.0, $E_{\rm e}$ = 200 keV
3.4477084455
3.5257499236
3.6074720072
3.6922798759
3.7802869359
3.8708882276
3.9659081369
4.0646850796
4.1674457751
4.2734090015
4.3848073249
4.5008037025
4.6217923881
4.7468123256
4.8785666551
5.0160954505
5.1598490064
5.3087955018
5.4661177239
5.6308351178
5.8035135487
5.9828857182
6.1728854873
6.3724621405
6.5822475542
6.8009379329
7.0333615524
7.2783301577
7.5367450909
7.8070784429
8.0954681516
8.4006619424
8.7238926696
9.0667277759
9.4274999328
9.8143004712
10.2259642265
10.6647907901
11.1289134912
11.6292811093
12.1646895449
12.7386859334
13.3548842891
14.0124696540
14.7264122838
15.4971164843
16.3306230145
17.2269894653
18.2079802348
19.2759237711
20.4409662310
21.7157474600
23.1044492329
24.6423722551
26.3389598373
28.2173213527
30.2894964242
32.6136959329
35.2147338698
38.1368816540
41.4339831736
45.1518889634
49.4102654623
54.2886887866
59.9102979304
66.3942830506
73.9964816293
82.9308054336
93.5119633501
106.1394887472
121.2754183355
139.7132892898
162.2807215266
190.1105774841
224.6486352444
267.5379152288
320.9046554413
386.2899296428
463.8802197711
550.2443001220
635.4793175735
701.7699571432
729.0626853999
707.2954829111
644.4377331453
560.3485873682
472.9240670621
393.5835377321
326.4340562795
271.5418705458
227.3607370346
191.8855101275
163.3465400408
140.2627665365
121.4435734151
105.9547522254
93.1237184014
82.3934953061
73.3531868067
65.6749870118
59.0911299546
53.4372026083
48.5371600471
44.2678729955
40.5270702062
37.2189744652
34.3043034841
31.7139251110
29.4011121898
27.3297395212
25.4561836619
23.7759869834
22.2552607202
20.8736988197
19.6162854792
18.4682123002
17.4089277603
16.4451509557
15.5580796842
14.7410548167
13.9864400463
13.2810092388
12.6337848874
12.0325617653
11.4729194408
10.9516422310
10.4650875446
10.0046413405
9.5790999255
9.1800217158
8.8055777995
8.4536998174
8.1178039835
7.8060653791
7.5121436352
7.2344180602
6.9721634182
6.7240443914
6.4850338807
6.2625973932
