# $W_{\text{p}}/W$ = 0.50, $h/W$ = 0.40, $d/W$ = 0.20, x/W = 0.0, $E_{\rm e}$ = 200 keV
1.4857295110
1.5157896128
1.5468829873
1.5790715684
1.6124060520
1.6469357081
1.6827116032
1.7198050802
1.7584429883
1.7983558566
1.8397978061
1.8828328984
1.9275590176
1.9740602367
2.0224185928
2.0727482468
2.1251517557
2.1797422382
2.2366425398
2.2960080364
2.3579436366
2.4226188555
2.4902093381
2.5608674394
2.6347886356
2.7121794915
2.7933670682
2.8783612382
2.9675430411
3.0611756680
3.1595633112
3.2630389175
3.3719150597
3.4866178394
3.6075277364
3.7351095917
3.8698721084
4.0123157989
4.1630453099
4.3227059387
4.4919964477
4.6716802980
4.8626063419
5.0656618940
5.2819208239
5.5124876622
5.7586161233
6.0216765043
6.3032103673
6.6048264157
6.9284187705
7.2760382895
7.6499892742
8.0528060103
8.4873027293
8.9565992006
9.4641812319
10.0138846180
10.6099449472
11.2570835377
11.9604813384
12.7257972691
13.5587236929
14.4668304414
15.4567958288
16.5360599102
17.7126100236
18.9933767328
20.3856550090
21.8955121091
23.5270960875
25.2816656099
27.1560019719
29.1408809984
31.2190320850
33.3627568365
35.5320861957
37.6734203917
39.7193860080
41.5909108066
43.2025533525
44.4671833135
45.3093144528
45.6731572361
45.5315289891
44.8911614781
43.7880555366
42.2882317914
40.4736958700
38.4333544506
36.2538236138
34.0124907407
31.7733976590
29.5863120223
27.4869161242
25.4989478622
23.6361291657
21.9046013271
20.3047987618
18.8349827291
17.4859911468
16.2521703134
15.1253902297
14.0972619378
13.1591994407
12.3040780054
11.5240547368
10.8122877619
10.1624412107
9.5687851199
9.0261316105
8.5298106663
8.0756097136
7.6597491353
7.2788829278
6.9300251356
6.6105075607
6.3179423310
6.0502264552
5.8059672482
5.5825935481
5.3791653937
5.1944250351
5.0272864889
4.8767421659
4.7421935552
4.6229096981
4.5184008541
4.4282604671
4.3522442438
4.2902128666
4.2421163312
4.2080583030
4.1882537884
4.1830362989
4.1928406520
4.2182368222
4.2598784341
4.3185736435
4.3952447809
4.4906005382
4.6057176762
4.7415142018
4.8988608540
5.0784587178
5.2803720536
5.5043784011
5.7494102994
6.0133712912
6.2926915964
6.5821231303
6.8744836555
7.1606871397
7.4297405105
7.6693918263
7.8669680835
8.0107473167
8.0911144165
8.1021964506
8.0422539445
7.9160209878
