# $W_{\text{p}}/W$ = 0.50, $h/W$ = 0.40, $d/W$ = 0.20, x/W = 0.0, $E_{\rm e}$ = 200 keV
1.0427188954
1.0638231974
1.0856530876
1.1082520082
1.1316556049
1.1558984391
1.1810164133
1.2070595926
1.2341867853
1.2622097986
1.2913065507
1.3215220546
1.3529249788
1.3855744090
1.4195280180
1.4548658622
1.4916600399
1.5299899780
1.5699419462
1.6116249739
1.6551128842
1.7005246110
1.7479835285
1.7975966630
1.8495012428
1.9038423773
1.9608493522
2.0205298513
2.0831510828
2.1488979152
2.2179839488
2.2906429241
2.3670945337
2.4476378139
2.5325401379
2.6221278876
2.7167582548
2.8167828374
2.9226262419
3.0347415630
3.1536196446
3.2797966016
3.4138685482
3.5564585684
3.7083210568
3.8702315981
4.0430706020
4.2278004909
4.4255038384
4.6373104580
4.8645505505
5.1086644733
5.3712705045
5.6541484673
5.9592747736
6.2888404595
6.6452936351
7.0313281617
7.4499187670
7.9043812426
8.3983542356
8.9358118917
9.5207525561
10.1584922321
10.8537210975
11.6116649628
12.4379334381
13.3373937023
14.3151694976
15.3755229152
16.5213673647
17.7535870394
19.0699227292
20.4638969115
21.9233809774
23.4289239749
24.9524559649
26.4563347453
27.8932443121
29.2076518599
30.3395526584
31.2277523487
31.8192358197
32.0748196804
31.9754102285
31.5257330156
30.7510688222
29.6977812810
28.4234615592
26.9905484786
25.4598718301
23.8857806554
22.3132533430
20.7772412005
19.3028058078
17.9066188652
16.5983185038
15.3822176659
14.2586227258
13.2263119538
12.2788529511
11.4122745348
10.6208668403
9.8987390503
9.2398602427
8.6392274789
8.0913326123
7.5913698679
7.1348895888
6.7178672278
6.3366590418
5.9879848228
5.6688855926
5.3767064231
5.1090967040
4.8639588103
4.6394181012
4.4337966587
4.2456166336
4.0738988126
3.9168363451
3.7737676893
3.6438079995
3.5261928425
3.4202123329
3.3254447572
3.2413739157
3.1676531375
3.1039938807
3.0502211449
3.0062333450
2.9719911163
2.9475625352
2.9330934736
2.9288124360
2.9350186679
2.9521058343
2.9805257958
3.0208386832
3.0736868542
3.1395559754
3.2191969431
3.3132477861
3.4223144050
3.5468845501
3.6870047144
3.8425211679
4.0126930488
4.1960642383
4.3901529641
4.5913092585
4.7945364888
4.9935126918
5.1805866721
5.3472295685
5.4846169739
5.5845849393
5.6404326550
5.6480646022
5.6062600600
5.5183042380
