# $W_{\text{p}}/W$ = 0.50, $h/W$ = 0.40, $d/W$ = 0.20, x/W = 0.0, $E_{\rm e}$ = 200 keV
2.0702368563
2.1121265167
2.1554561480
2.2003120381
2.2467648587
2.2948832550
2.3447384132
2.3964297413
2.4502731471
2.5058935805
2.5636449361
2.6236165031
2.6859446612
2.7507465970
2.8181366678
2.8882739168
2.9613013054
3.0373764723
3.1166706175
3.1994002361
3.2857116010
3.3758409001
3.4700329280
3.5685000248
3.6715145882
3.7793645131
3.8925054121
4.0109513958
4.1352333096
4.2657179605
4.4028292665
4.5470311935
4.6987594359
4.8586077243
5.0271063856
5.2049032043
5.3927070954
5.5912156332
5.8012714587
6.0237738372
6.2596966385
6.5101038212
6.7761783614
7.0591568184
7.3605358786
7.6818547983
8.0248607664
8.3914635103
8.7838113787
9.2041463312
9.6551080678
10.1395547602
10.6606977546
11.2220689250
11.8275902800
12.4816096589
13.1889850277
13.9550620873
14.7857437481
15.6876098229
16.6678807090
17.7344428379
18.8952295827
20.1607904115
21.5404324747
23.0445248234
24.6841989621
26.4691135139
28.4094352533
30.5136202337
32.7874494490
35.2326771321
37.8448181772
40.6110177129
43.5072070228
46.4947853392
49.5180504259
52.5023040440
55.3536522128
57.9618966953
60.2079634444
61.9704230558
63.1440745256
63.6511663236
63.4538140962
62.5613984724
61.0240903560
58.9338973478
56.4051049447
53.5616166988
50.5241437378
47.4005359897
44.2800454177
41.2320298656
38.3062184200
35.5356933823
32.9395787239
30.5264331412
28.2968626536
26.2484437994
24.3684089526
22.6488786254
21.0785224653
19.6456496535
18.3382939624
17.1465264511
16.0594169260
15.0674299534
14.1617356367
13.3343482976
12.5780377733
11.8862955391
11.2532505645
10.6736351965
10.1427859846
9.6565413124
9.2111823200
8.8033807497
8.4302053632
8.0897147324
7.7783250627
7.4947257294
7.2371631692
7.0041230965
6.7942002405
6.6065598479
6.4401818934
6.2943825796
6.1685939012
6.0624737942
5.9758263475
5.9085798847
5.8608766636
5.8330139243
5.8254537819
5.8387993454
5.8738418487
5.9314888456
6.0128631294
6.1192475686
6.2516241807
6.4114910925
6.6001245413
6.8187353902
7.0682985334
7.3489041651
7.6602434287
8.0008327988
8.3677581707
8.7560564047
9.1584303191
9.5648926985
9.9628086087
10.3368901132
10.6700978831
10.9448058594
11.1447098940
11.2564343032
11.2718079469
11.1884070546
11.0128107153
