# $W_{\text{p}}/W$ = 0.50, $h/W$ = 0.40, $d/W$ = 0.20, x/W = 0.0, $E_{\rm e}$ = 200 keV
1.9144406416
1.9531755302
1.9932418932
2.0347195328
2.0776737812
2.1221681232
2.1682683680
2.2160664442
2.2658546124
2.3172857532
2.3706872648
2.4261417001
2.4837751846
2.5436960603
2.6060100476
2.6708642413
2.7383908057
2.8087355046
2.8820566371
2.9585544113
3.0383640302
3.1217039187
3.2088004169
3.2998498534
3.3951041144
3.4948293855
3.5994470724
3.7089699846
3.8238890866
3.9445435319
4.0713253015
4.2046634227
4.3449606999
4.4927661859
4.6485701890
4.8129716982
4.9866262244
5.1701787421
5.3644083997
5.5701467213
5.7882941498
6.0198344800
6.2658615458
6.5275187391
6.8061898822
7.1032982674
7.4204594329
7.7594391618
8.1222239162
8.5108866867
8.9278682487
9.3758113587
9.8576853548
10.3767559374
10.9366495457
11.5413863427
12.1954581716
12.9038078672
13.6718934516
14.5057988554
15.4122002993
16.3983899003
17.4717029538
18.6418939730
19.9175686879
21.3083144911
22.8244239435
24.4748278082
26.2689265010
28.2145384618
30.3170089343
32.5779598725
34.9932437774
37.5509743730
40.2288966800
42.9913185098
45.7867354470
48.5460784958
51.1825297609
53.5941960672
55.6709769749
57.3005953085
58.3857787549
58.8546361849
58.6721393967
57.8469627468
56.4254969003
54.4928162675
52.1545938090
49.5253953574
46.7168350229
43.8286348034
40.9433197328
38.1250207564
35.4197185908
32.8580021520
30.4575537723
28.2262871611
26.1647622593
24.2707384400
22.5324096174
20.9424903172
19.4905041365
18.1656410827
16.9568370562
15.8549111565
14.8497569553
13.9325578745
13.0951494632
12.3301479978
11.6308683006
10.9912924977
10.4059921752
9.8700968291
9.3792946890
8.9297379596
8.5179882902
8.1409685425
7.7959686779
7.4811939393
7.1933309759
6.9311683817
6.6930852323
6.4776819172
6.2836597859
6.1102474319
5.9565026043
5.8217939021
5.7055970823
5.6075969468
5.5276135341
5.4655819138
5.4216351194
5.3960496131
5.3892544942
5.4018093588
5.4344479090
5.4880115747
5.5635408860
5.6622237375
5.7849719524
5.9331724350
6.1080073578
6.3105981078
6.5418475707
6.8018387118
7.0902851584
7.4058123982
7.7457208081
8.1054132846
8.4781312668
8.8546251901
9.2231936076
9.5696788183
9.8783016818
10.1327404934
10.3178981957
10.4213907210
10.4356535425
10.3584452653
10.1958616717
