# EELS for $h = 0.2$ $\mu$m, $\epsilon_2 = \epsilon_{Si}(\omega)$, $v = 0.70c$, $\beta$ = 0.70. Re(EELS) from paper 149 Eq. 25 divided by L0 in Gaussian units (1/microns), integrated over k_par, trajectory, and eV
0.0695197026
0.4242725646
3.4266868220
5.2842727924
8.8012684515
9.5454737441
9.7655736066
13.9583542305
19.0420761474
19.4900687037
19.7617844878
20.1003652488
21.1357814003
23.7410461863
24.6982779031
25.2906188852
29.6949910176
30.3607601406
30.6242695470
31.2868903583
32.1666025196
32.5589098912
34.7110638044
36.9017243236
38.1281966118
38.7159959790
39.6755734910
41.4616727368
42.4181820769
43.5538943509
44.6412422788
45.6928948371
46.7443256859
47.6900222217
48.6290109518
49.5572269400
50.5539790841
51.6025775278
52.5922847566
53.5129452235
54.4436454165
55.3089683909
56.0871717711
56.7984486936
57.4959532460
58.2153403675
59.0071380179
59.9103676398
60.9871976900
62.0767679476
63.3373422539
64.6895578107
66.0831576733
67.4690102567
68.8543932970
70.2879827673
71.7980205232
73.3887172688
75.0547388506
76.7949395334
78.5826216199
80.3803686069
82.1881387714
84.0059296971
85.8337365065
87.6715520701
89.5193671970
91.3771708118
93.2449501148
95.1226907306
97.0103768443
98.9079913261
100.8155158470
102.7329309843
104.6602163194
106.5973505277
108.5443114614
110.5010762258
112.4676212500
114.5429930625
116.4299547980
118.4256933594
120.5316369583
122.5471923601
124.5723743790
126.5051895886
128.5490663167
130.7054112875
132.7688296901
134.8417385455
136.8197671701
138.9111023314
141.1171292148
143.2277207317
145.3476626662
147.3702426326
149.6154849143
151.7633087440
153.9203700538
156.0866406209
